10 45 8
1 1 1 1 1 1 1 1 1 -1 1 1 1 1 1 1 1 1 1 1 1 1 1 1 1 1 1 1 1 1 -1 -1 -1 1 1 -1 -1 1 -1 -1 1 1 -1 -1 -1 
36 39 42
31 39 35
37 43 38
44 40 42
44 33 35
43 40 41
43 33 34
39 45 38
1 1 1 1 1 1 1 1 1 1 
1 1 -1 1 1 1 1 1 1 1 
1 -1 1 1 1 1 1 1 1 1 
1 1 1 1 1 1 1 1 1 1 
1 1 1 1 1 -1 -1 -1 1 1 
1 1 1 1 -1 1 -1 -1 1 -1 
1 1 1 1 -1 -1 1 -1 1 1 
1 1 1 1 -1 -1 -1 1 -1 -1 
1 1 1 1 1 1 1 -1 1 -1 
1 1 1 1 1 -1 1 -1 -1 1 

0 1 2 3 4 5 6 7 8 9 
1 0 10 11 12 13 14 15 16 17 
2 10 0 18 19 20 21 22 23 24 
3 11 18 0 25 26 27 28 29 30 
4 12 19 25 0 31 32 33 34 35 
5 13 20 26 31 0 36 37 38 39 
6 14 21 27 32 36 0 40 41 42 
7 15 22 28 33 37 40 0 43 44 
8 16 23 29 34 38 41 43 0 45 
9 17 24 30 35 39 42 44 45 0 
