190 81
1 1 1 1 1 0 0 0 0 0 0 0 0 0 0 1 0 0 0 1 1 1 1 0 0 0 0 0 0 0 0 0 0 0 0 0 0 1 1 1 0 0 0 0 0 0 0 0 0 1 0 0 0 0 1 1 0 0 0 0 0 0 0 0 0 1 0 0 1 0 1 0 0 1 0 0 0 0 0 0 0 1 0 0 1 0 0 0 0 0 0 0 0 0 0 0 0 0 0 1 1 1 1 0 0 0 0 0 0 0 0 0 1 1 1 0 0 0 0 0 0 0 0 0 1 1 0 0 0 0 0 0 0 0 0 1 0 0 0 0 0 0 0 0 0 0 0 0 0 0 0 0 0 0 1 1 1 1 1 1 1 1 1 1 1 1 1 1 1 1 1 1 1 1 1 1 1 1 1 1 1 1 1 1 1 1 1 1 1 1 2 16 51
16 5 96
16 1 34
16 3 67
2 50 15
40 50 95
50 20 33
50 39 81
69 55 84
69 3 18
69 56 98
69 38 53
69 21 36
55 66 81
3 66 15
66 56 95
66 21 33
74 71 88
74 22 26
74 4 8
74 55 59
74 82 132
74 39 43
74 85 135
71 82 96
71 85 99
22 82 34
22 85 37
4 85 19
55 82 67
55 85 70
82 39 51
39 85 54
74 113 73
74 126 76
74 125 75
74 101 72
176 50 49
176 66 65
158 50 46
158 66 62
181 50 51
181 66 67
165 50 47
165 66 63
50 182 52
50 183 53
50 171 48
50 184 54
182 66 68
66 171 64
66 184 70
172 16 13
172 82 79
16 187 19
16 166 12
16 181 15
16 159 11
16 186 18
16 177 14
16 185 17
166 82 78
181 82 81
159 82 77
186 82 84
82 177 80
82 185 83
188 69 68
179 69 65
69 186 67
69 174 64
69 168 63
69 190 70
69 161 62
180 85 80
162 85 77
169 85 78
189 85 83
175 85 79
190 85 84
85 184 81
