190 259
1 1 1 1 1 1 1 1 0 1 1 1 0 1 1 0 0 1 1 0 0 0 0 1 0 1 0 0 1 0 0 0 0 0 0 1 0 1 0 0 0 0 0 0 1 1 1 1 1 1 0 0 0 0 1 1 1 1 0 0 1 0 1 1 0 1 0 0 1 0 1 0 1 0 0 0 0 1 0 0 1 0 0 1 1 1 1 0 0 1 1 0 0 1 1 0 0 0 0 1 0 0 0 1 0 0 1 0 0 0 0 1 0 0 1 0 0 0 0 0 0 0 0 0 1 1 0 0 0 0 0 0 1 0 0 0 0 0 0 0 0 0 0 0 0 1 0 0 0 1 1 0 0 0 0 1 1 0 0 0 0 0 1 1 1 1 0 0 0 1 1 1 0 0 0 1 1 0 0 1 1 0 0 0 1 0 1 0 0 0 2 5 40
2 19 54
2 1 20
2 4 39
2 18 53
2 8 43
2 7 42
2 6 41
14 10 149
14 1 32
14 4 80
14 3 65
14 18 179
14 8 130
14 7 119
5 19 99
5 1 23
5 12 92
5 18 98
5 8 88
10 19 154
10 1 28
10 4 76
10 12 147
10 18 153
10 6 103
19 1 37
19 15 184
19 12 169
19 3 70
19 18 190
19 8 135
19 11 162
19 7 124
1 15 33
1 4 22
1 12 30
1 3 21
1 7 25
15 18 183
15 8 131
15 11 158
15 7 120
15 6 108
4 8 74
4 11 77
4 6 72
12 18 168
12 8 128
12 11 155
12 7 117
12 6 105
3 8 59
3 11 62
18 8 134
18 11 161
18 7 123
18 6 111
8 11 127
8 7 113
8 6 101
11 7 116
29 36 161
29 26 127
36 26 134
36 24 111
26 24 101
49 45 149
49 38 65
2 48 13
45 48 148
45 47 147
50 46 158
47 46 155
46 38 62
57 69 111
57 63 105
57 55 72
57 64 106
57 66 108
57 61 103
57 38 41
58 69 123
58 63 117
58 64 118
58 66 120
58 38 42
69 63 168
69 64 174
69 66 183
69 61 153
69 56 98
69 38 53
63 61 147
63 56 92
55 64 79
55 61 76
55 38 39
64 3 13
64 61 148
64 56 93
56 38 40
71 78 92
71 84 98
71 85 99
78 84 168
78 73 117
78 85 169
84 73 123
84 81 183
84 85 190
73 81 120
73 85 124
55 85 70
81 85 184
71 86 72
71 94 80
71 90 76
71 91 77
86 90 103
86 95 108
94 90 149
94 56 65
94 87 119
91 56 62
91 87 116
91 95 158
87 95 120
57 104 62
57 112 70
57 107 65
57 24 21
104 112 162
104 100 116
112 86 99
112 24 37
112 100 124
86 24 23
107 24 32
107 100 119
24 100 25
73 115 76
73 100 72
115 100 103
133 26 35
133 126 152
133 125 143
133 8 17
26 126 28
26 125 27
126 125 136
125 8 9
150 126 131
150 115 120
150 146 158
45 126 43
45 90 40
45 115 42
45 151 51
10 151 16
126 90 88
126 115 113
126 146 127
126 61 59
126 151 132
90 151 96
115 146 116
115 151 121
146 61 62
146 151 159
61 151 67
104 156 106
104 146 103
104 46 41
29 156 31
29 91 23
29 146 28
29 157 32
29 46 20
156 91 93
156 146 148
156 11 13
91 46 40
146 157 149
78 166 82
78 47 39
78 164 80
78 163 79
166 63 67
166 47 51
166 12 16
63 164 65
12 163 13
172 48 51
172 156 159
172 64 67
156 64 62
156 163 155
156 171 158
64 170 65
49 180 54
49 107 41
49 94 40
49 177 51
180 176 184
180 94 99
180 164 169
180 170 175
180 157 162
14 170 13
14 177 16
176 107 108
176 157 158
107 164 105
107 170 106
107 177 109
94 164 92
94 170 93
94 177 96
164 157 155
177 157 159
150 176 149
150 165 147
150 81 76
150 171 148
176 66 65
176 81 80
181 15 16
181 50 51
181 66 67
181 81 82
181 95 96
15 171 13
165 95 92
50 81 39
50 95 40
81 171 79
171 95 93
172 185 173
172 187 175
172 151 148
185 166 167
185 187 189
185 181 182
185 177 178
185 151 152
166 187 169
166 151 147
187 181 184
187 151 154
177 151 149
185 133 132
84 36 22
36 69 21
180 85 80
187 19 16
187 112 109
187 85 82
112 85 72
