190 242
1 1 0 1 1 1 1 0 0 0 1 1 0 0 0 0 0 0 0 0 1 0 1 0 0 1 1 0 0 1 0 0 0 1 0 0 0 1 1 0 1 1 0 0 0 1 1 0 0 0 0 0 0 0 0 1 0 0 0 0 1 1 1 1 0 0 0 0 0 0 1 1 1 0 0 1 1 1 1 0 0 0 1 0 1 1 1 0 0 1 1 1 1 1 0 1 1 0 0 1 0 0 1 1 1 0 0 1 0 1 0 1 0 0 1 1 1 1 0 0 0 0 0 1 1 0 0 0 1 0 0 0 0 0 0 0 0 0 1 0 0 0 0 0 0 1 1 1 0 0 0 0 0 0 1 1 0 0 0 0 0 0 1 0 1 1 0 0 1 0 0 0 1 0 0 1 0 0 0 0 0 1 0 0 1 1 1 1 1 0 2 5 40
2 1 20
1 4 22
1 11 29
1 7 25
1 6 24
1 26 8
1 27 9
1 34 16
1 21 3
26 30 128
26 23 88
26 34 132
26 21 59
30 27 138
23 27 89
27 34 142
27 21 60
34 21 67
2 38 3
41 38 57
39 38 55
42 38 58
62 21 29
64 38 48
64 21 31
61 38 45
61 21 28
56 38 40
38 21 20
71 39 40
71 85 99
78 83 167
73 83 122
77 83 160
77 85 162
83 4 17
83 76 152
83 39 52
4 76 10
4 79 13
4 85 19
76 39 45
76 85 154
39 79 48
39 85 54
72 79 106
79 85 175
71 96 82
71 94 80
71 23 22
71 56 55
5 96 16
5 93 13
5 94 14
5 97 17
5 90 10
5 56 3
96 93 172
96 86 109
96 94 177
96 90 151
96 91 159
96 56 67
96 87 121
93 86 106
93 94 170
93 23 31
86 94 107
86 23 24
86 56 57
94 23 32
94 97 178
94 90 149
94 91 157
94 56 65
94 87 119
94 92 164
23 97 35
23 90 28
23 91 29
23 87 25
97 90 152
97 91 160
97 56 68
97 87 122
97 92 167
56 87 58
104 108 158
104 112 162
104 110 160
108 41 50
108 103 150
108 112 184
108 86 95
108 100 120
108 72 81
108 6 15
41 103 45
41 112 54
41 86 40
41 110 52
103 112 154
103 110 152
103 6 10
112 86 99
112 6 19
110 100 122
110 105 167
110 6 17
118 124 175
118 100 106
118 42 48
118 7 13
124 115 154
124 87 99
124 116 162
124 42 54
124 7 19
115 42 45
115 7 10
87 42 40
26 129 31
27 139 31
148 103 106
103 61 57
76 61 55
115 61 58
104 62 57
104 156 106
62 77 55
62 11 3
62 116 58
156 46 48
156 11 13
91 46 40
146 46 45
146 11 10
117 166 121
117 165 120
117 63 58
117 30 25
78 166 82
78 165 81
78 63 55
78 30 22
166 155 159
166 165 181
166 63 67
166 147 151
166 47 51
166 12 16
166 163 172
166 105 109
155 165 158
155 30 29
155 169 162
165 63 66
165 30 33
165 169 184
165 147 150
165 47 50
165 12 15
165 163 171
165 92 95
63 169 70
63 12 3
63 105 57
30 169 37
30 147 28
30 47 20
30 163 31
30 105 24
169 147 154
169 47 54
169 12 19
169 163 175
169 92 99
147 47 45
147 12 10
47 163 48
47 92 40
12 163 13
163 105 106
148 173 152
148 129 126
148 139 136
93 129 88
93 139 89
118 173 122
118 129 113
118 64 58
118 139 114
173 129 133
173 156 160
173 64 68
173 163 167
173 139 143
129 156 127
129 64 59
129 163 128
129 79 74
156 139 137
64 79 55
64 139 60
163 139 138
79 139 75
176 94 95
176 108 107
176 165 164
176 182 178
165 182 167
187 96 99
187 186 190
187 34 37
166 186 168
166 185 167
96 186 98
186 34 36
34 185 35
188 173 174
188 83 84
188 182 183
188 189 190
188 97 98
188 110 111
173 182 171
173 189 175
173 110 106
173 185 172
83 182 81
83 185 82
182 189 184
182 97 95
182 185 181
189 97 99
110 185 109
187 112 109
187 124 121
187 85 82
124 189 122
169 189 167
