190 313
1 1 1 1 1 1 1 1 1 0 0 1 0 1 0 1 0 0 0 1 1 1 1 1 1 1 0 0 0 0 0 0 1 1 1 0 1 1 1 0 0 1 1 0 0 0 0 0 0 0 1 0 0 0 1 1 0 0 1 1 0 0 0 1 0 0 0 0 0 0 1 0 1 1 0 0 0 0 0 0 0 1 0 1 0 1 1 1 1 0 0 1 1 1 0 0 0 1 0 1 1 1 0 0 1 1 1 1 1 0 0 0 1 1 0 0 1 1 1 0 1 0 1 0 1 0 0 1 0 1 0 1 0 1 0 0 0 1 1 1 1 0 0 1 0 1 1 0 0 0 0 0 0 0 0 0 0 0 0 0 0 0 1 1 1 1 1 1 1 1 0 0 0 1 1 0 1 1 1 1 1 1 1 1 1 1 1 1 1 1 16 5 96
16 9 142
16 3 67
5 2 40
14 4 80
14 2 49
14 3 65
14 1 32
4 9 75
4 6 72
4 12 78
9 2 44
9 1 27
2 6 41
2 12 47
3 6 57
3 12 63
3 7 58
1 12 30
22 35 83
22 24 72
22 37 85
22 33 81
23 34 96
23 35 97
23 37 99
23 20 40
23 33 95
34 21 67
35 24 110
35 25 122
35 20 52
35 21 68
35 1 17
35 26 133
24 37 112
24 20 41
24 21 57
25 37 124
25 21 58
25 33 120
37 20 54
37 21 70
37 1 19
37 26 135
20 33 50
21 33 66
1 33 15
26 33 131
51 38 67
38 42 58
60 55 75
60 38 44
60 21 27
55 64 79
56 38 40
3 64 13
38 64 48
21 64 31
59 64 129
22 84 36
73 55 58
55 82 67
55 84 69
4 84 18
82 71 96
39 71 40
39 84 53
88 93 129
5 93 13
5 98 18
86 56 57
86 71 72
86 98 111
89 23 27
89 71 75
23 92 30
23 93 31
23 94 32
23 98 36
92 56 63
92 71 78
93 71 79
56 94 65
56 87 58
56 98 69
94 71 80
86 109 96
86 108 95
100 108 120
107 24 32
107 108 176
24 106 31
24 105 30
24 102 27
109 106 172
109 102 142
106 6 13
106 108 171
106 101 129
6 108 15
108 101 131
73 119 80
73 100 72
73 117 78
73 114 75
73 118 79
119 25 32
119 42 49
100 123 111
100 42 41
113 118 129
117 25 30
117 42 47
25 123 36
25 114 27
25 118 31
123 42 53
123 7 18
114 121 142
114 42 44
87 121 96
87 42 40
118 121 172
118 42 48
118 7 13
88 43 40
88 132 96
134 43 53
134 8 18
134 59 69
134 26 36
134 101 111
113 59 58
128 43 47
128 74 78
128 59 63
128 26 30
43 130 49
43 125 44
43 101 41
74 130 80
74 125 75
74 101 72
59 130 65
59 132 67
59 101 57
26 130 32
26 125 27
132 125 142
89 141 95
60 138 63
60 144 69
60 140 65
60 114 58
60 141 66
60 102 57
139 9 13
139 141 171
139 125 129
9 144 18
9 141 15
144 102 111
140 141 176
114 141 120
141 125 131
147 146 155
166 138 142
166 92 96
166 147 151
166 163 172
169 138 145
169 92 99
169 128 135
169 117 124
169 147 154
169 105 112
169 12 19
138 147 136
138 167 143
92 165 95
92 147 90
92 167 97
165 128 131
165 117 120
165 147 150
165 164 176
165 12 15
165 163 171
168 147 153
168 105 111
168 12 18
128 147 126
128 167 133
128 163 129
117 147 115
117 167 122
147 164 149
147 105 103
147 167 152
147 12 10
147 163 148
105 167 110
167 12 17
167 163 173
12 163 13
170 64 65
139 175 145
93 175 99
174 106 111
174 64 69
106 64 57
106 175 112
118 64 58
118 175 124
64 175 70
64 163 63
180 119 124
180 14 19
180 107 112
180 140 145
180 94 99
180 130 135
119 178 122
170 14 13
170 130 129
170 178 173
170 177 172
14 179 18
14 178 17
107 179 111
107 178 110
140 178 143
140 177 142
94 178 97
94 177 96
130 178 133
183 108 111
183 33 36
165 33 30
184 141 145
184 108 112
181 141 142
141 182 143
141 33 27
108 182 110
16 187 19
16 185 17
16 181 15
16 186 18
187 51 54
187 82 85
187 109 112
187 132 135
187 121 124
166 34 30
166 51 47
166 82 78
34 186 36
34 177 32
185 51 52
185 82 83
185 109 110
185 132 133
185 121 122
51 109 41
51 181 50
51 186 53
51 177 49
82 109 72
82 181 81
82 177 80
109 186 111
181 132 131
181 121 120
181 177 176
188 35 36
35 167 30
35 178 32
178 182 176
188 134 133
188 174 173
188 144 143
188 123 122
188 84 83
188 98 97
183 134 131
183 174 171
183 123 120
183 179 176
183 84 81
183 98 95
134 174 129
134 190 135
174 84 79
174 186 172
144 84 75
144 186 142
144 190 145
168 84 78
123 190 124
179 84 80
84 190 85
186 98 96
190 98 99
180 184 176
180 37 32
187 175 172
169 37 30
189 175 173
184 175 171
37 175 31
37 190 36
