435 838
1 1 1 0 1 0 0 0 0 0 0 1 1 1 0 0 0 0 0 0 1 1 0 0 1 1 0 0 0 1 1 0 1 0 0 0 0 0 0 1 1 1 0 0 0 0 0 0 1 1 0 0 0 1 0 0 0 1 0 1 0 0 0 0 0 0 1 1 1 0 0 0 0 0 0 1 1 0 0 0 0 0 0 1 0 1 0 0 0 0 0 0 1 1 1 0 1 0 1 1 0 0 1 0 1 1 1 0 0 0 0 0 0 1 1 0 1 0 0 0 0 0 0 0 0 0 0 0 0 0 1 0 0 0 0 1 0 1 0 1 0 1 1 1 0 1 1 1 0 1 1 1 0 0 0 0 1 0 1 1 1 0 1 0 0 0 0 0 1 1 1 1 1 0 0 0 1 0 0 0 0 0 1 1 1 1 0 1 0 0 0 0 0 0 0 1 1 0 0 0 0 1 0 0 1 1 1 0 0 0 0 0 0 0 1 1 0 0 1 0 0 0 0 0 1 1 1 0 0 1 0 0 1 0 1 1 0 0 0 0 0 0 0 0 0 1 0 0 1 1 1 1 1 1 1 0 0 1 1 0 1 0 0 1 1 0 0 1 1 1 1 1 0 0 0 1 0 0 0 0 0 0 1 1 0 0 0 1 0 0 1 1 0 0 0 1 0 0 0 1 0 0 0 0 0 0 0 1 0 0 0 1 0 0 0 1 1 0 1 1 0 1 1 1 1 0 1 0 0 0 1 1 1 0 0 0 0 0 0 0 1 0 0 0 1 1 1 1 0 0 1 1 1 1 0 0 1 1 1 1 0 0 1 1 1 0 1 0 0 1 1 0 0 1 1 1 0 1 0 1 1 0 0 1 1 1 0 0 0 0 0 0 0 1 1 0 0 0 0 1 0 0 0 0 0 1 1 0 0 0 0 1 1 1 1 1 1 0 0 0 1 1 0 0 0 1 0 0 0 0 0 0 1 1 1 5 25 155
5 26 156
25 14 326
25 2 80
25 13 311
25 22 410
25 1 53
25 12 295
25 21 403
2 26 81
13 21 307
22 26 411
3 21 102
21 26 404
49 54 404
49 41 307
49 31 102
54 33 156
54 50 411
54 30 81
76 58 102
76 68 307
69 84 330
2 84 29
30 84 57
58 84 110
68 84 315
67 84 299
99 107 377
99 3 18
99 58 73
99 31 46
99 103 373
99 94 304
95 106 326
106 86 155
106 93 295
106 58 80
106 31 53
106 103 410
106 94 311
86 107 156
86 105 154
86 100 149
97 93 286
97 3 16
97 58 71
97 31 44
97 103 350
97 94 302
107 58 81
107 103 411
107 100 387
93 105 294
93 100 289
3 105 24
3 100 19
58 105 79
58 100 74
31 105 52
31 100 47
103 105 409
103 100 383
94 105 310
94 100 305
115 131 241
131 114 221
131 117 278
138 157 223
138 5 8
138 33 36
138 152 218
138 142 208
138 143 209
138 60 63
138 86 89
138 146 212
138 144 210
138 147 213
138 151 217
138 148 214
157 5 27
157 136 180
157 33 55
157 142 297
157 143 313
157 60 82
157 140 262
157 86 108
157 146 355
157 144 328
157 150 397
157 151 405
5 136 6
5 140 10
5 159 29
5 146 16
5 147 17
5 150 20
5 148 18
136 33 34
136 152 175
136 142 165
136 143 166
136 60 61
136 159 182
136 86 87
136 144 167
136 151 174
33 140 38
33 159 57
33 146 44
33 147 45
33 150 48
33 148 46
152 140 257
152 146 350
152 147 362
152 150 392
152 148 373
142 140 247
142 159 299
142 146 286
142 147 287
142 150 290
143 140 248
143 159 315
143 146 302
143 147 303
143 150 306
143 151 307
143 148 304
60 140 65
60 146 71
60 147 72
60 150 75
60 148 73
140 86 91
140 151 256
159 86 110
159 144 330
159 147 369
159 150 399
86 147 98
86 150 101
86 151 102
146 151 349
144 147 318
144 150 321
147 151 361
150 151 391
151 148 372
177 136 154
177 160 199
177 161 220
136 160 137
136 172 149
171 160 193
171 161 214
160 173 195
160 170 192
160 169 191
160 172 194
170 161 213
169 161 212
186 160 164
186 202 280
186 196 274
186 197 275
186 188 266
160 202 180
160 196 174
160 184 162
160 197 175
160 188 166
183 202 223
183 196 217
183 197 218
183 188 209
202 196 405
202 184 243
202 188 313
202 185 262
196 184 237
196 188 307
196 185 256
184 197 238
184 188 229
197 185 257
188 185 248
138 183 137
138 215 149
138 219 153
138 207 141
138 114 111
138 205 139
216 225 399
216 183 195
216 219 393
216 207 273
216 114 126
225 183 204
225 215 390
225 219 420
225 207 282
225 114 135
225 205 245
225 161 182
183 215 194
183 219 198
183 114 113
215 114 125
206 114 116
219 114 129
219 205 239
219 161 176
207 161 164
114 161 112
205 161 162
233 115 123
233 230 318
233 184 192
233 205 213
115 235 125
115 230 120
115 184 113
115 226 116
115 236 126
235 184 194
230 184 189
230 236 321
230 227 267
230 205 210
184 236 195
236 227 273
261 255 396
261 140 156
261 254 387
261 163 179
261 253 377
261 206 222
261 264 432
261 226 242
261 252 366
261 185 201
261 246 279
255 249 321
255 250 335
255 264 399
255 258 393
255 185 195
255 246 273
249 163 167
249 206 210
249 264 330
249 252 318
249 185 189
249 246 267
250 140 145
250 254 334
250 259 339
250 163 168
250 206 211
250 264 344
250 226 231
250 258 338
250 185 190
140 254 149
140 259 154
140 226 139
140 258 153
140 185 137
140 246 141
254 264 390
254 185 194
259 206 220
259 264 425
259 226 240
259 185 199
259 246 277
163 264 182
163 226 162
163 258 176
163 246 164
253 206 214
253 226 234
253 185 193
206 252 213
206 251 212
264 226 245
264 258 420
264 252 369
264 185 204
264 246 282
226 258 239
226 251 232
258 185 198
252 185 192
185 251 191
269 186 191
269 265 286
269 207 212
269 117 122
269 227 232
186 265 187
186 276 198
186 270 192
186 272 194
186 271 193
186 268 190
186 117 113
265 276 293
265 270 287
265 272 289
265 207 208
265 268 285
265 117 118
265 227 228
265 246 247
276 268 338
276 117 129
276 227 239
270 207 213
270 117 123
272 268 334
272 117 125
271 207 214
271 117 124
271 227 234
207 268 211
268 117 121
268 227 231
117 246 116
292 265 275
292 288 373
292 296 411
142 265 141
142 296 156
265 291 274
265 93 92
265 40 39
265 284 267
265 67 66
265 12 11
265 283 266
265 296 279
288 291 372
288 40 46
288 67 73
288 12 18
288 283 304
288 296 377
291 93 102
291 283 307
291 296 404
67 296 81
300 188 189
143 188 137
143 312 156
13 188 7
308 312 411
41 188 35
68 188 62
68 312 81
188 312 201
188 94 88
188 283 187
327 320 387
327 323 411
327 69 81
327 230 242
327 319 377
327 144 156
327 322 404
320 300 305
320 316 334
320 14 19
320 323 383
320 69 74
320 144 149
320 322 382
320 284 289
320 42 47
300 249 248
300 316 301
300 325 310
300 230 229
300 319 304
300 322 307
300 324 309
300 317 302
95 249 91
95 316 96
95 230 90
95 322 102
95 324 104
249 14 10
249 323 257
249 69 65
249 322 256
249 284 247
249 42 38
316 14 15
316 323 337
316 325 339
316 69 70
316 230 231
316 144 145
316 322 336
316 284 285
316 324 338
316 42 43
14 325 24
14 230 9
14 319 18
14 324 23
14 317 16
323 325 409
323 230 238
323 319 373
323 324 408
323 317 350
325 69 79
325 230 240
325 144 154
325 322 402
325 284 294
325 42 52
69 230 64
69 319 73
69 324 78
69 317 71
230 319 234
230 144 139
230 322 237
230 284 228
230 324 239
230 317 232
230 42 37
319 322 372
319 42 46
144 324 153
322 324 401
322 317 349
284 324 293
284 317 286
324 42 51
317 42 44
333 341 377
316 268 267
316 332 318
341 268 279
341 332 366
347 354 387
347 146 149
347 331 334
347 357 390
352 269 277
352 146 154
352 331 339
352 357 425
269 354 279
269 97 92
269 169 164
269 146 141
269 348 273
269 353 278
269 317 267
269 357 282
345 354 366
345 97 98
345 317 318
345 357 369
351 97 104
351 169 176
351 146 153
351 331 338
351 348 393
351 357 420
354 169 179
354 146 156
354 348 396
354 346 377
354 357 432
97 169 87
97 331 96
97 348 101
97 251 91
97 357 110
169 331 168
169 353 178
169 317 167
169 357 182
146 331 145
146 353 155
331 348 335
331 353 340
331 357 344
348 317 321
348 357 399
353 317 326
353 251 260
353 357 429
317 357 330
358 233 234
233 345 232
233 364 240
233 365 241
233 170 162
233 147 139
233 367 243
233 332 231
233 363 239
359 147 149
359 367 388
359 332 334
345 367 355
364 270 277
364 147 154
364 367 423
364 332 339
365 170 178
365 270 278
365 147 155
365 367 427
365 252 260
365 332 340
170 270 164
170 367 180
170 332 168
170 363 176
270 360 273
270 147 141
270 367 280
360 367 397
360 332 335
360 363 393
147 332 145
147 363 153
367 252 262
367 332 342
367 363 418
332 363 338
358 99 98
358 288 287
358 319 318
358 380 369
99 171 87
99 374 104
99 333 96
99 378 108
99 253 91
99 371 101
99 271 92
99 380 110
171 374 176
171 333 168
171 378 180
171 288 165
171 319 167
171 271 164
171 376 178
171 380 182
374 333 338
374 378 418
374 288 293
374 371 393
374 148 153
374 380 420
333 378 342
333 288 285
333 371 335
333 376 340
333 375 339
333 370 334
333 148 145
333 380 344
378 288 297
378 319 328
378 253 262
378 371 397
378 271 280
378 376 427
378 375 423
378 346 355
378 370 388
288 253 247
288 371 290
288 376 295
288 375 294
288 346 286
288 370 289
288 380 299
319 371 321
319 271 267
319 376 326
319 380 330
253 376 260
371 271 273
371 380 399
271 376 278
271 375 277
271 148 141
271 380 282
376 148 155
376 380 429
375 148 154
375 380 425
370 148 149
370 380 390
385 215 220
385 235 240
385 272 277
320 359 318
320 386 326
320 381 321
320 215 210
320 172 167
320 272 267
347 215 212
347 235 232
359 215 213
359 100 98
386 215 221
386 254 260
386 235 241
386 172 178
386 272 278
381 272 273
381 384 393
381 100 101
215 100 89
215 370 214
254 100 91
235 172 162
235 384 239
235 100 90
235 370 234
172 272 164
172 384 176
172 100 87
272 100 92
384 100 104
216 360 213
216 371 214
216 395 221
216 348 212
216 394 220
255 395 260
173 395 178
173 236 162
381 150 149
371 236 234
395 150 155
395 236 241
348 236 232
150 236 139
150 394 154
236 394 240
49 406 56
49 196 35
49 407 57
406 76 83
406 196 203
406 291 298
406 322 329
406 151 158
406 21 28
76 196 62
196 407 204
196 291 187
196 322 189
196 151 137
196 21 7
407 291 299
407 322 330
407 21 29
77 412 82
77 197 62
77 413 83
152 197 137
152 413 158
292 412 297
292 197 187
292 414 299
292 413 298
412 400 405
412 323 328
412 50 55
412 308 313
412 22 27
412 103 108
400 308 307
400 103 102
323 197 189
323 414 330
323 413 329
50 197 35
50 414 57
50 413 56
308 414 315
308 413 314
22 197 7
22 414 29
22 413 28
197 414 204
197 103 88
197 413 203
414 103 110
103 413 109
417 374 377
417 276 279
417 219 222
417 384 387
417 363 366
374 219 214
276 415 277
276 324 267
276 416 278
351 219 212
415 219 220
219 324 210
219 416 221
219 363 213
324 416 326
324 363 318
416 258 260
385 422 387
177 421 178
177 325 167
177 415 176
177 422 179
177 105 87
421 325 326
421 259 260
364 325 318
364 422 366
364 105 98
325 394 321
415 105 104
415 394 393
259 105 91
422 375 377
422 394 396
105 394 101
421 25 24
421 131 130
106 365 98
106 131 85
106 395 101
106 416 104
25 365 17
25 386 19
25 131 4
25 395 20
25 353 16
25 376 18
25 416 23
365 131 123
365 426 366
386 131 125
386 426 387
131 395 126
131 353 122
131 376 124
131 416 129
131 426 132
395 416 393
395 426 396
376 426 377
327 426 326
417 54 51
417 107 104
417 341 338
417 312 309
417 26 23
417 296 293
261 54 38
261 107 91
261 312 248
261 426 260
261 26 10
261 296 247
54 354 44
54 341 43
54 422 52
54 426 53
354 312 302
354 26 16
354 296 286
107 341 96
341 422 339
341 312 301
341 426 340
341 26 15
341 296 285
422 312 310
422 26 24
422 296 294
312 426 311
426 296 295
157 202 137
157 433 158
412 378 373
412 367 362
202 378 193
202 433 203
202 367 192
202 434 204
378 433 379
433 367 368
367 434 369
406 433 405
435 225 224
435 159 158
435 264 263
435 84 83
435 357 356
435 380 379
225 407 217
225 414 218
225 434 223
225 84 63
225 357 212
225 380 214
407 264 256
407 434 405
407 357 349
407 380 372
264 414 257
264 434 262
264 84 65
414 357 350
414 380 373
434 84 82
434 357 355
84 357 71
84 380 73
