30 435 908
-1 -1 -1 -1 -1 -1 -1 -1 -1 -1 -1 1 1 1 1 1 1 -1 1 1 -1 -1 1 1 1 1 1 -1 1 -1 -1 -1 -1 -1 1 1 -1 -1 1 1 1 1 1 1 1 1 1 1 -1 1 1 1 1 1 1 -1 1 -1 1 -1 -1 -1 -1 -1 1 -1 -1 -1 1 1 1 1 1 1 1 1 -1 -1 1 1 1 1 1 -1 1 -1 -1 -1 -1 -1 1 -1 1 -1 1 1 1 1 1 1 1 1 1 1 1 1 1 1 1 1 -1 -1 -1 1 1 -1 1 1 1 -1 -1 -1 -1 -1 1 -1 1 1 1 1 1 1 1 1 1 -1 -1 -1 -1 -1 -1 1 -1 1 1 1 1 1 1 1 -1 1 1 1 -1 1 1 1 -1 -1 -1 -1 -1 -1 1 -1 1 -1 1 1 -1 1 1 -1 -1 1 1 1 1 1 1 1 1 -1 -1 -1 1 1 1 1 -1 1 1 1 -1 -1 -1 1 1 1 1 1 1 1 -1 1 -1 1 1 1 1 1 1 1 1 1 1 1 1 1 1 -1 1 -1 -1 -1 -1 1 -1 1 1 1 1 1 1 1 -1 1 1 1 1 1 1 1 1 1 1 1 1 1 -1 1 1 1 1 -1 1 1 1 1 1 1 1 1 1 -1 1 -1 -1 1 -1 -1 -1 1 -1 -1 1 1 -1 1 -1 -1 -1 1 1 -1 1 -1 1 1 1 1 1 1 1 -1 1 1 -1 -1 -1 1 1 -1 1 1 1 1 1 1 -1 -1 -1 -1 -1 -1 -1 -1 -1 1 1 1 1 1 -1 1 1 1 1 -1 -1 -1 -1 1 -1 1 1 1 1 1 1 1 1 1 -1 -1 1 -1 1 1 -1 1 1 -1 1 1 -1 -1 1 -1 1 1 -1 1 1 1 1 1 1 -1 1 1 1 1 1 1 1 1 1 1 -1 -1 -1 -1 1 -1 -1 1 -1 -1 -1 -1 -1 -1 -1 -1 1 -1 -1 -1 -1 1 1 1 1 1 1 -1 1 -1 -1 1 1 1 -1 -1 -1 1 -1 1 -1 -1 -1 -1 -1 -1 -1 -1 -1 -1 -1 -1 -1 -1 -1 
5 18 148
5 22 152
5 28 158
10 11 246
10 18 253
10 2 65
10 22 257
10 3 91
10 8 206
10 28 263
11 4 117
11 1 39
11 21 274
4 9 115
4 2 59
4 22 128
4 3 85
4 8 114
4 28 134
4 21 127
9 18 234
9 22 238
9 28 244
18 2 73
18 22 373
18 3 99
18 8 214
18 28 379
18 1 46
18 21 372
18 7 193
2 28 83
2 21 76
22 3 103
22 8 218
22 28 413
22 1 50
3 28 109
3 21 102
8 1 36
8 21 217
8 7 183
6 28 181
28 21 406
28 7 203
1 7 35
49 32 127
49 56 406
49 30 76
49 31 102
32 56 134
32 30 59
32 31 85
32 37 115
33 56 158
38 56 263
38 30 65
38 31 91
34 56 181
56 30 83
56 31 109
56 37 244
61 78 176
61 67 165
61 84 182
78 60 153
78 2 23
78 64 239
78 63 219
78 30 51
78 58 104
78 68 309
78 67 293
78 84 420
78 62 198
77 60 152
77 64 238
77 63 218
77 30 50
77 58 103
77 68 308
77 67 292
77 84 414
66 30 39
66 67 265
60 67 142
2 68 13
2 67 12
2 84 29
64 67 228
64 84 245
63 30 36
63 68 209
63 67 208
63 62 183
30 68 41
30 67 40
30 84 57
30 62 35
58 67 93
58 84 110
68 62 188
67 62 187
84 62 204
92 31 39
88 31 35
88 89 183
88 94 188
3 94 13
31 89 36
31 94 41
89 94 209
32 113 35
32 123 45
32 126 48
32 122 44
32 121 43
32 124 46
32 120 42
113 123 192
113 121 190
113 124 193
113 120 189
123 116 252
123 4 17
123 112 170
123 111 147
116 126 255
116 121 250
116 124 253
116 120 249
126 4 20
126 112 173
126 111 150
126 124 371
126 120 321
4 122 16
4 121 15
4 120 14
122 112 169
122 111 146
112 120 167
121 111 145
111 124 148
111 120 144
138 33 36
138 155 221
138 143 209
138 140 206
138 137 183
138 111 114
138 151 217
5 155 25
5 143 13
5 159 29
136 155 178
136 159 182
139 155 241
139 159 245
139 111 115
33 155 53
33 143 41
33 159 57
33 137 35
33 141 39
155 60 80
155 140 260
155 86 106
155 137 200
155 111 131
155 151 403
155 141 278
143 140 248
143 137 188
143 111 119
143 151 307
60 140 65
60 111 59
60 151 76
140 159 264
140 86 91
140 141 246
159 86 110
159 137 204
159 111 135
159 151 407
86 111 85
86 151 102
111 151 127
111 141 117
151 141 274
164 174 274
164 34 39
164 112 117
164 163 246
61 171 73
61 174 76
61 112 59
61 163 65
61 168 70
136 171 148
136 168 145
136 175 152
171 174 372
171 160 193
171 34 46
171 163 253
171 87 99
171 162 234
171 175 373
171 161 214
174 112 127
174 166 307
174 87 102
174 168 336
174 161 217
160 34 35
160 166 188
160 168 190
160 161 183
34 166 41
34 168 43
34 175 50
34 161 36
112 166 119
112 87 85
112 162 115
112 175 128
112 161 114
163 166 248
163 87 91
163 168 250
163 175 257
163 161 206
166 6 13
166 175 308
166 161 209
6 168 15
87 168 96
87 175 103
168 162 231
168 175 337
168 161 211
162 175 238
175 161 218
113 186 117
113 196 127
113 88 85
113 184 115
113 197 128
113 62 59
195 160 173
195 88 101
195 184 236
195 137 150
195 185 255
195 62 75
195 7 20
186 196 274
186 185 246
160 191 169
196 88 102
196 191 349
196 62 76
88 197 103
88 185 91
88 191 97
184 197 238
184 191 232
137 197 152
137 191 146
197 185 257
197 191 350
185 62 65
191 62 71
191 7 16
138 224 158
138 222 156
225 8 29
225 89 110
225 205 245
225 161 182
224 63 83
224 89 109
224 205 244
224 161 181
63 222 81
8 222 26
222 89 107
222 205 242
222 161 179
90 226 91
90 237 102
229 9 13
229 184 188
229 226 248
229 237 307
229 37 41
229 205 209
64 226 65
64 237 76
184 37 35
184 205 183
226 227 246
226 205 206
227 237 274
227 37 39
237 205 217
37 205 36
10 251 16
256 116 127
256 251 349
116 226 115
38 185 35
38 251 44
140 251 146
163 251 169
226 251 232
164 269 169
164 279 179
164 276 176
164 281 181
164 272 172
164 282 182
164 273 173
269 66 71
269 11 16
269 92 97
269 281 356
269 275 350
269 272 347
269 266 302
269 207 212
269 227 232
269 141 146
66 279 81
66 281 83
66 272 74
66 271 73
66 268 70
66 273 75
11 279 26
11 276 23
11 272 19
11 266 13
11 282 29
11 268 15
11 273 20
186 279 201
186 276 198
186 281 203
186 272 194
186 266 188
186 271 193
186 282 204
186 207 183
186 268 190
279 92 107
279 271 377
279 268 341
279 227 242
279 141 156
92 276 104
92 281 109
92 275 103
92 272 100
92 271 99
92 282 110
92 268 96
92 273 101
276 266 309
276 271 374
276 282 420
276 207 219
276 268 338
276 227 239
276 141 153
281 275 413
281 271 379
281 268 343
281 227 244
281 141 158
275 266 308
275 271 373
275 282 414
275 207 218
275 268 337
275 227 238
275 141 152
272 266 305
272 207 215
272 268 334
272 227 235
272 141 149
266 207 209
266 273 306
271 282 380
271 207 214
271 227 234
271 273 371
271 141 148
282 268 344
282 227 245
207 268 211
207 273 216
268 227 231
268 141 145
227 273 236
273 141 150
286 67 71
286 283 302
299 288 380
288 67 73
288 296 377
67 296 81
300 229 230
300 143 144
300 313 328
300 311 326
300 166 167
300 266 267
300 314 329
300 68 69
300 312 327
300 94 95
300 283 284
229 313 243
229 304 234
229 311 241
229 314 244
229 301 231
229 315 245
229 312 242
229 283 228
143 313 157
143 304 148
143 314 158
143 301 145
143 312 156
143 283 142
313 304 378
313 166 180
313 266 280
313 301 342
313 68 82
313 94 108
313 283 297
304 311 376
304 314 379
304 315 380
304 68 73
304 312 377
304 94 99
311 166 178
311 266 278
311 301 340
311 68 80
311 94 106
311 283 295
166 314 181
166 315 182
166 312 179
166 283 165
266 283 265
314 301 343
314 68 83
314 94 109
314 283 298
301 315 344
301 68 70
301 312 341
301 94 96
301 283 285
315 94 110
68 312 81
312 94 107
94 283 93
330 316 344
330 319 380
330 318 369
330 120 135
300 325 310
300 318 303
300 120 119
300 317 302
316 325 339
325 319 375
325 318 364
325 120 130
325 317 352
333 335 371
316 168 167
316 335 321
316 268 267
331 301 302
331 168 169
121 301 119
121 268 117
301 335 306
301 332 303
168 335 173
168 332 170
268 332 270
286 269 265
286 345 287
286 351 293
286 122 118
286 331 285
286 348 290
286 191 187
286 317 284
286 251 247
269 345 270
269 122 117
269 317 267
269 251 246
345 354 366
345 191 192
345 251 252
345 357 369
351 122 129
351 331 338
351 346 374
351 191 198
351 317 324
351 251 258
351 357 420
122 354 132
122 357 135
354 331 341
354 346 377
354 191 201
354 317 327
354 251 261
331 191 190
331 251 250
331 357 344
348 346 371
348 317 321
348 251 255
346 191 193
346 251 253
346 357 380
191 317 189
191 357 204
317 251 249
251 357 264
358 360 371
358 363 374
123 363 129
360 318 321
318 363 324
332 363 338
358 171 170
358 304 303
358 18 17
358 288 287
358 271 270
358 370 359
171 288 165
171 319 167
171 346 169
171 370 172
333 18 15
333 288 285
333 370 334
304 18 13
304 124 119
304 346 302
304 370 305
18 288 12
18 319 14
18 346 16
18 370 19
288 319 284
288 271 265
288 124 118
288 370 289
319 271 267
319 370 320
271 124 117
124 370 125
346 370 347
390 382 407
390 384 420
390 370 380
390 383 414
386 272 278
386 382 403
386 370 376
381 370 371
272 382 274
387 382 404
387 370 377
382 389 406
382 370 372
384 370 374
389 370 379
389 383 413
370 383 373
195 393 198
195 396 201
195 381 194
195 399 204
195 360 192
195 395 200
195 398 203
195 335 190
195 394 199
126 393 129
126 396 132
126 381 125
126 399 135
126 395 131
126 392 128
126 398 134
126 273 117
126 394 130
126 391 127
393 399 420
393 335 338
396 360 366
396 335 341
396 391 404
381 360 359
381 348 347
381 335 334
381 394 385
399 360 369
399 392 414
399 335 344
399 391 407
360 395 365
360 392 362
360 398 368
360 273 270
360 394 364
360 391 361
395 348 353
395 335 340
395 273 278
395 391 403
392 398 413
392 348 350
392 335 337
392 394 409
398 348 356
398 335 343
398 391 406
348 394 352
348 391 349
335 394 339
335 391 336
273 394 277
273 391 274
394 391 402
49 400 50
49 196 35
49 382 47
49 401 51
49 391 48
256 400 257
256 382 254
256 401 258
256 391 255
174 382 172
174 401 176
174 391 173
400 151 152
400 237 238
196 382 194
196 401 198
382 151 149
382 237 235
382 21 19
151 401 153
151 391 150
237 401 239
237 391 236
401 21 23
21 391 20
410 77 80
410 400 403
410 275 278
410 22 25
410 197 200
410 175 178
77 400 76
77 392 75
77 411 81
77 383 74
400 275 274
400 411 404
408 22 23
408 197 198
408 175 176
22 392 20
22 411 26
22 383 19
392 175 173
411 197 201
411 175 179
197 383 194
175 383 172
78 417 81
78 393 75
78 351 71
78 415 79
78 419 83
78 384 74
78 416 80
78 401 76
78 363 72
417 401 404
417 363 366
276 415 277
276 416 278
276 401 274
276 363 270
351 408 350
351 415 352
351 419 356
351 384 347
351 416 353
351 401 349
408 415 409
408 419 413
408 363 362
415 384 385
415 401 402
415 363 364
419 401 406
419 363 368
384 363 359
416 401 403
416 363 365
401 363 361
421 325 326
425 415 420
325 415 324
325 424 329
325 422 327
325 423 328
325 394 321
415 423 418
423 394 397
427 410 412
427 155 157
427 386 388
427 395 397
427 416 418
410 421 409
410 155 152
410 428 413
410 429 414
410 311 308
421 155 154
421 386 385
421 311 310
155 386 149
155 428 158
155 395 150
155 416 153
155 426 156
386 311 305
429 416 420
311 395 306
311 416 309
417 430 418
417 222 219
417 432 420
417 312 309
417 296 293
430 279 280
430 396 397
430 354 355
430 387 388
430 222 223
430 411 412
430 296 297
279 422 277
279 426 278
279 296 265
396 222 216
396 312 306
396 296 290
354 387 347
354 222 212
354 411 350
354 422 352
354 431 356
354 312 302
354 426 353
387 222 215
387 422 385
387 312 305
387 296 289
222 411 218
222 422 220
222 312 209
222 426 221
222 296 208
432 411 414
411 422 409
411 431 413
411 312 308
411 296 292
422 312 310
422 296 294
431 296 298
426 296 295
313 423 310
435 56 57
435 419 420
435 28 29
428 281 278
428 56 53
428 224 221
428 28 25
281 56 39
281 433 280
281 424 277
56 433 55
56 224 36
56 424 52
56 314 41
56 419 51
56 398 48
56 389 47
56 431 54
433 224 223
433 419 418
433 398 397
433 389 388
433 28 27
224 424 220
224 314 209
224 419 219
224 398 216
224 389 215
424 314 310
424 389 385
424 28 24
314 419 309
314 398 306
314 389 305
314 28 13
419 28 23
398 28 20
389 28 19
28 431 26
299 330 284
299 390 289
299 435 298
299 225 208
299 425 294
299 159 142
299 399 290
299 429 295
299 282 265
299 434 297
330 390 320
330 435 329
330 225 210
330 159 144
330 399 321
330 429 326
330 282 267
330 432 327
330 434 328
330 84 69
390 225 215
390 425 385
390 159 149
390 315 305
390 434 388
390 84 74
390 357 347
435 159 158
435 84 83
435 357 356
225 425 220
225 399 216
225 429 221
225 315 209
225 434 223
225 357 212
425 159 154
425 282 277
425 315 310
425 84 79
425 357 352
159 399 150
159 432 156
159 434 157
159 357 146
399 315 306
399 434 397
399 84 75
429 282 278
429 84 80
429 357 353
282 434 280
432 84 81
315 357 302
434 84 82
434 357 355
84 357 71
1 -1 -1 -1 -1 -1 -1 -1 -1 -1 -1 -1 1 1 1 1 1 1 -1 1 1 -1 -1 1 1 1 1 1 -1 1 
-1 1 -1 -1 -1 -1 -1 1 1 -1 -1 1 1 1 1 1 1 1 1 1 1 -1 1 1 1 1 1 1 -1 1 
-1 -1 1 -1 1 -1 -1 -1 -1 -1 1 -1 -1 -1 1 1 1 1 1 1 1 1 -1 -1 1 1 1 1 1 -1 
-1 -1 -1 1 1 -1 -1 -1 -1 -1 1 -1 1 -1 1 1 1 1 1 1 1 1 1 1 1 1 1 1 1 1 
-1 -1 1 1 1 -1 -1 -1 1 1 -1 1 1 1 -1 -1 -1 -1 -1 1 -1 1 1 1 1 1 1 1 1 1 
-1 -1 -1 -1 -1 1 -1 -1 -1 -1 -1 -1 1 -1 1 1 1 1 1 1 1 -1 1 1 1 -1 1 1 1 -1 
-1 -1 -1 -1 -1 -1 1 -1 -1 -1 -1 -1 1 -1 1 -1 1 1 -1 1 1 -1 -1 1 1 1 1 1 1 1 
-1 1 -1 -1 -1 -1 -1 1 1 -1 -1 -1 1 1 1 1 -1 1 1 1 -1 -1 -1 1 1 1 1 1 1 1 
-1 1 -1 -1 1 -1 -1 1 1 -1 1 -1 1 1 1 1 1 1 1 1 1 1 1 1 1 1 -1 1 -1 -1 
-1 -1 -1 -1 1 -1 -1 -1 -1 1 -1 -1 1 -1 1 1 1 1 1 1 1 -1 1 1 1 1 1 1 1 1 
-1 -1 1 1 -1 -1 -1 -1 1 -1 1 1 1 1 1 1 -1 1 1 1 1 -1 1 1 1 1 1 1 1 1 
-1 1 -1 -1 1 -1 -1 -1 -1 -1 1 1 1 -1 1 -1 -1 1 -1 -1 -1 1 -1 -1 1 1 -1 1 -1 -1 
1 1 -1 1 1 1 1 1 1 1 1 1 1 -1 1 1 -1 1 -1 1 1 1 1 1 1 1 -1 1 1 -1 
1 1 -1 -1 1 -1 -1 1 1 -1 1 -1 -1 1 -1 -1 1 1 -1 1 1 1 1 1 1 -1 -1 -1 -1 -1 
1 1 1 1 -1 1 1 1 1 1 1 1 1 -1 1 -1 -1 -1 -1 1 1 1 1 1 -1 1 1 1 1 -1 
1 1 1 1 -1 1 -1 1 1 1 1 -1 1 -1 -1 1 -1 -1 -1 1 -1 1 1 1 1 1 1 1 1 1 
1 1 1 1 -1 1 1 -1 1 1 -1 -1 -1 1 -1 -1 1 -1 -1 1 -1 1 1 -1 1 1 -1 1 1 -1 
1 1 1 1 -1 1 1 1 1 1 1 1 1 1 -1 -1 -1 1 -1 1 -1 1 1 -1 1 1 1 1 1 1 
-1 1 1 1 -1 1 -1 1 1 1 1 -1 -1 -1 -1 -1 -1 -1 1 -1 1 1 1 1 1 1 1 1 1 1 
1 1 1 1 1 1 1 1 1 1 1 -1 1 1 1 1 1 1 -1 1 -1 -1 -1 -1 1 -1 -1 1 -1 -1 
1 1 1 1 -1 1 1 -1 1 1 1 -1 1 1 1 -1 -1 -1 1 -1 1 -1 -1 -1 -1 -1 -1 1 -1 -1 
-1 -1 1 1 1 -1 -1 -1 1 -1 -1 1 1 1 1 1 1 1 1 -1 -1 1 -1 -1 1 1 1 1 1 1 
-1 1 -1 1 1 1 -1 -1 1 1 1 -1 1 1 1 1 1 1 1 -1 -1 -1 1 -1 1 -1 -1 1 1 1 
1 1 -1 1 1 1 1 1 1 1 1 -1 1 1 1 1 -1 -1 1 -1 -1 -1 -1 1 -1 -1 -1 1 -1 1 
1 1 1 1 1 1 1 1 1 1 1 1 1 1 -1 1 1 1 1 1 -1 1 1 -1 1 -1 -1 -1 -1 -1 
1 1 1 1 1 -1 1 1 1 1 1 1 1 -1 1 1 1 1 1 -1 -1 1 -1 -1 -1 1 -1 -1 -1 -1 
1 1 1 1 1 1 1 1 -1 1 1 -1 -1 -1 1 1 -1 1 1 -1 -1 1 -1 -1 -1 -1 1 -1 -1 -1 
1 1 1 1 1 1 1 1 1 1 1 1 1 -1 1 1 1 1 1 1 1 1 1 1 -1 -1 -1 1 -1 -1 
-1 -1 1 1 1 1 1 1 -1 1 1 -1 1 -1 1 1 1 1 1 -1 -1 1 1 -1 -1 -1 -1 -1 1 -1 
1 1 -1 1 1 -1 1 1 -1 1 1 -1 -1 -1 -1 1 -1 1 1 -1 -1 1 1 1 -1 -1 -1 -1 -1 1 

0 1 2 3 4 5 6 7 8 9 10 11 12 13 14 15 16 17 18 19 20 21 22 23 24 25 26 27 28 29 
1 0 30 31 32 33 34 35 36 37 38 39 40 41 42 43 44 45 46 47 48 49 50 51 52 53 54 55 56 57 
2 30 0 58 59 60 61 62 63 64 65 66 67 68 69 70 71 72 73 74 75 76 77 78 79 80 81 82 83 84 
3 31 58 0 85 86 87 88 89 90 91 92 93 94 95 96 97 98 99 100 101 102 103 104 105 106 107 108 109 110 
4 32 59 85 0 111 112 113 114 115 116 117 118 119 120 121 122 123 124 125 126 127 128 129 130 131 132 133 134 135 
5 33 60 86 111 0 136 137 138 139 140 141 142 143 144 145 146 147 148 149 150 151 152 153 154 155 156 157 158 159 
6 34 61 87 112 136 0 160 161 162 163 164 165 166 167 168 169 170 171 172 173 174 175 176 177 178 179 180 181 182 
7 35 62 88 113 137 160 0 183 184 185 186 187 188 189 190 191 192 193 194 195 196 197 198 199 200 201 202 203 204 
8 36 63 89 114 138 161 183 0 205 206 207 208 209 210 211 212 213 214 215 216 217 218 219 220 221 222 223 224 225 
9 37 64 90 115 139 162 184 205 0 226 227 228 229 230 231 232 233 234 235 236 237 238 239 240 241 242 243 244 245 
10 38 65 91 116 140 163 185 206 226 0 246 247 248 249 250 251 252 253 254 255 256 257 258 259 260 261 262 263 264 
11 39 66 92 117 141 164 186 207 227 246 0 265 266 267 268 269 270 271 272 273 274 275 276 277 278 279 280 281 282 
12 40 67 93 118 142 165 187 208 228 247 265 0 283 284 285 286 287 288 289 290 291 292 293 294 295 296 297 298 299 
13 41 68 94 119 143 166 188 209 229 248 266 283 0 300 301 302 303 304 305 306 307 308 309 310 311 312 313 314 315 
14 42 69 95 120 144 167 189 210 230 249 267 284 300 0 316 317 318 319 320 321 322 323 324 325 326 327 328 329 330 
15 43 70 96 121 145 168 190 211 231 250 268 285 301 316 0 331 332 333 334 335 336 337 338 339 340 341 342 343 344 
16 44 71 97 122 146 169 191 212 232 251 269 286 302 317 331 0 345 346 347 348 349 350 351 352 353 354 355 356 357 
17 45 72 98 123 147 170 192 213 233 252 270 287 303 318 332 345 0 358 359 360 361 362 363 364 365 366 367 368 369 
18 46 73 99 124 148 171 193 214 234 253 271 288 304 319 333 346 358 0 370 371 372 373 374 375 376 377 378 379 380 
19 47 74 100 125 149 172 194 215 235 254 272 289 305 320 334 347 359 370 0 381 382 383 384 385 386 387 388 389 390 
20 48 75 101 126 150 173 195 216 236 255 273 290 306 321 335 348 360 371 381 0 391 392 393 394 395 396 397 398 399 
21 49 76 102 127 151 174 196 217 237 256 274 291 307 322 336 349 361 372 382 391 0 400 401 402 403 404 405 406 407 
22 50 77 103 128 152 175 197 218 238 257 275 292 308 323 337 350 362 373 383 392 400 0 408 409 410 411 412 413 414 
23 51 78 104 129 153 176 198 219 239 258 276 293 309 324 338 351 363 374 384 393 401 408 0 415 416 417 418 419 420 
24 52 79 105 130 154 177 199 220 240 259 277 294 310 325 339 352 364 375 385 394 402 409 415 0 421 422 423 424 425 
25 53 80 106 131 155 178 200 221 241 260 278 295 311 326 340 353 365 376 386 395 403 410 416 421 0 426 427 428 429 
26 54 81 107 132 156 179 201 222 242 261 279 296 312 327 341 354 366 377 387 396 404 411 417 422 426 0 430 431 432 
27 55 82 108 133 157 180 202 223 243 262 280 297 313 328 342 355 367 378 388 397 405 412 418 423 427 430 0 433 434 
28 56 83 109 134 158 181 203 224 244 263 281 298 314 329 343 356 368 379 389 398 406 413 419 424 428 431 433 0 435 
29 57 84 110 135 159 182 204 225 245 264 282 299 315 330 344 357 369 380 390 399 407 414 420 425 429 432 434 435 0 
