30 435 1188
-1 1 -1 -1 -1 -1 -1 1 1 1 1 1 1 1 1 1 1 1 1 1 1 -1 1 1 -1 1 -1 1 1 -1 -1 -1 -1 -1 -1 1 1 1 1 1 -1 -1 1 1 -1 -1 -1 1 -1 -1 -1 -1 1 1 -1 -1 -1 -1 -1 -1 -1 -1 1 1 1 1 1 1 1 1 -1 1 1 1 -1 1 1 1 1 1 1 1 1 -1 -1 -1 -1 -1 1 -1 1 -1 -1 1 -1 1 1 1 -1 1 1 1 1 -1 -1 1 -1 1 -1 1 -1 -1 -1 1 1 -1 1 1 1 -1 1 1 1 1 -1 1 -1 -1 1 1 -1 1 1 -1 -1 -1 -1 1 -1 1 1 1 1 1 1 1 1 1 1 1 1 1 1 1 1 1 1 1 1 -1 1 1 1 1 1 -1 -1 1 -1 -1 -1 -1 1 -1 -1 -1 -1 1 -1 1 -1 -1 1 1 1 1 1 1 -1 1 -1 -1 -1 1 1 1 -1 -1 -1 -1 -1 1 1 1 -1 -1 -1 -1 1 -1 1 1 -1 -1 1 1 1 -1 -1 -1 -1 -1 -1 -1 -1 -1 -1 -1 -1 -1 -1 -1 -1 -1 -1 -1 -1 -1 -1 -1 -1 -1 -1 -1 1 -1 -1 -1 -1 1 1 -1 1 -1 -1 -1 -1 -1 -1 -1 1 1 -1 1 -1 -1 1 1 1 -1 1 1 1 1 -1 -1 -1 1 1 1 1 1 -1 -1 -1 -1 -1 -1 -1 -1 -1 -1 -1 -1 -1 -1 -1 -1 -1 -1 -1 -1 -1 -1 -1 -1 -1 -1 -1 -1 -1 -1 -1 -1 -1 -1 -1 -1 -1 -1 -1 -1 -1 -1 -1 -1 -1 -1 -1 -1 -1 -1 -1 -1 -1 -1 -1 -1 -1 -1 -1 -1 -1 -1 -1 -1 -1 -1 -1 -1 -1 -1 -1 -1 -1 -1 -1 -1 -1 -1 -1 -1 -1 -1 -1 -1 -1 -1 -1 -1 -1 -1 -1 -1 -1 -1 -1 -1 -1 -1 -1 -1 -1 -1 -1 -1 -1 -1 -1 -1 -1 -1 -1 -1 -1 -1 -1 -1 -1 -1 -1 -1 -1 -1 -1 -1 -1 -1 -1 -1 -1 -1 -1 -1 -1 -1 -1 -1 -1 -1 -1 -1 -1 -1 -1 -1 -1 -1 -1 -1 -1 -1 -1 -1 -1 
5 27 157
5 25 155
5 22 152
27 4 133
27 3 108
27 6 180
27 7 202
25 3 106
25 6 178
25 1 53
22 3 103
49 33 151
49 35 196
49 30 76
49 31 102
49 1 21
32 55 133
32 45 123
32 51 129
32 46 124
32 41 119
32 52 130
33 55 157
33 45 147
33 50 152
33 51 153
33 56 158
33 46 148
33 57 159
33 47 149
33 41 143
33 52 154
33 42 144
55 34 180
55 35 202
55 30 82
55 31 108
45 30 72
45 31 98
45 1 17
50 30 77
50 31 103
51 30 78
51 1 23
56 35 203
56 30 83
56 1 28
35 57 204
35 47 194
35 41 188
46 30 73
46 1 18
57 31 110
57 1 29
47 30 74
47 31 100
47 1 19
30 41 68
30 52 79
30 1 2
30 42 69
41 31 94
41 1 13
52 1 24
1 42 14
61 75 173
71 60 146
71 59 122
71 30 44
71 58 97
60 75 150
60 84 159
59 75 126
75 30 48
75 58 101
75 62 195
58 84 110
84 62 204
99 85 124
99 92 271
99 86 148
99 3 18
99 58 73
90 85 115
90 88 184
90 3 9
90 58 64
90 31 37
90 87 162
85 92 117
85 107 132
85 93 118
85 104 129
85 105 130
95 92 267
95 86 144
95 3 14
95 58 69
92 86 141
92 88 186
92 107 279
92 3 11
92 109 281
92 58 66
92 31 39
92 87 164
86 107 156
86 93 142
86 104 153
86 109 158
86 105 154
88 93 187
88 109 203
107 3 26
107 58 81
107 31 54
93 3 12
93 58 67
93 31 40
93 87 165
104 3 23
104 58 78
3 109 28
3 58 2
3 105 24
109 58 83
58 105 79
32 116 38
32 131 53
113 116 185
113 135 204
113 125 194
113 134 203
113 127 196
116 85 91
116 135 264
116 4 10
116 59 65
116 112 163
116 111 140
85 135 110
85 125 100
85 131 106
85 128 103
85 127 102
135 4 29
135 111 159
4 59 2
4 125 19
4 134 28
4 127 21
4 120 14
59 125 74
59 131 80
59 128 77
59 134 83
59 127 76
59 120 69
112 131 178
125 111 149
131 111 155
128 111 152
134 111 158
111 127 151
111 120 144
5 139 9
5 60 2
136 139 162
139 33 37
139 60 64
139 137 184
139 111 115
177 61 79
177 136 154
177 112 130
177 6 24
61 171 73
61 174 76
61 167 69
61 176 78
61 170 72
61 172 74
61 166 68
61 179 81
61 6 2
61 181 83
61 175 77
136 171 148
136 174 151
136 167 144
136 176 153
136 170 147
136 169 146
136 172 149
136 166 143
136 179 156
136 182 159
136 181 158
136 175 152
171 112 124
171 6 18
174 160 196
174 6 21
174 87 102
160 172 194
160 166 188
160 182 204
160 181 203
167 6 14
176 112 129
176 6 23
170 112 123
170 6 17
170 87 98
34 169 44
34 179 54
112 169 122
112 166 119
112 179 132
169 6 16
169 87 97
172 6 19
172 87 100
166 6 13
166 87 94
179 6 26
182 6 29
182 87 110
6 181 28
87 175 103
113 198 129
113 192 123
113 199 130
113 193 124
113 191 122
113 201 132
198 137 153
198 62 78
198 7 23
189 137 144
189 62 69
189 7 14
192 88 98
192 137 147
192 62 72
192 7 17
160 200 178
199 137 154
199 62 79
199 7 24
88 200 106
88 197 103
88 191 97
35 200 53
35 191 44
35 201 54
193 137 148
193 62 73
193 7 18
200 137 155
200 62 80
137 197 152
137 191 146
137 201 156
197 62 77
191 7 16
62 7 2
62 201 81
7 201 26
221 207 278
225 206 264
225 207 282
225 205 245
214 206 253
214 207 271
224 207 281
206 222 261
206 223 262
222 207 279
207 210 267
207 223 280
232 139 146
232 90 97
232 226 251
232 227 269
232 205 212
139 233 147
139 228 142
139 239 153
139 238 152
139 229 143
139 244 158
139 234 148
139 240 154
139 235 149
139 230 144
139 241 155
139 231 145
139 226 140
139 236 150
139 227 141
139 242 156
139 237 151
139 205 138
139 243 157
233 90 98
90 238 103
90 229 94
90 235 100
90 241 106
90 231 96
90 226 91
90 236 101
90 237 102
90 205 89
90 243 108
229 205 209
244 227 281
234 226 253
234 227 271
235 227 272
235 205 215
230 227 267
241 227 278
231 226 250
231 227 268
231 205 211
226 242 261
226 243 262
236 227 273
236 205 216
227 242 279
227 237 274
227 243 280
237 205 217
256 206 217
256 246 274
116 255 126
116 259 130
116 248 119
116 206 114
116 247 118
116 226 115
116 258 129
116 252 123
116 246 117
255 206 216
255 246 273
249 246 267
260 246 278
254 206 215
254 246 272
248 206 209
263 246 281
92 270 98
92 275 103
92 266 94
92 207 89
92 246 91
266 207 209
286 265 269
286 208 212
286 93 97
286 247 251
299 228 245
299 265 282
299 93 110
299 247 264
289 265 272
289 208 215
289 93 100
292 93 103
295 265 278
295 93 106
265 285 268
265 298 281
265 288 271
265 291 274
265 284 267
265 297 280
265 290 273
265 296 279
285 208 211
285 93 96
285 247 250
288 247 253
208 291 217
208 93 89
208 290 216
208 283 209
291 93 102
93 247 91
93 297 108
93 287 98
93 290 101
93 283 94
247 297 262
247 296 261
302 248 251
302 266 269
302 41 44
300 266 267
229 166 162
229 41 37
229 315 245
306 166 173
306 266 273
306 41 48
307 266 274
313 248 262
313 166 180
313 266 280
304 248 253
304 266 271
311 166 178
311 266 278
311 41 53
248 166 163
248 41 38
248 301 250
248 315 264
248 312 261
166 266 164
166 301 168
166 283 165
266 41 39
266 314 281
266 301 268
266 315 282
266 312 279
266 305 272
41 301 43
41 312 54
41 283 40
327 249 261
327 120 132
327 42 54
320 189 194
320 95 100
320 210 215
330 189 204
330 95 110
330 249 264
330 230 245
189 329 203
189 300 188
189 249 185
189 316 190
189 328 202
189 230 184
189 322 196
189 284 187
189 321 195
189 210 183
300 95 94
300 210 209
300 120 119
95 249 91
95 316 96
95 326 106
95 323 103
95 328 108
95 322 102
95 321 101
95 210 89
95 318 98
95 317 97
249 316 250
249 167 163
249 328 262
249 319 253
249 317 251
249 42 38
316 167 168
316 210 211
316 120 121
316 42 43
326 167 178
326 42 53
167 328 180
167 230 162
167 284 165
167 321 173
167 210 161
325 120 130
328 120 133
230 120 115
230 42 37
319 120 124
322 210 217
284 120 118
284 42 40
324 120 129
321 210 216
321 120 126
321 42 48
210 120 114
210 317 212
210 42 36
318 120 123
120 317 122
317 42 44
344 231 245
302 71 68
302 191 188
232 71 64
232 169 162
232 191 184
232 357 245
347 71 74
347 191 194
286 71 67
286 169 165
286 191 187
352 71 79
350 71 77
345 71 72
356 71 83
356 191 203
71 351 78
71 349 76
71 354 81
71 331 70
71 355 82
71 353 80
71 346 73
71 317 69
349 191 196
169 331 168
169 355 180
169 348 173
169 353 178
331 191 190
355 191 202
348 191 195
191 357 204
358 270 271
358 252 253
369 233 245
369 192 204
369 270 282
369 252 264
303 192 188
303 213 209
233 192 184
233 45 37
233 170 162
359 192 194
359 270 272
359 213 215
345 45 44
345 270 269
345 213 212
345 252 251
192 270 186
192 360 195
192 361 196
192 213 183
192 367 202
192 287 187
192 252 185
192 332 190
192 368 203
45 365 53
45 270 39
45 360 48
45 213 36
45 366 54
45 287 40
45 252 38
45 332 43
365 170 178
365 270 278
170 270 164
170 360 173
170 213 161
170 367 180
170 287 165
170 252 163
170 332 168
270 360 273
270 361 274
270 366 279
270 367 280
270 318 267
270 332 268
270 368 281
360 213 216
361 213 217
213 332 211
366 252 261
367 252 262
252 332 250
358 99 98
99 333 96
99 214 89
99 373 103
99 378 108
99 304 94
99 372 102
99 371 101
99 376 106
99 346 97
99 370 100
99 380 110
379 193 203
171 333 168
171 214 161
171 378 180
171 234 162
171 288 165
171 371 173
171 376 178
333 214 211
333 193 190
333 46 43
214 304 209
214 193 183
214 372 217
214 46 36
214 371 216
214 346 212
214 370 215
378 193 202
304 193 188
234 193 184
234 46 37
234 380 245
288 193 187
288 46 40
377 46 54
193 372 196
193 371 195
193 370 194
193 380 204
46 371 48
46 376 53
46 346 44
385 125 130
347 125 122
347 254 251
347 47 44
390 254 264
390 235 245
289 125 118
289 172 165
289 47 40
359 125 123
386 172 178
386 47 53
381 125 126
381 172 173
381 47 48
125 388 133
125 235 115
125 334 121
125 387 132
125 384 129
125 305 119
125 370 124
388 254 262
388 172 180
254 334 250
254 172 163
254 387 261
254 47 38
254 370 253
235 172 162
235 47 37
334 172 168
334 47 43
387 47 54
397 255 262
397 75 82
255 396 261
255 399 264
255 75 65
255 371 253
255 348 251
255 335 250
306 75 68
393 75 78
396 75 81
381 75 74
399 236 245
360 75 72
75 371 73
75 395 80
75 392 77
75 321 69
75 398 83
75 236 64
75 335 70
75 290 67
75 394 79
75 391 76
49 256 38
49 336 43
49 403 53
49 349 44
49 291 40
49 404 54
49 237 37
49 391 48
256 336 250
256 405 262
256 174 163
256 349 251
256 407 264
256 372 253
256 404 261
336 174 168
336 127 121
405 174 180
405 127 133
174 403 178
174 291 165
174 237 162
174 391 173
402 127 130
307 127 119
349 127 122
407 237 245
291 127 118
361 127 123
372 127 124
404 127 132
127 237 115
127 401 129
127 391 126
410 50 53
410 275 278
410 175 178
350 50 44
350 218 212
350 275 269
350 128 122
350 22 16
350 257 251
409 128 130
409 22 24
238 50 37
238 128 115
238 22 9
238 197 184
238 414 245
238 175 162
292 50 40
292 128 118
292 22 12
292 197 187
292 175 165
412 275 280
412 128 133
412 197 202
412 257 262
412 175 180
373 275 271
373 128 124
373 22 18
373 257 253
400 218 217
400 275 274
400 22 21
400 197 196
323 275 267
323 22 14
50 337 43
50 218 36
50 275 39
50 392 48
50 411 54
50 257 38
337 218 211
337 275 268
337 128 121
337 22 15
337 197 190
337 257 250
337 175 168
408 128 129
408 22 23
218 128 114
218 308 209
218 22 8
218 392 216
218 197 183
218 175 161
218 383 215
275 128 117
275 22 11
275 392 273
275 411 279
275 197 186
275 414 282
275 175 164
275 413 281
275 383 272
128 308 119
128 392 126
128 411 132
128 362 123
308 22 13
308 197 188
22 392 20
22 411 26
22 257 10
22 362 17
22 414 29
22 413 28
22 383 19
392 197 195
392 175 173
411 257 261
197 257 185
197 414 204
197 413 203
197 383 194
257 414 264
257 175 163
420 198 204
420 239 245
420 276 282
420 104 110
420 258 264
198 309 188
198 239 184
198 393 195
198 276 186
198 418 202
198 219 183
198 384 194
198 419 203
198 258 185
198 338 190
198 401 196
198 293 187
417 276 279
417 51 54
417 258 261
309 104 94
309 219 209
374 276 271
374 258 253
239 176 162
239 51 37
393 176 173
393 276 273
393 51 48
393 104 101
393 219 216
176 276 164
176 418 180
176 219 161
176 416 178
176 258 163
176 338 168
176 293 165
276 351 269
276 418 280
276 51 39
276 324 267
276 384 272
276 419 281
276 416 278
276 338 268
276 401 274
351 51 44
351 104 97
351 219 212
351 258 251
418 104 108
418 258 262
51 219 36
51 416 53
51 258 38
51 338 43
51 293 40
408 104 103
104 219 89
104 384 100
104 416 106
104 258 91
104 338 96
104 401 102
104 363 98
219 384 215
219 338 211
219 401 217
258 338 250
385 220 215
385 199 194
385 277 272
385 105 100
177 421 178
177 339 168
177 220 161
177 240 162
177 259 163
177 294 165
177 277 164
177 423 180
177 394 173
352 220 212
352 259 251
352 277 269
352 52 44
352 105 97
421 277 278
421 52 53
421 105 106
339 220 211
339 199 190
339 259 250
339 277 268
339 52 43
339 105 96
409 105 103
402 220 217
402 199 196
402 277 274
402 105 102
364 105 98
220 199 183
220 310 209
220 52 36
220 105 89
220 394 216
425 199 204
425 240 245
425 259 264
425 277 282
425 105 110
199 310 188
199 240 184
199 259 185
199 294 187
199 424 203
199 277 186
199 423 202
199 394 195
325 277 267
310 105 94
240 52 37
259 52 38
259 422 261
259 375 253
259 105 91
259 423 262
294 52 40
424 277 281
277 52 39
277 422 279
277 375 271
277 423 280
277 394 273
52 422 54
52 394 48
105 423 108
105 394 101
221 25 8
221 403 217
221 386 215
221 340 211
221 311 209
221 131 114
221 395 216
221 200 183
221 353 212
427 260 262
427 131 133
427 200 202
421 25 24
421 131 130
25 403 21
25 295 12
25 365 17
25 326 14
25 386 19
25 428 28
25 260 10
25 429 29
25 340 15
25 311 13
25 241 9
25 395 20
25 353 16
25 376 18
25 416 23
25 426 26
403 200 196
295 131 118
295 200 187
365 131 123
386 200 194
428 200 203
260 429 264
260 340 250
260 200 185
260 353 251
260 376 253
260 426 261
429 241 245
429 200 204
340 131 121
340 200 190
311 131 119
311 200 188
131 241 115
131 395 126
131 353 122
131 376 124
131 416 129
131 426 132
241 200 184
395 200 195
430 107 108
430 179 180
430 201 202
396 107 101
396 179 173
396 222 216
396 201 195
354 107 97
354 222 212
107 404 102
107 366 98
107 387 100
107 222 89
107 341 96
107 411 103
107 432 110
107 312 94
107 426 106
404 222 217
404 201 196
387 222 215
387 201 194
179 222 161
179 341 168
179 242 162
179 426 178
179 296 165
222 341 211
222 312 209
222 201 183
341 201 190
432 242 245
432 201 204
431 201 203
312 201 188
242 201 184
296 201 187
397 27 20
397 55 48
397 223 216
427 55 53
342 27 15
342 55 43
342 223 211
27 405 21
27 430 26
27 313 13
27 378 18
27 418 23
27 328 14
27 388 19
27 433 28
27 355 16
27 297 12
27 367 17
27 434 29
27 223 8
27 243 9
27 423 24
405 223 217
430 55 54
55 355 44
55 297 40
55 223 36
55 243 37
313 223 209
388 223 215
355 223 212
434 243 245
379 134 124
379 263 253
435 244 245
435 109 110
435 263 264
244 56 37
244 134 115
244 181 162
356 56 44
356 224 212
356 134 122
356 109 97
356 263 251
428 56 53
428 109 106
428 181 178
343 56 43
343 224 211
343 134 121
343 109 96
343 263 250
343 181 168
298 56 40
298 134 118
298 181 165
406 224 217
406 109 102
56 224 36
56 398 48
56 263 38
56 431 54
433 134 133
433 109 108
433 263 262
433 181 180
224 134 114
224 314 209
224 109 89
224 398 216
224 389 215
224 181 161
134 424 130
134 314 119
134 419 129
134 398 126
134 431 132
134 368 123
314 109 94
109 398 101
109 263 91
109 389 100
109 413 103
109 368 98
398 181 173
263 181 163
263 431 261
420 135 129
420 84 78
299 135 118
299 57 40
299 182 165
299 84 67
369 135 123
369 84 72
330 84 69
390 225 215
390 84 74
435 84 83
225 135 114
225 399 216
225 407 217
225 57 36
225 344 211
225 182 161
225 315 209
225 84 63
225 357 212
135 425 130
135 399 126
135 344 121
135 432 132
135 315 119
135 434 133
135 357 122
135 380 124
425 84 79
399 57 48
399 182 173
429 57 53
429 182 178
429 84 80
407 84 76
57 344 43
57 432 54
57 357 44
344 182 168
344 84 70
182 434 180
432 84 81
315 84 68
414 84 77
434 84 82
84 380 73
1 -1 1 -1 -1 -1 -1 -1 1 1 1 1 1 1 1 1 1 1 1 1 1 1 -1 1 1 -1 1 -1 1 1 
-1 1 -1 -1 -1 -1 -1 -1 1 1 1 1 1 -1 -1 1 1 -1 -1 -1 1 -1 -1 -1 -1 1 1 -1 -1 -1 
1 -1 1 -1 -1 -1 -1 -1 1 1 1 1 1 1 1 1 -1 1 1 1 -1 1 1 1 1 1 1 1 1 -1 
-1 -1 -1 1 -1 -1 -1 -1 1 -1 1 -1 -1 1 -1 1 1 1 -1 1 1 1 1 -1 -1 1 -1 1 -1 1 
-1 -1 -1 -1 1 -1 -1 -1 1 1 -1 1 1 1 -1 1 1 1 1 -1 1 -1 -1 1 1 -1 1 1 -1 -1 
-1 -1 -1 -1 -1 1 -1 -1 1 -1 1 1 1 1 1 1 1 1 1 1 1 1 1 1 1 1 1 1 1 1 
-1 -1 -1 -1 -1 -1 1 -1 1 1 1 1 1 -1 -1 1 -1 -1 -1 -1 1 -1 -1 -1 -1 1 -1 1 -1 -1 
-1 -1 -1 -1 -1 -1 -1 1 1 1 1 1 1 1 -1 1 -1 -1 -1 1 1 1 -1 -1 -1 -1 -1 1 1 1 
1 1 1 1 1 1 1 1 1 -1 -1 -1 -1 1 -1 1 1 -1 -1 1 1 1 -1 -1 -1 -1 -1 -1 -1 -1 
1 1 1 -1 1 -1 1 1 -1 1 -1 -1 -1 -1 -1 -1 -1 -1 -1 -1 -1 -1 -1 -1 -1 -1 -1 -1 -1 1 
1 1 1 1 -1 1 1 1 -1 -1 1 -1 -1 -1 -1 1 1 -1 1 -1 -1 -1 -1 -1 -1 -1 1 1 -1 1 
1 1 1 -1 1 1 1 1 -1 -1 -1 1 -1 -1 1 1 1 -1 1 1 1 1 -1 -1 -1 1 1 1 1 1 
1 1 1 -1 1 1 1 1 -1 -1 -1 -1 1 -1 -1 -1 -1 -1 -1 -1 -1 -1 -1 -1 -1 -1 -1 -1 -1 -1 
1 -1 1 1 1 1 -1 1 1 -1 -1 -1 -1 1 -1 -1 -1 -1 -1 -1 -1 -1 -1 -1 -1 -1 -1 -1 -1 -1 
1 -1 1 -1 -1 1 -1 -1 -1 -1 -1 1 -1 -1 1 -1 -1 -1 -1 -1 -1 -1 -1 -1 -1 -1 -1 -1 -1 -1 
1 1 1 1 1 1 1 1 1 -1 1 1 -1 -1 -1 1 -1 -1 -1 -1 -1 -1 -1 -1 -1 -1 -1 -1 -1 -1 
1 1 -1 1 1 1 -1 -1 1 -1 1 1 -1 -1 -1 -1 1 -1 -1 -1 -1 -1 -1 -1 -1 -1 -1 -1 -1 -1 
1 -1 1 1 1 1 -1 -1 -1 -1 -1 -1 -1 -1 -1 -1 -1 1 -1 -1 -1 -1 -1 -1 -1 -1 -1 -1 -1 -1 
1 -1 1 -1 1 1 -1 -1 -1 -1 1 1 -1 -1 -1 -1 -1 -1 1 -1 -1 -1 -1 -1 -1 -1 -1 -1 -1 -1 
1 -1 1 1 -1 1 -1 1 1 -1 -1 1 -1 -1 -1 -1 -1 -1 -1 1 -1 -1 -1 -1 -1 -1 -1 -1 -1 -1 
1 1 -1 1 1 1 1 1 1 -1 -1 1 -1 -1 -1 -1 -1 -1 -1 -1 1 -1 -1 -1 -1 -1 -1 -1 -1 -1 
1 -1 1 1 -1 1 -1 1 1 -1 -1 1 -1 -1 -1 -1 -1 -1 -1 -1 -1 1 -1 -1 -1 -1 -1 -1 -1 -1 
-1 -1 1 1 -1 1 -1 -1 -1 -1 -1 -1 -1 -1 -1 -1 -1 -1 -1 -1 -1 -1 1 -1 -1 -1 -1 -1 -1 -1 
1 -1 1 -1 1 1 -1 -1 -1 -1 -1 -1 -1 -1 -1 -1 -1 -1 -1 -1 -1 -1 -1 1 -1 -1 -1 -1 -1 -1 
1 -1 1 -1 1 1 -1 -1 -1 -1 -1 -1 -1 -1 -1 -1 -1 -1 -1 -1 -1 -1 -1 -1 1 -1 -1 -1 -1 -1 
-1 1 1 1 -1 1 1 -1 -1 -1 -1 1 -1 -1 -1 -1 -1 -1 -1 -1 -1 -1 -1 -1 -1 1 -1 -1 -1 -1 
1 1 1 -1 1 1 -1 -1 -1 -1 1 1 -1 -1 -1 -1 -1 -1 -1 -1 -1 -1 -1 -1 -1 -1 1 -1 -1 -1 
-1 -1 1 1 1 1 1 1 -1 -1 1 1 -1 -1 -1 -1 -1 -1 -1 -1 -1 -1 -1 -1 -1 -1 -1 1 -1 -1 
1 -1 1 -1 -1 1 -1 1 -1 -1 -1 1 -1 -1 -1 -1 -1 -1 -1 -1 -1 -1 -1 -1 -1 -1 -1 -1 1 -1 
1 -1 -1 1 -1 1 -1 1 -1 1 1 1 -1 -1 -1 -1 -1 -1 -1 -1 -1 -1 -1 -1 -1 -1 -1 -1 -1 1 

0 1 2 3 4 5 6 7 8 9 10 11 12 13 14 15 16 17 18 19 20 21 22 23 24 25 26 27 28 29 
1 0 30 31 32 33 34 35 36 37 38 39 40 41 42 43 44 45 46 47 48 49 50 51 52 53 54 55 56 57 
2 30 0 58 59 60 61 62 63 64 65 66 67 68 69 70 71 72 73 74 75 76 77 78 79 80 81 82 83 84 
3 31 58 0 85 86 87 88 89 90 91 92 93 94 95 96 97 98 99 100 101 102 103 104 105 106 107 108 109 110 
4 32 59 85 0 111 112 113 114 115 116 117 118 119 120 121 122 123 124 125 126 127 128 129 130 131 132 133 134 135 
5 33 60 86 111 0 136 137 138 139 140 141 142 143 144 145 146 147 148 149 150 151 152 153 154 155 156 157 158 159 
6 34 61 87 112 136 0 160 161 162 163 164 165 166 167 168 169 170 171 172 173 174 175 176 177 178 179 180 181 182 
7 35 62 88 113 137 160 0 183 184 185 186 187 188 189 190 191 192 193 194 195 196 197 198 199 200 201 202 203 204 
8 36 63 89 114 138 161 183 0 205 206 207 208 209 210 211 212 213 214 215 216 217 218 219 220 221 222 223 224 225 
9 37 64 90 115 139 162 184 205 0 226 227 228 229 230 231 232 233 234 235 236 237 238 239 240 241 242 243 244 245 
10 38 65 91 116 140 163 185 206 226 0 246 247 248 249 250 251 252 253 254 255 256 257 258 259 260 261 262 263 264 
11 39 66 92 117 141 164 186 207 227 246 0 265 266 267 268 269 270 271 272 273 274 275 276 277 278 279 280 281 282 
12 40 67 93 118 142 165 187 208 228 247 265 0 283 284 285 286 287 288 289 290 291 292 293 294 295 296 297 298 299 
13 41 68 94 119 143 166 188 209 229 248 266 283 0 300 301 302 303 304 305 306 307 308 309 310 311 312 313 314 315 
14 42 69 95 120 144 167 189 210 230 249 267 284 300 0 316 317 318 319 320 321 322 323 324 325 326 327 328 329 330 
15 43 70 96 121 145 168 190 211 231 250 268 285 301 316 0 331 332 333 334 335 336 337 338 339 340 341 342 343 344 
16 44 71 97 122 146 169 191 212 232 251 269 286 302 317 331 0 345 346 347 348 349 350 351 352 353 354 355 356 357 
17 45 72 98 123 147 170 192 213 233 252 270 287 303 318 332 345 0 358 359 360 361 362 363 364 365 366 367 368 369 
18 46 73 99 124 148 171 193 214 234 253 271 288 304 319 333 346 358 0 370 371 372 373 374 375 376 377 378 379 380 
19 47 74 100 125 149 172 194 215 235 254 272 289 305 320 334 347 359 370 0 381 382 383 384 385 386 387 388 389 390 
20 48 75 101 126 150 173 195 216 236 255 273 290 306 321 335 348 360 371 381 0 391 392 393 394 395 396 397 398 399 
21 49 76 102 127 151 174 196 217 237 256 274 291 307 322 336 349 361 372 382 391 0 400 401 402 403 404 405 406 407 
22 50 77 103 128 152 175 197 218 238 257 275 292 308 323 337 350 362 373 383 392 400 0 408 409 410 411 412 413 414 
23 51 78 104 129 153 176 198 219 239 258 276 293 309 324 338 351 363 374 384 393 401 408 0 415 416 417 418 419 420 
24 52 79 105 130 154 177 199 220 240 259 277 294 310 325 339 352 364 375 385 394 402 409 415 0 421 422 423 424 425 
25 53 80 106 131 155 178 200 221 241 260 278 295 311 326 340 353 365 376 386 395 403 410 416 421 0 426 427 428 429 
26 54 81 107 132 156 179 201 222 242 261 279 296 312 327 341 354 366 377 387 396 404 411 417 422 426 0 430 431 432 
27 55 82 108 133 157 180 202 223 243 262 280 297 313 328 342 355 367 378 388 397 405 412 418 423 427 430 0 433 434 
28 56 83 109 134 158 181 203 224 244 263 281 298 314 329 343 356 368 379 389 398 406 413 419 424 428 431 433 0 435 
29 57 84 110 135 159 182 204 225 245 264 282 299 315 330 344 357 369 380 390 399 407 414 420 425 429 432 434 435 0 
