40 780 1801
-1 1 1 1 1 1 1 1 1 1 1 1 1 1 -1 1 -1 -1 -1 -1 -1 -1 -1 -1 -1 -1 -1 -1 -1 1 1 1 1 -1 -1 -1 -1 1 -1 1 -1 1 1 1 1 1 1 1 -1 -1 1 1 1 1 1 -1 1 -1 -1 -1 1 1 1 1 -1 1 -1 1 1 1 1 -1 -1 1 -1 -1 1 -1 -1 -1 -1 1 1 1 1 -1 1 1 1 1 1 1 1 1 1 1 1 -1 -1 -1 1 -1 1 1 1 1 -1 1 -1 -1 -1 -1 1 -1 -1 -1 -1 1 -1 1 1 -1 1 1 1 1 1 -1 1 1 1 1 1 1 -1 -1 1 -1 1 1 1 1 -1 1 -1 -1 -1 -1 -1 -1 -1 -1 1 1 1 1 -1 -1 1 -1 1 -1 1 1 1 1 -1 1 1 -1 -1 1 -1 1 1 1 1 1 1 -1 -1 -1 -1 -1 -1 -1 1 1 1 1 1 1 1 1 1 1 1 1 1 1 1 1 1 1 1 1 1 1 1 1 1 1 -1 -1 1 1 1 1 1 1 -1 1 1 -1 1 1 1 1 1 1 1 1 1 1 1 1 1 -1 1 1 1 1 1 1 -1 1 -1 1 1 -1 1 1 -1 -1 -1 1 1 1 1 1 -1 1 1 1 1 1 1 -1 1 -1 -1 -1 1 1 1 1 1 1 1 1 -1 1 1 1 -1 -1 1 1 1 1 1 1 1 1 1 1 1 1 1 -1 -1 -1 1 1 1 1 1 -1 1 1 1 1 1 1 1 1 1 1 1 1 1 1 1 1 1 1 1 1 -1 -1 -1 -1 -1 1 1 1 1 1 1 1 1 -1 1 -1 1 -1 -1 -1 -1 -1 -1 -1 1 1 1 1 -1 -1 1 1 -1 1 1 1 1 1 1 1 1 1 1 1 -1 1 -1 -1 -1 -1 -1 1 1 1 1 1 1 -1 1 -1 -1 -1 1 1 1 1 1 1 -1 1 1 1 -1 1 -1 -1 -1 -1 1 1 1 1 1 1 -1 -1 -1 -1 1 1 1 1 1 1 1 1 1 1 1 -1 -1 -1 -1 -1 1 1 1 1 1 1 1 -1 -1 1 -1 1 1 1 1 1 1 1 1 1 1 -1 1 1 -1 1 1 1 1 1 1 -1 -1 -1 -1 -1 1 1 1 1 1 1 1 1 1 1 1 1 -1 1 1 1 1 1 1 -1 -1 -1 -1 -1 1 1 1 1 1 1 -1 1 1 1 -1 1 1 1 1 1 1 1 -1 -1 1 -1 -1 -1 -1 -1 1 1 1 1 1 1 1 1 1 -1 -1 -1 -1 -1 1 1 1 1 -1 -1 1 1 1 1 1 -1 -1 -1 -1 1 -1 -1 -1 -1 -1 1 1 1 1 -1 -1 -1 1 1 1 1 -1 -1 -1 1 -1 1 -1 -1 -1 1 1 1 1 -1 -1 -1 1 1 1 1 -1 1 -1 1 1 -1 -1 -1 1 1 1 1 1 1 1 1 1 1 1 -1 -1 -1 -1 -1 -1 -1 1 1 1 1 -1 -1 1 1 1 1 1 -1 -1 -1 -1 1 -1 1 1 1 1 -1 -1 -1 1 1 1 1 -1 -1 1 -1 -1 -1 -1 -1 -1 -1 1 1 -1 1 1 1 1 -1 1 1 -1 1 -1 -1 -1 1 1 1 1 1 1 1 1 1 1 -1 1 -1 1 1 1 1 1 -1 1 1 1 1 1 -1 1 -1 1 1 -1 -1 1 1 1 -1 1 1 -1 1 -1 1 -1 1 1 1 -1 -1 1 -1 -1 1 -1 -1 1 1 1 -1 -1 -1 1 1 -1 -1 -1 1 1 -1 -1 -1 -1 1 -1 1 -1 1 1 1 1 1 1 1 -1 -1 1 1 1 1 1 1 -1 1 1 1 1 1 1 1 1 1 1 1 1 -1 -1 -1 -1 -1 -1 -1 -1 -1 -1 1 -1 -1 -1 -1 
27 39 714
27 20 597
27 25 677
27 29 704
27 36 711
39 25 689
39 15 504
39 18 570
39 24 675
39 1 77
39 23 660
39 26 702
37 25 687
37 15 502
37 18 568
37 19 588
37 24 673
37 28 723
37 23 658
37 26 700
20 25 595
20 15 485
20 29 599
20 24 594
20 28 598
20 23 593
20 26 596
25 18 556
25 29 679
25 36 686
25 19 576
25 22 630
25 34 684
25 17 535
25 28 678
25 1 63
25 35 685
25 21 613
15 18 483
15 29 494
15 36 501
15 19 484
15 22 487
15 17 482
15 28 493
15 1 53
15 35 500
15 21 486
18 24 555
18 23 554
18 26 557
29 24 665
29 17 539
29 23 650
29 21 617
29 26 692
36 24 672
36 22 641
36 1 74
36 23 657
36 26 699
19 24 575
19 1 57
19 35 586
19 23 574
19 26 577
24 22 629
24 34 670
24 17 534
24 28 664
24 1 62
24 35 671
24 21 612
22 23 628
22 26 631
34 23 655
34 26 697
17 1 55
17 23 533
17 26 536
28 1 66
28 23 649
28 26 691
1 23 61
1 26 64
23 21 611
21 26 614
59 49 384
59 67 617
59 50 411
59 76 626
59 41 132
65 67 704
65 50 417
65 58 597
49 75 400
49 60 385
49 56 381
49 67 392
49 1 11
49 73 398
49 58 383
75 56 568
75 50 427
60 50 412
60 41 133
56 50 408
56 41 129
67 50 419
67 76 734
67 41 140
67 58 599
50 41 123
50 1 12
50 72 424
50 73 425
50 58 410
76 1 38
41 1 3
41 58 131
109 98 655
109 107 754
109 100 684
109 99 670
81 98 236
81 114 252
81 102 240
81 111 249
81 99 237
81 110 248
98 114 660
98 80 203
98 107 653
98 79 169
98 112 658
98 111 657
98 78 134
114 86 402
114 102 714
114 80 219
114 107 759
114 100 689
114 99 675
86 80 191
86 107 395
86 112 400
86 111 399
86 99 387
86 110 398
102 80 207
102 107 707
102 111 711
102 100 677
80 107 212
80 112 217
80 111 216
80 100 205
80 99 204
80 110 215
107 79 178
107 112 757
107 111 756
107 99 668
107 110 755
112 100 687
112 99 673
111 100 686
111 99 672
100 110 685
99 110 671
146 136 685
146 122 398
146 116 215
146 143 755
146 117 248
146 119 311
146 135 671
115 143 178
115 41 42
115 128 163
115 119 154
145 136 684
145 143 754
145 119 310
145 135 670
136 147 686
136 138 677
136 116 205
136 148 687
136 150 689
136 41 63
136 128 535
122 147 399
122 116 191
122 143 395
122 148 400
122 150 402
122 128 380
122 119 287
122 135 387
147 138 711
147 116 216
147 143 756
147 41 74
147 117 249
147 119 312
147 135 672
147 149 776
138 116 207
138 143 707
138 150 714
138 117 240
138 119 303
116 143 212
116 148 217
116 150 219
116 41 43
116 128 197
116 119 188
116 135 204
116 149 218
143 148 757
143 150 759
143 41 70
143 128 542
143 135 668
143 149 758
148 119 313
148 135 673
150 41 77
150 117 252
150 119 315
150 135 675
78 41 40
78 128 92
78 119 83
78 149 113
41 117 44
41 128 55
41 119 46
41 135 62
117 128 230
117 135 237
117 149 251
128 119 293
128 135 534
128 149 548
119 149 314
115 162 127
115 158 123
115 167 132
115 160 125
185 162 527
185 152 252
185 171 689
185 151 219
185 157 402
185 170 675
185 160 480
185 173 714
182 162 524
182 152 249
182 158 426
182 171 686
182 184 776
182 151 216
182 157 399
182 170 672
182 160 477
182 173 711
162 79 91
162 152 229
162 171 513
162 181 523
162 184 526
162 151 196
162 167 509
162 180 522
162 183 525
79 158 87
79 184 113
79 167 96
79 160 89
152 158 225
152 181 248
152 184 251
152 170 237
152 167 234
152 160 227
152 173 240
158 181 425
158 151 192
158 167 411
158 180 424
158 173 417
158 183 427
171 181 685
171 151 205
171 167 613
171 180 684
171 173 677
171 183 687
181 151 215
181 157 398
181 170 671
181 160 476
184 151 218
184 167 626
184 160 479
151 157 191
151 170 204
151 167 201
151 160 194
151 173 207
151 183 217
157 170 387
157 167 384
157 183 400
170 167 612
170 180 670
170 183 673
167 160 462
180 160 475
160 183 478
214 213 760
186 213 246
80 213 108
116 213 144
213 151 179
224 186 191
224 250 400
224 245 395
224 221 287
81 221 83
186 250 217
186 245 212
186 221 188
186 238 205
247 245 754
247 221 310
247 238 684
250 245 757
250 221 313
250 238 687
152 245 178
152 221 154
268 253 299
268 281 657
253 272 303
253 281 312
253 261 292
272 270 677
272 281 711
272 255 362
254 255 316
254 261 322
270 281 686
270 255 360
270 261 513
281 255 371
281 261 524
281 271 699
301 286 360
253 300 269
253 308 277
253 119 118
253 221 220
300 308 668
300 286 359
300 221 237
308 286 367
308 302 695
308 285 338
286 119 121
286 285 316
286 221 223
302 119 137
302 221 239
119 285 120
285 221 222
329 342 657
329 285 299
330 342 672
330 254 269
342 331 686
342 332 699
342 344 776
342 285 312
342 333 711
331 333 677
254 344 283
344 285 314
285 333 303
361 348 442
361 357 631
361 352 536
349 350 456
349 373 479
349 286 290
349 357 463
349 352 458
349 255 259
350 286 291
350 357 487
350 352 482
350 255 260
373 286 314
373 352 548
373 255 283
373 351 526
348 286 289
348 357 438
348 358 439
348 352 433
348 255 258
286 347 288
286 357 298
286 358 299
286 352 293
286 346 287
286 351 292
347 357 412
347 352 407
347 255 257
357 358 628
357 255 267
357 346 385
357 351 510
358 352 533
352 255 262
352 346 380
352 351 505
255 346 256
224 379 229
224 390 240
224 401 251
224 389 239
224 49 44
224 375 225
224 386 236
224 376 226
224 378 228
224 346 223
224 377 227
379 86 91
379 401 526
379 122 127
379 49 54
379 397 522
379 388 513
390 375 417
390 346 362
390 388 677
86 401 113
86 389 101
86 49 40
86 375 87
86 376 88
86 378 90
86 346 85
86 377 89
401 377 479
389 122 137
389 49 64
389 397 697
389 376 442
389 157 172
122 375 123
122 386 134
122 376 124
122 378 126
122 346 121
122 377 125
49 386 61
49 376 51
49 378 53
49 157 42
49 346 48
49 377 52
49 388 63
375 397 424
386 397 655
386 376 439
386 157 169
397 376 450
397 346 369
397 377 475
397 388 684
376 157 159
378 157 161
378 377 456
157 346 156
346 388 360
406 415 513
406 50 54
406 429 527
406 428 526
415 50 63
415 429 689
415 347 360
375 414 387
375 429 402
405 158 161
405 50 53
405 429 504
405 404 456
158 50 42
158 347 156
158 413 169
158 403 159
158 416 172
414 50 62
414 429 675
414 347 359
50 429 77
50 347 48
50 404 52
50 413 61
50 403 51
50 416 64
429 347 374
429 404 480
429 413 660
429 403 455
429 416 702
404 428 479
413 403 439
403 416 442
432 441 513
432 454 526
430 431 456
430 454 479
443 441 677
443 348 362
443 403 417
440 348 359
440 376 387
441 348 360
467 430 442
467 160 172
430 464 439
430 160 159
349 466 360
349 465 359
349 468 362
349 160 156
466 468 677
466 457 513
465 377 387
468 404 417
464 160 169
492 350 362
492 405 417
492 490 677
489 350 359
489 499 670
489 378 387
350 499 369
350 15 10
350 490 360
499 405 424
499 490 684
499 481 522
499 431 450
499 491 697
499 488 655
15 405 12
15 503 38
15 481 16
15 431 13
15 378 11
490 481 513
503 481 526
431 491 442
431 488 439
432 516 444
432 511 439
432 162 159
432 514 442
432 518 446
432 261 258
432 517 445
406 516 418
406 515 417
406 518 420
406 261 257
406 517 419
512 379 387
512 516 664
512 518 666
512 261 269
512 351 359
512 517 665
379 516 391
379 518 393
379 261 256
379 517 392
516 511 649
516 162 174
516 514 691
516 481 493
516 261 273
516 457 469
516 351 363
511 162 169
511 517 650
162 514 172
162 481 161
162 518 176
162 261 153
162 351 156
162 517 175
514 517 692
481 518 495
481 261 260
481 457 456
481 517 494
515 351 362
515 517 704
518 261 275
518 457 471
518 351 365
261 457 259
261 517 274
457 517 470
351 517 364
528 547 568
528 128 129
528 352 353
528 549 570
529 545 586
529 547 588
529 128 130
529 352 354
544 352 369
545 352 370
530 537 597
530 128 131
530 352 355
530 538 598
531 128 132
531 352 356
546 537 711
546 532 641
546 352 371
547 352 372
547 538 723
537 352 362
537 549 714
17 128 3
17 352 10
128 532 133
128 352 121
128 538 139
352 538 363
352 549 374
528 569 548
528 56 55
528 560 539
559 569 724
559 56 66
559 551 598
569 18 38
569 567 776
569 552 626
569 550 589
569 560 734
553 567 641
558 567 711
558 551 597
558 560 704
567 56 74
552 560 617
56 550 57
551 560 599
550 566 586
580 529 539
580 571 599
580 578 704
580 572 617
587 578 711
587 573 641
571 578 597
571 579 598
578 590 714
590 550 570
609 551 570
609 58 77
606 608 776
606 592 641
606 58 74
20 608 38
571 605 586
571 608 589
571 607 588
571 58 57
530 608 548
530 58 55
608 591 626
551 607 568
59 616 66
59 531 55
59 572 57
59 624 74
59 627 77
59 167 42
615 624 711
615 627 714
615 591 597
610 624 641
610 167 168
616 625 723
616 167 174
616 591 598
623 572 586
531 167 163
552 627 570
552 625 568
552 167 164
572 625 588
572 167 165
167 21 4
167 591 166
639 357 369
642 553 568
642 357 372
642 633 723
642 573 588
632 644 714
632 592 597
632 357 362
632 634 704
553 644 570
553 357 353
610 357 356
610 634 617
610 643 626
644 60 77
644 357 374
60 357 48
60 532 55
60 633 66
60 573 57
640 357 370
640 573 586
22 357 10
22 643 38
592 357 355
592 634 599
592 633 598
357 634 364
357 633 363
357 573 354
532 634 539
532 643 548
634 643 734
643 633 724
643 573 589
98 268 82
98 647 101
98 659 113
98 329 84
98 651 105
98 511 91
98 464 89
98 358 85
98 488 90
98 23 2
98 413 87
268 659 283
268 656 280
268 651 275
268 386 256
268 645 269
268 464 259
268 488 260
268 23 7
268 413 257
659 651 743
659 511 526
659 464 479
659 23 38
329 656 341
329 651 336
329 386 317
329 511 322
329 464 320
329 358 316
329 488 321
329 23 9
329 413 318
656 651 740
656 386 398
656 511 523
656 645 671
656 464 476
656 646 685
656 358 370
656 488 500
656 413 425
651 386 393
651 645 666
651 464 471
651 646 680
651 358 365
651 488 495
651 23 30
651 413 420
386 645 387
386 23 11
511 646 513
511 23 16
648 646 677
648 358 362
648 413 417
645 358 359
464 488 456
464 23 14
646 358 360
358 23 10
23 413 12
512 661 513
512 300 292
512 330 322
512 24 16
512 99 91
512 674 526
512 135 127
661 663 677
489 300 291
489 465 456
489 330 321
489 99 90
489 170 161
489 135 126
300 465 290
300 440 289
300 645 299
300 24 8
300 414 288
300 99 83
300 674 314
300 170 154
300 663 303
465 330 320
465 24 14
465 99 89
465 674 479
465 135 125
440 330 319
440 645 439
440 24 13
440 99 88
440 662 442
440 170 159
440 135 124
330 24 9
330 414 318
330 99 84
330 170 155
330 135 120
645 170 169
645 135 134
24 414 12
24 99 2
24 674 38
24 170 4
24 135 3
414 99 87
414 135 123
414 663 417
99 662 101
99 674 113
662 170 172
662 135 137
301 25 8
301 415 288
301 466 290
301 490 291
301 441 289
301 171 154
301 688 314
301 100 83
301 646 299
301 388 287
661 682 668
661 270 269
661 238 237
661 388 387
136 25 3
136 415 123
136 466 125
136 676 137
136 490 126
136 441 124
136 331 120
136 270 118
136 646 134
25 415 12
25 466 14
25 682 32
25 441 13
25 171 4
25 331 9
25 688 38
25 100 2
25 270 7
25 238 6
25 388 11
415 682 422
415 331 318
415 100 87
415 270 257
415 238 225
466 682 473
466 490 456
466 331 320
466 688 479
466 100 89
466 270 259
466 238 227
676 682 695
676 441 442
676 171 172
676 100 101
676 238 239
682 490 497
682 441 448
682 171 178
682 331 338
682 688 758
682 270 277
682 646 653
682 388 395
490 171 161
490 331 321
490 100 90
490 270 260
490 238 228
441 171 159
441 331 319
441 100 88
441 270 258
441 646 439
441 238 226
171 331 155
171 270 153
171 646 169
331 100 84
331 238 222
331 388 317
688 100 113
688 270 283
688 238 251
100 270 82
270 238 220
270 388 256
646 238 236
467 701 479
467 693 471
467 694 472
467 302 290
467 491 456
467 332 320
467 698 476
467 26 14
467 271 259
647 694 652
647 302 299
361 690 362
361 676 360
361 693 365
361 694 366
361 662 359
361 332 316
361 698 370
361 26 10
690 676 677
690 694 706
690 302 303
690 416 417
701 693 743
701 514 526
701 694 751
701 302 314
701 26 38
701 271 283
389 693 393
389 694 394
389 302 287
389 662 387
389 332 317
389 698 398
389 26 11
389 271 256
676 693 680
676 514 513
676 694 681
676 698 685
693 694 736
693 302 306
693 491 495
693 662 666
693 332 336
693 698 740
693 26 30
693 416 420
693 271 275
514 694 519
514 302 292
514 332 322
514 698 523
514 26 16
694 302 307
694 491 496
694 662 667
694 332 337
694 698 748
694 26 31
694 416 421
694 271 276
302 491 291
302 698 311
302 26 8
302 416 288
491 332 321
491 698 500
491 271 260
662 698 671
662 271 269
332 698 341
332 26 9
332 416 318
698 416 425
698 271 280
26 416 12
26 271 7
416 271 257
492 615 486
492 705 495
492 65 53
492 632 487
492 102 90
492 272 260
492 138 126
492 558 483
492 468 456
492 578 484
492 703 493
492 712 502
492 710 500
492 537 482
492 173 161
492 333 321
709 690 697
709 705 739
709 272 279
709 443 450
709 648 655
709 468 475
709 515 522
709 663 670
709 333 340
27 390 11
27 705 30
27 102 2
27 272 7
27 443 13
27 138 3
27 468 14
27 515 16
27 713 38
27 173 4
27 333 9
615 390 384
615 690 614
615 705 618
615 102 96
615 272 266
615 443 437
615 138 132
615 648 611
615 468 462
615 515 509
615 713 626
615 663 612
615 333 327
390 705 393
390 632 385
390 272 256
390 558 381
390 578 382
390 703 391
390 712 400
390 710 398
390 537 380
390 663 387
390 333 317
690 65 64
690 632 631
690 102 101
690 443 442
690 138 137
690 558 557
690 578 577
690 703 691
690 712 700
690 537 536
690 173 172
705 65 68
705 632 635
705 102 105
705 272 275
705 443 446
705 138 141
705 558 561
705 468 471
705 578 581
705 712 742
705 710 740
705 537 540
705 713 743
705 663 666
705 173 176
705 333 336
65 102 40
65 272 45
65 443 51
65 648 61
65 468 52
65 578 57
65 703 66
65 515 54
65 537 55
65 663 62
65 173 42
65 333 47
632 102 97
632 272 267
632 443 438
632 138 133
632 648 628
632 468 463
632 515 510
632 663 629
632 173 168
632 333 328
102 272 82
102 443 88
102 558 93
102 468 89
102 578 94
102 703 103
102 515 91
102 537 92
102 713 113
102 333 84
272 443 258
272 138 118
272 558 263
272 468 259
272 578 264
272 703 273
272 712 282
272 710 280
272 537 262
272 713 283
272 663 269
272 173 153
443 138 124
443 558 434
443 648 439
443 578 435
443 703 444
443 712 453
443 710 451
443 537 433
443 173 159
443 333 319
138 558 129
138 648 134
138 468 125
138 578 130
138 703 139
138 515 127
138 333 120
558 648 554
558 468 459
558 712 568
558 515 506
558 663 555
558 173 164
558 333 324
648 578 574
648 703 649
648 712 658
648 537 533
648 173 169
468 578 460
468 703 469
468 712 478
468 710 476
468 537 458
468 713 479
468 333 320
578 712 588
578 710 586
578 515 507
578 713 589
578 663 575
578 173 165
578 333 325
703 712 723
703 713 724
703 663 664
703 173 174
703 333 334
712 515 525
712 663 673
712 333 343
710 515 523
710 663 671
710 333 341
515 537 505
515 713 526
515 333 322
537 713 548
537 663 534
537 173 163
537 333 323
173 333 155
559 725 570
559 516 506
559 716 561
715 616 617
715 703 704
715 538 539
722 516 524
722 703 711
722 716 741
722 633 641
725 516 527
725 703 714
725 716 744
516 616 509
516 721 523
516 579 507
516 28 16
516 720 522
516 633 510
516 538 505
616 716 618
721 579 586
721 716 740
579 716 581
28 716 30
720 716 739
716 633 635
716 538 540
580 727 582
580 731 586
580 726 581
580 67 57
580 733 588
580 517 507
715 727 717
715 67 66
715 733 723
727 731 748
727 29 31
727 726 736
727 67 69
727 735 752
727 732 749
727 634 636
727 733 750
727 517 519
727 730 747
727 560 562
731 726 740
731 517 523
29 726 30
29 517 16
726 67 68
726 735 744
726 732 741
726 634 635
726 733 742
726 730 739
726 560 561
67 735 77
67 732 74
67 517 54
735 517 527
735 560 570
732 634 641
732 517 524
634 517 510
733 517 525
733 560 568
517 730 522
517 560 506
705 737 707
705 726 704
651 737 653
651 726 650
651 716 649
693 737 695
693 726 692
693 716 691
737 726 728
737 518 520
737 716 718
727 745 728
727 694 692
727 746 729
745 694 695
694 746 696
753 682 683
753 107 108
753 737 738
753 143 144
753 308 309
753 245 246
682 737 680
682 745 681
107 737 105
107 745 106
107 308 83
737 143 141
737 745 736
737 308 306
737 245 243
143 745 142
745 308 307
745 245 244
753 213 212
213 746 211
109 585 94
109 639 97
109 544 92
109 499 90
109 769 113
109 34 2
109 622 96
109 604 95
109 720 103
109 72 40
109 565 93
109 730 104
214 585 199
214 709 207
214 639 202
214 766 215
214 544 197
214 499 195
214 770 219
214 769 218
214 397 191
214 34 5
214 622 201
214 768 217
214 604 200
214 720 208
214 767 216
214 72 43
214 565 198
214 730 209
585 766 586
585 145 130
585 247 232
585 499 484
585 769 589
585 397 382
585 768 588
585 72 57
585 180 165
709 247 240
709 770 714
709 604 597
709 767 711
709 730 704
639 145 133
639 247 235
639 499 487
639 397 385
639 767 641
639 180 168
766 247 248
766 499 500
766 397 398
544 247 230
544 499 482
544 769 548
544 397 380
544 72 55
544 180 163
544 730 539
145 499 126
145 34 3
145 622 132
145 604 131
145 720 139
145 565 129
145 730 140
247 499 228
247 770 252
247 769 251
247 34 6
247 622 234
247 604 233
247 720 241
247 767 249
247 72 44
247 565 231
247 730 242
499 770 504
499 622 486
499 768 502
499 604 485
499 720 493
499 767 501
499 72 53
499 180 161
499 565 483
499 730 494
770 397 402
770 72 77
770 565 570
769 34 38
769 622 626
769 720 724
769 767 776
769 730 734
397 34 11
397 622 384
397 768 400
397 604 383
397 720 391
397 767 399
397 565 381
397 730 392
34 180 4
622 730 617
768 720 723
768 565 568
604 720 598
604 180 166
604 730 599
720 72 66
720 180 174
767 72 74
72 180 42
180 565 164
180 730 175
146 656 134
146 623 132
146 605 131
146 731 140
146 721 139
146 640 133
146 566 129
146 35 3
146 698 137
766 656 655
766 698 697
773 545 548
773 623 626
773 731 734
773 721 724
773 771 776
773 35 38
773 110 113
545 656 533
545 731 539
545 181 163
545 698 536
545 110 92
545 73 55
656 623 611
656 605 593
656 731 650
656 721 649
656 771 657
656 640 628
656 181 169
656 772 658
656 566 554
656 774 660
656 73 61
623 731 617
623 698 614
623 110 96
605 731 599
605 721 598
605 710 597
605 181 166
605 698 596
605 110 95
731 710 704
731 181 175
731 698 692
731 110 104
721 181 174
721 772 723
721 698 691
721 110 103
721 73 66
771 710 711
771 640 641
771 698 699
771 73 74
710 774 714
640 181 168
640 698 631
640 110 97
181 566 164
181 35 4
181 698 172
181 73 42
772 566 568
772 698 700
566 698 557
566 774 570
566 110 93
35 110 2
698 774 702
698 110 101
698 73 64
774 73 77
110 73 40
775 722 723
775 587 588
775 342 343
775 567 568
775 281 282
606 722 598
606 182 166
606 147 131
606 342 326
606 111 95
606 732 599
606 281 265
722 182 174
722 147 139
722 342 334
722 111 103
722 281 273
587 182 165
587 147 130
587 342 325
587 771 586
587 111 94
587 281 264
182 342 155
182 546 163
182 567 164
182 36 4
182 732 175
182 281 153
147 342 120
147 567 129
147 36 3
147 624 132
147 732 140
147 281 118
777 342 345
777 567 570
777 281 284
342 771 341
342 546 323
342 567 324
342 36 9
342 111 84
342 624 327
342 732 335
342 767 340
771 281 280
546 111 92
546 732 539
546 281 262
567 111 93
567 281 263
36 111 2
36 281 7
111 624 96
111 732 104
111 281 82
624 732 617
624 281 266
732 281 274
767 281 279
779 250 252
779 75 77
779 712 714
775 642 641
775 250 249
775 75 74
775 778 776
775 712 711
642 250 235
642 112 97
642 148 133
642 183 168
37 250 6
37 778 38
37 112 2
37 148 3
37 183 4
250 75 44
250 778 251
250 712 240
250 547 230
250 772 248
250 625 234
250 607 233
250 733 242
75 112 40
75 547 55
75 183 42
778 112 113
778 547 548
778 625 626
778 733 734
112 547 92
112 625 96
112 607 95
112 733 104
712 607 597
712 733 704
547 733 539
547 183 163
148 625 132
148 607 131
148 733 140
625 733 617
607 733 599
607 183 166
733 183 175
773 401 398
773 503 500
773 373 370
773 688 685
773 674 671
773 344 341
773 454 451
773 428 425
659 569 554
659 769 655
659 778 658
659 608 593
659 780 660
659 76 61
659 184 169
659 643 628
659 454 439
659 149 134
569 701 557
569 401 381
569 778 568
569 503 483
569 373 353
569 688 556
569 780 570
569 184 164
569 674 555
569 344 324
569 454 434
569 428 408
569 149 129
701 769 697
701 778 700
701 608 596
701 780 702
701 76 64
701 184 172
701 643 631
701 454 442
701 149 137
401 778 400
401 608 383
401 780 402
401 674 387
401 643 385
401 344 317
769 373 369
769 688 684
769 674 670
769 344 340
769 454 450
769 428 424
778 503 502
778 373 372
778 688 687
778 674 673
778 344 343
778 454 453
778 428 427
503 608 485
503 780 504
503 76 53
503 184 161
503 643 487
503 344 321
503 149 126
373 688 360
373 608 355
373 780 374
373 76 48
373 184 156
373 674 359
373 713 362
373 344 316
373 149 121
688 608 595
688 780 689
688 76 63
688 713 677
688 643 630
608 184 166
608 674 594
608 713 597
608 344 326
608 454 436
608 428 410
608 149 131
780 76 77
780 674 675
780 713 714
780 344 345
780 454 455
76 184 42
76 674 62
76 344 47
76 454 51
184 643 168
184 344 155
184 454 159
674 643 629
713 428 417
643 344 328
643 454 438
643 428 412
643 149 133
344 454 319
344 428 318
344 149 120
454 149 124
428 149 123
779 725 723
779 429 427
779 590 588
609 114 95
609 185 166
609 725 598
609 429 410
609 150 131
609 735 599
114 39 2
114 725 103
114 644 97
114 429 87
114 590 94
114 780 113
114 735 104
114 627 96
114 549 92
39 185 4
39 429 12
39 780 38
39 150 3
185 725 174
185 644 168
185 590 165
185 735 175
185 549 163
725 429 418
725 780 724
725 150 139
644 777 641
644 429 412
644 150 133
770 429 424
777 429 426
777 780 776
429 590 409
429 150 123
429 735 419
429 627 411
429 774 425
429 549 407
590 780 589
590 150 130
590 774 586
780 735 734
780 627 626
780 549 548
150 735 140
150 627 132
735 627 617
735 549 539
1 -1 1 1 1 1 1 1 1 1 1 1 1 1 1 -1 1 -1 -1 -1 -1 -1 -1 -1 -1 -1 -1 -1 -1 -1 1 1 1 1 -1 -1 -1 -1 1 -1 
-1 1 1 -1 1 1 1 1 1 1 1 -1 -1 1 1 1 1 1 -1 1 -1 -1 -1 1 1 1 1 -1 1 -1 1 1 1 1 -1 -1 1 -1 -1 1 
1 1 1 -1 -1 -1 -1 1 1 1 1 -1 1 1 1 1 1 1 1 1 1 1 1 -1 -1 -1 1 -1 1 1 1 1 -1 1 -1 -1 -1 -1 1 -1 
1 -1 -1 1 -1 -1 -1 1 -1 1 1 -1 1 1 1 1 1 -1 1 1 1 1 1 1 -1 -1 1 -1 1 1 1 1 -1 1 -1 -1 -1 -1 -1 -1 
1 1 -1 -1 1 -1 -1 1 1 1 1 -1 -1 1 -1 1 -1 1 1 1 1 -1 1 1 -1 -1 1 -1 1 1 1 1 1 1 -1 -1 -1 -1 -1 -1 
1 1 -1 -1 -1 1 -1 1 1 1 1 1 1 1 1 1 1 1 1 1 1 1 1 1 1 1 1 1 1 1 1 1 1 -1 -1 1 1 1 1 1 
1 1 -1 -1 -1 -1 1 1 -1 1 1 -1 1 1 1 1 1 1 1 1 1 1 1 1 1 -1 1 1 1 1 1 1 -1 1 -1 1 1 -1 1 1 
1 1 1 1 1 1 1 1 -1 -1 -1 1 1 1 1 1 -1 1 1 1 1 1 1 -1 1 -1 -1 -1 1 1 1 1 1 1 1 1 -1 1 1 1 
1 1 1 -1 1 1 -1 -1 1 -1 -1 1 1 1 1 1 1 1 1 1 1 1 1 1 -1 -1 -1 1 1 1 1 1 -1 1 1 1 1 1 1 1 
1 1 1 1 1 1 1 -1 -1 1 1 1 1 1 1 1 1 1 1 1 1 1 1 -1 -1 -1 -1 -1 1 1 1 1 1 1 1 1 -1 1 -1 1 
1 1 1 1 1 1 1 -1 -1 1 1 -1 -1 -1 -1 -1 -1 -1 1 1 1 1 -1 -1 1 1 -1 1 1 1 1 1 1 1 1 1 1 1 -1 1 
1 -1 -1 -1 -1 1 -1 1 1 1 -1 1 -1 -1 -1 -1 -1 1 1 1 1 1 1 -1 1 -1 -1 -1 1 1 1 1 1 1 -1 1 1 1 -1 1 
1 -1 1 1 -1 1 1 1 1 1 -1 -1 1 -1 -1 -1 -1 1 1 1 1 1 1 -1 -1 -1 -1 1 1 1 1 1 1 1 1 1 1 1 -1 -1 
1 1 1 1 1 1 1 1 1 1 -1 -1 -1 1 -1 -1 -1 1 1 1 1 1 1 1 -1 -1 1 -1 1 1 1 1 1 1 1 1 1 1 -1 1 
1 1 1 1 -1 1 1 1 1 1 -1 -1 -1 -1 1 1 -1 1 1 1 1 1 1 -1 -1 -1 -1 -1 1 1 1 1 1 1 1 1 1 1 1 1 
-1 1 1 1 1 1 1 1 1 1 -1 -1 -1 -1 1 1 -1 1 1 1 1 1 1 -1 -1 -1 -1 -1 1 1 1 1 1 1 -1 1 1 1 -1 1 
1 1 1 1 -1 1 1 -1 1 1 -1 -1 -1 -1 -1 -1 1 1 1 1 1 1 1 -1 -1 1 -1 -1 -1 -1 -1 1 1 1 1 1 1 1 1 1 
-1 1 1 -1 1 1 1 1 1 1 -1 1 1 1 1 1 1 1 -1 -1 -1 -1 -1 1 1 1 1 -1 -1 1 1 1 1 1 -1 -1 -1 -1 1 -1 
-1 -1 1 1 1 1 1 1 1 1 1 1 1 1 1 1 1 -1 1 -1 -1 -1 -1 1 1 1 1 -1 -1 -1 1 1 1 1 -1 -1 -1 1 -1 1 
-1 1 1 1 1 1 1 1 1 1 1 1 1 1 1 1 1 -1 -1 1 -1 -1 -1 1 1 1 1 -1 -1 -1 1 1 1 1 -1 1 -1 1 1 -1 
-1 -1 1 1 1 1 1 1 1 1 1 1 1 1 1 1 1 -1 -1 -1 1 -1 -1 1 1 1 1 1 1 1 1 1 1 1 -1 -1 -1 -1 -1 -1 
-1 -1 1 1 -1 1 1 1 1 1 1 1 1 1 1 1 1 -1 -1 -1 -1 1 -1 1 1 1 1 -1 -1 1 1 1 1 1 -1 -1 -1 -1 1 -1 
-1 -1 1 1 1 1 1 1 1 1 -1 1 1 1 1 1 1 -1 -1 -1 -1 -1 1 1 1 1 1 -1 -1 -1 1 1 1 1 -1 -1 1 -1 -1 -1 
-1 1 -1 1 1 1 1 -1 1 -1 -1 -1 -1 1 -1 -1 -1 1 1 1 1 1 1 1 -1 -1 -1 -1 1 1 -1 1 1 1 1 -1 1 1 -1 1 
-1 1 -1 -1 -1 1 1 1 -1 -1 1 1 -1 -1 -1 -1 -1 1 1 1 1 1 1 -1 1 -1 -1 -1 1 1 1 1 1 1 1 1 1 1 -1 1 
-1 1 -1 -1 -1 1 -1 -1 -1 -1 1 -1 -1 -1 -1 -1 1 1 1 1 1 1 1 -1 -1 1 -1 1 1 1 1 1 -1 1 1 1 1 1 -1 1 
-1 1 1 1 1 1 1 -1 -1 -1 -1 -1 -1 1 -1 -1 -1 1 1 1 1 1 1 -1 -1 -1 1 -1 1 1 -1 -1 1 1 1 -1 1 1 -1 1 
-1 -1 -1 -1 -1 1 1 -1 1 -1 1 -1 1 -1 -1 -1 -1 -1 -1 -1 1 -1 -1 -1 -1 1 -1 1 -1 1 -1 1 1 1 -1 -1 1 -1 -1 1 
-1 1 1 1 1 1 1 1 1 1 1 1 1 1 1 1 -1 -1 -1 -1 1 -1 -1 1 1 1 1 -1 1 -1 -1 1 1 1 -1 -1 -1 1 1 -1 
-1 -1 1 1 1 1 1 1 1 1 1 1 1 1 1 1 -1 1 -1 -1 1 1 -1 1 1 1 1 1 -1 1 -1 -1 1 1 -1 -1 -1 -1 1 -1 
1 1 1 1 1 1 1 1 1 1 1 1 1 1 1 1 -1 1 1 1 1 1 1 -1 1 1 -1 -1 -1 -1 1 1 -1 1 1 1 1 1 1 1 
1 1 1 1 1 1 1 1 1 1 1 1 1 1 1 1 1 1 1 1 1 1 1 1 1 1 -1 1 1 -1 1 1 -1 -1 1 1 1 1 1 1 
1 1 -1 -1 1 1 -1 1 -1 1 1 1 1 1 1 1 1 1 1 1 1 1 1 1 1 -1 1 1 1 1 -1 -1 1 -1 1 1 1 1 1 1 
1 1 1 1 1 -1 1 1 1 1 1 1 1 1 1 1 1 1 1 1 1 1 1 1 1 1 1 1 1 1 1 -1 -1 1 1 1 1 1 1 1 
-1 -1 -1 -1 -1 -1 -1 1 1 1 1 -1 1 1 1 -1 1 -1 -1 -1 -1 -1 -1 1 1 1 1 -1 -1 -1 1 1 1 1 1 -1 -1 -1 -1 -1 
-1 -1 -1 -1 -1 1 1 1 1 1 1 1 1 1 1 1 1 -1 -1 1 -1 -1 -1 -1 1 1 -1 -1 -1 -1 1 1 1 1 -1 1 -1 -1 -1 -1 
-1 1 -1 -1 -1 1 1 -1 1 -1 1 1 1 1 1 1 1 -1 -1 -1 -1 -1 1 1 1 1 1 1 -1 -1 1 1 1 1 -1 -1 1 -1 1 -1 
-1 -1 -1 -1 -1 1 -1 1 1 1 1 1 1 1 1 1 1 -1 1 1 -1 -1 -1 1 1 1 1 -1 1 -1 1 1 1 1 -1 -1 -1 1 -1 -1 
1 -1 1 -1 -1 1 1 1 1 -1 -1 -1 -1 -1 1 -1 1 1 -1 1 -1 1 -1 -1 -1 -1 -1 -1 1 1 1 1 1 1 -1 -1 1 -1 1 -1 
-1 1 -1 -1 -1 1 1 1 1 1 1 1 -1 1 1 1 1 -1 1 -1 -1 -1 -1 1 1 1 1 1 -1 -1 1 1 1 1 -1 -1 -1 -1 -1 1 

0 1 2 3 4 5 6 7 8 9 10 11 12 13 14 15 16 17 18 19 20 21 22 23 24 25 26 27 28 29 30 31 32 33 34 35 36 37 38 39 
1 0 40 41 42 43 44 45 46 47 48 49 50 51 52 53 54 55 56 57 58 59 60 61 62 63 64 65 66 67 68 69 70 71 72 73 74 75 76 77 
2 40 0 78 79 80 81 82 83 84 85 86 87 88 89 90 91 92 93 94 95 96 97 98 99 100 101 102 103 104 105 106 107 108 109 110 111 112 113 114 
3 41 78 0 115 116 117 118 119 120 121 122 123 124 125 126 127 128 129 130 131 132 133 134 135 136 137 138 139 140 141 142 143 144 145 146 147 148 149 150 
4 42 79 115 0 151 152 153 154 155 156 157 158 159 160 161 162 163 164 165 166 167 168 169 170 171 172 173 174 175 176 177 178 179 180 181 182 183 184 185 
5 43 80 116 151 0 186 187 188 189 190 191 192 193 194 195 196 197 198 199 200 201 202 203 204 205 206 207 208 209 210 211 212 213 214 215 216 217 218 219 
6 44 81 117 152 186 0 220 221 222 223 224 225 226 227 228 229 230 231 232 233 234 235 236 237 238 239 240 241 242 243 244 245 246 247 248 249 250 251 252 
7 45 82 118 153 187 220 0 253 254 255 256 257 258 259 260 261 262 263 264 265 266 267 268 269 270 271 272 273 274 275 276 277 278 279 280 281 282 283 284 
8 46 83 119 154 188 221 253 0 285 286 287 288 289 290 291 292 293 294 295 296 297 298 299 300 301 302 303 304 305 306 307 308 309 310 311 312 313 314 315 
9 47 84 120 155 189 222 254 285 0 316 317 318 319 320 321 322 323 324 325 326 327 328 329 330 331 332 333 334 335 336 337 338 339 340 341 342 343 344 345 
10 48 85 121 156 190 223 255 286 316 0 346 347 348 349 350 351 352 353 354 355 356 357 358 359 360 361 362 363 364 365 366 367 368 369 370 371 372 373 374 
11 49 86 122 157 191 224 256 287 317 346 0 375 376 377 378 379 380 381 382 383 384 385 386 387 388 389 390 391 392 393 394 395 396 397 398 399 400 401 402 
12 50 87 123 158 192 225 257 288 318 347 375 0 403 404 405 406 407 408 409 410 411 412 413 414 415 416 417 418 419 420 421 422 423 424 425 426 427 428 429 
13 51 88 124 159 193 226 258 289 319 348 376 403 0 430 431 432 433 434 435 436 437 438 439 440 441 442 443 444 445 446 447 448 449 450 451 452 453 454 455 
14 52 89 125 160 194 227 259 290 320 349 377 404 430 0 456 457 458 459 460 461 462 463 464 465 466 467 468 469 470 471 472 473 474 475 476 477 478 479 480 
15 53 90 126 161 195 228 260 291 321 350 378 405 431 456 0 481 482 483 484 485 486 487 488 489 490 491 492 493 494 495 496 497 498 499 500 501 502 503 504 
16 54 91 127 162 196 229 261 292 322 351 379 406 432 457 481 0 505 506 507 508 509 510 511 512 513 514 515 516 517 518 519 520 521 522 523 524 525 526 527 
17 55 92 128 163 197 230 262 293 323 352 380 407 433 458 482 505 0 528 529 530 531 532 533 534 535 536 537 538 539 540 541 542 543 544 545 546 547 548 549 
18 56 93 129 164 198 231 263 294 324 353 381 408 434 459 483 506 528 0 550 551 552 553 554 555 556 557 558 559 560 561 562 563 564 565 566 567 568 569 570 
19 57 94 130 165 199 232 264 295 325 354 382 409 435 460 484 507 529 550 0 571 572 573 574 575 576 577 578 579 580 581 582 583 584 585 586 587 588 589 590 
20 58 95 131 166 200 233 265 296 326 355 383 410 436 461 485 508 530 551 571 0 591 592 593 594 595 596 597 598 599 600 601 602 603 604 605 606 607 608 609 
21 59 96 132 167 201 234 266 297 327 356 384 411 437 462 486 509 531 552 572 591 0 610 611 612 613 614 615 616 617 618 619 620 621 622 623 624 625 626 627 
22 60 97 133 168 202 235 267 298 328 357 385 412 438 463 487 510 532 553 573 592 610 0 628 629 630 631 632 633 634 635 636 637 638 639 640 641 642 643 644 
23 61 98 134 169 203 236 268 299 329 358 386 413 439 464 488 511 533 554 574 593 611 628 0 645 646 647 648 649 650 651 652 653 654 655 656 657 658 659 660 
24 62 99 135 170 204 237 269 300 330 359 387 414 440 465 489 512 534 555 575 594 612 629 645 0 661 662 663 664 665 666 667 668 669 670 671 672 673 674 675 
25 63 100 136 171 205 238 270 301 331 360 388 415 441 466 490 513 535 556 576 595 613 630 646 661 0 676 677 678 679 680 681 682 683 684 685 686 687 688 689 
26 64 101 137 172 206 239 271 302 332 361 389 416 442 467 491 514 536 557 577 596 614 631 647 662 676 0 690 691 692 693 694 695 696 697 698 699 700 701 702 
27 65 102 138 173 207 240 272 303 333 362 390 417 443 468 492 515 537 558 578 597 615 632 648 663 677 690 0 703 704 705 706 707 708 709 710 711 712 713 714 
28 66 103 139 174 208 241 273 304 334 363 391 418 444 469 493 516 538 559 579 598 616 633 649 664 678 691 703 0 715 716 717 718 719 720 721 722 723 724 725 
29 67 104 140 175 209 242 274 305 335 364 392 419 445 470 494 517 539 560 580 599 617 634 650 665 679 692 704 715 0 726 727 728 729 730 731 732 733 734 735 
30 68 105 141 176 210 243 275 306 336 365 393 420 446 471 495 518 540 561 581 600 618 635 651 666 680 693 705 716 726 0 736 737 738 739 740 741 742 743 744 
31 69 106 142 177 211 244 276 307 337 366 394 421 447 472 496 519 541 562 582 601 619 636 652 667 681 694 706 717 727 736 0 745 746 747 748 749 750 751 752 
32 70 107 143 178 212 245 277 308 338 367 395 422 448 473 497 520 542 563 583 602 620 637 653 668 682 695 707 718 728 737 745 0 753 754 755 756 757 758 759 
33 71 108 144 179 213 246 278 309 339 368 396 423 449 474 498 521 543 564 584 603 621 638 654 669 683 696 708 719 729 738 746 753 0 760 761 762 763 764 765 
34 72 109 145 180 214 247 279 310 340 369 397 424 450 475 499 522 544 565 585 604 622 639 655 670 684 697 709 720 730 739 747 754 760 0 766 767 768 769 770 
35 73 110 146 181 215 248 280 311 341 370 398 425 451 476 500 523 545 566 586 605 623 640 656 671 685 698 710 721 731 740 748 755 761 766 0 771 772 773 774 
36 74 111 147 182 216 249 281 312 342 371 399 426 452 477 501 524 546 567 587 606 624 641 657 672 686 699 711 722 732 741 749 756 762 767 771 0 775 776 777 
37 75 112 148 183 217 250 282 313 343 372 400 427 453 478 502 525 547 568 588 607 625 642 658 673 687 700 712 723 733 742 750 757 763 768 772 775 0 778 779 
38 76 113 149 184 218 251 283 314 344 373 401 428 454 479 503 526 548 569 589 608 626 643 659 674 688 701 713 724 734 743 751 758 764 769 773 776 778 0 780 
39 77 114 150 185 219 252 284 315 345 374 402 429 455 480 504 527 549 570 590 609 627 644 660 675 689 702 714 725 735 744 752 759 765 770 774 777 779 780 0 
