40 780 2125
1 -1 -1 -1 -1 -1 -1 -1 -1 1 1 1 1 1 -1 1 1 1 1 1 1 1 1 1 1 1 -1 1 1 1 -1 1 1 1 1 1 -1 1 1 -1 1 1 1 -1 1 -1 1 1 -1 1 1 1 1 1 1 1 1 1 1 1 1 1 1 1 1 -1 -1 1 1 1 1 1 1 1 -1 -1 -1 -1 -1 -1 -1 -1 -1 -1 1 -1 1 1 1 1 -1 1 1 1 -1 1 1 1 1 1 1 1 -1 -1 -1 1 1 -1 -1 1 1 -1 -1 -1 -1 -1 -1 -1 -1 -1 -1 -1 -1 -1 1 1 -1 1 1 -1 1 -1 -1 1 1 1 1 1 1 1 1 -1 -1 -1 -1 -1 -1 -1 -1 -1 -1 1 -1 -1 -1 1 1 1 1 -1 -1 1 1 1 1 1 1 1 1 1 -1 1 1 1 1 1 1 -1 1 1 -1 1 1 1 1 -1 -1 -1 -1 -1 -1 -1 -1 -1 1 -1 1 1 1 1 1 1 -1 1 1 1 1 1 1 -1 -1 -1 -1 -1 1 -1 1 -1 -1 -1 -1 -1 1 1 1 1 -1 -1 -1 1 1 1 1 1 1 1 1 1 1 1 1 1 1 1 1 1 1 -1 -1 1 1 -1 -1 -1 1 1 1 -1 1 1 -1 1 1 -1 1 -1 1 1 1 1 -1 1 1 1 -1 -1 -1 1 1 -1 -1 1 -1 -1 -1 1 1 1 1 1 1 -1 1 1 1 1 1 1 1 1 1 1 1 1 1 1 1 -1 -1 -1 1 1 1 1 1 -1 1 1 -1 -1 -1 -1 1 1 1 1 1 1 1 1 1 1 1 1 1 -1 -1 1 1 1 -1 -1 -1 -1 -1 -1 -1 -1 -1 1 1 -1 1 1 1 -1 -1 1 -1 -1 -1 -1 1 1 1 -1 1 -1 1 -1 -1 -1 1 1 -1 -1 1 1 1 -1 1 1 1 -1 1 1 1 1 -1 -1 1 1 -1 -1 1 1 1 1 1 -1 1 -1 -1 1 -1 -1 -1 1 1 1 -1 -1 1 1 1 1 -1 1 1 1 -1 1 1 1 -1 -1 1 1 1 -1 1 1 -1 -1 1 1 -1 -1 -1 1 1 1 1 1 1 1 -1 1 1 1 -1 -1 -1 -1 -1 -1 -1 1 1 1 1 -1 1 -1 1 1 1 1 1 -1 -1 -1 1 -1 1 -1 -1 1 -1 -1 -1 1 1 1 1 1 1 1 -1 1 -1 1 1 1 1 -1 1 1 1 1 1 1 1 1 -1 1 1 1 1 1 1 -1 -1 -1 1 1 1 -1 -1 1 1 -1 -1 -1 1 1 1 -1 -1 1 -1 -1 -1 1 -1 1 -1 1 1 1 -1 1 1 1 1 1 1 1 1 -1 -1 -1 -1 -1 1 1 1 1 1 1 1 1 -1 1 -1 1 1 1 1 1 -1 -1 -1 -1 1 1 1 1 1 1 1 1 -1 1 -1 1 1 1 1 -1 -1 -1 -1 1 1 1 1 -1 1 1 1 -1 1 -1 1 1 -1 1 1 -1 -1 1 1 1 1 -1 -1 -1 -1 1 1 1 -1 -1 1 1 1 -1 1 1 1 1 1 1 1 -1 -1 -1 -1 1 1 1 1 1 1 1 1 1 1 1 1 1 -1 -1 -1 1 1 1 1 1 -1 -1 -1 1 1 1 -1 1 1 1 1 -1 -1 1 1 -1 -1 1 1 1 -1 1 1 1 -1 1 1 1 1 1 1 1 1 1 1 1 1 -1 1 1 1 1 1 1 1 -1 1 1 1 1 1 -1 1 1 -1 -1 1 1 1 1 1 -1 -1 1 -1 -1 1 1 1 1 -1 -1 -1 -1 -1 -1 1 1 1 -1 -1 -1 1 -1 -1 -1 -1 -1 -1 -1 1 1 -1 -1 1 -1 1 1 1 -1 1 1 1 1 1 1 1 1 1 1 -1 -1 -1 -1 -1 -1 -1 -1 -1 -1 
5 27 207
5 37 217
5 15 195
27 15 492
27 4 173
27 9 333
27 2 102
27 3 138
27 8 303
27 6 240
27 7 272
37 15 502
37 4 183
37 8 313
37 6 250
37 7 282
15 2 90
15 3 126
15 8 291
15 7 260
4 31 177
4 6 152
2 31 106
31 8 307
31 6 244
49 44 224
49 66 391
49 67 392
49 76 401
49 46 287
75 44 250
75 46 313
44 66 241
44 67 242
44 76 251
66 76 724
66 46 304
67 46 305
76 46 314
77 46 315
109 81 247
109 114 770
109 86 397
109 113 769
109 79 180
109 2 34
109 112 768
109 84 340
109 105 739
109 40 72
109 104 730
109 82 279
109 103 720
81 86 224
81 113 251
81 108 246
81 79 152
81 95 233
81 112 250
81 105 243
81 104 242
81 103 241
114 91 527
114 108 765
114 79 185
114 2 39
114 95 609
114 83 315
86 113 401
86 91 379
86 108 396
86 79 157
86 2 11
86 95 383
86 84 317
86 83 287
86 104 392
86 82 256
86 103 391
113 91 526
113 108 764
113 79 184
113 2 38
113 95 608
113 105 743
113 83 314
113 103 724
91 108 521
91 79 162
91 2 16
91 95 508
91 112 525
91 40 54
91 104 517
91 103 516
108 79 179
108 2 33
108 95 603
108 112 763
108 84 339
108 105 738
108 40 71
108 104 729
108 82 278
108 103 719
80 95 200
80 112 217
80 40 43
80 104 209
80 103 208
79 95 166
79 112 183
79 105 176
79 40 42
79 104 175
79 103 174
2 95 20
2 105 30
2 40 1
2 104 29
2 103 28
95 84 326
95 105 600
95 83 296
95 40 58
95 78 131
95 104 599
95 82 265
112 83 313
112 82 282
84 40 47
84 104 335
84 103 334
105 83 306
105 40 68
105 78 141
83 104 305
83 103 304
40 78 41
40 82 45
78 104 140
78 103 139
104 82 274
82 103 273
146 145 766
146 122 398
146 116 215
146 143 755
146 3 35
146 78 110
146 119 311
146 133 640
146 144 761
146 130 586
120 145 340
120 122 317
120 132 327
120 143 338
120 123 318
120 133 328
120 144 339
120 130 325
115 145 180
115 142 177
115 122 157
115 147 182
115 121 156
115 127 162
115 132 167
115 123 158
115 148 183
115 150 185
115 117 152
115 133 168
115 144 179
115 124 159
115 130 165
115 149 184
145 122 397
145 147 767
145 121 369
145 118 279
145 132 622
145 123 424
145 148 768
145 3 34
145 150 770
145 117 247
145 124 450
145 149 769
142 150 752
142 78 106
142 117 244
142 119 307
142 130 582
142 149 751
122 147 399
122 127 379
122 118 256
122 143 395
122 3 11
122 117 224
122 119 287
122 133 385
122 144 396
122 130 382
122 149 401
147 3 36
147 78 111
147 119 312
147 133 641
147 144 762
147 130 587
121 127 351
121 118 255
121 143 367
121 3 10
121 150 374
121 78 85
121 117 223
121 119 286
121 130 354
121 149 373
116 132 201
116 148 217
116 133 202
116 130 199
127 132 509
127 143 520
127 148 525
127 3 16
127 150 527
127 133 510
127 144 521
127 124 432
127 130 507
127 149 526
118 123 257
118 148 282
118 133 267
118 144 278
132 143 620
132 148 625
132 3 21
132 150 627
132 78 96
132 117 234
132 119 297
132 144 621
132 149 626
143 123 422
143 148 757
143 3 32
143 150 759
143 78 107
143 117 245
143 124 448
143 149 758
123 148 427
123 3 12
123 150 429
123 78 87
123 117 225
123 119 288
123 144 423
123 130 409
123 149 428
148 117 250
148 119 313
148 133 642
148 144 763
148 130 588
3 150 39
3 133 22
3 144 33
3 124 13
3 130 19
3 149 38
150 119 315
150 133 644
150 144 765
78 133 97
78 124 88
78 130 94
117 133 235
117 144 246
117 124 226
117 130 232
117 149 251
119 133 298
119 124 289
119 130 295
119 149 314
133 149 643
144 124 449
144 130 584
144 149 764
124 130 435
130 149 589
153 171 270
153 161 260
153 160 259
115 171 136
115 161 126
115 160 125
4 178 32
4 171 25
4 181 35
4 160 14
79 178 107
79 171 100
79 181 110
79 161 90
79 160 89
155 178 338
155 171 331
178 171 682
178 181 755
178 161 497
178 160 473
171 161 490
171 154 301
171 151 205
171 160 466
181 161 500
181 154 311
181 151 215
161 154 291
161 151 195
154 160 290
188 192 288
188 218 314
188 193 289
188 211 307
188 190 286
188 194 290
188 210 306
188 203 299
188 216 312
188 219 315
188 191 287
214 5 34
214 186 247
214 189 340
214 192 424
214 218 769
214 193 450
214 190 369
214 194 475
214 187 279
214 210 739
214 151 180
214 216 767
214 219 770
214 191 397
5 192 12
5 218 38
5 193 13
5 190 10
5 196 16
5 194 14
5 212 32
5 210 30
5 213 33
5 203 23
5 216 36
5 219 39
5 191 11
186 192 225
186 218 251
186 193 226
186 211 244
186 190 223
186 212 245
186 210 243
186 213 246
186 151 152
186 203 236
186 191 224
189 192 318
189 212 338
189 213 339
189 203 329
189 191 317
192 218 428
192 80 87
192 194 404
192 212 422
192 187 257
192 210 420
192 213 423
192 151 158
192 203 413
192 219 429
218 211 751
218 190 373
218 196 526
218 212 758
218 210 743
218 213 764
218 151 184
218 203 659
218 191 401
193 80 88
193 196 432
193 212 448
193 210 446
193 213 449
193 151 159
211 80 106
211 151 177
211 203 652
211 219 752
80 190 85
80 194 89
80 212 107
80 203 98
80 216 111
190 196 351
190 212 367
190 187 255
190 210 365
190 151 156
190 203 358
190 219 374
116 194 125
116 210 141
116 203 134
196 212 520
196 213 521
196 151 162
196 203 511
196 219 527
196 191 379
194 212 473
194 187 259
194 191 377
212 210 737
212 219 759
212 191 395
187 213 278
187 203 268
187 191 256
210 213 738
210 151 176
210 203 651
213 151 179
213 216 762
213 219 765
213 191 396
151 203 169
151 216 182
151 219 185
151 191 157
203 216 657
203 219 660
203 191 386
216 191 399
81 227 89
81 249 111
81 248 110
81 228 90
186 44 43
186 248 215
186 228 195
220 227 259
220 44 45
220 228 260
227 44 52
227 6 14
227 117 125
227 221 290
249 44 74
249 6 36
249 228 501
249 221 312
252 229 527
252 6 39
252 228 504
252 221 315
44 229 54
44 248 73
44 6 1
44 117 41
44 228 53
44 222 47
229 6 16
248 6 35
248 228 500
248 221 311
117 228 126
228 221 291
153 275 176
153 220 152
153 276 177
153 266 167
153 283 184
153 284 185
153 258 159
153 264 165
153 281 182
153 261 162
153 271 172
275 220 243
275 253 306
275 283 743
275 118 141
275 277 737
275 258 446
275 264 581
275 7 30
275 271 693
220 276 244
220 266 234
220 283 251
220 277 245
220 258 226
220 264 232
220 271 239
253 276 307
253 266 297
253 283 314
253 280 311
253 284 315
253 258 289
253 264 295
253 281 312
253 271 302
276 283 751
276 284 752
276 264 582
276 82 106
276 271 694
266 283 626
266 254 327
266 277 620
266 187 201
266 284 627
266 261 509
266 82 96
266 7 21
266 271 614
283 277 758
283 264 589
283 261 526
283 7 38
283 271 701
118 271 137
280 277 755
280 187 215
280 264 586
280 82 110
280 7 35
254 277 338
254 264 325
254 271 332
277 284 759
277 258 448
277 261 520
277 82 107
277 7 32
277 271 695
187 264 199
187 271 206
284 261 527
284 7 39
284 271 702
258 264 435
258 261 432
258 82 88
258 7 13
258 271 442
264 281 587
264 261 507
264 82 94
264 7 19
264 271 577
281 82 111
281 7 36
281 271 699
261 7 16
82 271 101
7 271 26
188 46 43
309 253 278
309 8 33
309 154 179
309 46 71
309 292 521
309 285 339
309 221 246
253 46 45
253 310 279
308 83 107
308 8 32
308 46 70
308 292 520
308 285 338
308 221 245
8 46 1
8 292 16
8 310 34
154 46 42
154 292 162
154 221 152
154 310 180
119 46 41
46 292 54
46 285 47
46 310 72
285 310 340
221 310 247
322 319 432
322 9 16
322 155 162
322 343 525
322 316 351
322 345 527
322 344 526
189 341 215
189 343 217
189 321 195
120 320 125
120 336 141
120 321 126
341 9 35
341 84 110
341 321 500
341 285 311
319 9 13
319 155 159
319 84 88
319 336 446
319 321 431
319 222 226
319 285 289
9 342 36
9 320 14
9 336 30
9 316 10
9 345 39
9 344 38
337 155 177
337 84 106
337 222 244
337 345 752
337 344 751
337 285 307
155 342 182
155 343 183
155 336 176
155 316 156
155 222 152
155 345 185
155 344 184
342 84 111
342 321 501
342 285 312
320 84 89
320 343 478
320 254 259
320 285 290
84 321 90
84 316 85
343 254 282
343 321 502
343 222 250
343 285 313
254 321 260
254 316 255
336 321 495
336 316 365
336 222 243
336 344 743
336 285 306
321 316 350
321 345 504
321 344 503
321 285 291
316 222 223
316 345 374
316 344 373
316 285 286
222 344 251
345 285 315
344 285 314
362 356 615
362 361 690
362 370 710
362 349 468
362 190 207
362 121 138
362 348 443
362 368 708
362 316 333
362 357 632
362 371 711
356 361 614
356 190 201
356 360 613
356 359 612
356 368 621
356 316 327
356 372 625
361 349 467
361 190 206
361 121 137
361 348 442
361 368 696
361 347 416
361 316 332
361 357 631
361 372 700
361 352 536
361 371 699
361 366 694
370 190 215
370 359 671
370 368 761
370 357 640
370 352 545
370 346 398
349 360 466
349 121 125
349 359 465
349 347 404
349 357 463
349 372 478
349 352 458
349 346 377
190 360 205
190 359 204
190 357 202
190 372 217
190 352 197
360 121 136
360 348 441
360 368 683
360 347 415
360 316 331
360 357 630
360 372 687
360 371 686
360 346 388
121 359 135
121 352 128
359 348 440
359 368 669
359 347 414
359 316 330
359 357 629
359 352 534
359 346 387
348 368 449
368 347 423
368 316 339
368 372 763
368 352 543
368 371 762
368 346 396
347 316 318
347 372 427
316 357 328
316 352 323
316 346 317
357 372 642
357 371 641
357 346 385
372 352 547
352 371 546
371 346 399
393 390 705
393 389 693
393 122 141
393 49 68
393 375 420
393 380 540
393 376 446
393 346 365
402 390 714
402 384 627
402 389 702
402 375 429
402 380 549
402 394 752
402 346 374
390 384 615
390 86 102
390 389 690
390 122 138
390 49 65
390 376 443
390 191 207
384 86 96
384 389 614
384 49 59
384 400 625
384 191 201
86 389 101
86 375 87
86 380 92
86 394 106
86 376 88
86 346 85
389 122 137
389 49 64
389 375 416
389 380 536
389 394 694
389 376 442
389 400 700
389 191 206
122 49 41
122 380 128
49 375 50
49 380 55
49 394 69
49 376 51
49 191 43
49 346 48
375 400 427
380 400 547
380 191 197
400 191 217
406 412 510
406 375 379
406 411 509
406 347 351
406 417 515
406 403 432
412 192 202
412 375 385
412 405 487
412 426 641
412 417 632
412 425 640
192 405 195
192 411 201
192 417 207
192 407 197
192 425 215
375 405 378
375 426 399
375 425 398
405 411 486
405 426 501
405 123 126
405 347 350
405 417 492
405 407 482
405 425 500
405 403 431
411 417 615
426 417 711
426 407 546
123 417 138
123 407 128
417 425 710
417 403 443
407 425 545
433 430 458
433 451 545
433 319 323
433 193 197
433 455 549
433 452 546
433 453 547
433 258 262
433 454 548
433 124 128
439 451 656
439 319 329
439 455 660
439 452 657
439 348 358
439 453 658
439 376 386
439 258 268
439 454 659
439 124 134
439 403 413
439 447 652
430 434 459
430 453 478
430 438 463
430 376 377
430 258 259
430 124 125
430 403 404
451 193 215
451 434 566
451 438 640
451 376 398
319 437 327
319 434 324
319 438 328
319 376 317
319 403 318
193 437 201
193 434 198
193 453 217
193 438 202
437 455 627
437 453 625
437 454 626
434 455 570
434 452 567
434 348 353
434 453 568
434 376 381
434 258 263
434 454 569
434 124 129
434 403 408
434 447 562
455 348 374
455 438 644
455 403 429
455 447 752
452 438 641
452 376 399
348 258 255
348 454 373
453 438 642
453 258 282
453 403 427
438 376 385
438 258 267
438 454 643
376 258 256
376 454 401
258 403 257
454 403 428
454 447 751
470 474 729
470 430 445
470 349 364
470 456 494
470 227 242
470 472 727
470 320 335
470 194 209
470 464 650
470 160 175
470 457 517
474 430 449
474 456 498
474 476 761
474 227 246
474 320 339
474 479 764
474 462 621
474 471 738
474 160 179
474 457 521
474 480 765
474 477 762
430 456 431
430 227 226
430 471 446
430 160 159
430 457 432
349 456 350
349 227 223
349 479 373
349 464 358
349 471 365
349 160 156
349 457 351
349 480 374
456 476 500
456 479 503
456 194 195
456 462 486
456 464 488
456 471 495
456 480 504
456 477 501
476 194 215
476 464 656
227 472 244
227 479 251
227 462 234
227 464 236
227 471 243
227 160 152
472 479 751
472 464 652
472 160 177
472 480 752
320 462 327
320 464 329
479 462 626
479 464 659
479 471 743
479 160 184
479 457 526
194 462 201
462 160 167
462 457 509
462 480 627
464 471 651
464 160 169
464 457 511
464 480 660
464 477 657
471 160 176
160 457 162
160 480 185
160 477 182
457 480 527
489 456 465
489 15 24
489 405 414
489 161 170
489 321 330
489 228 237
456 15 14
456 405 404
456 491 467
15 405 12
15 481 16
15 491 26
405 161 158
405 321 318
405 491 416
405 228 225
496 161 177
496 491 694
496 228 244
481 161 162
161 491 172
161 228 152
321 491 332
491 228 239
322 406 318
322 512 330
322 505 323
322 514 332
322 513 331
322 522 340
406 512 414
406 91 87
406 514 416
406 229 225
406 518 420
406 513 415
406 292 288
406 261 257
406 457 404
406 522 424
512 523 671
512 505 534
512 91 99
512 127 135
512 229 237
512 196 204
512 518 666
512 292 300
512 261 269
512 457 465
512 522 670
523 505 545
523 91 110
523 196 215
523 481 500
523 292 311
523 522 766
505 91 92
505 514 536
505 127 128
505 229 230
505 196 197
505 481 482
505 518 540
505 524 546
505 292 293
505 261 262
505 457 458
505 522 544
91 514 101
91 481 90
91 513 100
91 524 111
91 519 106
91 457 89
514 127 137
514 229 239
514 196 206
514 518 693
514 524 699
514 292 302
514 519 694
514 457 467
514 522 697
127 481 126
127 518 141
127 513 136
127 457 125
229 518 243
229 513 238
229 519 244
229 522 247
196 481 195
196 513 205
481 518 495
481 513 490
481 524 501
481 292 291
481 261 260
481 522 499
518 513 680
518 292 306
518 522 739
513 524 686
513 292 301
513 261 270
513 457 466
513 522 684
524 292 312
524 522 767
292 519 307
292 457 290
261 457 259
261 522 279
457 522 475
528 505 506
528 535 556
528 380 381
528 541 562
528 537 558
528 407 408
528 352 353
433 529 435
433 505 432
433 535 441
433 537 443
529 505 507
529 535 576
529 380 382
529 541 582
529 537 578
529 407 409
529 352 354
505 380 379
505 531 509
505 537 515
505 532 510
505 352 351
505 533 511
535 380 388
535 531 613
535 407 415
535 532 630
535 533 646
380 532 385
380 533 386
541 533 652
531 537 615
537 532 632
537 533 648
407 533 413
352 533 358
528 563 542
528 551 530
528 565 544
563 434 448
563 552 620
434 551 436
434 565 450
434 550 435
552 565 622
585 529 544
585 590 770
585 572 622
585 264 279
529 571 530
529 583 542
529 590 549
529 264 262
529 130 128
571 590 609
571 264 265
571 130 131
583 590 759
583 572 620
590 572 627
590 574 660
590 550 570
590 573 644
574 264 268
574 130 134
264 550 263
264 573 267
130 550 129
593 95 98
593 598 649
593 607 658
571 95 94
571 598 579
571 607 588
602 95 107
602 598 718
602 607 757
602 591 620
95 551 93
95 592 97
95 591 96
551 598 559
551 607 568
592 598 633
592 607 642
598 604 720
604 607 768
604 591 622
607 591 625
356 616 363
356 266 255
356 617 364
356 552 353
356 572 354
356 618 365
356 611 358
356 591 355
384 610 385
384 616 391
384 266 256
384 623 398
384 617 392
384 552 381
384 462 377
384 572 382
384 624 399
384 611 386
384 591 383
619 616 717
619 617 727
619 552 562
619 572 582
619 611 652
619 591 601
610 616 633
610 266 267
610 623 640
610 617 634
610 462 463
610 624 641
610 618 635
437 616 444
437 617 445
437 572 435
437 618 446
437 591 436
616 266 273
616 623 721
616 411 418
616 531 538
616 132 139
616 552 559
616 462 469
616 572 579
616 611 649
266 617 274
266 411 257
266 531 262
266 552 263
266 462 259
266 611 268
266 591 265
623 531 545
623 552 566
623 572 586
623 611 656
623 591 605
617 411 419
617 531 539
617 132 140
617 552 560
617 572 580
617 611 650
617 591 599
411 552 408
411 462 404
411 572 409
411 618 420
411 611 413
411 591 410
531 132 128
531 462 458
531 624 546
531 618 540
531 591 530
132 552 129
132 462 125
132 618 141
132 611 134
132 591 131
552 462 459
552 624 567
552 618 561
462 572 460
462 591 461
572 624 587
572 618 581
624 611 657
624 591 606
618 611 651
618 591 600
639 412 424
639 610 622
639 438 450
639 357 369
639 532 544
412 553 408
412 638 423
412 628 413
412 637 422
412 592 410
412 573 409
553 638 564
553 357 353
553 636 562
553 133 129
610 638 621
610 637 620
638 438 449
638 592 603
638 532 543
638 573 584
628 357 358
628 636 652
628 133 134
637 438 448
637 357 367
637 532 542
438 592 436
438 573 435
592 357 355
592 636 601
592 532 530
592 133 131
357 573 354
636 573 582
532 133 128
439 593 436
439 653 448
439 654 449
439 574 435
439 655 450
554 654 564
554 464 459
554 203 198
593 654 603
593 464 461
593 203 200
593 533 530
653 464 473
653 611 620
653 533 542
628 464 463
628 203 202
654 574 584
654 611 621
654 533 543
464 574 460
464 533 458
464 655 475
574 203 199
203 611 201
203 533 197
611 655 622
533 655 544
512 673 525
512 359 351
512 663 515
661 489 490
661 673 687
661 672 686
489 673 502
489 672 501
489 359 350
489 663 492
673 662 700
672 662 699
672 663 711
667 662 694
662 663 690
677 171 173
677 513 515
677 685 710
677 676 690
681 171 177
681 676 694
661 535 534
661 171 170
661 685 671
535 171 163
535 685 545
535 676 536
360 171 156
360 513 351
171 513 162
171 676 172
361 514 351
361 491 350
361 271 255
389 514 379
389 491 378
389 662 387
389 698 398
389 676 388
389 271 256
491 698 500
491 676 490
491 271 260
662 698 671
662 271 269
676 271 270
362 27 10
677 27 25
677 390 388
677 712 687
677 417 415
27 390 11
27 417 12
27 537 17
27 663 24
390 663 387
712 417 427
712 537 547
417 663 414
537 663 534
715 598 599
722 66 74
722 598 606
722 103 111
725 616 627
725 598 609
616 66 59
616 723 625
616 103 96
66 598 58
66 716 68
598 716 600
470 715 469
470 67 52
470 733 478
470 104 89
715 734 724
715 731 721
734 617 626
734 726 743
731 67 73
731 104 110
617 67 59
617 735 627
617 733 625
617 104 96
726 67 68
67 732 74
732 104 111
393 275 256
393 741 399
393 726 392
393 740 398
393 336 317
393 518 379
393 471 377
393 716 391
742 275 282
742 518 525
742 210 217
742 471 478
742 618 625
275 726 274
275 471 259
275 716 273
744 518 527
744 618 627
744 736 752
741 105 111
726 336 335
726 518 517
726 210 209
726 736 727
740 105 110
740 210 215
740 716 721
105 471 89
105 618 96
105 736 106
336 618 327
336 716 334
518 618 509
518 716 516
210 618 201
210 716 208
471 716 469
736 716 717
421 681 415
421 750 427
421 747 424
421 276 257
421 337 318
421 472 404
421 667 414
421 745 422
421 31 12
421 736 420
421 746 423
681 750 687
681 747 684
681 142 136
681 619 613
681 276 270
681 211 205
681 496 490
681 337 331
681 394 388
681 472 466
681 745 682
681 31 25
681 636 630
681 749 686
681 736 680
681 746 683
681 447 441
750 747 768
750 619 625
750 276 282
750 211 217
750 496 502
750 541 547
750 472 478
750 745 757
750 636 642
750 746 763
750 519 525
706 747 709
706 142 138
706 619 615
706 276 272
706 211 207
706 496 492
706 337 333
706 748 710
706 472 468
706 745 707
706 636 632
706 749 711
706 736 705
706 746 708
706 519 515
706 447 443
747 619 622
747 276 279
747 496 499
747 337 340
747 541 544
747 748 766
747 394 397
747 472 475
747 667 670
747 31 34
747 749 767
747 736 739
747 366 369
747 447 450
142 496 126
142 541 128
142 472 125
142 667 135
142 736 141
619 211 201
619 496 486
619 337 327
619 667 612
619 745 620
619 31 21
619 746 621
619 519 509
276 496 260
276 541 262
276 394 256
276 472 259
276 667 269
276 636 267
276 746 278
276 366 255
211 496 195
211 541 197
211 748 215
211 667 204
211 636 202
496 541 482
496 748 500
496 394 378
496 745 497
496 636 487
496 749 501
496 736 495
496 746 498
496 366 350
496 447 431
337 541 323
337 394 317
337 667 330
337 745 338
337 636 328
337 746 339
541 748 545
541 472 458
541 667 534
541 745 542
541 31 17
541 749 546
541 736 540
541 746 543
748 394 398
748 667 671
748 745 755
748 31 35
748 636 640
748 746 761
394 472 377
394 667 387
394 745 395
394 31 11
394 636 385
394 749 399
394 746 396
394 519 379
472 667 465
472 745 473
472 31 14
472 636 463
667 745 668
667 31 24
667 636 629
667 736 666
667 746 669
667 447 440
745 31 32
745 736 737
745 519 520
745 366 367
745 447 448
31 636 22
31 749 36
31 736 30
31 746 33
31 519 16
31 366 10
31 447 13
636 749 641
636 736 635
636 519 510
749 746 762
736 746 738
736 366 365
736 447 446
746 519 521
746 447 449
519 366 351
519 447 432
753 563 564
753 602 603
753 583 584
753 178 179
753 277 278
753 756 762
653 178 169
653 143 134
653 745 652
653 308 299
653 277 268
653 756 657
563 178 164
563 143 129
563 745 562
563 308 294
563 277 263
563 212 198
563 756 567
602 178 166
602 143 131
602 745 601
602 308 296
602 277 265
602 212 200
602 756 606
583 178 165
583 745 582
583 308 295
583 212 199
583 756 587
637 178 168
637 308 298
637 277 267
637 212 202
637 756 641
178 745 177
178 756 182
178 754 180
745 308 307
308 756 312
277 754 279
756 754 767
760 474 475
760 368 369
474 753 473
474 309 290
474 108 89
474 638 463
474 144 125
753 108 107
753 368 367
309 638 298
309 368 286
309 654 299
309 746 307
108 638 97
108 368 85
108 654 98
108 746 106
638 213 202
368 654 358
654 144 134
654 746 652
109 585 94
109 639 97
109 747 106
109 754 107
109 655 98
109 565 93
214 585 199
214 639 202
214 604 200
214 565 198
760 585 584
760 604 603
760 565 564
760 522 521
585 747 582
585 310 295
585 522 507
639 310 298
639 522 510
145 604 131
145 655 134
145 565 129
747 604 601
747 655 652
747 565 562
747 310 307
604 310 296
604 522 508
754 522 520
655 310 299
655 522 511
565 310 294
565 522 506
146 476 125
146 731 140
146 740 141
146 698 137
146 685 136
523 773 526
523 370 351
523 451 432
523 623 509
523 731 517
523 181 162
523 772 525
523 774 527
773 370 373
773 623 626
773 748 751
773 181 184
773 740 743
773 248 251
773 425 428
773 698 701
773 685 688
341 623 327
341 731 335
341 425 318
341 698 332
341 685 331
370 731 364
370 280 255
370 181 156
370 740 365
370 248 223
370 774 374
451 731 445
451 181 159
451 740 446
451 248 226
451 698 442
451 685 441
476 280 259
476 772 478
476 425 404
476 698 467
476 685 466
623 181 167
623 248 234
623 772 625
623 698 614
623 685 613
623 774 627
731 748 727
731 280 274
731 181 175
731 248 242
731 425 419
731 698 692
731 685 679
748 181 177
748 248 244
748 698 694
748 774 752
771 181 182
771 698 699
771 685 686
280 772 282
280 425 257
280 685 270
181 740 176
181 248 152
181 772 183
181 425 158
181 698 172
181 774 185
740 248 243
740 425 420
740 698 693
740 685 680
248 772 250
248 425 225
248 698 239
248 685 238
772 425 427
772 698 700
772 685 687
425 698 416
425 685 415
425 774 429
698 774 702
685 774 689
775 249 250
775 426 427
775 756 757
775 624 625
775 524 525
775 281 282
775 216 217
775 477 478
722 147 139
722 249 241
722 672 664
722 342 334
722 452 444
722 771 721
722 426 418
722 756 718
722 749 717
722 524 516
722 776 724
722 281 273
722 216 208
722 371 363
722 477 469
741 147 141
741 249 243
741 672 666
741 452 446
741 426 420
741 756 737
741 776 743
741 371 365
147 672 135
147 732 140
147 477 125
249 672 237
249 452 226
249 426 225
249 756 245
249 624 234
249 732 242
249 749 244
249 776 251
249 371 223
777 672 675
777 426 429
777 756 759
777 624 627
777 749 752
777 524 527
777 371 374
672 342 330
672 452 440
672 771 671
672 426 414
672 756 668
672 624 612
672 732 665
672 776 674
672 281 269
672 216 204
672 477 465
342 426 318
342 756 338
342 624 327
342 732 335
452 756 448
452 732 445
452 524 432
771 756 755
771 216 215
426 756 422
426 732 419
426 776 428
426 281 257
426 477 404
756 624 620
756 732 728
756 524 520
756 776 758
756 371 367
756 477 473
624 524 509
624 776 626
624 216 201
732 749 727
732 524 517
732 281 274
732 216 209
732 371 364
749 776 751
524 776 526
524 371 351
776 371 373
281 371 255
281 477 259
779 750 752
779 673 675
779 37 39
779 712 714
779 372 374
779 607 609
750 75 69
750 778 751
750 112 106
750 607 601
750 733 727
750 723 717
775 37 36
775 75 74
775 112 111
775 712 711
775 607 606
775 400 399
673 742 666
673 37 24
673 75 62
673 778 674
673 112 99
673 343 330
673 453 440
673 148 135
673 772 671
673 607 594
673 733 665
673 723 664
673 400 387
742 37 30
742 75 68
742 778 743
742 712 705
742 453 446
742 148 141
742 372 365
742 607 600
37 75 1
37 778 38
37 453 13
37 372 10
37 772 35
37 607 20
37 733 29
37 723 28
37 400 11
75 712 65
75 343 47
75 453 51
75 148 41
75 372 48
75 772 73
75 607 58
778 712 713
778 372 373
778 607 608
778 723 724
778 400 401
112 712 102
112 453 88
112 372 85
112 772 110
712 343 333
712 453 443
712 148 138
712 772 710
712 607 597
712 733 704
712 723 703
343 607 326
343 733 335
343 723 334
343 400 317
453 607 436
453 733 445
453 723 444
148 607 131
148 733 140
148 723 139
372 607 355
372 733 364
372 723 363
772 607 605
772 723 721
772 400 398
607 733 599
607 400 383
733 400 392
723 400 391
773 113 110
773 218 215
773 76 73
734 218 209
734 283 274
734 344 335
734 454 445
734 149 140
113 479 89
113 776 111
113 454 88
218 778 217
218 76 43
778 283 282
778 479 478
283 479 259
283 76 45
479 76 52
479 149 125
76 776 74
76 344 47
76 454 51
76 149 41
402 725 391
402 252 224
402 777 399
402 590 382
402 780 401
402 735 392
402 284 256
402 345 317
402 774 398
402 480 377
779 252 250
779 590 588
779 284 282
779 219 217
779 480 478
114 455 88
114 777 111
114 590 94
114 774 110
114 480 89
725 252 241
725 455 444
725 590 579
725 780 724
725 150 139
725 284 273
725 345 334
725 219 208
725 774 721
725 480 469
744 252 243
744 455 446
744 590 581
744 780 743
744 150 141
744 77 68
252 455 226
252 590 232
252 780 251
252 735 242
455 590 435
455 77 51
455 735 445
777 590 587
777 77 74
590 780 589
590 77 57
590 735 580
590 345 325
590 219 199
590 774 586
590 480 460
150 77 41
150 735 140
150 480 125
77 284 45
77 345 47
77 219 43
77 774 73
77 480 52
735 284 274
735 345 335
735 219 209
284 480 259
219 774 215
1 1 -1 -1 -1 -1 -1 -1 -1 -1 1 1 1 1 1 -1 1 1 1 1 1 1 1 1 1 1 1 -1 1 1 1 -1 1 1 1 1 1 -1 1 1 
1 1 -1 1 1 1 -1 1 -1 1 1 -1 1 1 1 1 1 1 1 1 1 1 1 1 1 1 1 1 -1 -1 1 1 1 1 1 1 1 -1 -1 -1 
-1 -1 1 -1 -1 -1 -1 -1 -1 -1 1 -1 1 1 1 1 -1 1 1 1 -1 1 1 1 1 1 1 1 -1 -1 -1 1 1 -1 -1 1 1 -1 -1 -1 
-1 1 -1 1 -1 -1 -1 -1 -1 -1 -1 -1 -1 -1 1 1 -1 1 1 -1 1 -1 -1 1 1 1 1 1 1 1 1 -1 -1 -1 -1 -1 -1 -1 -1 -1 
-1 1 -1 -1 1 -1 1 -1 -1 -1 1 1 1 1 -1 -1 1 1 1 1 1 1 1 1 1 -1 1 1 1 1 1 1 -1 1 1 -1 1 1 1 1 
-1 1 -1 -1 -1 1 -1 -1 -1 -1 -1 -1 -1 -1 -1 1 -1 1 1 1 1 1 1 -1 1 1 1 1 1 1 -1 -1 -1 -1 -1 1 -1 1 -1 -1 
-1 -1 -1 -1 1 -1 1 -1 -1 -1 1 1 1 1 -1 -1 -1 1 1 1 1 1 1 1 1 1 1 1 1 1 1 1 1 1 1 -1 -1 1 1 -1 
-1 1 -1 -1 -1 -1 -1 1 -1 -1 1 1 1 -1 1 1 -1 1 1 -1 1 -1 1 1 1 1 -1 1 1 1 -1 -1 -1 1 1 -1 -1 1 -1 -1 
-1 -1 -1 -1 -1 -1 -1 -1 1 -1 1 1 1 1 1 1 -1 1 1 1 1 1 1 1 1 1 1 1 1 1 1 1 -1 -1 -1 1 1 1 1 1 
-1 1 -1 -1 -1 -1 -1 -1 -1 1 -1 1 1 -1 -1 -1 -1 1 1 1 1 1 1 1 1 1 1 1 1 1 -1 -1 1 1 1 -1 -1 -1 -1 -1 
1 1 1 -1 1 -1 1 1 1 -1 1 -1 -1 -1 -1 1 1 -1 1 1 1 -1 -1 1 -1 -1 -1 -1 1 1 1 -1 1 -1 1 -1 -1 -1 1 1 
1 -1 -1 -1 1 -1 1 1 1 1 -1 1 -1 -1 1 1 1 -1 1 1 1 -1 1 1 1 1 -1 -1 1 1 -1 -1 1 1 1 1 1 -1 1 -1 
1 1 1 -1 1 -1 1 1 1 1 -1 -1 1 -1 1 -1 -1 -1 1 1 1 -1 -1 1 1 1 1 -1 1 1 1 -1 1 1 1 -1 -1 1 1 1 
1 1 1 -1 1 -1 1 -1 1 -1 -1 -1 -1 1 -1 1 1 -1 -1 1 1 -1 -1 -1 1 1 1 1 1 1 1 -1 1 1 1 -1 -1 -1 -1 -1 
1 1 1 1 -1 -1 -1 1 1 -1 -1 1 1 -1 1 -1 -1 1 1 1 1 -1 1 -1 1 1 1 1 1 -1 -1 -1 1 -1 1 -1 -1 1 -1 -1 
-1 1 1 1 -1 1 -1 1 1 -1 1 1 -1 1 -1 1 -1 1 1 1 1 1 1 1 -1 1 -1 1 1 1 1 -1 1 1 1 1 1 1 1 1 
1 1 -1 -1 1 -1 -1 -1 -1 -1 1 1 -1 1 -1 -1 1 -1 1 1 1 1 1 1 -1 -1 -1 1 1 1 -1 -1 1 1 -1 -1 -1 1 1 1 
1 1 1 1 1 1 1 1 1 1 -1 -1 -1 -1 1 1 -1 1 -1 -1 1 -1 -1 -1 1 -1 1 -1 1 1 1 -1 1 1 1 1 1 1 1 1 
1 1 1 1 1 1 1 1 1 1 1 1 1 -1 1 1 1 -1 1 -1 -1 -1 -1 -1 1 1 1 1 1 1 1 1 -1 1 -1 1 1 1 1 1 
1 1 1 -1 1 1 1 -1 1 1 1 1 1 1 1 1 1 -1 -1 1 -1 -1 -1 -1 1 1 1 1 1 1 1 1 -1 1 -1 1 1 1 1 -1 
1 1 -1 1 1 1 1 1 1 1 1 1 1 1 1 1 1 1 -1 -1 1 -1 -1 -1 1 1 1 1 -1 1 1 1 -1 1 -1 1 1 -1 1 1 
1 1 1 -1 1 1 1 -1 1 1 -1 -1 -1 -1 -1 1 1 -1 -1 -1 -1 1 -1 -1 1 1 1 1 -1 -1 -1 -1 1 1 1 -1 -1 1 1 1 
1 1 1 -1 1 1 1 1 1 1 -1 1 -1 -1 1 1 1 -1 -1 -1 -1 -1 1 -1 1 1 1 1 1 1 1 -1 -1 -1 -1 1 1 1 1 1 
1 1 1 1 1 -1 1 1 1 1 1 1 1 -1 -1 1 1 -1 -1 -1 -1 -1 -1 1 1 1 1 1 1 1 1 1 -1 -1 -1 1 1 1 1 1 
1 1 1 1 1 1 1 1 1 1 -1 1 1 1 1 -1 -1 1 1 1 1 1 1 1 1 -1 -1 -1 1 1 1 -1 1 1 1 1 -1 -1 1 1 
1 1 1 1 -1 1 1 1 1 1 -1 1 1 1 1 1 -1 -1 1 1 1 1 1 1 -1 1 -1 -1 1 1 1 -1 1 1 1 -1 1 1 1 1 
1 1 1 1 1 1 1 -1 1 1 -1 -1 1 1 1 -1 -1 1 1 1 1 1 1 1 -1 -1 1 1 1 1 1 1 1 1 1 -1 1 1 1 1 
-1 1 1 1 1 1 1 1 1 1 -1 -1 -1 1 1 1 1 -1 1 1 1 1 1 1 -1 -1 1 1 1 1 1 -1 1 1 1 1 1 -1 1 1 
1 -1 -1 1 1 1 1 1 1 1 1 1 1 1 1 1 1 1 1 1 -1 -1 1 1 1 1 1 1 1 -1 -1 1 1 1 1 1 -1 -1 1 -1 
1 -1 -1 1 1 1 1 1 1 1 1 1 1 1 -1 1 1 1 1 1 1 -1 1 1 1 1 1 1 -1 1 -1 1 1 1 1 -1 -1 -1 -1 -1 
1 1 -1 1 1 -1 1 -1 1 -1 1 -1 1 1 -1 1 -1 1 1 1 1 -1 1 1 1 1 1 1 -1 -1 1 -1 1 1 1 -1 -1 -1 1 -1 
-1 1 1 -1 1 -1 1 -1 1 -1 -1 -1 -1 -1 -1 -1 -1 -1 1 1 1 -1 -1 1 -1 -1 1 -1 1 1 -1 1 -1 -1 -1 -1 -1 -1 1 1 
1 1 1 -1 -1 -1 1 -1 -1 1 1 1 1 1 1 1 1 1 -1 -1 -1 1 -1 -1 1 1 1 1 1 1 1 -1 1 -1 -1 1 -1 1 1 1 
1 1 -1 -1 1 -1 1 1 -1 1 -1 1 1 1 -1 1 1 1 1 1 1 1 -1 -1 1 1 1 1 1 1 1 -1 -1 1 -1 1 1 1 1 1 
1 1 -1 -1 1 -1 1 1 -1 1 1 1 1 1 1 1 -1 1 -1 -1 -1 1 -1 -1 1 1 1 1 1 1 1 -1 -1 -1 1 1 1 1 1 1 
1 1 1 -1 -1 1 -1 -1 1 -1 -1 1 -1 -1 -1 1 -1 1 1 1 1 -1 1 1 1 -1 -1 1 1 -1 -1 -1 1 1 1 1 -1 -1 -1 -1 
1 1 1 -1 1 -1 -1 -1 1 -1 -1 1 -1 -1 -1 1 -1 1 1 1 1 -1 1 1 -1 1 1 1 -1 -1 -1 -1 -1 1 1 -1 1 -1 -1 -1 
-1 -1 -1 -1 1 1 1 1 1 -1 -1 -1 1 -1 1 1 1 1 1 1 -1 1 1 1 -1 1 1 -1 -1 -1 -1 -1 1 1 1 -1 -1 1 -1 -1 
1 -1 -1 -1 1 -1 1 -1 1 -1 1 1 1 -1 -1 1 1 1 1 1 1 1 1 1 1 1 1 1 1 -1 1 1 1 1 1 -1 -1 -1 1 -1 
1 -1 -1 -1 1 -1 -1 -1 1 -1 1 -1 1 -1 -1 1 1 1 1 -1 1 1 1 1 1 1 1 1 -1 -1 -1 1 1 1 1 -1 -1 -1 -1 1 

0 1 2 3 4 5 6 7 8 9 10 11 12 13 14 15 16 17 18 19 20 21 22 23 24 25 26 27 28 29 30 31 32 33 34 35 36 37 38 39 
1 0 40 41 42 43 44 45 46 47 48 49 50 51 52 53 54 55 56 57 58 59 60 61 62 63 64 65 66 67 68 69 70 71 72 73 74 75 76 77 
2 40 0 78 79 80 81 82 83 84 85 86 87 88 89 90 91 92 93 94 95 96 97 98 99 100 101 102 103 104 105 106 107 108 109 110 111 112 113 114 
3 41 78 0 115 116 117 118 119 120 121 122 123 124 125 126 127 128 129 130 131 132 133 134 135 136 137 138 139 140 141 142 143 144 145 146 147 148 149 150 
4 42 79 115 0 151 152 153 154 155 156 157 158 159 160 161 162 163 164 165 166 167 168 169 170 171 172 173 174 175 176 177 178 179 180 181 182 183 184 185 
5 43 80 116 151 0 186 187 188 189 190 191 192 193 194 195 196 197 198 199 200 201 202 203 204 205 206 207 208 209 210 211 212 213 214 215 216 217 218 219 
6 44 81 117 152 186 0 220 221 222 223 224 225 226 227 228 229 230 231 232 233 234 235 236 237 238 239 240 241 242 243 244 245 246 247 248 249 250 251 252 
7 45 82 118 153 187 220 0 253 254 255 256 257 258 259 260 261 262 263 264 265 266 267 268 269 270 271 272 273 274 275 276 277 278 279 280 281 282 283 284 
8 46 83 119 154 188 221 253 0 285 286 287 288 289 290 291 292 293 294 295 296 297 298 299 300 301 302 303 304 305 306 307 308 309 310 311 312 313 314 315 
9 47 84 120 155 189 222 254 285 0 316 317 318 319 320 321 322 323 324 325 326 327 328 329 330 331 332 333 334 335 336 337 338 339 340 341 342 343 344 345 
10 48 85 121 156 190 223 255 286 316 0 346 347 348 349 350 351 352 353 354 355 356 357 358 359 360 361 362 363 364 365 366 367 368 369 370 371 372 373 374 
11 49 86 122 157 191 224 256 287 317 346 0 375 376 377 378 379 380 381 382 383 384 385 386 387 388 389 390 391 392 393 394 395 396 397 398 399 400 401 402 
12 50 87 123 158 192 225 257 288 318 347 375 0 403 404 405 406 407 408 409 410 411 412 413 414 415 416 417 418 419 420 421 422 423 424 425 426 427 428 429 
13 51 88 124 159 193 226 258 289 319 348 376 403 0 430 431 432 433 434 435 436 437 438 439 440 441 442 443 444 445 446 447 448 449 450 451 452 453 454 455 
14 52 89 125 160 194 227 259 290 320 349 377 404 430 0 456 457 458 459 460 461 462 463 464 465 466 467 468 469 470 471 472 473 474 475 476 477 478 479 480 
15 53 90 126 161 195 228 260 291 321 350 378 405 431 456 0 481 482 483 484 485 486 487 488 489 490 491 492 493 494 495 496 497 498 499 500 501 502 503 504 
16 54 91 127 162 196 229 261 292 322 351 379 406 432 457 481 0 505 506 507 508 509 510 511 512 513 514 515 516 517 518 519 520 521 522 523 524 525 526 527 
17 55 92 128 163 197 230 262 293 323 352 380 407 433 458 482 505 0 528 529 530 531 532 533 534 535 536 537 538 539 540 541 542 543 544 545 546 547 548 549 
18 56 93 129 164 198 231 263 294 324 353 381 408 434 459 483 506 528 0 550 551 552 553 554 555 556 557 558 559 560 561 562 563 564 565 566 567 568 569 570 
19 57 94 130 165 199 232 264 295 325 354 382 409 435 460 484 507 529 550 0 571 572 573 574 575 576 577 578 579 580 581 582 583 584 585 586 587 588 589 590 
20 58 95 131 166 200 233 265 296 326 355 383 410 436 461 485 508 530 551 571 0 591 592 593 594 595 596 597 598 599 600 601 602 603 604 605 606 607 608 609 
21 59 96 132 167 201 234 266 297 327 356 384 411 437 462 486 509 531 552 572 591 0 610 611 612 613 614 615 616 617 618 619 620 621 622 623 624 625 626 627 
22 60 97 133 168 202 235 267 298 328 357 385 412 438 463 487 510 532 553 573 592 610 0 628 629 630 631 632 633 634 635 636 637 638 639 640 641 642 643 644 
23 61 98 134 169 203 236 268 299 329 358 386 413 439 464 488 511 533 554 574 593 611 628 0 645 646 647 648 649 650 651 652 653 654 655 656 657 658 659 660 
24 62 99 135 170 204 237 269 300 330 359 387 414 440 465 489 512 534 555 575 594 612 629 645 0 661 662 663 664 665 666 667 668 669 670 671 672 673 674 675 
25 63 100 136 171 205 238 270 301 331 360 388 415 441 466 490 513 535 556 576 595 613 630 646 661 0 676 677 678 679 680 681 682 683 684 685 686 687 688 689 
26 64 101 137 172 206 239 271 302 332 361 389 416 442 467 491 514 536 557 577 596 614 631 647 662 676 0 690 691 692 693 694 695 696 697 698 699 700 701 702 
27 65 102 138 173 207 240 272 303 333 362 390 417 443 468 492 515 537 558 578 597 615 632 648 663 677 690 0 703 704 705 706 707 708 709 710 711 712 713 714 
28 66 103 139 174 208 241 273 304 334 363 391 418 444 469 493 516 538 559 579 598 616 633 649 664 678 691 703 0 715 716 717 718 719 720 721 722 723 724 725 
29 67 104 140 175 209 242 274 305 335 364 392 419 445 470 494 517 539 560 580 599 617 634 650 665 679 692 704 715 0 726 727 728 729 730 731 732 733 734 735 
30 68 105 141 176 210 243 275 306 336 365 393 420 446 471 495 518 540 561 581 600 618 635 651 666 680 693 705 716 726 0 736 737 738 739 740 741 742 743 744 
31 69 106 142 177 211 244 276 307 337 366 394 421 447 472 496 519 541 562 582 601 619 636 652 667 681 694 706 717 727 736 0 745 746 747 748 749 750 751 752 
32 70 107 143 178 212 245 277 308 338 367 395 422 448 473 497 520 542 563 583 602 620 637 653 668 682 695 707 718 728 737 745 0 753 754 755 756 757 758 759 
33 71 108 144 179 213 246 278 309 339 368 396 423 449 474 498 521 543 564 584 603 621 638 654 669 683 696 708 719 729 738 746 753 0 760 761 762 763 764 765 
34 72 109 145 180 214 247 279 310 340 369 397 424 450 475 499 522 544 565 585 604 622 639 655 670 684 697 709 720 730 739 747 754 760 0 766 767 768 769 770 
35 73 110 146 181 215 248 280 311 341 370 398 425 451 476 500 523 545 566 586 605 623 640 656 671 685 698 710 721 731 740 748 755 761 766 0 771 772 773 774 
36 74 111 147 182 216 249 281 312 342 371 399 426 452 477 501 524 546 567 587 606 624 641 657 672 686 699 711 722 732 741 749 756 762 767 771 0 775 776 777 
37 75 112 148 183 217 250 282 313 343 372 400 427 453 478 502 525 547 568 588 607 625 642 658 673 687 700 712 723 733 742 750 757 763 768 772 775 0 778 779 
38 76 113 149 184 218 251 283 314 344 373 401 428 454 479 503 526 548 569 589 608 626 643 659 674 688 701 713 724 734 743 751 758 764 769 773 776 778 0 780 
39 77 114 150 185 219 252 284 315 345 374 402 429 455 480 504 527 549 570 590 609 627 644 660 675 689 702 714 725 735 744 752 759 765 770 774 777 779 780 0 
