40 780 1324
-1 -1 -1 -1 -1 -1 -1 -1 -1 -1 -1 -1 -1 -1 -1 1 1 1 1 1 1 1 1 1 1 1 1 1 -1 1 1 1 1 1 1 1 1 -1 1 -1 -1 -1 -1 -1 -1 -1 -1 -1 -1 -1 -1 -1 -1 -1 1 1 -1 1 -1 1 1 1 -1 -1 1 1 1 1 -1 1 -1 1 1 1 1 -1 1 -1 -1 -1 -1 -1 -1 -1 -1 -1 -1 -1 -1 -1 -1 1 1 1 1 1 1 1 1 1 1 1 1 1 1 1 1 1 1 1 1 1 1 1 -1 -1 -1 -1 -1 -1 -1 -1 -1 -1 -1 -1 1 1 1 1 1 1 1 1 1 1 1 1 1 1 1 1 1 1 1 1 1 1 1 1 -1 -1 -1 -1 -1 -1 -1 -1 -1 -1 -1 1 1 1 1 1 1 1 1 1 1 1 1 1 1 1 1 1 1 1 1 1 1 1 1 -1 -1 -1 -1 -1 -1 -1 -1 -1 -1 1 1 1 1 1 1 1 1 1 1 1 1 1 1 1 1 1 1 1 1 1 1 1 1 -1 -1 -1 -1 -1 -1 -1 -1 -1 1 1 1 1 1 1 -1 1 1 1 1 1 1 -1 1 1 1 1 1 1 1 1 1 1 -1 -1 -1 -1 -1 -1 -1 -1 1 1 1 1 1 1 1 1 1 1 1 1 -1 -1 1 1 1 1 1 1 1 1 1 1 -1 -1 -1 -1 -1 -1 -1 1 1 1 1 1 1 1 1 1 1 1 1 1 -1 1 1 1 1 1 1 1 1 1 1 -1 -1 -1 -1 -1 -1 1 1 1 1 1 1 1 1 1 1 1 1 1 1 1 1 -1 1 1 1 -1 -1 1 1 -1 -1 -1 -1 -1 1 1 1 1 1 1 1 1 1 1 1 1 1 1 1 1 1 1 1 1 1 1 1 1 -1 -1 -1 -1 1 1 1 1 1 1 1 1 1 1 1 1 1 1 1 1 1 1 1 1 1 1 -1 1 -1 -1 -1 1 1 1 1 1 1 1 1 1 1 -1 1 1 1 1 1 1 1 1 1 -1 -1 1 -1 -1 -1 1 1 1 1 1 1 1 1 1 1 1 1 1 1 1 1 1 1 1 1 1 1 -1 1 -1 -1 1 -1 -1 1 -1 -1 1 1 1 1 1 1 1 1 1 1 1 1 1 1 1 1 1 -1 1 -1 -1 1 -1 1 1 1 1 1 1 1 1 1 1 1 1 1 1 1 1 1 1 -1 -1 -1 -1 -1 -1 -1 1 1 1 1 1 1 -1 1 1 -1 1 1 1 1 1 1 -1 -1 -1 -1 -1 -1 1 1 -1 -1 -1 -1 -1 1 1 -1 1 1 1 1 -1 1 -1 -1 -1 -1 -1 1 1 1 1 1 1 -1 1 1 1 1 1 1 1 1 1 -1 -1 -1 -1 1 -1 -1 1 1 1 1 -1 1 -1 1 1 1 1 -1 1 -1 -1 -1 1 1 1 1 1 1 -1 1 1 1 1 1 1 1 1 1 -1 -1 1 1 1 1 1 1 -1 -1 1 -1 1 1 1 1 1 1 -1 1 -1 -1 1 1 1 1 1 1 1 -1 -1 1 1 1 1 1 -1 -1 1 -1 1 1 1 1 1 1 -1 1 1 1 1 -1 -1 -1 -1 -1 -1 -1 -1 -1 -1 -1 -1 -1 -1 -1 -1 -1 -1 -1 -1 -1 1 -1 -1 1 -1 1 -1 1 -1 -1 -1 -1 -1 1 -1 -1 1 -1 -1 -1 -1 -1 -1 -1 -1 -1 -1 -1 -1 -1 -1 -1 -1 -1 -1 -1 -1 -1 -1 -1 -1 -1 -1 -1 -1 -1 1 -1 -1 1 -1 1 -1 1 -1 1 -1 -1 1 -1 1 -1 -1 1 -1 -1 -1 -1 -1 -1 -1 1 -1 -1 -1 -1 -1 -1 -1 1 -1 -1 -1 1 -1 -1 -1 -1 -1 -1 1 -1 -1 -1 -1 -1 -1 -1 -1 
5 29 209
5 38 218
10 29 364
10 38 373
11 29 392
14 29 470
14 38 479
15 29 494
15 38 503
4 29 175
4 38 184
9 29 335
9 38 344
29 2 104
29 13 445
29 3 140
29 1 67
29 12 419
2 38 113
3 38 149
8 38 314
6 38 251
12 38 428
38 7 283
59 42 167
59 64 614
59 43 201
59 48 356
59 49 384
59 44 234
59 45 266
59 50 411
59 76 626
59 40 96
59 51 437
59 41 132
59 63 613
59 1 21
59 46 297
59 47 327
42 64 172
42 69 177
42 54 162
42 71 179
42 76 184
42 57 165
42 63 171
64 43 206
64 54 514
64 48 361
64 49 389
64 44 239
64 45 271
64 40 101
64 51 442
64 41 137
64 1 26
64 46 302
64 53 491
64 47 332
64 52 467
43 69 211
43 54 196
43 71 213
43 76 218
43 57 199
43 63 205
69 54 519
69 48 366
69 49 394
69 44 244
69 45 276
69 50 421
69 40 106
69 51 447
69 41 142
69 1 31
69 46 307
69 53 496
69 47 337
69 52 472
54 48 351
54 49 379
54 44 229
54 45 261
54 50 406
54 76 526
54 51 432
54 41 127
54 63 513
54 1 16
54 46 292
54 47 322
48 71 368
48 76 373
48 57 354
48 63 360
49 71 396
49 57 382
49 63 388
44 71 246
44 76 251
44 57 232
44 63 238
45 71 278
45 76 283
45 57 264
45 63 270
71 50 423
71 40 108
71 51 449
71 41 144
71 1 33
71 46 309
71 53 498
71 47 339
71 52 474
50 76 428
50 57 409
50 63 415
76 40 113
76 41 149
76 46 314
76 53 503
76 47 344
76 52 479
57 40 94
57 51 435
57 41 130
57 1 19
57 46 295
57 47 325
40 63 100
51 63 441
41 63 136
63 1 25
63 46 301
63 53 490
63 47 331
63 52 466
81 91 229
86 91 379
85 91 351
91 80 196
91 79 162
91 2 16
91 84 322
91 83 292
91 78 127
91 88 432
91 87 406
91 82 261
224 242 392
224 235 385
81 242 104
81 235 97
186 242 209
186 235 202
220 235 267
227 242 470
44 242 67
44 235 60
152 242 175
152 235 168
223 242 364
223 235 357
226 242 445
226 235 438
225 242 419
225 235 412
242 117 140
242 228 494
242 222 335
242 235 634
6 235 22
117 235 133
228 235 487
222 235 328
235 221 298
153 273 174
153 274 175
259 273 469
259 274 470
256 273 391
256 274 392
220 273 241
253 273 304
257 273 418
257 274 419
118 273 139
118 274 140
45 273 66
45 274 67
254 273 334
254 274 335
273 260 493
273 187 208
273 258 444
273 255 363
273 82 103
273 7 28
260 274 494
187 274 209
258 274 445
255 274 364
274 82 104
188 305 209
289 305 445
291 305 494
305 288 419
305 286 364
305 83 104
305 287 392
305 154 175
305 119 140
305 46 67
305 290 470
305 285 335
189 342 216
189 343 217
189 338 212
120 342 147
120 343 148
120 338 143
318 338 422
319 342 452
319 343 453
319 338 448
9 342 36
9 343 37
9 338 32
155 342 182
155 343 183
155 338 178
342 320 477
342 84 111
342 254 281
342 321 501
342 316 371
342 317 399
342 222 249
342 47 74
342 285 312
320 343 478
320 338 473
84 343 112
84 338 107
343 254 282
343 321 502
343 316 372
343 317 400
343 222 250
343 47 75
343 285 313
254 338 277
321 338 497
338 316 367
338 317 395
338 222 245
338 47 70
338 285 308
224 401 251
86 401 113
256 401 283
401 122 149
401 375 428
401 287 314
401 378 503
401 157 184
401 317 344
401 191 218
401 346 373
401 377 479
318 429 345
318 416 332
427 192 217
427 375 400
427 405 502
427 288 313
427 257 282
427 158 183
427 123 148
427 50 75
427 347 372
427 404 478
427 225 250
427 87 112
427 12 37
427 403 453
192 426 216
192 429 219
192 416 206
375 426 399
375 429 402
375 416 389
405 426 501
405 429 504
405 416 491
288 426 312
288 429 315
288 416 302
257 426 281
257 429 284
257 416 271
158 426 182
158 429 185
158 416 172
426 123 147
426 50 74
426 347 371
426 404 477
426 225 249
426 87 111
426 12 36
426 403 452
123 429 150
123 416 137
50 429 77
429 347 374
429 404 480
429 225 252
429 87 114
429 12 39
429 403 455
347 416 361
404 416 467
225 416 239
87 416 101
12 416 26
403 416 442
289 454 314
430 454 479
159 454 184
319 454 344
193 454 218
348 454 373
226 454 251
431 454 503
88 454 113
258 454 283
454 124 149
454 403 428
460 259 264
460 430 435
460 125 130
460 349 354
460 14 19
460 227 232
460 89 94
460 320 325
460 194 199
460 404 409
460 290 295
460 160 165
460 377 382
259 463 267
259 459 263
259 462 266
259 457 261
430 463 438
430 459 434
430 462 437
430 457 432
125 463 133
125 459 129
125 462 132
125 457 127
349 463 357
349 459 353
349 462 356
349 457 351
456 463 487
14 463 22
14 459 18
14 462 21
14 457 16
227 459 231
227 462 234
227 457 229
463 89 97
463 320 328
463 194 202
463 404 412
463 290 298
463 160 168
463 377 385
463 52 60
89 459 93
89 462 96
320 459 324
320 462 327
320 457 322
459 194 198
459 404 408
459 290 294
459 160 164
459 377 381
459 52 56
194 462 201
194 457 196
462 404 411
462 290 297
462 160 167
462 377 384
404 457 406
290 457 292
160 457 162
457 377 379
486 126 132
486 291 297
486 195 201
486 350 356
486 15 21
486 405 411
486 90 96
486 260 266
486 161 167
486 431 437
486 321 327
486 228 234
486 378 384
126 483 129
126 484 130
126 481 127
291 483 294
291 484 295
291 481 292
483 195 198
483 350 353
483 15 18
483 405 408
483 90 93
483 260 263
483 161 164
483 431 434
483 321 324
483 228 231
483 378 381
483 53 56
195 484 199
195 481 196
350 484 354
350 481 351
15 484 19
15 481 16
405 484 409
405 481 406
484 90 94
484 260 264
484 161 165
484 431 435
484 321 325
484 228 232
484 378 382
481 260 261
481 161 162
481 431 432
481 321 322
481 228 229
481 378 379
507 91 94
507 518 581
510 54 60
510 521 638
510 91 97
510 481 487
510 518 635
54 505 55
54 511 61
54 518 68
54 508 58
54 506 56
505 91 92
505 481 482
505 457 458
521 91 108
521 511 654
521 481 498
521 508 603
521 506 564
521 457 474
91 511 98
91 509 96
91 518 105
91 508 95
91 506 93
511 481 488
511 518 651
511 457 464
481 518 495
481 508 485
518 457 471
508 457 461
528 539 560
528 536 557
528 537 558
528 543 564
528 548 569
528 538 559
539 529 580
539 505 517
539 530 599
539 531 617
539 532 634
539 533 650
529 540 581
529 537 578
529 538 579
505 536 514
505 537 515
505 548 526
505 538 516
540 532 635
540 533 651
530 536 596
530 537 597
530 543 603
530 548 608
530 538 598
531 536 614
531 537 615
531 548 626
531 538 616
537 532 632
537 533 648
532 543 638
532 548 643
532 538 633
543 533 654
533 548 659
528 483 482
528 459 458
554 483 488
554 459 464
554 561 651
483 553 487
483 551 485
483 561 495
553 561 635
459 551 461
459 561 471
561 550 581
460 529 458
460 582 472
460 576 466
460 571 461
460 577 467
460 574 464
460 584 474
460 589 479
507 582 519
507 576 513
507 577 514
507 589 526
529 582 541
529 576 535
529 484 482
529 57 55
582 571 601
582 484 496
582 574 652
582 550 562
582 573 636
576 571 595
576 484 490
576 572 613
576 550 556
571 484 485
571 577 596
571 57 58
571 584 603
571 589 608
484 577 491
484 574 488
484 584 498
484 589 503
484 573 487
577 572 614
577 550 557
572 589 626
57 574 61
57 550 56
57 573 60
574 584 654
574 589 659
584 550 564
584 573 638
589 550 569
589 573 643
600 593 651
600 571 581
600 592 635
59 610 60
59 531 55
59 552 56
59 618 68
59 611 61
59 591 58
486 619 496
486 610 487
486 531 482
486 621 498
486 618 495
486 611 488
486 591 485
619 610 636
619 509 519
619 531 541
619 552 562
619 462 472
619 611 652
619 591 601
610 621 638
610 618 635
531 462 458
552 621 564
462 621 474
462 618 471
462 611 464
462 591 461
621 611 654
621 591 603
572 618 581
618 611 651
630 510 513
630 553 556
630 610 613
630 463 466
630 640 685
630 592 595
630 532 535
630 235 238
639 510 522
639 553 565
639 610 622
639 463 475
639 628 655
639 592 604
639 532 544
639 235 247
639 573 585
510 640 523
510 631 514
510 235 229
553 640 566
553 631 557
553 235 231
610 640 623
610 631 614
610 235 234
463 628 464
463 640 476
463 592 461
463 631 467
463 532 458
628 235 236
640 592 605
640 631 698
640 532 545
640 235 248
640 573 586
592 631 596
592 235 233
631 235 239
532 235 230
235 573 232
647 554 557
647 656 698
647 593 596
647 511 514
647 611 614
554 656 566
554 649 559
554 646 556
656 593 605
656 511 523
656 574 586
656 646 685
656 611 623
656 533 545
593 649 598
593 646 595
511 649 516
511 646 513
628 649 633
649 574 579
649 611 616
646 611 613
646 533 535
666 673 742
666 668 737
666 671 740
661 673 687
661 668 682
661 671 685
661 675 689
673 665 733
673 671 772
668 665 728
668 667 745
668 662 695
668 669 753
665 671 731
665 675 735
671 662 698
671 669 761
669 675 765
677 630 632
677 576 578
677 646 648
677 63 65
630 681 636
630 661 629
630 686 641
630 678 633
630 679 634
630 683 638
630 688 643
630 680 635
630 63 60
681 646 652
661 576 575
661 646 645
661 63 62
686 576 587
686 646 657
686 63 74
576 678 579
576 679 580
576 680 581
576 684 585
678 63 66
679 646 650
679 63 67
683 646 654
688 646 659
680 646 651
680 63 68
684 646 655
684 63 72
646 63 61
647 64 61
647 690 648
647 701 659
647 702 660
647 696 654
647 693 651
647 700 658
647 699 657
647 694 652
647 692 650
647 662 645
647 697 655
647 416 413
64 690 65
64 702 77
64 693 68
64 700 75
64 699 74
64 536 55
64 692 67
64 631 60
64 662 62
64 691 66
64 697 72
690 577 578
690 631 632
690 416 417
701 631 643
701 416 428
702 696 765
702 536 549
702 577 590
702 692 735
702 631 644
702 676 689
696 631 638
696 416 423
693 700 742
693 577 581
693 631 635
693 416 420
700 536 547
700 577 588
700 692 733
700 631 642
700 676 687
699 536 546
699 577 587
699 631 641
536 694 541
536 662 534
536 697 544
536 676 535
536 416 407
577 692 580
577 662 575
577 691 579
577 697 585
577 416 409
694 631 636
694 416 421
692 631 634
692 416 419
631 662 629
631 691 633
631 416 412
662 416 414
691 416 418
697 416 424
676 416 415
677 707 682
677 712 687
677 537 535
677 714 689
677 710 685
709 537 544
690 707 695
690 710 698
705 707 737
705 712 742
705 710 740
706 707 745
706 537 541
711 537 546
707 537 542
707 708 753
707 704 728
712 537 547
712 704 733
712 710 772
537 714 549
537 663 534
537 710 545
714 708 765
714 704 735
708 710 761
704 710 731
719 725 765
719 718 753
719 721 761
719 273 278
719 649 654
715 725 735
715 718 728
715 721 731
715 649 650
715 723 733
722 273 281
722 649 657
722 538 546
725 678 689
725 273 284
725 649 660
725 538 549
678 718 682
678 721 685
678 273 270
678 723 687
678 538 535
718 273 277
718 649 653
718 717 745
718 691 695
718 716 737
718 538 542
721 273 280
721 691 698
721 716 740
721 723 772
721 538 545
703 273 272
703 649 648
724 273 283
724 649 659
273 664 269
273 649 268
273 717 276
273 720 279
273 691 271
273 716 275
273 723 282
273 538 262
664 649 645
664 538 534
649 717 652
649 720 655
649 716 651
649 723 658
717 538 541
720 538 544
716 723 742
723 538 547
539 305 293
539 727 541
539 665 534
539 679 535
539 29 17
539 242 230
539 732 546
539 274 262
539 730 544
715 305 304
715 29 28
715 242 241
734 305 314
734 242 251
734 274 283
305 727 307
305 665 300
305 679 301
305 726 306
305 729 309
305 692 302
305 732 312
305 704 303
305 730 310
727 29 31
727 242 244
727 274 276
665 29 24
665 242 237
665 274 269
679 29 25
679 242 238
679 274 270
29 726 30
29 729 33
29 692 26
29 732 36
29 704 27
29 730 34
726 242 243
726 274 275
729 242 246
729 274 278
242 692 239
242 732 249
242 704 240
242 730 247
692 274 271
732 274 281
704 274 272
274 730 279
666 600 594
666 540 534
666 518 512
666 561 555
666 618 612
600 739 604
600 705 597
600 744 609
600 741 606
600 738 603
600 693 596
600 726 599
600 680 595
600 736 601
600 716 598
600 743 608
739 540 544
739 518 522
739 561 565
739 618 622
705 518 515
705 561 558
705 618 615
744 540 549
744 738 765
744 726 735
744 518 527
744 561 570
744 680 689
744 618 627
741 540 546
741 518 524
741 561 567
741 618 624
540 680 535
540 736 541
738 561 564
693 518 514
693 561 557
693 618 614
726 518 517
726 561 560
726 618 617
518 680 513
518 736 519
518 716 516
518 743 526
561 680 556
561 736 562
561 716 559
561 743 569
680 618 613
618 716 616
618 743 626
681 750 687
681 619 613
681 748 685
681 752 689
750 69 75
750 582 588
750 619 625
750 727 733
750 748 772
750 736 742
69 706 65
69 747 72
69 727 67
69 748 73
69 667 62
69 717 66
69 749 74
69 752 77
69 736 68
582 706 578
582 747 585
582 727 580
582 748 586
582 667 575
582 717 579
582 749 587
582 752 590
582 736 581
706 619 615
747 619 622
619 727 617
619 751 626
619 748 623
619 667 612
619 694 614
619 717 616
619 749 624
619 752 627
727 748 731
727 752 735
748 694 698
748 736 740
748 746 761
752 746 765
755 757 772
755 338 341
758 338 344
668 338 330
759 338 345
718 338 334
707 338 333
338 754 340
760 521 522
760 71 72
760 621 622
760 584 585
760 543 544
719 521 516
719 71 66
719 621 616
719 584 579
696 521 514
696 621 614
521 762 524
521 683 513
521 763 525
521 729 517
521 708 515
521 764 526
521 746 519
521 669 512
738 763 742
738 71 68
738 584 581
762 71 74
762 621 624
762 584 587
762 543 546
683 763 687
683 621 613
683 543 535
763 71 75
763 621 625
763 729 733
763 584 588
763 543 547
71 729 67
71 708 65
71 543 55
71 669 62
621 729 617
621 708 615
621 764 626
621 669 612
729 584 580
584 708 578
584 669 575
543 746 541
543 669 534
760 639 638
760 766 761
760 770 765
760 754 753
709 639 632
639 739 635
639 747 636
639 770 644
639 767 641
639 769 643
639 670 629
639 768 642
639 720 633
639 754 637
639 730 634
739 766 740
739 768 742
739 754 737
766 768 772
766 684 685
766 697 698
766 730 731
747 754 745
770 684 689
770 730 735
768 684 687
768 730 733
684 754 682
754 697 695
754 730 728
755 656 653
755 748 745
755 640 637
766 656 655
773 656 659
773 640 643
656 748 652
656 771 657
656 671 645
656 774 660
656 710 648
748 640 636
721 640 633
771 640 641
640 671 629
640 774 644
640 710 632
775 686 687
775 741 742
775 771 772
775 732 733
686 777 689
686 342 331
686 771 685
686 426 415
686 756 682
722 342 334
722 426 418
711 342 333
711 426 417
741 342 336
741 771 740
741 426 420
741 756 737
767 342 340
767 426 424
762 777 765
762 342 339
762 771 761
762 426 423
762 756 753
777 342 345
777 732 735
672 342 330
672 426 414
342 771 341
342 699 332
342 749 337
342 732 335
342 776 344
771 426 425
771 699 698
771 732 731
426 756 422
426 749 421
426 732 419
426 776 428
699 756 695
756 749 745
756 732 728
779 763 765
779 343 345
750 427 421
750 757 745
750 343 337
673 427 414
673 343 330
427 757 422
427 778 428
427 763 423
427 712 417
427 768 424
427 723 418
757 700 695
757 763 753
778 343 344
700 343 332
763 343 339
712 343 333
343 768 340
343 723 334
758 701 695
758 734 728
758 401 395
758 751 745
758 688 682
758 76 70
758 764 753
758 589 583
758 743 737
758 454 448
758 548 542
758 38 32
773 701 698
773 734 731
773 401 398
773 778 772
773 688 685
773 76 73
773 764 761
773 589 586
773 743 740
773 454 451
773 548 545
773 38 35
701 401 389
701 454 442
701 38 26
734 401 392
734 778 733
734 780 735
734 76 67
734 589 580
734 454 445
401 751 394
401 769 397
401 778 400
401 688 388
401 724 391
401 780 402
401 764 396
401 776 399
401 674 387
401 589 382
401 713 390
401 743 393
401 548 380
751 454 447
751 548 541
751 38 31
769 76 72
769 589 585
769 454 450
769 548 544
769 38 34
778 688 687
778 76 75
778 589 588
778 743 742
778 454 453
778 548 547
778 38 37
688 780 689
688 454 441
688 548 535
688 38 25
724 76 66
724 589 579
724 454 444
724 38 28
780 76 77
780 764 765
780 589 590
780 454 455
780 548 549
780 38 39
76 776 74
76 674 62
76 713 65
76 743 68
76 548 55
764 454 449
764 38 33
776 589 587
776 454 452
776 548 546
776 38 36
674 589 575
674 454 440
674 548 534
674 38 24
589 713 578
589 743 581
589 454 435
589 38 19
713 454 443
713 38 27
743 454 446
743 38 30
454 548 433
548 38 17
779 744 742
779 774 772
702 759 695
702 774 698
725 429 418
744 759 737
744 429 420
744 774 740
770 429 424
759 429 422
759 752 745
780 429 428
429 714 417
429 752 421
429 774 425
429 675 414
1 -1 -1 -1 -1 -1 -1 -1 -1 -1 -1 -1 -1 -1 -1 -1 1 1 1 1 1 1 1 1 1 1 1 1 1 -1 1 1 1 1 1 1 1 1 -1 1 
-1 1 -1 -1 -1 -1 -1 -1 -1 -1 -1 -1 -1 -1 -1 -1 -1 1 1 -1 1 -1 1 1 1 -1 -1 1 1 1 1 -1 1 -1 1 1 1 1 -1 1 
-1 -1 1 -1 -1 -1 -1 -1 -1 -1 -1 -1 -1 -1 -1 -1 -1 1 1 1 1 1 1 1 1 1 1 1 1 1 1 1 1 1 1 1 1 1 1 1 
-1 -1 -1 1 -1 -1 -1 -1 -1 -1 -1 -1 -1 -1 -1 -1 1 1 1 1 1 1 1 1 1 1 1 1 1 1 1 1 1 1 1 1 1 1 1 1 
-1 -1 -1 -1 1 -1 -1 -1 -1 -1 -1 -1 -1 -1 -1 -1 1 1 1 1 1 1 1 1 1 1 1 1 1 1 1 1 1 1 1 1 1 1 1 1 
-1 -1 -1 -1 -1 1 -1 -1 -1 -1 -1 -1 -1 -1 -1 -1 1 1 1 1 1 1 1 1 1 1 1 1 1 1 1 1 1 1 1 1 1 1 1 1 
-1 -1 -1 -1 -1 -1 1 -1 -1 -1 -1 -1 -1 -1 -1 -1 1 1 1 1 1 1 -1 1 1 1 1 1 1 -1 1 1 1 1 1 1 1 1 1 1 
-1 -1 -1 -1 -1 -1 -1 1 -1 -1 -1 -1 -1 -1 -1 -1 1 1 1 1 1 1 1 1 1 1 1 1 -1 -1 1 1 1 1 1 1 1 1 1 1 
-1 -1 -1 -1 -1 -1 -1 -1 1 -1 -1 -1 -1 -1 -1 -1 1 1 1 1 1 1 1 1 1 1 1 1 1 -1 1 1 1 1 1 1 1 1 1 1 
-1 -1 -1 -1 -1 -1 -1 -1 -1 1 -1 -1 -1 -1 -1 -1 1 1 1 1 1 1 1 1 1 1 1 1 1 1 1 1 -1 1 1 1 -1 -1 1 1 
-1 -1 -1 -1 -1 -1 -1 -1 -1 -1 1 -1 -1 -1 -1 -1 1 1 1 1 1 1 1 1 1 1 1 1 1 1 1 1 1 1 1 1 1 1 1 1 
-1 -1 -1 -1 -1 -1 -1 -1 -1 -1 -1 1 -1 -1 -1 -1 1 1 1 1 1 1 1 1 1 1 1 1 1 1 1 1 1 1 1 1 1 1 -1 1 
-1 -1 -1 -1 -1 -1 -1 -1 -1 -1 -1 -1 1 -1 -1 -1 1 1 1 1 1 1 1 1 1 1 -1 1 1 1 1 1 1 1 1 1 -1 -1 1 -1 
-1 -1 -1 -1 -1 -1 -1 -1 -1 -1 -1 -1 -1 1 -1 -1 1 1 1 1 1 1 1 1 1 1 1 1 1 1 1 1 1 1 1 1 1 1 -1 1 
-1 -1 -1 -1 -1 -1 -1 -1 -1 -1 -1 -1 -1 -1 1 -1 -1 1 -1 -1 1 -1 -1 1 1 1 1 1 1 1 1 1 1 1 1 1 1 1 1 1 
-1 -1 -1 -1 -1 -1 -1 -1 -1 -1 -1 -1 -1 -1 -1 1 -1 1 -1 -1 1 -1 1 1 1 1 1 1 1 1 1 1 1 1 1 1 1 1 1 1 
1 -1 -1 1 1 1 1 1 1 1 1 1 1 1 -1 -1 1 -1 -1 -1 -1 -1 -1 -1 1 1 1 1 1 1 -1 1 1 -1 1 1 1 1 1 1 
1 1 1 1 1 1 1 1 1 1 1 1 1 1 1 1 -1 1 -1 -1 -1 -1 -1 -1 1 1 -1 -1 -1 -1 -1 1 1 -1 1 1 1 1 -1 1 
1 1 1 1 1 1 1 1 1 1 1 1 1 1 -1 -1 -1 -1 1 -1 -1 -1 -1 -1 1 1 1 1 1 1 -1 1 1 1 1 1 1 1 1 1 
1 -1 1 1 1 1 1 1 1 1 1 1 1 1 -1 -1 -1 -1 -1 1 -1 -1 -1 -1 1 -1 -1 1 1 1 1 -1 1 -1 1 1 1 1 -1 1 
1 1 1 1 1 1 1 1 1 1 1 1 1 1 1 1 -1 -1 -1 -1 1 -1 -1 -1 1 1 1 1 1 1 -1 1 1 1 1 1 1 1 1 1 
1 -1 1 1 1 1 1 1 1 1 1 1 1 1 -1 -1 -1 -1 -1 -1 -1 1 -1 -1 1 1 1 1 1 1 -1 -1 1 -1 1 1 1 1 1 1 
1 1 1 1 1 1 -1 1 1 1 1 1 1 1 -1 1 -1 -1 -1 -1 -1 -1 1 -1 1 -1 -1 1 1 1 1 1 1 1 -1 -1 1 1 1 1 
1 1 1 1 1 1 1 1 1 1 1 1 1 1 1 1 -1 -1 -1 -1 -1 -1 -1 1 1 -1 -1 1 -1 1 1 1 1 1 1 -1 1 1 1 1 
1 1 1 1 1 1 1 1 1 1 1 1 1 1 1 1 1 1 1 1 1 1 1 1 1 -1 -1 -1 -1 -1 -1 -1 -1 -1 -1 -1 -1 -1 -1 -1 
1 -1 1 1 1 1 1 1 1 1 1 1 1 1 1 1 1 1 1 -1 1 1 -1 -1 -1 1 -1 -1 -1 -1 -1 -1 1 -1 -1 1 -1 1 -1 1 
1 -1 1 1 1 1 1 1 1 1 1 1 -1 1 1 1 1 -1 1 -1 1 1 -1 -1 -1 -1 1 -1 -1 -1 -1 -1 1 -1 -1 1 -1 -1 -1 -1 
1 1 1 1 1 1 1 1 1 1 1 1 1 1 1 1 1 -1 1 1 1 1 1 1 -1 -1 -1 1 -1 -1 -1 -1 -1 -1 -1 -1 -1 -1 -1 -1 
1 1 1 1 1 1 1 -1 1 1 1 1 1 1 1 1 1 -1 1 1 1 1 1 -1 -1 -1 -1 -1 1 -1 -1 -1 -1 -1 -1 -1 -1 -1 -1 -1 
-1 1 1 1 1 1 -1 -1 -1 1 1 1 1 1 1 1 1 -1 1 1 1 1 1 1 -1 -1 -1 -1 -1 1 -1 -1 1 -1 -1 1 -1 1 -1 1 
1 1 1 1 1 1 1 1 1 1 1 1 1 1 1 1 -1 -1 -1 1 -1 -1 1 1 -1 -1 -1 -1 -1 -1 1 -1 1 -1 -1 1 -1 1 -1 -1 
1 -1 1 1 1 1 1 1 1 1 1 1 1 1 1 1 1 1 1 -1 1 -1 1 1 -1 -1 -1 -1 -1 -1 -1 1 1 -1 -1 -1 -1 -1 -1 -1 
1 1 1 1 1 1 1 1 1 -1 1 1 1 1 1 1 1 1 1 1 1 1 1 1 -1 1 1 -1 -1 1 1 1 1 1 -1 -1 -1 -1 -1 -1 
1 -1 1 1 1 1 1 1 1 1 1 1 1 1 1 1 -1 -1 1 -1 1 -1 1 1 -1 -1 -1 -1 -1 -1 -1 -1 1 1 -1 1 -1 -1 -1 1 
1 1 1 1 1 1 1 1 1 1 1 1 1 1 1 1 1 1 1 1 1 1 -1 1 -1 -1 -1 -1 -1 -1 -1 -1 -1 -1 1 -1 -1 -1 -1 -1 
1 1 1 1 1 1 1 1 1 1 1 1 1 1 1 1 1 1 1 1 1 1 -1 -1 -1 1 1 -1 -1 1 1 -1 -1 1 -1 1 -1 1 -1 -1 
1 1 1 1 1 1 1 1 1 -1 1 1 -1 1 1 1 1 1 1 1 1 1 1 1 -1 -1 -1 -1 -1 -1 -1 -1 -1 -1 -1 -1 1 -1 -1 -1 
1 1 1 1 1 1 1 1 1 -1 1 1 -1 1 1 1 1 1 1 1 1 1 1 1 -1 1 -1 -1 -1 1 1 -1 -1 -1 -1 1 -1 1 -1 -1 
-1 -1 1 1 1 1 1 1 1 1 1 -1 1 -1 1 1 1 -1 1 -1 1 1 1 1 -1 -1 -1 -1 -1 -1 -1 -1 -1 -1 -1 -1 -1 -1 1 -1 
1 1 1 1 1 1 1 1 1 1 1 1 -1 1 1 1 1 1 1 1 1 1 1 1 -1 1 -1 -1 -1 1 -1 -1 -1 1 -1 -1 -1 -1 -1 1 

0 1 2 3 4 5 6 7 8 9 10 11 12 13 14 15 16 17 18 19 20 21 22 23 24 25 26 27 28 29 30 31 32 33 34 35 36 37 38 39 
1 0 40 41 42 43 44 45 46 47 48 49 50 51 52 53 54 55 56 57 58 59 60 61 62 63 64 65 66 67 68 69 70 71 72 73 74 75 76 77 
2 40 0 78 79 80 81 82 83 84 85 86 87 88 89 90 91 92 93 94 95 96 97 98 99 100 101 102 103 104 105 106 107 108 109 110 111 112 113 114 
3 41 78 0 115 116 117 118 119 120 121 122 123 124 125 126 127 128 129 130 131 132 133 134 135 136 137 138 139 140 141 142 143 144 145 146 147 148 149 150 
4 42 79 115 0 151 152 153 154 155 156 157 158 159 160 161 162 163 164 165 166 167 168 169 170 171 172 173 174 175 176 177 178 179 180 181 182 183 184 185 
5 43 80 116 151 0 186 187 188 189 190 191 192 193 194 195 196 197 198 199 200 201 202 203 204 205 206 207 208 209 210 211 212 213 214 215 216 217 218 219 
6 44 81 117 152 186 0 220 221 222 223 224 225 226 227 228 229 230 231 232 233 234 235 236 237 238 239 240 241 242 243 244 245 246 247 248 249 250 251 252 
7 45 82 118 153 187 220 0 253 254 255 256 257 258 259 260 261 262 263 264 265 266 267 268 269 270 271 272 273 274 275 276 277 278 279 280 281 282 283 284 
8 46 83 119 154 188 221 253 0 285 286 287 288 289 290 291 292 293 294 295 296 297 298 299 300 301 302 303 304 305 306 307 308 309 310 311 312 313 314 315 
9 47 84 120 155 189 222 254 285 0 316 317 318 319 320 321 322 323 324 325 326 327 328 329 330 331 332 333 334 335 336 337 338 339 340 341 342 343 344 345 
10 48 85 121 156 190 223 255 286 316 0 346 347 348 349 350 351 352 353 354 355 356 357 358 359 360 361 362 363 364 365 366 367 368 369 370 371 372 373 374 
11 49 86 122 157 191 224 256 287 317 346 0 375 376 377 378 379 380 381 382 383 384 385 386 387 388 389 390 391 392 393 394 395 396 397 398 399 400 401 402 
12 50 87 123 158 192 225 257 288 318 347 375 0 403 404 405 406 407 408 409 410 411 412 413 414 415 416 417 418 419 420 421 422 423 424 425 426 427 428 429 
13 51 88 124 159 193 226 258 289 319 348 376 403 0 430 431 432 433 434 435 436 437 438 439 440 441 442 443 444 445 446 447 448 449 450 451 452 453 454 455 
14 52 89 125 160 194 227 259 290 320 349 377 404 430 0 456 457 458 459 460 461 462 463 464 465 466 467 468 469 470 471 472 473 474 475 476 477 478 479 480 
15 53 90 126 161 195 228 260 291 321 350 378 405 431 456 0 481 482 483 484 485 486 487 488 489 490 491 492 493 494 495 496 497 498 499 500 501 502 503 504 
16 54 91 127 162 196 229 261 292 322 351 379 406 432 457 481 0 505 506 507 508 509 510 511 512 513 514 515 516 517 518 519 520 521 522 523 524 525 526 527 
17 55 92 128 163 197 230 262 293 323 352 380 407 433 458 482 505 0 528 529 530 531 532 533 534 535 536 537 538 539 540 541 542 543 544 545 546 547 548 549 
18 56 93 129 164 198 231 263 294 324 353 381 408 434 459 483 506 528 0 550 551 552 553 554 555 556 557 558 559 560 561 562 563 564 565 566 567 568 569 570 
19 57 94 130 165 199 232 264 295 325 354 382 409 435 460 484 507 529 550 0 571 572 573 574 575 576 577 578 579 580 581 582 583 584 585 586 587 588 589 590 
20 58 95 131 166 200 233 265 296 326 355 383 410 436 461 485 508 530 551 571 0 591 592 593 594 595 596 597 598 599 600 601 602 603 604 605 606 607 608 609 
21 59 96 132 167 201 234 266 297 327 356 384 411 437 462 486 509 531 552 572 591 0 610 611 612 613 614 615 616 617 618 619 620 621 622 623 624 625 626 627 
22 60 97 133 168 202 235 267 298 328 357 385 412 438 463 487 510 532 553 573 592 610 0 628 629 630 631 632 633 634 635 636 637 638 639 640 641 642 643 644 
23 61 98 134 169 203 236 268 299 329 358 386 413 439 464 488 511 533 554 574 593 611 628 0 645 646 647 648 649 650 651 652 653 654 655 656 657 658 659 660 
24 62 99 135 170 204 237 269 300 330 359 387 414 440 465 489 512 534 555 575 594 612 629 645 0 661 662 663 664 665 666 667 668 669 670 671 672 673 674 675 
25 63 100 136 171 205 238 270 301 331 360 388 415 441 466 490 513 535 556 576 595 613 630 646 661 0 676 677 678 679 680 681 682 683 684 685 686 687 688 689 
26 64 101 137 172 206 239 271 302 332 361 389 416 442 467 491 514 536 557 577 596 614 631 647 662 676 0 690 691 692 693 694 695 696 697 698 699 700 701 702 
27 65 102 138 173 207 240 272 303 333 362 390 417 443 468 492 515 537 558 578 597 615 632 648 663 677 690 0 703 704 705 706 707 708 709 710 711 712 713 714 
28 66 103 139 174 208 241 273 304 334 363 391 418 444 469 493 516 538 559 579 598 616 633 649 664 678 691 703 0 715 716 717 718 719 720 721 722 723 724 725 
29 67 104 140 175 209 242 274 305 335 364 392 419 445 470 494 517 539 560 580 599 617 634 650 665 679 692 704 715 0 726 727 728 729 730 731 732 733 734 735 
30 68 105 141 176 210 243 275 306 336 365 393 420 446 471 495 518 540 561 581 600 618 635 651 666 680 693 705 716 726 0 736 737 738 739 740 741 742 743 744 
31 69 106 142 177 211 244 276 307 337 366 394 421 447 472 496 519 541 562 582 601 619 636 652 667 681 694 706 717 727 736 0 745 746 747 748 749 750 751 752 
32 70 107 143 178 212 245 277 308 338 367 395 422 448 473 497 520 542 563 583 602 620 637 653 668 682 695 707 718 728 737 745 0 753 754 755 756 757 758 759 
33 71 108 144 179 213 246 278 309 339 368 396 423 449 474 498 521 543 564 584 603 621 638 654 669 683 696 708 719 729 738 746 753 0 760 761 762 763 764 765 
34 72 109 145 180 214 247 279 310 340 369 397 424 450 475 499 522 544 565 585 604 622 639 655 670 684 697 709 720 730 739 747 754 760 0 766 767 768 769 770 
35 73 110 146 181 215 248 280 311 341 370 398 425 451 476 500 523 545 566 586 605 623 640 656 671 685 698 710 721 731 740 748 755 761 766 0 771 772 773 774 
36 74 111 147 182 216 249 281 312 342 371 399 426 452 477 501 524 546 567 587 606 624 641 657 672 686 699 711 722 732 741 749 756 762 767 771 0 775 776 777 
37 75 112 148 183 217 250 282 313 343 372 400 427 453 478 502 525 547 568 588 607 625 642 658 673 687 700 712 723 733 742 750 757 763 768 772 775 0 778 779 
38 76 113 149 184 218 251 283 314 344 373 401 428 454 479 503 526 548 569 589 608 626 643 659 674 688 701 713 724 734 743 751 758 764 769 773 776 778 0 780 
39 77 114 150 185 219 252 284 315 345 374 402 429 455 480 504 527 549 570 590 609 627 644 660 675 689 702 714 725 735 744 752 759 765 770 774 777 779 780 0 
