40 780 2412
-1 -1 -1 -1 -1 -1 1 -1 -1 -1 1 1 -1 -1 -1 1 1 1 -1 1 1 1 1 1 -1 1 -1 -1 1 1 1 1 1 1 -1 1 1 1 1 -1 -1 -1 1 -1 1 1 1 1 1 1 1 1 1 -1 -1 1 1 1 -1 1 -1 -1 1 -1 -1 -1 -1 1 1 1 1 1 1 1 1 1 1 -1 -1 1 1 1 -1 -1 1 1 1 1 1 -1 -1 -1 1 -1 -1 -1 1 -1 1 -1 1 -1 -1 1 1 1 1 -1 1 -1 1 -1 1 1 -1 -1 -1 1 -1 -1 -1 1 -1 -1 -1 -1 1 1 1 1 1 1 1 1 -1 1 1 1 -1 1 1 1 -1 1 1 1 -1 1 -1 -1 -1 -1 -1 -1 -1 -1 -1 -1 -1 -1 -1 1 1 1 1 1 1 -1 1 1 1 1 1 1 1 1 1 1 1 1 1 1 1 1 1 -1 -1 -1 1 -1 1 -1 -1 1 1 1 1 -1 1 1 1 1 1 1 1 1 1 1 1 1 1 1 1 -1 -1 -1 1 1 1 1 1 -1 1 1 1 1 1 -1 1 1 1 1 1 1 1 1 -1 1 -1 1 1 -1 -1 1 -1 1 1 1 1 1 -1 1 -1 -1 -1 -1 -1 -1 -1 -1 1 1 -1 1 1 1 1 1 1 1 1 -1 1 1 1 1 1 1 -1 -1 -1 -1 -1 -1 -1 -1 -1 -1 -1 -1 -1 1 1 -1 1 1 1 1 1 1 1 1 -1 1 1 1 1 -1 1 -1 1 -1 -1 1 -1 -1 1 -1 -1 -1 -1 1 1 1 1 1 1 1 1 -1 -1 1 1 1 1 1 1 -1 1 -1 1 -1 -1 -1 -1 -1 -1 -1 -1 -1 1 -1 -1 -1 -1 1 1 1 1 -1 1 -1 1 1 -1 1 -1 1 -1 1 -1 -1 -1 -1 1 -1 -1 -1 1 -1 -1 -1 1 1 1 1 1 -1 -1 -1 1 1 -1 1 1 1 -1 -1 -1 1 -1 -1 -1 -1 -1 1 1 -1 1 1 1 1 1 1 1 1 1 1 1 1 1 -1 1 -1 -1 -1 -1 -1 -1 -1 -1 1 1 -1 1 1 1 1 1 1 1 1 -1 1 1 1 1 -1 1 -1 1 -1 -1 -1 -1 -1 1 1 -1 1 1 1 1 1 1 1 1 1 1 1 1 1 -1 1 -1 -1 -1 -1 -1 -1 1 -1 -1 1 1 1 1 1 1 1 1 -1 1 1 1 1 -1 1 -1 1 -1 -1 -1 -1 -1 -1 -1 1 1 -1 1 1 1 1 1 1 1 1 1 1 -1 1 1 1 -1 1 1 -1 -1 -1 -1 -1 -1 1 -1 1 -1 1 -1 -1 1 1 -1 -1 -1 -1 -1 1 1 -1 1 1 1 1 1 -1 1 -1 1 1 1 1 -1 1 -1 1 -1 -1 -1 -1 -1 -1 -1 -1 -1 -1 -1 -1 1 -1 -1 -1 1 -1 -1 -1 -1 1 1 -1 -1 -1 -1 -1 -1 -1 -1 -1 -1 -1 -1 1 1 1 1 1 1 1 1 -1 -1 -1 -1 -1 -1 -1 -1 -1 -1 1 1 1 -1 1 1 1 -1 1 1 -1 -1 1 -1 -1 -1 -1 1 1 1 1 1 1 1 1 -1 -1 -1 -1 -1 -1 -1 -1 1 1 1 1 1 -1 1 1 -1 -1 1 -1 -1 -1 -1 1 1 -1 1 1 -1 1 1 -1 -1 -1 -1 -1 -1 1 1 -1 -1 1 1 1 -1 -1 -1 -1 -1 -1 1 1 1 1 1 1 1 -1 1 -1 -1 -1 1 1 -1 -1 -1 -1 1 -1 -1 -1 -1 1 1 1 -1 -1 1 -1 1 -1 -1 1 1 1 -1 1 1 1 1 -1 1 1 -1 1 1 1 1 -1 1 1 1 1 1 1 1 1 1 -1 -1 -1 1 -1 -1 -1 -1 -1 1 -1 -1 -1 -1 -1 -1 -1 -1 -1 -1 -1 -1 -1 -1 -1 -1 -1 
27 14 468
27 5 207
27 9 333
27 3 138
27 28 703
27 6 240
27 4 173
14 5 194
14 2 89
14 28 469
14 25 466
14 19 460
14 6 227
14 1 52
5 15 195
5 9 189
5 2 80
5 28 208
5 25 205
5 19 199
5 1 43
15 28 493
15 25 490
15 19 484
15 1 53
15 35 500
9 28 334
9 19 325
9 1 47
9 35 341
2 13 88
2 6 81
2 10 85
3 25 136
3 19 130
3 35 146
28 19 579
28 13 444
28 6 241
28 10 363
28 4 174
28 8 304
25 13 441
25 6 238
25 4 171
25 8 301
25 1 63
19 13 435
19 6 232
19 4 165
19 8 295
19 1 57
13 6 226
13 1 51
13 35 451
6 10 223
6 8 221
6 35 248
10 1 48
10 35 370
4 35 181
8 1 46
8 35 311
1 35 73
64 55 536
64 42 172
64 40 101
64 41 137
64 54 514
64 1 26
55 44 230
55 62 534
55 42 163
55 41 128
55 66 538
55 1 17
44 65 240
44 40 81
44 61 236
44 59 234
44 54 229
44 66 241
67 42 175
67 40 104
67 41 140
67 54 517
67 1 29
62 42 170
62 65 663
62 40 99
62 54 512
62 1 24
42 65 173
42 61 169
42 59 167
42 54 162
42 66 174
65 41 138
65 54 515
65 66 703
61 41 134
61 54 511
61 1 23
41 59 132
41 54 127
59 54 509
59 1 21
54 66 516
54 1 16
91 96 509
91 78 127
91 98 511
91 2 16
91 95 508
91 100 513
91 102 515
91 79 162
91 84 322
91 90 481
91 110 523
91 83 292
91 103 516
96 78 132
96 2 21
96 108 621
96 79 167
96 84 327
96 90 486
96 112 625
96 83 297
78 98 134
78 95 131
78 100 136
78 102 138
78 108 144
78 110 146
78 92 128
78 112 148
78 94 130
98 2 23
98 108 654
98 79 169
98 84 329
98 90 488
98 110 656
98 83 299
2 95 20
2 108 33
2 92 17
2 112 37
95 40 58
95 108 603
95 79 166
95 84 326
95 90 485
95 110 605
95 112 607
95 83 296
40 100 63
40 108 71
40 84 47
40 90 53
40 110 73
40 112 75
40 83 46
40 94 57
100 108 683
100 79 171
100 90 490
100 112 687
100 83 301
102 108 708
102 79 173
102 84 333
102 103 703
108 79 179
108 84 339
108 90 498
108 112 763
108 83 309
108 103 719
79 110 181
79 92 163
79 112 183
79 94 165
79 103 174
84 110 341
84 92 323
84 94 325
84 103 334
90 110 500
90 94 484
90 103 493
110 83 311
92 83 293
92 103 538
112 94 588
112 103 723
83 94 295
83 103 304
94 103 579
115 139 174
115 147 182
115 135 170
115 149 184
115 143 178
115 150 185
121 78 85
121 117 223
121 139 363
121 41 48
121 135 359
78 117 81
78 124 88
78 147 111
78 116 80
78 123 87
78 135 99
78 149 113
78 125 89
78 143 107
78 150 114
117 124 226
117 139 241
117 147 249
117 123 225
117 125 227
117 150 252
117 119 221
124 139 444
124 41 51
124 135 440
3 147 36
3 123 12
3 135 24
3 149 38
3 143 32
3 150 39
139 120 334
139 126 493
139 116 208
139 123 418
139 125 469
139 143 718
139 150 725
139 119 304
120 116 189
120 41 47
126 116 195
126 41 53
126 135 489
147 41 74
147 135 672
116 41 43
116 135 204
116 149 218
116 125 194
116 143 212
116 150 219
123 41 50
123 135 414
41 149 76
41 125 52
41 143 70
41 150 77
41 119 46
135 149 674
135 125 465
135 143 668
135 150 675
135 119 300
149 119 314
115 153 118
115 168 133
115 157 122
155 151 189
155 42 47
155 168 328
155 157 317
151 160 194
151 42 43
151 168 202
151 161 195
151 79 80
151 157 191
160 42 52
160 168 463
160 79 89
160 152 227
42 153 45
42 158 50
42 168 60
42 161 53
42 156 48
42 154 46
42 159 51
42 157 49
153 168 267
153 79 82
153 152 220
153 4 7
158 168 412
158 79 87
158 152 225
158 4 12
158 157 375
168 161 487
168 156 357
168 79 97
168 152 235
168 154 298
168 159 438
168 4 22
168 157 385
156 79 85
156 152 223
79 152 81
79 159 88
79 157 86
152 154 221
152 159 226
152 157 224
4 157 11
193 186 226
193 215 451
151 215 181
151 214 180
151 198 164
151 216 182
5 214 34
5 198 18
5 192 12
5 187 7
5 216 36
186 190 223
186 215 248
186 188 221
186 214 247
186 198 231
186 192 225
186 187 220
186 216 249
190 215 370
215 188 311
215 116 146
215 198 566
214 116 145
116 198 129
116 187 118
237 228 489
237 251 674
237 186 204
237 245 668
237 152 170
237 6 24
44 228 53
44 251 76
44 186 43
44 245 70
44 243 68
44 222 47
239 117 137
239 228 491
239 251 701
239 186 206
239 245 695
239 152 172
239 6 26
239 222 332
117 242 140
117 243 141
228 186 195
228 242 494
228 243 495
251 186 218
251 242 734
251 152 184
251 6 38
251 243 743
186 245 212
186 242 209
186 243 210
186 222 189
245 242 728
245 152 178
245 6 32
245 243 737
242 152 175
242 6 29
242 222 335
152 243 176
6 243 30
243 222 336
282 256 400
282 153 183
282 187 217
256 257 375
256 254 317
256 187 191
284 153 185
284 187 219
258 280 451
153 279 180
153 281 182
153 283 184
153 263 164
153 272 173
153 280 181
253 283 314
253 280 311
255 280 370
283 272 713
283 187 218
257 272 417
263 280 566
263 254 324
259 272 468
259 187 194
272 254 333
272 187 207
280 254 341
280 260 500
254 187 189
260 187 195
294 285 324
294 154 164
294 83 93
294 8 18
294 119 129
315 188 219
315 154 185
315 83 114
315 8 39
312 154 182
312 83 111
312 8 36
290 188 194
290 303 468
290 83 89
253 308 277
253 83 82
253 8 7
253 119 118
288 303 417
288 83 87
288 8 12
288 287 375
285 188 189
285 303 333
285 287 317
188 313 217
188 303 207
188 291 195
188 308 212
188 83 80
188 287 191
313 154 183
313 308 757
313 8 37
313 287 400
313 119 148
154 303 173
154 310 180
154 308 178
303 308 707
303 119 138
310 83 109
310 8 34
310 119 145
289 83 88
308 83 107
308 8 32
308 287 395
286 83 85
83 287 86
8 287 11
287 119 122
319 331 441
319 84 88
319 330 440
319 222 226
155 331 171
155 344 184
155 342 182
155 340 180
155 330 170
155 343 183
155 338 178
155 345 185
331 344 688
331 285 301
331 120 136
331 342 686
331 320 466
331 321 490
331 318 415
331 343 687
331 254 270
331 338 682
331 222 238
9 344 38
9 342 36
9 340 34
9 318 12
9 330 24
9 343 37
9 254 7
9 338 32
9 345 39
344 285 314
344 84 113
344 330 674
285 330 300
285 222 221
120 340 145
120 343 148
120 254 118
342 84 111
342 330 672
342 222 249
320 84 89
320 330 465
320 222 227
84 340 109
84 318 87
84 330 99
84 254 82
84 338 107
84 316 85
84 222 81
84 345 114
321 330 489
340 222 247
318 330 414
318 222 225
330 254 269
330 338 668
330 316 359
330 345 675
343 338 757
343 222 250
254 338 277
254 222 220
316 222 223
222 345 252
349 360 466
349 362 468
349 355 461
349 190 194
349 352 458
349 365 471
349 354 460
360 121 136
360 373 688
360 190 205
360 255 270
360 156 171
360 350 490
360 348 441
360 367 682
360 372 687
360 286 301
360 347 415
360 371 686
121 353 129
121 362 138
121 355 131
121 255 118
121 346 122
121 372 148
121 352 128
121 369 145
121 365 141
121 354 130
373 362 713
373 355 608
373 190 218
373 156 184
373 352 548
373 10 38
373 365 743
373 354 589
373 286 314
353 355 551
353 156 164
353 10 18
353 365 561
353 316 324
362 190 207
362 156 173
362 367 707
362 347 417
362 316 333
355 190 200
355 255 265
355 346 383
355 156 166
355 350 485
355 374 609
355 348 436
355 367 602
355 372 607
355 10 20
355 369 604
355 286 296
355 347 410
355 316 326
355 371 606
190 346 191
190 350 195
190 374 219
190 367 212
190 372 217
190 352 197
190 365 210
190 354 199
190 316 189
255 367 277
255 352 262
255 10 7
255 365 275
255 354 264
346 367 395
346 372 400
346 10 11
346 347 375
346 316 317
156 374 185
156 367 178
156 372 183
156 352 163
156 369 180
156 365 176
156 354 165
156 371 182
350 365 495
350 354 484
374 352 549
374 10 39
348 352 433
348 365 446
348 354 435
367 372 757
367 352 542
367 10 32
367 365 737
367 354 583
372 10 37
372 365 742
372 354 588
352 10 17
352 286 293
352 347 407
352 316 323
10 369 34
10 365 30
10 347 12
10 371 36
365 286 306
365 347 420
365 316 336
365 371 741
354 286 295
354 347 409
354 316 325
256 382 264
256 393 275
256 389 271
256 380 262
256 388 270
382 378 484
382 377 460
382 401 589
382 376 435
382 287 295
382 157 165
381 393 561
381 389 557
381 398 566
381 157 164
393 399 741
393 378 495
393 377 471
393 401 743
393 398 740
393 376 446
393 287 306
393 157 176
399 389 699
399 157 182
399 388 686
378 389 491
378 398 500
378 388 490
346 389 361
346 398 370
377 390 468
377 389 467
377 380 458
377 388 466
402 380 549
402 157 185
390 401 713
390 157 173
401 389 701
401 380 548
401 287 314
401 157 184
401 388 688
389 380 536
389 398 698
389 397 697
389 376 442
389 287 302
389 157 172
380 376 433
380 287 293
380 157 163
398 376 451
398 287 311
398 157 181
397 157 180
376 388 441
287 388 301
157 388 171
426 158 182
424 158 180
424 123 145
405 425 500
405 192 195
288 425 311
288 428 314
158 429 185
158 422 178
158 427 183
158 408 164
158 425 181
158 428 184
429 192 219
422 427 757
422 257 277
422 192 212
403 425 451
427 123 148
427 192 217
408 123 129
408 425 566
408 318 324
257 123 118
123 425 146
425 318 341
425 347 370
318 192 189
192 404 194
192 428 218
319 193 189
319 434 324
319 443 333
319 376 317
193 453 217
193 448 212
193 443 207
193 455 219
193 431 195
193 454 218
193 430 194
193 376 191
434 124 129
434 13 18
434 159 164
453 124 148
453 448 757
453 13 37
453 159 183
453 376 400
258 124 118
258 448 277
258 13 7
124 450 145
124 443 138
124 376 122
450 13 34
450 159 180
403 443 417
403 13 12
403 376 375
448 443 707
448 13 32
448 159 178
448 376 395
443 454 713
443 430 468
443 159 173
455 13 39
455 159 185
13 454 38
13 452 36
13 376 11
454 289 314
454 159 184
159 452 182
349 476 370
14 459 18
14 479 38
14 473 32
14 475 34
14 377 11
14 480 39
14 478 37
14 259 7
14 404 12
14 477 36
459 160 164
459 476 566
459 320 324
459 125 129
479 290 314
479 160 184
290 476 311
160 473 178
160 475 180
160 480 185
160 476 181
160 478 183
160 477 182
473 377 395
473 478 757
473 259 277
475 125 145
377 320 317
377 478 400
377 125 122
377 404 375
456 476 500
476 320 341
476 430 451
476 125 146
478 125 148
259 125 118
502 497 757
502 228 250
502 15 37
502 161 183
502 378 400
502 126 148
497 15 32
497 161 178
497 378 395
497 492 707
497 90 107
497 260 277
497 482 542
228 499 247
228 405 225
228 378 224
228 501 249
228 492 240
228 483 231
228 456 227
228 350 223
228 90 81
228 431 226
228 291 221
228 260 220
228 482 230
228 504 252
499 15 34
499 161 180
499 126 145
499 90 109
15 405 12
15 378 11
15 501 36
15 483 18
15 503 38
15 260 7
15 482 17
15 504 39
405 378 375
405 492 417
405 90 87
405 482 407
161 501 182
161 492 173
161 483 164
161 503 184
161 482 163
161 504 185
378 126 122
378 90 86
378 321 317
501 90 111
492 126 138
492 456 468
492 503 713
492 321 333
126 483 129
126 260 118
126 482 128
483 90 93
483 321 324
456 90 89
456 482 458
350 90 85
503 90 113
503 291 314
503 482 548
90 431 88
90 260 82
90 504 114
431 482 433
321 482 323
291 482 293
260 482 262
482 504 549
507 525 588
507 54 57
91 510 97
91 506 93
510 521 638
510 525 642
510 54 60
510 506 553
521 525 763
521 54 71
521 506 564
525 54 75
54 506 56
528 545 566
528 55 56
528 540 561
528 531 552
528 543 564
528 539 560
528 532 553
528 92 93
528 530 551
528 533 554
545 55 73
545 540 740
545 505 523
545 532 640
545 352 370
545 530 605
545 482 500
545 533 656
55 540 68
55 543 71
55 529 57
55 380 49
55 546 74
55 532 60
55 352 48
55 544 72
55 535 63
55 530 58
55 547 75
55 482 53
540 543 738
540 505 518
540 546 741
540 92 105
540 547 742
540 482 495
531 543 621
531 505 509
531 380 384
531 546 624
531 352 356
531 544 622
531 547 625
531 482 486
543 539 729
543 380 396
543 537 708
543 532 638
543 352 368
543 535 683
543 530 603
543 547 763
543 482 498
543 533 654
529 547 588
529 482 484
539 505 517
539 380 392
539 546 732
539 352 364
539 544 730
539 92 104
539 547 733
539 482 494
505 380 379
505 546 524
505 537 515
505 352 351
505 544 522
505 535 513
505 530 508
505 482 481
505 533 511
380 532 385
380 92 86
380 530 383
380 547 400
380 533 386
546 532 641
546 92 111
546 535 686
546 530 606
546 533 657
537 532 632
532 352 357
532 544 639
532 92 97
532 547 642
532 482 487
532 533 628
352 92 85
352 533 358
544 92 109
544 530 604
544 533 655
535 547 687
535 482 490
530 547 607
530 482 485
482 533 488
528 569 548
528 294 293
528 434 433
528 459 458
528 563 542
528 408 407
528 263 262
528 198 197
528 570 549
569 294 314
569 550 589
569 556 688
569 198 218
569 558 713
569 506 526
294 550 295
294 556 301
294 506 292
434 550 435
434 556 441
434 506 432
459 550 460
459 556 466
459 198 194
459 558 468
459 506 457
353 506 351
381 563 395
381 408 375
381 568 400
381 198 191
381 506 379
550 483 484
550 563 583
550 408 409
550 568 588
550 263 264
550 198 199
483 556 490
483 198 195
483 506 481
563 568 757
563 263 277
563 556 682
563 198 212
563 558 707
563 506 520
408 556 415
408 558 417
408 506 406
568 556 687
568 198 217
263 556 270
263 506 261
556 198 205
556 567 686
556 506 513
565 506 522
198 570 219
198 558 207
198 506 196
570 506 527
558 506 515
567 506 524
575 507 512
575 578 663
575 382 387
575 584 669
575 550 555
575 573 629
575 529 534
575 587 672
575 19 24
575 590 675
575 586 671
575 354 359
575 94 99
507 582 519
507 571 508
507 578 515
507 382 379
507 577 514
507 580 517
507 587 524
507 574 511
507 576 513
507 19 16
507 590 527
507 572 509
507 586 523
507 585 522
507 581 518
507 354 351
582 382 394
582 584 746
582 550 562
582 529 541
582 587 749
582 19 31
582 590 752
582 586 748
582 585 747
582 354 366
582 94 106
571 382 383
571 584 603
571 550 551
571 587 606
571 19 20
571 590 609
571 586 605
571 585 604
578 584 708
578 573 632
382 584 396
382 573 385
382 580 392
382 574 386
382 19 11
382 572 384
382 94 86
577 584 696
577 550 557
577 529 536
577 587 699
577 19 26
577 586 698
577 585 697
577 354 361
577 94 101
584 550 564
584 573 638
584 580 729
584 574 654
584 576 683
584 19 33
584 572 621
584 581 738
584 354 368
550 573 553
550 580 560
550 574 554
550 19 18
550 572 552
550 586 566
550 581 561
550 94 93
573 587 641
573 574 628
573 19 22
573 590 644
573 586 640
573 585 639
573 354 357
573 94 97
580 587 732
580 19 29
580 590 735
580 585 730
580 354 364
580 94 104
529 19 17
529 590 549
587 574 657
587 576 686
587 19 36
587 572 624
587 581 741
587 94 111
574 19 23
574 590 660
574 586 656
574 585 655
574 354 358
19 590 39
19 572 21
19 585 34
19 581 30
590 94 114
572 585 622
572 354 356
586 581 740
586 354 370
585 94 109
581 94 105
354 94 85
597 598 703
597 592 632
597 594 663
571 598 579
591 355 356
600 95 105
355 593 358
355 95 85
355 598 363
355 596 361
355 592 357
355 594 359
355 599 364
355 601 366
593 592 628
95 596 101
95 592 97
95 594 99
95 599 104
95 601 106
598 530 538
596 530 536
592 594 629
594 530 534
530 601 541
96 617 104
96 627 114
96 610 97
96 614 101
96 612 99
96 618 105
96 619 106
623 591 605
623 610 640
623 614 698
623 612 671
623 618 740
623 59 73
623 619 748
623 611 656
617 627 735
531 627 549
531 614 536
531 612 534
531 619 541
531 616 538
627 591 609
627 610 644
627 612 675
627 59 77
627 619 752
627 616 725
627 611 660
591 59 58
615 610 632
615 612 663
615 616 703
610 612 629
610 59 60
610 611 628
572 59 57
572 616 579
618 59 68
59 619 69
59 613 63
630 510 513
630 168 171
635 510 518
635 168 176
573 168 165
573 633 579
510 610 509
510 168 162
510 631 514
510 592 508
510 636 519
510 634 517
510 633 516
610 168 167
168 631 172
168 592 166
168 636 177
168 532 163
168 634 175
168 633 174
631 532 536
636 532 541
532 633 538
648 645 663
648 649 703
650 98 104
650 658 733
98 645 99
98 652 106
98 647 101
98 651 105
593 61 58
593 658 607
645 533 534
574 61 57
574 649 579
574 658 588
652 61 69
652 658 750
652 533 541
647 658 700
647 533 536
61 651 68
61 646 63
61 658 75
649 658 723
649 533 538
651 658 742
646 658 687
658 611 625
575 237 232
575 62 57
575 664 579
575 673 588
575 135 130
575 330 325
237 645 236
237 667 244
237 664 241
237 661 238
237 673 250
237 612 234
237 670 247
237 594 233
62 666 68
62 667 69
62 661 63
62 673 75
62 670 72
62 594 58
62 330 47
666 673 742
666 135 141
666 330 336
645 670 655
645 135 134
645 330 329
667 673 750
667 670 747
667 135 142
667 330 337
664 673 723
664 670 720
664 330 334
661 673 687
661 135 136
673 612 625
673 135 148
673 594 607
673 665 733
673 662 700
612 670 622
612 135 132
612 330 327
670 135 145
670 594 604
670 665 730
670 662 697
135 594 131
135 665 140
135 662 137
594 330 326
665 330 335
330 662 332
630 360 357
630 331 328
630 677 632
630 100 97
630 661 629
630 25 22
630 556 553
630 684 639
630 689 644
630 646 628
630 685 640
630 388 385
360 679 364
360 681 366
360 100 85
360 661 359
360 613 356
360 678 363
360 646 358
360 685 370
360 676 361
679 331 335
679 100 104
679 25 29
679 556 560
679 684 730
679 689 735
679 388 392
331 595 326
331 677 333
331 681 337
331 576 325
331 680 336
331 556 324
331 613 327
331 535 323
331 678 334
331 646 329
331 685 341
331 676 332
331 388 317
595 25 20
595 556 551
595 684 604
595 689 609
595 685 605
595 388 383
677 661 663
677 678 703
681 100 106
681 25 31
681 556 562
681 684 747
681 535 541
681 689 752
681 685 748
681 388 394
100 661 99
100 680 105
100 556 93
100 684 109
100 689 114
100 676 101
100 388 86
661 25 24
661 556 555
661 535 534
661 689 675
661 685 671
661 388 387
25 680 30
25 556 18
25 684 34
25 613 21
25 535 17
25 689 39
25 646 23
25 676 26
25 388 11
576 678 579
680 556 561
680 685 740
556 613 552
556 678 559
556 646 554
556 685 566
556 676 557
684 613 622
684 678 720
684 646 655
684 676 697
613 388 384
535 678 538
535 689 549
535 676 536
678 689 725
678 388 391
689 646 660
646 685 656
646 388 386
685 676 698
64 693 68
64 577 57
64 694 69
64 631 60
64 702 77
64 389 49
64 596 58
64 676 63
577 239 232
577 691 579
694 239 244
694 702 752
694 389 394
239 614 234
239 631 235
239 647 236
239 690 240
239 702 252
239 389 224
239 596 233
239 691 241
239 676 238
614 389 384
631 647 628
631 690 632
631 702 644
631 389 385
631 662 629
647 702 660
647 389 386
690 662 663
690 691 703
702 596 609
702 692 735
702 662 675
702 691 725
389 596 383
389 692 392
389 662 387
389 691 391
597 27 20
597 65 58
597 711 606
597 714 609
597 492 485
597 390 383
597 443 436
597 303 296
597 710 605
597 709 604
597 272 265
597 558 551
597 712 607
27 706 31
27 648 23
27 615 21
27 711 36
27 714 39
27 390 11
27 690 26
27 705 30
27 537 17
27 709 34
27 272 7
27 558 18
27 712 37
27 704 29
706 362 366
706 65 69
706 711 749
706 714 752
706 492 496
706 390 394
706 102 106
706 443 447
706 537 541
706 303 307
706 710 748
706 709 747
706 272 276
706 558 562
706 712 750
648 362 358
648 711 657
648 714 660
648 492 488
648 390 386
648 443 439
648 303 299
648 710 656
648 709 655
648 272 268
648 558 554
578 65 57
578 492 484
578 443 435
578 303 295
578 272 264
578 712 588
362 615 356
362 65 48
362 690 361
362 102 85
362 710 370
362 704 364
677 65 63
677 711 686
677 492 490
677 443 441
677 303 301
677 272 270
677 712 687
615 711 624
615 492 486
615 390 384
615 443 437
615 303 297
615 709 622
615 272 266
615 558 552
615 712 625
65 711 74
65 714 77
65 492 53
65 390 49
65 705 68
65 443 51
65 303 46
65 710 73
65 709 72
65 272 45
65 558 56
65 712 75
711 690 699
711 705 741
711 102 111
711 704 732
714 102 114
714 537 549
714 704 735
492 690 491
492 705 495
492 710 500
492 704 494
390 102 86
390 712 400
390 704 392
690 102 101
690 443 442
690 537 536
690 303 302
690 710 698
690 709 697
690 272 271
690 558 557
690 712 700
705 102 105
705 443 446
705 303 306
705 710 740
705 272 275
705 558 561
705 712 742
102 443 88
102 709 109
102 272 82
102 558 93
102 704 104
443 537 433
443 710 451
443 704 445
537 303 293
537 272 262
303 710 311
303 704 305
710 558 566
709 704 730
272 704 274
558 704 560
712 704 733
722 664 672
722 598 606
722 28 36
722 715 732
722 649 657
722 678 686
722 616 624
722 66 74
722 717 749
722 691 699
722 716 741
722 633 641
722 103 111
664 28 24
664 721 671
664 724 674
664 633 629
664 103 99
139 598 131
139 715 140
139 721 146
139 649 134
139 678 136
139 616 132
139 717 142
139 691 137
139 716 141
139 633 133
598 28 20
598 721 605
598 66 58
598 724 608
28 715 29
28 649 23
28 616 21
28 724 38
28 717 31
28 691 26
28 716 30
28 633 22
715 724 734
715 103 104
721 649 656
721 66 73
721 717 748
721 691 698
721 716 740
721 633 640
649 724 659
649 633 628
678 66 63
678 724 688
616 724 626
66 724 76
66 717 69
66 716 68
66 633 60
724 717 751
724 691 701
724 716 743
724 633 643
724 103 113
717 103 106
691 103 101
716 103 105
633 103 97
679 67 63
679 242 238
731 67 73
731 650 656
731 726 740
731 242 248
731 692 698
731 634 640
731 727 748
731 665 671
731 599 605
617 242 234
67 580 57
67 726 68
67 634 60
67 727 69
67 599 58
650 242 236
650 634 628
580 242 232
580 715 579
242 539 230
242 715 241
242 634 235
242 727 244
242 599 233
242 704 240
539 715 538
539 692 536
539 727 541
539 665 534
715 704 703
634 665 629
634 704 632
665 704 663
540 693 536
540 666 534
540 744 549
540 736 541
540 243 230
540 716 538
693 739 697
693 365 361
635 666 629
635 393 385
635 739 639
635 744 644
635 705 632
635 651 628
635 365 357
635 243 235
666 393 387
666 744 675
666 705 663
666 365 359
393 600 383
393 726 392
393 618 384
393 736 394
393 651 386
393 243 224
393 716 391
600 739 604
600 744 609
600 243 233
739 726 730
739 618 622
739 736 747
739 651 655
739 243 247
739 716 720
744 726 735
744 736 752
744 651 660
744 243 252
744 716 725
726 365 364
705 243 240
705 716 703
680 243 238
618 365 356
618 243 234
736 365 366
736 243 244
651 365 358
651 243 236
365 243 223
365 716 363
581 243 232
581 716 579
243 716 241
582 717 579
706 667 663
706 636 632
706 717 703
667 636 629
652 636 628
497 755 500
473 245 227
245 422 225
245 754 247
245 755 248
245 448 226
245 563 231
245 759 252
245 367 223
245 308 221
245 756 249
754 143 145
755 448 451
755 563 566
755 367 370
755 143 146
755 308 311
755 338 341
563 143 129
563 338 324
758 308 314
584 764 589
764 543 548
764 521 526
764 108 113
543 765 549
521 762 524
521 765 527
521 760 522
521 761 523
762 108 111
765 108 114
760 108 109
739 766 740
739 424 420
739 279 275
739 499 495
739 450 446
739 768 742
739 475 471
739 754 737
739 214 210
739 760 738
739 767 741
739 565 561
739 310 306
739 340 336
739 769 743
766 499 500
766 450 451
766 670 671
766 565 566
766 310 311
766 340 341
766 369 370
424 760 423
424 670 414
424 684 415
424 585 409
424 709 417
424 544 407
424 397 375
279 754 277
279 760 278
279 670 269
279 684 270
279 585 264
279 544 262
499 214 195
499 760 498
499 670 489
499 684 490
499 585 484
450 760 449
450 670 440
450 684 441
450 585 435
450 544 433
768 754 757
768 214 217
768 760 763
768 684 687
768 585 588
768 397 400
475 214 194
475 760 474
475 670 465
475 684 466
475 585 460
475 709 468
475 544 458
754 214 212
754 760 753
754 670 668
754 684 682
754 585 583
754 709 707
754 544 542
754 397 395
214 760 213
214 770 219
214 670 204
214 684 205
214 585 199
214 709 207
214 340 189
214 544 197
214 769 218
214 397 191
760 670 669
760 684 683
760 565 564
760 310 309
760 709 708
760 340 339
760 369 368
760 397 396
770 670 675
770 544 549
670 767 672
670 565 555
670 310 300
670 709 663
670 544 534
670 369 359
670 769 674
670 397 387
684 767 686
684 310 301
684 769 688
565 340 324
310 585 295
310 544 293
310 769 314
585 340 325
585 769 589
709 340 333
709 769 713
340 544 323
340 397 317
544 769 548
545 773 548
545 215 197
545 774 549
545 755 542
545 476 458
545 721 538
545 425 407
545 280 262
545 35 17
623 771 624
623 766 622
623 773 626
623 215 201
623 755 620
623 476 462
623 772 625
623 425 411
623 761 621
623 398 384
623 280 266
623 35 21
731 771 732
731 766 730
731 773 734
731 215 209
731 774 735
731 755 728
731 476 470
731 772 733
731 425 419
731 110 104
731 761 729
731 398 392
731 280 274
731 35 29
771 110 111
771 35 36
771 685 686
766 721 720
766 110 109
766 35 34
773 215 218
773 586 589
773 110 113
773 710 713
773 35 38
773 685 688
215 774 219
215 755 212
215 476 194
215 721 208
215 772 217
215 586 199
215 110 80
215 710 207
215 761 213
215 398 191
215 685 205
774 721 725
774 110 114
774 35 39
755 721 718
755 772 757
755 586 583
755 110 107
755 710 707
755 761 753
755 398 395
755 280 277
755 35 32
755 685 682
476 721 469
476 586 460
476 110 89
476 710 468
476 761 474
476 685 466
721 772 723
721 425 418
721 586 579
721 710 703
721 761 719
721 398 391
721 280 273
772 586 588
772 761 763
772 398 400
772 35 37
772 685 687
425 586 409
425 110 87
425 710 417
425 761 423
425 398 375
425 35 12
425 685 415
586 280 264
110 398 86
110 280 82
710 761 708
761 398 396
761 280 278
761 35 33
761 685 683
398 35 11
280 35 7
280 685 270
722 426 418
722 312 304
722 775 723
722 587 579
722 711 703
722 762 719
722 777 725
722 399 391
722 281 273
722 501 493
722 342 334
722 546 538
722 767 720
722 452 444
722 567 559
722 756 718
722 216 208
722 371 363
722 477 469
771 312 311
771 501 500
771 147 146
771 342 341
771 452 451
771 567 566
771 371 370
426 587 409
426 711 417
426 762 423
426 399 375
426 546 407
312 587 295
312 762 309
312 546 293
312 776 314
775 587 588
775 762 763
775 399 400
775 147 148
775 756 757
775 216 217
587 281 264
587 501 484
587 147 130
587 342 325
587 776 589
587 452 435
587 756 583
587 216 199
587 477 460
711 762 708
711 147 138
711 342 333
711 776 713
711 756 707
711 216 207
711 477 468
762 399 396
762 281 278
762 501 498
762 147 144
762 342 339
762 452 449
762 567 564
762 756 753
762 216 213
762 371 368
762 477 474
777 546 549
777 216 219
399 147 122
399 342 317
399 756 395
399 216 191
281 147 118
281 546 262
281 756 277
501 216 195
147 546 128
147 767 145
147 567 129
342 546 323
342 567 324
342 216 189
546 776 548
546 452 433
546 756 542
546 216 197
546 477 458
776 216 218
756 216 212
216 477 194
779 673 675
779 525 527
779 112 114
779 547 549
779 658 660
282 673 269
282 525 261
282 112 82
282 547 262
282 658 268
502 673 489
502 525 481
502 772 500
502 658 488
453 673 440
453 525 432
453 772 451
453 112 88
453 547 433
453 658 439
775 673 672
775 525 524
775 112 111
775 658 657
778 673 674
778 313 314
778 525 526
778 112 113
778 712 713
778 547 548
778 658 659
768 525 522
768 112 109
768 658 655
673 427 414
673 568 555
673 313 300
673 525 512
673 372 359
673 772 671
673 478 465
673 112 99
673 712 663
673 547 534
427 525 406
427 112 87
427 712 417
427 547 407
427 658 413
568 772 566
568 112 93
568 343 324
568 658 554
313 525 292
313 772 311
313 547 293
313 658 299
525 372 351
525 772 523
525 478 457
525 712 515
525 343 322
525 658 511
372 772 370
372 112 85
372 658 358
772 343 341
772 658 656
478 112 89
478 712 468
478 547 458
478 658 464
712 343 333
343 547 323
343 658 329
569 764 564
569 251 231
569 773 566
569 344 324
569 149 129
569 724 559
373 764 368
373 251 223
373 773 370
373 724 363
479 764 474
479 251 227
479 724 469
764 251 246
764 778 763
764 344 339
764 401 396
764 283 278
764 503 498
764 454 449
764 149 144
764 758 753
764 724 719
764 428 423
251 773 248
251 778 250
251 401 224
251 283 220
251 776 249
251 454 226
251 769 247
251 724 241
251 780 252
251 428 225
773 344 341
773 503 500
773 454 451
773 149 146
778 401 400
778 149 148
778 758 757
778 724 723
344 401 317
344 724 334
401 149 122
401 758 395
401 724 391
401 428 375
283 149 118
283 758 277
283 724 273
503 724 493
454 724 444
149 769 145
758 724 718
769 724 720
724 780 725
724 428 418
779 627 625
779 744 742
779 765 763
779 402 400
779 702 700
779 759 757
779 590 588
779 689 687
779 150 148
315 627 297
315 744 306
315 774 311
315 765 309
315 702 302
315 590 295
315 689 301
315 780 314
284 627 266
284 744 275
284 765 278
284 702 271
284 759 277
284 590 264
284 689 270
284 150 118
627 777 624
627 429 411
627 765 621
627 480 462
627 402 384
627 770 622
627 759 620
627 455 437
627 374 356
627 570 552
627 780 626
627 150 132
627 345 327
627 504 486
744 777 741
744 429 420
744 774 740
744 765 738
744 480 471
744 759 737
744 455 446
744 570 561
744 780 743
744 150 141
744 345 336
744 504 495
777 702 699
777 689 686
429 714 417
429 765 423
429 402 375
429 702 416
429 590 409
429 689 415
714 765 708
714 480 468
714 759 707
714 780 713
714 150 138
714 345 333
774 702 698
774 455 451
774 374 370
774 570 566
774 150 146
774 345 341
774 504 500
765 480 474
765 402 396
765 702 696
765 759 753
765 455 449
765 374 368
765 570 564
765 689 683
765 150 144
765 345 339
765 504 498
480 702 467
480 590 460
480 689 466
402 759 395
402 150 122
402 345 317
702 770 697
702 759 695
702 455 442
702 374 361
702 570 557
702 780 701
702 150 137
702 345 332
702 504 491
770 150 145
759 590 583
759 689 682
455 590 435
455 689 441
590 780 589
590 150 130
590 345 325
590 504 484
570 150 129
570 345 324
689 780 688
689 150 136
689 504 490
1 -1 -1 -1 -1 -1 -1 1 -1 -1 -1 1 1 -1 -1 -1 1 1 1 -1 1 1 1 1 1 -1 1 -1 -1 1 1 1 1 1 1 -1 1 1 1 1 
-1 1 -1 -1 -1 1 -1 1 1 1 1 1 1 1 1 1 -1 -1 1 1 1 -1 1 -1 -1 1 -1 -1 -1 -1 1 1 1 1 1 1 1 1 1 1 
-1 -1 1 -1 -1 1 1 1 -1 -1 1 1 1 1 1 -1 -1 -1 1 -1 -1 -1 1 -1 1 -1 1 -1 -1 1 1 1 1 -1 1 -1 1 -1 1 1 
-1 -1 -1 1 -1 -1 -1 1 -1 -1 -1 1 -1 -1 -1 -1 1 1 1 1 1 1 1 1 -1 1 1 1 -1 1 1 1 -1 1 1 1 -1 1 -1 -1 
-1 -1 -1 -1 1 -1 -1 -1 -1 -1 -1 -1 -1 -1 -1 -1 1 1 1 1 1 1 -1 1 1 1 1 1 1 1 1 1 1 1 1 1 1 1 1 1 
-1 1 1 -1 -1 1 -1 -1 -1 1 -1 1 -1 -1 1 1 1 1 -1 1 1 1 1 1 1 1 1 1 1 1 1 1 1 1 -1 -1 -1 1 1 1 
-1 -1 1 -1 -1 -1 1 1 1 -1 1 1 1 1 1 -1 1 1 1 1 1 1 1 1 -1 1 -1 1 1 -1 -1 1 -1 1 1 1 1 1 -1 1 
1 1 1 1 -1 -1 1 1 -1 -1 -1 -1 -1 -1 -1 -1 1 1 -1 1 1 1 1 1 1 1 1 -1 1 1 1 1 1 1 -1 -1 -1 -1 -1 -1 
-1 1 -1 -1 -1 -1 1 -1 1 -1 -1 -1 -1 -1 -1 -1 1 1 -1 1 1 1 1 1 1 1 1 -1 1 1 1 1 -1 1 -1 1 -1 -1 1 -1 
-1 1 -1 -1 -1 1 -1 -1 -1 1 -1 1 -1 -1 -1 -1 1 1 1 1 1 1 1 1 -1 -1 1 1 1 1 1 1 -1 1 -1 1 -1 -1 -1 -1 
-1 1 1 -1 -1 -1 1 -1 -1 -1 1 -1 -1 -1 -1 -1 1 -1 -1 -1 -1 1 1 1 1 -1 1 -1 1 1 -1 1 -1 1 -1 1 -1 -1 -1 -1 
1 1 1 1 -1 1 1 -1 -1 1 -1 1 1 -1 -1 -1 1 -1 -1 -1 1 1 1 1 1 -1 -1 -1 1 1 -1 1 1 1 -1 -1 -1 1 -1 -1 
1 1 1 -1 -1 -1 1 -1 -1 -1 -1 1 1 -1 -1 -1 1 1 -1 1 1 1 1 1 1 1 1 1 1 1 1 1 -1 1 -1 -1 -1 -1 -1 -1 
-1 1 1 -1 -1 -1 1 -1 -1 -1 -1 -1 -1 1 -1 -1 1 1 -1 1 1 1 1 1 1 1 1 -1 1 1 1 1 -1 1 -1 1 -1 -1 -1 -1 
-1 1 1 -1 -1 1 1 -1 -1 -1 -1 -1 -1 -1 1 -1 1 1 -1 1 1 1 1 1 1 1 1 1 1 1 1 1 -1 1 -1 -1 -1 -1 -1 -1 
-1 1 -1 -1 -1 1 -1 -1 -1 -1 -1 -1 -1 -1 -1 1 1 -1 -1 1 1 1 1 1 1 1 1 -1 1 1 1 1 -1 1 -1 1 -1 -1 -1 -1 
1 -1 -1 1 1 1 1 1 1 1 1 1 1 1 1 1 1 -1 -1 -1 1 1 -1 1 1 1 1 1 1 1 1 1 1 -1 1 1 1 -1 1 1 
1 -1 -1 1 1 1 1 1 1 1 -1 -1 1 1 1 -1 -1 1 -1 -1 -1 -1 -1 -1 1 -1 1 -1 1 -1 -1 1 1 -1 -1 -1 -1 -1 1 1 
1 1 1 1 1 -1 1 -1 -1 1 -1 -1 -1 -1 -1 -1 -1 -1 1 -1 1 1 1 1 1 -1 1 -1 1 1 1 1 -1 1 -1 1 -1 -1 -1 -1 
-1 1 -1 1 1 1 1 1 1 1 -1 -1 1 1 1 1 -1 -1 -1 1 -1 -1 -1 -1 -1 -1 -1 -1 1 -1 -1 -1 1 -1 -1 -1 -1 1 1 -1 
1 1 -1 1 1 1 1 1 1 1 -1 1 1 1 1 1 1 -1 1 -1 1 -1 -1 -1 -1 -1 -1 -1 -1 -1 -1 -1 1 1 1 1 1 1 1 1 
1 -1 -1 1 1 1 1 1 1 1 1 1 1 1 1 1 1 -1 1 -1 -1 1 -1 -1 -1 -1 -1 -1 -1 -1 -1 -1 1 1 1 -1 1 1 1 -1 
1 1 1 1 -1 1 1 1 1 1 1 1 1 1 1 1 -1 -1 1 -1 -1 -1 1 1 1 -1 -1 1 -1 -1 -1 -1 1 1 1 1 1 1 1 1 
1 -1 -1 1 1 1 1 1 1 1 1 1 1 1 1 1 1 -1 1 -1 -1 -1 1 1 -1 -1 -1 -1 -1 -1 -1 -1 1 1 1 1 1 -1 1 1 
1 -1 1 -1 1 1 -1 1 1 -1 1 1 1 1 1 1 1 1 1 -1 -1 -1 1 -1 1 -1 -1 1 -1 -1 -1 -1 1 1 -1 1 1 -1 1 1 
-1 1 -1 1 1 1 1 1 1 -1 -1 -1 1 1 1 1 1 -1 -1 -1 -1 -1 -1 -1 -1 1 -1 -1 -1 -1 -1 -1 1 1 -1 -1 1 1 1 -1 
1 -1 1 1 1 1 -1 1 1 1 1 -1 1 1 1 1 1 1 1 -1 -1 -1 -1 -1 -1 -1 1 -1 -1 -1 -1 -1 1 1 1 1 1 1 1 -1 
-1 -1 -1 1 1 1 1 -1 -1 1 -1 -1 1 -1 1 -1 1 -1 -1 -1 -1 -1 1 -1 1 -1 -1 1 1 -1 -1 -1 1 1 -1 -1 -1 -1 1 -1 
-1 -1 -1 -1 1 1 1 1 1 1 1 1 1 1 1 1 1 1 1 1 -1 -1 -1 -1 -1 -1 -1 1 1 -1 -1 -1 1 1 1 -1 -1 1 -1 1 
1 -1 1 1 1 1 -1 1 1 1 1 1 1 1 1 1 1 -1 1 -1 -1 -1 -1 -1 -1 -1 -1 -1 -1 1 -1 -1 1 1 1 -1 1 1 1 1 
1 1 1 1 1 1 -1 1 1 1 -1 -1 1 1 1 1 1 -1 1 -1 -1 -1 -1 -1 -1 -1 -1 -1 -1 -1 1 -1 1 1 -1 1 1 1 1 -1 
1 1 1 1 1 1 1 1 1 1 1 1 1 1 1 1 1 1 1 -1 -1 -1 -1 -1 -1 -1 -1 -1 -1 -1 -1 1 1 1 1 1 1 1 1 1 
1 1 1 -1 1 1 -1 1 -1 -1 -1 1 -1 -1 -1 -1 1 1 -1 1 1 1 1 1 1 1 1 1 1 1 1 1 1 1 -1 -1 -1 1 -1 -1 
1 1 -1 1 1 1 1 1 1 1 1 1 1 1 1 1 -1 -1 1 -1 1 1 1 1 1 1 1 1 1 1 1 1 1 1 -1 -1 -1 1 -1 -1 
1 1 1 1 1 -1 1 -1 -1 -1 -1 -1 -1 -1 -1 -1 1 -1 -1 -1 1 1 1 1 -1 -1 1 -1 1 1 -1 1 -1 -1 1 -1 -1 -1 -1 -1 
-1 1 -1 1 1 -1 1 -1 1 1 1 -1 -1 1 -1 1 1 -1 1 -1 1 -1 1 1 1 -1 1 -1 -1 -1 1 1 -1 -1 -1 1 -1 -1 -1 -1 
1 1 1 -1 1 -1 1 -1 -1 -1 -1 -1 -1 -1 -1 -1 1 -1 -1 -1 1 1 1 1 1 1 1 -1 -1 1 1 1 -1 -1 -1 -1 1 -1 -1 -1 
1 1 -1 1 1 1 1 -1 -1 -1 -1 1 -1 -1 -1 -1 -1 -1 -1 1 1 1 1 -1 -1 1 1 -1 1 1 1 1 1 1 -1 -1 -1 1 -1 -1 
1 1 1 -1 1 1 -1 -1 1 -1 -1 -1 -1 -1 -1 -1 1 1 -1 1 1 1 1 1 1 1 1 1 -1 1 1 1 -1 -1 -1 -1 -1 -1 1 -1 
1 1 1 -1 1 1 1 -1 -1 -1 -1 -1 -1 -1 -1 -1 1 1 -1 -1 1 -1 1 1 1 -1 -1 -1 1 1 -1 1 -1 -1 -1 -1 -1 -1 -1 1 

0 1 2 3 4 5 6 7 8 9 10 11 12 13 14 15 16 17 18 19 20 21 22 23 24 25 26 27 28 29 30 31 32 33 34 35 36 37 38 39 
1 0 40 41 42 43 44 45 46 47 48 49 50 51 52 53 54 55 56 57 58 59 60 61 62 63 64 65 66 67 68 69 70 71 72 73 74 75 76 77 
2 40 0 78 79 80 81 82 83 84 85 86 87 88 89 90 91 92 93 94 95 96 97 98 99 100 101 102 103 104 105 106 107 108 109 110 111 112 113 114 
3 41 78 0 115 116 117 118 119 120 121 122 123 124 125 126 127 128 129 130 131 132 133 134 135 136 137 138 139 140 141 142 143 144 145 146 147 148 149 150 
4 42 79 115 0 151 152 153 154 155 156 157 158 159 160 161 162 163 164 165 166 167 168 169 170 171 172 173 174 175 176 177 178 179 180 181 182 183 184 185 
5 43 80 116 151 0 186 187 188 189 190 191 192 193 194 195 196 197 198 199 200 201 202 203 204 205 206 207 208 209 210 211 212 213 214 215 216 217 218 219 
6 44 81 117 152 186 0 220 221 222 223 224 225 226 227 228 229 230 231 232 233 234 235 236 237 238 239 240 241 242 243 244 245 246 247 248 249 250 251 252 
7 45 82 118 153 187 220 0 253 254 255 256 257 258 259 260 261 262 263 264 265 266 267 268 269 270 271 272 273 274 275 276 277 278 279 280 281 282 283 284 
8 46 83 119 154 188 221 253 0 285 286 287 288 289 290 291 292 293 294 295 296 297 298 299 300 301 302 303 304 305 306 307 308 309 310 311 312 313 314 315 
9 47 84 120 155 189 222 254 285 0 316 317 318 319 320 321 322 323 324 325 326 327 328 329 330 331 332 333 334 335 336 337 338 339 340 341 342 343 344 345 
10 48 85 121 156 190 223 255 286 316 0 346 347 348 349 350 351 352 353 354 355 356 357 358 359 360 361 362 363 364 365 366 367 368 369 370 371 372 373 374 
11 49 86 122 157 191 224 256 287 317 346 0 375 376 377 378 379 380 381 382 383 384 385 386 387 388 389 390 391 392 393 394 395 396 397 398 399 400 401 402 
12 50 87 123 158 192 225 257 288 318 347 375 0 403 404 405 406 407 408 409 410 411 412 413 414 415 416 417 418 419 420 421 422 423 424 425 426 427 428 429 
13 51 88 124 159 193 226 258 289 319 348 376 403 0 430 431 432 433 434 435 436 437 438 439 440 441 442 443 444 445 446 447 448 449 450 451 452 453 454 455 
14 52 89 125 160 194 227 259 290 320 349 377 404 430 0 456 457 458 459 460 461 462 463 464 465 466 467 468 469 470 471 472 473 474 475 476 477 478 479 480 
15 53 90 126 161 195 228 260 291 321 350 378 405 431 456 0 481 482 483 484 485 486 487 488 489 490 491 492 493 494 495 496 497 498 499 500 501 502 503 504 
16 54 91 127 162 196 229 261 292 322 351 379 406 432 457 481 0 505 506 507 508 509 510 511 512 513 514 515 516 517 518 519 520 521 522 523 524 525 526 527 
17 55 92 128 163 197 230 262 293 323 352 380 407 433 458 482 505 0 528 529 530 531 532 533 534 535 536 537 538 539 540 541 542 543 544 545 546 547 548 549 
18 56 93 129 164 198 231 263 294 324 353 381 408 434 459 483 506 528 0 550 551 552 553 554 555 556 557 558 559 560 561 562 563 564 565 566 567 568 569 570 
19 57 94 130 165 199 232 264 295 325 354 382 409 435 460 484 507 529 550 0 571 572 573 574 575 576 577 578 579 580 581 582 583 584 585 586 587 588 589 590 
20 58 95 131 166 200 233 265 296 326 355 383 410 436 461 485 508 530 551 571 0 591 592 593 594 595 596 597 598 599 600 601 602 603 604 605 606 607 608 609 
21 59 96 132 167 201 234 266 297 327 356 384 411 437 462 486 509 531 552 572 591 0 610 611 612 613 614 615 616 617 618 619 620 621 622 623 624 625 626 627 
22 60 97 133 168 202 235 267 298 328 357 385 412 438 463 487 510 532 553 573 592 610 0 628 629 630 631 632 633 634 635 636 637 638 639 640 641 642 643 644 
23 61 98 134 169 203 236 268 299 329 358 386 413 439 464 488 511 533 554 574 593 611 628 0 645 646 647 648 649 650 651 652 653 654 655 656 657 658 659 660 
24 62 99 135 170 204 237 269 300 330 359 387 414 440 465 489 512 534 555 575 594 612 629 645 0 661 662 663 664 665 666 667 668 669 670 671 672 673 674 675 
25 63 100 136 171 205 238 270 301 331 360 388 415 441 466 490 513 535 556 576 595 613 630 646 661 0 676 677 678 679 680 681 682 683 684 685 686 687 688 689 
26 64 101 137 172 206 239 271 302 332 361 389 416 442 467 491 514 536 557 577 596 614 631 647 662 676 0 690 691 692 693 694 695 696 697 698 699 700 701 702 
27 65 102 138 173 207 240 272 303 333 362 390 417 443 468 492 515 537 558 578 597 615 632 648 663 677 690 0 703 704 705 706 707 708 709 710 711 712 713 714 
28 66 103 139 174 208 241 273 304 334 363 391 418 444 469 493 516 538 559 579 598 616 633 649 664 678 691 703 0 715 716 717 718 719 720 721 722 723 724 725 
29 67 104 140 175 209 242 274 305 335 364 392 419 445 470 494 517 539 560 580 599 617 634 650 665 679 692 704 715 0 726 727 728 729 730 731 732 733 734 735 
30 68 105 141 176 210 243 275 306 336 365 393 420 446 471 495 518 540 561 581 600 618 635 651 666 680 693 705 716 726 0 736 737 738 739 740 741 742 743 744 
31 69 106 142 177 211 244 276 307 337 366 394 421 447 472 496 519 541 562 582 601 619 636 652 667 681 694 706 717 727 736 0 745 746 747 748 749 750 751 752 
32 70 107 143 178 212 245 277 308 338 367 395 422 448 473 497 520 542 563 583 602 620 637 653 668 682 695 707 718 728 737 745 0 753 754 755 756 757 758 759 
33 71 108 144 179 213 246 278 309 339 368 396 423 449 474 498 521 543 564 584 603 621 638 654 669 683 696 708 719 729 738 746 753 0 760 761 762 763 764 765 
34 72 109 145 180 214 247 279 310 340 369 397 424 450 475 499 522 544 565 585 604 622 639 655 670 684 697 709 720 730 739 747 754 760 0 766 767 768 769 770 
35 73 110 146 181 215 248 280 311 341 370 398 425 451 476 500 523 545 566 586 605 623 640 656 671 685 698 710 721 731 740 748 755 761 766 0 771 772 773 774 
36 74 111 147 182 216 249 281 312 342 371 399 426 452 477 501 524 546 567 587 606 624 641 657 672 686 699 711 722 732 741 749 756 762 767 771 0 775 776 777 
37 75 112 148 183 217 250 282 313 343 372 400 427 453 478 502 525 547 568 588 607 625 642 658 673 687 700 712 723 733 742 750 757 763 768 772 775 0 778 779 
38 76 113 149 184 218 251 283 314 344 373 401 428 454 479 503 526 548 569 589 608 626 643 659 674 688 701 713 724 734 743 751 758 764 769 773 776 778 0 780 
39 77 114 150 185 219 252 284 315 345 374 402 429 455 480 504 527 549 570 590 609 627 644 660 675 689 702 714 725 735 744 752 759 765 770 774 777 779 780 0 
