40 780 2480
-1 -1 -1 -1 -1 -1 -1 -1 -1 -1 -1 -1 -1 -1 -1 -1 -1 -1 -1 -1 -1 1 1 1 1 1 -1 1 1 1 1 1 1 -1 1 1 1 1 1 -1 1 -1 -1 -1 -1 -1 -1 -1 -1 -1 -1 -1 -1 -1 -1 -1 -1 -1 1 1 1 -1 1 -1 1 1 1 1 1 1 1 1 1 1 -1 1 1 1 -1 1 -1 1 -1 1 1 -1 1 -1 1 -1 -1 -1 -1 -1 1 -1 -1 1 1 1 1 -1 1 1 -1 1 1 -1 -1 1 -1 -1 1 -1 -1 -1 -1 -1 -1 -1 1 -1 -1 -1 -1 -1 -1 1 1 -1 -1 1 1 1 1 1 1 1 1 1 1 1 1 1 1 1 1 -1 1 1 -1 -1 -1 -1 -1 -1 -1 -1 -1 -1 -1 -1 -1 -1 -1 1 1 1 1 1 1 -1 1 1 1 1 1 1 -1 1 1 1 1 -1 1 -1 -1 -1 -1 -1 -1 -1 -1 -1 -1 -1 -1 -1 -1 -1 -1 1 1 1 1 1 1 1 1 1 1 1 1 1 1 1 1 1 1 1 -1 -1 -1 -1 -1 -1 -1 -1 -1 -1 -1 -1 -1 -1 1 1 1 -1 -1 -1 1 -1 1 1 1 1 1 -1 1 -1 1 1 -1 -1 -1 -1 -1 -1 -1 -1 -1 1 1 -1 -1 1 1 1 1 1 1 1 1 1 1 1 1 1 1 1 1 1 1 1 -1 -1 -1 -1 -1 -1 -1 -1 -1 -1 -1 -1 1 1 1 1 1 1 1 1 1 1 1 1 1 1 1 1 1 1 1 -1 -1 -1 -1 -1 -1 -1 -1 -1 -1 -1 1 1 1 1 -1 -1 1 -1 1 1 1 1 1 1 -1 1 -1 1 1 -1 -1 -1 -1 -1 -1 -1 1 -1 1 1 1 1 1 1 1 1 1 1 1 1 1 1 1 1 1 1 -1 1 -1 -1 -1 -1 -1 -1 -1 -1 -1 -1 1 1 1 1 -1 1 -1 1 -1 1 1 1 1 1 1 -1 1 1 -1 -1 -1 -1 -1 -1 -1 -1 1 1 1 -1 1 -1 1 -1 1 1 1 1 1 1 1 1 -1 1 1 -1 -1 -1 -1 -1 -1 -1 -1 1 1 1 1 1 1 1 1 -1 1 1 -1 -1 1 -1 -1 1 1 -1 -1 -1 -1 -1 -1 -1 1 1 1 1 -1 1 -1 1 -1 1 1 1 1 1 1 -1 1 1 -1 1 -1 -1 -1 -1 1 1 1 1 1 1 1 1 1 1 1 1 1 1 1 -1 -1 1 -1 -1 -1 -1 -1 1 1 1 1 -1 1 1 1 1 1 1 -1 1 1 1 -1 1 1 1 -1 1 -1 1 1 1 1 1 1 1 1 1 1 1 1 1 1 1 1 1 1 1 -1 -1 1 -1 1 -1 -1 -1 -1 -1 -1 1 -1 -1 -1 -1 -1 -1 -1 -1 -1 -1 -1 1 1 -1 1 1 1 1 -1 1 -1 1 1 -1 -1 -1 1 1 -1 1 1 1 1 -1 1 -1 1 1 1 1 1 1 1 1 -1 1 1 -1 -1 -1 -1 -1 -1 1 1 -1 1 -1 -1 -1 -1 -1 -1 -1 -1 -1 -1 -1 -1 1 -1 -1 -1 -1 -1 -1 -1 -1 -1 -1 1 -1 -1 -1 -1 1 -1 -1 -1 -1 -1 -1 -1 -1 -1 -1 1 -1 -1 -1 -1 -1 -1 -1 -1 -1 -1 -1 -1 -1 -1 -1 -1 -1 1 -1 -1 -1 -1 -1 -1 -1 -1 -1 -1 1 -1 -1 -1 -1 -1 -1 -1 -1 -1 -1 -1 -1 -1 -1 1 -1 -1 1 -1 -1 -1 -1 -1 -1 -1 -1 -1 -1 1 -1 -1 -1 -1 -1 -1 -1 -1 -1 1 -1 -1 -1 -1 -1 -1 -1 -1 -1 -1 -1 -1 -1 -1 -1 -1 -1 -1 -1 -1 -1 -1 -1 1 1 -1 -1 -1 -1 -1 1 -1 -1 -1 -1 -1 -1 -1 -1 -1 -1 -1 -1 -1 -1 -1 -1 -1 1 -1 -1 -1 1 
27 20 597
27 14 468
27 17 537
27 12 417
27 5 207
27 15 492
27 9 333
27 3 138
27 7 272
27 19 578
27 13 443
27 16 515
27 10 362
27 11 390
27 4 173
27 8 303
27 1 65
20 17 530
20 2 95
20 10 355
20 4 166
20 34 604
14 2 89
14 34 475
17 15 482
17 3 128
17 7 262
17 18 528
17 34 544
12 2 87
12 21 411
12 34 424
5 2 80
5 34 214
15 34 499
9 2 84
9 21 327
9 34 340
2 3 78
2 7 82
2 10 85
3 21 132
3 18 129
3 10 121
3 34 145
3 1 41
21 7 266
21 10 356
21 4 167
21 8 297
21 1 59
7 18 263
7 6 220
7 34 279
18 19 550
18 10 353
19 34 585
6 34 247
16 34 522
10 34 369
11 34 397
4 34 180
8 34 310
34 1 72
64 55 536
64 53 491
64 45 271
64 40 101
64 43 206
64 48 361
64 57 577
64 51 442
64 1 26
64 46 302
55 75 547
55 62 534
55 53 482
55 45 262
55 58 530
55 56 528
49 62 387
75 42 183
75 45 282
75 43 217
75 48 372
75 1 37
75 46 313
44 62 237
44 45 220
62 53 489
62 47 330
62 42 170
62 45 269
62 40 99
62 58 594
62 52 465
62 43 204
62 56 555
62 54 512
62 48 359
62 57 575
62 51 440
62 1 24
62 46 300
47 40 84
42 58 166
45 40 82
45 56 263
40 58 95
40 52 89
40 43 80
40 50 87
40 48 85
58 48 355
56 48 353
56 57 550
109 91 522
109 40 72
109 79 180
109 90 499
109 81 247
109 86 397
109 92 544
109 83 310
109 94 585
114 91 527
114 2 39
114 40 77
114 79 185
114 90 504
114 81 252
114 86 402
114 92 549
114 83 315
114 88 455
114 94 590
91 105 518
91 111 524
91 97 510
91 102 515
96 40 59
96 79 167
96 83 297
105 2 30
105 40 68
105 79 176
105 90 495
105 81 243
105 92 540
105 83 306
111 2 36
111 40 74
111 79 182
111 90 501
111 81 249
111 86 399
111 92 546
111 83 312
93 97 553
93 92 528
93 94 550
2 97 22
2 108 33
2 112 37
40 97 60
40 102 65
40 108 71
97 102 632
97 79 168
97 90 487
97 81 235
97 86 385
97 92 532
97 83 298
97 88 438
102 79 173
102 90 492
102 86 390
102 92 537
102 83 303
102 88 443
102 94 578
108 90 498
108 81 246
108 86 396
108 92 543
108 83 309
108 94 584
79 112 183
90 92 482
92 112 547
112 83 313
115 148 183
115 131 166
148 118 282
148 3 37
148 116 217
148 119 313
117 118 220
115 179 144
115 184 149
115 42 41
115 163 128
115 172 137
115 156 121
115 79 78
115 164 129
179 155 339
179 165 584
179 151 213
179 160 474
179 42 71
179 153 278
179 163 543
179 158 423
179 161 498
179 156 368
179 152 246
179 154 309
179 4 33
179 157 396
155 184 344
155 79 84
165 184 589
165 172 577
165 164 550
184 151 218
184 160 479
184 42 76
184 153 283
184 163 548
184 158 428
184 79 113
184 152 251
184 154 314
184 159 454
184 4 38
184 162 526
184 157 401
151 172 206
151 79 80
160 79 89
153 163 262
153 172 271
153 79 82
153 152 220
153 164 263
163 172 536
163 161 482
163 164 528
172 161 491
172 156 361
172 79 101
172 154 302
172 159 442
172 4 26
158 79 87
156 79 85
156 164 353
197 200 530
197 195 482
197 116 128
197 198 528
197 187 262
151 200 166
151 201 167
200 190 355
186 187 220
190 201 356
190 116 121
190 198 353
201 188 297
201 43 59
201 116 132
201 189 327
201 192 411
201 187 266
43 116 41
116 198 129
199 198 550
198 187 263
234 44 59
234 117 132
234 221 297
234 223 356
234 242 617
234 152 167
234 225 411
234 222 327
227 240 468
227 242 470
227 248 476
227 238 466
227 81 89
44 117 41
44 240 65
44 242 67
44 248 73
44 238 63
239 117 137
239 228 491
239 221 302
239 186 206
239 230 536
239 223 361
239 226 442
239 6 26
239 81 101
239 232 577
117 240 138
117 230 128
117 223 121
117 242 140
117 248 146
117 238 136
117 81 78
117 231 129
228 240 492
228 230 482
228 242 494
228 248 500
228 238 490
221 240 303
221 242 305
221 248 311
221 238 301
221 250 313
186 240 207
186 242 209
186 248 215
186 238 205
186 81 80
186 250 217
240 233 597
240 230 537
240 223 362
240 224 390
240 152 173
240 229 515
240 226 443
240 238 677
240 232 578
240 225 417
240 222 333
233 230 530
233 223 355
233 242 599
233 152 166
233 248 605
233 238 595
233 81 95
230 242 539
230 248 545
230 238 535
230 231 528
230 250 547
223 242 364
223 248 370
223 238 360
223 81 85
223 231 353
223 250 372
242 224 392
242 152 175
242 229 517
242 226 445
242 6 29
242 81 104
242 232 580
242 225 419
242 222 335
224 248 398
224 238 388
152 248 181
152 238 171
152 250 183
229 248 523
229 238 513
226 248 451
226 238 441
248 6 35
248 81 110
248 225 425
6 238 25
6 250 37
238 81 100
238 225 415
81 225 87
81 222 84
231 232 550
153 265 166
118 45 41
118 255 121
255 265 355
294 295 550
294 253 263
294 293 528
294 286 353
294 119 129
290 83 89
221 253 220
253 293 262
253 83 82
288 83 87
285 83 84
188 83 80
296 293 530
296 154 166
296 286 355
296 83 95
293 291 482
293 119 128
286 83 85
286 119 121
83 119 78
119 46 41
341 319 451
341 155 181
341 317 398
341 47 73
341 322 523
341 9 35
341 285 311
341 323 545
341 120 146
341 320 476
341 321 500
341 189 215
341 318 425
341 254 280
341 316 370
341 326 605
319 331 441
319 334 444
319 332 442
324 325 550
324 323 528
324 120 129
324 254 263
324 316 353
155 331 171
155 334 174
155 343 183
155 326 166
331 317 388
331 47 63
331 322 513
331 9 25
331 285 301
331 323 535
331 120 136
331 320 466
331 321 490
331 189 205
331 318 415
331 254 270
331 316 360
331 326 595
47 120 41
47 334 66
322 334 516
9 334 28
9 332 26
9 343 37
325 334 579
325 332 577
285 334 304
285 332 302
285 343 313
323 120 128
323 334 538
323 321 482
323 332 536
323 343 547
323 254 262
323 326 530
120 334 139
120 332 137
120 316 121
334 321 493
334 189 208
334 254 273
334 316 363
334 222 241
321 332 491
332 189 206
332 254 271
332 316 361
189 343 217
343 254 282
343 316 372
254 222 220
316 326 355
349 373 479
373 190 218
373 223 251
373 255 283
373 346 401
373 348 454
373 352 548
373 10 38
373 48 76
373 354 589
373 286 314
373 347 428
373 316 344
373 351 526
223 255 220
255 352 262
350 352 482
379 391 516
379 393 518
256 391 273
256 381 263
256 393 275
256 384 266
256 224 220
256 389 271
256 380 262
256 86 82
256 400 282
122 49 41
122 391 139
122 381 129
122 393 141
122 384 132
122 346 121
122 389 137
122 380 128
122 86 78
49 391 66
49 393 68
49 384 59
391 382 579
391 191 208
391 384 616
391 378 493
391 346 363
391 224 241
391 380 538
391 86 103
391 11 28
391 376 444
391 287 304
391 157 174
382 381 550
382 389 577
381 346 353
381 380 528
317 393 336
317 384 327
317 86 84
191 393 210
191 389 206
191 86 80
191 400 217
393 375 420
393 378 495
393 346 365
393 224 243
393 380 540
393 383 600
393 11 30
393 287 306
393 157 176
384 375 411
384 346 356
384 287 297
384 157 167
375 86 87
378 389 491
378 380 482
346 389 361
346 383 355
346 86 85
346 400 372
377 86 89
389 380 536
389 86 101
389 11 26
389 376 442
389 287 302
380 383 530
380 400 547
383 86 95
383 157 166
11 400 37
287 400 313
157 400 183
409 414 575
409 408 550
409 418 579
409 416 577
414 407 534
414 12 24
414 375 387
414 405 489
414 288 300
414 158 170
414 410 594
414 403 440
414 408 555
414 257 269
414 123 135
414 406 512
414 318 330
414 192 204
414 347 359
414 404 465
414 225 237
407 405 482
407 410 530
407 427 547
407 408 528
407 257 262
407 123 128
407 418 538
407 416 536
12 427 37
12 418 28
12 416 26
405 418 493
405 416 491
288 427 313
288 418 304
288 416 302
158 410 166
158 427 183
158 418 174
410 347 355
403 418 444
403 416 442
427 257 282
427 192 217
427 347 372
408 257 263
408 123 129
408 347 353
257 418 273
257 225 220
257 416 271
123 50 41
123 418 139
123 347 121
123 416 137
50 418 66
406 418 516
192 418 208
192 416 206
418 347 363
418 225 241
347 416 361
446 319 336
446 193 210
446 258 275
446 124 141
446 432 518
446 403 420
446 433 540
446 436 600
446 348 365
446 13 30
446 226 243
446 431 495
446 289 306
446 159 176
446 51 68
319 450 340
319 437 327
319 449 339
319 452 342
319 88 84
193 453 217
193 450 214
193 449 213
193 452 216
193 88 80
434 258 263
434 124 129
434 433 528
434 348 353
434 435 550
453 258 282
453 433 547
453 348 372
453 13 37
453 289 313
453 159 183
258 450 279
258 433 262
258 226 220
258 437 266
258 449 278
258 452 281
258 88 82
124 450 145
124 433 128
124 348 121
124 437 132
124 449 144
124 452 147
124 51 41
124 88 78
432 450 522
432 452 524
450 403 424
450 433 544
450 436 604
450 348 369
450 226 247
450 431 499
450 289 310
450 430 475
450 159 180
450 376 397
450 51 72
450 435 585
403 437 411
403 449 423
403 452 426
403 88 87
433 436 530
433 431 482
433 449 543
433 452 546
436 348 355
436 159 166
436 449 603
436 452 606
436 88 95
348 437 356
348 449 368
348 452 371
348 88 85
13 449 33
13 452 36
226 449 246
226 452 249
431 449 498
431 452 501
289 437 297
289 449 309
289 452 312
430 449 474
430 452 477
430 88 89
159 437 167
159 452 182
437 51 59
449 376 396
449 51 71
449 435 584
452 376 399
452 51 74
349 459 353
349 469 363
349 462 356
349 471 365
349 461 355
349 478 372
349 467 361
349 125 121
14 469 28
14 471 30
14 478 37
14 467 26
227 469 241
227 471 243
227 259 220
459 460 550
459 458 528
459 259 263
459 125 129
290 469 304
290 462 297
290 471 306
290 478 313
290 467 302
160 469 174
160 462 167
160 471 176
160 461 166
160 478 183
460 469 579
460 467 577
469 462 616
469 52 66
469 456 493
469 194 208
469 458 538
469 259 273
469 430 444
469 125 139
469 457 516
462 52 59
462 320 327
462 259 266
462 125 132
462 404 411
471 52 68
471 456 495
471 320 336
471 194 210
471 461 600
471 458 540
471 259 275
471 125 141
471 404 420
471 457 518
52 125 41
456 458 482
456 467 491
194 478 217
194 467 206
461 458 530
458 478 547
458 467 536
458 259 262
458 125 128
478 259 282
467 259 271
467 430 442
467 125 137
502 195 217
502 15 37
502 161 183
502 350 372
502 291 313
502 260 282
484 483 550
484 503 589
228 503 251
228 260 220
53 486 59
53 126 41
53 503 76
486 405 411
486 161 167
486 126 132
486 350 356
486 321 327
486 291 297
486 260 266
195 503 218
195 90 80
15 503 38
405 503 428
405 90 87
481 503 526
161 485 166
378 503 401
126 483 129
126 350 121
126 503 149
126 90 78
483 350 353
483 260 263
456 503 479
456 90 89
350 90 85
350 485 355
503 90 113
503 431 454
503 321 344
503 485 608
503 291 314
503 260 283
90 321 84
90 485 95
90 260 82
507 521 584
507 514 577
507 506 550
379 521 396
91 127 78
91 322 84
91 514 101
91 508 95
91 261 82
91 406 87
91 196 80
91 457 89
91 351 85
127 521 144
127 514 137
127 505 128
127 54 41
127 509 132
127 506 129
127 351 121
292 521 309
292 514 302
292 525 313
292 509 297
432 514 442
322 521 339
322 509 327
521 481 498
521 508 603
521 261 278
521 505 543
521 229 246
521 16 33
521 406 423
521 54 71
521 196 213
521 457 474
521 351 368
514 481 491
514 261 271
514 505 536
514 16 26
514 196 206
514 351 361
481 505 482
508 505 530
508 162 166
508 351 355
261 505 262
261 229 220
261 525 282
261 509 266
261 506 263
505 525 547
505 506 528
525 16 37
525 162 183
525 196 217
525 351 372
406 509 411
54 509 59
162 509 167
509 351 356
506 351 353
55 531 59
531 407 411
531 163 167
531 323 327
531 293 297
531 352 356
197 92 80
407 92 87
323 92 84
458 92 89
352 92 85
569 294 314
569 434 454
569 324 344
569 459 479
569 381 401
569 93 113
569 554 659
569 563 758
569 18 38
569 408 428
569 56 76
569 551 608
569 556 688
569 198 218
569 570 780
569 231 251
569 567 776
569 506 526
294 557 302
294 559 304
294 564 309
294 552 297
294 561 306
294 566 311
294 554 299
294 563 308
294 568 313
294 556 301
294 565 310
294 570 315
294 558 303
294 567 312
294 560 305
434 557 442
434 559 444
434 566 451
434 554 439
434 563 448
434 556 441
434 570 455
434 558 443
434 560 445
324 93 84
324 564 339
324 552 327
324 561 336
324 554 329
324 563 338
324 565 340
324 570 345
324 558 333
324 567 342
324 560 335
557 93 101
557 483 491
557 18 26
557 198 206
459 93 89
459 564 474
459 566 476
459 554 464
459 563 473
459 556 466
459 565 475
459 570 480
459 558 468
459 567 477
459 560 470
381 564 396
381 566 398
381 554 386
381 563 395
381 556 388
381 565 397
381 570 402
381 558 390
381 567 399
381 560 392
93 559 103
93 566 110
93 554 98
93 563 107
93 408 87
93 551 95
93 556 100
93 198 80
93 560 104
559 552 616
559 483 493
559 18 28
559 56 66
559 164 174
559 198 208
559 231 241
559 558 703
559 506 516
564 483 498
564 18 33
564 408 423
564 56 71
564 551 603
564 198 213
564 231 246
552 408 411
552 56 59
552 164 167
552 560 617
561 483 495
561 18 30
561 408 420
561 56 68
561 551 600
561 164 176
561 198 210
561 231 243
561 506 518
566 483 500
566 18 35
566 408 425
566 56 73
566 551 605
566 164 181
566 198 215
566 506 523
554 483 488
554 18 23
554 408 413
554 56 61
554 551 593
554 164 169
554 198 203
554 231 236
554 558 648
554 506 511
483 563 497
483 556 490
483 565 499
483 570 504
483 558 492
483 567 501
483 560 494
563 18 32
563 408 422
563 56 70
563 551 602
563 164 178
563 198 212
563 231 245
563 506 520
18 568 37
18 556 25
18 570 39
18 567 36
18 560 29
408 556 415
408 565 424
408 570 429
408 558 417
408 567 426
408 560 419
568 164 183
568 198 217
56 556 63
56 565 72
56 570 77
56 558 65
56 567 74
56 560 67
551 556 595
551 164 166
551 565 604
551 570 609
551 558 597
551 567 606
551 560 599
556 164 171
556 198 205
556 558 677
556 506 513
164 565 180
164 570 185
164 558 173
164 567 182
164 560 175
565 198 214
565 231 247
565 506 522
198 570 219
198 558 207
198 567 216
198 560 209
570 231 252
570 506 527
231 567 249
558 506 515
567 506 524
506 560 517
507 573 510
507 587 524
507 576 513
507 583 520
507 586 523
507 581 518
409 573 412
409 587 426
409 576 415
409 583 422
409 572 411
409 586 425
409 581 420
409 94 87
571 165 166
571 573 592
571 529 530
571 587 606
571 576 595
571 583 602
571 586 605
571 581 600
571 354 355
571 94 95
295 573 298
295 587 312
295 576 301
295 583 308
295 572 297
295 586 311
295 581 306
295 588 313
165 573 168
165 587 182
165 576 171
165 583 178
165 572 167
165 586 181
165 581 176
165 588 183
484 573 487
484 529 482
484 587 501
484 576 490
484 583 497
484 586 500
484 581 495
382 573 385
382 587 399
382 576 388
382 583 395
382 586 398
264 573 267
264 529 262
264 587 281
264 576 270
264 583 277
264 572 266
264 586 280
264 581 275
264 588 282
264 232 220
264 94 82
130 573 133
130 529 128
130 587 147
130 576 136
130 583 143
130 572 132
130 586 146
130 581 141
130 354 121
130 57 41
130 94 78
573 460 463
573 529 532
573 325 328
573 199 202
573 19 22
573 354 357
573 232 235
573 57 60
573 435 438
460 587 477
460 576 466
460 583 473
460 586 476
460 94 89
529 587 546
529 576 535
529 583 542
529 586 545
529 581 540
529 588 547
587 325 342
587 199 216
587 19 36
587 354 371
587 232 249
587 57 74
325 583 338
325 572 327
325 581 336
325 94 84
576 199 205
576 19 25
576 354 360
576 57 63
576 94 100
576 435 441
583 199 212
583 19 32
583 354 367
583 232 245
583 57 70
583 94 107
583 435 448
199 586 215
199 581 210
199 588 217
199 94 80
19 586 35
19 581 30
19 588 37
572 354 356
572 57 59
586 354 370
586 57 73
586 94 110
586 435 451
581 354 365
581 232 243
581 57 68
354 588 372
354 94 85
20 598 28
20 607 37
20 596 26
571 598 579
571 596 577
571 551 550
200 598 208
200 607 217
200 596 206
591 598 616
591 410 411
591 58 59
591 296 297
591 265 266
591 131 132
591 326 327
233 598 241
233 265 220
598 508 516
598 58 66
598 296 304
598 436 444
598 485 493
598 265 273
598 131 139
607 296 313
607 265 282
58 131 41
296 596 302
436 596 442
596 485 491
596 265 271
596 131 137
551 265 263
551 131 129
234 627 252
234 622 247
234 610 235
234 620 245
234 626 251
234 612 237
234 621 246
234 624 249
234 618 243
234 611 236
96 623 110
96 591 95
96 620 107
96 614 101
96 462 89
96 201 80
96 626 113
96 612 99
96 613 100
96 611 98
623 531 545
623 591 605
623 486 500
623 384 398
623 462 476
623 201 215
623 21 35
623 437 451
623 509 523
531 627 549
531 622 544
531 591 530
531 486 482
531 615 537
531 610 532
531 552 528
531 620 542
531 614 536
531 626 548
531 612 534
531 621 543
531 624 546
531 618 540
531 613 535
531 625 547
531 611 533
627 591 609
627 486 504
627 384 402
627 462 480
627 201 219
627 21 39
627 626 780
627 572 590
627 437 455
627 509 527
622 591 604
622 486 499
622 384 397
622 462 475
622 201 214
622 572 585
622 509 522
591 615 597
591 610 592
591 620 602
591 626 608
591 612 594
591 621 603
591 624 606
591 618 600
591 613 595
591 611 593
486 615 492
486 610 487
486 620 497
486 614 491
486 612 489
486 621 498
486 624 501
486 618 495
486 613 490
486 611 488
615 384 390
615 610 632
615 462 468
615 201 207
615 572 578
615 613 677
615 437 443
615 509 515
615 611 648
384 610 385
384 620 395
384 626 401
384 612 387
384 621 396
384 624 399
384 613 388
384 611 386
610 552 553
610 462 463
610 201 202
610 21 22
610 626 643
610 437 438
610 509 510
552 612 555
552 572 550
620 462 473
620 201 212
620 21 32
620 626 758
620 437 448
620 509 520
614 201 206
614 21 26
614 572 577
614 437 442
462 626 479
462 612 465
462 621 474
462 624 477
462 613 466
462 611 464
201 626 218
201 612 204
201 621 213
201 624 216
201 618 210
201 613 205
201 625 217
201 611 203
21 626 38
21 612 24
21 621 33
21 624 36
21 618 30
21 613 25
21 625 37
21 611 23
626 572 589
626 624 776
626 613 688
626 437 454
626 509 526
626 611 659
612 572 575
612 437 440
612 509 512
621 572 584
572 611 574
624 509 524
618 509 518
613 437 441
613 509 513
437 611 439
509 611 511
630 97 100
644 573 590
644 636 752
637 97 107
573 639 585
573 629 575
573 631 577
573 636 582
573 634 580
573 638 584
573 628 574
573 633 579
629 97 99
610 636 619
610 634 617
610 633 616
640 97 110
631 97 101
97 636 106
97 634 104
97 628 98
97 633 103
636 634 727
636 633 717
660 652 752
650 652 727
650 611 617
645 554 555
652 554 562
652 649 717
652 611 619
554 628 553
649 611 616
672 414 426
672 62 74
672 674 776
414 669 423
414 666 420
414 629 412
414 645 413
414 667 421
414 661 415
414 612 411
414 670 424
414 671 425
414 668 422
414 665 419
414 674 428
414 663 417
414 675 429
62 669 71
62 666 68
62 629 60
62 645 61
62 667 69
62 664 66
62 661 63
62 612 59
62 670 72
62 671 73
62 668 70
62 665 67
62 674 76
62 663 65
62 675 77
629 674 643
629 663 632
645 674 659
645 663 648
667 664 717
667 612 619
667 665 727
667 674 751
667 663 706
667 675 752
664 612 616
664 663 703
661 674 688
661 663 677
612 665 617
668 674 758
674 675 780
630 331 328
630 556 553
630 238 235
679 331 335
679 681 727
679 576 580
679 613 617
683 331 339
683 576 584
683 238 246
331 681 337
331 661 330
331 686 342
331 680 336
331 684 340
331 613 327
331 682 338
331 689 345
331 646 329
681 576 582
681 556 562
681 238 244
681 613 619
681 678 717
681 689 752
661 576 575
661 556 555
661 238 237
686 238 249
576 556 550
576 684 585
576 678 579
576 689 590
576 646 574
576 676 577
680 238 243
684 238 247
238 678 241
238 682 245
238 689 252
238 646 236
613 678 616
64 701 76
64 693 68
64 694 69
64 696 71
64 614 59
64 631 60
64 698 73
64 647 61
64 690 65
64 702 77
64 695 70
64 692 67
64 697 72
64 699 74
64 691 66
64 676 63
701 694 751
701 239 251
701 514 526
701 631 643
701 647 659
701 702 780
701 389 401
701 695 758
701 596 608
701 332 344
701 467 479
701 699 776
701 676 688
701 416 428
693 239 243
693 172 176
693 514 518
693 596 600
693 332 336
693 416 420
557 694 562
557 631 553
557 662 555
694 239 244
694 172 177
694 514 519
694 614 619
694 690 706
694 702 752
694 389 394
694 596 601
694 692 727
694 332 337
694 467 472
694 691 717
694 416 421
239 696 246
239 631 235
239 647 236
239 702 252
239 695 245
239 697 247
239 699 249
239 662 237
239 691 241
172 614 167
172 631 168
172 698 181
172 647 169
172 690 173
172 702 185
172 695 178
172 596 166
172 700 183
172 692 175
172 697 180
172 699 182
172 662 170
172 691 174
172 676 171
696 389 396
696 596 603
696 332 339
696 467 474
696 416 423
514 631 510
514 698 523
514 647 511
514 690 515
514 702 527
514 695 520
514 692 517
514 697 522
514 699 524
514 662 512
514 691 516
514 676 513
614 692 617
614 332 327
614 691 616
614 416 411
631 690 632
631 389 385
631 596 592
631 332 328
631 467 463
631 416 412
698 389 398
698 596 605
698 467 476
698 416 425
647 690 648
647 389 386
647 596 593
647 332 329
647 467 464
647 416 413
690 389 390
690 596 597
690 332 333
690 467 468
690 691 703
690 676 677
690 416 417
702 389 402
702 596 609
702 332 345
702 467 480
702 416 429
389 695 395
389 692 392
389 697 397
389 699 399
389 662 387
389 676 388
695 596 602
695 332 338
695 467 473
695 416 422
596 692 599
596 697 604
596 699 606
596 662 594
596 676 595
692 332 335
692 467 470
692 416 419
332 697 340
332 699 342
332 662 330
697 467 475
697 416 424
467 699 477
467 662 465
467 676 466
699 416 426
676 416 415
27 708 33
27 711 36
27 714 39
27 713 38
27 690 26
27 705 30
27 707 32
27 710 35
27 712 37
27 704 29
27 663 24
708 240 246
240 711 249
240 714 252
240 713 251
240 705 243
240 707 245
240 709 247
240 663 237
615 704 617
711 713 776
714 713 780
713 102 113
713 707 758
690 102 101
102 707 107
102 710 110
102 704 104
102 663 99
558 663 555
722 391 399
722 469 477
722 598 606
722 334 342
722 418 426
722 724 776
391 720 397
391 725 402
391 718 395
391 664 387
391 715 392
391 721 398
391 649 386
391 719 396
391 678 388
391 724 401
391 633 385
720 469 475
720 598 604
720 334 340
720 418 424
559 664 555
559 633 553
469 725 480
469 718 473
469 664 465
469 715 470
469 721 476
469 649 464
469 719 474
469 678 466
469 724 479
469 633 463
725 598 609
725 334 345
725 418 429
725 724 780
718 598 602
718 334 338
718 418 422
718 724 758
664 598 594
664 334 330
598 715 599
598 721 605
598 649 593
598 719 603
598 678 595
598 724 608
598 716 600
598 633 592
715 334 335
715 418 419
334 649 329
334 719 339
334 724 344
334 716 336
334 633 328
721 418 425
649 418 413
649 724 659
719 418 423
678 418 415
678 724 688
418 724 428
418 716 420
418 633 412
724 633 643
679 734 688
679 704 677
730 242 247
650 242 236
650 734 659
650 704 648
726 242 243
728 242 245
728 734 758
735 242 252
735 734 780
242 715 241
242 734 251
242 729 246
242 732 249
242 634 235
242 665 237
715 704 703
734 732 776
734 634 643
634 704 632
634 560 553
665 560 555
446 693 442
446 737 448
446 635 438
446 666 440
446 744 455
446 726 445
446 740 451
446 705 443
446 680 441
446 736 447
446 651 439
446 716 444
446 743 454
693 105 101
693 581 577
737 105 107
737 393 395
737 471 473
737 743 758
635 393 385
635 561 553
635 471 463
635 705 632
635 743 643
105 666 99
105 726 104
105 740 110
105 471 89
105 680 100
105 736 106
105 651 98
105 716 103
105 743 113
666 393 387
666 561 555
666 471 465
666 581 575
393 739 397
393 744 402
393 726 392
393 740 398
393 705 390
393 680 388
393 736 394
393 741 399
393 651 386
393 738 396
393 743 401
739 471 475
739 581 585
744 471 480
744 736 752
744 581 590
744 743 780
726 471 470
726 618 617
726 736 727
726 581 580
740 471 476
561 736 562
561 581 550
471 705 468
471 680 466
471 736 472
471 741 477
471 651 464
471 738 474
471 743 479
705 680 677
705 736 706
705 651 648
705 581 578
705 716 703
680 743 688
618 736 619
618 716 616
736 581 582
736 716 717
736 743 751
741 743 776
651 581 574
651 743 659
581 738 584
581 716 579
581 743 589
753 583 584
653 583 574
653 707 648
637 563 553
637 707 632
718 620 616
718 583 579
718 707 703
718 745 717
620 728 617
620 745 619
728 583 580
728 745 727
754 583 585
563 583 550
563 668 555
563 745 562
695 583 577
759 583 590
759 745 752
583 707 578
583 668 575
583 745 582
707 682 677
707 745 706
179 753 178
179 683 171
179 708 173
179 669 170
179 762 182
179 746 177
179 765 185
179 760 180
179 763 183
179 654 169
179 621 167
179 729 175
179 719 174
179 761 181
179 638 168
179 738 176
753 764 758
753 521 520
753 108 107
753 449 448
683 708 677
683 764 688
683 521 513
683 108 100
683 449 441
708 521 515
708 746 706
708 654 648
708 719 703
708 449 443
708 638 632
764 521 526
764 762 776
764 746 751
764 765 780
764 108 113
764 654 659
764 449 454
764 638 643
669 564 555
669 521 512
669 108 99
669 449 440
564 746 562
564 638 553
696 108 101
696 449 442
521 762 524
521 746 519
521 765 527
521 760 522
521 654 511
521 729 517
521 719 516
521 761 523
521 638 510
521 738 518
746 765 752
746 108 106
746 621 619
746 729 727
746 719 717
746 449 447
765 449 455
108 654 98
108 729 104
108 719 103
108 761 110
654 449 439
621 729 617
621 719 616
729 449 445
719 449 444
761 449 451
449 638 438
109 747 106
109 720 103
109 655 98
109 730 104
109 766 110
109 754 107
109 670 99
109 684 100
109 697 101
109 769 113
747 720 717
747 622 619
747 730 727
747 450 447
747 770 752
747 565 562
747 709 706
747 769 751
747 34 31
720 622 616
720 450 444
720 709 703
720 34 28
655 450 439
655 709 648
655 769 659
655 34 23
622 730 617
730 450 445
730 34 29
639 450 438
639 565 553
639 709 632
639 769 643
639 34 22
739 34 30
766 450 451
766 34 35
450 754 448
450 770 455
450 670 440
450 684 441
450 697 442
450 709 443
450 769 454
768 34 37
754 769 758
754 34 32
760 34 33
770 769 780
770 34 39
670 565 555
670 34 24
684 709 677
684 769 688
684 34 25
767 769 776
767 34 36
697 34 26
769 34 38
341 623 327
341 731 335
341 771 342
341 766 340
341 773 344
341 640 328
341 740 336
341 774 345
341 755 338
341 748 337
341 671 330
341 710 333
341 761 339
341 656 329
623 731 617
623 748 619
623 721 616
731 748 727
731 586 580
771 773 776
771 248 249
766 248 247
766 586 585
773 640 643
773 774 780
773 755 758
773 748 751
773 248 251
773 586 589
773 656 659
773 685 688
640 566 553
640 248 235
640 710 632
740 248 243
566 748 562
566 671 555
566 586 550
698 586 577
774 748 752
774 248 252
774 586 590
755 248 245
748 721 717
748 248 244
748 586 582
748 710 706
721 248 241
721 586 579
721 710 703
248 671 237
248 761 246
248 656 236
671 586 575
586 710 578
586 761 584
586 656 574
710 656 648
710 685 677
722 111 103
722 749 717
722 587 579
722 711 703
722 624 616
722 452 444
672 111 99
672 587 575
672 452 440
672 567 555
771 111 110
771 452 451
111 749 106
111 657 98
111 686 100
111 732 104
111 699 101
111 756 107
749 587 582
749 711 706
749 777 752
749 624 619
749 732 727
749 452 447
749 567 562
587 711 578
587 762 584
587 777 590
587 657 574
587 732 580
587 767 585
587 567 550
587 699 577
711 657 648
711 686 677
711 641 632
711 452 443
777 452 455
657 452 439
686 452 441
624 732 617
732 452 445
641 452 438
641 567 553
452 699 442
452 756 448
779 502 504
779 75 77
779 453 455
779 148 150
779 778 780
779 607 609
779 427 429
779 525 527
779 478 480
779 750 752
779 250 252
779 588 590
779 343 345
779 400 402
502 775 501
502 757 497
502 768 499
502 723 493
502 673 489
502 642 487
502 742 495
502 700 491
502 763 498
502 772 500
502 750 496
502 687 490
502 712 492
502 658 488
502 733 494
75 148 41
75 775 74
75 757 70
75 778 76
75 768 72
75 723 66
75 642 60
75 742 68
75 763 71
75 772 73
75 750 69
75 687 63
75 712 65
75 658 61
75 625 59
75 733 67
453 757 448
453 778 454
453 723 444
453 673 440
453 642 438
453 700 442
453 772 451
453 750 447
453 687 441
453 712 443
453 658 439
453 733 445
148 775 147
148 757 143
148 778 149
148 768 145
148 723 139
148 673 135
148 642 133
148 742 141
148 568 129
148 700 137
148 763 144
148 772 146
148 750 142
148 687 136
148 112 78
148 712 138
148 658 134
148 625 132
148 733 140
775 778 776
775 607 606
775 427 426
775 525 524
775 478 477
775 250 249
775 343 342
775 400 399
757 778 758
757 607 602
757 427 422
757 525 520
757 478 473
757 250 245
757 112 107
757 343 338
757 400 395
778 607 608
778 642 643
778 427 428
778 525 526
778 478 479
778 750 751
778 687 688
778 250 251
778 588 589
778 112 113
778 343 344
778 658 659
778 400 401
768 607 604
768 427 424
768 525 522
768 478 475
768 250 247
768 588 585
768 343 340
768 400 397
607 673 594
607 642 592
607 742 600
607 763 603
607 772 605
607 750 601
607 687 595
607 112 95
607 712 597
607 658 593
607 733 599
723 525 516
723 750 717
723 250 241
723 588 579
723 112 103
723 712 703
723 625 616
673 568 555
673 525 512
673 478 465
673 250 237
673 588 575
673 112 99
673 343 330
673 400 387
642 427 412
642 568 553
642 525 510
642 478 463
642 250 235
642 712 632
642 343 328
642 400 385
742 427 420
742 525 518
742 250 243
742 343 336
427 763 423
427 772 425
427 750 421
427 687 415
427 112 87
427 712 417
427 658 413
427 625 411
427 733 419
568 750 562
568 588 550
700 588 577
700 112 101
763 478 474
763 250 246
763 588 584
763 343 339
763 400 396
525 772 523
525 750 519
525 687 513
525 712 515
525 658 511
525 733 517
772 478 476
772 112 110
772 400 398
478 750 472
478 687 466
478 112 89
478 712 468
478 658 464
478 733 470
750 250 244
750 588 582
750 112 106
750 712 706
750 343 337
750 625 619
750 733 727
750 400 394
687 112 100
687 712 677
687 400 388
250 658 236
588 712 578
588 658 574
588 733 580
112 343 84
112 658 98
112 733 104
712 343 333
712 658 648
712 400 390
343 658 329
343 625 327
343 733 335
658 400 386
625 733 617
733 400 392
569 373 353
569 674 555
701 373 361
701 503 491
373 764 368
373 773 370
373 778 372
373 713 362
373 626 356
373 734 364
373 769 369
373 724 363
373 674 359
373 743 365
184 773 181
184 778 183
184 713 173
184 626 167
184 734 175
184 769 180
184 724 174
184 674 170
184 743 176
764 503 498
773 503 500
713 503 492
713 724 703
626 734 617
626 724 616
734 503 494
503 769 499
503 724 493
503 674 489
503 743 495
114 660 98
114 725 103
114 735 104
114 774 110
114 702 101
114 759 107
114 689 100
114 675 99
644 714 632
644 570 553
660 714 648
627 725 616
627 735 617
725 714 703
714 689 677
570 675 555
1 -1 -1 -1 -1 -1 -1 -1 -1 -1 -1 -1 -1 -1 -1 -1 -1 -1 -1 -1 -1 -1 1 1 1 1 1 -1 1 1 1 1 1 1 -1 1 1 1 1 1 
-1 1 -1 1 -1 -1 -1 -1 -1 -1 -1 -1 -1 -1 -1 -1 -1 -1 -1 -1 -1 1 1 1 -1 1 -1 1 1 1 1 1 1 1 1 1 1 -1 1 1 
-1 -1 1 1 -1 1 -1 1 -1 1 1 -1 1 -1 1 -1 -1 -1 -1 -1 1 -1 -1 1 1 1 1 -1 1 1 -1 1 1 -1 -1 1 -1 -1 1 -1 
-1 1 1 1 -1 -1 -1 -1 -1 -1 1 -1 -1 -1 -1 -1 -1 1 1 -1 -1 1 1 1 1 1 1 1 1 1 1 1 1 1 1 1 1 -1 1 1 
-1 -1 -1 -1 1 -1 -1 -1 -1 -1 -1 -1 -1 -1 -1 -1 -1 -1 -1 -1 1 1 1 1 1 1 -1 1 1 1 1 1 1 -1 1 1 1 1 -1 1 
-1 -1 1 -1 -1 1 -1 -1 -1 -1 -1 -1 -1 -1 -1 -1 -1 -1 -1 -1 -1 -1 1 1 1 1 1 1 1 1 1 1 1 1 1 1 1 1 1 1 
-1 -1 -1 -1 -1 -1 1 1 -1 -1 -1 -1 -1 -1 -1 -1 -1 -1 -1 -1 -1 -1 1 1 1 -1 -1 -1 1 -1 1 1 1 1 1 -1 1 -1 1 1 
-1 -1 1 -1 -1 -1 1 1 -1 -1 -1 -1 -1 -1 -1 -1 -1 1 1 -1 -1 1 1 1 1 1 1 1 1 1 1 1 1 1 1 1 1 1 1 1 
-1 -1 -1 -1 -1 -1 -1 -1 1 -1 -1 -1 -1 -1 -1 -1 -1 -1 -1 -1 -1 1 1 1 1 1 1 1 1 1 1 1 1 1 1 1 1 1 1 1 
-1 -1 1 -1 -1 -1 -1 -1 -1 1 -1 -1 -1 -1 -1 -1 -1 -1 -1 -1 -1 1 1 1 1 -1 -1 1 -1 1 1 1 1 1 1 -1 1 -1 1 1 
-1 -1 1 1 -1 -1 -1 -1 -1 -1 1 -1 -1 -1 -1 -1 -1 -1 1 -1 1 1 1 1 1 1 1 1 1 1 1 1 1 1 1 1 1 1 -1 1 
-1 -1 -1 -1 -1 -1 -1 -1 -1 -1 -1 1 -1 -1 -1 -1 -1 -1 -1 -1 -1 -1 1 1 1 1 -1 1 -1 1 -1 1 1 1 1 1 1 -1 1 1 
-1 -1 1 -1 -1 -1 -1 -1 -1 -1 -1 -1 1 -1 -1 -1 -1 -1 -1 -1 -1 1 1 1 -1 1 -1 1 -1 1 1 1 1 1 1 1 1 -1 1 1 
-1 -1 -1 -1 -1 -1 -1 -1 -1 -1 -1 -1 -1 1 -1 -1 -1 -1 -1 -1 -1 -1 1 1 1 1 1 1 1 1 -1 1 1 -1 -1 1 -1 -1 1 1 
-1 -1 1 -1 -1 -1 -1 -1 -1 -1 -1 -1 -1 -1 1 -1 -1 -1 -1 -1 -1 -1 1 1 1 1 -1 1 -1 1 -1 1 1 1 1 1 1 -1 1 1 
-1 -1 -1 -1 -1 -1 -1 -1 -1 -1 -1 -1 -1 -1 -1 1 -1 1 -1 -1 -1 -1 1 1 1 1 1 1 1 1 1 1 1 1 1 1 1 -1 -1 1 
-1 -1 -1 -1 -1 -1 -1 -1 -1 -1 -1 -1 -1 -1 -1 -1 1 -1 -1 -1 -1 -1 1 1 1 1 -1 1 1 1 1 1 1 -1 1 1 1 -1 1 1 
-1 -1 -1 1 -1 -1 -1 1 -1 -1 -1 -1 -1 -1 -1 1 -1 1 1 -1 1 -1 1 1 1 1 1 1 1 1 1 1 1 1 1 1 1 1 1 1 
-1 -1 -1 1 -1 -1 -1 1 -1 -1 1 -1 -1 -1 -1 -1 -1 1 1 1 -1 -1 1 -1 1 -1 -1 -1 -1 -1 -1 1 -1 -1 -1 -1 -1 -1 -1 -1 
-1 -1 -1 -1 -1 -1 -1 -1 -1 -1 -1 -1 -1 -1 -1 -1 -1 -1 1 1 -1 -1 -1 1 1 -1 1 1 1 1 -1 1 -1 1 1 -1 -1 -1 1 1 
-1 -1 1 -1 1 -1 -1 -1 -1 -1 1 -1 -1 -1 -1 -1 -1 1 -1 -1 1 -1 1 1 1 1 -1 1 -1 1 1 1 1 1 1 1 1 -1 1 1 
-1 1 -1 1 1 -1 -1 1 1 1 1 -1 1 -1 -1 -1 -1 -1 -1 -1 -1 1 -1 -1 -1 -1 -1 -1 1 1 -1 1 -1 -1 -1 -1 -1 -1 -1 -1 
1 1 -1 1 1 1 1 1 1 1 1 1 1 1 1 1 1 1 1 -1 1 -1 1 -1 -1 -1 -1 1 -1 -1 -1 -1 -1 -1 -1 -1 -1 -1 1 -1 
1 1 1 1 1 1 1 1 1 1 1 1 1 1 1 1 1 1 -1 1 1 -1 -1 1 -1 -1 -1 1 -1 -1 -1 -1 -1 -1 -1 -1 -1 -1 1 -1 
1 -1 1 1 1 1 1 1 1 1 1 1 -1 1 1 1 1 1 1 1 1 -1 -1 -1 1 -1 -1 -1 -1 -1 -1 -1 -1 -1 -1 -1 -1 -1 -1 -1 
1 1 1 1 1 1 -1 1 1 -1 1 1 1 1 1 1 1 1 -1 -1 1 -1 -1 -1 -1 1 -1 1 -1 -1 -1 -1 -1 -1 -1 -1 -1 -1 1 -1 
1 -1 1 1 -1 1 -1 1 1 -1 1 -1 -1 1 -1 1 -1 1 -1 1 -1 -1 -1 -1 -1 -1 1 -1 -1 -1 -1 -1 -1 -1 -1 -1 -1 -1 -1 -1 
-1 1 -1 1 1 1 -1 1 1 1 1 1 1 1 1 1 1 1 -1 1 1 -1 1 1 -1 1 -1 1 1 -1 -1 1 -1 -1 -1 -1 -1 -1 -1 -1 
1 1 1 1 1 1 1 1 1 -1 1 -1 -1 1 -1 1 1 1 -1 1 -1 1 -1 -1 -1 -1 -1 1 1 -1 -1 1 -1 -1 -1 -1 -1 -1 -1 -1 
1 1 1 1 1 1 -1 1 1 1 1 1 1 1 1 1 1 1 -1 1 1 1 -1 -1 -1 -1 -1 -1 -1 1 -1 1 -1 -1 -1 -1 -1 -1 -1 -1 
1 1 -1 1 1 1 1 1 1 1 1 -1 1 -1 -1 1 1 1 -1 -1 1 -1 -1 -1 -1 -1 -1 -1 -1 -1 1 -1 -1 -1 -1 -1 -1 -1 -1 -1 
1 1 1 1 1 1 1 1 1 1 1 1 1 1 1 1 1 1 1 1 1 1 -1 -1 -1 -1 -1 1 1 1 -1 1 -1 -1 -1 -1 -1 -1 1 1 
1 1 1 1 1 1 1 1 1 1 1 1 1 1 1 1 1 1 -1 -1 1 -1 -1 -1 -1 -1 -1 -1 -1 -1 -1 -1 1 -1 -1 -1 -1 -1 1 -1 
1 1 -1 1 -1 1 1 1 1 1 1 1 1 -1 1 1 -1 1 -1 1 1 -1 -1 -1 -1 -1 -1 -1 -1 -1 -1 -1 -1 1 -1 -1 -1 -1 -1 -1 
-1 1 -1 1 1 1 1 1 1 1 1 1 1 -1 1 1 1 1 -1 1 1 -1 -1 -1 -1 -1 -1 -1 -1 -1 -1 -1 -1 -1 1 -1 -1 -1 -1 -1 
1 1 1 1 1 1 -1 1 1 -1 1 1 1 1 1 1 1 1 -1 -1 1 -1 -1 -1 -1 -1 -1 -1 -1 -1 -1 -1 -1 -1 -1 1 -1 -1 -1 -1 
1 1 -1 1 1 1 1 1 1 1 1 1 1 -1 1 1 1 1 -1 -1 1 -1 -1 -1 -1 -1 -1 -1 -1 -1 -1 -1 -1 -1 -1 -1 1 -1 1 -1 
1 -1 -1 -1 1 1 -1 1 1 -1 1 -1 -1 -1 -1 -1 -1 1 -1 -1 -1 -1 -1 -1 -1 -1 -1 -1 -1 -1 -1 -1 -1 -1 -1 -1 -1 1 -1 -1 
1 1 1 1 -1 1 1 1 1 1 -1 1 1 1 1 -1 1 1 -1 1 1 -1 1 1 -1 1 -1 -1 -1 -1 -1 1 1 -1 -1 -1 1 -1 1 1 
1 1 -1 1 1 1 1 1 1 1 1 1 1 1 1 1 1 1 -1 1 1 -1 -1 -1 -1 -1 -1 -1 -1 -1 -1 1 -1 -1 -1 -1 -1 -1 1 1 

0 1 2 3 4 5 6 7 8 9 10 11 12 13 14 15 16 17 18 19 20 21 22 23 24 25 26 27 28 29 30 31 32 33 34 35 36 37 38 39 
1 0 40 41 42 43 44 45 46 47 48 49 50 51 52 53 54 55 56 57 58 59 60 61 62 63 64 65 66 67 68 69 70 71 72 73 74 75 76 77 
2 40 0 78 79 80 81 82 83 84 85 86 87 88 89 90 91 92 93 94 95 96 97 98 99 100 101 102 103 104 105 106 107 108 109 110 111 112 113 114 
3 41 78 0 115 116 117 118 119 120 121 122 123 124 125 126 127 128 129 130 131 132 133 134 135 136 137 138 139 140 141 142 143 144 145 146 147 148 149 150 
4 42 79 115 0 151 152 153 154 155 156 157 158 159 160 161 162 163 164 165 166 167 168 169 170 171 172 173 174 175 176 177 178 179 180 181 182 183 184 185 
5 43 80 116 151 0 186 187 188 189 190 191 192 193 194 195 196 197 198 199 200 201 202 203 204 205 206 207 208 209 210 211 212 213 214 215 216 217 218 219 
6 44 81 117 152 186 0 220 221 222 223 224 225 226 227 228 229 230 231 232 233 234 235 236 237 238 239 240 241 242 243 244 245 246 247 248 249 250 251 252 
7 45 82 118 153 187 220 0 253 254 255 256 257 258 259 260 261 262 263 264 265 266 267 268 269 270 271 272 273 274 275 276 277 278 279 280 281 282 283 284 
8 46 83 119 154 188 221 253 0 285 286 287 288 289 290 291 292 293 294 295 296 297 298 299 300 301 302 303 304 305 306 307 308 309 310 311 312 313 314 315 
9 47 84 120 155 189 222 254 285 0 316 317 318 319 320 321 322 323 324 325 326 327 328 329 330 331 332 333 334 335 336 337 338 339 340 341 342 343 344 345 
10 48 85 121 156 190 223 255 286 316 0 346 347 348 349 350 351 352 353 354 355 356 357 358 359 360 361 362 363 364 365 366 367 368 369 370 371 372 373 374 
11 49 86 122 157 191 224 256 287 317 346 0 375 376 377 378 379 380 381 382 383 384 385 386 387 388 389 390 391 392 393 394 395 396 397 398 399 400 401 402 
12 50 87 123 158 192 225 257 288 318 347 375 0 403 404 405 406 407 408 409 410 411 412 413 414 415 416 417 418 419 420 421 422 423 424 425 426 427 428 429 
13 51 88 124 159 193 226 258 289 319 348 376 403 0 430 431 432 433 434 435 436 437 438 439 440 441 442 443 444 445 446 447 448 449 450 451 452 453 454 455 
14 52 89 125 160 194 227 259 290 320 349 377 404 430 0 456 457 458 459 460 461 462 463 464 465 466 467 468 469 470 471 472 473 474 475 476 477 478 479 480 
15 53 90 126 161 195 228 260 291 321 350 378 405 431 456 0 481 482 483 484 485 486 487 488 489 490 491 492 493 494 495 496 497 498 499 500 501 502 503 504 
16 54 91 127 162 196 229 261 292 322 351 379 406 432 457 481 0 505 506 507 508 509 510 511 512 513 514 515 516 517 518 519 520 521 522 523 524 525 526 527 
17 55 92 128 163 197 230 262 293 323 352 380 407 433 458 482 505 0 528 529 530 531 532 533 534 535 536 537 538 539 540 541 542 543 544 545 546 547 548 549 
18 56 93 129 164 198 231 263 294 324 353 381 408 434 459 483 506 528 0 550 551 552 553 554 555 556 557 558 559 560 561 562 563 564 565 566 567 568 569 570 
19 57 94 130 165 199 232 264 295 325 354 382 409 435 460 484 507 529 550 0 571 572 573 574 575 576 577 578 579 580 581 582 583 584 585 586 587 588 589 590 
20 58 95 131 166 200 233 265 296 326 355 383 410 436 461 485 508 530 551 571 0 591 592 593 594 595 596 597 598 599 600 601 602 603 604 605 606 607 608 609 
21 59 96 132 167 201 234 266 297 327 356 384 411 437 462 486 509 531 552 572 591 0 610 611 612 613 614 615 616 617 618 619 620 621 622 623 624 625 626 627 
22 60 97 133 168 202 235 267 298 328 357 385 412 438 463 487 510 532 553 573 592 610 0 628 629 630 631 632 633 634 635 636 637 638 639 640 641 642 643 644 
23 61 98 134 169 203 236 268 299 329 358 386 413 439 464 488 511 533 554 574 593 611 628 0 645 646 647 648 649 650 651 652 653 654 655 656 657 658 659 660 
24 62 99 135 170 204 237 269 300 330 359 387 414 440 465 489 512 534 555 575 594 612 629 645 0 661 662 663 664 665 666 667 668 669 670 671 672 673 674 675 
25 63 100 136 171 205 238 270 301 331 360 388 415 441 466 490 513 535 556 576 595 613 630 646 661 0 676 677 678 679 680 681 682 683 684 685 686 687 688 689 
26 64 101 137 172 206 239 271 302 332 361 389 416 442 467 491 514 536 557 577 596 614 631 647 662 676 0 690 691 692 693 694 695 696 697 698 699 700 701 702 
27 65 102 138 173 207 240 272 303 333 362 390 417 443 468 492 515 537 558 578 597 615 632 648 663 677 690 0 703 704 705 706 707 708 709 710 711 712 713 714 
28 66 103 139 174 208 241 273 304 334 363 391 418 444 469 493 516 538 559 579 598 616 633 649 664 678 691 703 0 715 716 717 718 719 720 721 722 723 724 725 
29 67 104 140 175 209 242 274 305 335 364 392 419 445 470 494 517 539 560 580 599 617 634 650 665 679 692 704 715 0 726 727 728 729 730 731 732 733 734 735 
30 68 105 141 176 210 243 275 306 336 365 393 420 446 471 495 518 540 561 581 600 618 635 651 666 680 693 705 716 726 0 736 737 738 739 740 741 742 743 744 
31 69 106 142 177 211 244 276 307 337 366 394 421 447 472 496 519 541 562 582 601 619 636 652 667 681 694 706 717 727 736 0 745 746 747 748 749 750 751 752 
32 70 107 143 178 212 245 277 308 338 367 395 422 448 473 497 520 542 563 583 602 620 637 653 668 682 695 707 718 728 737 745 0 753 754 755 756 757 758 759 
33 71 108 144 179 213 246 278 309 339 368 396 423 449 474 498 521 543 564 584 603 621 638 654 669 683 696 708 719 729 738 746 753 0 760 761 762 763 764 765 
34 72 109 145 180 214 247 279 310 340 369 397 424 450 475 499 522 544 565 585 604 622 639 655 670 684 697 709 720 730 739 747 754 760 0 766 767 768 769 770 
35 73 110 146 181 215 248 280 311 341 370 398 425 451 476 500 523 545 566 586 605 623 640 656 671 685 698 710 721 731 740 748 755 761 766 0 771 772 773 774 
36 74 111 147 182 216 249 281 312 342 371 399 426 452 477 501 524 546 567 587 606 624 641 657 672 686 699 711 722 732 741 749 756 762 767 771 0 775 776 777 
37 75 112 148 183 217 250 282 313 343 372 400 427 453 478 502 525 547 568 588 607 625 642 658 673 687 700 712 723 733 742 750 757 763 768 772 775 0 778 779 
38 76 113 149 184 218 251 283 314 344 373 401 428 454 479 503 526 548 569 589 608 626 643 659 674 688 701 713 724 734 743 751 758 764 769 773 776 778 0 780 
39 77 114 150 185 219 252 284 315 345 374 402 429 455 480 504 527 549 570 590 609 627 644 660 675 689 702 714 725 735 744 752 759 765 770 774 777 779 780 0 
