50 1225 3699
-1 -1 -1 -1 -1 -1 -1 -1 -1 -1 -1 -1 -1 -1 -1 -1 -1 -1 -1 -1 -1 -1 -1 1 1 1 1 1 1 1 1 1 1 1 -1 1 -1 1 1 1 1 1 1 1 1 1 -1 1 1 -1 -1 -1 -1 -1 -1 -1 -1 -1 -1 -1 -1 -1 -1 -1 -1 -1 -1 -1 -1 -1 -1 1 1 1 1 1 1 1 -1 1 1 1 -1 1 -1 1 -1 -1 1 1 1 1 1 1 1 1 1 -1 -1 -1 -1 -1 -1 -1 -1 -1 -1 -1 -1 -1 -1 -1 -1 -1 -1 -1 -1 -1 -1 -1 -1 -1 -1 -1 1 1 -1 -1 1 1 1 -1 -1 -1 -1 -1 -1 -1 1 1 -1 -1 1 -1 -1 -1 -1 -1 -1 -1 -1 -1 -1 -1 -1 -1 -1 -1 -1 -1 -1 -1 -1 -1 1 1 1 1 1 1 1 -1 1 1 1 -1 1 1 1 -1 -1 1 1 1 1 1 1 1 1 1 -1 -1 1 -1 -1 -1 -1 -1 -1 -1 -1 -1 -1 -1 -1 -1 -1 -1 -1 1 1 1 1 -1 1 1 -1 1 1 1 -1 1 -1 1 -1 1 1 1 1 1 1 1 -1 1 1 -1 -1 -1 -1 -1 -1 -1 -1 -1 -1 -1 -1 -1 -1 -1 -1 -1 -1 1 1 1 1 1 1 1 1 1 1 1 -1 1 1 1 1 1 1 1 1 1 1 1 1 1 1 -1 -1 -1 -1 -1 -1 -1 -1 -1 -1 -1 -1 -1 -1 -1 -1 -1 1 1 1 1 1 1 1 -1 1 1 1 -1 1 1 1 1 1 1 1 1 1 1 1 1 1 1 -1 -1 -1 -1 -1 -1 -1 -1 -1 -1 -1 -1 -1 -1 -1 -1 1 1 1 1 1 1 1 1 1 1 1 -1 1 1 1 1 1 1 1 1 1 1 1 1 1 1 -1 -1 -1 -1 -1 -1 -1 -1 -1 -1 1 -1 -1 -1 -1 -1 1 -1 1 1 1 1 -1 -1 1 -1 1 1 1 1 -1 1 -1 1 -1 1 1 -1 -1 1 1 -1 -1 -1 -1 -1 -1 -1 -1 -1 -1 -1 -1 -1 -1 -1 1 -1 1 1 -1 1 1 -1 -1 1 -1 1 -1 -1 -1 -1 1 -1 1 1 1 1 1 1 1 -1 -1 -1 -1 -1 -1 -1 -1 -1 -1 -1 -1 -1 1 1 1 1 1 -1 1 -1 1 1 1 1 1 1 1 1 1 1 1 1 1 1 1 1 1 1 -1 -1 -1 -1 -1 -1 -1 -1 -1 -1 -1 -1 1 1 1 1 1 1 1 1 1 1 1 -1 1 1 1 -1 1 1 1 1 1 1 1 1 1 1 -1 -1 -1 -1 -1 -1 -1 -1 -1 -1 -1 1 1 1 1 1 1 1 -1 1 1 1 -1 1 1 1 1 1 1 1 1 1 1 1 1 1 1 -1 -1 -1 -1 -1 -1 -1 -1 -1 -1 1 1 -1 -1 1 1 1 1 1 1 1 -1 1 1 -1 1 1 -1 1 1 1 1 1 1 1 -1 -1 -1 -1 -1 -1 -1 -1 -1 -1 1 1 1 1 1 1 1 -1 1 1 -1 -1 1 1 1 1 1 1 1 -1 1 1 1 1 1 1 -1 -1 -1 -1 -1 -1 -1 -1 1 1 1 1 -1 1 1 -1 1 1 1 1 1 1 1 1 1 1 1 1 1 1 1 1 1 1 -1 -1 -1 -1 -1 -1 -1 -1 1 -1 1 1 1 1 1 -1 1 1 -1 1 1 -1 1 1 1 1 1 1 1 1 1 1 1 -1 -1 -1 -1 -1 -1 1 1 1 1 1 1 1 1 1 1 1 -1 1 -1 1 1 1 1 1 1 1 1 1 -1 1 1 -1 -1 -1 -1 -1 1 1 1 1 1 -1 1 -1 1 1 1 -1 1 1 1 1 1 1 1 1 1 1 1 1 1 1 -1 -1 -1 -1 1 1 1 1 1 1 1 -1 1 1 1 -1 1 1 1 1 1 1 1 1 1 1 1 1 1 1 -1 -1 -1 1 1 -1 1 1 1 1 1 1 1 -1 -1 1 1 1 -1 -1 -1 1 -1 -1 1 1 1 1 1 -1 -1 1 1 1 -1 1 -1 1 -1 -1 1 1 1 1 1 1 -1 -1 1 1 1 1 1 1 1 1 1 -1 1 1 1 1 1 1 1 1 1 1 1 -1 1 1 1 1 1 1 1 1 1 1 1 1 1 1 1 1 1 1 1 1 1 1 1 1 1 -1 1 1 1 1 1 1 1 1 1 1 1 1 1 1 -1 -1 -1 -1 -1 -1 -1 -1 -1 -1 -1 -1 -1 -1 -1 -1 -1 -1 -1 -1 -1 -1 -1 -1 -1 -1 -1 -1 -1 -1 -1 -1 -1 -1 -1 -1 -1 -1 -1 -1 -1 -1 -1 -1 -1 -1 -1 -1 -1 -1 -1 -1 -1 -1 -1 -1 -1 -1 -1 -1 -1 -1 -1 -1 -1 -1 -1 -1 -1 -1 -1 -1 -1 -1 -1 -1 -1 -1 -1 -1 -1 -1 -1 -1 -1 -1 -1 -1 -1 -1 -1 -1 -1 -1 -1 -1 -1 -1 -1 -1 -1 -1 -1 -1 -1 -1 -1 -1 -1 -1 -1 -1 -1 -1 -1 -1 -1 -1 -1 -1 -1 -1 -1 -1 -1 -1 -1 -1 -1 -1 -1 -1 -1 -1 -1 -1 -1 -1 -1 -1 -1 -1 -1 -1 -1 -1 -1 -1 -1 -1 -1 -1 -1 -1 -1 -1 -1 -1 -1 -1 -1 -1 -1 -1 -1 -1 -1 -1 -1 -1 -1 -1 -1 -1 -1 -1 -1 -1 -1 -1 -1 -1 -1 -1 -1 -1 -1 -1 -1 -1 -1 -1 -1 -1 -1 -1 -1 -1 -1 -1 -1 -1 -1 -1 -1 -1 -1 -1 -1 -1 -1 -1 -1 -1 -1 -1 -1 -1 -1 -1 -1 -1 -1 -1 -1 -1 -1 -1 -1 -1 -1 -1 -1 -1 -1 -1 -1 -1 -1 -1 -1 -1 -1 -1 -1 -1 -1 -1 -1 -1 -1 -1 -1 -1 -1 -1 -1 -1 -1 -1 -1 -1 -1 -1 -1 -1 -1 -1 -1 -1 -1 -1 -1 -1 -1 -1 -1 -1 -1 -1 -1 -1 -1 -1 -1 -1 -1 -1 -1 -1 -1 -1 -1 -1 -1 -1 -1 -1 -1 -1 -1 -1 -1 -1 -1 -1 -1 -1 -1 -1 -1 -1 -1 -1 -1 -1 -1 -1 -1 -1 -1 -1 -1 -1 -1 
20 37 807
20 47 817
14 37 618
14 47 628
12 37 547
12 47 557
5 37 267
5 47 277
15 37 652
15 47 662
15 35 650
9 47 443
2 35 130
3 37 178
3 47 188
21 37 835
21 47 845
21 35 833
7 37 352
7 4 193
7 47 362
18 37 748
18 47 758
19 37 778
19 47 788
19 8 375
13 37 583
13 47 593
6 37 310
6 47 320
23 37 888
23 47 898
16 37 685
16 47 695
10 37 472
10 47 482
10 35 470
11 37 510
11 47 520
37 22 862
37 8 393
47 22 872
47 1 95
8 35 391
65 88 720
65 79 711
65 87 719
59 85 510
59 88 513
59 79 504
85 54 310
85 63 652
85 70 862
85 55 352
85 68 807
85 62 618
85 53 267
85 71 888
85 66 748
85 60 547
85 51 178
85 69 835
85 64 685
85 58 472
85 67 778
85 61 583
85 56 393
54 88 313
54 87 312
63 83 650
63 88 655
63 87 654
57 79 427
83 50 130
83 69 833
83 58 470
83 56 391
52 55 193
52 88 226
70 88 865
70 79 856
70 87 864
55 88 355
55 79 346
55 87 354
50 79 126
68 79 801
62 88 621
62 87 620
88 53 270
88 71 891
88 66 751
88 60 550
88 64 688
88 58 475
88 67 781
88 61 586
88 1 40
88 56 396
53 79 261
53 87 269
79 71 882
79 64 679
79 61 577
79 1 31
71 87 890
66 87 750
60 87 549
64 87 687
58 87 474
67 87 780
67 56 375
61 87 585
87 1 39
134 105 474
134 111 687
134 107 549
134 113 750
134 118 890
134 100 269
134 109 620
134 2 39
134 102 354
134 117 864
134 110 654
134 101 312
134 112 719
134 108 585
134 114 780
105 136 476
105 142 482
105 133 473
105 138 478
105 144 484
105 120 460
105 135 475
105 122 462
105 128 468
105 137 477
105 119 459
105 121 461
105 127 467
105 132 472
105 141 481
105 123 463
111 136 689
111 142 695
111 138 691
111 144 697
111 120 673
111 135 688
111 122 675
111 128 681
111 137 690
111 124 677
111 132 685
111 141 694
111 123 676
116 136 839
116 142 845
116 133 836
116 138 841
116 144 847
116 120 823
116 128 831
116 137 840
116 119 822
116 121 824
116 132 835
116 141 844
116 123 826
98 136 182
98 142 188
98 133 179
98 138 184
98 144 190
98 120 166
98 122 168
98 128 174
98 137 183
98 119 165
98 124 170
98 121 167
98 127 173
98 132 178
98 141 187
98 123 169
136 107 551
136 113 752
136 118 892
136 100 271
136 109 622
136 2 41
136 50 89
136 102 356
136 117 866
136 99 227
136 104 437
136 110 656
136 101 314
136 106 514
136 112 721
136 114 782
142 107 557
142 113 758
142 118 898
142 100 277
142 109 628
142 115 817
142 50 95
142 102 362
142 117 872
142 104 443
142 110 662
142 101 320
142 106 520
142 108 593
142 114 788
107 133 548
107 138 553
107 144 559
107 120 535
107 135 550
107 122 537
107 128 543
107 137 552
107 119 534
107 124 539
107 121 536
107 127 542
107 132 547
107 141 556
107 123 538
113 133 749
113 138 754
113 144 760
113 120 736
113 135 751
113 122 738
113 128 744
113 137 753
113 119 735
113 121 737
113 127 743
113 132 748
113 141 757
113 123 739
118 133 889
118 138 894
118 144 900
118 120 876
118 135 891
118 122 878
118 128 884
118 137 893
118 119 875
118 124 880
118 121 877
118 127 883
118 132 888
118 141 897
118 123 879
133 100 268
133 109 619
133 2 38
133 115 808
133 50 86
133 102 353
133 117 863
133 99 224
133 110 653
133 101 311
133 106 511
133 112 718
133 103 394
133 114 779
100 138 273
100 144 279
100 120 255
100 135 270
100 122 257
100 128 263
100 137 272
100 119 254
100 124 259
100 121 256
100 127 262
100 132 267
100 141 276
100 123 258
138 2 43
138 50 91
138 102 358
138 117 868
138 99 229
138 104 439
138 110 658
138 101 316
138 106 516
138 112 723
138 108 589
138 114 784
144 109 630
144 2 49
144 115 819
144 50 97
144 102 364
144 117 874
144 99 235
144 104 445
144 110 664
144 101 322
144 106 522
144 112 729
144 103 405
144 114 790
109 120 606
109 135 621
109 122 608
109 128 614
109 137 623
109 119 605
109 124 610
109 121 607
109 127 613
109 132 618
109 141 627
109 123 609
2 120 25
2 135 40
2 122 27
2 128 33
2 137 42
2 119 24
2 124 29
2 121 26
2 127 32
2 141 46
2 123 28
115 120 795
115 122 797
115 128 803
115 137 812
115 119 794
115 124 799
115 127 802
115 132 807
115 141 816
115 123 798
50 120 73
50 122 75
50 128 81
50 137 90
50 119 72
50 124 77
50 121 74
50 127 80
50 141 94
50 123 76
120 102 340
120 117 850
120 99 211
120 104 421
120 110 640
120 101 298
120 106 498
120 112 705
120 103 381
120 108 571
120 114 766
135 102 355
135 117 865
135 99 226
135 110 655
135 101 313
135 106 513
135 112 720
135 103 396
135 108 586
135 114 781
102 122 342
102 128 348
102 99 193
102 137 357
102 119 339
102 124 344
102 121 341
102 127 347
102 132 352
102 141 361
102 123 343
117 122 852
117 128 858
117 137 867
117 119 849
117 124 854
117 121 851
117 127 857
117 132 862
117 141 871
117 123 853
122 99 213
122 104 423
122 110 642
122 101 300
122 106 500
122 112 707
122 103 383
122 114 768
128 99 219
128 110 648
128 101 306
128 106 506
128 112 713
128 103 389
128 108 579
128 114 774
99 137 228
99 119 210
99 124 215
99 121 212
99 127 218
99 141 232
137 110 657
137 101 315
137 106 515
137 112 722
137 103 398
137 108 588
137 114 783
104 141 442
104 123 424
110 119 639
110 124 644
110 121 641
110 127 647
110 132 652
110 141 661
119 101 297
119 106 497
119 112 704
119 108 570
119 114 765
124 101 302
124 106 502
124 112 709
124 103 385
124 108 575
124 114 770
101 121 299
101 127 305
101 132 310
101 141 319
101 123 301
106 121 499
106 127 505
106 132 510
106 141 519
106 123 501
112 121 706
112 127 712
112 141 726
112 123 708
121 114 767
127 108 578
127 114 773
132 103 393
132 108 583
132 114 778
103 114 375
103 123 384
141 108 592
141 114 787
108 123 574
114 123 769
176 151 470
176 98 130
176 162 833
176 156 650
176 149 391
145 148 193
145 181 226
152 172 504
152 181 513
151 181 475
151 180 474
157 172 679
157 181 688
157 180 687
164 172 882
164 181 891
164 180 890
98 172 126
147 181 313
147 180 312
154 172 577
154 181 586
154 180 585
160 181 781
160 180 780
160 149 375
159 181 751
159 180 750
172 148 346
172 3 31
172 150 427
172 146 261
172 158 711
172 161 801
172 163 856
148 181 355
148 180 354
3 181 40
3 180 39
181 156 655
181 146 270
181 153 550
181 158 720
181 155 621
181 149 396
181 163 865
156 180 654
146 180 269
153 180 549
158 180 719
155 180 620
180 163 864
145 214 169
145 223 178
145 233 188
209 214 879
209 217 882
209 223 888
209 225 890
209 233 898
195 214 424
195 217 427
195 233 443
205 214 769
205 194 375
205 223 778
205 225 780
205 233 788
214 191 258
214 200 609
214 52 76
214 203 708
214 198 538
214 208 853
214 196 463
214 206 798
214 192 301
214 194 384
214 204 739
214 199 574
214 4 28
214 202 676
214 197 501
214 207 826
191 217 261
191 223 267
191 225 269
191 233 277
217 203 711
217 208 856
217 206 801
217 99 126
217 199 577
217 4 31
217 202 679
217 197 504
200 223 618
200 225 620
200 233 628
52 233 95
203 225 719
198 223 547
198 225 549
198 233 557
208 223 862
208 225 864
208 233 872
201 223 652
201 225 654
201 221 650
201 233 662
196 223 472
196 225 474
196 221 470
196 233 482
206 223 807
206 233 817
99 221 130
192 223 310
192 225 312
192 233 320
194 223 393
194 221 391
204 223 748
204 225 750
204 233 758
223 199 583
223 202 685
223 197 510
223 207 835
199 225 585
199 233 593
225 4 39
225 202 687
202 233 695
221 207 833
197 233 520
207 233 845
191 237 193
245 265 650
100 265 130
240 265 470
265 251 833
265 238 391
238 249 375
294 308 833
288 308 650
281 308 391
281 292 375
236 304 261
293 304 801
290 304 711
283 308 470
295 304 856
284 304 504
296 304 882
192 280 193
289 304 679
286 304 577
308 101 130
6 304 31
101 304 126
280 304 346
282 304 427
334 323 375
323 350 391
336 350 833
325 350 470
102 350 130
350 330 650
374 395 750
374 403 758
374 399 754
374 402 757
374 382 737
374 390 745
374 380 735
374 388 743
374 397 752
395 370 620
395 372 687
395 281 312
395 323 354
395 368 549
395 378 864
395 379 890
395 238 269
395 373 719
395 369 585
395 371 654
395 366 474
395 8 39
370 403 628
370 402 627
370 382 607
370 380 605
370 388 613
370 397 622
372 403 695
372 399 691
372 387 679
372 402 694
372 390 682
372 397 689
281 403 320
281 399 316
281 402 319
281 382 299
281 390 307
281 380 297
281 388 305
281 397 314
403 323 362
403 368 557
403 378 872
403 379 898
403 365 443
403 238 277
403 376 817
403 369 593
403 371 662
403 366 482
403 367 520
403 377 845
403 149 188
403 56 95
323 399 358
323 387 346
323 402 361
323 382 341
323 194 193
323 390 349
323 380 339
323 388 347
323 397 356
368 399 553
368 402 556
368 382 536
368 390 544
368 380 534
368 388 542
368 397 551
378 399 868
378 387 856
378 402 871
378 382 851
378 390 859
378 380 849
378 388 857
378 397 866
399 379 894
399 365 439
399 238 273
399 373 723
399 194 229
399 369 589
399 371 658
399 366 478
399 8 43
399 367 516
399 377 841
399 149 184
399 56 91
379 387 882
379 402 897
379 382 877
379 390 885
379 380 875
379 388 883
379 397 892
387 365 427
387 238 261
387 376 801
387 373 711
387 369 577
387 103 126
387 8 31
387 367 504
365 402 442
365 390 430
365 397 437
238 402 276
238 382 256
238 390 264
238 380 254
238 388 262
238 397 271
376 402 816
376 380 794
376 388 802
373 402 726
373 382 706
373 390 714
373 380 704
373 388 712
373 397 721
402 194 232
402 369 592
402 371 661
402 366 481
402 8 46
402 367 519
402 377 844
402 149 187
402 56 94
382 194 212
382 371 641
382 366 461
382 8 26
382 367 499
382 377 824
382 149 167
382 56 74
194 390 220
194 380 210
194 388 218
194 397 227
390 369 580
390 371 649
390 366 469
390 103 129
390 8 34
390 367 507
390 377 832
390 149 175
390 56 82
369 380 570
369 388 578
371 380 639
371 388 647
371 397 656
380 366 459
380 8 24
380 367 497
380 377 822
380 149 165
380 56 72
388 366 467
388 8 32
388 367 505
388 149 173
388 56 80
366 397 476
8 397 41
397 367 514
397 377 839
397 149 182
397 56 89
431 417 833
431 365 391
431 104 130
431 411 650
431 406 470
409 429 579
409 438 588
409 436 586
409 425 575
409 420 570
409 433 583
409 428 578
409 435 585
414 429 744
414 438 753
414 434 749
414 436 751
414 422 737
414 420 735
414 433 748
414 428 743
414 435 750
195 429 219
195 438 228
195 434 224
195 436 226
195 422 212
195 425 215
195 420 210
195 324 193
195 428 218
429 407 506
429 417 831
429 57 81
429 412 681
429 419 884
429 9 33
429 415 774
429 365 389
429 413 713
429 150 174
429 410 614
429 411 648
429 239 263
429 408 543
429 418 858
429 324 348
429 406 468
429 416 803
429 282 306
407 438 515
407 434 511
407 436 513
407 422 499
407 425 502
407 420 497
407 433 510
407 428 505
417 438 840
417 434 836
417 422 824
417 420 822
417 433 835
57 438 90
57 434 86
57 422 74
57 425 77
57 420 72
57 428 80
412 438 690
412 436 688
412 425 677
412 433 685
412 435 687
419 438 893
419 434 889
419 436 891
419 422 877
419 425 880
419 420 875
419 433 888
419 428 883
419 435 890
9 438 42
9 434 38
9 436 40
9 422 26
9 425 29
9 420 24
9 428 32
9 435 39
415 438 783
415 434 779
415 365 375
415 436 781
415 422 767
415 425 770
415 420 765
415 433 778
415 428 773
415 435 780
438 365 398
438 413 722
438 150 183
438 410 623
438 411 657
438 239 272
438 408 552
438 418 867
438 324 357
438 406 477
438 416 812
438 282 315
434 365 394
434 413 718
434 150 179
434 410 619
434 411 653
434 239 268
434 408 548
434 418 863
434 324 353
434 406 473
434 416 808
434 282 311
365 436 396
365 425 385
365 433 393
413 436 720
413 422 706
413 425 709
413 420 704
413 428 712
413 435 719
150 422 167
150 425 170
150 420 165
150 433 178
150 428 173
436 410 621
436 411 655
436 239 270
436 408 550
436 418 865
436 324 355
436 406 475
436 282 313
410 422 607
410 425 610
410 420 605
410 433 618
410 428 613
410 435 620
411 422 641
411 425 644
411 420 639
411 433 652
411 428 647
411 435 654
422 239 256
422 408 536
422 418 851
422 324 341
422 406 461
422 282 299
239 425 259
239 420 254
239 433 267
239 428 262
239 435 269
408 425 539
408 420 534
408 433 547
408 428 542
408 435 549
418 425 854
418 420 849
418 433 862
418 428 857
418 435 864
425 324 344
425 416 799
425 282 302
420 324 339
420 406 459
420 416 794
420 282 297
433 324 352
433 406 472
433 416 807
433 282 310
324 428 347
324 435 354
428 406 467
428 416 802
428 282 305
406 435 474
282 435 312
449 464 610
105 466 126
151 464 170
466 455 801
466 240 261
466 457 856
466 325 346
466 446 504
466 448 577
466 452 711
466 10 31
466 406 427
466 458 882
466 451 679
455 464 799
240 464 259
283 464 302
464 457 854
464 325 344
464 446 502
464 196 215
464 450 644
464 448 575
464 452 709
464 10 29
464 58 77
464 454 770
464 366 385
464 447 539
464 458 880
464 451 677
325 196 193
454 366 375
489 512 687
326 512 354
326 197 193
492 512 780
492 367 375
491 512 750
241 512 269
494 508 833
485 512 549
488 512 654
488 508 650
446 512 474
446 508 470
487 512 620
284 512 312
512 490 719
512 11 39
512 496 890
512 495 864
512 486 585
106 508 130
508 367 391
541 527 711
541 107 126
541 12 31
541 532 856
541 485 504
541 530 801
541 523 577
541 327 346
541 533 882
541 526 679
541 408 427
541 242 261
529 368 375
107 545 130
525 545 650
368 545 391
198 327 193
545 531 833
545 447 470
409 595 445
409 587 437
409 573 423
595 243 279
595 564 760
595 328 364
595 154 190
595 562 697
595 569 900
595 568 874
595 523 559
595 563 729
595 566 819
595 448 484
595 13 49
595 286 322
595 561 664
595 369 405
595 560 630
595 199 235
595 567 847
595 486 522
595 61 97
595 565 790
243 587 271
243 573 257
243 572 256
243 584 268
564 587 752
564 573 738
564 572 737
564 584 749
328 587 356
328 573 342
328 572 341
328 584 353
328 199 193
154 587 182
154 573 168
154 572 167
154 584 179
562 587 689
562 573 675
569 587 892
569 573 878
569 572 877
569 584 889
581 448 470
581 561 650
581 369 391
581 567 833
581 108 130
568 587 866
568 573 852
568 572 851
568 584 863
587 523 551
587 563 721
587 448 476
587 13 41
587 286 314
587 561 656
587 560 622
587 199 227
587 567 839
587 486 514
587 61 89
587 565 782
523 573 537
523 572 536
523 584 548
563 573 707
563 572 706
563 584 718
566 573 797
566 584 808
573 448 462
573 13 27
573 286 300
573 561 642
573 369 383
573 560 608
573 199 213
573 486 500
573 61 75
573 565 768
448 572 461
448 584 473
13 572 26
13 584 38
286 572 299
286 584 311
561 572 641
561 584 653
572 560 607
572 199 212
572 567 824
572 486 499
572 61 74
572 565 767
584 369 394
584 560 619
584 199 224
584 567 836
584 486 511
584 61 86
584 565 779
369 565 375
449 624 478
449 615 469
449 616 470
14 624 43
14 615 34
14 612 31
287 624 316
287 615 307
599 624 754
599 615 745
604 624 894
604 615 885
604 612 882
624 200 229
624 600 784
624 602 841
624 487 516
624 62 91
624 596 658
624 410 439
624 244 273
624 598 723
624 329 358
624 560 589
624 155 184
624 603 868
624 524 553
624 597 691
370 600 375
370 616 391
200 615 220
200 329 193
600 615 775
109 615 129
109 616 130
109 612 126
602 615 832
602 616 833
615 487 507
615 62 82
615 596 649
615 410 430
615 244 264
615 598 714
615 329 349
615 560 580
615 155 175
615 603 859
615 524 544
615 597 682
487 612 504
596 616 650
410 612 427
244 612 261
601 612 801
598 612 711
329 612 346
560 612 577
603 612 856
612 597 679
643 634 769
643 288 301
643 638 879
643 63 76
643 636 826
643 245 258
643 15 28
643 525 538
643 631 676
643 488 501
643 156 169
643 633 739
643 596 609
643 450 463
643 561 574
643 411 424
643 635 798
643 371 384
643 637 853
643 330 343
643 632 708
634 371 375
638 646 882
245 646 261
15 646 31
631 646 679
201 330 193
488 646 504
646 110 126
646 561 577
646 411 427
646 635 801
646 637 856
646 330 346
646 632 711
667 686 779
667 372 375
667 674 767
667 672 765
667 680 773
489 686 511
489 674 499
489 672 497
489 680 505
686 671 889
686 157 179
686 372 394
686 670 863
686 631 653
686 668 808
686 331 353
686 665 718
686 289 311
686 16 38
686 526 548
686 64 86
686 202 224
686 669 836
686 246 268
686 666 749
686 597 619
686 451 473
111 683 130
671 674 877
671 672 875
671 680 883
157 674 167
157 672 165
157 680 173
372 683 391
562 672 570
562 680 578
670 674 851
670 672 849
670 680 857
674 631 641
674 331 341
674 665 706
674 289 299
674 16 26
674 526 536
674 64 74
674 202 212
674 669 824
674 246 256
674 666 737
674 597 607
674 451 461
631 672 639
631 683 650
631 680 647
668 672 794
668 680 802
331 672 339
331 202 193
331 680 347
672 665 704
672 289 297
672 16 24
672 526 534
672 64 72
672 202 210
672 669 822
672 246 254
672 666 735
672 597 605
672 451 459
665 680 712
289 680 305
16 680 32
526 680 542
683 669 833
683 451 470
64 680 80
202 680 218
246 680 262
680 666 743
680 597 613
680 451 467
698 727 758
698 717 748
715 701 833
715 373 391
715 452 470
715 112 130
715 632 650
332 727 362
332 203 193
332 717 352
65 727 95
701 727 845
701 717 835
727 247 277
727 527 557
727 699 788
727 290 320
727 563 593
727 413 443
727 665 695
727 490 520
727 158 188
727 702 872
727 598 628
727 452 482
727 700 817
727 632 662
727 703 898
247 717 267
527 717 547
699 373 375
699 717 778
290 717 310
563 717 583
665 717 685
490 717 510
373 717 393
158 717 178
702 717 862
598 717 618
452 717 472
700 717 807
717 632 652
717 703 888
698 742 711
698 740 709
374 730 375
374 746 391
374 740 385
564 742 577
564 740 575
414 742 427
599 740 610
453 746 470
742 491 504
742 113 126
742 734 882
742 18 31
742 333 346
742 731 801
742 248 261
742 733 856
742 666 679
491 740 502
113 746 130
730 740 770
159 740 170
732 746 833
746 633 650
734 740 880
633 740 644
18 740 29
528 740 539
333 204 193
333 740 344
66 740 77
731 740 799
204 740 215
248 740 259
291 740 302
733 740 854
666 740 677
667 772 679
772 761 801
772 492 504
772 334 346
772 763 856
772 699 711
772 415 427
772 764 882
772 249 261
772 19 31
772 114 126
772 565 577
205 334 193
634 776 650
762 776 833
776 454 470
776 114 130
20 804 34
20 813 43
20 811 41
20 809 39
20 796 26
20 814 44
20 810 40
761 804 775
761 813 784
761 811 782
761 376 375
761 809 780
761 796 767
761 814 785
761 810 781
250 804 264
250 813 273
250 811 271
250 809 269
250 796 256
250 814 274
250 810 270
804 791 832
804 455 469
804 793 885
804 293 307
804 115 129
804 668 682
804 530 544
804 68 82
804 206 220
804 566 580
804 731 745
804 792 859
804 635 649
804 493 507
804 335 349
804 161 175
804 700 714
804 416 430
813 791 841
813 455 478
813 793 894
813 293 316
813 668 691
813 530 553
813 68 91
813 206 229
813 566 589
813 731 754
813 792 868
813 635 658
813 493 516
813 335 358
813 161 184
813 700 723
813 416 439
791 811 839
791 796 824
791 805 833
791 814 842
455 811 476
455 809 474
455 796 461
455 805 470
455 814 479
455 810 475
793 811 892
793 809 890
793 796 877
793 814 895
793 810 891
293 811 314
293 809 312
293 796 299
293 814 317
293 810 313
115 805 130
115 814 139
811 668 689
811 530 551
811 68 89
811 206 227
811 731 752
811 792 866
811 601 622
811 635 656
811 493 514
811 335 356
811 161 182
811 700 721
811 416 437
668 809 687
668 814 692
668 810 688
530 809 549
530 796 536
530 814 554
530 810 550
68 796 74
68 814 92
376 805 391
376 814 400
376 810 396
809 566 585
809 731 750
809 792 864
809 601 620
809 635 654
809 335 354
809 700 719
206 796 212
206 814 230
206 335 193
206 810 226
566 814 590
566 810 586
796 731 737
796 792 851
796 601 607
796 635 641
796 493 499
796 335 341
796 161 167
796 700 706
805 635 650
814 731 755
814 792 869
814 601 625
814 635 659
814 493 517
814 335 359
814 161 185
814 700 724
814 416 440
731 810 751
792 810 865
601 810 621
635 810 655
493 810 513
335 810 355
700 810 720
456 837 474
456 825 462
456 830 467
456 838 475
294 827 302
294 837 312
294 825 300
294 830 305
294 838 313
116 829 126
827 701 709
827 791 799
827 636 644
827 494 502
827 820 854
827 336 344
827 162 170
827 602 610
827 251 259
827 21 29
827 762 770
827 69 77
827 567 575
827 669 677
827 531 539
827 377 385
827 207 215
827 821 880
701 837 719
701 825 707
701 830 712
701 838 720
701 829 711
837 636 654
837 820 864
837 336 354
837 732 750
837 602 620
837 251 269
837 21 39
837 762 780
837 567 585
837 669 687
837 531 549
837 821 890
417 825 423
417 829 427
791 825 797
791 830 802
791 829 801
636 825 642
636 830 647
636 838 655
825 494 500
825 820 852
825 336 342
825 162 168
825 732 738
825 602 608
825 251 257
825 21 27
825 762 768
825 69 75
825 669 675
825 531 537
825 377 383
825 207 213
825 821 878
494 830 505
494 838 513
494 829 504
820 830 857
820 838 865
820 829 856
336 830 347
336 838 355
336 829 346
336 207 193
162 830 173
732 830 743
732 838 751
830 602 613
830 251 262
830 21 32
830 762 773
830 69 80
830 567 578
830 531 542
830 207 218
830 821 883
602 838 621
251 838 270
251 829 261
21 838 40
21 829 31
762 838 781
762 377 375
838 567 586
838 669 688
838 531 550
838 377 396
838 207 226
838 821 891
829 567 577
829 669 679
829 821 882
763 378 375
820 860 833
378 860 391
208 337 193
860 457 470
860 117 130
860 637 650
209 338 193
638 886 650
118 886 130
379 764 375
379 886 391
886 458 470
886 821 833
924 672 696
924 119 143
924 380 404
924 420 444
912 672 684
912 119 131
912 380 392
912 420 432
921 672 693
921 119 140
921 380 401
921 420 441
909 672 681
909 380 389
906 672 678
906 119 125
906 380 386
906 420 426
918 672 690
918 380 398
919 672 691
919 420 439
907 672 679
907 119 126
907 420 427
904 672 676
904 380 384
904 420 424
916 672 688
916 380 396
925 672 697
925 380 405
925 420 445
672 901 673
672 913 685
672 922 694
672 923 695
672 910 682
672 920 692
672 905 677
672 917 689
672 903 675
672 915 687
901 380 381
901 420 421
913 380 393
922 420 442
923 420 443
910 119 129
910 420 430
119 911 130
119 920 139
911 380 391
920 380 400
920 420 440
380 905 385
380 914 394
380 903 383
917 420 437
420 903 423
948 120 143
944 120 139
931 120 126
120 945 140
120 936 131
120 930 125
120 934 129
120 935 130
968 674 693
968 796 815
968 382 401
968 572 591
968 422 441
968 121 140
961 796 808
961 382 394
953 674 678
953 796 800
953 382 386
953 572 576
953 422 426
953 121 125
965 674 690
965 796 812
965 382 398
965 572 588
954 674 679
954 796 801
954 572 577
954 422 427
954 121 126
967 674 692
967 382 400
967 572 590
967 422 440
967 121 139
956 674 681
956 796 803
956 382 389
956 572 579
674 970 695
674 969 694
674 950 675
674 972 697
674 962 687
674 960 685
674 952 677
674 964 689
674 957 682
674 971 696
674 966 691
674 959 684
674 951 676
674 963 688
674 926 673
970 796 817
970 572 593
970 422 443
969 796 816
969 572 592
969 422 442
958 382 391
958 121 130
950 796 797
950 382 383
950 422 423
972 796 819
972 382 405
972 422 445
962 572 585
955 796 802
955 572 578
796 960 807
796 952 799
796 971 818
796 959 806
796 902 794
796 951 798
796 926 795
960 382 393
960 572 583
382 952 385
382 971 404
382 959 392
382 951 384
382 963 396
382 926 381
952 572 575
964 422 437
572 957 580
572 971 594
572 966 589
572 959 582
572 902 570
572 951 574
572 963 586
572 926 571
422 957 430
422 971 444
422 966 439
422 959 432
422 951 424
422 926 421
957 121 129
971 121 143
121 959 131
985 573 586
976 122 126
976 573 577
988 825 841
988 573 589
987 825 840
987 573 588
978 825 831
978 573 579
927 825 823
927 573 571
992 825 845
992 573 593
990 825 843
990 122 140
990 573 591
825 981 834
825 973 826
825 994 847
825 983 836
825 950 824
825 975 828
825 986 839
825 989 842
825 980 833
825 979 832
825 993 846
825 991 844
825 982 835
825 903 822
981 122 131
981 573 582
973 573 574
984 573 585
975 122 125
975 573 576
122 989 139
122 980 130
122 979 129
122 993 143
573 977 578
573 989 590
573 979 580
573 993 594
573 991 592
573 982 583
573 974 575
573 903 570
1015 643 664
1015 214 235
1009 643 658
1009 214 229
1002 643 651
1002 214 222
1002 123 131
643 1013 662
643 1007 656
643 1000 649
643 1012 661
643 1005 654
643 998 647
643 973 642
643 904 639
643 1010 659
643 1003 652
643 995 644
643 1014 663
643 1008 657
643 1001 650
643 1006 655
643 999 648
643 928 640
643 1011 660
643 1004 653
643 951 641
643 996 645
214 1007 227
214 1000 220
214 1012 232
214 998 218
214 973 213
214 904 210
214 1010 230
214 995 215
214 1014 234
214 1008 228
214 1006 226
214 999 219
214 928 211
214 1011 231
214 1004 224
214 951 212
214 996 216
1000 123 129
1010 123 139
1014 123 143
1001 123 130
1011 123 140
997 123 126
996 123 125
1026 464 475
1026 740 751
929 827 823
929 464 460
929 425 421
929 740 736
1021 827 833
1021 464 470
1021 124 130
827 1032 844
827 1034 846
827 1020 832
827 1027 839
827 1030 842
827 1016 828
827 1035 847
827 995 826
827 1024 836
827 1031 843
827 1033 845
827 1019 831
827 952 824
827 1022 834
827 1029 841
827 905 822
827 1028 840
827 1023 835
1032 464 481
1032 425 442
1032 740 757
1034 464 483
1034 124 143
1034 425 444
1034 740 759
1020 464 469
1020 124 129
1020 425 430
1020 740 745
1027 464 476
1027 425 437
1027 740 752
1030 464 479
1030 124 139
1030 425 440
1030 740 755
1016 464 465
1016 124 125
1016 425 426
1016 740 741
1018 464 467
1018 740 743
464 1025 474
464 1035 484
464 995 463
464 1024 473
464 1031 480
464 1033 482
464 1019 468
464 952 461
464 1022 471
464 1029 478
464 905 459
464 1028 477
464 974 462
464 1023 472
1025 740 750
1035 425 445
1035 740 760
995 425 424
995 740 739
1024 740 749
1031 124 140
1031 425 441
1031 740 756
1033 425 443
1033 740 758
1019 740 744
952 740 737
1022 124 131
1022 425 432
1022 740 747
124 1017 126
1029 425 439
1029 740 754
1017 425 427
425 974 423
905 740 735
1028 740 753
974 740 738
1023 740 748
1066 541 553
1066 772 784
1066 742 754
1066 217 229
1066 466 478
1066 172 184
1066 79 91
1066 646 658
1066 829 841
1066 304 316
541 976 537
541 1057 544
541 1071 558
541 954 536
541 1068 555
541 1059 546
541 931 535
541 1063 550
541 1061 548
541 907 534
541 1065 552
541 1056 543
541 1070 557
541 1067 554
541 1072 559
541 1062 549
541 1036 540
541 1069 556
541 1060 547
541 1017 539
541 1064 551
541 1055 542
541 997 538
772 976 768
772 1057 775
772 1071 789
772 954 767
772 1068 786
772 1059 777
772 931 766
772 1063 781
772 1061 779
772 907 765
772 1065 783
772 1056 774
772 387 375
772 1070 788
772 1067 785
772 1072 790
772 1062 780
772 1036 771
772 1069 787
772 1060 778
772 1017 770
772 1064 782
772 1055 773
772 997 769
976 742 738
976 217 213
976 466 462
976 172 168
976 387 383
976 79 75
976 646 642
976 612 608
976 304 300
1057 742 745
1057 217 220
1057 466 469
1057 172 175
1057 79 82
1057 646 649
1057 829 832
1057 304 307
1071 742 759
1071 217 234
1071 466 483
1071 172 189
1071 387 404
1071 79 96
1071 646 663
1071 829 846
1071 612 629
1071 304 321
742 954 737
742 1068 756
742 1059 747
742 931 736
742 1063 751
742 1061 749
742 907 735
742 1065 753
742 1056 744
742 1070 758
742 1067 755
742 1072 760
742 1062 750
742 1036 741
742 1069 757
742 1060 748
742 1064 752
742 1055 743
742 997 739
954 217 212
954 466 461
954 172 167
954 79 74
954 646 641
954 829 824
954 612 607
954 304 299
1068 217 231
1068 466 480
1068 172 186
1068 387 401
1068 79 93
1068 646 660
1068 829 843
1068 612 626
1068 304 318
217 1059 222
217 931 211
217 1063 226
217 1061 224
217 907 210
217 1065 228
217 1056 219
217 1067 230
217 1072 235
217 1036 216
217 1069 232
217 1017 215
217 1064 227
217 1055 218
1059 466 471
1059 172 177
1059 387 392
1059 79 84
1059 646 651
1059 829 834
1059 612 617
1059 304 309
466 931 460
466 1063 475
466 1061 473
466 907 459
466 1065 477
466 1056 468
466 1070 482
466 1067 479
466 1058 470
466 1072 484
466 1062 474
466 1036 465
466 1069 481
466 1060 472
466 1064 476
466 1055 467
466 997 463
931 172 166
931 387 381
931 79 73
931 646 640
931 829 823
931 612 606
931 304 298
1063 387 396
1063 646 655
1063 612 621
1063 304 313
172 1061 179
172 907 165
172 1065 183
172 1056 174
172 1070 188
172 1067 185
172 1072 190
172 1036 171
172 1069 187
172 1060 178
172 1017 170
172 1064 182
172 1055 173
172 997 169
1061 387 394
1061 79 86
1061 646 653
1061 829 836
1061 612 619
1061 304 311
907 79 72
907 646 639
907 829 822
907 612 605
907 304 297
1065 387 398
1065 79 90
1065 646 657
1065 829 840
1065 612 623
1065 304 315
1056 387 389
1056 79 81
1056 646 648
1056 829 831
1056 612 614
1056 304 306
387 1067 400
387 1058 391
387 1072 405
387 1036 386
387 1060 393
387 1017 385
387 997 384
79 1070 95
79 1067 92
79 1072 97
79 1036 78
79 1069 94
79 1017 77
79 1064 89
79 1055 80
79 997 76
1070 646 662
1070 829 845
1070 612 628
1070 304 320
1067 646 659
1067 829 842
1067 612 625
1067 304 317
646 1058 650
646 1072 664
646 1062 654
646 1036 645
646 1069 661
646 1060 652
646 1017 644
646 1064 656
646 1055 647
1058 829 833
1072 829 847
1072 612 630
1072 304 322
1062 612 620
1062 304 312
1036 829 828
1036 612 611
1036 304 303
1069 829 844
1069 612 627
1069 304 319
1060 829 835
1060 612 618
1060 304 310
829 1064 839
829 997 826
1017 612 610
1017 304 302
1064 612 622
1064 304 314
612 1055 613
612 997 609
1055 304 305
997 304 301
1080 388 396
1080 680 688
1073 830 831
1073 388 389
1073 680 681
1037 830 828
1037 127 125
1037 388 386
1037 680 678
1037 428 426
1086 830 844
1086 680 694
1086 428 442
1089 830 847
1089 388 405
1089 680 697
1089 428 445
1084 830 842
1084 127 139
1084 388 400
1084 680 692
1084 428 440
998 830 826
998 388 384
998 680 676
998 428 424
1077 830 835
1077 388 393
1077 680 685
830 1087 845
830 1081 839
830 1074 832
830 1075 833
830 955 824
830 1085 843
830 1078 836
830 908 822
830 932 823
830 1088 846
830 1082 840
830 1083 841
830 1076 834
1018 388 385
1018 680 677
1087 680 695
1087 428 443
1081 680 689
1081 428 437
1074 127 129
1074 680 682
1074 428 430
1075 127 130
1075 388 391
1079 680 687
977 388 383
977 680 675
977 428 423
1085 127 140
1085 388 401
1085 680 693
1085 428 441
1078 388 394
932 388 381
932 680 673
932 428 421
127 1088 143
127 1055 126
127 1076 131
1088 388 404
1088 680 696
1088 428 444
1082 388 398
1082 680 690
1055 680 679
1055 428 427
388 1076 392
1083 680 691
1083 428 439
680 1076 684
1076 428 432
1101 429 441
1101 128 140
933 429 421
1105 429 445
1099 429 439
978 429 423
429 1103 443
429 1097 437
429 1092 432
429 1056 427
429 1090 430
429 1102 442
429 1100 440
429 999 424
429 1038 426
429 1104 444
1092 128 131
1056 128 126
1090 128 129
128 1100 139
128 1091 130
128 1038 125
128 1104 143
1111 615 621
1111 390 396
1057 804 801
1116 804 815
1116 615 626
1116 390 401
1113 804 812
1113 615 623
1113 390 398
1119 804 818
1119 615 629
1119 390 404
804 1000 798
804 1020 799
804 1039 800
804 1108 807
804 1117 816
804 1074 802
804 1090 803
804 910 794
804 934 795
804 1107 806
804 1118 817
804 979 797
804 1109 808
804 1120 819
1000 615 609
1000 390 384
1020 615 610
1020 390 385
1039 615 611
1039 390 386
1106 390 391
1115 615 625
1115 390 400
1108 615 618
1108 390 393
615 1117 627
615 1074 613
615 1090 614
615 1110 620
615 910 605
615 934 606
615 1107 617
615 957 607
615 1112 622
615 1118 628
615 979 608
615 1109 619
615 1120 630
1090 390 389
934 390 381
1107 390 392
390 979 383
390 1109 394
390 1120 405
176 1021 170
176 1121 177
176 1128 184
176 1127 183
176 1133 189
176 1106 175
176 1123 179
176 1130 186
176 1040 171
176 958 167
176 1075 173
176 1001 169
176 1126 182
176 1132 188
176 911 165
176 1122 178
176 980 168
176 1129 185
176 1091 174
176 1134 190
176 1131 187
176 935 166
1125 715 720
1125 581 586
1125 265 270
1125 860 865
1125 746 751
1125 616 621
1125 308 313
1125 545 550
1125 776 781
1125 683 688
1125 886 891
1125 508 513
1125 350 355
1125 221 226
1125 35 40
431 1121 432
431 1128 439
431 1133 444
431 1106 430
431 1130 441
431 1040 426
431 1058 427
431 1001 424
431 1126 437
431 1132 443
431 980 423
431 1129 440
431 1134 445
431 1131 442
431 935 421
715 1021 709
715 1121 716
715 1128 723
715 1127 722
715 1133 728
715 1106 714
715 1123 718
715 1130 725
715 1040 710
715 958 706
715 1124 719
715 1075 712
715 1058 711
715 1001 708
715 1126 721
715 911 704
715 980 707
715 1129 724
715 1091 713
715 1134 729
715 1131 726
715 935 705
1021 83 77
1021 581 575
1021 265 259
1021 860 854
1021 616 610
1021 805 799
1021 308 302
1021 545 539
1021 776 770
1021 683 677
1021 886 880
1021 508 502
1021 350 344
1021 221 215
1021 35 29
1121 83 84
1121 581 582
1121 265 266
1121 860 861
1121 746 747
1121 616 617
1121 805 806
1121 308 309
1121 545 546
1121 776 777
1121 683 684
1121 886 887
1121 508 509
1121 350 351
1121 221 222
1121 35 36
1128 83 91
1128 581 589
1128 265 273
1128 860 868
1128 746 754
1128 308 316
1128 545 553
1128 776 784
1128 683 691
1128 886 894
1128 508 516
1128 350 358
1128 221 229
1128 35 43
1127 83 90
1127 581 588
1127 265 272
1127 860 867
1127 746 753
1127 616 623
1127 805 812
1127 308 315
1127 545 552
1127 776 783
1127 683 690
1127 886 893
1127 508 515
1127 350 357
1127 221 228
1127 35 42
1133 83 96
1133 581 594
1133 265 278
1133 860 873
1133 746 759
1133 616 629
1133 805 818
1133 308 321
1133 545 558
1133 776 789
1133 683 696
1133 886 899
1133 508 521
1133 350 363
1133 221 234
1133 35 48
83 1106 82
83 1123 86
83 1130 93
83 1040 78
83 958 74
83 1075 80
83 1001 76
83 1126 89
83 1132 95
83 911 72
83 980 75
83 1129 92
83 1091 81
83 1134 97
83 1131 94
83 935 73
1106 581 580
1106 265 264
1106 860 859
1106 746 745
1106 308 307
1106 545 544
1106 776 775
1106 683 682
1106 886 885
1106 508 507
1106 350 349
1106 221 220
1106 35 34
1123 265 268
1123 860 863
1123 746 749
1123 616 619
1123 805 808
1123 308 311
1123 545 548
1123 776 779
1123 886 889
1123 508 511
1123 350 353
1123 221 224
1123 35 38
581 1130 591
581 1040 576
581 1124 585
581 1075 578
581 1058 577
581 1001 574
581 1132 593
581 911 570
581 1122 583
581 1129 590
581 1091 579
581 1131 592
581 935 571
1130 265 275
1130 860 870
1130 746 756
1130 616 626
1130 805 815
1130 308 318
1130 545 555
1130 776 786
1130 683 693
1130 886 896
1130 508 518
1130 350 360
1130 221 231
1130 35 45
265 1040 260
265 958 256
265 1124 269
265 1075 262
265 1058 261
265 1001 258
265 1126 271
265 1132 277
265 911 254
265 1122 267
265 980 257
265 1129 274
265 1091 263
265 1134 279
265 1131 276
265 935 255
860 1040 855
860 958 851
860 1124 864
860 1075 857
860 1058 856
860 1001 853
860 1126 866
860 1132 872
860 911 849
860 1122 862
860 980 852
860 1129 869
860 1091 858
860 1134 874
860 1131 871
860 935 850
1040 746 741
1040 616 611
1040 805 800
1040 308 303
1040 545 540
1040 776 771
1040 683 678
1040 886 881
1040 508 503
1040 350 345
1040 221 216
1040 35 30
746 958 737
746 1124 750
746 1075 743
746 1001 739
746 1126 752
746 1132 758
746 911 735
746 1122 748
746 980 738
746 1129 755
746 1091 744
746 1134 760
746 1131 757
746 935 736
958 616 607
958 308 299
958 545 536
958 776 767
958 886 877
958 508 499
958 350 341
958 221 212
958 35 26
1124 616 620
1124 308 312
1124 545 549
1124 776 780
1124 683 687
1124 886 890
1124 350 354
1124 35 39
1075 616 613
1075 805 802
1075 308 305
1075 545 542
1075 776 773
1075 886 883
1075 508 505
1075 350 347
1075 221 218
1075 35 32
616 1001 609
616 1126 622
616 1132 628
616 911 605
616 1122 618
616 980 608
616 1129 625
616 1091 614
616 1134 630
616 1131 627
616 935 606
805 1058 801
805 1001 798
805 1132 817
805 911 794
805 1122 807
805 980 797
805 1091 803
805 1134 819
805 1131 816
805 935 795
1058 683 679
1058 886 882
1058 508 504
1058 350 346
1058 35 31
1001 308 301
1001 545 538
1001 776 769
1001 683 676
1001 886 879
1001 508 501
1001 350 343
1001 35 28
1126 308 314
1126 545 551
1126 776 782
1126 683 689
1126 886 892
1126 508 514
1126 350 356
1126 221 227
1126 35 41
1132 308 320
1132 545 557
1132 776 788
1132 683 695
1132 886 898
1132 508 520
1132 350 362
308 911 297
308 1122 310
308 980 300
308 1129 317
308 1091 306
308 1134 322
308 1131 319
308 935 298
911 545 534
911 776 765
911 886 875
911 508 497
911 350 339
911 221 210
911 35 24
1122 545 547
1122 776 778
1122 683 685
1122 886 888
1122 508 510
1122 350 352
545 980 537
545 1129 554
545 1091 543
545 1134 559
545 1131 556
545 935 535
776 980 768
776 1129 785
776 1091 774
776 1134 790
776 1131 787
776 935 766
980 683 675
980 886 878
980 508 500
980 350 342
980 221 213
980 35 27
1129 683 692
1129 886 895
1129 508 517
1129 350 359
1129 221 230
1129 35 44
1091 683 681
1091 886 884
1091 508 506
1091 350 348
1091 221 219
1091 35 33
683 1134 697
683 1131 694
683 935 673
1134 886 900
1134 508 522
1134 350 364
1134 221 235
1134 35 49
886 1131 897
886 935 876
508 1131 519
508 935 498
350 221 193
350 1131 361
350 935 340
221 1131 232
221 935 211
1131 35 46
35 935 25
1149 37 39
1149 717 719
85 1155 93
85 1159 97
85 1135 84
85 1153 91
85 1077 80
85 1148 86
85 1157 95
85 1108 82
85 1152 90
85 1003 76
85 913 72
85 1042 78
85 960 74
85 1093 81
85 1156 94
85 937 73
85 1151 89
85 982 75
85 1154 92
85 1023 77
85 1158 96
1155 223 231
1155 37 45
1155 132 140
1155 433 441
1155 717 725
1159 223 235
1159 37 49
1159 433 445
1159 717 729
1135 223 222
1135 37 36
1135 132 131
1135 433 432
1135 717 716
1153 223 229
1153 37 43
1153 433 439
1153 717 723
1077 223 218
1077 37 32
1077 717 712
1148 223 224
1148 37 38
1148 717 718
1157 433 443
1108 223 220
1108 37 34
1108 132 129
1108 433 430
1108 717 714
1152 223 228
1152 37 42
1152 717 722
1003 37 28
1003 433 424
1003 717 708
913 223 210
913 37 24
913 717 704
1042 223 216
1042 37 30
1042 132 125
1042 433 426
1042 717 710
1150 223 226
1150 37 40
1150 717 720
960 223 212
960 37 26
960 717 706
1093 223 219
1093 37 33
1093 717 713
1122 132 130
223 1156 232
223 937 211
223 1151 227
223 982 213
223 1154 230
223 1023 215
223 1158 234
1156 37 46
1156 433 442
1156 717 726
1060 37 31
1060 132 126
1060 433 427
1060 717 711
37 937 25
37 1151 41
37 982 27
37 1154 44
37 1023 29
37 1158 48
937 433 421
937 717 705
1151 433 437
1151 717 721
132 1154 139
132 1158 143
982 433 423
982 717 707
433 1154 440
433 1158 444
717 1154 724
717 1023 709
717 1158 728
1165 686 692
1165 133 139
1165 434 440
1165 584 590
686 1162 689
686 1167 694
686 1094 681
686 1168 695
686 1161 688
686 1061 679
686 1148 685
686 938 673
686 1170 697
686 983 675
686 1163 690
686 1024 677
686 1164 691
686 1136 684
686 1169 696
686 1166 693
686 1109 682
686 1004 676
686 1160 687
686 1043 678
1162 434 437
1167 434 442
1167 584 592
1094 584 579
1123 133 130
1168 434 443
1168 584 593
133 1061 126
133 1136 131
133 1169 143
133 1166 140
133 1109 129
133 1043 125
1161 584 586
1061 434 427
1061 584 577
1148 584 583
938 434 421
938 584 571
1170 434 445
983 434 423
434 1164 439
434 1136 432
434 1169 444
434 1166 441
434 1109 430
434 1004 424
434 1043 426
1163 584 588
1024 584 575
1164 584 589
1136 584 582
1169 584 594
584 1166 591
584 1078 578
584 1109 580
584 1004 574
584 1160 585
584 914 570
584 1043 576
1149 395 393
1149 837 835
1149 512 510
1149 809 807
1149 180 178
134 1044 125
134 1137 131
134 1176 140
134 1124 130
134 1110 129
134 1179 143
134 1062 126
134 1175 139
395 1180 405
395 1044 386
395 1005 384
395 1137 392
395 1176 401
395 1025 385
395 984 383
395 1124 391
395 1095 389
395 1171 396
395 1173 398
395 1179 404
395 1175 400
395 939 381
395 1160 394
1172 837 839
1172 512 514
1172 225 227
1172 180 182
1172 87 89
1172 435 437
1178 837 845
1178 512 520
1178 809 817
1178 180 188
1178 87 95
1178 435 443
837 1174 841
837 1180 847
837 1044 828
837 1005 826
837 1137 834
837 1176 843
837 1124 833
837 1095 831
837 962 824
837 1110 832
837 1173 840
837 1179 846
837 1175 842
837 939 823
837 1160 836
837 1177 844
837 915 822
1174 512 516
1174 225 229
1174 180 184
1174 87 91
1174 435 439
1180 512 522
1180 809 819
1180 225 235
1180 180 190
1180 87 97
1180 435 445
1044 512 503
1044 809 800
1044 225 216
1044 180 171
1044 87 78
1044 435 426
1005 512 501
1005 809 798
1005 180 169
1005 87 76
1005 435 424
1137 512 509
1137 809 806
1137 225 222
1137 180 177
1137 87 84
1137 435 432
1176 512 518
1176 809 815
1176 225 231
1176 180 186
1176 87 93
1176 435 441
1025 512 502
1025 809 799
1025 225 215
1025 180 170
1025 87 77
984 512 500
984 809 797
984 225 213
984 180 168
984 87 75
984 435 423
1095 512 506
1095 809 803
1095 225 219
1095 180 174
1095 87 81
1171 512 513
1171 225 226
512 962 499
512 1110 507
512 1079 505
512 1173 515
512 1179 521
512 1062 504
512 1175 517
512 939 498
512 1160 511
512 1177 519
512 915 497
809 1079 802
809 1173 812
809 1179 818
809 1062 801
809 939 795
809 1160 808
809 1177 816
809 915 794
962 225 212
962 180 167
962 87 74
1110 225 220
1110 180 175
1110 87 82
1110 435 430
1079 225 218
1079 180 173
1079 87 80
1173 225 228
1173 180 183
1173 87 90
1179 225 234
1179 180 189
1179 87 96
1179 435 444
1062 435 427
225 1175 230
225 939 211
225 1160 224
225 1177 232
225 915 210
1175 180 185
1175 87 92
1175 435 440
939 180 166
939 87 73
939 435 421
1160 180 179
1160 87 86
180 1177 187
180 915 165
87 1177 94
87 915 72
1177 435 442
1026 181 170
1026 88 77
1026 810 799
985 181 168
985 88 75
985 436 423
985 810 797
1111 135 129
1111 181 175
1111 88 82
1111 436 430
1111 838 832
1080 181 173
1080 88 80
1080 810 802
1125 135 130
1125 838 833
1096 181 174
1096 88 81
1096 838 831
1096 810 803
1182 181 183
1182 88 90
1182 838 840
1182 810 812
1183 181 184
1183 88 91
1183 436 439
1183 838 841
1063 135 126
1063 436 427
1063 810 801
1161 181 179
1161 88 86
1161 838 836
1161 810 808
1186 181 187
1186 88 94
1186 436 442
1186 838 844
1186 810 816
1188 135 143
1188 181 189
1188 88 96
1188 436 444
1188 838 846
1188 810 818
916 181 165
916 88 72
916 838 822
916 810 794
940 181 166
940 88 73
940 436 421
940 838 823
940 810 795
135 1184 139
135 1045 125
135 1138 131
135 1185 140
181 1184 185
181 1150 178
181 1181 182
181 1045 171
181 1006 169
181 1138 177
181 1189 190
181 963 167
181 1185 186
181 1187 188
88 1184 92
88 1181 89
88 1045 78
88 1006 76
88 1138 84
88 1189 97
88 963 74
88 1185 93
88 1187 95
436 1184 440
436 1181 437
436 1045 426
436 1006 424
436 1138 432
436 1189 445
436 1185 441
436 1187 443
1184 838 842
1150 838 835
1150 810 807
1181 838 839
1045 838 828
1045 810 800
1006 838 826
1006 810 798
838 1138 834
838 1189 847
838 963 824
838 1185 843
838 1187 845
1138 810 806
1189 810 819
810 1185 815
810 1187 817
1162 811 808
1162 397 394
1172 587 585
1190 811 812
1190 587 588
1190 397 398
1007 811 798
1007 587 574
1007 397 384
136 1139 131
136 1193 140
136 1196 143
136 1046 125
136 1126 130
136 1112 129
136 1064 126
136 1192 139
1139 811 806
1139 587 582
1139 397 392
1193 811 815
1193 587 591
1193 397 401
1027 811 799
1027 587 575
1027 397 385
1097 811 803
1097 587 579
1097 397 389
811 1081 802
811 1196 818
811 1046 800
811 986 797
811 1197 819
811 941 795
811 1194 816
811 917 794
811 1064 801
811 1195 817
811 1151 807
1191 587 589
1081 587 578
1196 587 594
1196 397 404
587 1046 576
587 1181 586
587 941 571
587 1112 580
587 1194 592
587 917 570
587 1064 577
587 1195 593
587 1151 583
587 1192 590
1046 397 386
986 397 383
1126 397 391
1181 397 396
1197 397 405
941 397 381
1151 397 393
397 1192 400
1199 438 440
1199 137 139
1190 438 437
987 438 423
1113 438 430
1113 137 129
1203 438 444
1203 137 143
1127 137 130
1201 438 442
942 438 421
438 1065 427
438 1008 424
438 1140 432
438 1198 439
438 1202 443
438 1200 441
438 1047 426
438 1204 445
1065 137 126
137 1140 131
137 1200 140
137 1047 125
1066 813 801
1066 138 126
1048 624 611
1048 813 800
1048 138 125
1048 399 386
1009 624 609
1009 813 798
1009 399 384
1141 624 617
1141 813 806
1141 138 131
1141 399 392
1206 624 626
1206 813 815
1206 138 140
1206 399 401
988 624 608
988 813 797
988 399 383
1183 624 621
1183 399 396
1128 138 130
1128 399 391
1099 624 614
1099 813 803
1099 399 389
624 1209 629
624 1174 620
624 919 605
624 1153 618
624 1191 622
624 1205 625
624 943 606
624 1164 619
624 1208 628
624 1198 623
624 1207 627
624 1029 610
624 1210 630
624 966 607
624 1083 613
1209 813 818
1209 138 143
1209 399 404
813 919 794
813 1153 807
813 943 795
813 1164 808
813 1208 817
813 1198 812
813 1207 816
813 1029 799
813 1210 819
813 1083 802
1153 399 393
138 1205 139
138 1114 129
399 1205 400
399 943 381
399 1164 394
399 1198 398
399 1029 385
399 1210 405
1165 814 808
1199 814 812
1212 814 816
944 814 795
1030 814 799
1084 814 802
1215 814 819
1049 814 800
1010 814 798
1142 814 806
1213 814 817
1067 814 801
814 1211 815
814 989 797
814 920 794
814 1100 803
814 1154 807
814 1214 818
946 402 381
1221 402 404
1221 141 143
1212 402 400
1212 141 139
1032 402 385
1167 402 394
1201 402 398
1012 402 384
1144 402 392
1144 141 131
1186 402 396
1117 141 129
1051 402 386
1051 141 125
1102 402 389
402 1156 393
402 1222 405
402 991 383
402 1216 401
402 1131 391
1069 141 126
1216 141 140
1131 141 130
1224 727 729
1224 403 405
1224 47 49
1224 233 235
1178 727 719
1178 47 39
727 1013 708
727 992 707
727 1168 718
727 1103 713
727 970 706
727 1087 712
727 1052 710
727 1223 728
727 947 705
727 1145 716
727 1213 724
727 1070 711
727 1033 709
727 923 704
727 1208 723
727 1220 726
727 1118 714
727 1202 722
727 1217 725
727 1195 721
727 1187 720
1013 403 384
1013 47 28
142 1052 125
142 1223 143
142 1145 131
142 1213 139
142 1070 126
142 1132 130
142 1118 129
142 1217 140
403 992 383
403 1168 394
403 1103 389
403 1157 393
403 1052 386
403 1223 404
403 947 381
403 1145 392
403 1213 400
403 1033 385
403 1132 391
403 1202 398
403 1217 401
403 1187 396
992 47 27
992 233 213
1168 47 38
1168 233 224
1103 47 33
1103 233 219
970 47 26
970 233 212
1087 47 32
1087 233 218
1052 47 30
1052 233 216
1223 47 48
1223 233 234
947 47 25
947 233 211
1145 47 36
1145 233 222
1213 47 44
1213 233 230
1070 47 31
1033 47 29
1033 233 215
923 47 24
923 233 210
1208 47 43
1208 233 229
1220 47 46
1220 233 232
1118 47 34
1118 233 220
1202 47 42
1202 233 228
1217 47 45
1217 233 231
1195 47 41
1195 233 227
47 1187 40
233 1187 226
1015 595 574
1224 595 593
595 1105 579
595 1180 585
595 1159 583
595 1089 578
595 949 571
595 1147 582
595 1215 590
595 1035 575
595 925 570
595 1219 591
595 1054 576
595 1225 594
595 1072 577
595 1210 589
595 1222 592
595 1189 586
595 1120 580
595 1204 588
144 1147 131
144 1215 139
144 1219 140
144 1054 125
144 1225 143
144 1072 126
144 1134 130
144 1120 129
1 -1 -1 -1 -1 -1 -1 -1 -1 -1 -1 -1 -1 -1 -1 -1 -1 -1 -1 -1 -1 -1 -1 -1 1 1 1 1 1 1 1 1 1 1 1 -1 1 -1 1 1 1 1 1 1 1 1 1 -1 1 1 
-1 1 -1 -1 -1 -1 -1 -1 -1 -1 -1 -1 -1 -1 -1 -1 -1 -1 -1 -1 -1 -1 -1 -1 1 1 1 1 1 1 1 -1 1 1 1 -1 1 -1 1 -1 -1 1 1 1 1 1 1 1 1 1 
-1 -1 1 -1 -1 -1 -1 -1 -1 -1 -1 -1 -1 -1 -1 -1 -1 -1 -1 -1 -1 -1 -1 -1 -1 -1 -1 -1 -1 -1 1 1 -1 -1 1 1 1 -1 -1 -1 -1 -1 -1 -1 1 1 -1 -1 1 -1 
-1 -1 -1 1 -1 -1 -1 -1 -1 -1 -1 -1 -1 -1 -1 -1 -1 -1 -1 -1 -1 -1 -1 -1 1 1 1 1 1 1 1 -1 1 1 1 -1 1 1 1 -1 -1 1 1 1 1 1 1 1 1 1 
-1 -1 -1 -1 1 -1 -1 1 -1 -1 -1 -1 -1 -1 -1 -1 -1 -1 -1 -1 -1 -1 -1 -1 1 1 1 1 -1 1 1 -1 1 1 1 -1 1 -1 1 -1 1 1 1 1 1 1 1 -1 1 1 
-1 -1 -1 -1 -1 1 -1 -1 -1 -1 -1 -1 -1 -1 -1 -1 -1 -1 -1 -1 -1 -1 -1 -1 1 1 1 1 1 1 1 1 1 1 1 -1 1 1 1 1 1 1 1 1 1 1 1 1 1 1 
-1 -1 -1 -1 -1 -1 1 -1 -1 -1 -1 -1 -1 -1 -1 -1 -1 -1 -1 -1 -1 -1 -1 -1 1 1 1 1 1 1 1 -1 1 1 1 -1 1 1 1 1 1 1 1 1 1 1 1 1 1 1 
-1 -1 -1 -1 1 -1 -1 1 -1 -1 -1 -1 -1 -1 -1 -1 -1 -1 -1 -1 -1 -1 -1 -1 1 1 1 1 1 1 1 1 1 1 1 -1 1 1 1 1 1 1 1 1 1 1 1 1 1 1 
-1 -1 -1 -1 -1 -1 -1 -1 1 -1 -1 -1 -1 -1 -1 -1 -1 -1 -1 1 -1 -1 -1 -1 -1 1 -1 1 1 1 1 -1 -1 1 -1 1 1 1 1 -1 1 -1 1 -1 1 1 -1 -1 1 1 
-1 -1 -1 -1 -1 -1 -1 -1 -1 1 -1 -1 -1 -1 -1 -1 -1 -1 -1 -1 -1 -1 -1 -1 -1 1 -1 1 1 -1 1 1 -1 -1 1 -1 1 -1 -1 -1 -1 1 -1 1 1 1 1 1 1 1 
-1 -1 -1 -1 -1 -1 -1 -1 -1 -1 1 -1 -1 -1 -1 -1 -1 -1 -1 -1 -1 -1 -1 -1 1 1 1 1 1 -1 1 -1 1 1 1 1 1 1 1 1 1 1 1 1 1 1 1 1 1 1 
-1 -1 -1 -1 -1 -1 -1 -1 -1 -1 -1 1 -1 -1 -1 -1 -1 -1 -1 -1 -1 -1 -1 -1 1 1 1 1 1 1 1 1 1 1 1 -1 1 1 1 -1 1 1 1 1 1 1 1 1 1 1 
-1 -1 -1 -1 -1 -1 -1 -1 -1 -1 -1 -1 1 -1 -1 -1 -1 -1 -1 -1 -1 -1 -1 -1 1 1 1 1 1 1 1 -1 1 1 1 -1 1 1 1 1 1 1 1 1 1 1 1 1 1 1 
-1 -1 -1 -1 -1 -1 -1 -1 -1 -1 -1 -1 -1 1 -1 -1 -1 -1 -1 -1 -1 -1 -1 -1 1 1 -1 -1 1 1 1 1 1 1 1 -1 1 1 -1 1 1 -1 1 1 1 1 1 1 1 -1 
-1 -1 -1 -1 -1 -1 -1 -1 -1 -1 -1 -1 -1 -1 1 -1 -1 -1 -1 -1 -1 -1 -1 -1 1 1 1 1 1 1 1 -1 1 1 -1 -1 1 1 1 1 1 1 1 -1 1 1 1 1 1 1 
-1 -1 -1 -1 -1 -1 -1 -1 -1 -1 -1 -1 -1 -1 -1 1 -1 -1 -1 -1 -1 -1 -1 -1 1 1 1 1 -1 1 1 -1 1 1 1 1 1 1 1 1 1 1 1 1 1 1 1 1 1 1 
-1 -1 -1 -1 -1 -1 -1 -1 -1 -1 -1 -1 -1 -1 -1 -1 1 -1 -1 -1 -1 -1 -1 -1 -1 1 -1 1 1 1 1 1 -1 1 1 -1 1 1 -1 1 1 1 1 1 1 1 1 1 1 1 
-1 -1 -1 -1 -1 -1 -1 -1 -1 -1 -1 -1 -1 -1 -1 -1 -1 1 -1 -1 -1 -1 -1 -1 1 1 1 1 1 1 1 1 1 1 1 -1 1 -1 1 1 1 1 1 1 1 1 1 -1 1 1 
-1 -1 -1 -1 -1 -1 -1 -1 -1 -1 -1 -1 -1 -1 -1 -1 -1 -1 1 -1 -1 -1 -1 -1 1 1 1 1 1 -1 1 -1 1 1 1 -1 1 1 1 1 1 1 1 1 1 1 1 1 1 1 
-1 -1 -1 -1 -1 -1 -1 -1 1 -1 -1 -1 -1 -1 -1 -1 -1 -1 -1 1 -1 -1 -1 -1 1 1 1 1 1 1 1 -1 1 1 1 -1 1 1 1 1 1 1 1 1 1 1 1 1 1 1 
-1 -1 -1 -1 -1 -1 -1 -1 -1 -1 -1 -1 -1 -1 -1 -1 -1 -1 -1 -1 1 -1 -1 -1 1 1 -1 1 1 1 1 1 1 1 -1 -1 1 1 1 -1 -1 -1 1 -1 -1 1 1 1 1 1 
-1 -1 -1 -1 -1 -1 -1 -1 -1 -1 -1 -1 -1 -1 -1 -1 -1 -1 -1 -1 -1 1 -1 -1 1 1 1 -1 1 -1 1 -1 -1 1 1 1 1 1 1 -1 -1 1 1 1 1 1 1 1 1 1 
-1 -1 -1 -1 -1 -1 -1 -1 -1 -1 -1 -1 -1 -1 -1 -1 -1 -1 -1 -1 -1 -1 1 -1 1 1 1 1 1 1 1 1 1 1 1 -1 1 1 1 1 1 1 1 1 1 1 1 1 1 1 
-1 -1 -1 -1 -1 -1 -1 -1 -1 -1 -1 -1 -1 -1 -1 -1 -1 -1 -1 -1 -1 -1 -1 1 1 1 1 1 1 1 1 1 1 1 1 -1 1 1 1 1 1 1 1 1 1 1 1 1 1 1 
1 1 -1 1 1 1 1 1 -1 -1 1 1 1 1 1 1 -1 1 1 1 1 1 1 1 1 -1 -1 -1 -1 -1 -1 -1 -1 -1 -1 -1 -1 -1 -1 -1 -1 -1 -1 -1 -1 -1 -1 -1 -1 -1 
1 1 -1 1 1 1 1 1 1 1 1 1 1 1 1 1 1 1 1 1 1 1 1 1 -1 1 -1 -1 -1 -1 -1 -1 -1 -1 -1 -1 -1 -1 -1 -1 -1 -1 -1 -1 -1 -1 -1 -1 -1 -1 
1 1 -1 1 1 1 1 1 -1 -1 1 1 1 -1 1 1 -1 1 1 1 -1 1 1 1 -1 -1 1 -1 -1 -1 -1 -1 -1 -1 -1 -1 -1 -1 -1 -1 -1 -1 -1 -1 -1 -1 -1 -1 -1 -1 
1 1 -1 1 1 1 1 1 1 1 1 1 1 -1 1 1 1 1 1 1 1 -1 1 1 -1 -1 -1 1 -1 -1 -1 -1 -1 -1 -1 -1 -1 -1 -1 -1 -1 -1 -1 -1 -1 -1 -1 -1 -1 -1 
1 1 -1 1 -1 1 1 1 1 1 1 1 1 1 1 -1 1 1 1 1 1 1 1 1 -1 -1 -1 -1 1 -1 -1 -1 -1 -1 -1 -1 -1 -1 -1 -1 -1 -1 -1 -1 -1 -1 -1 -1 -1 -1 
1 1 -1 1 1 1 1 1 1 -1 -1 1 1 1 1 1 1 1 -1 1 1 -1 1 1 -1 -1 -1 -1 -1 1 -1 -1 -1 -1 -1 -1 -1 -1 -1 -1 -1 -1 -1 -1 -1 -1 -1 -1 -1 -1 
1 1 1 1 1 1 1 1 1 1 1 1 1 1 1 1 1 1 1 1 1 1 1 1 -1 -1 -1 -1 -1 -1 1 -1 -1 -1 -1 -1 -1 -1 -1 -1 -1 -1 -1 -1 -1 -1 -1 -1 -1 -1 
1 -1 1 -1 -1 1 -1 1 -1 1 -1 1 -1 1 -1 -1 1 1 -1 -1 1 -1 1 1 -1 -1 -1 -1 -1 -1 -1 1 -1 -1 -1 -1 -1 -1 -1 -1 -1 -1 -1 -1 -1 -1 -1 -1 -1 -1 
1 1 -1 1 1 1 1 1 -1 -1 1 1 1 1 1 1 -1 1 1 1 1 -1 1 1 -1 -1 -1 -1 -1 -1 -1 -1 1 -1 -1 -1 -1 -1 -1 -1 -1 -1 -1 -1 -1 -1 -1 -1 -1 -1 
1 1 -1 1 1 1 1 1 1 -1 1 1 1 1 1 1 1 1 1 1 1 1 1 1 -1 -1 -1 -1 -1 -1 -1 -1 -1 1 -1 -1 -1 -1 -1 -1 -1 -1 -1 -1 -1 -1 -1 -1 -1 -1 
1 1 1 1 1 1 1 1 -1 1 1 1 1 1 -1 1 1 1 1 1 -1 1 1 1 -1 -1 -1 -1 -1 -1 -1 -1 -1 -1 1 -1 -1 -1 -1 -1 -1 -1 -1 -1 -1 -1 -1 -1 -1 -1 
-1 -1 1 -1 -1 -1 -1 -1 1 -1 1 -1 -1 -1 -1 1 -1 -1 -1 -1 -1 1 -1 -1 -1 -1 -1 -1 -1 -1 -1 -1 -1 -1 -1 1 -1 -1 -1 -1 -1 -1 -1 -1 -1 -1 -1 -1 -1 -1 
1 1 1 1 1 1 1 1 1 1 1 1 1 1 1 1 1 1 1 1 1 1 1 1 -1 -1 -1 -1 -1 -1 -1 -1 -1 -1 -1 -1 1 -1 -1 -1 -1 -1 -1 -1 -1 -1 -1 -1 -1 -1 
-1 -1 -1 1 -1 1 1 1 1 -1 1 1 1 1 1 1 1 -1 1 1 1 1 1 1 -1 -1 -1 -1 -1 -1 -1 -1 -1 -1 -1 -1 -1 1 -1 -1 -1 -1 -1 -1 -1 -1 -1 -1 -1 -1 
1 1 -1 1 1 1 1 1 1 -1 1 1 1 -1 1 1 -1 1 1 1 1 1 1 1 -1 -1 -1 -1 -1 -1 -1 -1 -1 -1 -1 -1 -1 -1 1 -1 -1 -1 -1 -1 -1 -1 -1 -1 -1 -1 
1 -1 -1 -1 -1 1 1 1 -1 -1 1 -1 1 1 1 1 1 1 1 1 -1 -1 1 1 -1 -1 -1 -1 -1 -1 -1 -1 -1 -1 -1 -1 -1 -1 -1 1 -1 -1 -1 -1 -1 -1 -1 -1 -1 -1 
1 -1 -1 -1 1 1 1 1 1 -1 1 1 1 1 1 1 1 1 1 1 -1 -1 1 1 -1 -1 -1 -1 -1 -1 -1 -1 -1 -1 -1 -1 -1 -1 -1 -1 1 -1 -1 -1 -1 -1 -1 -1 -1 -1 
1 1 -1 1 1 1 1 1 -1 1 1 1 1 -1 1 1 1 1 1 1 -1 1 1 1 -1 -1 -1 -1 -1 -1 -1 -1 -1 -1 -1 -1 -1 -1 -1 -1 -1 1 -1 -1 -1 -1 -1 -1 -1 -1 
1 1 -1 1 1 1 1 1 1 -1 1 1 1 1 1 1 1 1 1 1 1 1 1 1 -1 -1 -1 -1 -1 -1 -1 -1 -1 -1 -1 -1 -1 -1 -1 -1 -1 -1 1 -1 -1 -1 -1 -1 -1 -1 
1 1 -1 1 1 1 1 1 -1 1 1 1 1 1 -1 1 1 1 1 1 -1 1 1 1 -1 -1 -1 -1 -1 -1 -1 -1 -1 -1 -1 -1 -1 -1 -1 -1 -1 -1 -1 1 -1 -1 -1 -1 -1 -1 
1 1 1 1 1 1 1 1 1 1 1 1 1 1 1 1 1 1 1 1 -1 1 1 1 -1 -1 -1 -1 -1 -1 -1 -1 -1 -1 -1 -1 -1 -1 -1 -1 -1 -1 -1 -1 1 -1 -1 -1 -1 -1 
1 1 1 1 1 1 1 1 1 1 1 1 1 1 1 1 1 1 1 1 1 1 1 1 -1 -1 -1 -1 -1 -1 -1 -1 -1 -1 -1 -1 -1 -1 -1 -1 -1 -1 -1 -1 -1 1 -1 -1 -1 -1 
1 1 -1 1 1 1 1 1 -1 1 1 1 1 1 1 1 1 1 1 1 1 1 1 1 -1 -1 -1 -1 -1 -1 -1 -1 -1 -1 -1 -1 -1 -1 -1 -1 -1 -1 -1 -1 -1 -1 1 -1 -1 -1 
-1 1 -1 1 -1 1 1 1 -1 1 1 1 1 1 1 1 1 -1 1 1 1 1 1 1 -1 -1 -1 -1 -1 -1 -1 -1 -1 -1 -1 -1 -1 -1 -1 -1 -1 -1 -1 -1 -1 -1 -1 1 -1 -1 
1 1 1 1 1 1 1 1 1 1 1 1 1 1 1 1 1 1 1 1 1 1 1 1 -1 -1 -1 -1 -1 -1 -1 -1 -1 -1 -1 -1 -1 -1 -1 -1 -1 -1 -1 -1 -1 -1 -1 -1 1 -1 
1 1 -1 1 1 1 1 1 1 1 1 1 1 -1 1 1 1 1 1 1 1 1 1 1 -1 -1 -1 -1 -1 -1 -1 -1 -1 -1 -1 -1 -1 -1 -1 -1 -1 -1 -1 -1 -1 -1 -1 -1 -1 1 

0 1 2 3 4 5 6 7 8 9 10 11 12 13 14 15 16 17 18 19 20 21 22 23 24 25 26 27 28 29 30 31 32 33 34 35 36 37 38 39 40 41 42 43 44 45 46 47 48 49 
1 0 50 51 52 53 54 55 56 57 58 59 60 61 62 63 64 65 66 67 68 69 70 71 72 73 74 75 76 77 78 79 80 81 82 83 84 85 86 87 88 89 90 91 92 93 94 95 96 97 
2 50 0 98 99 100 101 102 103 104 105 106 107 108 109 110 111 112 113 114 115 116 117 118 119 120 121 122 123 124 125 126 127 128 129 130 131 132 133 134 135 136 137 138 139 140 141 142 143 144 
3 51 98 0 145 146 147 148 149 150 151 152 153 154 155 156 157 158 159 160 161 162 163 164 165 166 167 168 169 170 171 172 173 174 175 176 177 178 179 180 181 182 183 184 185 186 187 188 189 190 
4 52 99 145 0 191 192 193 194 195 196 197 198 199 200 201 202 203 204 205 206 207 208 209 210 211 212 213 214 215 216 217 218 219 220 221 222 223 224 225 226 227 228 229 230 231 232 233 234 235 
5 53 100 146 191 0 236 237 238 239 240 241 242 243 244 245 246 247 248 249 250 251 252 253 254 255 256 257 258 259 260 261 262 263 264 265 266 267 268 269 270 271 272 273 274 275 276 277 278 279 
6 54 101 147 192 236 0 280 281 282 283 284 285 286 287 288 289 290 291 292 293 294 295 296 297 298 299 300 301 302 303 304 305 306 307 308 309 310 311 312 313 314 315 316 317 318 319 320 321 322 
7 55 102 148 193 237 280 0 323 324 325 326 327 328 329 330 331 332 333 334 335 336 337 338 339 340 341 342 343 344 345 346 347 348 349 350 351 352 353 354 355 356 357 358 359 360 361 362 363 364 
8 56 103 149 194 238 281 323 0 365 366 367 368 369 370 371 372 373 374 375 376 377 378 379 380 381 382 383 384 385 386 387 388 389 390 391 392 393 394 395 396 397 398 399 400 401 402 403 404 405 
9 57 104 150 195 239 282 324 365 0 406 407 408 409 410 411 412 413 414 415 416 417 418 419 420 421 422 423 424 425 426 427 428 429 430 431 432 433 434 435 436 437 438 439 440 441 442 443 444 445 
10 58 105 151 196 240 283 325 366 406 0 446 447 448 449 450 451 452 453 454 455 456 457 458 459 460 461 462 463 464 465 466 467 468 469 470 471 472 473 474 475 476 477 478 479 480 481 482 483 484 
11 59 106 152 197 241 284 326 367 407 446 0 485 486 487 488 489 490 491 492 493 494 495 496 497 498 499 500 501 502 503 504 505 506 507 508 509 510 511 512 513 514 515 516 517 518 519 520 521 522 
12 60 107 153 198 242 285 327 368 408 447 485 0 523 524 525 526 527 528 529 530 531 532 533 534 535 536 537 538 539 540 541 542 543 544 545 546 547 548 549 550 551 552 553 554 555 556 557 558 559 
13 61 108 154 199 243 286 328 369 409 448 486 523 0 560 561 562 563 564 565 566 567 568 569 570 571 572 573 574 575 576 577 578 579 580 581 582 583 584 585 586 587 588 589 590 591 592 593 594 595 
14 62 109 155 200 244 287 329 370 410 449 487 524 560 0 596 597 598 599 600 601 602 603 604 605 606 607 608 609 610 611 612 613 614 615 616 617 618 619 620 621 622 623 624 625 626 627 628 629 630 
15 63 110 156 201 245 288 330 371 411 450 488 525 561 596 0 631 632 633 634 635 636 637 638 639 640 641 642 643 644 645 646 647 648 649 650 651 652 653 654 655 656 657 658 659 660 661 662 663 664 
16 64 111 157 202 246 289 331 372 412 451 489 526 562 597 631 0 665 666 667 668 669 670 671 672 673 674 675 676 677 678 679 680 681 682 683 684 685 686 687 688 689 690 691 692 693 694 695 696 697 
17 65 112 158 203 247 290 332 373 413 452 490 527 563 598 632 665 0 698 699 700 701 702 703 704 705 706 707 708 709 710 711 712 713 714 715 716 717 718 719 720 721 722 723 724 725 726 727 728 729 
18 66 113 159 204 248 291 333 374 414 453 491 528 564 599 633 666 698 0 730 731 732 733 734 735 736 737 738 739 740 741 742 743 744 745 746 747 748 749 750 751 752 753 754 755 756 757 758 759 760 
19 67 114 160 205 249 292 334 375 415 454 492 529 565 600 634 667 699 730 0 761 762 763 764 765 766 767 768 769 770 771 772 773 774 775 776 777 778 779 780 781 782 783 784 785 786 787 788 789 790 
20 68 115 161 206 250 293 335 376 416 455 493 530 566 601 635 668 700 731 761 0 791 792 793 794 795 796 797 798 799 800 801 802 803 804 805 806 807 808 809 810 811 812 813 814 815 816 817 818 819 
21 69 116 162 207 251 294 336 377 417 456 494 531 567 602 636 669 701 732 762 791 0 820 821 822 823 824 825 826 827 828 829 830 831 832 833 834 835 836 837 838 839 840 841 842 843 844 845 846 847 
22 70 117 163 208 252 295 337 378 418 457 495 532 568 603 637 670 702 733 763 792 820 0 848 849 850 851 852 853 854 855 856 857 858 859 860 861 862 863 864 865 866 867 868 869 870 871 872 873 874 
23 71 118 164 209 253 296 338 379 419 458 496 533 569 604 638 671 703 734 764 793 821 848 0 875 876 877 878 879 880 881 882 883 884 885 886 887 888 889 890 891 892 893 894 895 896 897 898 899 900 
24 72 119 165 210 254 297 339 380 420 459 497 534 570 605 639 672 704 735 765 794 822 849 875 0 901 902 903 904 905 906 907 908 909 910 911 912 913 914 915 916 917 918 919 920 921 922 923 924 925 
25 73 120 166 211 255 298 340 381 421 460 498 535 571 606 640 673 705 736 766 795 823 850 876 901 0 926 927 928 929 930 931 932 933 934 935 936 937 938 939 940 941 942 943 944 945 946 947 948 949 
26 74 121 167 212 256 299 341 382 422 461 499 536 572 607 641 674 706 737 767 796 824 851 877 902 926 0 950 951 952 953 954 955 956 957 958 959 960 961 962 963 964 965 966 967 968 969 970 971 972 
27 75 122 168 213 257 300 342 383 423 462 500 537 573 608 642 675 707 738 768 797 825 852 878 903 927 950 0 973 974 975 976 977 978 979 980 981 982 983 984 985 986 987 988 989 990 991 992 993 994 
28 76 123 169 214 258 301 343 384 424 463 501 538 574 609 643 676 708 739 769 798 826 853 879 904 928 951 973 0 995 996 997 998 999 1000 1001 1002 1003 1004 1005 1006 1007 1008 1009 1010 1011 1012 1013 1014 1015 
29 77 124 170 215 259 302 344 385 425 464 502 539 575 610 644 677 709 740 770 799 827 854 880 905 929 952 974 995 0 1016 1017 1018 1019 1020 1021 1022 1023 1024 1025 1026 1027 1028 1029 1030 1031 1032 1033 1034 1035 
30 78 125 171 216 260 303 345 386 426 465 503 540 576 611 645 678 710 741 771 800 828 855 881 906 930 953 975 996 1016 0 1036 1037 1038 1039 1040 1041 1042 1043 1044 1045 1046 1047 1048 1049 1050 1051 1052 1053 1054 
31 79 126 172 217 261 304 346 387 427 466 504 541 577 612 646 679 711 742 772 801 829 856 882 907 931 954 976 997 1017 1036 0 1055 1056 1057 1058 1059 1060 1061 1062 1063 1064 1065 1066 1067 1068 1069 1070 1071 1072 
32 80 127 173 218 262 305 347 388 428 467 505 542 578 613 647 680 712 743 773 802 830 857 883 908 932 955 977 998 1018 1037 1055 0 1073 1074 1075 1076 1077 1078 1079 1080 1081 1082 1083 1084 1085 1086 1087 1088 1089 
33 81 128 174 219 263 306 348 389 429 468 506 543 579 614 648 681 713 744 774 803 831 858 884 909 933 956 978 999 1019 1038 1056 1073 0 1090 1091 1092 1093 1094 1095 1096 1097 1098 1099 1100 1101 1102 1103 1104 1105 
34 82 129 175 220 264 307 349 390 430 469 507 544 580 615 649 682 714 745 775 804 832 859 885 910 934 957 979 1000 1020 1039 1057 1074 1090 0 1106 1107 1108 1109 1110 1111 1112 1113 1114 1115 1116 1117 1118 1119 1120 
35 83 130 176 221 265 308 350 391 431 470 508 545 581 616 650 683 715 746 776 805 833 860 886 911 935 958 980 1001 1021 1040 1058 1075 1091 1106 0 1121 1122 1123 1124 1125 1126 1127 1128 1129 1130 1131 1132 1133 1134 
36 84 131 177 222 266 309 351 392 432 471 509 546 582 617 651 684 716 747 777 806 834 861 887 912 936 959 981 1002 1022 1041 1059 1076 1092 1107 1121 0 1135 1136 1137 1138 1139 1140 1141 1142 1143 1144 1145 1146 1147 
37 85 132 178 223 267 310 352 393 433 472 510 547 583 618 652 685 717 748 778 807 835 862 888 913 937 960 982 1003 1023 1042 1060 1077 1093 1108 1122 1135 0 1148 1149 1150 1151 1152 1153 1154 1155 1156 1157 1158 1159 
38 86 133 179 224 268 311 353 394 434 473 511 548 584 619 653 686 718 749 779 808 836 863 889 914 938 961 983 1004 1024 1043 1061 1078 1094 1109 1123 1136 1148 0 1160 1161 1162 1163 1164 1165 1166 1167 1168 1169 1170 
39 87 134 180 225 269 312 354 395 435 474 512 549 585 620 654 687 719 750 780 809 837 864 890 915 939 962 984 1005 1025 1044 1062 1079 1095 1110 1124 1137 1149 1160 0 1171 1172 1173 1174 1175 1176 1177 1178 1179 1180 
40 88 135 181 226 270 313 355 396 436 475 513 550 586 621 655 688 720 751 781 810 838 865 891 916 940 963 985 1006 1026 1045 1063 1080 1096 1111 1125 1138 1150 1161 1171 0 1181 1182 1183 1184 1185 1186 1187 1188 1189 
41 89 136 182 227 271 314 356 397 437 476 514 551 587 622 656 689 721 752 782 811 839 866 892 917 941 964 986 1007 1027 1046 1064 1081 1097 1112 1126 1139 1151 1162 1172 1181 0 1190 1191 1192 1193 1194 1195 1196 1197 
42 90 137 183 228 272 315 357 398 438 477 515 552 588 623 657 690 722 753 783 812 840 867 893 918 942 965 987 1008 1028 1047 1065 1082 1098 1113 1127 1140 1152 1163 1173 1182 1190 0 1198 1199 1200 1201 1202 1203 1204 
43 91 138 184 229 273 316 358 399 439 478 516 553 589 624 658 691 723 754 784 813 841 868 894 919 943 966 988 1009 1029 1048 1066 1083 1099 1114 1128 1141 1153 1164 1174 1183 1191 1198 0 1205 1206 1207 1208 1209 1210 
44 92 139 185 230 274 317 359 400 440 479 517 554 590 625 659 692 724 755 785 814 842 869 895 920 944 967 989 1010 1030 1049 1067 1084 1100 1115 1129 1142 1154 1165 1175 1184 1192 1199 1205 0 1211 1212 1213 1214 1215 
45 93 140 186 231 275 318 360 401 441 480 518 555 591 626 660 693 725 756 786 815 843 870 896 921 945 968 990 1011 1031 1050 1068 1085 1101 1116 1130 1143 1155 1166 1176 1185 1193 1200 1206 1211 0 1216 1217 1218 1219 
46 94 141 187 232 276 319 361 402 442 481 519 556 592 627 661 694 726 757 787 816 844 871 897 922 946 969 991 1012 1032 1051 1069 1086 1102 1117 1131 1144 1156 1167 1177 1186 1194 1201 1207 1212 1216 0 1220 1221 1222 
47 95 142 188 233 277 320 362 403 443 482 520 557 593 628 662 695 727 758 788 817 845 872 898 923 947 970 992 1013 1033 1052 1070 1087 1103 1118 1132 1145 1157 1168 1178 1187 1195 1202 1208 1213 1217 1220 0 1223 1224 
48 96 143 189 234 278 321 363 404 444 483 521 558 594 629 663 696 728 759 789 818 846 873 899 924 948 971 993 1014 1034 1053 1071 1088 1104 1119 1133 1146 1158 1169 1179 1188 1196 1203 1209 1214 1218 1221 1223 0 1225 
49 97 144 190 235 279 322 364 405 445 484 522 559 595 630 664 697 729 760 790 819 847 874 900 925 949 972 994 1015 1035 1054 1072 1089 1105 1120 1134 1147 1159 1170 1180 1189 1197 1204 1210 1215 1219 1222 1224 1225 0 
