1 5 31
2 20 25
3 3 35
4 6 28
5 21 28
6 4 36
7 28 41
8 17 20
9 31 44
10 18 19
11 33 41
12 16 47
13 23 26
14 34 46
15 17 46
16 13 32
17 11 48
18 38 40
19 39 45
20 12 17
21 1 28
22 13 20
23 14 43
24 15 34
25 4 5
26 19 39
27 5 24
28 20 32
29 27 39
30 1 40
31 6 23
32 21 37
33 4 35
34 28 32
35 2 47
36 8 38
37 32 35
38 5 34
39 29 37
40 33 34
41 16 38
42 6 41
43 8 12
44 17 39
45 37 44
46 11 41
47 18 36
48 10 14
49 11 15
50 9 19
51 48 50
52 1 21
53 14 50
54 3 11
55 1 15
56 15 43
57 4 12
58 2 12
59 24 33
60 3 17
61 1 33
62 6 14
63 47 49
64 4 42
65 8 45
66 7 15
67 5 43
68 20 21
69 9 40
70 16 29
71 6 32
72 40 42
73 4 48
74 10 47
75 17 24
76 41 43
77 11 46
78 9 50
79 18 31
80 40 48
81 12 41
82 43 45
83 8 25
84 17 50
85 13 44
86 44 46
87 9 20
88 24 28
89 14 19
90 45 47
91 10 19
92 26 30
93 27 31
94 15 48
95 4 11
96 2 7
97 24 40
98 5 10
99 25 37
100 4 17
101 19 27
102 2 33
103 26 34
104 22 36
105 5 20
106 20 28
107 16 20
108 6 27
109 23 33
110 30 36
111 41 44
112 22 30
113 31 33
114 11 39
115 18 22
116 42 43
117 23 31
118 36 37
119 10 48
120 17 43
121 13 37
122 18 48
123 15 19
124 11 19
125 12 20
126 1 25
127 3 31
128 15 39
129 4 24
130 19 32
131 26 45
132 5 29
133 20 27
134 3 37
135 27 32
136 6 18
137 21 26
138 4 38
139 28 43
140 34 50
141 8 33
142 31 46
143 5 39
144 16 33
145 34 44
146 17 44
147 7 49
148 11 50
149 18 43
150 43 49
151 15 24
152 39 47
153 1 18
154 13 18
155 14 41
156 3 4
157 15 44
158 4 7
159 5 6
160 20 34
161 3 42
162 1 46
163 6 21
164 21 35
165 28 34
166 2 45
167 8 40
168 32 37
169 22 40
170 5 32
171 29 35
172 3 48
173 9 37
174 16 24
175 6 47
176 23 45
177 34 39
178 8 14
179 7 46
180 17 37
181 37 42
182 9 15
183 18 34
184 10 12
185 8 20
186 13 49
187 44 49
188 9 17
189 2 16
190 14 48
191 3 13
192 1 13
193 4 14
194 2 10
195 24 35
196 5 15
197 3 19
198 25 34
199 6 12
200 4 20
201 19 20
202 7 9
203 22 35
204 5 41
205 20 23
206 9 46
207 16 31
208 6 38
209 21 22
210 4 50
211 10 45
212 30 35
213 40 44
214 9 48
215 18 29
216 42 46
217 40 50
218 43 47
219 8 27
220 17 48
221 9 26
222 24 30
223 14 17
224 38 50
225 10 17
226 25 31
227 15 20
228 11 28
229 26 28
230 1 6
231 15 50
232 2 5
233 5 8
234 20 48
235 3 24
236 6 7
237 4 19
238 19 29
239 28 48
240 26 32
241 20 30
242 27 45
243 33 50
244 23 35
245 21 31
246 17 23
247 22 28
248 31 35
249 35 36
250 18 20
251 16 44
252 23 25
253 36 39
254 17 41
255 13 35
256 37 38
257 18 46
258 15 29
259 39 48
260 13 23
261 2 28
262 14 36
263 1 49
264 15 33
265 19 34
266 5 27
267 20 37
268 3 39
269 27 34
270 1 43
271 6 16
272 21 24
273 30 45
274 28 37
275 34 48
276 8 35
277 22 23
278 5 37
279 29 40
280 31 40
281 9 34
282 33 45
283 16 35
284 6 42
285 8 9
286 37 47
287 18 41
288 15 26
289 39 41
290 12 13
291 1 16
292 13 16
293 2 23
294 14 47
295 3 6
296 1 10
297 15 46
298 19 43
299 46 49
300 1 44
301 6 11
302 21 33
303 8 42
304 32 39
305 5 46
306 29 33
307 3 50
308 9 43
309 33 38
310 23 47
311 6 45
312 34 37
313 8 48
314 7 40
315 37 40
316 9 13
317 18 32
318 16 48
319 38 39
320 12 46
321 37 50
322 9 23
323 24 25
324 45 50
325 10 20
326 3 15
327 1 3
328 4 8
329 19 48
330 2 8
331 28 29
332 24 37
333 5 13
334 3 21
335 27 48
336 1 37
337 25 32
338 30 31
339 19 22
340 26 39
341 7 11
342 22 33
343 5 23
344 16 17
345 6 36
346 23 36
347 30 33
348 40 46
349 17 28
350 41 47
351 22 27
352 31 36
353 18 27
354 42 44
355 12 37
356 8 29
357 41 49
358 13 40
359 9 24
360 10 31
361 25 29
362 15 22
363 1 4
364 13 28
365 2 3
366 20 50
367 4 29
368 19 31
369 28 50
370 5 16
371 20 24
372 33 48
373 6 31
374 21 29
375 30 40
376 28 40
377 17 21
378 29 45
379 35 38
380 16 46
381 6 49
382 23 27
383 17 47
384 13 33
385 18 44
386 42 49
387 15 31
388 39 50
389 12 16
390 1 29
391 13 21
392 25 50
393 15 35
394 19 36
395 5 25
396 20 39
397 3 41
398 27 36
399 1 41
400 21 38
401 28 39
402 2 46
403 8 37
404 32 34
405 31 42
406 5 35
407 29 38
408 9 32
409 33 35
410 16 37
411 6 40
412 36 40
413 34 40
414 8 11
415 17 32
416 31 48
417 37 45
418 9 10
419 18 39
420 12 49
421 8 17
422 39 43
423 11 12
424 48 49
425 12 15
426 13 14
427 2 21
428 14 45
429 3 8
430 1 8
431 15 40
432 19 45
433 2 15
434 24 32
435 3 46
436 6 9
437 4 41
438 2 41
439 7 12
440 5 44
441 9 41
442 33 36
443 16 28
444 6 35
445 23 41
446 10 46
447 34 35
448 8 50
449 7 42
450 17 25
451 11 47
452 18 30
453 16 50
454 12 40
455 8 24
456 13 45
457 37 48
458 44 45
459 9 21
460 24 27
461 45 48
462 25 26
463 11 27
464 12 28
465 27 28
466 4 10
467 19 50
468 2 6
469 28 31
470 24 39
471 5 11
472 29 30
473 3 23
474 27 50
475 25 38
476 21 40
477 4 16
478 19 24
479 26 37
480 22 39
481 5 21
482 27 40
483 16 19
484 23 38
485 30 39
486 10 41
487 41 45
488 22 25
489 31 38
490 11 36
491 18 25
492 16 41
493 23 28
494 8 31
495 13 38
496 14 21
497 10 29
498 15 16
499 11 16
500 14 33
501 3 28
502 15 36
503 4 31
504 19 33
505 20 26
506 3 34
507 27 33
508 6 29
509 21 27
510 4 37
511 8 32
512 32 45
513 31 47
514 35 40
515 33 40
516 16 32
517 34 47
518 17 45
519 14 28
520 38 41
521 15 25
522 1 19
523 13 19
524 14 40
525 3 5
526 15 45
527 4 6
528 19 38
529 2 50
530 5 7
531 20 33
532 3 43
533 27 38
534 1 47
535 46 50
536 6 20
537 21 36
538 28 33
539 8 39
540 32 36
541 5 33
542 29 36
543 9 38
544 16 39
545 6 46
546 10 37
547 34 38
548 8 13
549 17 38
550 31 50
551 37 43
552 18 37
553 10 15
554 8 19
555 13 50
556 11 14
557 44 48
558 49 50
559 2 19
560 3 10
561 1 14
562 15 42
563 4 13
564 2 13
565 24 34
566 20 40
567 3 16
568 1 32
569 25 35
570 6 15
571 21 45
572 47 48
573 19 21
574 8 46
575 7 14
576 22 34
577 20 22
578 6 33
579 21 23
580 4 49
581 10 44
582 30 34
583 40 43
584 41 42
585 11 33
586 18 28
587 40 49
588 12 42
589 43 44
590 17 49
591 44 47
592 9 27
593 24 29
594 14 16
595 45 46
596 10 16
597 15 21
598 26 31
599 27 30
600 1 7
601 2 4
602 5 9
603 3 25
604 25 36
605 19 26
606 26 35
607 22 37
608 5 19
609 20 29
610 16 21
611 23 32
612 30 37
613 28 45
614 32 40
615 22 31
616 31 32
617 11 38
618 35 37
619 18 23
620 16 43
621 6 50
622 23 30
623 36 38
624 10 49
625 37 39
626 9 28
627 18 49
628 42 50
629 10 27
630 2 31
631 24 48
632 14 39
633 25 45
634 15 38
635 4 25
636 19 35
637 5 28
638 20 36
639 3 36
640 27 35
641 6 19
642 21 25
643 28 36
644 31 41
645 5 38
646 9 35
647 36 45
648 17 35
649 43 48
650 15 27
651 1 17
652 13 17
653 3 7
654 1 11
655 19 40
656 2 48
657 46 48
658 20 35
659 3 45
660 1 45
661 6 10
662 21 34
663 4 46
664 28 35
665 8 41
666 32 38
667 5 47
668 29 34
669 33 39
670 16 25
671 6 44
672 34 36
673 8 15
674 17 36
675 37 41
676 11 42
677 9 14
678 18 35
679 10 13
680 8 21
681 13 48
682 44 50
683 9 16
684 14 15
685 10 23
686 2 17
687 3 12
688 1 12
689 4 15
690 2 11
691 24 36
692 5 14
693 27 49
694 1 38
695 25 33
696 6 13
697 47 50
698 4 21
699 19 23
700 2 37
701 26 38
702 7 8
703 22 32
704 5 40
705 9 45
706 23 37
707 6 39
708 30 32
709 40 45
710 17 29
711 22 26
712 5 50
713 11 35
714 31 37
715 18 26
716 42 47
717 43 46
718 8 28
719 41 50
720 13 41
721 9 25
722 24 31
723 25 30
724 15 23
725 11 31
726 26 29
727 1 5
728 13 29
729 24 43
730 3 27
731 4 28
732 19 28
733 28 49
734 26 33
735 5 17
736 20 31
737 3 33
738 16 23
739 23 34
740 21 30
741 28 47
742 22 29
743 31 34
744 35 39
745 18 21
746 33 43
747 16 45
748 6 48
749 12 35
750 23 24
751 42 48
752 15 28
753 11 20
754 1 30
755 14 37
756 1 48
757 15 32
758 19 37
759 46 47
760 20 38
761 3 38
762 27 37
763 1 42
764 6 17
765 21 39
766 28 38
767 34 49
768 8 36
769 32 33
770 31 43
771 5 36
772 29 39
773 9 33
774 16 36
775 6 43
776 36 47
777 34 43
778 8 10
779 17 33
780 31 49
781 37 46
782 35 50
783 9 11
784 18 38
785 43 50
786 8 16
787 39 40
788 11 13
789 12 14
790 1 23
791 13 15
792 2 20
793 14 44
794 3 9
795 1 9
796 15 41
797 2 14
798 20 45
799 3 47
800 1 35
801 6 8
802 21 32
803 2 40
804 8 43
805 7 13
806 5 45
807 29 32
808 33 37
809 16 27
810 6 34
811 10 33
812 9 12
813 18 33
814 16 49
815 10 11
816 8 23
817 13 46
818 9 22
819 24 26
820 45 49
821 10 21
822 25 27
823 3 14
824 27 29
825 1 2
826 4 9
827 28 30
828 2 9
829 24 38
830 5 12
831 29 31
832 3 20
833 1 36
834 25 39
835 19 25
836 26 36
837 7 10
838 22 38
839 23 39
840 6 37
841 30 38
842 40 47
843 10 40
844 17 19
845 41 46
846 22 24
847 5 48
848 11 37
849 31 39
850 18 24
851 42 45
852 16 40
853 23 29
854 12 38
855 10 50
856 41 48
857 9 31
858 18 50
859 14 20
860 38 49
861 10 28
862 25 28
863 15 17
864 11 17
865 26 27
866 1 27
867 13 27
868 24 45
869 3 29
870 25 40
871 15 37
872 19 30
