1 22 57
2 20 25
3 23 60
4 54 58
5 7 25
6 32 44
7 18 19
8 6 54
9 40 60
10 38 40
11 39 45
12 12 17
13 1 28
14 13 20
15 24 52
16 1 54
17 21 59
18 4 5
19 19 39
20 56 58
21 5 24
22 20 32
23 27 39
24 23 53
25 57 59
26 28 32
27 7 22
28 22 42
29 10 36
30 34 41
31 8 12
32 7 44
33 17 39
34 31 51
35 36 55
36 43 52
37 39 42
38 11 15
39 48 50
40 1 21
41 49 51
42 1 15
43 25 58
44 24 33
45 46 52
46 1 33
47 47 49
48 4 42
49 58 59
50 7 15
51 32 58
52 5 43
53 20 21
54 9 40
55 4 48
56 31 56
57 5 53
58 12 41
59 43 45
60 8 25
61 44 46
62 18 57
63 14 19
64 45 47
65 49 52
66 39 57
67 26 30
68 50 51
69 27 31
70 2 7
71 5 10
72 20 54
73 3 22
74 19 27
75 2 33
76 28 54
77 16 20
78 8 58
79 31 33
80 11 39
81 42 43
82 40 55
83 12 32
84 36 37
85 10 48
86 42 53
87 38 55
88 10 26
89 15 19
90 39 54
91 1 25
92 13 25
93 19 58
94 14 38
95 3 31
96 1 51
97 15 39
98 19 32
99 2 56
100 27 32
101 33 53
102 54 56
103 5 39
104 9 60
105 33 47
106 16 33
107 6 52
108 14 29
109 43 49
110 15 24
111 13 18
112 2 25
113 3 4
114 1 52
115 4 7
116 22 54
117 5 6
118 46 51
119 3 42
120 56 60
121 1 46
122 21 35
123 4 45
124 8 40
125 5 32
126 55 58
127 3 48
128 9 37
129 10 34
130 7 46
131 18 34
132 10 12
133 44 49
134 48 52
135 45 52
136 10 22
137 25 56
138 5 15
139 3 19
140 1 39
141 47 51
142 21 44
143 19 20
144 22 35
145 20 23
146 23 42
147 21 22
148 4 50
149 8 53
150 5 51
151 18 29
152 42 46
153 43 47
154 8 27
155 9 26
156 14 17
157 10 17
158 39 59
159 26 28
160 14 59
161 1 6
162 2 5
163 24 42
164 20 48
165 1 56
166 6 7
167 52 53
168 26 32
169 22 58
170 23 35
171 6 25
172 34 57
173 8 60
174 35 36
175 9 57
176 23 25
177 6 51
178 40 57
179 36 39
180 42 51
181 38 53
182 10 24
183 1 31
184 24 49
185 4 26
186 2 54
187 26 43
188 3 39
189 1 43
190 23 56
191 21 24
192 8 35
193 22 23
194 9 34
195 10 57
196 8 9
197 7 51
198 31 54
199 16 57
200 38 44
201 43 51
202 39 41
203 44 52
204 12 13
205 13 16
206 3 6
207 1 10
208 25 53
209 46 49
210 3 44
211 1 44
212 47 52
213 4 47
214 58 60
215 5 46
216 29 33
217 3 50
218 6 45
219 4 53
220 34 37
221 7 40
222 37 40
223 38 39
224 8 22
225 44 51
226 9 23
227 45 50
228 10 20
229 50 52
230 14 54
231 3 15
232 1 3
233 28 29
234 20 43
235 21 42
236 30 31
237 19 22
238 3 59
239 16 17
240 30 33
241 34 60
242 8 55
243 7 33
244 5 49
245 18 27
246 42 44
247 40 52
248 36 58
249 10 53
250 38 48
251 39 53
252 1 4
253 19 57
254 2 3
255 24 44
256 20 50
257 3 26
258 51 52
259 21 51
260 19 31
261 22 56
262 20 24
263 3 32
264 6 31
265 34 55
266 10 60
267 17 47
268 7 52
269 11 49
270 42 49
271 13 59
272 12 16
273 1 29
274 2 26
275 19 36
276 2 52
277 22 51
278 5 25
279 20 39
280 56 57
281 23 58
282 54 60
283 28 39
284 8 37
285 55 57
286 9 32
287 30 53
288 36 40
289 34 40
290 8 11
291 7 45
292 31 48
293 18 39
294 9 10
295 16 59
296 43 53
297 8 17
298 17 58
299 11 12
300 48 49
301 12 15
302 45 55
303 13 14
304 25 59
305 2 15
306 46 55
307 20 46
308 3 46
309 23 51
310 5 44
311 3 52
312 16 28
313 40 41
314 10 46
315 34 35
316 17 25
317 7 42
318 11 47
319 35 58
320 8 24
321 44 45
322 24 27
323 14 18
324 45 48
325 49 53
326 27 28
327 25 60
328 4 10
329 28 31
330 2 6
331 29 30
332 3 23
333 1 59
334 19 24
335 22 39
336 16 19
337 34 58
338 8 57
339 17 18
340 22 25
341 18 25
342 10 51
343 9 30
344 42 52
345 14 21
346 15 16
347 11 16
348 1 26
349 19 59
350 24 46
351 3 28
352 2 59
353 26 44
354 27 33
355 21 27
356 54 59
357 35 40
358 16 32
359 6 55
360 30 48
361 10 58
362 7 54
363 31 53
364 38 41
365 39 44
366 13 57
367 12 18
368 1 19
369 24 53
370 3 5
371 1 53
372 21 58
373 4 6
374 56 59
375 5 7
376 46 50
377 3 43
378 27 38
379 23 52
380 57 58
381 4 44
382 32 36
383 55 59
384 3 49
385 59 60
386 16 39
387 6 46
388 10 37
389 7 47
390 35 55
391 18 37
392 43 55
393 11 14
394 44 48
395 48 51
396 45 53
397 49 50
398 2 19
399 3 10
400 25 57
401 15 42
402 2 13
403 46 53
404 1 32
405 25 35
406 6 15
407 47 48
408 4 43
409 19 21
410 2 39
411 28 56
412 32 59
413 5 42
414 20 22
415 3 54
416 6 33
417 21 23
418 4 49
419 10 44
420 5 52
421 35 60
422 16 52
423 6 59
424 43 44
425 8 26
426 44 47
427 24 29
428 14 16
429 45 46
430 39 56
431 26 31
432 27 30
433 1 7
434 19 52
435 2 4
436 24 41
437 5 9
438 20 55
439 3 25
440 21 54
441 5 19
442 31 32
443 35 37
444 9 58
445 23 30
446 36 38
447 37 39
448 11 60
449 42 50
450 38 52
451 15 18
452 11 18
453 1 24
454 13 24
455 2 31
456 24 48
457 14 39
458 3 30
459 1 50
460 4 25
461 19 35
462 22 60
463 6 19
464 21 25
465 4 39
466 54 57
467 8 34
468 55 60
469 9 35
470 16 34
471 6 53
472 30 54
473 7 48
474 43 48
475 39 46
476 13 17
477 2 22
478 3 7
479 25 54
480 21 56
481 19 40
482 26 53
483 46 48
484 3 45
485 23 54
486 47 53
487 4 46
488 5 47
489 3 51
490 16 25
491 4 52
492 10 35
493 34 36
494 37 41
495 35 57
496 18 35
497 10 13
498 44 50
499 14 15
500 48 53
501 45 51
502 10 23
503 50 55
504 4 15
505 20 42
506 47 50
507 19 23
508 3 56
509 30 32
510 4 51
511 8 54
512 5 50
513 18 26
514 42 47
515 43 46
516 8 28
517 37 60
518 38 51
519 39 58
520 26 29
521 1 5
522 13 29
523 19 54
524 20 49
525 51 53
526 26 33
527 22 59
528 27 44
529 16 23
530 35 39
531 33 43
532 23 24
533 6 48
534 40 58
535 7 53
536 42 48
537 14 25
538 38 42
539 39 51
540 1 30
541 1 48
542 46 47
543 20 38
544 1 42
545 23 59
546 21 39
547 4 33
548 8 36
549 7 20
550 32 33
551 8 10
552 7 50
553 16 58
554 38 45
555 36 53
556 43 50
557 17 59
558 39 40
559 11 13
560 44 53
561 12 14
562 1 23
563 13 15
564 14 44
565 3 9
566 25 52
567 15 41
568 20 45
569 3 47
570 23 48
571 5 45
572 29 32
573 3 53
574 23 46
575 4 54
576 7 43
577 18 33
578 9 12
579 12 47
580 36 60
581 10 11
582 8 23
583 18 59
584 24 26
585 48 55
586 45 49
587 50 53
588 27 29
589 1 2
590 4 9
591 28 30
592 2 9
593 29 31
594 25 39
595 19 25
596 3 58
597 16 18
598 23 39
599 10 40
600 8 56
601 17 19
602 22 24
603 5 48
604 42 45
605 16 40
606 13 39
607 42 55
608 10 28
609 15 17
610 39 52
611 11 17
612 26 27
613 19 56
614 14 32
615 20 51
616 51 55
617 4 30
618 19 30
