1 32 54
2 22 57
3 27 46
4 33 55
5 23 60
6 54 58
7 17 20
8 32 44
9 35 41
10 18 19
11 23 26
12 40 60
13 34 46
14 38 40
15 12 59
16 39 45
17 44 56
18 48 59
19 12 17
20 49 58
21 13 20
22 51 60
23 4 5
24 22 48
25 56 58
26 27 39
27 57 59
28 28 32
29 22 42
30 55 56
31 30 58
32 36 41
33 34 41
34 17 39
35 37 44
36 11 41
37 42 57
38 36 55
39 10 14
40 8 18
41 39 42
42 37 54
43 11 15
44 44 55
45 9 19
46 48 50
47 45 54
48 49 51
49 50 56
50 46 52
51 27 60
52 23 50
53 6 14
54 21 46
55 47 49
56 57 60
57 58 59
58 32 58
59 22 45
60 20 21
61 33 59
62 23 40
63 40 42
64 12 41
65 43 45
66 44 46
67 9 20
68 24 28
69 14 19
70 38 60
71 45 47
72 10 19
73 49 52
74 39 57
75 26 30
76 50 51
77 14 53
78 27 31
79 26 56
80 24 40
81 21 55
82 28 54
83 32 49
84 22 36
85 27 43
86 16 20
87 28 44
88 34 59
89 41 44
90 22 30
91 31 33
92 11 39
93 42 43
94 23 31
95 40 55
96 36 37
97 17 43
98 13 37
99 37 56
100 18 48
101 42 53
102 38 55
103 43 56
104 15 19
105 11 19
106 14 60
107 12 20
108 51 57
109 27 32
110 33 53
111 21 26
112 54 56
113 28 43
114 34 50
115 30 49
116 36 44
117 34 44
118 7 49
119 42 60
120 38 46
121 12 53
122 44 58
123 12 19
124 45 59
125 49 56
126 13 18
127 24 54
128 3 4
129 1 52
130 4 7
131 52 57
132 56 60
133 5 6
134 46 51
135 53 60
136 27 57
137 21 35
138 32 37
139 22 40
140 55 58
141 36 43
142 34 39
143 8 14
144 37 42
145 9 15
146 10 12
147 43 54
148 9 17
149 48 52
150 38 59
151 45 52
152 50 54
153 25 56
154 19 46
155 5 15
156 46 58
157 3 19
158 47 51
159 19 20
160 32 60
161 9 46
162 40 44
163 16 53
164 40 50
165 36 56
166 43 47
167 17 48
168 18 55
169 24 30
170 14 17
171 38 50
172 10 17
173 25 31
174 15 20
175 39 59
176 14 59
177 1 6
178 2 5
179 24 42
180 5 8
181 27 55
182 6 7
183 21 53
184 52 53
185 26 32
186 32 51
187 5 18
188 29 53
189 27 45
190 33 50
191 21 31
192 4 57
193 28 46
194 30 42
195 34 57
196 22 28
197 18 20
198 23 25
199 40 57
200 36 39
201 17 41
202 37 38
203 18 46
204 42 51
205 38 53
206 43 58
207 15 29
208 11 21
209 48 56
210 1 49
211 51 59
212 52 60
213 23 56
214 30 45
215 34 48
216 22 23
217 29 40
218 16 35
219 30 55
220 36 46
221 34 42
222 8 9
223 17 34
224 37 47
225 42 58
226 38 44
227 12 55
228 43 51
229 39 41
230 12 13
231 45 57
232 1 16
233 13 16
234 24 56
235 3 6
236 15 46
237 52 59
238 46 49
239 53 58
240 27 59
241 23 49
242 47 52
243 58 60
244 32 39
245 22 46
246 5 46
247 29 33
248 16 26
249 4 53
250 34 37
251 37 40
252 9 13
253 38 39
254 12 46
255 36 51
256 37 50
257 44 51
258 24 25
259 48 54
260 38 57
261 45 50
262 10 20
263 49 55
264 39 60
265 50 52
266 3 15
267 1 3
268 4 8
269 28 29
270 2 8
271 24 37
272 46 56
273 3 21
274 27 48
275 25 32
276 30 31
277 22 33
278 16 17
279 40 46
280 30 33
281 34 60
282 22 27
283 5 49
284 31 36
285 42 44
286 16 55
287 36 58
288 17 54
289 13 40
290 37 59
291 18 53
292 42 54
293 25 29
294 39 53
295 1 4
296 2 3
297 51 52
298 47 58
299 28 50
300 52 55
301 32 53
302 20 24
303 29 51
304 53 54
305 33 48
306 21 29
307 30 40
308 28 40
309 34 55
310 17 21
311 32 43
312 29 45
313 35 38
314 16 46
315 23 27
316 40 59
317 38 43
318 43 60
319 39 50
320 48 58
321 12 16
322 49 59
323 13 21
324 24 51
325 15 35
326 56 57
327 27 36
328 54 60
329 28 39
330 32 34
331 55 57
332 16 37
333 36 40
334 34 40
335 8 11
336 37 45
337 9 10
338 42 56
339 12 49
340 36 54
341 43 53
342 8 17
343 39 43
344 37 55
345 11 12
346 44 54
347 48 49
348 12 15
349 45 55
350 49 60
351 13 14
352 50 59
353 3 8
354 24 32
355 46 55
356 53 56
357 47 54
358 54 55
359 32 57
360 22 44
361 40 41
362 30 60
363 10 46
364 34 35
365 37 48
366 44 45
367 9 21
368 18 56
369 14 18
370 24 27
371 45 48
372 10 18
373 25 26
374 49 53
375 14 52
376 27 28
377 15 49
378 28 31
379 2 6
380 24 39
381 29 30
382 21 40
383 4 16
384 28 53
385 32 48
386 22 39
387 29 56
388 27 40
389 16 19
390 30 39
391 17 18
392 22 25
393 11 36
394 16 41
395 23 28
396 40 54
397 37 57
398 18 51
399 14 21
400 38 54
401 43 57
402 15 16
403 39 55
404 11 16
405 24 46
406 51 54
407 32 55
408 29 49
409 54 59
410 28 42
411 34 53
412 32 45
413 33 40
414 30 48
415 34 47
416 38 41
417 12 52
418 39 44
419 44 57
420 48 60
421 12 18
422 45 60
423 49 57
424 13 19
425 24 53
426 3 5
427 4 6
428 52 56
429 56 59
430 5 7
431 46 50
432 27 38
433 57 58
434 28 33
435 32 36
436 22 43
437 55 59
438 29 36
439 59 60
440 30 59
441 36 42
442 10 37
443 34 38
444 8 13
445 17 38
446 37 43
447 11 40
448 35 55
449 10 15
450 43 55
451 8 19
452 37 53
453 11 14
454 9 18
455 48 51
456 38 58
457 45 53
458 49 50
459 50 57
460 3 10
461 46 53
462 3 16
463 25 35
464 47 48
465 19 21
466 32 59
467 33 58
468 23 43
469 40 43
470 41 42
471 35 60
472 43 44
473 44 47
474 18 54
475 24 29
476 14 16
477 45 46
478 10 16
479 15 21
480 11 29
481 26 31
482 27 30
483 1 7
484 2 4
485 46 60
486 47 57
487 22 37
488 27 42
489 16 21
490 23 32
491 34 56
492 32 40
493 22 31
494 31 32
495 11 38
496 23 30
497 40 56
498 36 38
499 17 42
500 37 39
501 18 49
502 42 50
503 43 59
504 15 18
505 11 18
506 44 60
507 12 21
508 24 48
509 51 56
510 19 35
511 22 60
512 27 35
513 30 44
514 54 57
515 34 51
516 31 41
517 55 60
518 33 46
519 36 45
520 34 45
521 17 35
522 39 46
523 44 59
524 45 58
525 13 17
526 50 60
527 14 46
528 3 7
529 19 40
530 52 58
531 46 48
532 53 59
533 27 56
534 47 53
535 32 38
536 33 39
537 23 44
538 30 57
539 34 36
540 8 15
541 17 36
542 9 14
543 36 50
544 10 13
545 8 21
546 37 51
547 44 50
548 9 16
549 14 15
550 38 56
551 48 53
552 45 51
553 50 55
554 5 14
555 46 59
556 27 49
557 25 33
558 47 50
559 7 8
560 22 32
561 40 45
562 30 32
563 22 26
564 11 35
565 42 47
566 40 51
567 36 57
568 43 46
569 13 41
570 37 60
571 9 25
572 18 52
573 24 31
574 38 51
575 25 30
576 39 58
577 1 5
578 24 43
579 51 53
580 47 59
581 52 54
582 53 55
583 33 49
584 30 43
585 34 54
586 32 42
587 22 29
588 5 59
589 35 39
590 18 21
591 33 43
592 23 24
593 12 35
594 17 40
595 38 42
596 39 51
597 11 20
598 48 57
599 24 50
600 51 58
601 46 47
602 23 59
603 21 39
604 32 33
605 29 39
606 35 44
607 36 47
608 34 43
609 8 10
610 37 46
611 9 11
612 16 58
613 38 45
614 36 53
615 43 50
616 8 16
617 39 40
618 11 13
619 44 53
620 12 14
621 45 56
622 13 15
623 50 58
624 24 57
625 46 54
626 53 57
627 27 58
628 23 48
629 6 8
630 47 55
631 32 56
632 29 32
633 5 55
634 35 59
635 9 12
636 36 60
637 18 59
638 24 26
639 48 55
640 45 49
641 10 21
642 25 27
643 49 54
644 50 53
645 14 55
646 27 29
647 28 30
648 5 12
649 29 31
650 46 57
651 25 39
652 47 60
653 21 41
654 2 35
655 22 38
656 27 41
657 16 18
658 23 39
659 40 47
660 17 19
661 22 24
662 42 45
663 16 40
664 23 29
665 40 53
666 36 59
667 37 58
668 9 31
669 42 55
670 14 20
671 12 60
672 25 28
673 15 17
674 11 17
675 24 45
676 51 55
