1 33 55
2 23 60
3 21 28
4 28 41
5 34 52
6 17 20
7 18 19
8 23 26
9 6 54
10 38 40
11 15 30
12 11 22
13 12 17
14 49 58
15 15 34
16 4 5
17 20 32
18 27 39
19 57 59
20 6 23
21 21 37
22 28 32
23 2 47
24 7 22
25 32 35
26 55 56
27 29 37
28 9 39
29 33 34
30 16 38
31 10 36
32 8 12
33 7 44
34 35 52
35 10 14
36 43 52
37 37 54
38 11 15
39 44 55
40 48 50
41 49 51
42 25 58
43 46 52
44 57 60
45 47 49
46 4 42
47 58 59
48 22 45
49 5 43
50 20 21
51 3 55
52 9 40
53 16 29
54 23 40
55 4 48
56 17 24
57 41 43
58 5 53
59 18 31
60 43 45
61 44 46
62 9 20
63 24 28
64 14 19
65 45 47
66 10 19
67 26 30
68 50 51
69 12 29
70 27 31
71 2 7
72 27 53
73 25 37
74 19 27
75 28 54
76 22 36
77 20 28
78 3 60
79 29 55
80 16 20
81 30 36
82 41 44
83 22 30
84 11 39
85 18 22
86 42 43
87 36 37
88 7 56
89 13 37
90 9 29
91 14 26
92 38 55
93 10 26
94 43 56
95 15 19
96 12 20
97 14 38
98 51 57
99 15 39
100 19 32
101 2 56
102 26 45
103 20 27
104 27 32
105 33 53
106 54 56
107 31 46
108 6 52
109 17 44
110 7 49
111 31 52
112 12 53
113 43 49
114 15 24
115 12 19
116 49 56
117 3 4
118 4 7
119 2 51
120 22 54
121 5 6
122 20 34
123 21 35
124 4 45
125 2 45
126 32 37
127 22 40
128 3 48
129 9 37
130 16 24
131 23 45
132 30 56
133 10 34
134 17 37
135 7 46
136 9 15
137 10 12
138 43 54
139 38 59
140 45 52
141 10 22
142 50 54
143 3 13
144 25 56
145 2 10
146 21 44
147 19 20
148 16 31
149 23 42
150 21 22
151 4 50
152 8 53
153 17 30
154 5 51
155 11 32
156 18 29
157 42 46
158 6 56
159 10 55
160 43 47
161 8 27
162 41 51
163 9 26
164 18 55
165 14 17
166 24 30
167 10 17
168 15 20
169 11 28
170 26 28
171 14 59
172 12 31
173 1 6
174 13 30
175 2 5
176 6 7
177 19 29
178 52 53
179 20 30
180 29 53
181 16 22
182 21 31
183 17 23
184 22 28
185 5 60
186 29 47
187 18 20
188 23 25
189 36 39
190 37 38
191 42 51
192 14 24
193 12 56
194 10 24
195 43 58
196 15 29
197 11 21
198 12 22
199 51 59
200 19 34
201 2 54
202 26 43
203 20 37
204 21 24
205 28 37
206 31 40
207 29 40
208 16 35
209 6 42
210 30 55
211 8 9
212 31 54
213 11 52
214 42 58
215 12 55
216 43 51
217 15 26
218 13 54
219 44 52
220 12 13
221 45 57
222 13 16
223 2 23
224 3 6
225 2 49
226 46 49
227 3 44
228 27 59
229 2 43
230 58 60
231 32 39
232 5 46
233 3 50
234 33 38
235 4 53
236 10 32
237 17 27
238 37 40
239 35 56
240 9 13
241 38 39
242 44 51
243 10 20
244 50 52
245 1 3
246 15 55
247 4 8
248 28 29
249 24 37
250 30 31
251 19 22
252 16 17
253 8 55
254 41 47
255 22 27
256 31 36
257 11 34
258 9 54
259 18 27
260 42 44
261 12 37
262 8 29
263 41 49
264 13 40
265 11 56
266 14 23
267 10 31
268 15 22
269 39 53
270 11 30
271 1 4
272 13 28
273 2 3
274 3 26
275 51 52
276 19 31
277 52 55
278 20 24
279 53 54
280 21 29
281 30 40
282 34 55
283 17 21
284 7 52
285 13 33
286 18 44
287 42 49
288 14 30
289 15 31
290 48 58
291 12 16
292 2 26
293 15 35
294 19 36
295 2 52
296 20 39
297 27 36
298 21 38
299 28 39
300 2 46
301 7 23
302 31 42
303 32 34
304 29 38
305 35 47
306 33 35
307 16 37
308 30 53
309 36 40
310 10 39
311 8 11
312 7 45
313 11 54
314 9 10
315 36 54
316 43 53
317 13 52
318 11 12
319 44 54
320 48 49
321 12 15
322 1 22
323 49 60
324 25 59
325 19 45
326 46 55
327 3 46
328 53 56
329 4 41
330 54 55
331 22 44
332 5 44
333 3 52
334 33 36
335 16 28
336 4 55
337 34 35
338 8 50
339 7 42
340 5 54
341 18 30
342 44 45
343 9 21
344 24 27
345 14 18
346 10 18
347 25 26
348 49 53
349 11 27
350 12 28
351 27 28
352 25 60
353 28 31
354 2 6
355 26 59
356 24 39
357 29 30
358 25 38
359 19 24
360 28 53
361 22 39
362 29 56
363 27 40
364 16 19
365 6 26
366 30 39
367 17 18
368 41 45
369 22 25
370 31 38
371 11 36
372 9 52
373 13 38
374 9 30
375 14 21
376 38 54
377 10 29
378 15 16
379 11 16
380 12 27
381 1 26
382 13 26
383 15 36
384 26 44
385 32 55
386 20 26
387 33 54
388 21 27
389 54 59
390 28 42
391 31 47
392 5 56
393 33 40
394 16 32
395 6 55
396 34 47
397 17 45
398 12 52
399 15 25
400 12 18
401 45 60
402 3 5
403 4 6
404 19 38
405 2 50
406 52 56
407 5 7
408 20 33
409 3 43
410 27 38
411 46 50
412 57 58
413 21 36
414 4 44
415 2 44
416 32 36
417 29 36
418 9 38
419 59 60
420 16 39
421 6 46
422 30 59
423 10 37
424 8 13
425 11 40
426 35 55
427 18 37
428 10 15
429 43 55
430 13 50
431 48 51
432 38 58
433 49 50
434 2 13
435 4 43
436 19 21
437 28 56
438 22 34
439 5 42
440 20 22
441 3 54
442 16 30
443 21 23
444 8 52
445 41 42
446 5 52
447 18 28
448 40 49
449 10 54
450 43 44
451 44 47
452 9 27
453 18 54
454 14 16
455 24 29
456 45 46
457 10 16
458 15 21
459 11 29
460 26 31
461 12 30
462 27 30
463 1 7
464 13 31
465 2 4
466 26 57
467 27 52
468 25 36
469 19 26
470 28 55
471 22 37
472 20 29
473 29 54
474 33 51
475 16 21
476 30 37
477 4 56
478 34 56
479 22 31
480 31 32
481 11 38
482 18 23
483 12 33
484 36 38
485 7 59
486 13 36
487 37 39
488 9 28
489 42 50
490 10 27
491 15 18
492 12 21
493 15 56
494 15 38
495 20 36
496 33 52
497 23 57
498 21 25
499 28 36
500 8 34
501 32 47
502 31 41
503 29 41
504 16 34
505 6 53
506 30 54
507 10 56
508 17 35
509 12 54
510 43 48
511 15 27
512 3 7
513 2 48
514 20 35
515 1 45
516 4 46
517 32 38
518 3 51
519 9 36
520 33 39
521 16 25
522 6 44
523 23 44
524 4 52
525 34 36
526 17 36
527 7 41
528 10 13
529 44 50
530 9 16
531 14 15
532 48 53
533 45 51
534 50 55
535 26 60
536 24 36
537 6 13
538 19 23
539 22 32
540 3 56
541 33 56
542 30 32
543 4 51
544 8 54
545 22 26
546 5 50
547 31 37
548 9 55
549 18 26
550 42 47
551 43 46
552 8 28
553 24 31
554 14 22
555 10 30
556 15 23
557 11 31
558 26 29
559 12 24
560 1 5
561 13 29
562 19 54
563 27 54
564 51 53
565 19 28
566 2 60
567 52 54
568 32 52
569 20 31
570 29 52
571 53 55
572 21 30
573 28 47
574 34 54
575 17 22
576 22 29
577 9 56
578 18 21
579 33 43
580 6 48
581 17 40
582 13 34
583 15 28
584 11 20
585 13 22
586 1 48
587 51 58
588 15 32
589 2 55
590 5 26
591 20 38
592 46 47
593 27 37
594 23 59
595 21 39
596 28 38
597 32 33
598 29 39
599 16 36
600 6 43
601 30 52
602 10 38
603 8 10
604 7 50
605 17 33
606 11 55
607 9 11
608 18 38
609 43 50
610 8 16
611 39 40
612 13 53
613 11 13
614 44 53
615 12 14
616 13 15
617 50 58
618 20 45
619 21 32
620 32 56
621 29 32
622 3 53
623 33 37
624 16 27
625 4 54
626 10 33
627 7 43
628 5 55
629 9 12
630 10 11
631 37 49
632 9 22
633 18 59
634 45 49
635 10 21
636 50 53
637 27 29
638 1 2
639 15 54
640 28 30
641 24 38
642 29 31
643 1 36
644 4 23
645 19 25
646 28 52
647 22 38
648 27 41
649 16 18
650 30 38
651 10 40
652 8 56
653 17 19
654 22 24
655 5 48
656 11 37
657 31 39
658 18 24
659 41 46
660 42 45
661 40 53
662 12 38
663 8 30
664 13 39
665 37 58
666 9 31
667 14 20
668 10 28
669 15 17
670 11 17
671 26 27
672 13 27
673 24 45
674 25 40
675 15 37
676 19 30
677 2 58
