1 26 47
2 5 31
3 20 25
4 23 60
5 6 28
6 21 28
7 4 36
8 28 41
9 30 41
10 54 58
11 5 57
12 35 41
13 18 19
14 33 41
15 16 47
16 6 54
17 23 26
18 40 60
19 17 46
20 7 55
21 13 32
22 11 48
23 18 45
24 14 31
25 38 40
26 12 59
27 15 30
28 13 58
29 44 56
30 48 59
31 12 17
32 49 58
33 13 20
34 24 52
35 14 43
36 20 58
37 51 60
38 15 34
39 4 5
40 2 53
41 56 58
42 5 24
43 20 32
44 27 39
45 57 59
46 21 37
47 4 35
48 28 32
49 2 47
50 8 38
51 7 22
52 22 42
53 5 34
54 29 37
55 32 35
56 9 39
57 33 34
58 55 56
59 30 58
60 36 41
61 34 41
62 17 39
63 7 44
64 35 52
65 18 36
66 42 57
67 10 14
68 43 52
69 8 18
70 39 42
71 13 51
72 11 15
73 44 55
74 9 19
75 48 50
76 45 54
77 49 51
78 2 18
79 50 56
80 14 50
81 3 11
82 1 15
83 15 43
84 4 12
85 2 12
86 26 49
87 24 33
88 46 52
89 20 47
90 3 17
91 27 60
92 1 33
93 57 60
94 6 14
95 47 49
96 4 42
97 58 59
98 7 15
99 5 43
100 20 21
101 9 40
102 23 40
103 6 32
104 40 42
105 10 47
106 8 51
107 7 37
108 17 24
109 5 53
110 11 46
111 31 56
112 9 50
113 40 48
114 43 45
115 13 44
116 44 46
117 24 28
118 14 19
119 38 60
120 45 47
121 10 19
122 49 52
123 26 30
124 50 51
125 14 53
126 27 31
127 15 48
128 4 11
129 2 7
130 24 40
131 5 10
132 25 37
133 21 55
134 4 17
135 28 54
136 26 34
137 22 36
138 5 20
139 20 28
140 27 43
141 33 60
142 23 33
143 6 27
144 30 36
145 34 59
146 8 58
147 7 34
148 22 30
149 31 33
150 18 22
151 42 43
152 16 42
153 23 31
154 12 32
155 36 37
156 10 48
157 40 55
158 7 56
159 13 37
160 37 56
161 9 29
162 18 48
163 14 26
164 38 55
165 42 53
166 43 56
167 15 19
168 11 19
169 14 60
170 15 57
171 2 30
172 14 38
173 51 57
174 21 48
175 4 24
176 2 56
177 20 27
178 27 32
179 6 18
180 21 26
181 4 38
182 28 43
183 30 47
184 34 50
185 7 27
186 54 56
187 35 43
188 10 59
189 17 44
190 7 49
191 35 49
192 42 60
193 14 29
194 43 49
195 15 24
196 13 56
197 44 58
198 12 19
199 45 59
200 1 18
201 49 56
202 13 18
203 14 41
204 15 44
205 21 57
206 4 7
207 2 51
208 52 57
209 22 54
210 5 6
211 20 34
212 46 51
213 27 57
214 53 60
215 23 55
216 56 60
217 21 35
218 28 34
219 2 45
220 7 16
221 22 40
222 5 32
223 29 35
224 32 37
225 55 58
226 30 56
227 34 39
228 8 14
229 7 46
230 17 37
231 11 43
232 35 54
233 9 15
234 18 34
235 43 54
236 13 49
237 44 49
238 9 17
239 18 60
240 48 52
241 45 52
242 2 16
243 50 54
244 3 13
245 1 13
246 15 53
247 4 14
248 2 10
249 24 35
250 5 15
251 20 41
252 3 19
253 46 58
254 25 34
255 6 12
256 47 51
257 4 20
258 28 57
259 8 47
260 7 9
261 22 35
262 5 41
263 20 23
264 29 60
265 23 42
266 21 22
267 30 35
268 17 30
269 5 51
270 42 46
271 16 53
272 40 50
273 36 56
274 43 47
275 8 27
276 17 48
277 13 42
278 18 55
279 24 30
280 14 17
281 38 50
282 10 17
283 25 31
284 26 28
285 1 6
286 15 50
287 13 30
288 19 55
289 2 5
290 24 42
291 5 8
292 27 55
293 1 56
294 47 56
295 4 19
296 19 29
297 52 53
298 26 32
299 5 18
300 20 30
301 27 45
302 33 50
303 23 35
304 21 31
305 8 60
306 7 28
307 22 28
308 31 35
309 32 41
310 35 36
311 18 20
312 23 25
313 6 51
314 12 34
315 36 39
316 7 58
317 13 35
318 37 38
319 18 46
320 42 51
321 14 24
322 10 24
323 43 58
324 48 56
325 15 59
326 14 36
327 1 49
328 51 59
329 4 26
330 52 60
331 5 27
332 20 37
333 27 34
334 1 43
335 6 16
336 21 24
337 30 45
338 28 37
339 34 48
340 7 21
341 22 23
342 5 37
343 29 40
344 31 40
345 35 45
346 6 42
347 8 9
348 7 51
349 37 47
350 11 52
351 35 51
352 42 58
353 43 51
354 15 26
355 39 41
356 13 54
357 44 52
358 12 13
359 45 57
360 1 16
361 13 16
362 24 56
363 14 47
364 3 6
365 1 10
366 15 46
367 2 49
368 26 50
369 52 59
370 46 49
371 20 44
372 53 58
373 1 44
374 6 11
375 21 33
376 4 47
377 28 60
378 47 52
379 8 42
380 7 18
381 58 60
382 5 46
383 29 33
384 3 50
385 33 38
386 4 53
387 34 37
388 8 48
389 37 40
390 11 45
391 35 56
392 9 13
393 38 39
394 8 22
395 13 47
396 37 50
397 44 51
398 18 58
399 24 25
400 48 54
401 45 50
402 49 55
403 39 60
404 50 52
405 3 15
406 1 3
407 15 55
408 4 8
409 28 29
410 2 8
411 24 37
412 5 13
413 46 56
414 27 48
415 30 31
416 4 22
417 19 22
418 2 34
419 26 39
420 7 11
421 22 33
422 16 17
423 6 36
424 23 36
425 30 33
426 34 60
427 8 55
428 22 27
429 5 49
430 31 36
431 18 27
432 42 44
433 16 55
434 36 58
435 10 53
436 17 54
437 11 56
438 9 24
439 18 53
440 14 23
441 42 54
442 25 29
443 11 30
444 15 60
445 13 28
446 2 3
447 14 35
448 20 50
449 51 52
450 25 41
451 47 58
452 4 29
453 28 50
454 52 55
455 22 56
456 5 16
457 20 24
458 53 54
459 27 47
460 33 48
461 21 29
462 30 40
463 28 40
464 7 30
465 5 58
466 35 38
467 16 46
468 23 27
469 30 50
470 17 47
471 11 49
472 42 49
473 14 30
474 12 58
475 43 60
476 39 50
477 13 59
478 48 58
479 12 16
480 49 59
481 13 21
482 14 42
483 1 55
484 21 60
485 2 52
486 26 41
487 56 57
488 20 39
489 27 36
490 21 38
491 4 34
492 28 39
493 2 46
494 54 60
495 32 34
496 5 35
497 29 38
498 55 57
499 33 35
500 36 40
501 34 40
502 8 11
503 37 45
504 42 56
505 43 53
506 8 17
507 17 58
508 13 52
509 11 12
510 44 54
511 48 49
512 12 15
513 45 55
514 49 60
515 13 14
516 50 59
517 24 58
518 1 8
519 2 15
520 24 32
521 46 55
522 20 46
523 3 46
524 53 56
525 6 9
526 21 47
527 4 41
528 47 54
529 54 55
530 33 36
531 23 41
532 40 41
533 30 60
534 4 55
535 34 35
536 7 42
537 11 47
538 35 58
539 18 30
540 16 50
541 8 24
542 17 51
543 13 45
544 44 45
545 18 56
546 24 27
547 14 18
548 45 48
549 10 18
550 25 26
551 49 53
552 27 28
553 25 60
554 15 49
555 4 10
556 28 31
557 2 6
558 24 39
559 5 11
560 29 30
561 27 50
562 25 38
563 21 40
564 4 16
565 19 24
566 2 32
567 26 37
568 32 48
569 22 39
570 5 21
571 27 40
572 16 19
573 23 38
574 30 39
575 34 58
576 17 18
577 7 35
578 22 25
579 31 38
580 9 52
581 23 28
582 6 60
583 10 51
584 8 31
585 17 52
586 11 58
587 9 30
588 18 51
589 14 21
590 42 52
591 43 57
592 15 16
593 11 16
594 13 26
595 14 33
596 20 60
597 51 54
598 4 31
599 5 30
600 20 26
601 27 33
602 21 27
603 4 37
604 28 42
605 54 59
606 7 24
607 5 56
608 35 40
609 33 40
610 6 55
611 34 47
612 11 51
613 18 42
614 38 41
615 44 57
616 48 60
617 12 18
618 45 60
619 1 19
620 49 57
621 13 19
622 2 24
623 14 40
624 3 5
625 1 53
626 15 45
627 21 58
628 2 50
629 26 55
630 52 56
631 56 59
632 5 7
633 20 33
634 46 50
635 27 38
636 1 47
637 57 58
638 21 36
639 28 33
640 2 44
641 7 17
642 22 43
643 5 33
644 29 36
645 32 36
646 9 38
647 55 59
648 59 60
649 34 38
650 8 13
651 18 37
652 36 48
653 10 15
654 43 55
655 8 19
656 17 56
657 13 50
658 11 14
659 44 48
660 9 18
661 48 51
662 45 53
663 49 50
664 2 19
665 50 57
666 3 10
667 15 42
668 4 13
669 2 13
670 24 34
671 46 53
672 20 40
673 3 16
674 1 32
675 25 35
676 6 15
677 21 45
678 47 48
679 28 56
680 8 46
681 7 14
682 22 34
683 5 42
684 20 22
685 32 59
686 9 47
687 6 33
688 21 23
689 4 49
690 30 34
691 5 52
692 35 60
693 18 28
694 6 59
695 10 54
696 43 44
697 17 49
698 13 43
699 44 47
700 9 27
701 24 29
702 14 16
703 45 46
704 10 16
705 15 21
706 26 31
707 14 58
708 27 30
709 1 7
710 15 51
711 19 52
712 2 4
713 24 41
714 5 9
715 46 60
716 1 57
717 25 36
718 47 57
719 4 18
720 28 55
721 26 35
722 22 37
723 5 19
724 20 29
725 6 24
726 30 37
727 4 56
728 28 45
729 34 56
730 7 29
731 22 31
732 31 32
733 32 40
734 35 37
735 9 58
736 12 33
737 36 38
738 10 49
739 17 42
740 13 36
741 37 39
742 9 28
743 18 49
744 42 50
745 43 59
746 15 18
747 11 18
748 44 60
749 1 24
750 15 56
751 13 24
752 24 48
753 14 39
754 51 56
755 4 25
756 22 60
757 5 28
758 20 36
759 27 35
760 6 19
761 21 25
762 4 39
763 28 36
764 54 57
765 7 26
766 31 41
767 5 38
768 29 41
769 35 42
770 55 60
771 36 45
772 10 56
773 34 45
774 11 53
775 18 40
776 16 56
777 43 48
778 15 27
779 13 55
780 44 59
781 45 58
782 1 17
783 13 17
784 50 60
785 24 55
786 14 46
787 1 11
788 15 47
789 21 56
790 2 48
791 52 58
792 46 48
793 20 35
794 3 45
795 27 56
796 53 59
797 6 10
798 21 34
799 4 46
800 28 35
801 2 42
802 47 53
803 7 19
804 22 41
805 5 47
806 29 34
807 32 38
808 33 39
809 34 36
810 8 15
811 7 41
812 31 60
813 37 41
814 11 42
815 35 57
816 9 14
817 12 45
818 36 50
819 10 13
820 13 48
821 44 50
822 9 16
823 14 15
824 38 56
825 48 53
826 45 51
827 2 17
828 50 55
829 14 49
830 3 12
831 1 12
832 15 52
833 4 15
834 19 49
835 2 11
836 26 60
837 24 36
838 5 14
839 46 59
840 3 18
841 25 33
842 6 13
843 21 43
844 4 21
845 28 58
846 47 50
847 26 38
848 7 8
849 22 32
850 5 40
851 9 45
852 23 37
853 30 32
854 8 54
855 7 38
856 22 26
857 5 50
858 31 37
859 9 55
860 42 47
861 12 36
862 10 52
863 43 46
864 8 28
865 7 60
866 17 55
867 37 60
868 11 57
869 41 50
870 18 52
871 24 31
872 14 22
873 10 30
874 25 30
875 26 29
876 14 56
877 1 5
878 13 29
879 14 34
880 20 49
881 51 53
882 47 59
883 4 28
884 28 49
885 2 60
886 26 33
887 52 54
888 5 17
889 20 31
890 53 55
891 33 49
892 23 34
893 6 30
894 21 30
895 4 58
896 28 47
897 17 22
898 7 31
899 22 29
900 5 59
901 31 34
902 35 39
903 9 56
904 18 21
905 16 45
906 6 48
907 23 24
908 7 53
909 13 34
910 18 47
911 42 48
912 14 25
913 38 42
914 15 28
915 13 60
916 48 57
917 1 30
918 15 58
919 13 22
920 14 37
921 20 56
922 1 48
923 51 58
924 4 27
925 26 40
926 22 50
927 5 26
928 20 38
929 46 47
930 27 37
931 6 17
932 21 39
933 4 33
934 28 38
935 7 20
936 32 33
937 29 39
938 35 44
939 36 47
940 8 10
941 7 50
942 11 55
943 35 50
944 9 11
945 18 38
946 16 58
947 42 59
948 12 48
949 43 50
950 8 16
951 17 59
952 13 53
953 39 40
954 11 13
955 44 53
956 12 14
957 45 56
958 13 15
959 50 58
960 3 9
961 1 9
962 19 42
963 2 14
964 46 54
965 20 45
966 53 57
967 27 58
968 6 8
969 21 32
970 4 40
971 47 55
972 7 13
973 5 45
974 29 32
975 9 42
976 33 37
977 6 34
978 5 55
979 11 44
980 9 12
981 16 49
982 36 60
983 10 11
984 17 60
985 13 46
986 9 22
987 18 59
988 24 26
989 48 55
990 45 49
991 25 27
992 49 54
993 50 53
994 3 14
995 27 29
996 1 2
997 15 54
998 4 9
999 28 30
1000 2 9
1001 24 38
1002 46 57
1003 29 31
1004 3 20
1005 27 51
1006 1 36
1007 25 39
1008 47 60
1009 21 41
1010 4 23
1011 28 52
1012 2 35
1013 26 36
1014 7 10
1015 22 38
1016 5 22
1017 3 58
1018 27 41
1019 16 18
1020 23 39
1021 30 38
1022 10 40
1023 8 56
1024 7 32
1025 17 19
1026 5 48
1027 22 24
1028 31 39
1029 9 53
1030 18 24
1031 23 29
1032 42 45
1033 36 59
1034 8 30
1035 17 53
1036 11 59
1037 9 31
1038 18 50
1039 14 20
1040 42 55
1041 10 28
1042 25 28
1043 15 17
1044 11 17
1045 26 27
1046 13 27
1047 19 56
1048 51 55
1049 25 40
1050 21 50
1051 4 30
1052 19 30
1053 2 58
