1 32 54
2 22 57
3 20 25
4 21 28
5 30 41
6 28 41
7 34 52
8 32 44
9 35 41
10 18 19
11 23 26
12 52 68
13 17 46
14 42 62
15 38 40
16 39 45
17 12 17
18 49 58
19 2 27
20 4 5
21 56 58
22 27 39
23 1 40
24 57 59
25 32 35
26 5 34
27 55 56
28 9 39
29 33 34
30 59 61
31 60 62
32 8 12
33 37 44
34 35 52
35 42 57
36 39 42
37 13 51
38 37 54
39 48 50
40 45 54
41 49 51
42 3 11
43 1 15
44 46 52
45 1 33
46 57 60
47 6 14
48 47 49
49 4 42
50 60 70
51 58 59
52 20 21
53 3 55
54 16 29
55 6 32
56 25 70
57 40 42
58 7 37
59 41 43
60 18 31
61 16 51
62 44 46
63 24 28
64 45 47
65 49 52
66 39 57
67 26 30
68 50 51
69 14 53
70 27 31
71 15 48
72 4 11
73 2 7
74 5 10
75 3 22
76 57 69
77 47 62
78 19 27
79 2 33
80 34 65
81 32 49
82 20 28
83 3 60
84 27 43
85 16 20
86 6 27
87 8 58
88 7 34
89 22 30
90 63 65
91 11 39
92 18 22
93 27 65
94 23 31
95 42 43
96 36 37
97 7 56
98 9 29
99 14 26
100 15 19
101 64 67
102 12 20
103 1 25
104 56 70
105 14 38
106 1 51
107 51 57
108 11 70
109 20 27
110 27 32
111 62 70
112 21 26
113 39 64
114 28 43
115 34 50
116 32 46
117 5 39
118 55 61
119 36 44
120 34 44
121 17 44
122 35 49
123 18 43
124 42 60
125 12 53
126 39 47
127 1 18
128 2 25
129 47 69
130 3 4
131 4 7
132 2 51
133 35 67
134 56 60
135 5 6
136 46 51
137 3 42
138 1 46
139 6 21
140 58 62
141 32 37
142 55 58
143 9 37
144 25 67
145 34 39
146 8 14
147 37 42
148 35 54
149 9 15
150 36 49
151 13 49
152 65 69
153 44 49
154 48 52
155 45 52
156 2 16
157 50 54
158 47 66
159 68 69
160 1 13
161 2 10
162 32 70
163 5 15
164 20 41
165 1 39
166 25 34
167 6 12
168 47 51
169 57 66
170 19 20
171 37 66
172 8 47
173 7 9
174 60 64
175 20 23
176 3 57
177 16 31
178 6 38
179 21 22
180 40 44
181 34 62
182 8 53
183 7 39
184 11 32
185 35 63
186 18 29
187 54 70
188 10 55
189 7 61
190 31 64
191 24 30
192 14 17
193 25 31
194 26 28
195 1 6
196 13 30
197 56 65
198 2 5
199 33 65
200 5 8
201 1 56
202 25 43
203 6 7
204 47 56
205 19 29
206 52 53
207 32 51
208 5 18
209 11 67
210 20 30
211 16 22
212 6 25
213 21 31
214 39 69
215 8 60
216 32 41
217 22 28
218 5 60
219 63 67
220 35 36
221 9 57
222 18 20
223 23 25
224 6 51
225 27 67
226 36 39
227 40 57
228 7 58
229 13 35
230 37 38
231 38 53
232 53 67
233 15 29
234 39 48
235 64 69
236 12 22
237 46 68
238 20 63
239 1 49
240 26 43
241 27 34
242 6 16
243 21 24
244 22 23
245 35 45
246 9 34
247 33 45
248 16 35
249 6 42
250 36 46
251 10 57
252 34 42
253 8 9
254 37 47
255 35 51
256 18 41
257 42 58
258 38 44
259 36 52
260 39 41
261 65 66
262 44 52
263 12 13
264 45 57
265 1 16
266 13 16
267 2 23
268 14 47
269 3 6
270 1 10
271 35 69
272 32 65
273 56 62
274 46 49
275 6 11
276 47 52
277 8 42
278 32 39
279 58 60
280 61 65
281 33 38
282 25 65
283 34 37
284 7 40
285 31 63
286 37 40
287 11 45
288 38 39
289 12 46
290 36 51
291 8 22
292 17 61
293 37 50
294 44 51
295 24 25
296 48 54
297 45 50
298 10 20
299 50 52
300 14 54
301 3 15
302 1 3
303 4 8
304 28 29
305 2 8
306 24 37
307 5 13
308 20 43
309 1 37
310 25 32
311 47 61
312 30 31
313 57 64
314 19 22
315 34 66
316 7 11
317 16 17
318 6 36
319 8 55
320 7 33
321 15 66
322 22 27
323 11 34
324 63 68
325 18 27
326 42 44
327 11 56
328 38 48
329 25 29
330 15 22
331 1 4
332 56 67
333 2 3
334 14 35
335 51 52
336 25 41
337 19 31
338 5 16
339 11 69
340 20 24
341 53 54
342 21 29
343 5 58
344 35 38
345 33 42
346 23 27
347 17 47
348 14 30
349 53 65
350 15 31
351 12 16
352 66 69
353 1 55
354 58 64
355 52 62
356 26 41
357 56 57
358 5 25
359 32 34
360 55 57
361 61 70
362 35 47
363 33 35
364 6 40
365 36 40
366 60 61
367 34 40
368 8 11
369 7 45
370 49 64
371 37 45
372 35 53
373 9 10
374 42 56
375 12 49
376 36 54
377 39 43
378 44 54
379 48 49
380 12 15
381 13 14
382 47 65
383 3 8
384 1 8
385 2 15
386 32 67
387 46 55
388 1 34
389 57 61
390 6 9
391 47 54
392 37 69
393 33 36
394 23 41
395 38 67
396 40 41
397 4 55
398 34 35
399 7 42
400 35 58
401 18 30
402 3 69
403 54 67
404 17 51
405 44 45
406 24 27
407 45 48
408 10 18
409 25 26
410 49 53
411 20 70
412 27 28
413 4 10
414 28 31
415 2 6
416 45 65
417 5 11
418 29 30
419 1 59
420 57 70
421 19 24
422 2 32
423 34 64
424 27 40
425 16 19
426 34 58
427 22 25
428 5 63
429 63 70
430 18 25
431 23 28
432 40 54
433 51 68
434 7 57
435 37 57
436 5 64
437 14 21
438 12 61
439 38 54
440 43 57
441 15 16
442 64 66
443 67 68
444 44 66
445 69 70
446 13 26
447 56 69
448 33 69
449 3 28
450 1 60
451 51 54
452 20 26
453 27 33
454 33 54
455 6 29
456 21 27
457 39 65
458 34 53
459 32 45
460 5 56
461 35 40
462 33 40
463 6 55
464 34 47
465 17 45
466 15 25
467 30 67
468 39 44
469 44 57
470 12 18
471 66 67
472 2 24
473 3 5
474 1 53
475 4 6
476 56 59
477 5 7
478 46 50
479 1 47
480 57 58
481 2 44
482 32 36
483 55 59
484 59 60
485 36 42
486 60 63
487 34 38
488 8 13
489 37 43
490 61 62
491 16 61
492 12 51
493 36 48
494 10 15
495 17 56
496 65 70
497 44 48
498 9 18
499 48 51
500 45 53
501 49 50
502 3 10
503 26 62
504 32 69
505 24 34
506 46 53
507 9 69
508 1 32
509 25 35
510 27 63
511 47 48
512 57 67
513 19 21
514 2 39
515 8 46
516 5 42
517 20 22
518 16 30
519 6 33
520 21 23
521 23 43
522 25 69
523 2 65
524 40 43
525 7 36
526 31 59
527 41 42
528 11 33
529 18 28
530 54 65
531 51 65
532 17 49
533 44 47
534 24 29
535 14 16
536 45 46
537 10 16
538 20 64
539 26 31
540 44 69
541 14 58
542 27 30
543 1 7
544 56 64
545 2 4
546 5 9
547 3 25
548 1 57
549 25 36
550 57 68
551 19 26
552 32 50
553 11 64
554 20 29
555 33 51
556 6 24
557 32 40
558 22 31
559 5 61
560 11 38
561 35 37
562 9 58
563 18 23
564 23 30
565 63 64
566 36 38
567 7 59
568 37 39
569 11 60
570 9 28
571 38 52
572 53 68
573 15 18
574 39 49
575 64 68
576 67 70
577 14 61
578 12 21
579 1 24
580 66 70
581 13 24
582 3 30
583 21 25
584 39 67
585 8 34
586 32 47
587 31 41
588 55 60
589 35 42
590 36 45
591 34 45
592 17 35
593 49 67
594 35 48
595 42 61
596 38 47
597 15 27
598 13 55
599 65 67
600 13 17
601 47 68
602 3 7
603 1 11
604 32 64
605 56 61
606 46 48
607 6 10
608 47 53
609 32 38
610 5 47
611 61 66
612 59 62
613 33 39
614 25 66
615 34 36
616 8 15
617 49 68
618 37 41
619 11 42
620 35 57
621 12 45
622 36 50
623 10 13
624 65 68
625 37 51
626 44 50
627 14 15
628 48 53
629 45 51
630 3 12
631 68 70
632 1 12
633 25 63
634 2 11
635 5 14
636 20 42
637 3 18
638 1 38
639 57 65
640 6 13
641 21 43
642 47 50
643 19 23
644 2 37
645 34 69
646 7 8
647 37 65
648 6 39
649 40 45
650 34 63
651 8 54
652 22 26
653 63 69
654 9 55
655 18 26
656 40 51
657 7 60
658 11 57
659 9 25
660 24 31
661 38 51
662 25 30
663 15 23
664 26 29
665 41 67
666 1 5
667 13 29
668 20 49
669 3 27
670 51 53
671 47 59
672 19 28
673 52 54
674 11 66
675 20 31
676 33 49
677 16 23
678 21 30
679 30 43
680 34 54
681 32 42
682 22 29
683 5 59
684 63 66
685 35 39
686 9 56
687 18 21
688 23 24
689 12 35
690 38 42
691 10 25
692 39 51
693 64 70
694 66 68
695 13 22
696 46 47
697 27 37
698 59 69
699 34 49
700 32 33
701 31 43
702 35 44
703 9 33
704 33 44
705 36 47
706 34 43
707 8 10
708 49 65
709 35 50
710 9 11
711 42 59
712 38 45
713 36 53
714 8 16
715 39 40
716 44 53
717 12 14
718 45 56
719 13 15
720 14 44
721 47 70
722 3 9
723 1 9
724 32 66
725 56 63
726 46 54
727 3 47
728 9 64
729 1 35
730 57 62
731 6 8
732 37 70
733 58 61
734 22 47
735 48 66
736 61 64
737 9 42
738 33 37
739 16 27
740 6 34
741 25 64
742 38 66
743 5 55
744 9 12
745 16 49
746 12 47
747 54 66
748 10 11
749 13 46
750 37 49
751 9 22
752 24 26
753 45 49
754 25 27
755 49 54
756 39 63
757 50 53
758 27 29
759 1 2
760 4 9
761 28 30
762 2 9
763 5 12
764 29 31
765 3 20
766 25 39
767 47 60
768 21 41
769 19 25
770 34 67
771 7 10
772 32 63
773 5 22
774 38 69
775 7 32
776 22 24
777 11 37
778 18 24
779 23 29
780 7 62
781 11 59
782 14 20
783 38 49
784 10 28
785 25 28
786 15 17
787 39 52
788 64 65
789 67 69
790 26 27
791 12 26
792 13 27
793 1 61
794 58 70
795 19 30
