1 11 68
2 20 25
3 62 64
4 21 28
5 30 41
6 54 58
7 34 52
8 17 20
9 32 44
10 13 70
11 29 44
12 18 19
13 27 68
14 23 26
15 6 54
16 4 66
17 52 68
18 38 40
19 53 64
20 43 63
21 17 64
22 39 45
23 11 22
24 45 61
25 13 20
26 24 52
27 14 43
28 20 58
29 51 60
30 58 65
31 4 5
32 19 39
33 52 63
34 22 48
35 5 24
36 56 58
37 12 69
38 53 62
39 1 40
40 57 59
41 54 61
42 28 32
43 32 35
44 55 56
45 29 37
46 61 69
47 9 39
48 33 34
49 59 61
50 10 36
51 34 41
52 8 12
53 52 67
54 31 51
55 60 62
56 61 63
57 12 50
58 10 14
59 43 52
60 30 69
61 13 51
62 39 42
63 11 15
64 18 62
65 48 50
66 45 54
67 43 69
68 14 50
69 47 64
70 3 11
71 1 15
72 15 43
73 4 12
74 2 12
75 32 68
76 46 52
77 3 17
78 60 70
79 23 50
80 6 14
81 47 49
82 57 60
83 28 63
84 58 59
85 7 15
86 48 68
87 20 21
88 3 55
89 33 59
90 23 40
91 38 64
92 8 51
93 17 24
94 41 43
95 50 70
96 11 46
97 9 50
98 18 31
99 54 64
100 43 45
101 8 25
102 44 46
103 24 28
104 45 47
105 49 52
106 11 26
107 44 68
108 27 31
109 15 48
110 8 69
111 4 11
112 45 64
113 2 7
114 24 40
115 5 10
116 27 53
117 1 58
118 57 69
119 19 27
120 26 34
121 22 36
122 11 65
123 20 28
124 27 43
125 23 33
126 30 36
127 41 44
128 31 33
129 5 62
130 11 39
131 63 65
132 18 22
133 27 65
134 23 31
135 4 69
136 36 37
137 41 54
138 11 61
139 18 48
140 14 26
141 53 69
142 43 56
143 64 67
144 44 67
145 56 70
146 46 70
147 20 61
148 51 57
149 23 64
150 15 39
151 58 68
152 4 24
153 5 29
154 11 70
155 3 37
156 20 27
157 27 32
158 23 62
159 29 48
160 21 26
161 30 47
162 33 53
163 54 56
164 59 64
165 13 68
166 55 61
167 29 42
168 35 43
169 27 70
170 30 49
171 36 44
172 52 70
173 29 68
174 38 46
175 43 49
176 13 56
177 48 61
178 49 56
179 50 63
180 3 4
181 51 62
182 4 7
183 2 51
184 52 57
185 56 60
186 5 6
187 20 34
188 53 60
189 9 67
190 1 46
191 21 35
192 28 34
193 58 62
194 7 16
195 22 40
196 32 37
197 29 35
198 3 48
199 55 58
200 59 63
201 23 45
202 61 67
203 36 43
204 34 39
205 8 14
206 7 46
207 11 43
208 9 15
209 18 34
210 10 12
211 8 20
212 65 69
213 44 49
214 48 52
215 55 65
216 45 52
217 2 16
218 50 54
219 24 61
220 3 13
221 68 69
222 1 13
223 15 53
224 4 14
225 45 69
226 2 10
227 24 35
228 5 15
229 46 58
230 27 62
231 60 64
232 25 34
233 6 12
234 57 66
235 19 20
236 7 9
237 48 70
238 20 23
239 9 46
240 33 57
241 23 42
242 21 22
243 4 50
244 30 35
245 15 64
246 17 30
247 50 68
248 35 63
249 9 48
250 18 29
251 12 43
252 54 70
253 51 64
254 43 47
255 8 27
256 24 30
257 38 50
258 39 59
259 20 65
260 26 28
261 44 70
262 14 59
263 1 6
264 15 50
265 13 30
266 56 65
267 2 5
268 33 65
269 5 8
270 46 61
271 23 69
272 6 7
273 47 56
274 2 63
275 26 32
276 52 53
277 22 58
278 11 67
279 33 50
280 23 35
281 39 69
282 17 23
283 22 28
284 31 35
285 63 67
286 35 36
287 18 20
288 23 25
289 36 39
290 41 52
291 11 63
292 14 24
293 53 67
294 39 48
295 13 61
296 64 69
297 11 21
298 44 61
299 48 56
300 18 65
301 14 36
302 20 63
303 51 59
304 58 66
305 4 26
306 19 34
307 52 60
308 3 39
309 27 34
310 1 43
311 59 66
312 6 16
313 21 24
314 30 45
315 28 37
316 54 62
317 62 68
318 13 66
319 22 23
320 29 40
321 55 63
322 33 45
323 52 64
324 8 9
325 17 34
326 41 61
327 38 44
328 15 26
329 65 66
330 44 52
331 7 64
332 48 63
333 12 13
334 45 57
335 1 16
336 13 16
337 19 69
338 22 69
339 50 61
340 14 47
341 3 6
342 1 10
343 15 46
344 52 59
345 56 62
346 46 49
347 53 58
348 27 59
349 23 49
350 6 11
351 21 33
352 4 47
353 47 52
354 57 63
355 58 60
356 32 39
357 22 46
358 48 65
359 29 33
360 3 50
361 61 65
362 33 38
363 25 65
364 2 69
365 17 27
366 34 37
367 37 40
368 9 13
369 18 32
370 38 39
371 3 67
372 12 46
373 8 22
374 13 47
375 31 69
376 24 25
377 55 67
378 45 50
379 11 25
380 50 52
381 3 15
382 1 3
383 8 66
384 15 55
385 4 8
386 21 64
387 2 8
388 26 61
389 28 29
390 24 37
391 5 13
392 20 43
393 45 67
394 27 48
395 46 56
396 25 32
397 57 64
398 30 31
399 60 66
400 19 22
401 7 11
402 22 33
403 23 36
404 40 46
405 30 33
406 17 28
407 41 47
408 22 27
409 31 36
410 63 68
411 18 27
412 54 68
413 51 66
414 41 49
415 28 64
416 9 24
417 38 48
418 25 29
419 44 64
420 12 25
421 1 4
422 15 60
423 56 67
424 2 3
425 46 67
426 52 55
427 5 16
428 11 69
429 20 24
430 27 47
431 33 48
432 53 54
433 62 67
434 30 40
435 28 40
436 17 21
437 35 38
438 27 69
439 24 65
440 23 27
441 33 42
442 38 43
443 53 65
444 43 60
445 39 50
446 13 59
447 7 69
448 12 16
449 45 62
450 66 69
451 49 59
452 22 64
453 2 26
454 51 61
455 58 64
456 52 62
457 22 51
458 56 57
459 53 63
460 59 68
461 54 60
462 28 39
463 32 34
464 31 42
465 55 57
466 29 38
467 61 70
468 33 35
469 6 40
470 36 40
471 10 39
472 52 66
473 8 11
474 17 32
475 60 61
476 11 54
477 9 10
478 62 63
479 8 17
480 17 58
481 30 68
482 39 43
483 11 12
484 48 49
485 55 68
486 12 15
487 45 55
488 1 22
489 49 60
490 13 14
491 50 59
492 24 58
493 3 8
494 1 8
495 21 69
496 19 45
497 2 15
498 24 32
499 20 46
500 53 56
501 27 61
502 60 69
503 57 61
504 6 9
505 54 55
506 7 12
507 48 67
508 3 52
509 9 41
510 33 36
511 10 46
512 34 35
513 17 25
514 11 47
515 18 30
516 16 50
517 54 67
518 8 24
519 44 45
520 24 27
521 45 48
522 16 65
523 25 26
524 20 70
525 27 28
526 4 10
527 2 6
528 5 11
529 20 53
530 29 30
531 46 62
532 57 70
533 21 40
534 4 16
535 19 24
536 26 37
537 32 48
538 14 64
539 3 61
540 33 61
541 23 38
542 6 26
543 30 39
544 17 18
545 41 45
546 22 25
547 50 64
548 11 36
549 63 70
550 18 25
551 23 28
552 6 60
553 51 68
554 17 52
555 53 70
556 43 57
557 15 16
558 64 66
559 67 68
560 11 16
561 1 26
562 69 70
563 13 26
564 56 69
565 24 46
566 33 69
567 10 65
568 23 65
569 51 54
570 19 33
571 20 26
572 62 65
573 27 33
574 59 65
575 21 27
576 4 37
577 39 65
578 54 59
579 7 24
580 13 69
581 32 45
582 29 43
583 35 40
584 30 48
585 52 69
586 41 56
587 38 41
588 43 62
589 44 57
590 48 60
591 45 60
592 66 67
593 49 57
594 19 64
595 50 62
596 14 40
597 20 59
598 3 5
599 51 63
600 15 45
601 4 6
602 52 56
603 56 59
604 5 7
605 20 33
606 12 70
607 27 38
608 1 47
609 46 50
610 53 61
611 57 58
612 59 70
613 28 33
614 32 36
615 22 43
616 55 59
617 29 36
618 61 68
619 59 60
620 16 39
621 60 63
622 34 38
623 8 13
624 17 38
625 49 70
626 61 62
627 26 64
628 10 15
629 13 50
630 65 70
631 11 14
632 44 48
633 55 70
634 38 58
635 45 53
636 1 20
637 49 50
638 43 68
639 50 57
640 47 67
641 3 10
642 1 14
643 4 13
644 45 70
645 2 13
646 24 34
647 20 40
648 3 16
649 27 63
650 25 35
651 6 15
652 47 48
653 4 43
654 19 21
655 57 67
656 8 46
657 7 14
658 22 34
659 48 69
660 20 22
661 9 47
662 33 58
663 23 43
664 25 69
665 21 23
666 30 34
667 38 65
668 2 65
669 17 31
670 9 49
671 18 28
672 54 65
673 51 65
674 43 44
675 8 26
676 13 43
677 28 69
678 44 47
679 5 69
680 14 16
681 38 61
682 45 46
683 10 16
684 39 56
685 20 64
686 27 30
687 1 7
688 8 70
689 56 64
690 2 4
691 33 66
692 5 9
693 57 68
694 19 26
695 5 19
696 11 64
697 27 42
698 33 51
699 23 32
700 8 59
701 32 40
702 22 31
703 31 32
704 63 64
705 35 37
706 18 23
707 27 64
708 23 30
709 51 70
710 41 53
711 37 39
712 38 52
713 53 68
714 67 70
715 39 49
716 13 62
717 64 68
718 41 70
719 18 64
720 1 24
721 66 70
722 15 56
723 13 24
724 1 50
725 51 56
726 58 69
727 19 35
728 27 35
729 33 52
730 23 57
731 59 67
732 21 25
733 30 44
734 54 57
735 63 66
736 7 26
737 13 67
738 31 41
739 32 47
740 35 42
741 55 60
742 24 69
743 6 53
744 36 45
745 49 67
746 41 62
747 11 53
748 35 48
749 16 56
750 38 47
751 43 48
752 17 69
753 65 67
754 62 70
755 44 59
756 48 62
757 1 17
758 22 68
759 43 65
760 14 46
761 3 7
762 1 11
763 15 47
764 56 61
765 46 48
766 3 45
767 12 64
768 53 59
769 6 10
770 21 34
771 4 46
772 28 35
773 58 63
774 32 38
775 29 34
776 61 66
777 59 62
778 33 39
779 23 44
780 2 68
781 8 15
782 34 36
783 9 14
784 18 35
785 10 13
786 65 68
787 44 50
788 9 16
789 18 61
790 14 15
791 55 64
792 39 61
793 43 70
794 50 55
795 24 62
796 3 12
797 68 70
798 1 12
799 25 63
800 8 65
801 4 15
802 2 11
803 5 14
804 27 49
805 1 38
806 25 33
807 6 13
808 47 50
809 57 65
810 19 23
811 60 65
812 26 38
813 7 8
814 22 32
815 3 56
816 23 37
817 30 32
818 15 67
819 50 69
820 22 26
821 63 69
822 18 26
823 42 47
824 51 67
825 43 46
826 41 50
827 18 52
828 14 22
829 25 30
830 20 66
831 26 29
832 14 56
833 1 5
834 15 61
835 56 66
836 51 53
837 19 28
838 52 54
839 11 66
840 53 55
841 62 66
842 33 49
843 23 34
844 21 30
845 30 43
846 39 68
847 17 22
848 22 29
849 5 59
850 31 34
851 35 39
852 9 56
853 18 21
854 23 24
855 24 64
856 33 43
857 4 64
858 40 58
859 17 40
860 11 62
861 42 48
862 40 64
863 53 66
864 43 61
865 64 70
866 11 20
867 44 62
868 41 68
869 48 57
870 45 63
871 66 68
872 14 37
873 46 69
874 1 48
875 51 58
876 58 67
877 52 61
878 26 40
879 46 47
880 20 38
881 3 38
882 59 69
883 62 69
884 54 63
885 28 38
886 34 49
887 32 33
888 55 62
889 29 39
890 36 47
891 10 38
892 52 65
893 8 10
894 7 50
895 17 33
896 49 65
897 11 55
898 26 69
899 9 11
900 18 38
901 38 45
902 43 50
903 8 16
904 39 40
905 13 53
906 11 13
907 44 53
908 55 69
909 12 14
910 45 56
911 49 61
912 13 15
913 43 67
914 24 57
915 47 70
916 3 9
917 1 9
918 25 52
919 2 14
920 56 63
921 53 57
922 27 58
923 60 68
924 23 48
925 6 8
926 21 32
927 57 62
928 8 43
929 7 13
930 22 47
931 5 45
932 29 32
933 3 53
934 58 61
935 61 64
936 23 46
937 25 64
938 17 26
939 7 43
940 9 12
941 18 33
942 16 49
943 54 66
944 10 11
945 13 46
946 24 26
947 55 66
948 38 62
949 45 49
950 25 27
951 39 63
952 11 24
953 20 69
954 50 53
955 3 14
956 27 29
957 1 2
958 8 67
959 15 54
960 4 9
961 28 30
962 2 9
963 26 58
964 24 38
965 5 12
966 20 52
967 29 31
968 27 51
969 1 36
970 46 57
971 60 67
972 19 25
973 28 52
974 7 10
975 22 38
976 23 39
977 6 37
978 30 38
979 38 69
980 10 40
981 34 61
982 17 19
983 40 47
984 22 24
985 41 46
986 11 37
987 50 67
988 18 24
989 23 29
990 54 69
991 51 69
992 41 48
993 11 59
994 14 20
995 25 28
996 67 69
997 39 52
998 64 65
999 26 27
1000 41 65
1001 44 65
1002 12 26
1003 13 27
1004 56 68
1005 33 70
1006 46 64
1007 20 51
1008 51 55
1009 25 40
1010 58 70
1011 2 58
