1 32 54
2 21 28
3 4 36
4 7 25
5 29 44
6 1 64
7 15 30
8 17 64
9 13 20
10 20 58
11 53 62
12 57 59
13 4 35
14 8 38
15 7 22
16 33 34
17 16 38
18 61 63
19 12 50
20 17 57
21 3 11
22 25 58
23 32 68
24 1 33
25 57 60
26 7 15
27 29 62
28 33 59
29 16 29
30 2 64
31 41 43
32 5 53
33 17 50
34 24 28
35 5 70
36 45 47
37 10 19
38 8 69
39 33 67
40 1 58
41 57 69
42 21 55
43 4 17
44 26 34
45 29 55
46 33 60
47 16 20
48 41 44
49 22 30
50 5 62
51 9 59
52 27 65
53 12 32
54 17 43
55 10 26
56 13 63
57 1 51
58 58 68
59 4 24
60 33 53
61 36 70
62 54 56
63 9 60
64 27 70
65 52 70
66 30 64
67 13 56
68 50 63
69 1 52
70 21 57
71 4 7
72 58 62
73 5 32
74 61 67
75 30 56
76 6 65
77 10 12
78 18 60
79 55 65
80 50 54
81 1 13
82 21 66
83 4 14
84 26 63
85 19 20
86 2 36
87 22 35
88 30 35
89 34 62
90 15 64
91 17 30
92 42 46
93 6 56
94 10 55
95 31 64
96 18 55
97 25 31
98 11 28
99 18 70
100 1 6
101 19 29
102 2 63
103 22 58
104 5 18
105 34 57
106 17 23
107 23 25
108 10 62
109 13 35
110 64 69
111 11 21
112 18 65
113 1 31
114 22 66
115 51 59
116 15 33
117 19 34
118 2 54
119 22 61
120 5 27
121 62 68
122 27 34
123 55 63
124 24 70
125 10 57
126 31 54
127 38 44
128 65 66
129 1 16
130 22 69
131 43 64
132 3 50
133 25 65
134 10 32
135 35 56
136 18 32
137 38 39
138 3 67
139 8 22
140 15 55
141 2 8
142 5 13
143 30 31
144 34 66
145 23 36
146 6 36
147 50 66
148 31 36
149 18 27
150 8 29
151 28 64
152 14 23
153 12 25
154 15 60
155 56 67
156 19 57
157 2 3
158 10 67
159 52 55
160 20 24
161 3 32
162 23 61
163 6 31
164 4 65
165 7 52
166 14 30
167 53 65
168 12 16
169 19 62
170 2 26
171 24 51
172 52 62
173 56 57
174 59 68
175 23 58
176 6 22
177 32 34
178 13 64
179 60 61
180 8 11
181 29 64
182 16 59
183 36 54
184 39 43
185 7 66
186 48 49
187 12 15
188 2 21
189 24 58
190 60 69
191 6 9
192 28 62
193 32 57
194 40 41
195 4 55
196 8 50
197 36 61
198 54 67
199 44 45
200 9 21
201 16 65
202 20 70
203 27 28
204 20 53
205 3 23
206 28 53
207 4 62
208 8 57
209 7 35
210 63 70
211 9 30
212 12 61
213 15 16
214 20 60
215 3 28
216 23 65
217 32 55
218 21 27
219 8 32
220 7 24
221 29 43
222 16 32
223 12 52
224 15 25
225 45 60
226 66 67
227 13 19
228 3 5
229 53 61
230 57 58
231 21 36
232 7 17
233 29 36
234 2 70
235 61 62
236 17 56
237 3 10
238 25 57
239 32 69
240 1 32
241 57 67
242 7 14
243 48 69
244 29 61
245 33 58
246 16 30
247 2 65
248 41 42
249 5 52
250 9 49
251 51 65
252 24 29
253 5 69
254 45 46
255 10 16
256 8 70
257 33 66
258 1 57
259 57 68
260 4 18
261 26 35
262 29 54
263 16 21
264 22 31
265 5 61
266 27 64
267 12 33
268 51 70
269 37 39
270 10 27
271 67 70
272 13 62
273 1 50
274 58 69
275 21 63
276 4 25
277 33 52
278 54 57
279 9 35
280 17 35
281 30 65
282 13 55
283 50 60
284 1 11
285 21 56
286 46 48
287 12 64
288 58 63
289 61 66
290 9 36
291 30 57
292 34 36
293 17 36
294 37 41
295 6 70
296 10 13
297 18 61
298 55 64
299 50 55
300 1 12
301 21 65
302 4 15
303 19 23
304 22 32
305 30 32
306 15 67
307 17 29
308 42 47
309 6 57
310 10 52
311 31 67
312 18 52
313 25 30
314 11 31
315 1 5
316 51 53
317 19 28
318 2 60
319 22 59
320 5 17
321 62 66
322 17 22
323 24 64
324 23 24
325 6 48
326 10 63
327 13 34
328 38 42
329 43 61
330 64 70
331 1 30
332 22 67
333 46 69
334 51 58
335 15 32
336 2 55
337 22 50
338 5 26
339 62 69
340 55 62
341 6 43
342 49 65
343 35 50
344 38 45
345 43 50
346 8 16
347 1 23
348 43 67
349 2 14
350 22 53
351 27 58
352 3 53
353 25 64
354 6 34
355 10 33
356 31 62
357 18 33
358 3 66
359 8 23
360 15 54
361 2 9
362 5 12
363 27 51
364 34 67
365 3 58
366 50 67
367 18 24
368 8 30
369 7 62
370 28 65
371 14 20
372 26 27
373 56 68
374 19 56
375 10 64
376 20 25
377 3 35
378 23 60
379 6 28
380 13 70
381 18 19
382 4 66
383 7 55
384 29 70
385 14 31
386 53 64
387 39 45
388 48 59
389 12 17
390 19 65
391 2 27
392 24 52
393 52 63
394 35 65
395 56 58
396 20 32
397 23 53
398 6 23
399 28 32
400 32 35
401 60 62
402 8 12
403 16 60
404 36 55
405 39 42
406 9 19
407 19 70
408 2 18
409 24 59
410 35 70
411 3 17
412 60 70
413 23 50
414 6 14
415 28 63
416 32 58
417 40 42
418 36 62
419 54 64
420 44 46
421 9 20
422 27 31
423 3 22
424 28 54
425 4 63
426 8 58
427 7 34
428 63 65
429 16 42
430 12 62
431 15 19
432 13 25
433 20 61
434 3 31
435 23 64
436 21 26
437 8 33
438 7 27
439 16 33
440 1 70
441 12 53
442 15 24
443 17 70
444 13 18
445 3 4
446 25 55
447 53 60
448 21 35
449 7 16
450 29 35
451 16 24
452 9 15
453 17 63
454 45 52
455 10 22
456 3 13
457 25 56
458 8 64
459 32 70
460 57 66
461 4 20
462 7 9
463 29 60
464 33 57
465 16 31
466 5 51
467 12 43
468 51 64
469 24 30
470 10 17
471 33 65
472 1 56
473 21 53
474 4 19
475 26 32
476 29 53
477 33 50
478 16 22
479 22 28
480 5 60
481 27 67
482 12 34
483 37 38
484 10 24
485 13 61
486 14 36
487 58 66
488 21 62
489 4 26
490 36 64
491 54 62
492 22 23
493 9 34
494 30 55
495 52 64
496 17 34
497 37 47
498 30 70
499 13 54
500 50 61
501 1 10
502 46 49
503 12 65
504 58 60
505 61 65
506 30 62
507 17 27
508 37 40
509 55 67
510 50 52
511 1 3
512 21 64
513 4 8
514 19 22
515 2 34
516 22 33
517 5 23
518 30 33
519 34 60
520 15 66
521 17 28
522 42 44
523 6 62
524 10 53
525 31 66
526 38 48
527 25 29
528 11 30
529 1 4
530 51 52
531 19 31
532 2 61
533 22 56
534 5 16
535 62 67
536 34 55
537 17 21
538 24 65
539 23 27
540 10 60
541 13 33
542 38 43
543 43 60
544 11 23
545 1 29
546 22 64
547 51 61
548 15 35
549 19 36
550 2 52
551 5 25
552 27 36
553 55 57
554 35 53
555 43 53
556 8 17
557 11 12
558 1 22
559 43 66
560 2 15
561 24 32
562 27 61
563 3 52
564 6 35
565 31 57
566 35 58
567 18 30
568 8 24
569 14 18
570 12 28
571 19 50
572 2 6
573 5 11
574 27 50
575 10 70
576 34 64
577 3 61
578 50 64
579 31 38
580 8 31
581 7 57
582 28 66
583 14 21
584 53 70
585 12 27
586 69 70
587 15 62
588 56 69
589 10 65
590 20 26
591 3 34
592 59 65
593 23 63
594 4 67
595 29 69
596 14 28
597 39 44
598 48 60
599 12 18
600 19 64
601 2 24
602 24 53
603 52 56
604 35 64
605 56 59
606 20 33
607 59 70
608 6 20
609 28 33
610 32 36
611 60 63
612 8 13
613 44 48
614 9 18
615 2 19
616 24 60
617 3 16
618 25 35
619 6 15
620 28 56
621 40 43
622 21 23
623 8 52
624 7 36
625 36 63
626 54 65
627 44 47
628 9 27
629 15 21
630 20 64
631 27 30
632 13 31
633 20 55
634 3 25
635 25 36
636 28 55
637 32 50
638 14 70
639 4 56
640 7 29
641 63 64
642 11 38
643 9 28
644 12 63
645 15 18
646 66 70
647 13 24
648 20 62
649 3 30
650 23 67
651 21 25
652 8 34
653 16 34
654 1 69
655 12 54
656 15 27
657 17 69
658 13 17
659 3 7
660 32 64
661 53 59
662 21 34
663 7 19
664 29 34
665 16 25
666 9 14
667 17 62
668 10 23
669 3 12
670 8 65
671 57 65
672 4 21
673 7 8
674 29 59
675 33 56
676 5 50
677 9 55
678 12 36
679 51 67
680 17 55
681 24 31
682 5 67
683 10 30
684 33 64
685 14 34
686 1 63
687 4 28
688 29 52
689 16 23
690 22 29
691 27 66
692 9 56
693 12 35
694 42 48
695 10 25
696 13 60
697 58 67
698 21 61
699 4 27
700 26 40
701 46 47
702 36 65
703 54 63
704 5 36
705 30 52
706 52 65
707 17 33
708 37 46
709 13 53
710 55 69
711 50 58
712 1 9
713 21 70
714 12 66
715 58 61
716 61 64
717 9 42
718 17 26
719 10 11
720 55 66
721 25 27
722 50 53
723 1 2
724 4 9
725 29 31
726 19 25
727 2 35
728 22 38
729 5 22
730 34 61
731 17 19
732 42 45
733 23 29
734 10 50
735 18 50
736 38 49
737 25 28
738 64 65
739 11 17
740 18 69
741 1 27
742 51 55
743 19 30
744 2 58
745 22 57
746 5 31
747 62 64
748 34 52
749 17 20
750 24 66
751 23 26
752 6 54
753 10 61
754 13 32
755 38 40
756 11 22
757 1 28
758 22 65
759 51 60
760 15 34
761 2 53
762 5 24
763 55 56
764 59 61
765 10 36
766 35 52
767 18 36
768 8 18
769 1 21
770 2 12
771 24 33
772 9 70
773 27 60
774 47 49
775 34 70
776 20 21
777 3 55
778 25 70
779 6 32
780 50 70
781 31 56
782 35 61
783 18 31
784 40 48
785 43 45
786 8 25
787 14 19
788 26 30
789 12 29
790 19 53
791 2 7
792 5 10
793 27 53
794 34 65
795 20 28
796 3 60
797 23 33
798 6 27
799 50 65
800 31 33
801 18 22
802 4 69
803 7 56
804 28 67
805 14 26
806 53 69
807 12 20
808 15 57
809 56 70
810 19 58
811 2 30
812 20 27
813 59 64
814 23 62
815 6 18
816 13 68
817 29 68
818 14 29
819 39 47
820 7 70
821 12 19
822 19 67
823 2 25
824 24 54
825 52 57
826 35 67
827 56 60
828 20 34
829 23 55
830 6 21
831 28 34
832 8 14
833 16 62
834 44 49
835 9 17
836 2 16
837 24 61
838 3 19
839 60 64
840 25 34
841 6 12
842 28 57
843 32 60
844 40 44
845 21 22
846 4 50
847 8 53
848 11 32
849 16 53
850 36 56
851 54 70
852 9 26
853 15 20
854 20 65
855 13 30
856 3 24
857 23 69
858 6 7
859 32 51
860 21 31
861 4 57
862 8 60
863 7 28
864 63 67
865 1 67
866 12 56
867 15 29
868 17 67
869 13 23
870 20 63
871 23 66
872 1 43
873 21 24
874 4 32
875 8 35
876 7 21
877 16 35
878 1 68
879 12 55
880 17 68
881 45 57
882 13 16
883 3 6
884 25 53
885 32 65
886 53 58
887 57 63
888 21 33
889 7 18
890 48 65
891 29 33
892 16 26
893 2 69
894 17 61
895 24 25
896 45 50
897 10 20
898 3 15
899 25 62
900 8 66
901 45 67
902 28 29
903 57 64
904 4 22
905 7 11
906 29 58
907 16 17
908 41 47
909 22 27
910 9 54
911 51 66
912 17 54
913 5 66
914 10 31
915 14 35
916 1 62
917 4 29
918 26 46
919 5 58
920 9 63
921 27 69
922 30 50
923 13 59
924 1 55
925 58 64
926 21 60
927 36 66
928 54 60
929 5 35
930 61 70
931 9 32
932 30 53
933 52 66
934 17 32
935 37 45
936 6 66
937 62 63
938 13 52
939 55 68
940 50 59
941 1 8
942 21 69
943 12 67
944 54 55
945 30 60
946 34 35
947 17 25
948 6 69
949 18 56
950 25 26
951 14 52
952 4 10
953 29 30
954 19 24
955 2 32
956 5 21
957 34 58
958 17 18
959 23 28
960 6 60
961 38 54
962 43 57
963 64 66
964 11 16
965 14 63
966 18 66
967 51 54
968 15 36
969 19 33
970 22 62
971 5 30
972 62 65
973 27 33
974 34 53
975 24 67
976 10 58
977 31 53
978 38 41
979 43 62
980 1 19
981 22 70
982 51 63
983 15 45
984 2 50
985 5 7
986 55 59
987 59 60
988 6 46
989 31 50
990 35 55
991 43 55
992 8 19
993 65 70
994 11 14
995 1 20
996 15 42
997 2 13
998 24 34
999 9 69
1000 47 48
1001 20 22
1002 3 54
1003 31 59
1004 35 60
1005 18 28
1006 40 49
1007 43 44
1008 8 26
1009 28 69
1010 14 16
1011 26 31
1012 12 30
1013 15 51
1014 56 64
1015 19 52
1016 2 4
1017 5 9
1018 20 29
1019 23 32
1020 6 24
1021 31 32
1022 18 23
1023 4 70
1024 14 27
1025 53 68
1026 39 49
1027 12 21
1028 15 56
1029 19 61
1030 2 31
1031 20 36
1032 3 36
1033 59 67
1034 23 57
1035 6 19
1036 28 36
1037 13 67
1038 29 67
1039 39 46
1040 7 65
1041 19 66
1042 2 22
1043 24 55
1044 52 58
1045 35 66
1046 56 61
1047 20 35
1048 6 10
1049 28 35
1050 4 52
1051 8 15
1052 16 63
1053 36 50
1054 9 16
1055 2 17
1056 24 62
1057 3 18
1058 60 65
1059 25 33
1060 6 13
1061 28 58
1062 32 61
1063 40 45
1064 4 51
1065 8 54
1066 63 69
1067 11 35
1068 16 54
1069 36 57
1070 9 25
1071 16 69
1072 15 23
1073 20 66
1074 13 29
1075 3 27
1076 32 52
1077 53 55
1078 21 30
1079 4 58
1080 8 61
1081 7 31
1082 63 66
1083 1 66
1084 41 59
1085 12 57
1086 15 28
1087 17 66
1088 66 68
1089 13 22
1090 20 56
1091 4 33
1092 8 36
1093 7 20
1094 16 36
1095 26 69
1096 9 11
1097 42 69
1098 13 15
1099 3 9
1100 25 52
1101 32 66
1102 53 57
1103 1 35
1104 57 62
1105 21 32
1106 7 13
1107 29 32
1108 16 27
1109 2 66
1110 5 55
1111 9 12
1112 17 60
1113 37 49
1114 24 26
1115 45 49
1116 10 21
1117 49 54
1118 3 14
1119 25 61
1120 8 67
1121 28 30
1122 1 36
1123 4 23
1124 26 36
1125 7 10
1126 29 57
1127 33 62
1128 16 18
1129 41 46
1130 22 24
1131 9 53
1132 51 69
1133 17 53
1134 5 65
1135 10 28
1136 67 69
1137 33 70
1138 14 32
1139 1 61
1140 58 70
1141 21 50
1142 4 30
1143 26 47
1144 29 50
1145 33 55
1146 54 58
1147 5 57
1148 9 62
1149 30 51
1150 52 68
1151 30 66
1152 13 58
1153 14 43
1154 1 54
1155 58 65
1156 21 59
1157 4 5
1158 12 69
1159 36 67
1160 54 61
1161 22 42
1162 5 34
1163 61 69
1164 30 58
1165 52 67
1166 37 44
1167 6 67
1168 10 14
1169 13 51
1170 50 56
1171 14 50
1172 1 15
1173 4 12
1174 26 49
1175 58 59
1176 30 61
1177 15 70
1178 17 24
1179 6 58
1180 31 70
1181 50 51
1182 4 11
1183 19 27
1184 2 33
1185 22 36
1186 5 20
1187 30 36
1188 42 43
1189 23 31
1190 6 61
1191 43 56
1192 64 67
1193 11 19
1194 18 67
1195 1 25
1196 51 57
1197 19 32
1198 2 56
1199 5 29
1200 62 70
1201 27 32
1202 34 50
1203 55 61
1204 24 68
1205 6 52
1206 31 52
1207 18 43
1208 38 46
1209 1 18
1210 51 62
1211 22 54
1212 5 6
1213 27 57
1214 55 58
1215 59 63
1216 25 67
1217 10 34
1218 49 69
1219 31 61
1220 18 34
1221 3 65
1222 8 20
1223 65 69
1224 68 69
1225 15 53
1226 2 10
1227 24 35
1228 5 15
1229 27 62
1230 20 23
1231 3 57
1232 50 68
1233 31 58
1234 35 63
1235 18 29
1236 3 70
1237 43 47
1238 8 27
1239 7 61
1240 28 70
1241 14 17
1242 26 28
1243 12 31
1244 15 50
1245 56 65
1246 19 55
1247 2 5
1248 5 8
1249 27 55
1250 10 69
1251 52 53
1252 20 30
1253 3 62
1254 23 35
1255 6 25
1256 31 35
1257 35 36
1258 18 20
1259 7 58
1260 14 24
1261 53 67
1262 39 48
1263 12 22
1264 19 60
1265 2 28
1266 24 49
1267 52 60
1268 59 66
1269 23 56
1270 6 16
1271 13 66
1272 8 9
1273 29 66
1274 36 52
1275 39 41
1276 7 64
1277 12 13
1278 2 23
1279 24 56
1280 52 59
1281 35 69
1282 56 62
1283 6 11
1284 28 60
1285 4 53
1286 9 23
1287 24 63
1288 3 21
1289 60 66
1290 25 32
1291 28 59
1292 32 62
1293 14 66
1294 40 46
1295 4 60
1296 8 55
1297 7 33
1298 63 68
1299 11 34
1300 16 55
1301 36 58
1302 54 68
1303 41 49
1304 15 22
1305 20 67
1306 13 28
1307 20 50
1308 28 50
1309 32 53
1310 14 69
1311 53 54
1312 21 29
1313 8 62
1314 7 30
1315 1 65
1316 12 58
1317 15 31
1318 17 65
1319 66 69
1320 49 59
1321 13 21
1322 20 57
1323 25 50
1324 53 63
1325 4 34
1326 7 23
1327 33 35
1328 26 66
1329 9 10
1330 17 58
1331 3 8
1332 32 67
1333 53 56
1334 1 34
1335 57 61
1336 7 12
1337 29 63
1338 33 36
1339 16 28
1340 2 67
1341 9 51
1342 17 51
1343 37 48
1344 24 27
1345 45 48
1346 10 18
1347 49 53
1348 25 60
1349 28 31
1350 1 59
1351 57 70
1352 4 16
1353 26 37
1354 29 56
1355 33 61
1356 16 19
1357 41 45
1358 22 25
1359 51 68
1360 17 52
1361 42 52
1362 5 64
1363 10 29
1364 67 68
1365 14 33
1366 1 60
1367 4 31
1368 33 54
1369 36 69
1370 54 59
1371 5 56
1372 9 61
1373 52 69
1374 30 67
1375 13 57
1376 50 62
1377 1 53
1378 21 58
1379 4 6
1380 12 70
1381 5 33
1382 61 68
1383 9 38
1384 6 64
1385 10 15
1386 13 50
1387 55 70
1388 50 57
1389 14 51
1390 1 14
1391 21 67
1392 4 13
1393 19 21
1394 22 34
1395 30 34
1396 15 65
1397 17 31
1398 10 54
1399 13 43
1400 31 65
1401 11 29
1402 1 7
1403 19 26
1404 2 62
1405 5 19
1406 34 56
1407 23 30
1408 6 50
1409 10 49
1410 13 36
1411 64 68
1412 11 18
1413 14 61
1414 51 56
1415 15 38
1416 19 35
1417 2 57
1418 22 60
1419 5 28
1420 27 35
1421 55 60
1422 24 69
1423 10 56
1424 49 67
1425 31 55
1426 38 47
1427 43 48
1428 65 67
1429 1 17
1430 43 65
1431 22 55
1432 9 66
1433 27 56
1434 3 51
1435 59 62
1436 25 66
1437 6 44
1438 10 35
1439 31 60
1440 35 57
1441 18 35
1442 3 64
1443 8 21
1444 65 68
1445 14 15
1446 68 70
1447 15 52
1448 2 11
1449 24 36
1450 5 14
1451 3 56
1452 50 69
1453 35 62
1454 43 46
1455 8 28
1456 7 60
1457 14 22
1458 26 29
1459 12 24
1460 15 61
1461 56 66
1462 24 43
1463 10 66
1464 52 54
1465 20 31
1466 3 33
1467 23 34
1468 6 30
1469 31 34
1470 18 21
1471 4 64
1472 7 53
1473 14 25
1474 53 66
1475 12 23
1476 15 58
1477 2 29
1478 24 50
1479 52 61
1480 59 69
1481 23 59
1482 6 17
1483 32 33
1484 13 65
1485 8 10
1486 7 50
1487 29 65
1488 36 53
1489 39 40
1490 7 67
1491 12 14
1492 2 20
1493 24 57
1494 56 63
1495 60 68
1496 6 8
1497 28 61
1498 32 56
1499 4 54
1500 36 60
1501 54 66
1502 9 22
1503 20 69
1504 27 29
1505 20 52
1506 3 20
1507 60 67
1508 28 52
1509 32 63
1510 38 69
1511 40 47
1512 4 61
1513 8 56
1514 7 32
1515 54 69
1516 41 48
1517 9 31
1518 12 60
1519 15 17
1520 13 27
1521 3 29
1522 23 70
