1 26 47
2 22 57
3 29 50
4 12 78
5 62 64
6 21 28
7 54 58
8 8 63
9 17 20
10 13 70
11 31 44
12 18 19
13 24 66
14 16 47
15 23 26
16 40 60
17 4 66
18 75 78
19 2 78
20 17 46
21 34 46
22 13 32
23 52 68
24 18 45
25 40 66
26 39 45
27 45 61
28 67 80
29 56 75
30 24 52
31 20 58
32 25 49
33 4 5
34 19 39
35 56 58
36 3 40
37 59 71
38 1 40
39 21 37
40 32 35
41 55 56
42 35 46
43 59 61
44 24 73
45 33 34
46 6 41
47 30 58
48 38 73
49 60 62
50 31 51
51 11 41
52 35 52
53 18 36
54 42 57
55 61 63
56 12 50
57 53 73
58 10 14
59 17 57
60 65 71
61 11 15
62 9 19
63 48 50
64 49 51
65 43 69
66 3 11
67 1 15
68 15 43
69 58 72
70 20 47
71 3 17
72 23 50
73 6 14
74 47 49
75 4 42
76 28 63
77 8 45
78 11 72
79 20 21
80 9 40
81 23 40
82 40 42
83 72 74
84 52 74
85 8 51
86 7 37
87 15 70
88 17 24
89 11 46
90 35 61
91 41 43
92 72 80
93 12 41
94 17 50
95 13 44
96 76 78
97 18 57
98 24 28
99 45 47
100 39 57
101 19 79
102 26 30
103 44 68
104 50 51
105 12 29
106 2 7
107 24 40
108 5 10
109 70 72
110 10 71
111 25 37
112 22 36
113 20 28
114 29 55
115 27 43
116 41 44
117 13 75
118 22 30
119 31 33
120 63 65
121 18 22
122 27 65
123 16 42
124 23 31
125 42 43
126 36 37
127 74 75
128 28 67
129 67 71
130 64 67
131 20 78
132 68 73
133 66 73
134 56 70
135 24 47
136 20 61
137 51 57
138 19 32
139 14 72
140 3 37
141 59 64
142 33 53
143 54 56
144 31 46
145 33 47
146 73 80
147 36 44
148 52 70
149 31 52
150 35 49
151 42 60
152 6 78
153 38 46
154 40 68
155 39 47
156 41 72
157 55 72
158 45 59
159 69 78
160 19 67
161 43 78
162 14 41
163 3 4
164 71 72
165 4 7
166 19 41
167 52 57
168 5 6
169 46 51
170 3 42
171 62 73
172 23 55
173 32 37
174 55 58
175 61 67
176 59 63
177 23 45
178 25 67
179 36 43
180 34 39
181 17 37
182 9 15
183 18 34
184 16 62
185 12 44
186 54 79
187 10 12
188 13 49
189 9 17
190 48 52
191 2 16
192 24 61
193 3 13
194 68 69
195 1 13
196 21 66
197 5 15
198 46 58
199 60 64
200 6 12
201 47 51
202 19 20
203 20 23
204 9 46
205 40 44
206 21 22
207 4 50
208 72 76
209 17 30
210 31 58
211 27 74
212 74 78
213 40 50
214 12 43
215 13 42
216 24 30
217 42 72
218 38 50
219 26 28
220 68 76
221 1 6
222 2 5
223 5 8
224 20 48
225 3 24
226 70 78
227 6 7
228 2 63
229 52 53
230 20 30
231 33 50
232 16 22
233 73 75
234 4 57
235 28 46
236 34 57
237 8 60
238 17 23
239 22 28
240 5 60
241 29 47
242 31 35
243 9 57
244 18 20
245 35 36
246 63 67
247 75 77
248 36 39
249 51 73
250 37 38
251 29 73
252 18 46
253 77 79
254 67 73
255 39 48
256 65 73
257 44 61
258 68 75
259 66 71
260 56 72
261 19 60
262 43 75
263 24 49
264 20 63
265 71 77
266 23 66
267 22 61
268 5 27
269 20 37
270 59 66
271 6 16
272 21 24
273 30 45
274 34 48
275 22 23
276 35 45
277 33 45
278 6 42
279 30 55
280 35 51
281 18 41
282 36 52
283 67 78
284 65 66
285 41 78
286 42 68
287 12 13
288 45 57
289 1 16
290 69 76
291 56 79
292 19 69
293 41 80
294 3 6
295 71 74
296 19 43
297 26 50
298 22 52
299 46 49
300 53 58
301 27 59
302 6 11
303 28 60
304 2 43
305 8 42
306 32 39
307 22 46
308 61 65
309 3 50
310 9 43
311 33 38
312 16 26
313 34 37
314 15 69
315 7 40
316 9 13
317 38 39
318 36 51
319 17 61
320 30 73
321 13 47
322 28 73
323 37 50
324 9 23
325 24 25
326 38 57
327 45 50
328 49 55
329 64 73
330 50 52
331 24 63
332 3 15
333 68 71
334 1 3
335 8 66
336 4 8
337 28 29
338 2 8
339 24 37
340 60 66
341 23 78
342 19 22
343 28 59
344 29 58
345 9 44
346 16 17
347 23 36
348 4 60
349 10 43
350 17 28
351 13 78
352 31 36
353 42 44
354 74 76
355 13 40
356 9 24
357 38 48
358 10 31
359 25 29
360 66 80
361 20 67
362 68 78
363 1 4
364 15 60
365 22 73
366 2 3
367 24 44
368 20 50
369 70 76
370 25 41
371 57 73
372 21 51
373 28 50
374 52 55
375 26 46
376 32 53
377 14 69
378 20 24
379 29 51
380 53 54
381 33 48
382 23 61
383 62 67
384 21 29
385 4 59
386 8 62
387 17 21
388 31 45
389 32 43
390 63 77
391 35 38
392 75 79
393 30 50
394 64 71
395 44 63
396 41 75
397 48 58
398 24 51
399 14 42
400 20 57
401 70 71
402 71 79
403 60 80
404 25 50
405 3 41
406 1 41
407 23 58
408 32 34
409 31 42
410 5 35
411 55 57
412 35 47
413 33 35
414 6 40
415 30 53
416 60 61
417 31 48
418 63 80
419 9 10
420 40 72
421 53 74
422 54 72
423 62 63
424 11 12
425 42 66
426 48 49
427 12 15
428 45 55
429 69 74
430 13 14
431 24 58
432 3 8
433 1 8
434 15 40
435 21 69
436 2 15
437 46 55
438 20 46
439 53 56
440 27 61
441 70 80
442 23 51
443 21 47
444 4 41
445 54 55
446 2 41
447 34 73
448 32 57
449 22 44
450 9 41
451 33 36
452 40 41
453 10 46
454 34 35
455 8 50
456 7 42
457 17 25
458 50 73
459 52 73
460 35 58
461 18 30
462 27 73
463 12 40
464 76 77
465 5 71
466 45 48
467 25 26
468 44 75
469 2 6
470 29 30
471 70 75
472 9 72
473 21 40
474 4 16
475 19 24
476 22 39
477 11 78
478 3 61
479 16 19
480 10 41
481 34 58
482 15 76
483 17 18
484 22 25
485 5 63
486 31 38
487 18 25
488 23 28
489 6 60
490 13 38
491 28 66
492 5 64
493 38 54
494 12 61
495 53 70
496 15 16
497 64 66
498 44 66
499 12 27
500 18 66
501 68 72
502 69 70
503 71 80
504 25 47
505 15 36
506 62 65
507 59 65
508 30 46
509 31 47
510 27 71
511 24 67
512 30 48
513 2 79
514 52 69
515 31 53
516 45 60
517 69 79
518 66 67
519 21 80
520 13 19
521 56 76
522 14 40
523 3 5
524 71 73
525 10 72
526 4 6
527 19 38
528 52 56
529 26 55
530 22 49
531 5 7
532 46 50
533 3 43
534 23 52
535 57 58
536 21 36
537 32 36
538 59 60
539 60 63
540 34 38
541 8 13
542 52 76
543 31 50
544 37 43
545 11 40
546 61 62
547 18 37
548 10 15
549 11 14
550 76 80
551 48 51
552 38 58
553 45 53
554 69 72
555 49 50
556 2 19
557 43 68
558 44 78
559 24 60
560 50 57
561 15 42
562 4 13
563 2 13
564 35 73
565 20 40
566 3 16
567 6 15
568 47 48
569 19 21
570 28 56
571 11 75
572 20 22
573 33 58
574 23 43
575 40 43
576 21 23
577 72 75
578 10 44
579 52 75
580 41 42
581 9 49
582 18 28
583 40 49
584 12 42
585 43 44
586 13 43
587 76 79
588 9 27
589 42 75
590 45 46
591 16 67
592 19 78
593 11 29
594 1 7
595 56 64
596 2 4
597 5 9
598 20 55
599 9 78
600 19 26
601 20 29
602 59 74
603 33 51
604 16 21
605 23 32
606 30 37
607 8 59
608 15 78
609 31 32
610 5 61
611 35 37
612 18 23
613 27 64
614 16 43
615 6 50
616 23 30
617 36 38
618 13 36
619 77 80
620 53 68
621 10 27
622 39 49
623 7 72
624 68 74
625 19 61
626 43 72
627 24 48
628 20 62
629 68 80
630 23 67
631 26 42
632 59 67
633 33 52
634 23 57
635 21 25
636 54 57
637 73 77
638 34 51
639 63 66
640 31 41
641 63 73
642 61 73
643 24 69
644 33 46
645 36 45
646 52 71
647 35 48
648 38 47
649 15 27
650 39 46
651 65 67
652 45 58
653 69 77
654 19 66
655 24 55
656 14 46
657 3 7
658 71 75
659 58 76
660 19 40
661 52 58
662 46 48
663 2 42
664 32 38
665 5 47
666 61 66
667 59 62
668 33 39
669 25 66
670 30 57
671 34 36
672 8 15
673 7 41
674 11 42
675 26 78
676 9 14
677 35 57
678 10 13
679 42 78
680 14 15
681 48 53
682 45 51
683 44 72
684 50 55
685 3 12
686 68 70
687 69 80
688 25 63
689 8 65
690 4 15
691 24 36
692 5 14
693 20 42
694 60 65
695 6 13
696 47 50
697 19 23
698 5 40
699 9 45
700 23 37
701 72 77
702 10 42
703 17 29
704 22 26
705 31 37
706 63 69
707 26 73
708 18 26
709 27 77
710 74 79
711 17 55
712 7 60
713 13 41
714 28 71
715 41 50
716 18 52
717 38 51
718 25 30
719 17 73
720 39 58
721 20 66
722 26 29
723 68 77
724 1 5
725 70 79
726 51 53
727 25 42
728 2 60
729 52 54
730 32 52
731 53 55
732 62 66
733 33 49
734 23 34
735 73 74
736 28 47
737 17 22
738 8 61
739 15 72
740 13 72
741 5 59
742 22 29
743 18 21
744 29 46
745 23 24
746 31 34
747 3 78
748 35 39
749 61 78
750 75 76
751 78 80
752 42 48
753 74 80
754 39 51
755 13 60
756 20 73
757 41 68
758 48 57
759 19 63
760 24 50
761 71 76
762 51 58
763 25 51
764 22 50
765 46 47
766 1 42
767 34 49
768 32 33
769 61 71
770 9 33
771 6 43
772 30 52
773 41 60
774 31 49
775 35 50
776 9 11
777 38 45
778 53 75
779 11 13
780 12 14
781 69 75
782 16 73
783 13 15
784 19 68
785 2 20
786 50 58
787 14 44
788 15 41
789 19 42
790 26 51
791 20 45
792 53 57
793 6 8
794 47 55
795 4 40
796 28 61
797 2 40
798 5 45
799 61 64
800 9 42
801 24 78
802 16 27
803 23 46
804 33 37
805 17 26
806 7 43
807 79 80
808 9 12
809 75 80
810 40 78
811 10 11
812 13 46
813 37 49
814 18 59
815 24 26
816 48 55
817 45 49
818 16 64
819 25 27
820 50 53
821 3 14
822 1 2
823 4 9
824 28 30
825 45 66
826 5 12
827 46 57
828 70 74
829 1 36
830 23 73
831 60 67
832 19 25
833 29 57
834 59 73
835 16 18
836 6 37
837 30 38
838 72 79
839 17 19
840 22 24
841 31 39
842 63 71
843 18 24
844 74 77
845 16 40
846 28 65
847 37 58
848 78 79
849 18 50
850 5 65
851 38 49
852 25 28
853 39 52
854 64 65
855 20 76
856 44 65
857 18 69
858 68 79
859 69 71
860 56 68
861 24 45
862 20 51
863 70 77
864 51 55
865 21 50
