1 5 31
2 20 25
3 62 64
4 59 78
5 23 60
6 21 28
7 54 58
8 8 63
9 17 20
10 13 70
11 63 76
12 61 76
13 18 19
14 23 26
15 6 54
16 40 60
17 75 78
18 49 78
19 7 55
20 41 57
21 11 48
22 42 62
23 6 72
24 38 40
25 53 64
26 43 63
27 15 30
28 39 45
29 13 58
30 65 78
31 67 74
32 41 74
33 74 77
34 48 59
35 55 78
36 45 61
37 49 58
38 67 80
39 19 65
40 43 76
41 14 43
42 46 75
43 71 78
44 1 54
45 15 34
46 4 5
47 19 39
48 2 53
49 52 63
50 56 58
51 3 40
52 12 69
53 1 40
54 57 59
55 6 23
56 60 79
57 54 61
58 28 32
59 62 75
60 8 38
61 7 22
62 32 35
63 48 77
64 55 56
65 61 69
66 59 61
67 33 34
68 16 38
69 6 41
70 73 78
71 4 73
72 60 62
73 49 71
74 7 44
75 37 44
76 11 41
77 61 63
78 42 57
79 16 60
80 6 67
81 40 73
82 54 73
83 10 14
84 43 52
85 30 69
86 39 42
87 37 54
88 11 15
89 65 71
90 42 67
91 48 50
92 45 54
93 69 73
94 16 75
95 49 51
96 19 70
97 44 77
98 47 64
99 3 11
100 1 15
101 15 43
102 21 68
103 32 68
104 60 70
105 57 60
106 6 14
107 21 46
108 4 42
109 47 49
110 2 38
111 8 45
112 7 15
113 58 70
114 20 21
115 3 55
116 29 62
117 25 70
118 6 32
119 40 42
120 4 48
121 72 74
122 2 64
123 15 70
124 17 24
125 41 43
126 5 53
127 18 31
128 6 58
129 12 41
130 40 48
131 72 80
132 43 45
133 44 46
134 76 78
135 42 74
136 38 60
137 16 66
138 49 52
139 64 76
140 26 30
141 7 80
142 50 51
143 14 53
144 47 73
145 12 29
146 27 31
147 66 78
148 8 69
149 15 48
150 4 11
151 45 64
152 2 7
153 43 80
154 5 10
155 70 72
156 47 62
157 4 17
158 19 27
159 37 77
160 14 65
161 3 60
162 59 75
163 23 33
164 6 27
165 30 36
166 4 63
167 8 58
168 15 79
169 31 33
170 41 44
171 63 65
172 18 22
173 74 75
174 16 42
175 6 61
176 12 32
177 4 69
178 51 71
179 49 75
180 7 56
181 13 37
182 37 56
183 11 61
184 41 54
185 9 29
186 42 53
187 63 70
188 38 55
189 12 62
190 53 69
191 15 19
192 39 54
193 13 63
194 64 67
195 65 75
196 44 67
197 7 73
198 67 71
199 14 60
200 68 73
201 1 25
202 66 73
203 14 38
204 3 31
205 57 78
206 19 32
207 2 56
208 32 72
209 5 29
210 11 70
211 3 37
212 27 32
213 59 64
214 61 80
215 6 18
216 21 26
217 4 38
218 37 80
219 34 50
220 8 33
221 7 27
222 54 56
223 48 72
224 55 61
225 61 74
226 27 70
227 63 78
228 6 52
229 40 62
230 4 76
231 73 80
232 49 76
233 7 49
234 41 63
235 29 68
236 42 60
237 6 78
238 38 46
239 43 49
240 15 24
241 67 76
242 13 56
243 65 76
244 44 58
245 7 70
246 42 70
247 48 61
248 55 72
249 45 59
250 1 18
251 69 78
252 43 78
253 44 80
254 47 69
255 3 4
256 71 72
257 1 52
258 15 44
259 4 7
260 45 76
261 56 60
262 5 6
263 3 42
264 62 73
265 1 46
266 60 73
267 21 35
268 4 45
269 28 34
270 2 45
271 5 32
272 29 35
273 55 58
274 59 63
275 61 67
276 38 79
277 72 75
278 4 75
279 36 43
280 8 14
281 7 46
282 49 69
283 37 42
284 11 43
285 9 15
286 18 34
287 16 62
288 6 65
289 3 65
290 12 44
291 10 12
292 40 75
293 43 54
294 13 49
295 37 52
296 65 69
297 44 49
298 9 17
299 42 65
300 48 52
301 38 59
302 45 52
303 2 16
304 14 48
305 47 66
306 3 13
307 68 69
308 8 64
309 4 14
310 45 69
311 32 70
312 27 62
313 60 64
314 6 12
315 47 51
316 19 20
317 7 9
318 48 70
319 20 23
320 3 57
321 6 38
322 21 22
323 30 35
324 1 80
325 10 45
326 8 53
327 15 64
328 38 70
329 40 44
330 11 32
331 18 29
332 74 78
333 16 53
334 6 56
335 12 43
336 53 80
337 43 47
338 7 61
339 13 42
340 37 61
341 5 68
342 64 78
343 11 28
344 26 28
345 44 70
346 14 59
347 47 75
348 18 70
349 1 6
350 66 76
351 13 30
352 56 65
353 2 5
354 5 8
355 46 61
356 70 78
357 1 56
358 6 7
359 47 56
360 4 19
361 19 29
362 37 75
363 52 53
364 11 67
365 3 62
366 23 35
367 21 31
368 73 75
369 15 73
370 17 23
371 13 73
372 31 35
373 29 47
374 35 36
375 18 20
376 61 79
377 23 25
378 40 57
379 3 79
380 63 67
381 1 67
382 75 77
383 49 73
384 41 52
385 13 35
386 31 73
387 29 73
388 37 38
389 77 79
390 12 56
391 15 29
392 64 69
393 65 73
394 67 73
395 44 61
396 47 80
397 18 65
398 66 71
399 8 78
400 15 59
401 22 66
402 71 77
403 57 76
404 15 33
405 4 26
406 19 34
407 2 54
408 5 27
409 14 78
410 12 74
411 27 34
412 1 43
413 59 66
414 60 76
415 21 24
416 60 74
417 73 76
418 2 80
419 7 21
420 22 23
421 48 74
422 61 72
423 63 72
424 6 42
425 38 74
426 4 78
427 8 9
428 41 61
429 49 66
430 11 52
431 42 58
432 16 57
433 6 76
434 12 55
435 38 44
436 40 70
437 54 74
438 67 78
439 39 41
440 13 54
441 65 66
442 44 52
443 7 64
444 41 78
445 48 63
446 55 74
447 12 13
448 45 57
449 69 76
450 49 62
451 13 16
452 47 71
453 3 6
454 71 74
455 58 77
456 2 49
457 35 69
458 56 62
459 3 44
460 53 58
461 1 44
462 57 63
463 47 52
464 62 79
465 4 47
466 2 43
467 8 42
468 7 18
469 48 65
470 29 33
471 61 65
472 6 45
473 30 62
474 4 53
475 15 69
476 37 40
477 11 45
478 35 56
479 18 32
480 16 48
481 38 39
482 3 67
483 40 77
484 30 73
485 13 47
486 31 69
487 24 25
488 55 67
489 38 57
490 39 60
491 64 73
492 44 73
493 50 52
494 14 54
495 47 76
496 3 15
497 68 71
498 1 3
499 4 8
500 28 29
501 2 8
502 45 67
503 46 56
504 3 21
505 59 80
506 1 37
507 57 64
508 47 61
509 30 31
510 60 66
511 19 22
512 37 64
513 26 39
514 5 23
515 11 76
516 3 59
517 14 66
518 6 36
519 30 33
520 38 68
521 40 46
522 72 78
523 15 66
524 13 78
525 31 36
526 18 27
527 42 44
528 16 55
529 6 62
530 12 37
531 40 52
532 74 76
533 7 63
534 41 49
535 37 59
536 11 56
537 42 54
538 6 80
539 38 48
540 10 31
541 16 70
542 66 80
543 44 64
544 7 76
545 14 57
546 18 68
547 1 4
548 66 74
549 15 60
550 56 67
551 2 3
552 33 71
553 46 67
554 70 76
555 3 26
556 51 52
557 23 71
558 57 73
559 19 31
560 2 61
561 37 73
562 11 69
563 3 32
564 12 77
565 20 24
566 59 79
567 62 67
568 4 59
569 15 75
570 7 30
571 13 71
572 17 21
573 61 77
574 63 77
575 27 69
576 23 27
577 6 49
578 40 59
579 4 65
580 75 79
581 7 52
582 13 33
583 41 58
584 11 49
585 29 71
586 42 49
587 6 75
588 38 43
589 40 65
590 53 65
591 43 60
592 15 31
593 64 71
594 13 59
595 65 79
596 67 75
597 44 63
598 7 69
599 41 75
600 12 16
601 22 24
602 45 62
603 66 69
604 49 59
605 19 62
606 14 42
607 70 71
608 71 79
609 1 55
610 15 35
611 58 64
612 2 52
613 56 57
614 5 25
615 20 39
616 3 41
617 27 36
618 1 41
619 53 63
620 60 78
621 21 38
622 54 60
623 62 74
624 2 46
625 8 37
626 7 23
627 13 64
628 5 35
629 15 80
630 32 34
631 9 32
632 33 35
633 16 37
634 6 40
635 48 76
636 55 57
637 10 39
638 61 70
639 49 64
640 7 45
641 63 80
642 37 45
643 11 54
644 35 53
645 18 39
646 16 59
647 6 66
648 12 49
649 54 72
650 62 63
651 43 53
652 30 68
653 13 52
654 37 55
655 11 12
656 39 43
657 7 66
658 41 76
659 42 66
660 44 54
661 12 15
662 45 55
663 1 22
664 16 74
665 48 49
666 49 60
667 13 14
668 19 71
669 69 74
670 44 76
671 14 45
672 47 65
673 3 8
674 1 8
675 15 40
676 58 75
677 2 15
678 70 80
679 3 46
680 9 71
681 53 56
682 60 69
683 6 9
684 62 77
685 54 55
686 37 69
687 2 41
688 8 44
689 34 73
690 5 44
691 11 73
692 3 52
693 48 67
694 33 36
695 38 67
696 40 41
697 72 73
698 2 67
699 15 71
700 7 42
701 17 25
702 34 35
703 18 30
704 27 73
705 6 69
706 3 69
707 40 79
708 54 67
709 13 45
710 31 71
711 37 48
712 44 45
713 76 77
714 24 27
715 5 71
716 42 77
717 45 48
718 16 65
719 25 26
720 49 53
721 64 75
722 11 27
723 44 75
724 14 52
725 47 78
726 27 28
727 28 31
728 2 6
729 24 39
730 46 62
731 29 30
732 70 75
733 1 59
734 25 38
735 47 63
736 21 40
737 19 24
738 37 78
739 22 39
740 5 21
741 11 78
742 3 61
743 23 38
744 6 26
745 4 62
746 8 57
747 15 76
748 17 18
749 22 25
750 11 36
751 41 45
752 9 52
753 18 25
754 23 28
755 6 60
756 40 54
757 48 80
758 41 55
759 13 38
760 37 57
761 9 30
762 38 54
763 3 80
764 10 29
765 43 57
766 15 16
767 64 66
768 11 16
769 44 66
770 7 78
771 14 63
772 12 27
773 68 72
774 1 26
775 66 72
776 8 75
777 69 70
778 56 69
779 20 60
780 3 28
781 41 46
782 1 60
783 71 80
784 15 36
785 2 59
786 5 30
787 20 26
788 62 65
789 27 33
790 6 29
791 21 27
792 4 37
793 36 69
794 34 53
795 54 59
796 73 79
797 13 69
798 5 56
799 61 75
800 63 79
801 27 71
802 6 55
803 40 61
804 4 67
805 34 47
806 49 77
807 41 56
808 29 69
809 6 73
810 38 41
811 40 67
812 43 62
813 17 71
814 39 44
815 13 57
816 65 77
817 67 77
818 44 57
819 48 60
820 55 73
821 45 60
822 1 19
823 66 67
824 69 79
825 72 76
826 22 70
827 56 76
828 43 79
829 14 40
830 3 5
831 71 73
832 1 53
833 15 45
834 58 78
835 4 6
836 56 59
837 5 7
838 3 43
839 12 70
840 59 70
841 57 58
842 62 72
843 28 33
844 2 44
845 32 36
846 5 33
847 29 36
848 3 49
849 48 78
850 55 59
851 16 39
852 6 46
853 38 78
854 59 60
855 60 63
856 8 13
857 7 47
858 49 70
859 37 43
860 11 40
861 61 62
862 6 64
863 40 74
864 4 80
865 10 15
866 43 55
867 54 78
868 64 80
869 65 70
870 37 53
871 11 14
872 76 80
873 9 18
874 42 64
875 48 51
876 38 58
877 40 80
878 1 20
879 16 76
880 49 50
881 69 72
882 24 60
883 47 67
884 1 14
885 15 42
886 58 73
887 32 69
888 3 16
889 27 63
890 57 67
891 6 15
892 47 48
893 4 43
894 19 21
895 28 56
896 37 67
897 75 76
898 48 69
899 11 75
900 3 54
901 20 22
902 38 65
903 21 23
904 4 49
905 10 44
906 30 34
907 8 52
908 7 36
909 40 43
910 41 42
911 50 71
912 18 28
913 6 59
914 12 42
915 40 49
916 43 44
917 13 43
918 31 65
919 37 62
920 76 79
921 9 27
922 24 29
923 5 69
924 14 16
925 38 61
926 42 75
927 10 16
928 45 46
929 64 77
930 11 29
931 26 31
932 44 69
933 14 58
934 47 72
935 27 30
936 1 7
937 66 79
938 13 31
939 22 74
940 2 4
941 56 64
942 5 9
943 46 60
944 70 73
945 1 57
946 47 57
947 19 26
948 37 76
949 26 35
950 11 64
951 3 63
952 59 74
953 33 51
954 23 32
955 4 56
956 8 59
957 7 29
958 13 74
959 15 78
960 11 38
961 31 32
962 63 64
963 3 76
964 49 74
965 7 59
966 13 36
967 37 39
968 11 60
969 65 80
970 18 49
971 77 80
972 38 52
973 12 63
974 10 27
975 43 59
976 67 70
977 65 74
978 18 64
979 66 70
980 15 56
981 68 80
982 15 38
983 2 57
984 32 73
985 63 71
986 5 28
987 14 73
988 12 73
989 27 35
990 59 67
991 62 71
992 6 19
993 21 25
994 54 57
995 28 36
996 34 51
997 73 77
998 7 26
999 63 73
1000 48 73
1001 55 60
1002 61 73
1003 6 53
1004 1 69
1005 10 56
1006 52 71
1007 7 48
1008 11 53
1009 18 40
1010 42 61
1011 16 56
1012 6 79
1013 38 47
1014 40 69
1015 15 27
1016 39 46
1017 13 55
1018 65 67
1019 62 70
1020 44 59
1021 7 65
1022 67 79
1023 48 62
1024 55 75
1025 1 17
1026 69 77
1027 56 78
1028 3 7
1029 71 75
1030 1 11
1031 15 47
1032 58 76
1033 45 75
1034 19 40
1035 2 48
1036 3 45
1037 12 64
1038 1 45
1039 23 54
1040 27 56
1041 47 53
1042 53 59
1043 28 35
1044 2 42
1045 8 41
1046 7 19
1047 58 63
1048 48 64
1049 29 34
1050 61 66
1051 59 62
1052 62 80
1053 6 44
1054 4 52
1055 10 35
1056 34 36
1057 8 15
1058 37 41
1059 11 42
1060 18 35
1061 16 63
1062 6 70
1063 3 64
1064 12 45
1065 10 13
1066 40 76
1067 54 76
1068 13 48
1069 65 68
1070 42 78
1071 14 15
1072 38 56
1073 48 53
1074 16 78
1075 64 72
1076 44 72
1077 14 49
1078 47 77
1079 3 12
1080 68 70
1081 69 80
1082 8 65
1083 21 65
1084 4 15
1085 2 11
1086 32 71
1087 46 59
1088 27 49
1089 1 38
1090 47 50
1091 19 23
1092 2 37
1093 37 65
1094 7 8
1095 3 56
1096 40 45
1097 30 32
1098 72 77
1099 8 54
1100 7 38
1101 15 67
1102 22 26
1103 11 35
1104 63 69
1105 18 26
1106 27 77
1107 16 54
1108 6 57
1109 3 73
1110 12 36
1111 74 79
1112 43 46
1113 7 60
1114 31 67
1115 28 71
1116 11 57
1117 37 60
1118 42 73
1119 10 30
1120 16 69
1121 64 79
1122 11 31
1123 44 71
1124 7 77
1125 41 67
1126 47 74
1127 1 5
1128 66 77
1129 15 61
1130 56 66
1131 70 79
1132 3 27
1133 1 63
1134 51 53
1135 57 74
1136 37 74
1137 2 60
1138 5 17
1139 11 66
1140 3 33
1141 12 76
1142 59 76
1143 62 66
1144 6 30
1145 21 30
1146 73 74
1147 15 72
1148 7 31
1149 17 22
1150 31 34
1151 61 78
1152 63 66
1153 18 21
1154 16 45
1155 6 48
1156 3 78
1157 4 64
1158 23 24
1159 38 80
1160 17 40
1161 7 53
1162 40 58
1163 41 59
1164 11 62
1165 49 72
1166 77 78
1167 42 48
1168 74 80
1169 38 42
1170 12 57
1171 40 64
1172 78 80
1173 15 28
1174 64 70
1175 65 72
1176 67 72
1177 48 57
1178 55 76
1179 66 68
1180 15 58
1181 56 73
1182 14 37
1183 71 76
1184 15 32
1185 58 67
1186 45 80
1187 26 40
1188 5 26
1189 20 38
1190 3 38
1191 59 69
1192 1 42
1193 60 77
1194 6 17
1195 21 39
1196 62 69
1197 34 49
1198 8 36
1199 7 20
1200 13 65
1201 32 33
1202 55 62
1203 61 71
1204 63 75
1205 24 71
1206 6 43
1207 4 79
1208 2 75
1209 49 65
1210 41 60
1211 37 46
1212 11 55
1213 42 59
1214 16 58
1215 6 77
1216 12 48
1217 38 45
1218 54 75
1219 8 16
1220 30 71
1221 13 53
1222 39 40
1223 11 13
1224 7 67
1225 41 77
1226 42 69
1227 55 69
1228 12 14
1229 45 56
1230 1 23
1231 16 73
1232 49 61
1233 69 75
1234 13 15
1235 56 80
1236 14 44
1237 47 70
1238 1 9
1239 15 41
1240 58 74
1241 45 73
1242 2 14
1243 32 66
1244 56 63
1245 46 54
1246 3 47
1247 12 66
1248 62 76
1249 57 62
1250 6 8
1251 15 37
1252 2 40
1253 8 43
1254 58 61
1255 48 66
1256 29 32
1257 3 53
1258 27 80
1259 61 64
1260 10 33
1261 8 49
1262 7 43
1263 17 26
1264 79 80
1265 16 49
1266 40 78
1267 75 80
1268 54 66
1269 10 11
1270 37 49
1271 9 22
1272 24 26
1273 42 76
1274 38 62
1275 55 66
1276 45 49
1277 16 64
1278 25 27
1279 49 54
1280 63 74
1281 64 74
1282 50 53
1283 14 55
1284 3 14
1285 27 29
1286 1 2
1287 8 67
1288 4 9
1289 28 30
1290 2 9
1291 35 77
1292 46 57
1293 29 31
1294 70 74
1295 60 67
1296 25 39
1297 47 60
1298 4 23
1299 19 25
1300 37 79
1301 62 78
1302 3 58
1303 33 62
1304 23 39
1305 6 37
1306 38 69
1307 72 79
1308 8 56
1309 7 32
1310 13 77
1311 15 77
1312 11 37
1313 17 19
1314 9 53
1315 18 24
1316 16 40
1317 6 63
1318 3 75
1319 12 38
1320 23 29
1321 40 53
1322 42 45
1323 7 62
1324 41 48
1325 78 79
1326 11 59
1327 9 31
1328 42 55
1329 38 49
1330 12 60
1331 10 28
1332 67 69
1333 64 65
1334 26 27
1335 7 79
1336 44 65
1337 18 69
1338 68 79
1339 66 75
1340 15 63
1341 69 71
1342 13 27
1343 22 78
1344 46 64
1345 70 77
1346 3 29
1347 8 80
1348 19 30
