1 21 28
2 7 25
3 63 76
4 29 44
5 33 41
6 15 30
7 45 61
8 49 58
9 67 80
10 13 20
11 20 58
12 14 77
13 53 62
14 1 40
15 57 59
16 8 38
17 33 34
18 16 38
19 36 41
20 61 63
21 45 54
22 49 51
23 3 11
24 45 71
25 33 74
26 1 33
27 57 60
28 8 45
29 7 15
30 29 62
31 72 74
32 41 43
33 12 41
34 76 78
35 24 28
36 5 70
37 45 47
38 10 19
39 49 52
40 45 64
41 70 72
42 4 17
43 26 34
44 29 55
45 33 60
46 16 20
47 41 44
48 22 30
49 9 59
50 51 71
51 42 53
52 5 79
53 67 71
54 14 38
55 57 78
56 58 68
57 21 48
58 26 45
59 29 48
60 73 78
61 54 56
62 37 80
63 61 74
64 27 70
65 34 44
66 17 44
67 5 72
68 67 76
69 30 64
70 50 63
71 14 41
72 71 72
73 58 79
74 21 57
75 4 7
76 2 45
77 58 62
78 22 40
79 61 67
80 9 37
81 34 39
82 17 37
83 37 42
84 10 12
85 30 75
86 50 54
87 14 48
88 1 13
89 4 14
90 26 63
91 19 20
92 2 36
93 22 35
94 9 46
95 30 35
96 42 46
97 13 42
98 31 64
99 25 31
100 64 78
101 1 6
102 22 75
103 19 29
104 37 75
105 34 57
106 23 25
107 10 62
108 49 73
109 13 35
110 64 69
111 65 73
112 1 31
113 22 66
114 43 75
115 46 68
116 15 33
117 19 34
118 22 61
119 62 68
120 34 48
121 55 63
122 49 66
123 18 41
124 38 44
125 40 70
126 65 66
127 1 16
128 22 69
129 46 79
130 15 46
131 19 43
132 62 79
133 34 75
134 3 50
135 23 47
136 10 32
137 38 39
138 40 77
139 8 22
140 44 73
141 68 71
142 15 55
143 19 48
144 2 8
145 5 13
146 30 31
147 3 59
148 10 43
149 50 66
150 31 36
151 74 76
152 11 56
153 12 25
154 68 78
155 2 3
156 24 44
157 52 55
158 59 79
159 28 40
160 32 43
161 31 45
162 35 38
163 75 79
164 39 50
165 12 16
166 2 26
167 10 74
168 52 62
169 56 57
170 20 39
171 3 41
172 59 68
173 60 78
174 28 39
175 32 34
176 31 42
177 35 47
178 38 72
179 60 61
180 8 11
181 7 45
182 29 64
183 39 43
184 69 74
185 20 46
186 3 46
187 6 9
188 38 67
189 40 41
190 11 47
191 54 67
192 44 45
193 19 76
194 27 28
195 20 53
196 3 23
197 25 38
198 32 48
199 39 72
200 8 57
201 11 36
202 9 30
203 15 16
204 66 72
205 3 28
206 25 47
207 14 75
208 21 27
209 39 65
210 8 32
211 7 24
212 29 43
213 33 40
214 15 25
215 66 67
216 49 57
217 13 19
218 25 48
219 53 61
220 1 47
221 57 58
222 4 44
223 8 39
224 7 17
225 16 39
226 36 42
227 61 62
228 26 64
229 76 80
230 45 53
231 49 50
232 3 10
233 25 57
234 45 70
235 33 73
236 57 67
237 8 46
238 7 14
239 29 61
240 72 75
241 41 42
242 51 65
243 76 79
244 24 29
245 10 16
246 70 73
247 1 57
248 57 68
249 4 18
250 26 35
251 29 54
252 22 31
253 12 33
254 17 42
255 37 39
256 77 80
257 42 50
258 67 70
259 14 39
260 1 50
261 57 77
262 58 69
263 21 63
264 4 25
265 73 77
266 54 57
267 9 35
268 30 54
269 51 79
270 34 45
271 42 61
272 67 79
273 30 65
274 50 60
275 71 75
276 21 56
277 46 48
278 2 42
279 58 63
280 22 41
281 61 66
282 9 36
283 30 57
284 52 78
285 34 36
286 17 36
287 37 41
288 10 13
289 30 72
290 13 48
291 38 56
292 64 72
293 50 55
294 1 12
295 4 15
296 2 37
297 22 32
298 9 45
299 30 32
300 15 67
301 17 29
302 42 47
303 13 41
304 31 67
305 25 30
306 64 79
307 1 5
308 22 72
309 46 66
310 51 53
311 19 28
312 5 17
313 62 66
314 30 43
315 15 72
316 17 22
317 23 24
318 49 72
319 13 34
320 31 72
321 18 47
322 74 80
323 38 42
324 64 70
325 65 72
326 11 20
327 1 30
328 22 67
329 46 69
330 51 58
331 15 32
332 19 37
333 22 50
334 55 62
335 38 45
336 40 71
337 8 16
338 11 13
339 1 23
340 15 41
341 2 14
342 62 76
343 34 72
344 3 53
345 10 33
346 50 72
347 18 33
348 75 80
349 39 63
350 15 54
351 2 9
352 5 12
353 23 39
354 6 37
355 10 40
356 31 39
357 74 77
358 11 59
359 14 20
360 39 52
361 26 27
362 68 79
363 69 71
364 20 25
365 3 35
366 59 78
367 28 41
368 32 44
369 31 44
370 35 41
371 18 19
372 75 78
373 14 31
374 39 45
375 44 56
376 12 17
377 10 75
378 52 63
379 56 58
380 20 32
381 3 40
382 59 71
383 60 79
384 32 35
385 35 46
386 38 73
387 60 62
388 8 12
389 11 41
390 16 60
391 39 42
392 9 19
393 48 50
394 69 73
395 2 18
396 20 47
397 3 17
398 23 50
399 6 14
400 38 64
401 40 42
402 4 48
403 11 46
404 72 80
405 44 46
406 9 20
407 19 79
408 27 31
409 66 78
410 3 22
411 63 65
412 11 39
413 36 37
414 66 73
415 13 25
416 3 31
417 21 26
418 4 38
419 39 64
420 63 78
421 29 42
422 33 47
423 73 80
424 36 44
425 15 24
426 45 59
427 49 56
428 13 18
429 3 4
430 53 60
431 21 35
432 4 45
433 8 40
434 7 16
435 29 35
436 36 43
437 26 65
438 9 15
439 45 52
440 10 22
441 3 13
442 1 39
443 57 66
444 21 44
445 4 20
446 8 47
447 7 9
448 72 76
449 12 43
450 24 30
451 5 68
452 10 17
453 33 65
454 70 78
455 4 19
456 26 32
457 73 75
458 22 28
459 61 79
460 12 34
461 51 73
462 17 41
463 37 38
464 77 79
465 42 51
466 5 77
467 67 73
468 14 36
469 71 77
470 57 76
471 58 66
472 4 26
473 73 76
474 54 62
475 2 80
476 22 23
477 61 72
478 34 42
479 17 34
480 37 47
481 42 58
482 67 78
483 30 70
484 55 74
485 50 61
486 14 47
487 71 74
488 1 10
489 58 77
490 26 50
491 37 71
492 58 60
493 22 46
494 61 65
495 30 62
496 34 37
497 37 40
498 30 73
499 13 47
500 31 69
501 55 67
502 64 73
503 50 52
504 1 3
505 4 8
506 26 61
507 46 56
508 37 64
509 2 34
510 9 44
511 42 44
512 13 40
513 18 53
514 38 48
515 25 29
516 1 4
517 21 73
518 19 31
519 37 73
520 5 16
521 62 67
522 30 40
523 15 75
524 17 21
525 23 27
526 49 79
527 13 33
528 31 75
529 18 44
530 38 43
531 64 71
532 65 79
533 1 29
534 43 77
535 46 74
536 51 61
537 15 35
538 19 36
539 5 25
540 62 74
541 15 80
542 55 57
543 10 39
544 49 64
545 50 78
546 31 48
547 18 39
548 11 12
549 1 22
550 46 77
551 19 45
552 2 15
553 62 77
554 3 52
555 23 41
556 10 46
557 31 57
558 18 30
559 40 79
560 14 18
561 44 75
562 15 49
563 2 6
564 24 39
565 3 61
566 23 38
567 25 72
568 10 41
569 50 64
570 4 68
571 8 31
572 29 76
573 68 72
574 69 70
575 15 62
576 19 59
577 59 65
578 28 42
579 32 45
580 31 47
581 35 40
582 40 61
583 4 67
584 29 69
585 39 44
586 44 57
587 12 18
588 69 79
589 19 64
590 2 24
591 10 72
592 52 56
593 56 59
594 20 33
595 3 43
596 60 72
597 6 20
598 32 36
599 38 78
600 60 63
601 8 13
602 7 47
603 11 40
604 36 48
605 54 78
606 44 48
607 9 18
608 48 51
609 69 72
610 19 73
611 2 19
612 20 40
613 3 16
614 25 35
615 38 65
616 21 23
617 40 43
618 7 36
619 11 33
620 36 63
621 44 47
622 19 78
623 27 30
624 66 79
625 4 56
626 7 29
627 63 64
628 11 38
629 36 38
630 15 18
631 41 70
632 66 70
633 13 24
634 20 62
635 3 30
636 23 67
637 25 45
638 21 25
639 4 39
640 8 34
641 29 41
642 33 46
643 36 45
644 49 63
645 13 17
646 3 7
647 45 75
648 14 80
649 53 59
650 1 45
651 21 34
652 8 41
653 7 19
654 29 34
655 33 39
656 9 14
657 45 51
658 3 12
659 45 68
660 33 79
661 1 38
662 57 65
663 21 43
664 26 38
665 29 59
666 72 77
667 22 26
668 26 73
669 9 55
670 12 36
671 51 67
672 37 60
673 24 31
674 5 67
675 10 30
676 33 64
677 14 34
678 70 79
679 57 74
680 4 28
681 73 74
682 22 29
683 61 78
684 26 80
685 9 56
686 51 72
687 77 78
688 42 48
689 5 76
690 67 72
691 55 76
692 14 37
693 71 76
694 1 48
695 58 67
696 26 40
697 46 47
698 54 63
699 61 71
700 9 33
701 34 43
702 17 33
703 37 46
704 30 71
705 55 69
706 50 58
707 14 44
708 1 9
709 58 74
710 26 51
711 2 40
712 58 61
713 22 47
714 61 64
715 15 68
716 10 11
717 31 68
718 18 59
719 55 66
720 38 62
721 25 27
722 64 74
723 11 24
724 50 53
725 1 2
726 4 9
727 29 31
728 19 25
729 2 35
730 22 38
731 5 22
732 34 61
733 15 77
734 17 19
735 42 45
736 23 29
737 25 28
738 64 65
739 11 17
740 46 64
741 51 55
742 15 37
743 19 30
744 22 57
745 5 31
746 62 64
747 30 41
748 17 20
749 23 26
750 49 78
751 13 32
752 31 74
753 18 45
754 38 40
755 65 78
756 1 28
757 22 65
758 46 75
759 51 60
760 15 34
761 22 48
762 55 56
763 59 61
764 24 73
765 10 36
766 50 79
767 18 36
768 65 71
769 11 15
770 1 21
771 15 43
772 19 44
773 2 12
774 23 40
775 25 70
776 10 47
777 31 56
778 18 31
779 40 48
780 8 25
781 28 68
782 14 19
783 39 57
784 26 30
785 15 48
786 2 7
787 24 40
788 5 10
789 10 71
790 47 62
791 28 44
792 18 22
793 74 75
794 29 75
795 14 26
796 12 20
797 68 73
798 15 57
799 24 47
800 3 37
801 59 64
802 25 80
803 6 18
804 32 46
805 31 46
806 35 43
807 14 29
808 39 47
809 12 19
810 69 78
811 19 67
812 2 25
813 52 57
814 56 60
815 3 42
816 28 34
817 32 37
818 8 14
819 16 62
820 54 79
821 9 17
822 48 52
823 2 16
824 24 61
825 20 41
826 3 19
827 60 64
828 25 34
829 6 12
830 28 57
831 38 70
832 21 22
833 40 44
834 11 32
835 16 53
836 36 56
837 15 20
838 66 76
839 20 48
840 23 69
841 6 7
842 28 48
843 32 51
844 21 31
845 29 47
846 36 39
847 41 52
848 15 29
849 17 67
850 66 71
851 13 23
852 25 44
853 1 43
854 21 24
855 4 32
856 39 66
857 8 35
858 7 21
859 29 40
860 36 46
861 26 68
862 15 26
863 5 80
864 45 57
865 49 62
866 45 74
867 53 58
868 1 44
869 57 63
870 8 42
871 7 18
872 29 33
873 33 38
874 9 13
875 24 25
876 45 50
877 10 20
878 49 55
879 3 15
880 45 67
881 28 29
882 1 37
883 57 64
884 4 22
885 26 39
886 7 11
887 29 58
888 16 17
889 72 78
890 41 47
891 12 37
892 51 66
893 42 54
894 10 31
895 66 80
896 33 71
897 70 76
898 57 73
899 4 29
900 29 51
901 33 48
902 61 77
903 5 75
904 67 75
905 14 42
906 70 71
907 71 79
908 58 64
909 26 41
910 54 60
911 9 32
912 34 40
913 37 45
914 42 56
915 62 63
916 50 59
917 14 45
918 18 80
919 1 8
920 26 48
921 36 73
922 54 55
923 2 41
924 22 44
925 9 41
926 34 35
927 17 25
928 30 79
929 31 71
930 18 56
931 25 26
932 64 75
933 4 10
934 26 59
935 29 30
936 19 24
937 2 32
938 22 39
939 30 39
940 34 58
941 17 18
942 23 28
943 64 66
944 11 16
945 1 26
946 22 79
947 46 65
948 51 54
949 15 36
950 19 33
951 62 65
952 30 46
953 49 77
954 18 42
955 38 41
956 65 77
957 1 19
958 22 70
959 46 72
960 51 63
961 15 45
962 62 72
963 55 59
964 59 60
965 10 37
966 50 76
967 31 50
968 18 37
969 40 74
970 4 80
971 8 19
972 64 80
973 65 70
974 11 14
975 1 20
976 15 42
977 19 47
978 2 13
979 24 34
980 47 48
981 23 43
982 25 69
983 10 44
984 50 71
985 43 44
986 28 69
987 14 16
988 39 56
989 22 80
990 26 31
991 15 51
992 2 4
993 24 41
994 5 9
995 3 63
996 59 74
997 28 45
998 32 40
999 31 32
1000 35 37
1001 40 56
1002 65 80
1003 39 49
1004 68 74
1005 15 56
1006 19 61
1007 24 48
1008 20 36
1009 3 36
1010 59 67
1011 23 57
1012 6 19
1013 32 47
1014 31 41
1015 35 42
1016 11 53
1017 29 67
1018 16 56
1019 39 46
1020 44 59
1021 48 62
1022 69 77
1023 19 66
1024 2 22
1025 34 80
1026 52 58
1027 56 61
1028 3 45
1029 60 74
1030 6 10
1031 28 35
1032 32 38
1033 38 76
1034 8 15
1035 7 41
1036 11 42
1037 16 63
1038 44 50
1039 9 16
1040 48 53
1041 2 17
1042 20 42
1043 3 18
1044 60 65
1045 6 13
1046 38 71
1047 39 79
1048 40 45
1049 11 35
1050 9 25
1051 15 23
1052 66 77
1053 13 29
1054 20 49
1055 25 42
1056 14 68
1057 53 55
1058 21 30
1059 39 68
1060 7 31
1061 63 66
1062 33 43
1063 78 80
1064 15 28
1065 45 63
1066 66 68
1067 13 22
1068 20 56
1069 45 80
1070 32 75
1071 14 79
1072 1 42
1073 21 39
1074 8 36
1075 7 20
1076 29 39
1077 33 44
1078 16 36
1079 36 47
1080 26 69
1081 9 11
1082 49 61
1083 13 15
1084 3 9
1085 53 57
1086 1 35
1087 57 62
1088 8 43
1089 7 13
1090 29 32
1091 33 37
1092 79 80
1093 26 76
1094 9 12
1095 24 26
1096 49 54
1097 3 14
1098 8 67
1099 28 30
1100 33 77
1101 70 74
1102 1 36
1103 57 71
1104 21 41
1105 7 10
1106 29 57
1107 16 18
1108 72 79
1109 41 46
1110 22 24
1111 9 53
1112 12 38
1113 5 65
1114 67 69
1115 33 70
1116 14 32
1117 70 77
1118 1 61
1119 57 72
1120 26 47
1121 29 50
1122 54 58
1123 61 76
1124 9 62
1125 30 51
1126 34 46
1127 5 74
1128 67 74
1129 30 66
1130 31 80
1131 55 78
1132 71 78
1133 58 65
1134 4 5
1135 54 61
1136 2 47
1137 22 42
1138 9 39
1139 34 41
1140 37 44
1141 42 57
1142 10 14
1143 30 69
1144 55 71
1145 50 56
1146 33 80
1147 1 15
1148 58 72
1149 4 12
1150 46 52
1151 58 59
1152 22 45
1153 30 76
1154 13 44
1155 31 70
1156 64 76
1157 50 51
1158 26 56
1159 37 77
1160 2 33
1161 5 20
1162 15 79
1163 42 43
1164 23 31
1165 10 48
1166 13 37
1167 31 79
1168 18 48
1169 64 67
1170 65 75
1171 11 19
1172 14 60
1173 1 25
1174 46 70
1175 51 57
1176 15 39
1177 19 32
1178 34 50
1179 55 61
1180 24 68
1181 49 76
1182 18 43
1183 38 46
1184 65 76
1185 1 18
1186 22 71
1187 44 80
1188 46 73
1189 51 62
1190 15 44
1191 19 41
1192 2 51
1193 5 6
1194 62 73
1195 27 57
1196 55 58
1197 59 63
1198 23 45
1199 6 47
1200 25 67
1201 10 34
1202 49 69
1203 31 61
1204 18 34
1205 40 75
1206 8 20
1207 65 69
1208 43 71
1209 46 80
1210 68 69
1211 15 53
1212 2 10
1213 24 35
1214 5 15
1215 34 68
1216 3 57
1217 23 42
1218 25 68
1219 10 45
1220 74 78
1221 43 47
1222 14 17
1223 39 59
1224 26 28
1225 68 76
1226 15 50
1227 19 55
1228 2 5
1229 24 42
1230 52 53
1231 20 30
1232 59 77
1233 23 35
1234 32 41
1235 31 35
1236 35 36
1237 18 20
1238 75 77
1239 40 57
1240 29 73
1241 39 48
1242 48 56
1243 68 75
1244 15 59
1245 52 60
1246 20 37
1247 3 39
1248 59 66
1249 60 76
1250 6 16
1251 31 40
1252 35 45
1253 38 74
1254 8 9
1255 39 41
1256 48 63
1257 12 13
1258 69 76
1259 19 69
1260 52 59
1261 56 62
1262 20 44
1263 3 44
1264 60 75
1265 6 11
1266 32 39
1267 38 77
1268 8 48
1269 3 21
1270 60 66
1271 14 66
1272 38 68
1273 39 78
1274 40 46
1275 7 33
1276 11 34
1277 15 22
1278 66 74
1279 25 41
1280 28 50
1281 14 69
1282 53 54
1283 21 29
1284 63 77
1285 29 45
1286 33 42
1287 15 31
1288 45 62
1289 66 69
1290 49 59
1291 53 63
1292 1 41
1293 8 37
1294 63 74
1295 29 38
1296 33 35
1297 16 37
1298 36 40
1299 9 10
1300 45 55
1301 49 60
1302 13 14
1303 3 8
1304 33 75
1305 70 80
1306 53 56
1307 1 34
1308 57 61
1309 21 47
1310 8 44
1311 7 12
1312 29 63
1313 33 36
1314 72 73
1315 2 67
1316 37 48
1317 76 77
1318 24 27
1319 5 71
1320 45 48
1321 10 18
1322 49 53
1323 28 31
1324 33 76
1325 70 75
1326 21 40
1327 4 16
1328 41 45
1329 22 25
1330 9 52
1331 51 68
1332 42 52
1333 67 68
1334 14 33
1335 71 80
1336 57 79
1337 58 71
1338 26 44
1339 29 49
1340 73 79
1341 54 59
1342 34 47
1343 67 77
1344 55 73
1345 50 62
1346 14 40
1347 71 73
1348 58 78
1349 4 6
1350 2 44
1351 22 43
1352 5 33
1353 61 68
1354 9 38
1355 34 38
1356 37 43
1357 10 15
1358 30 74
1359 50 57
1360 1 14
1361 58 73
1362 4 13
1363 19 21
1364 2 39
1365 22 34
1366 30 34
1367 17 31
1368 30 77
1369 13 43
1370 31 65
1371 64 77
1372 1 7
1373 22 74
1374 26 57
1375 19 26
1376 5 19
1377 23 30
1378 49 74
1379 13 36
1380 18 49
1381 64 68
1382 65 74
1383 11 18
1384 1 24
1385 22 77
1386 46 71
1387 68 80
1388 51 56
1389 15 38
1390 62 71
1391 34 51
1392 55 60
1393 24 69
1394 10 56
1395 49 67
1396 35 48
1397 18 40
1398 38 47
1399 43 48
1400 65 67
1401 1 17
1402 22 68
1403 43 65
1404 46 78
1405 15 47
1406 19 40
1407 2 48
1408 62 78
1409 59 62
1410 23 44
1411 10 35
1412 49 68
1413 18 35
1414 8 21
1415 65 68
1416 14 15
1417 68 70
1418 69 80
1419 15 52
1420 19 49
1421 2 11
1422 5 14
1423 34 69
1424 3 56
1425 25 75
1426 10 42
1427 74 79
1428 43 46
1429 29 79
1430 26 29
1431 68 77
1432 15 61
1433 19 54
1434 52 54
1435 3 33
1436 59 76
1437 23 34
1438 28 47
1439 32 42
1440 31 34
1441 35 39
1442 18 21
1443 75 76
1444 38 80
1445 11 62
1446 29 72
1447 14 25
1448 44 62
1449 15 58
1450 2 29
1451 24 50
1452 10 77
1453 52 61
1454 20 38
1455 3 38
1456 59 69
1457 60 77
1458 6 17
1459 28 38
1460 32 33
1461 31 43
1462 35 44
1463 38 75
1464 8 10
1465 29 65
1466 39 40
1467 44 53
1468 12 14
1469 69 75
1470 19 68
1471 2 20
1472 24 57
1473 56 63
1474 60 68
1475 23 48
1476 32 56
1477 38 66
1478 39 80
1479 11 44
1480 16 49
1481 54 66
1482 48 55
1483 19 77
1484 20 69
1485 27 29
1486 3 20
1487 60 67
1488 23 73
1489 14 67
1490 40 47
1491 38 69
1492 39 73
1493 63 71
1494 11 37
1495 41 48
1496 78 79
1497 9 31
1498 12 60
1499 15 17
1500 66 75
