1 32 54
2 21 28
3 29 44
4 33 41
5 1 64
6 41 57
7 20 75
8 45 61
9 49 58
10 20 58
11 25 49
12 53 62
13 57 59
14 21 37
15 4 35
16 29 37
17 33 34
18 36 41
19 61 63
20 26 67
21 12 50
22 17 57
23 37 54
24 42 67
25 45 54
26 49 51
27 3 11
28 25 58
29 45 71
30 32 68
31 33 74
32 57 60
33 21 46
34 7 15
35 48 68
36 29 62
37 33 59
38 72 74
39 41 43
40 37 63
41 76 78
42 24 28
43 45 47
44 49 52
45 45 64
46 33 67
47 70 72
48 1 58
49 57 69
50 21 55
51 4 17
52 26 34
53 29 55
54 33 60
55 41 44
56 22 30
57 9 59
58 27 65
59 37 56
60 42 53
61 10 26
62 67 71
63 33 68
64 57 78
65 58 68
66 21 48
67 26 45
68 29 48
69 33 53
70 73 78
71 54 56
72 37 80
73 61 74
74 30 49
75 34 44
76 30 64
77 50 63
78 71 72
79 21 57
80 4 7
81 26 52
82 46 51
83 58 62
84 22 40
85 61 67
86 30 56
87 34 39
88 17 37
89 52 77
90 37 42
91 10 12
92 30 75
93 18 60
94 55 65
95 38 59
96 50 54
97 1 13
98 21 66
99 4 14
100 26 63
101 46 58
102 19 20
103 2 36
104 37 66
105 22 35
106 30 35
107 34 62
108 17 30
109 42 46
110 10 55
111 31 64
112 18 55
113 38 50
114 25 31
115 1 6
116 46 61
117 37 75
118 19 29
119 22 58
120 27 45
121 30 42
122 34 57
123 17 23
124 23 25
125 18 46
126 38 53
127 43 58
128 65 73
129 18 65
130 1 31
131 22 66
132 46 68
133 51 59
134 19 34
135 22 61
136 5 27
137 62 68
138 27 34
139 30 45
140 34 48
141 55 63
142 10 57
143 49 66
144 31 54
145 35 51
146 18 41
147 38 44
148 43 51
149 65 66
150 43 64
151 19 43
152 22 52
153 27 59
154 47 52
155 23 47
156 25 65
157 10 32
158 31 63
159 35 56
160 18 32
161 38 39
162 39 60
163 68 71
164 19 48
165 2 8
166 24 37
167 5 13
168 27 48
169 47 61
170 30 31
171 34 66
172 3 59
173 23 36
174 25 74
175 10 43
176 50 66
177 31 36
178 18 27
179 74 76
180 40 52
181 28 64
182 39 53
183 44 64
184 56 67
185 19 57
186 2 3
187 24 44
188 47 58
189 52 55
190 20 24
191 59 79
192 23 61
193 6 31
194 28 40
195 32 43
196 13 71
197 31 45
198 35 38
199 75 79
200 40 59
201 53 65
202 39 50
203 44 63
204 48 58
205 12 16
206 19 62
207 2 26
208 24 51
209 52 62
210 56 57
211 20 39
212 59 68
213 23 58
214 28 39
215 32 34
216 31 42
217 35 47
218 60 61
219 29 64
220 36 54
221 54 72
222 39 43
223 44 54
224 48 49
225 12 15
226 69 74
227 19 71
228 24 58
229 35 71
230 20 46
231 60 69
232 23 51
233 6 9
234 28 62
235 32 57
236 38 67
237 40 41
238 36 61
239 54 67
240 44 45
241 27 28
242 20 53
243 23 72
244 25 38
245 28 53
246 32 48
247 48 80
248 11 36
249 41 55
250 15 16
251 41 64
252 20 60
253 23 65
254 25 47
255 32 55
256 21 27
257 39 65
258 29 43
259 33 40
260 1 71
261 41 56
262 45 60
263 66 67
264 49 57
265 20 59
266 3 5
267 25 48
268 53 61
269 1 47
270 57 58
271 21 36
272 7 17
273 48 78
274 29 36
275 36 42
276 61 62
277 26 64
278 37 53
279 76 80
280 42 64
281 45 53
282 49 50
283 3 10
284 25 57
285 33 73
286 1 32
287 57 67
288 21 45
289 7 14
290 29 61
291 33 58
292 72 75
293 41 42
294 26 75
295 9 49
296 27 75
297 51 65
298 17 49
299 37 62
300 76 79
301 24 29
302 42 75
303 45 46
304 10 16
305 33 66
306 70 73
307 1 57
308 57 68
309 21 54
310 26 35
311 29 54
312 22 31
313 5 61
314 27 64
315 17 42
316 37 39
317 77 80
318 42 50
319 10 27
320 58 69
321 21 63
322 26 42
323 12 73
324 33 52
325 73 77
326 36 71
327 54 57
328 30 54
329 34 45
330 42 61
331 30 65
332 50 60
333 71 75
334 1 11
335 21 56
336 26 53
337 46 48
338 2 42
339 58 63
340 22 41
341 61 66
342 9 36
343 30 57
344 34 36
345 17 36
346 37 41
347 10 13
348 18 61
349 55 64
350 38 56
351 50 55
352 1 12
353 21 65
354 4 15
355 26 60
356 46 59
357 19 23
358 37 65
359 22 32
360 30 32
361 34 63
362 17 29
363 42 47
364 10 52
365 31 67
366 18 52
367 38 51
368 25 30
369 18 71
370 1 5
371 22 72
372 46 66
373 51 53
374 37 74
375 19 28
376 22 59
377 5 17
378 62 66
379 27 44
380 30 43
381 34 54
382 17 22
383 24 64
384 23 24
385 10 63
386 18 47
387 74 80
388 38 42
389 40 64
390 43 61
391 1 30
392 22 67
393 51 58
394 15 32
395 19 37
396 22 50
397 62 69
398 27 37
399 34 49
400 55 62
401 24 71
402 10 38
403 49 65
404 31 49
405 35 50
406 18 38
407 38 45
408 40 71
409 43 50
410 8 16
411 11 13
412 1 23
413 43 67
414 19 42
415 2 14
416 22 53
417 27 58
418 47 55
419 23 46
420 25 64
421 10 33
422 50 72
423 31 62
424 35 59
425 18 33
426 75 80
427 39 63
428 19 51
429 2 9
430 24 38
431 5 12
432 27 51
433 47 60
434 34 67
435 23 39
436 10 40
437 50 67
438 13 77
439 31 39
440 18 24
441 74 77
442 40 53
443 28 65
444 11 59
445 53 71
446 39 52
447 26 27
448 44 65
449 69 71
450 56 68
451 19 56
452 24 45
453 10 64
454 20 25
455 23 60
456 28 41
457 32 44
458 31 44
459 35 41
460 18 19
461 75 78
462 40 60
463 53 64
464 39 45
465 44 56
466 48 59
467 12 17
468 19 65
469 2 27
470 24 52
471 52 63
472 35 65
473 56 58
474 20 32
475 59 71
476 23 53
477 28 32
478 32 35
479 35 46
480 60 62
481 8 12
482 36 55
483 39 42
484 44 55
485 48 50
486 69 73
487 16 75
488 19 70
489 24 59
490 20 47
491 3 17
492 23 50
493 6 14
494 28 63
495 32 58
496 38 64
497 40 42
498 11 46
499 72 80
500 36 62
501 54 64
502 44 46
503 9 20
504 20 71
505 27 31
506 66 78
507 20 54
508 23 75
509 25 37
510 28 54
511 32 49
512 63 65
513 36 37
514 41 54
515 20 61
516 3 31
517 23 64
518 25 46
519 21 26
520 39 64
521 48 72
522 29 42
523 33 47
524 73 80
525 36 44
526 41 63
527 41 72
528 45 59
529 49 56
530 25 55
531 53 60
532 1 46
533 21 35
534 4 45
535 7 16
536 29 35
537 36 43
538 26 65
539 9 15
540 37 52
541 42 65
542 45 52
543 10 22
544 25 56
545 57 66
546 21 44
547 7 9
548 29 60
549 33 57
550 72 76
551 1 80
552 26 72
553 27 74
554 51 64
555 17 48
556 37 61
557 24 30
558 5 68
559 10 17
560 33 65
561 1 56
562 57 75
563 21 53
564 26 32
565 11 67
566 29 53
567 33 50
568 73 75
569 22 28
570 61 79
571 9 57
572 27 67
573 37 38
574 77 79
575 42 51
576 10 24
577 71 77
578 57 76
579 58 66
580 21 62
581 26 43
582 73 76
583 36 64
584 54 62
585 22 23
586 30 55
587 34 42
588 17 34
589 52 64
590 37 47
591 42 58
592 6 76
593 67 78
594 50 61
595 71 74
596 1 10
597 26 50
598 46 49
599 37 71
600 58 60
601 22 46
602 61 65
603 30 62
604 34 37
605 17 27
606 37 40
607 6 71
608 31 69
609 18 58
610 55 67
611 38 57
612 11 25
613 50 52
614 1 3
615 21 64
616 26 61
617 46 56
618 37 64
619 19 22
620 22 33
621 30 33
622 34 60
623 17 28
624 42 44
625 10 53
626 31 66
627 18 53
628 38 48
629 25 29
630 18 68
631 1 4
632 46 67
633 19 31
634 2 61
635 22 56
636 5 16
637 62 67
638 27 47
639 30 40
640 34 55
641 24 65
642 23 27
643 10 60
644 13 33
645 31 75
646 18 44
647 38 43
648 40 65
649 43 60
650 22 64
651 51 61
652 19 36
653 22 51
654 27 36
655 15 80
656 55 57
657 24 72
658 49 64
659 31 48
660 35 53
661 18 39
662 43 53
663 8 17
664 11 12
665 1 22
666 43 66
667 47 65
668 19 45
669 2 15
670 24 32
671 27 61
672 47 54
673 34 73
674 23 41
675 25 71
676 10 46
677 50 73
678 31 57
679 35 58
680 18 30
681 39 62
682 44 75
683 19 50
684 2 6
685 24 39
686 5 11
687 27 50
688 47 63
689 23 38
690 25 72
691 50 64
692 13 76
693 31 38
694 18 25
695 40 54
696 4 68
697 28 66
698 29 76
699 39 55
700 44 66
701 69 70
702 19 59
703 24 46
704 10 65
705 20 26
706 59 65
707 23 63
708 28 42
709 32 45
710 31 47
711 35 40
712 40 61
713 29 69
714 39 44
715 44 57
716 48 60
717 69 79
718 19 64
719 2 24
720 24 53
721 52 56
722 35 64
723 56 59
724 20 33
725 23 52
726 28 33
727 32 36
728 38 78
729 60 63
730 8 13
731 28 80
732 16 61
733 36 48
734 44 48
735 48 51
736 69 72
737 19 73
738 24 60
739 20 40
740 25 35
741 6 15
742 28 56
743 32 59
744 38 65
745 21 23
746 40 43
747 36 63
748 54 65
749 44 47
750 9 27
751 20 64
752 27 30
753 20 55
754 25 36
755 28 55
756 32 50
757 39 74
758 63 64
759 29 80
760 36 38
761 41 53
762 15 18
763 20 62
764 23 67
765 25 45
766 14 73
767 21 25
768 39 67
769 29 41
770 33 46
771 36 45
772 41 62
773 45 58
774 49 63
775 13 17
776 25 54
777 45 75
778 32 64
779 14 80
780 53 59
781 21 34
782 48 64
783 29 34
784 33 39
785 26 78
786 9 14
787 17 62
788 37 51
789 45 51
790 10 23
791 3 12
792 25 63
793 45 68
794 33 79
795 57 65
796 21 43
797 26 38
798 7 8
799 48 71
800 29 59
801 33 56
802 72 77
803 22 26
804 12 36
805 51 67
806 37 60
807 24 31
808 10 30
809 33 64
810 70 79
811 1 63
812 21 52
813 4 28
814 26 33
815 29 52
816 33 49
817 73 74
818 22 29
819 5 59
820 61 78
821 27 66
822 77 78
823 42 48
824 10 25
825 71 76
826 1 48
827 58 67
828 21 61
829 26 40
830 46 47
831 36 65
832 54 63
833 61 71
834 30 52
835 34 43
836 17 33
837 52 65
838 37 46
839 42 59
840 55 69
841 50 58
842 1 9
843 26 51
844 46 54
845 58 61
846 22 47
847 61 64
848 9 42
849 27 80
850 30 63
851 10 11
852 30 78
853 31 68
854 18 59
855 55 66
856 38 62
857 25 27
858 50 53
859 1 2
860 4 9
861 26 58
862 46 57
863 29 31
864 19 25
865 22 38
866 27 41
867 30 38
868 34 61
869 42 45
870 23 29
871 10 50
872 18 50
873 38 49
874 25 28
875 64 65
876 11 17
877 18 69
878 1 27
879 46 64
880 51 55
881 19 30
882 2 58
883 22 57
884 62 64
885 27 46
886 30 41
887 34 52
888 17 20
889 24 66
890 23 26
891 6 54
892 10 61
893 18 45
894 38 40
895 40 66
896 43 63
897 1 28
898 22 65
899 46 75
900 51 60
901 19 39
902 2 53
903 22 48
904 62 75
905 27 39
906 55 56
907 59 61
908 10 36
909 31 51
910 35 52
911 18 36
912 40 73
913 43 52
914 11 15
915 1 21
916 43 69
917 47 64
918 15 43
919 19 44
920 2 12
921 24 33
922 27 60
923 47 49
924 34 70
925 20 21
926 24 80
927 23 40
928 10 47
929 50 70
930 31 56
931 35 61
932 18 31
933 40 48
934 43 45
935 28 68
936 39 57
937 26 30
938 44 68
939 19 53
940 2 7
941 24 40
942 5 10
943 27 53
944 10 71
945 47 62
946 34 65
947 20 28
948 3 60
949 59 75
950 23 33
951 6 27
952 28 44
953 50 65
954 31 33
955 18 22
956 74 75
957 40 55
958 28 67
959 11 61
960 29 75
961 53 69
962 39 54
963 44 67
964 19 58
965 2 30
966 24 47
967 10 78
968 20 27
969 59 64
970 23 62
971 28 43
972 32 46
973 31 46
974 35 43
975 40 62
976 29 68
977 53 78
978 39 47
979 44 58
980 48 61
981 69 78
982 19 67
983 24 54
984 52 57
985 35 67
986 56 60
987 20 34
988 60 73
989 23 55
990 28 34
991 32 37
992 8 14
993 36 49
994 44 49
995 9 17
996 48 52
997 2 16
998 24 61
999 35 72
1000 20 41
1001 60 64
1002 25 34
1003 6 12
1004 28 57
1005 32 60
1006 40 44
1007 21 22
1008 4 50
1009 36 56
1010 41 51
1011 9 26
1012 20 65
1013 20 48
1014 23 69
1015 6 7
1016 25 43
1017 28 48
1018 32 51
1019 14 71
1020 21 31
1021 63 67
1022 29 47
1023 36 39
1024 1 67
1025 41 52
1026 17 67
1027 20 63
1028 23 66
1029 25 44
1030 1 43
1031 21 24
1032 39 66
1033 63 72
1034 29 40
1035 33 45
1036 16 35
1037 36 46
1038 1 68
1039 54 80
1040 41 61
1041 26 68
1042 15 26
1043 17 68
1044 42 68
1045 5 80
1046 45 57
1047 49 62
1048 13 16
1049 3 6
1050 25 53
1051 32 65
1052 53 58
1053 57 63
1054 21 33
1055 48 65
1056 29 33
1057 33 38
1058 9 13
1059 17 61
1060 37 50
1061 24 25
1062 45 50
1063 10 20
1064 49 55
1065 3 15
1066 23 80
1067 25 62
1068 45 67
1069 28 29
1070 1 37
1071 57 64
1072 21 42
1073 4 22
1074 26 39
1075 7 11
1076 29 58
1077 33 63
1078 16 17
1079 41 47
1080 22 27
1081 9 54
1082 27 76
1083 51 66
1084 17 54
1085 37 59
1086 42 54
1087 6 80
1088 10 31
1089 33 71
1090 70 76
1091 57 73
1092 21 51
1093 26 46
1094 29 51
1095 33 48
1096 27 69
1097 30 50
1098 17 47
1099 42 49
1100 67 75
1101 70 71
1102 71 79
1103 58 64
1104 21 60
1105 26 41
1106 36 66
1107 54 60
1108 9 32
1109 30 53
1110 34 40
1111 52 66
1112 37 45
1113 42 56
1114 62 63
1115 30 68
1116 13 52
1117 55 68
1118 50 59
1119 1 8
1120 58 75
1121 21 69
1122 26 48
1123 46 55
1124 54 55
1125 37 69
1126 2 41
1127 22 44
1128 30 60
1129 34 35
1130 17 25
1131 52 73
1132 6 69
1133 31 71
1134 18 56
1135 38 63
1136 25 26
1137 11 27
1138 18 75
1139 21 78
1140 4 10
1141 26 59
1142 46 62
1143 29 30
1144 19 24
1145 2 32
1146 22 39
1147 27 40
1148 30 39
1149 34 58
1150 23 28
1151 18 51
1152 38 54
1153 43 57
1154 64 66
1155 11 16
1156 18 66
1157 1 26
1158 46 65
1159 51 54
1160 15 36
1161 19 33
1162 2 59
1163 22 62
1164 62 65
1165 27 33
1166 30 46
1167 24 67
1168 31 53
1169 18 42
1170 38 41
1171 40 67
1172 43 62
1173 51 63
1174 19 38
1175 22 49
1176 5 7
1177 62 72
1178 27 38
1179 55 59
1180 3 49
1181 59 60
1182 10 37
1183 31 50
1184 35 55
1185 18 37
1186 40 74
1187 43 55
1188 11 14
1189 1 20
1190 43 68
1191 47 67
1192 19 47
1193 2 13
1194 24 34
1195 27 63
1196 47 48
1197 20 22
1198 23 43
1199 31 59
1200 35 60
1201 18 28
1202 40 49
1203 43 44
1204 14 16
1205 39 56
1206 22 80
1207 26 31
1208 44 69
1209 56 64
1210 19 52
1211 2 4
1212 24 41
1213 5 9
1214 9 78
1215 10 68
1216 27 52
1217 47 57
1218 20 29
1219 23 32
1220 25 78
1221 28 45
1222 32 40
1223 13 74
1224 31 32
1225 35 37
1226 18 23
1227 40 56
1228 29 74
1229 53 68
1230 39 49
1231 44 60
1232 19 61
1233 24 48
1234 20 36
1235 3 36
1236 59 67
1237 23 57
1238 28 36
1239 32 47
1240 31 41
1241 35 42
1242 40 63
1243 29 67
1244 39 46
1245 44 59
1246 48 62
1247 69 77
1248 56 78
1249 19 66
1250 24 55
1251 52 58
1252 35 66
1253 56 61
1254 20 35
1255 60 74
1256 23 54
1257 6 10
1258 28 35
1259 32 38
1260 8 15
1261 36 50
1262 44 50
1263 9 16
1264 48 53
1265 2 17
1266 24 62
1267 35 75
1268 20 42
1269 60 65
1270 25 33
1271 6 13
1272 28 58
1273 32 61
1274 40 45
1275 36 57
1276 1 73
1277 41 50
1278 9 25
1279 16 69
1280 19 80
1281 20 66
1282 41 67
1283 20 49
1284 23 68
1285 25 42
1286 28 49
1287 32 52
1288 53 55
1289 39 68
1290 21 30
1291 63 66
1292 29 46
1293 33 43
1294 41 59
1295 78 80
1296 15 28
1297 41 68
1298 45 63
1299 66 68
1300 20 56
1301 25 51
1302 21 39
1303 63 75
1304 48 75
1305 29 39
1306 33 44
1307 16 36
1308 36 47
1309 41 60
1310 26 69
1311 17 59
1312 20 80
1313 42 69
1314 45 56
1315 49 61
1316 13 15
1317 25 52
1318 32 66
1319 53 57
1320 57 62
1321 21 32
1322 7 13
1323 48 66
1324 29 32
1325 33 37
1326 16 27
1327 79 80
1328 9 12
1329 37 49
1330 24 26
1331 45 49
1332 10 21
1333 49 54
1334 30 80
1335 3 14
1336 25 61
1337 45 66
1338 28 30
1339 33 77
1340 70 74
1341 1 36
1342 57 71
1343 21 41
1344 26 36
1345 7 10
1346 29 57
1347 33 62
1348 72 79
1349 41 46
1350 22 24
1351 9 53
1352 17 53
1353 37 58
1354 42 55
1355 10 28
1356 33 70
1357 70 77
1358 1 61
1359 21 50
1360 4 30
1361 26 47
1362 11 68
1363 29 50
1364 33 55
1365 36 68
1366 54 58
1367 27 68
1368 30 51
1369 34 46
1370 52 68
1371 42 62
1372 30 66
1373 55 78
1374 71 78
1375 58 65
1376 21 59
1377 4 5
1378 26 54
1379 36 67
1380 54 61
1381 22 42
1382 61 69
1383 30 58
1384 34 41
1385 52 67
1386 37 44
1387 42 57
1388 10 14
1389 18 62
1390 50 56
1391 33 80
1392 1 15
1393 58 72
1394 21 68
1395 4 12
1396 26 49
1397 46 52
1398 37 68
1399 58 59
1400 22 45
1401 30 61
1402 52 74
1403 18 57
1404 38 60
1405 50 51
1406 18 72
1407 4 11
1408 26 56
1409 46 63
1410 19 27
1411 22 36
1412 27 43
1413 30 36
1414 34 59
1415 23 31
1416 10 48
1417 18 48
1418 38 55
1419 43 56
1420 64 67
1421 18 67
1422 1 25
1423 51 57
1424 19 32
1425 22 63
1426 27 32
1427 30 47
1428 34 50
1429 55 61
1430 24 68
1431 10 59
1432 31 52
1433 35 49
1434 18 43
1435 38 46
1436 40 68
1437 43 49
1438 1 18
1439 43 78
1440 51 62
1441 19 41
1442 2 51
1443 22 54
1444 5 6
1445 27 57
1446 34 77
1447 55 58
1448 59 63
1449 24 75
1450 23 45
1451 25 67
1452 31 61
1453 35 54
1454 18 34
1455 40 75
1456 43 54
1457 47 66
1458 19 46
1459 2 10
1460 24 35
1461 5 15
1462 9 68
1463 27 62
1464 47 51
1465 20 23
1466 23 42
1467 25 68
1468 10 45
1469 50 68
1470 13 80
1471 31 58
1472 35 63
1473 18 29
1474 74 78
1475 40 50
1476 43 47
1477 14 17
1478 39 59
1479 26 28
1480 56 65
1481 19 55
1482 2 5
1483 24 42
1484 5 8
1485 27 55
1486 47 56
1487 52 53
1488 20 30
1489 23 35
1490 28 46
1491 32 41
1492 13 73
1493 31 35
1494 35 36
1495 18 20
1496 75 77
1497 40 57
1498 53 67
1499 39 48
1500 44 61
1501 48 56
1502 56 72
1503 19 60
1504 24 49
1505 52 60
1506 20 37
1507 59 66
1508 23 56
1509 6 16
1510 28 37
1511 31 40
1512 35 45
1513 8 9
1514 29 66
1515 36 52
1516 54 74
1517 39 41
1518 44 52
1519 48 63
1520 12 13
1521 69 76
1522 16 72
1523 24 56
1524 52 59
1525 35 69
1526 56 62
1527 20 44
1528 60 75
1529 23 49
1530 6 11
1531 28 60
1532 32 39
1533 36 51
1534 44 51
1535 48 54
1536 19 74
1537 20 68
1538 24 63
1539 20 43
1540 60 66
1541 25 32
1542 28 59
1543 32 62
1544 38 68
1545 40 46
1546 63 68
1547 36 58
1548 54 68
1549 41 49
1550 9 24
1551 20 67
1552 41 66
1553 42 80
1554 20 50
1555 3 26
1556 23 71
1557 25 41
1558 28 50
1559 32 53
1560 53 54
1561 21 29
1562 29 45
1563 33 42
1564 16 46
1565 1 65
1566 41 58
1567 45 62
1568 66 69
1569 49 59
1570 20 57
1571 25 50
1572 14 76
1573 53 63
1574 1 41
1575 21 38
1576 11 80
1577 29 38
1578 33 35
1579 16 37
1580 36 40
1581 26 66
1582 9 10
1583 17 58
1584 37 55
1585 42 66
1586 45 55
1587 49 60
1588 13 14
1589 3 8
1590 25 59
1591 32 67
1592 33 75
1593 70 80
1594 53 56
1595 57 61
1596 21 47
1597 7 12
1598 48 67
1599 11 73
1600 29 63
1601 33 36
1602 72 73
1603 37 48
1604 76 77
1605 24 27
1606 5 71
1607 45 48
1608 10 18
1609 49 53
1610 25 60
1611 45 65
1612 28 31
1613 33 76
1614 70 75
1615 1 59
1616 21 40
1617 4 16
1618 26 37
1619 29 56
1620 12 80
1621 33 61
1622 41 45
1623 22 25
1624 9 52
1625 27 78
1626 51 68
1627 17 52
1628 37 57
1629 42 52
1630 67 68
1631 14 33
1632 71 80
1633 1 60
1634 58 71
1635 21 49
1636 26 44
1637 11 71
1638 29 49
1639 33 54
1640 73 79
1641 36 69
1642 54 59
1643 61 75
1644 9 61
1645 27 71
1646 30 48
1647 34 47
1648 42 63
1649 30 67
1650 50 62
1651 71 73
1652 57 80
1653 21 58
1654 4 6
1655 26 55
1656 46 50
1657 22 43
1658 61 68
1659 30 59
1660 34 38
1661 37 43
1662 10 15
1663 18 63
1664 38 58
1665 50 57
1666 1 14
1667 21 67
1668 4 13
1669 26 62
1670 46 53
1671 36 75
1672 19 21
1673 37 67
1674 22 34
1675 30 34
1676 17 31
1677 6 59
1678 31 65
1679 18 54
1680 38 61
1681 1 7
1682 58 80
1683 26 57
1684 46 60
1685 19 26
1686 22 37
1687 9 80
1688 27 42
1689 30 37
1690 34 56
1691 23 30
1692 18 49
1693 38 52
1694 43 59
1695 64 68
1696 65 74
1697 18 64
1698 46 71
1699 51 56
1700 19 35
1701 22 60
1702 62 71
1703 27 35
1704 30 44
1705 55 60
1706 24 69
1707 10 56
1708 49 67
1709 31 55
1710 35 48
1711 18 40
1712 38 47
1713 40 69
1714 43 48
1715 65 67
1716 1 17
1717 22 68
1718 43 65
1719 47 68
1720 19 40
1721 22 55
1722 27 56
1723 47 53
1724 34 74
1725 3 51
1726 59 62
1727 23 44
1728 25 66
1729 10 35
1730 49 68
1731 50 74
1732 31 60
1733 35 57
1734 18 35
1735 65 68
1736 14 15
1737 39 61
1738 44 72
1739 69 80
1740 19 49
1741 2 11
1742 24 36
1743 5 14
1744 27 49
1745 47 50
1746 34 69
1747 23 37
1748 25 75
1749 31 37
1750 35 62
1751 18 26
1752 74 79
1753 40 51
1754 43 46
1755 11 57
1756 39 58
1757 26 29
1758 56 66
1759 19 54
1760 24 43
1761 27 54
1762 10 66
1763 47 59
1764 52 54
1765 20 31
1766 23 34
1767 28 47
1768 32 42
1769 31 34
1770 35 39
1771 18 21
1772 75 76
1773 40 58
1774 29 72
1775 53 66
1776 39 51
1777 44 62
1778 48 57
1779 15 58
1780 19 63
1781 24 50
1782 52 61
1783 20 38
1784 23 59
1785 6 17
1786 28 38
1787 32 33
1788 31 43
1789 35 44
1790 8 10
1791 36 53
1792 54 75
1793 39 40
1794 44 53
1795 12 14
1796 69 75
1797 19 68
1798 24 57
1799 35 68
1800 56 63
1801 20 45
1802 60 68
1803 23 48
1804 6 8
1805 28 61
1806 32 56
1807 38 66
1808 4 54
1809 36 60
1810 54 66
1811 48 55
1812 20 69
1813 27 29
1814 20 52
1815 60 67
1816 25 39
1817 28 52
1818 32 63
1819 38 69
1820 40 47
1821 16 40
1822 36 59
1823 54 69
1824 41 48
1825 78 79
1826 15 17
1827 20 76
1828 41 65
1829 20 51
1830 25 40
1831 28 51
