1 32 54
2 8 63
3 63 76
4 11 90
5 29 44
6 33 41
7 49 58
8 13 20
9 20 58
10 45 78
11 85 87
12 14 77
13 53 62
14 57 59
15 29 37
16 33 34
17 36 41
18 1 89
19 54 87
20 61 63
21 79 85
22 49 51
23 3 11
24 45 71
25 32 68
26 14 84
27 57 60
28 29 62
29 12 90
30 72 74
31 41 43
32 5 53
33 9 50
34 76 78
35 24 28
36 45 47
37 10 19
38 49 52
39 45 64
40 85 89
41 70 72
42 57 69
43 21 55
44 4 17
45 26 34
46 16 20
47 41 44
48 9 59
49 27 65
50 12 32
51 42 53
52 5 79
53 6 87
54 10 26
55 67 71
56 13 63
57 8 76
58 14 38
59 71 83
60 58 68
61 4 24
62 26 45
63 29 48
64 54 56
65 27 70
66 34 44
67 67 76
68 13 56
69 50 63
70 71 72
71 1 52
72 57 87
73 58 79
74 4 7
75 46 51
76 36 77
77 58 62
78 34 39
79 37 42
80 6 65
81 10 12
82 13 49
83 50 54
84 1 13
85 58 86
86 4 14
87 46 58
88 19 20
89 30 35
90 34 62
91 42 46
92 6 56
93 18 55
94 38 50
95 25 31
96 64 78
97 14 59
98 1 6
99 2 63
100 5 18
101 9 87
102 27 45
103 30 42
104 34 57
105 23 25
106 6 51
107 10 62
108 55 87
109 38 53
110 3 85
111 43 58
112 64 69
113 11 21
114 21 84
115 46 68
116 68 81
117 51 59
118 15 33
119 62 68
120 9 88
121 27 34
122 30 45
123 34 48
124 55 63
125 24 70
126 35 51
127 38 44
128 40 70
129 65 66
130 1 16
131 83 89
132 68 88
133 10 81
134 24 77
135 23 47
136 25 65
137 10 32
138 38 39
139 8 22
140 46 86
141 47 76
142 68 71
143 15 55
144 2 8
145 24 37
146 5 13
147 27 48
148 30 31
149 87 90
150 3 59
151 23 36
152 10 43
153 31 36
154 74 76
155 75 86
156 4 90
157 7 63
158 11 56
159 29 78
160 7 76
161 68 78
162 2 3
163 24 44
164 10 67
165 52 55
166 59 79
167 23 61
168 28 40
169 32 43
170 31 45
171 35 38
172 75 79
173 4 65
174 7 52
175 53 65
176 12 16
177 52 62
178 56 57
179 59 68
180 6 22
181 81 87
182 28 39
183 32 34
184 31 42
185 35 47
186 60 61
187 8 11
188 16 59
189 39 43
190 7 66
191 12 15
192 69 74
193 2 21
194 6 9
195 82 86
196 28 62
197 32 57
198 40 41
199 16 50
200 44 45
201 9 21
202 27 28
203 20 53
204 25 38
205 28 53
206 32 48
207 8 57
208 54 90
209 9 30
210 15 16
211 19 85
212 66 72
213 20 60
214 3 28
215 25 47
216 8 32
217 63 79
218 29 43
219 33 40
220 19 90
221 20 84
222 66 67
223 49 57
224 13 19
225 20 59
226 3 5
227 25 48
228 8 88
229 45 77
230 84 88
231 85 86
232 53 61
233 1 47
234 57 58
235 7 17
236 29 36
237 36 42
238 54 84
239 79 84
240 76 80
241 6 90
242 49 50
243 67 88
244 3 10
245 45 70
246 14 85
247 1 32
248 7 14
249 33 58
250 72 75
251 41 42
252 27 75
253 12 42
254 37 62
255 76 79
256 24 29
257 45 46
258 10 16
259 85 88
260 70 73
261 1 57
262 4 18
263 26 35
264 33 51
265 16 21
266 9 58
267 37 39
268 77 80
269 42 50
270 6 84
271 67 70
272 18 90
273 58 69
274 21 63
275 4 25
276 26 42
277 33 52
278 73 77
279 54 57
280 61 73
281 30 54
282 88 89
283 51 79
284 34 45
285 67 79
286 30 65
287 13 55
288 50 60
289 71 75
290 1 11
291 57 86
292 46 48
293 36 78
294 58 63
295 61 66
296 51 84
297 34 36
298 37 41
299 10 13
300 64 72
301 50 55
302 1 12
303 30 32
304 34 63
305 42 47
306 25 30
307 64 79
308 14 56
309 1 5
310 51 53
311 5 17
312 27 44
313 30 43
314 34 54
315 17 22
316 23 24
317 10 63
318 74 80
319 55 86
320 38 42
321 3 84
322 64 70
323 65 72
324 11 20
325 58 89
326 22 67
327 46 69
328 51 58
329 2 55
330 5 26
331 62 69
332 27 37
333 34 49
334 55 62
335 24 71
336 35 50
337 38 45
338 43 50
339 8 16
340 11 13
341 1 23
342 22 90
343 83 88
344 68 89
345 2 14
346 3 53
347 24 78
348 23 46
349 10 33
350 31 62
351 75 80
352 40 78
353 47 79
354 2 9
355 24 38
356 5 12
357 3 58
358 23 39
359 10 40
360 31 39
361 74 77
362 28 65
363 14 20
364 22 84
365 26 27
366 44 65
367 68 79
368 69 71
369 56 68
370 24 45
371 3 35
372 59 78
373 28 41
374 32 44
375 31 44
376 35 41
377 18 19
378 75 78
379 65 84
380 14 31
381 39 45
382 12 17
383 16 84
384 52 63
385 56 58
386 81 86
387 28 32
388 32 35
389 35 46
390 60 62
391 8 12
392 28 87
393 16 60
394 53 73
395 39 42
396 9 19
397 48 50
398 69 73
399 2 18
400 6 14
401 82 87
402 32 58
403 40 42
404 8 51
405 63 88
406 16 51
407 72 80
408 36 62
409 44 46
410 9 20
411 27 31
412 66 78
413 35 79
414 3 22
415 23 75
416 25 37
417 32 49
418 14 65
419 63 65
420 36 37
421 15 19
422 19 84
423 66 73
424 3 31
425 25 46
426 63 78
427 29 42
428 33 47
429 73 80
430 36 44
431 42 70
432 49 56
433 13 18
434 3 4
435 45 76
436 84 89
437 32 79
438 14 83
439 53 60
440 7 16
441 48 79
442 11 85
443 29 35
444 36 43
445 54 85
446 9 15
447 10 22
448 3 13
449 14 90
450 1 39
451 4 20
452 7 9
453 12 84
454 72 76
455 24 30
456 10 17
457 70 78
458 1 56
459 4 19
460 26 32
461 29 53
462 33 50
463 16 22
464 73 75
465 2 89
466 9 57
467 37 38
468 77 79
469 42 51
470 10 24
471 13 61
472 71 77
473 26 43
474 73 76
475 54 62
476 5 37
477 88 90
478 34 42
479 37 47
480 42 58
481 50 61
482 71 74
483 1 10
484 46 49
485 36 79
486 58 60
487 30 62
488 34 37
489 15 69
490 52 79
491 37 40
492 18 58
493 50 52
494 14 54
495 1 3
496 58 84
497 4 8
498 19 22
499 27 86
500 30 33
501 34 60
502 42 44
503 6 62
504 10 53
505 55 88
506 38 48
507 25 29
508 14 57
509 18 68
510 1 4
511 68 84
512 51 52
513 5 16
514 61 83
515 9 85
516 27 47
517 30 40
518 17 21
519 24 65
520 23 27
521 38 43
522 64 71
523 65 79
524 43 77
525 68 83
526 51 61
527 27 36
528 10 84
529 55 57
530 24 72
531 31 48
532 35 53
533 43 53
534 8 17
535 28 76
536 11 12
537 47 65
538 2 15
539 24 32
540 86 87
541 3 52
542 24 79
543 23 41
544 35 58
545 75 83
546 14 18
547 47 78
548 2 6
549 24 39
550 5 11
551 27 50
552 23 38
553 10 41
554 31 38
555 28 66
556 11 58
557 14 21
558 22 85
559 68 72
560 69 70
561 56 69
562 24 46
563 10 65
564 59 65
565 28 42
566 32 45
567 31 47
568 35 40
569 4 67
570 29 69
571 14 28
572 53 79
573 39 44
574 12 18
575 69 79
576 24 53
577 52 56
578 56 59
579 20 33
580 3 43
581 6 20
582 81 85
583 28 33
584 32 36
585 38 78
586 60 63
587 8 13
588 16 61
589 53 72
590 36 48
591 44 48
592 9 18
593 69 72
594 2 19
595 3 16
596 25 35
597 6 15
598 82 84
599 38 65
600 40 43
601 16 52
602 53 81
603 44 47
604 15 21
605 56 90
606 27 30
607 66 79
608 20 55
609 59 84
610 23 74
611 25 36
612 32 50
613 39 74
614 36 38
615 54 88
616 15 18
617 66 70
618 3 30
619 25 45
620 39 67
621 4 39
622 63 73
623 29 41
624 33 46
625 36 45
626 41 62
627 49 63
628 13 17
629 3 7
630 25 54
631 8 90
632 84 90
633 53 59
634 4 46
635 7 19
636 11 84
637 29 34
638 33 39
639 9 14
640 42 78
641 5 90
642 3 12
643 45 68
644 4 21
645 26 38
646 7 8
647 12 85
648 72 77
649 1 87
650 9 55
651 27 77
652 24 31
653 70 79
654 4 28
655 26 33
656 33 49
657 73 74
658 9 56
659 77 78
660 42 48
661 10 25
662 67 72
663 13 60
664 71 76
665 18 88
666 21 61
667 26 40
668 46 47
669 36 65
670 54 63
671 34 43
672 52 65
673 37 46
674 13 53
675 50 58
676 14 44
677 1 9
678 80 83
679 46 54
680 58 61
681 30 63
682 10 11
683 30 78
684 31 68
685 38 62
686 25 27
687 64 74
688 50 53
689 1 2
690 4 9
691 26 58
692 29 31
693 37 79
694 5 22
695 27 41
696 30 38
697 17 19
698 42 45
699 23 29
700 6 63
701 10 50
702 38 49
703 3 81
704 25 28
705 64 65
706 11 17
707 68 85
708 51 55
709 2 58
710 27 46
711 30 41
712 86 90
713 34 52
714 24 66
715 23 26
716 38 40
717 65 78
718 11 22
719 1 28
720 21 81
721 83 85
722 46 75
723 51 60
724 27 39
725 55 56
726 59 61
727 10 36
728 35 52
729 43 52
730 8 18
731 65 71
732 28 77
733 11 15
734 1 21
735 21 90
736 83 90
737 2 12
738 24 33
739 20 21
740 23 40
741 6 32
742 25 70
743 40 48
744 3 68
745 43 45
746 28 68
747 14 19
748 26 30
749 7 80
750 44 68
751 2 7
752 24 40
753 27 53
754 47 62
755 20 28
756 23 33
757 25 79
758 81 90
759 28 44
760 31 33
761 74 75
762 7 56
763 28 67
764 14 26
765 53 69
766 7 73
767 12 20
768 2 30
769 24 47
770 3 37
771 6 18
772 81 83
773 28 43
774 13 68
775 31 46
776 35 43
777 63 84
778 53 78
779 39 47
780 44 58
781 12 19
782 69 78
783 52 57
784 56 60
785 3 42
786 59 89
787 6 21
788 81 84
789 82 90
790 28 34
791 32 37
792 38 79
793 8 14
794 36 49
795 54 79
796 9 17
797 2 16
798 3 19
799 25 34
800 6 12
801 82 85
802 28 57
803 32 60
804 40 44
805 21 22
806 63 90
807 29 86
808 16 53
809 15 20
810 19 81
811 66 76
812 59 87
813 25 43
814 6 7
815 28 48
816 84 85
817 32 51
818 39 69
819 29 47
820 36 39
821 1 67
822 66 71
823 23 66
824 25 44
825 7 21
826 63 72
827 29 40
828 33 45
829 16 35
830 36 46
831 26 68
832 20 87
833 42 68
834 49 62
835 67 84
836 13 16
837 3 6
838 32 65
839 14 81
840 53 58
841 57 63
842 7 18
843 29 33
844 33 38
845 79 81
846 9 13
847 37 50
848 76 83
849 24 25
850 42 79
851 45 50
852 10 20
853 49 55
854 3 15
855 23 80
856 25 62
857 45 67
858 28 29
859 26 39
860 7 11
861 16 17
862 72 78
863 41 47
864 9 54
865 27 76
866 10 31
867 66 80
868 70 76
869 21 51
870 26 46
871 33 48
872 2 87
873 5 58
874 61 77
875 9 63
876 42 49
877 13 59
878 70 71
879 71 79
880 26 41
881 12 68
882 54 60
883 34 40
884 37 45
885 62 63
886 30 68
887 13 52
888 50 59
889 1 8
890 26 48
891 12 67
892 54 55
893 5 44
894 62 87
895 30 60
896 34 35
897 18 56
898 25 26
899 64 75
900 14 52
901 46 62
902 29 30
903 5 21
904 27 40
905 30 39
906 34 58
907 17 18
908 23 28
909 64 66
910 11 16
911 14 63
912 46 65
913 68 86
914 51 54
915 27 33
916 30 46
917 18 42
918 38 41
919 43 62
920 65 77
921 1 19
922 43 79
923 83 84
924 51 63
925 2 50
926 5 7
927 27 38
928 55 59
929 59 60
930 10 37
931 31 50
932 8 19
933 64 80
934 65 70
935 28 78
936 11 14
937 1 20
938 44 78
939 7 90
940 47 67
941 2 13
942 24 34
943 47 48
944 87 89
945 20 22
946 23 43
947 10 44
948 35 60
949 43 44
950 28 69
951 14 16
952 26 31
953 7 83
954 15 51
955 2 4
956 24 41
957 5 9
958 3 63
959 23 32
960 25 78
961 81 89
962 28 45
963 32 40
964 31 32
965 35 37
966 7 59
967 14 27
968 89 90
969 53 68
970 7 72
971 12 21
972 68 74
973 24 48
974 10 79
975 6 19
976 81 82
977 28 36
978 32 47
979 13 67
980 31 41
981 35 42
982 40 63
983 4 77
984 16 56
985 53 77
986 39 46
987 7 65
988 69 77
989 16 87
990 52 58
991 56 61
992 6 10
993 28 35
994 32 38
995 8 15
996 16 63
997 36 50
998 44 50
999 9 16
1000 2 17
1001 24 62
1002 3 18
1003 25 33
1004 6 13
1005 28 58
1006 40 45
1007 8 54
1008 63 69
1009 16 54
1010 41 50
1011 66 77
1012 20 49
1013 25 42
1014 45 87
1015 28 49
1016 84 86
1017 32 52
1018 14 68
1019 53 55
1020 39 68
1021 8 61
1022 63 66
1023 11 88
1024 29 46
1025 33 43
1026 15 28
1027 41 68
1028 66 68
1029 13 22
1030 14 79
1031 1 42
1032 7 20
1033 29 39
1034 33 44
1035 36 47
1036 9 11
1037 49 61
1038 67 87
1039 13 15
1040 3 9
1041 53 57
1042 57 62
1043 7 13
1044 29 32
1045 33 37
1046 9 12
1047 12 47
1048 37 49
1049 24 26
1050 10 21
1051 49 54
1052 3 14
1053 28 30
1054 32 89
1055 14 89
1056 70 74
1057 26 36
1058 7 10
1059 12 87
1060 33 62
1061 16 18
1062 72 79
1063 41 46
1064 27 79
1065 51 69
1066 6 81
1067 10 28
1068 67 69
1069 14 32
1070 70 77
1071 26 47
1072 29 50
1073 36 68
1074 54 58
1075 61 76
1076 27 68
1077 30 51
1078 34 46
1079 67 74
1080 13 58
1081 14 43
1082 71 78
1083 58 65
1084 4 5
1085 54 61
1086 30 58
1087 34 41
1088 37 44
1089 6 67
1090 10 14
1091 13 51
1092 50 56
1093 1 15
1094 4 12
1095 26 49
1096 46 52
1097 58 59
1098 5 43
1099 6 58
1100 13 44
1101 64 76
1102 50 51
1103 14 53
1104 4 11
1105 5 20
1106 27 43
1107 30 36
1108 15 79
1109 42 43
1110 23 31
1111 6 61
1112 10 48
1113 31 79
1114 64 67
1115 65 75
1116 11 19
1117 46 70
1118 51 57
1119 2 56
1120 61 80
1121 9 90
1122 27 32
1123 30 47
1124 86 88
1125 34 50
1126 15 84
1127 55 61
1128 24 68
1129 6 52
1130 35 49
1131 38 46
1132 3 88
1133 65 76
1134 1 18
1135 43 78
1136 83 87
1137 51 62
1138 2 51
1139 5 6
1140 10 83
1141 55 58
1142 59 63
1143 23 45
1144 35 54
1145 3 65
1146 43 54
1147 8 20
1148 65 69
1149 28 79
1150 21 88
1151 44 79
1152 68 69
1153 2 10
1154 24 35
1155 5 15
1156 27 62
1157 10 90
1158 47 51
1159 87 88
1160 15 90
1161 23 42
1162 25 68
1163 10 45
1164 74 78
1165 43 47
1166 7 61
1167 14 17
1168 22 81
1169 26 28
1170 68 76
1171 16 90
1172 2 5
1173 24 42
1174 5 8
1175 52 53
1176 23 35
1177 25 77
1178 81 88
1179 28 46
1180 32 41
1181 31 35
1182 35 36
1183 18 20
1184 75 77
1185 3 79
1186 7 58
1187 14 24
1188 39 48
1189 12 22
1190 16 81
1191 15 59
1192 24 49
1193 52 60
1194 3 39
1195 6 16
1196 28 37
1197 13 66
1198 31 40
1199 35 45
1200 4 78
1201 8 9
1202 7 51
1203 16 57
1204 53 76
1205 39 41
1206 44 52
1207 7 64
1208 47 89
1209 12 13
1210 69 76
1211 52 59
1212 56 62
1213 6 11
1214 82 88
1215 32 39
1216 38 77
1217 16 79
1218 3 21
1219 25 32
1220 82 83
1221 32 62
1222 14 66
1223 38 68
1224 39 78
1225 40 46
1226 8 55
1227 63 68
1228 16 55
1229 36 58
1230 41 49
1231 15 22
1232 66 74
1233 20 50
1234 3 26
1235 23 71
1236 25 41
1237 28 50
1238 84 87
1239 32 53
1240 14 69
1241 53 54
1242 39 71
1243 63 77
1244 29 45
1245 33 42
1246 73 83
1247 41 58
1248 12 58
1249 45 62
1250 66 69
1251 49 59
1252 13 21
1253 25 50
1254 45 79
1255 32 76
1256 53 63
1257 7 23
1258 29 38
1259 33 35
1260 36 40
1261 9 10
1262 76 86
1263 49 60
1264 13 14
1265 3 8
1266 32 67
1267 70 80
1268 53 56
1269 57 61
1270 7 12
1271 12 89
1272 33 36
1273 72 73
1274 2 67
1275 37 48
1276 76 77
1277 24 27
1278 42 77
1279 45 48
1280 49 53
1281 45 65
1282 28 31
1283 85 90
1284 70 75
1285 4 16
1286 26 37
1287 16 19
1288 2 90
1289 41 45
1290 9 52
1291 27 78
1292 12 39
1293 51 68
1294 10 29
1295 67 68
1296 14 33
1297 71 80
1298 26 44
1299 29 49
1300 73 79
1301 54 59
1302 9 61
1303 30 48
1304 34 47
1305 67 77
1306 50 62
1307 71 73
1308 21 58
1309 4 6
1310 46 50
1311 36 76
1312 5 33
1313 34 38
1314 37 43
1315 10 15
1316 18 63
1317 38 58
1318 50 57
1319 14 51
1320 1 14
1321 4 13
1322 26 62
1323 46 53
1324 19 21
1325 5 42
1326 6 59
1327 18 54
1328 64 77
1329 14 58
1330 1 7
1331 21 76
1332 46 60
1333 5 19
1334 27 42
1335 30 37
1336 23 30
1337 65 74
1338 11 18
1339 14 61
1340 21 85
1341 46 71
1342 51 56
1343 5 28
1344 27 35
1345 30 44
1346 86 89
1347 34 51
1348 55 60
1349 6 53
1350 35 48
1351 38 47
1352 43 48
1353 65 67
1354 43 65
1355 83 86
1356 47 68
1357 47 53
1358 3 51
1359 59 62
1360 24 76
1361 23 44
1362 25 66
1363 10 35
1364 3 64
1365 8 21
1366 65 68
1367 28 72
1368 14 15
1369 43 70
1370 47 77
1371 68 70
1372 69 80
1373 2 11
1374 24 36
1375 5 14
1376 27 49
1377 3 56
1378 23 37
1379 10 42
1380 50 69
1381 13 79
1382 31 37
1383 35 62
1384 18 26
1385 74 79
1386 40 51
1387 3 73
1388 43 46
1389 28 71
1390 11 57
1391 29 79
1392 14 22
1393 26 29
1394 47 74
1395 68 77
1396 24 43
1397 10 66
1398 52 54
1399 20 31
1400 3 33
1401 23 34
1402 25 76
1403 28 47
1404 32 42
1405 31 34
1406 35 39
1407 18 21
1408 75 76
1409 4 64
1410 7 53
1411 65 86
1412 14 25
1413 53 66
1414 44 62
1415 24 50
1416 10 77
1417 52 61
1418 3 38
1419 59 69
1420 6 17
1421 28 38
1422 32 33
1423 13 65
1424 31 43
1425 35 44
1426 4 79
1427 8 10
1428 11 55
1429 16 58
1430 36 53
1431 39 40
1432 44 53
1433 12 14
1434 69 75
1435 2 20
1436 24 57
1437 35 68
1438 56 63
1439 23 48
1440 6 8
1441 82 89
1442 53 84
1443 27 29
1444 20 52
1445 3 20
1446 25 39
1447 28 52
1448 40 47
1449 8 56
1450 54 69
1451 41 48
1452 78 79
1453 15 17
1454 66 75
1455 20 51
1456 25 40
