1 21 28
2 4 36
3 7 25
4 11 90
5 29 44
6 33 41
7 16 47
8 73 82
9 1 64
10 2 78
11 78 86
12 15 30
13 76 88
14 67 80
15 13 20
16 60 81
17 25 49
18 45 78
19 85 87
20 53 62
21 1 40
22 57 59
23 21 37
24 4 35
25 8 38
26 7 22
27 11 83
28 29 37
29 33 34
30 16 38
31 36 41
32 54 87
33 78 89
34 61 63
35 79 85
36 12 50
37 37 54
38 76 87
39 49 51
40 3 11
41 1 33
42 57 60
43 21 46
44 4 42
45 8 45
46 7 15
47 11 72
48 12 90
49 16 29
50 72 74
51 41 43
52 79 82
53 9 50
54 27 72
55 12 41
56 17 50
57 76 78
58 77 88
59 24 28
60 42 74
61 45 47
62 10 19
63 66 84
64 49 52
65 30 86
66 85 89
67 57 69
68 4 17
69 26 34
70 29 55
71 12 81
72 16 20
73 41 44
74 22 30
75 12 32
76 17 43
77 77 81
78 5 79
79 10 26
80 67 71
81 30 89
82 8 76
83 32 82
84 14 38
85 71 83
86 1 51
87 58 68
88 21 48
89 4 24
90 80 89
91 26 45
92 29 48
93 33 53
94 73 78
95 54 56
96 37 80
97 5 39
98 61 74
99 30 49
100 51 76
101 34 44
102 17 44
103 5 72
104 6 78
105 67 76
106 55 72
107 14 41
108 18 84
109 1 52
110 4 7
111 26 52
112 46 51
113 2 45
114 58 62
115 22 40
116 5 32
117 61 67
118 62 83
119 9 37
120 34 39
121 17 37
122 37 42
123 10 12
124 30 75
125 13 49
126 55 65
127 14 48
128 18 79
129 1 13
130 4 14
131 80 87
132 19 20
133 2 36
134 22 35
135 5 41
136 9 46
137 30 35
138 51 90
139 17 30
140 42 46
141 13 42
142 38 50
143 25 31
144 11 28
145 14 59
146 1 6
147 19 29
148 5 18
149 27 45
150 30 42
151 52 83
152 17 23
153 23 25
154 6 51
155 50 89
156 13 35
157 18 46
158 74 83
159 55 87
160 64 69
161 11 21
162 1 31
163 15 33
164 19 34
165 5 27
166 62 68
167 27 34
168 30 45
169 34 48
170 55 63
171 6 42
172 50 80
173 35 51
174 18 41
175 74 90
176 75 88
177 38 44
178 40 70
179 43 51
180 65 66
181 1 16
182 83 89
183 15 46
184 19 43
185 2 49
186 22 52
187 62 79
188 27 59
189 47 52
190 3 50
191 23 47
192 6 45
193 25 65
194 10 32
195 18 32
196 75 81
197 38 39
198 8 22
199 47 76
200 68 71
201 19 48
202 2 8
203 24 37
204 5 13
205 27 48
206 30 31
207 87 90
208 3 59
209 23 36
210 6 36
211 25 74
212 10 43
213 13 78
214 31 36
215 18 27
216 74 76
217 75 86
218 40 52
219 8 29
220 29 78
221 14 23
222 7 76
223 12 25
224 56 67
225 2 3
226 24 44
227 35 89
228 20 24
229 3 32
230 25 83
231 6 31
232 28 40
233 32 43
234 31 45
235 35 38
236 75 79
237 40 59
238 7 52
239 11 49
240 14 30
241 53 65
242 39 50
243 12 16
244 16 83
245 2 26
246 24 51
247 56 57
248 20 39
249 3 41
250 59 68
251 60 78
252 25 84
253 6 22
254 81 87
255 28 39
256 32 34
257 31 42
258 35 47
259 60 61
260 8 11
261 7 45
262 29 64
263 53 74
264 39 43
265 48 49
266 12 15
267 69 74
268 16 74
269 2 21
270 20 46
271 3 46
272 60 69
273 23 51
274 6 9
275 82 86
276 40 41
277 39 83
278 8 50
279 7 42
280 11 47
281 16 50
282 54 67
283 44 45
284 9 21
285 42 87
286 27 28
287 35 76
288 3 23
289 59 82
290 23 72
291 25 38
292 32 48
293 7 35
294 63 70
295 11 36
296 29 82
297 16 41
298 72 86
299 54 90
300 1 78
301 9 30
302 15 16
303 17 78
304 66 72
305 13 26
306 3 28
307 25 47
308 21 27
309 4 37
310 8 32
311 7 24
312 29 43
313 33 40
314 16 32
315 73 81
316 1 71
317 2 79
318 78 87
319 12 52
320 15 25
321 19 90
322 76 89
323 42 89
324 5 83
325 45 60
326 66 67
327 13 19
328 3 5
329 60 82
330 25 48
331 84 88
332 85 86
333 32 78
334 53 61
335 1 47
336 57 58
337 21 36
338 4 44
339 8 39
340 7 17
341 48 78
342 29 36
343 16 39
344 73 90
345 36 42
346 61 62
347 79 84
348 12 51
349 76 80
350 6 90
351 66 90
352 49 50
353 67 88
354 3 10
355 1 32
356 57 67
357 21 45
358 4 43
359 8 46
360 7 14
361 16 30
362 72 75
363 36 81
364 41 42
365 5 52
366 9 49
367 27 75
368 12 42
369 17 49
370 20 90
371 76 79
372 77 87
373 24 29
374 42 75
375 45 46
376 10 16
377 30 87
378 85 88
379 70 73
380 1 57
381 57 68
382 4 18
383 26 35
384 33 51
385 16 21
386 22 31
387 79 90
388 27 64
389 12 33
390 17 42
391 37 39
392 77 80
393 42 50
394 5 78
395 10 27
396 67 70
397 32 83
398 14 39
399 71 82
400 1 50
401 58 69
402 4 25
403 80 90
404 26 42
405 33 52
406 73 77
407 54 57
408 5 38
409 61 73
410 9 35
411 27 89
412 88 89
413 51 79
414 34 45
415 17 35
416 67 79
417 55 75
418 14 46
419 71 75
420 1 11
421 80 81
422 46 48
423 36 78
424 2 42
425 58 63
426 22 41
427 5 47
428 61 66
429 9 36
430 34 36
431 17 36
432 52 78
433 37 41
434 10 13
435 30 72
436 13 48
437 55 64
438 14 49
439 1 12
440 58 87
441 4 15
442 19 23
443 2 37
444 22 32
445 5 40
446 9 45
447 30 32
448 17 29
449 42 47
450 10 52
451 13 41
452 18 52
453 38 51
454 25 30
455 11 31
456 1 5
457 19 28
458 37 74
459 5 17
460 62 66
461 27 44
462 30 43
463 17 22
464 23 24
465 6 48
466 13 34
467 18 47
468 74 80
469 38 42
470 40 64
471 64 70
472 11 20
473 1 30
474 15 32
475 19 37
476 22 50
477 5 26
478 62 69
479 27 37
480 34 49
481 55 62
482 6 43
483 10 38
484 31 49
485 35 50
486 18 38
487 38 45
488 40 71
489 43 50
490 8 16
491 11 13
492 1 23
493 44 83
494 7 89
495 83 88
496 15 41
497 19 42
498 2 14
499 62 76
500 24 78
501 23 46
502 6 34
503 25 64
504 10 33
505 50 72
506 18 33
507 75 80
508 40 78
509 8 23
510 65 90
511 19 51
512 2 9
513 24 38
514 5 12
515 27 51
516 35 83
517 23 39
518 6 37
519 25 73
520 10 40
521 31 39
522 18 24
523 74 77
524 3 75
525 8 30
526 65 83
527 14 20
528 53 71
529 39 52
530 26 27
531 12 26
532 69 71
533 56 68
534 24 45
535 34 90
536 20 25
537 3 35
538 25 82
539 6 28
540 28 41
541 32 44
542 31 44
543 35 41
544 18 19
545 75 78
546 28 88
547 11 48
548 14 31
549 53 64
550 39 45
551 12 17
552 2 27
553 24 52
554 56 58
555 20 32
556 3 40
557 59 71
558 60 79
559 6 23
560 81 86
561 28 32
562 32 35
563 35 46
564 60 62
565 8 12
566 7 44
567 11 41
568 53 73
569 54 73
570 39 42
571 9 19
572 48 50
573 47 90
574 17 83
575 2 18
576 20 47
577 3 17
578 60 70
579 23 50
580 6 14
581 82 87
582 40 42
583 39 82
584 4 48
585 8 51
586 7 37
587 48 90
588 11 46
589 16 51
590 72 80
591 53 82
592 54 64
593 44 46
594 9 20
595 19 79
596 27 31
597 66 78
598 3 22
599 25 37
600 45 90
601 32 49
602 39 75
603 7 34
604 63 65
605 11 39
606 16 42
607 72 87
608 36 37
609 9 29
610 15 19
611 19 84
612 20 78
613 66 73
614 13 25
615 3 31
616 60 84
617 25 46
618 8 82
619 45 83
620 32 72
621 21 26
622 4 38
623 8 33
624 7 27
625 29 42
626 33 47
627 16 33
628 73 80
629 36 44
630 78 84
631 15 24
632 76 90
633 5 82
634 67 82
635 13 18
636 3 4
637 60 83
638 23 89
639 8 89
640 45 76
641 84 89
642 53 60
643 1 46
644 21 35
645 4 45
646 8 40
647 7 16
648 29 35
649 16 24
650 73 89
651 36 43
652 79 87
653 9 15
654 12 44
655 37 52
656 76 81
657 45 52
658 10 22
659 3 13
660 25 56
661 1 39
662 57 66
663 21 44
664 4 20
665 8 47
666 7 9
667 33 57
668 16 31
669 72 76
670 36 82
671 5 51
672 9 48
673 12 43
674 17 48
675 77 86
676 24 30
677 42 72
678 10 17
679 66 82
680 30 84
681 33 65
682 70 78
683 1 56
684 57 75
685 4 19
686 26 32
687 29 53
688 33 50
689 16 22
690 73 75
691 22 28
692 61 79
693 12 34
694 17 41
695 37 38
696 77 79
697 42 51
698 10 24
699 67 73
700 55 77
701 8 78
702 14 36
703 1 49
704 58 66
705 4 26
706 26 43
707 73 76
708 54 62
709 22 23
710 5 37
711 61 72
712 26 90
713 9 34
714 88 90
715 51 78
716 34 42
717 17 34
718 52 64
719 37 47
720 6 76
721 67 78
722 55 74
723 14 47
724 71 74
725 1 10
726 80 82
727 26 50
728 46 49
729 2 43
730 58 60
731 22 46
732 5 46
733 61 65
734 62 81
735 9 43
736 34 37
737 17 27
738 52 79
739 37 40
740 30 73
741 13 47
742 55 67
743 11 25
744 50 52
745 1 3
746 58 84
747 4 8
748 19 22
749 2 34
750 22 33
751 5 23
752 62 88
753 9 44
754 30 33
755 52 86
756 17 28
757 42 44
758 49 86
759 13 40
760 74 86
761 55 88
762 38 48
763 40 90
764 25 29
765 11 30
766 1 4
767 51 52
768 19 31
769 37 73
770 5 16
771 62 67
772 27 47
773 30 40
774 17 21
775 23 27
776 6 49
777 13 33
778 18 44
779 74 81
780 55 81
781 38 43
782 40 65
783 64 71
784 11 23
785 1 29
786 21 82
787 15 35
788 19 36
789 2 52
790 22 51
791 5 25
792 62 74
793 27 36
794 34 78
795 55 57
796 6 40
797 10 39
798 50 78
799 13 90
800 31 48
801 18 39
802 74 88
803 75 90
804 8 17
805 28 76
806 11 12
807 1 22
808 68 90
809 15 40
810 19 45
811 2 15
812 24 32
813 62 77
814 86 87
815 34 73
816 15 89
817 3 52
818 24 79
819 23 41
820 6 35
821 10 46
822 50 73
823 18 30
824 75 83
825 8 24
826 14 18
827 47 78
828 12 28
829 15 49
830 19 50
831 2 6
832 24 39
833 5 11
834 9 72
835 27 50
836 35 82
837 23 38
838 6 26
839 25 72
840 10 41
841 31 38
842 18 25
843 40 54
844 8 31
845 14 21
846 53 70
847 7 78
848 12 27
849 69 70
850 56 69
851 24 46
852 20 26
853 3 34
854 59 65
855 25 81
856 6 29
857 28 42
858 32 45
859 31 47
860 35 40
861 4 67
862 63 85
863 28 89
864 11 51
865 29 69
866 14 28
867 53 79
868 39 44
869 12 18
870 2 24
871 56 59
872 20 33
873 3 43
874 59 70
875 60 72
876 23 52
877 6 20
878 25 90
879 81 85
880 28 33
881 32 36
882 38 78
883 60 63
884 8 13
885 7 47
886 11 40
887 36 48
888 44 48
889 9 18
890 48 51
891 2 19
892 35 73
893 20 40
894 3 16
895 60 71
896 25 35
897 23 77
898 6 15
899 82 84
900 32 59
901 40 43
902 21 23
903 4 49
904 8 52
905 7 36
906 11 33
907 16 52
908 72 81
909 54 65
910 44 47
911 9 27
912 15 21
913 19 78
914 42 85
915 27 30
916 13 31
917 35 78
918 3 25
919 25 36
920 32 50
921 8 59
922 7 29
923 63 64
924 11 38
925 16 43
926 72 88
927 36 38
928 78 82
929 9 28
930 15 18
931 17 76
932 66 70
933 13 24
934 3 30
935 60 85
936 25 45
937 8 83
938 70 90
939 21 25
940 4 39
941 8 34
942 7 26
943 29 41
944 33 46
945 16 34
946 73 87
947 36 45
948 54 83
949 78 85
950 15 27
951 41 79
952 67 85
953 13 17
954 3 7
955 25 54
956 8 90
957 84 90
958 32 64
959 53 59
960 1 45
961 21 34
962 4 46
963 8 41
964 7 19
965 29 34
966 33 39
967 16 25
968 73 88
969 79 86
970 26 78
971 9 14
972 12 45
973 37 51
974 76 82
975 42 78
976 5 90
977 45 51
978 10 23
979 66 88
980 30 82
981 3 12
982 1 38
983 57 65
984 21 43
985 4 21
986 26 38
987 7 8
988 72 77
989 36 83
990 22 26
991 5 50
992 12 36
993 77 85
994 24 31
995 10 30
996 66 83
997 30 85
998 8 72
999 14 34
1000 70 79
1001 71 87
1002 21 52
1003 4 28
1004 26 33
1005 29 52
1006 33 49
1007 16 23
1008 73 74
1009 22 29
1010 5 59
1011 61 78
1012 12 35
1013 51 72
1014 17 40
1015 77 78
1016 42 48
1017 5 76
1018 10 25
1019 67 72
1020 55 76
1021 14 37
1022 1 48
1023 57 83
1024 58 67
1025 4 27
1026 26 40
1027 46 47
1028 54 63
1029 2 81
1030 5 36
1031 61 71
1032 9 33
1033 30 52
1034 34 43
1035 17 33
1036 37 46
1037 55 69
1038 14 44
1039 18 83
1040 1 9
1041 58 74
1042 80 83
1043 26 51
1044 2 40
1045 58 61
1046 22 47
1047 5 45
1048 61 64
1049 62 86
1050 9 42
1051 17 26
1052 10 11
1053 30 78
1054 13 46
1055 55 66
1056 25 27
1057 64 74
1058 11 24
1059 1 2
1060 4 9
1061 29 31
1062 19 25
1063 2 35
1064 37 79
1065 22 38
1066 5 22
1067 9 83
1068 27 41
1069 30 38
1070 17 19
1071 42 45
1072 23 29
1073 10 50
1074 49 85
1075 13 39
1076 18 50
1077 74 87
1078 38 49
1079 3 81
1080 25 28
1081 64 65
1082 11 17
1083 1 27
1084 22 78
1085 15 37
1086 19 30
1087 5 31
1088 61 82
1089 62 64
1090 27 46
1091 30 41
1092 86 90
1093 34 52
1094 17 20
1095 23 26
1096 49 78
1097 13 32
1098 18 45
1099 55 80
1100 38 40
1101 40 66
1102 11 22
1103 1 28
1104 83 85
1105 15 34
1106 19 39
1107 22 48
1108 5 24
1109 62 75
1110 27 39
1111 34 79
1112 15 83
1113 55 56
1114 59 61
1115 6 41
1116 10 36
1117 50 79
1118 31 51
1119 35 52
1120 18 36
1121 74 89
1122 43 52
1123 8 18
1124 65 71
1125 11 15
1126 1 21
1127 83 90
1128 15 43
1129 19 44
1130 2 12
1131 24 33
1132 47 49
1133 20 21
1134 23 40
1135 6 32
1136 10 47
1137 18 31
1138 75 82
1139 38 90
1140 40 48
1141 43 45
1142 8 25
1143 14 19
1144 26 30
1145 12 29
1146 15 48
1147 2 7
1148 24 40
1149 5 10
1150 9 79
1151 35 85
1152 20 28
1153 23 33
1154 6 27
1155 25 79
1156 81 90
1157 28 44
1158 31 33
1159 18 22
1160 74 75
1161 40 55
1162 14 26
1163 53 69
1164 12 20
1165 68 73
1166 56 70
1167 2 30
1168 24 47
1169 10 78
1170 20 27
1171 3 37
1172 59 64
1173 25 80
1174 6 18
1175 81 83
1176 28 43
1177 32 46
1178 31 46
1179 35 43
1180 40 62
1181 7 49
1182 63 84
1183 28 90
1184 11 50
1185 14 29
1186 53 78
1187 39 47
1188 12 19
1189 2 25
1190 34 83
1191 56 60
1192 20 34
1193 3 42
1194 60 73
1195 6 21
1196 81 84
1197 82 90
1198 28 34
1199 32 37
1200 8 14
1201 7 46
1202 11 43
1203 53 87
1204 36 49
1205 54 79
1206 44 49
1207 9 17
1208 48 52
1209 16 77
1210 17 81
1211 2 16
1212 35 72
1213 20 41
1214 3 19
1215 60 64
1216 23 76
1217 6 12
1218 25 34
1219 82 85
1220 40 44
1221 21 22
1222 4 50
1223 7 39
1224 63 90
1225 11 32
1226 72 82
1227 53 80
1228 54 70
1229 41 51
1230 9 26
1231 15 20
1232 19 81
1233 66 76
1234 13 30
1235 20 48
1236 3 24
1237 25 43
1238 6 7
1239 28 48
1240 84 85
1241 32 51
1242 21 31
1243 7 28
1244 63 67
1245 29 47
1246 16 44
1247 72 89
1248 36 39
1249 41 52
1250 78 83
1251 15 29
1252 66 71
1253 13 23
1254 60 86
1255 25 44
1256 14 78
1257 1 43
1258 21 24
1259 4 32
1260 8 35
1261 7 21
1262 29 40
1263 33 45
1264 16 35
1265 73 86
1266 36 46
1267 54 80
1268 78 90
1269 15 26
1270 76 84
1271 41 78
1272 67 84
1273 13 16
1274 3 6
1275 70 82
1276 53 58
1277 1 44
1278 57 63
1279 21 33
1280 4 47
1281 8 42
1282 7 18
1283 29 33
1284 33 38
1285 16 26
1286 36 85
1287 79 81
1288 9 13
1289 12 46
1290 37 50
1291 76 83
1292 24 25
1293 5 89
1294 6 89
1295 45 50
1296 10 20
1297 30 83
1298 3 15
1299 28 29
1300 32 88
1301 33 78
1302 1 37
1303 57 64
1304 21 42
1305 4 22
1306 26 39
1307 7 11
1308 11 76
1309 29 58
1310 16 17
1311 72 78
1312 41 47
1313 22 27
1314 5 49
1315 27 76
1316 12 37
1317 77 84
1318 10 31
1319 66 80
1320 33 71
1321 14 35
1322 71 86
1323 1 62
1324 21 51
1325 4 29
1326 26 46
1327 29 51
1328 33 48
1329 37 83
1330 61 77
1331 30 50
1332 17 47
1333 42 49
1334 67 75
1335 55 79
1336 14 42
1337 70 71
1338 18 89
1339 1 55
1340 58 64
1341 26 41
1342 54 60
1343 2 46
1344 5 35
1345 61 70
1346 9 32
1347 27 90
1348 51 80
1349 34 40
1350 17 32
1351 37 45
1352 62 63
1353 13 52
1354 55 68
1355 33 81
1356 14 45
1357 1 8
1358 80 84
1359 26 48
1360 54 55
1361 2 41
1362 22 44
1363 5 44
1364 62 87
1365 9 41
1366 27 83
1367 51 89
1368 34 35
1369 17 25
1370 49 83
1371 13 45
1372 25 26
1373 11 27
1374 14 52
1375 58 82
1376 21 78
1377 4 10
1378 43 81
1379 26 59
1380 19 24
1381 2 32
1382 37 78
1383 22 39
1384 5 21
1385 61 88
1386 27 40
1387 30 39
1388 17 18
1389 23 28
1390 10 51
1391 50 90
1392 13 38
1393 31 76
1394 18 51
1395 74 84
1396 55 90
1397 64 66
1398 11 16
1399 1 26
1400 22 79
1401 15 36
1402 19 33
1403 5 30
1404 62 65
1405 27 33
1406 30 46
1407 18 42
1408 38 41
1409 64 89
1410 1 19
1411 83 84
1412 15 45
1413 19 38
1414 2 50
1415 22 49
1416 5 7
1417 27 38
1418 34 76
1419 55 59
1420 3 49
1421 59 60
1422 6 46
1423 10 37
1424 31 50
1425 18 37
1426 8 19
1427 65 70
1428 28 78
1429 11 14
1430 1 20
1431 44 78
1432 7 90
1433 46 83
1434 15 42
1435 19 47
1436 2 13
1437 24 34
1438 47 48
1439 87 89
1440 20 22
1441 24 81
1442 23 43
1443 6 33
1444 10 44
1445 13 81
1446 18 28
1447 75 85
1448 40 49
1449 43 44
1450 8 26
1451 14 16
1452 26 31
1453 7 83
1454 46 90
1455 47 72
1456 12 30
1457 16 89
1458 15 51
1459 56 64
1460 19 52
1461 2 4
1462 24 41
1463 5 9
1464 9 78
1465 27 52
1466 20 29
1467 23 32
1468 6 24
1469 25 78
1470 81 89
1471 28 45
1472 32 40
1473 31 32
1474 35 37
1475 18 23
1476 38 82
1477 40 56
1478 7 59
1479 65 80
1480 14 27
1481 89 90
1482 53 68
1483 39 49
1484 7 72
1485 12 21
1486 16 80
1487 56 71
1488 2 31
1489 24 48
1490 20 36
1491 3 36
1492 59 67
1493 25 87
1494 6 19
1495 81 82
1496 28 36
1497 32 47
1498 31 41
1499 35 42
1500 40 63
1501 7 48
1502 29 67
1503 53 77
1504 39 46
1505 44 59
1506 2 22
1507 41 81
1508 34 80
1509 56 61
1510 20 35
1511 3 45
1512 25 88
1513 6 10
1514 28 35
1515 32 38
1516 4 52
1517 8 15
1518 7 41
1519 11 42
1520 53 86
1521 36 50
1522 54 76
1523 44 50
1524 9 16
1525 16 78
1526 19 75
1527 2 17
1528 41 90
1529 35 75
1530 20 42
1531 3 18
1532 60 65
1533 23 79
1534 6 13
1535 25 33
1536 40 45
1537 39 79
1538 4 51
1539 7 38
1540 63 69
1541 11 35
1542 72 83
1543 54 71
1544 41 50
1545 9 25
1546 15 23
1547 17 73
1548 42 83
1549 13 29
1550 20 49
1551 3 27
1552 59 86
1553 60 88
1554 25 42
1555 28 49
1556 84 86
1557 32 52
1558 53 55
1559 21 30
1560 7 31
1561 63 66
1562 11 88
1563 29 46
1564 33 43
1565 16 45
1566 72 90
1567 53 88
1568 78 80
1569 15 28
1570 42 90
1571 5 86
1572 66 68
1573 13 22
1574 60 87
1575 25 51
1576 32 75
1577 70 88
1578 1 42
1579 21 39
1580 4 33
1581 8 36
1582 7 20
1583 11 81
1584 29 39
1585 33 44
1586 16 36
1587 73 85
1588 36 47
1589 9 11
1590 12 48
1591 76 85
1592 67 87
1593 13 15
1594 3 9
1595 23 90
1596 25 52
1597 53 57
1598 1 35
1599 57 62
1600 21 32
1601 4 40
1602 8 43
1603 7 13
1604 29 32
1605 33 37
1606 36 86
1607 79 80
1608 9 12
1609 12 47
1610 37 49
1611 77 90
1612 24 26
1613 5 88
1614 42 76
1615 45 49
1616 10 21
1617 30 80
1618 3 14
1619 23 83
1620 28 30
1621 32 89
1622 70 74
1623 71 88
1624 1 36
1625 57 71
1626 21 41
1627 4 23
1628 26 36
1629 7 10
1630 33 62
1631 16 18
1632 72 79
1633 41 46
1634 22 24
1635 5 48
1636 79 89
1637 12 38
1638 77 83
1639 10 28
1640 67 69
1641 14 32
1642 70 77
1643 1 61
1644 58 70
1645 21 50
1646 4 30
1647 26 47
1648 29 50
1649 12 78
1650 33 55
1651 54 58
1652 61 76
1653 30 51
1654 34 46
1655 17 46
1656 6 72
1657 67 74
1658 55 78
1659 14 43
1660 71 78
1661 58 65
1662 4 5
1663 54 61
1664 2 47
1665 22 42
1666 5 34
1667 61 69
1668 9 39
1669 51 83
1670 34 41
1671 17 39
1672 37 44
1673 10 14
1674 13 51
1675 55 71
1676 14 50
1677 18 81
1678 1 15
1679 4 12
1680 80 85
1681 26 49
1682 46 52
1683 2 38
1684 22 45
1685 5 43
1686 62 84
1687 9 40
1688 27 82
1689 17 24
1690 49 82
1691 13 44
1692 11 26
1693 50 51
1694 18 72
1695 58 83
1696 4 11
1697 19 27
1698 2 33
1699 37 77
1700 22 36
1701 5 20
1702 61 87
1703 27 43
1704 30 36
1705 52 81
1706 42 43
1707 23 31
1708 10 48
1709 13 37
1710 31 79
1711 18 48
1712 74 85
1713 3 83
1714 64 67
1715 65 75
1716 11 19
1717 1 25
1718 58 90
1719 15 39
1720 19 32
1721 5 29
1722 61 80
1723 62 70
1724 9 90
1725 27 32
1726 30 47
1727 86 88
1728 34 50
1729 55 61
1730 6 52
1731 50 82
1732 31 52
1733 35 49
1734 18 43
1735 55 82
1736 38 46
1737 43 49
1738 64 90
1739 1 18
1740 43 78
1741 83 87
1742 15 44
1743 19 41
1744 2 51
1745 5 6
1746 34 77
1747 55 58
1748 3 48
1749 23 45
1750 6 47
1751 10 34
1752 50 77
1753 18 34
1754 8 20
1755 65 69
1756 68 69
1757 19 46
1758 2 10
1759 24 35
1760 5 15
1761 47 51
1762 87 88
1763 20 23
1764 24 82
1765 23 42
1766 6 38
1767 10 45
1768 18 29
1769 74 78
1770 75 84
1771 40 50
1772 43 47
1773 8 27
1774 14 17
1775 22 81
1776 26 28
1777 12 31
1778 69 90
1779 16 90
1780 15 50
1781 56 65
1782 2 5
1783 24 42
1784 5 8
1785 20 30
1786 24 89
1787 23 35
1788 6 25
1789 81 88
1790 28 46
1791 32 41
1792 31 35
1793 35 36
1794 18 20
1795 75 77
1796 3 79
1797 14 24
1798 53 67
1799 39 48
1800 12 22
1801 2 28
1802 24 49
1803 20 37
1804 3 39
1805 60 76
1806 25 86
1807 6 16
1808 28 37
1809 31 40
1810 35 45
1811 4 78
1812 8 9
1813 7 51
1814 11 52
1815 53 76
1816 36 52
1817 39 41
1818 44 52
1819 47 89
1820 12 13
1821 56 79
1822 2 23
1823 34 81
1824 52 59
1825 56 62
1826 20 44
1827 3 44
1828 60 75
1829 23 49
1830 6 11
1831 82 88
1832 32 39
1833 8 48
1834 7 40
1835 28 83
1836 11 45
1837 16 48
1838 36 51
1839 44 51
1840 9 23
1841 20 43
1842 3 21
1843 60 66
1844 23 78
1845 25 32
1846 82 83
1847 40 46
1848 39 78
1849 4 60
1850 7 33
1851 63 68
1852 11 34
1853 72 84
1854 54 68
1855 41 49
1856 9 24
1857 15 22
1858 19 83
1859 42 80
1860 66 74
1861 13 28
1862 20 50
1863 3 26
1864 25 41
1865 28 50
1866 84 87
1867 53 54
1868 21 29
1869 7 30
1870 29 45
1871 33 42
1872 16 46
1873 73 83
1874 1 65
1875 78 81
1876 15 31
1877 66 69
1878 49 59
1879 13 21
1880 60 80
1881 25 50
1882 32 76
1883 53 63
1884 1 41
1885 21 38
1886 4 34
1887 8 37
1888 7 23
1889 63 74
1890 29 38
1891 33 35
1892 16 37
1893 73 84
1894 36 40
1895 54 86
1896 78 88
1897 9 10
1898 12 49
1899 20 81
1900 76 86
1901 67 86
1902 13 14
1903 3 8
1904 25 59
1905 70 80
1906 53 56
1907 1 34
1908 57 61
1909 21 47
1910 4 41
1911 8 44
1912 7 12
1913 29 63
1914 12 89
1915 33 36
1916 16 28
1917 72 73
1918 79 83
1919 9 51
1920 12 40
1921 17 51
1922 37 48
1923 76 77
1924 77 89
1925 24 27
1926 45 48
1927 10 18
1928 66 87
1929 30 81
1930 23 82
1931 28 31
1932 85 90
1933 32 90
1934 70 75
1935 1 59
1936 57 70
1937 21 40
1938 4 16
1939 26 37
1940 11 78
1941 33 61
1942 16 19
1943 2 90
1944 41 45
1945 22 25
1946 79 88
1947 9 52
1948 27 78
1949 12 39
1950 17 52
1951 77 82
1952 42 52
1953 10 29
1954 67 68
1955 30 88
1956 8 75
1957 14 33
1958 71 80
1959 57 79
1960 58 71
1961 21 49
1962 4 31
1963 80 88
1964 26 44
1965 29 49
1966 12 79
1967 33 54
1968 73 79
1969 54 59
1970 30 48
1971 34 47
1972 17 45
1973 67 77
1974 31 83
1975 14 40
1976 57 80
1977 58 78
1978 4 6
1979 46 50
1980 37 90
1981 2 44
1982 22 43
1983 5 33
1984 61 68
1985 62 82
1986 9 38
1987 51 82
1988 34 38
1989 17 38
1990 37 43
1991 6 64
1992 10 15
1993 30 74
1994 13 50
1995 55 70
1996 14 51
1997 18 78
1998 1 14
1999 4 13
2000 80 86
2001 43 90
2002 19 21
2003 2 39
2004 22 34
2005 5 42
2006 27 85
2007 9 47
2008 30 34
2009 52 75
2010 17 31
2011 49 81
2012 13 43
2013 11 29
2014 1 7
2015 19 26
2016 37 76
2017 22 37
2018 5 19
2019 61 86
2020 27 42
2021 30 37
2022 52 82
2023 15 78
2024 23 30
2025 6 50
2026 10 49
2027 13 36
2028 31 78
2029 18 49
2030 74 82
2031 55 84
2032 38 52
2033 3 82
2034 43 59
2035 64 68
2036 11 18
2037 1 24
2038 15 38
2039 19 35
2040 5 28
2041 62 71
2042 9 89
2043 27 35
2044 30 44
2045 86 89
2046 34 51
2047 55 60
2048 50 83
2049 35 48
2050 18 40
2051 75 89
2052 38 47
2053 43 48
2054 65 67
2055 1 17
2056 83 86
2057 46 78
2058 15 47
2059 19 40
2060 2 48
2061 62 78
2062 3 51
2063 59 62
2064 23 44
2065 6 44
2066 10 35
2067 18 35
2068 8 21
2069 65 68
2070 28 72
2071 14 15
2072 68 70
2073 15 52
2074 19 49
2075 2 11
2076 24 36
2077 5 14
2078 27 49
2079 9 75
2080 47 50
2081 23 37
2082 6 39
2083 10 42
2084 13 79
2085 31 37
2086 18 26
2087 74 79
2088 75 87
2089 38 89
2090 40 51
2091 4 89
2092 43 46
2093 8 28
2094 14 22
2095 26 29
2096 12 24
2097 56 66
2098 24 43
2099 9 76
2100 35 86
2101 20 31
2102 3 33
2103 24 90
2104 23 34
2105 6 30
2106 25 76
2107 28 47
2108 32 42
2109 31 34
2110 35 39
2111 18 21
2112 75 76
2113 3 78
2114 14 25
2115 53 66
2116 39 51
2117 12 23
2118 16 82
2119 56 73
2120 2 29
2121 24 50
2122 20 38
2123 3 38
2124 59 69
2125 60 77
2126 23 59
2127 6 17
2128 25 85
2129 28 38
2130 32 33
2131 31 43
2132 35 44
2133 8 10
2134 7 50
2135 54 75
2136 39 40
2137 7 67
2138 12 14
2139 16 73
2140 56 80
2141 2 20
2142 56 63
2143 20 45
2144 3 47
2145 60 68
2146 23 48
2147 6 8
2148 82 89
2149 8 49
2150 7 43
2151 11 44
2152 29 90
2153 16 49
2154 54 66
2155 9 22
2156 27 29
2157 20 52
2158 3 20
2159 59 83
2160 60 67
2161 25 39
2162 28 52
2163 40 47
2164 7 32
2165 63 71
2166 11 37
2167 29 83
2168 16 40
2169 72 85
2170 36 59
2171 54 69
2172 41 48
2173 78 79
2174 9 31
2175 15 17
2176 17 79
2177 42 81
2178 66 75
2179 13 27
2180 20 51
2181 3 29
2182 28 51
