1 32 54
2 39 70
3 7 25
4 63 76
5 48 86
6 29 44
7 33 41
8 73 82
9 41 57
10 78 86
11 76 88
12 41 74
13 42 88
14 45 61
15 49 58
16 67 80
17 13 20
18 60 81
19 45 78
20 85 87
21 32 77
22 53 62
23 57 59
24 7 22
25 48 77
26 29 37
27 36 41
28 54 87
29 78 89
30 61 63
31 79 85
32 37 54
33 76 87
34 42 67
35 45 54
36 49 51
37 67 89
38 3 11
39 45 71
40 32 68
41 33 74
42 70 81
43 57 60
44 7 15
45 48 68
46 29 62
47 33 59
48 72 74
49 36 80
50 2 64
51 41 43
52 79 82
53 27 72
54 37 63
55 76 78
56 77 88
57 42 74
58 45 47
59 10 19
60 66 84
61 30 86
62 45 64
63 85 89
64 33 67
65 70 72
66 71 90
67 57 69
68 4 17
69 26 34
70 29 55
71 33 60
72 16 20
73 37 87
74 41 44
75 26 85
76 27 65
77 51 71
78 37 56
79 77 81
80 42 53
81 10 26
82 67 71
83 30 89
84 31 85
85 32 82
86 33 68
87 71 83
88 57 78
89 58 68
90 4 24
91 80 89
92 29 48
93 33 53
94 73 78
95 36 70
96 54 56
97 61 74
98 27 70
99 30 49
100 51 76
101 34 44
102 52 70
103 42 60
104 67 76
105 30 64
106 31 82
107 55 72
108 50 63
109 71 72
110 57 87
111 58 79
112 46 51
113 12 71
114 36 77
115 37 89
116 58 62
117 61 67
118 62 83
119 30 56
120 51 85
121 34 39
122 52 77
123 37 42
124 10 12
125 30 75
126 55 65
127 38 59
128 40 81
129 50 54
130 33 86
131 1 13
132 57 88
133 58 86
134 21 66
135 4 14
136 80 87
137 26 63
138 46 58
139 19 20
140 62 90
141 27 84
142 30 35
143 51 90
144 34 62
145 52 84
146 42 46
147 49 80
148 31 64
149 38 50
150 64 78
151 1 6
152 58 81
153 43 82
154 46 61
155 37 75
156 5 18
157 61 85
158 27 45
159 30 42
160 34 57
161 17 23
162 52 83
163 23 25
164 50 89
165 31 73
166 74 83
167 55 87
168 38 53
169 43 58
170 64 69
171 65 73
172 11 21
173 58 88
174 22 66
175 43 75
176 46 68
177 68 81
178 51 59
179 19 34
180 62 68
181 27 34
182 30 45
183 34 48
184 52 90
185 55 63
186 49 66
187 50 80
188 31 54
189 35 51
190 74 90
191 38 44
192 40 70
193 43 51
194 1 16
195 43 64
196 44 82
197 83 89
198 46 79
199 47 71
200 68 88
201 69 86
202 62 79
203 27 59
204 47 52
205 34 75
206 50 75
207 31 63
208 35 56
209 75 81
210 38 39
211 40 77
212 8 22
213 64 83
214 28 73
215 39 60
216 44 73
217 46 86
218 47 76
219 68 71
220 2 8
221 5 13
222 27 48
223 47 61
224 30 31
225 87 90
226 34 66
227 50 66
228 31 36
229 74 76
230 75 86
231 40 52
232 7 63
233 28 64
234 29 78
235 14 23
236 39 53
237 44 64
238 7 76
239 46 89
240 47 85
241 12 25
242 68 78
243 69 88
244 56 67
245 2 3
246 47 58
247 52 55
248 35 89
249 20 24
250 59 79
251 28 40
252 32 43
253 31 45
254 35 38
255 75 79
256 38 81
257 40 59
258 65 85
259 29 71
260 53 65
261 39 50
262 44 63
263 47 82
264 12 16
265 56 74
266 2 26
267 34 84
268 52 62
269 56 57
270 59 68
271 60 78
272 25 84
273 6 22
274 81 87
275 28 39
276 32 34
277 31 42
278 35 47
279 38 72
280 39 90
281 60 61
282 8 11
283 63 80
284 28 86
285 29 64
286 53 74
287 36 54
288 54 72
289 39 43
290 44 54
291 7 66
292 48 49
293 12 15
294 69 74
295 56 81
296 2 21
297 41 86
298 35 71
299 60 69
300 6 9
301 82 86
302 28 62
303 32 57
304 38 67
305 39 83
306 63 89
307 48 89
308 29 89
309 53 83
310 36 61
311 54 67
312 44 45
313 9 21
314 56 88
315 42 87
316 27 28
317 35 76
318 3 23
319 59 82
320 28 53
321 32 48
322 39 72
323 7 35
324 63 70
325 48 80
326 29 82
327 72 86
328 54 90
329 41 55
330 15 16
331 41 64
332 66 72
333 13 26
334 45 84
335 32 55
336 39 65
337 7 24
338 63 79
339 48 87
340 29 43
341 73 81
342 41 56
343 78 87
344 15 25
345 20 84
346 76 89
347 41 73
348 45 60
349 66 67
350 49 57
351 67 83
352 3 5
353 60 82
354 45 77
355 84 88
356 85 86
357 53 61
358 57 58
359 7 17
360 48 78
361 29 36
362 73 90
363 36 42
364 54 84
365 61 62
366 79 84
367 37 53
368 76 80
369 42 64
370 45 53
371 49 50
372 67 88
373 3 10
374 45 70
375 32 69
376 33 73
377 70 86
378 57 67
379 7 14
380 48 69
381 29 61
382 72 75
383 36 81
384 41 42
385 9 49
386 27 75
387 51 65
388 37 62
389 76 79
390 77 87
391 42 75
392 45 46
393 10 16
394 66 85
395 30 87
396 85 88
397 33 66
398 70 73
399 71 85
400 57 68
401 4 18
402 26 35
403 29 54
404 33 51
405 16 21
406 36 88
407 37 86
408 79 90
409 27 64
410 51 70
411 37 39
412 77 80
413 42 50
414 6 84
415 67 70
416 31 84
417 32 83
418 71 82
419 57 77
420 58 69
421 4 25
422 80 90
423 26 42
424 33 52
425 73 77
426 36 71
427 54 57
428 61 73
429 9 35
430 27 89
431 30 54
432 88 89
433 51 79
434 34 45
435 17 35
436 52 71
437 42 61
438 67 79
439 30 65
440 55 75
441 50 60
442 71 75
443 1 11
444 57 86
445 58 76
446 80 81
447 26 53
448 46 48
449 36 78
450 37 88
451 58 63
452 61 66
453 62 80
454 30 57
455 51 84
456 34 36
457 52 78
458 37 41
459 10 13
460 30 72
461 31 90
462 55 64
463 38 56
464 40 82
465 50 55
466 33 85
467 1 12
468 58 87
469 4 15
470 26 60
471 46 59
472 19 23
473 37 65
474 27 87
475 30 32
476 34 63
477 52 85
478 42 47
479 31 67
480 55 89
481 38 51
482 1 5
483 43 85
484 46 66
485 51 53
486 37 74
487 5 17
488 61 84
489 62 66
490 27 44
491 30 43
492 34 54
493 17 22
494 23 24
495 50 86
496 31 72
497 74 80
498 55 86
499 38 42
500 3 84
501 40 64
502 43 61
503 64 70
504 65 72
505 11 20
506 58 89
507 43 74
508 44 84
509 46 69
510 68 82
511 51 58
512 5 26
513 62 69
514 27 37
515 34 49
516 55 62
517 50 81
518 31 49
519 35 50
520 38 45
521 40 71
522 43 50
523 8 16
524 11 13
525 1 23
526 43 67
527 44 83
528 83 88
529 46 76
530 47 70
531 68 89
532 69 85
533 2 14
534 22 53
535 62 76
536 9 64
537 27 58
538 47 55
539 34 72
540 50 72
541 31 62
542 35 59
543 75 80
544 40 78
545 8 23
546 64 84
547 65 90
548 28 74
549 39 63
550 44 74
551 46 87
552 47 79
553 2 9
554 5 12
555 27 51
556 47 60
557 34 67
558 35 83
559 50 67
560 31 39
561 18 24
562 74 77
563 40 53
564 65 83
565 28 65
566 29 77
567 14 20
568 53 71
569 39 52
570 44 65
571 7 79
572 47 84
573 12 26
574 68 79
575 69 71
576 56 68
577 34 90
578 35 88
579 20 25
580 59 78
581 23 60
582 28 41
583 32 44
584 31 44
585 35 41
586 18 19
587 75 78
588 38 86
589 40 60
590 28 88
591 29 70
592 39 45
593 44 56
594 7 68
595 48 59
596 12 17
597 16 84
598 56 75
599 34 85
600 35 65
601 52 63
602 56 58
603 59 71
604 60 79
605 6 23
606 81 86
607 28 32
608 32 35
609 35 46
610 38 73
611 39 85
612 60 62
613 8 12
614 63 83
615 28 87
616 53 73
617 36 55
618 54 73
619 39 42
620 44 55
621 9 19
622 48 50
623 47 90
624 69 73
625 56 82
626 2 18
627 41 85
628 35 70
629 3 17
630 60 70
631 6 14
632 82 87
633 28 63
634 32 58
635 38 64
636 39 82
637 40 42
638 63 88
639 48 90
640 29 88
641 72 80
642 53 82
643 36 62
644 54 64
645 44 46
646 9 20
647 16 66
648 17 84
649 56 89
650 42 84
651 27 31
652 66 78
653 35 79
654 3 22
655 59 85
656 45 90
657 28 54
658 32 49
659 39 75
660 63 65
661 48 81
662 29 81
663 72 87
664 36 37
665 41 54
666 15 19
667 19 84
668 41 71
669 66 73
670 13 25
671 60 84
672 45 83
673 32 72
674 21 26
675 39 64
676 63 78
677 48 72
678 29 42
679 33 47
680 73 80
681 36 44
682 54 82
683 41 63
684 78 84
685 15 24
686 76 90
687 41 72
688 42 70
689 45 59
690 49 56
691 67 82
692 13 18
693 3 4
694 60 83
695 45 76
696 84 89
697 32 79
698 53 60
699 7 16
700 48 79
701 29 35
702 16 24
703 73 89
704 36 43
705 54 85
706 79 87
707 9 15
708 37 52
709 76 81
710 42 65
711 10 22
712 3 13
713 45 69
714 32 70
715 33 72
716 70 87
717 57 66
718 4 20
719 48 70
720 29 60
721 33 57
722 72 76
723 36 82
724 27 74
725 51 64
726 37 61
727 77 86
728 42 72
729 10 17
730 66 82
731 30 84
732 33 65
733 70 78
734 71 84
735 57 75
736 29 53
737 33 50
738 16 22
739 73 75
740 36 89
741 37 85
742 61 79
743 27 67
744 51 73
745 37 38
746 77 79
747 42 51
748 10 24
749 67 73
750 31 87
751 55 77
752 32 84
753 71 77
754 57 76
755 58 66
756 73 76
757 36 64
758 54 62
759 22 23
760 61 72
761 27 88
762 30 55
763 51 78
764 34 42
765 37 47
766 42 58
767 67 78
768 30 70
769 55 74
770 50 61
771 33 83
772 71 74
773 1 10
774 57 85
775 58 77
776 80 82
777 46 49
778 36 79
779 37 71
780 2 43
781 58 60
782 61 65
783 62 81
784 27 81
785 30 62
786 51 87
787 34 37
788 52 79
789 37 40
790 30 73
791 31 69
792 55 67
793 38 57
794 40 83
795 11 25
796 50 52
797 33 84
798 1 3
799 58 84
800 4 8
801 46 56
802 19 22
803 37 64
804 5 23
805 61 90
806 62 88
807 27 86
808 30 33
809 34 60
810 15 66
811 52 86
812 42 44
813 49 86
814 31 66
815 74 86
816 55 88
817 38 48
818 40 90
819 1 4
820 43 84
821 46 67
822 68 84
823 51 52
824 37 73
825 5 16
826 61 83
827 62 67
828 27 47
829 30 40
830 34 55
831 17 21
832 49 79
833 50 87
834 31 75
835 74 81
836 55 81
837 38 43
838 40 65
839 43 60
840 64 71
841 65 79
842 11 23
843 43 77
844 44 85
845 46 74
846 68 83
847 51 61
848 5 25
849 62 74
850 27 36
851 34 78
852 55 57
853 49 64
854 50 78
855 31 48
856 35 53
857 74 88
858 75 90
859 40 72
860 43 53
861 8 17
862 28 76
863 11 12
864 1 22
865 43 66
866 44 76
867 46 77
868 47 65
869 69 84
870 2 15
871 62 77
872 27 61
873 47 54
874 86 87
875 34 73
876 6 35
877 50 73
878 31 57
879 35 58
880 75 83
881 40 79
882 8 24
883 64 85
884 65 89
885 28 75
886 14 18
887 39 62
888 44 75
889 46 84
890 47 78
891 2 6
892 5 11
893 27 50
894 47 63
895 34 64
896 35 82
897 59 72
898 6 26
899 50 64
900 31 38
901 18 25
902 40 54
903 65 82
904 28 66
905 29 76
906 14 21
907 53 70
908 39 55
909 44 66
910 47 87
911 68 72
912 69 70
913 56 69
914 20 26
915 59 65
916 28 42
917 32 45
918 31 47
919 35 40
920 38 87
921 40 61
922 63 85
923 28 89
924 29 69
925 53 79
926 39 44
927 44 57
928 48 60
929 12 18
930 69 79
931 56 76
932 2 24
933 41 83
934 24 53
935 34 82
936 52 56
937 56 59
938 59 70
939 60 72
940 6 20
941 81 85
942 28 33
943 32 36
944 38 78
945 39 84
946 60 63
947 8 13
948 63 82
949 28 80
950 53 72
951 36 48
952 54 78
953 44 48
954 9 18
955 48 51
956 69 72
957 56 83
958 2 19
959 41 84
960 35 73
961 3 16
962 60 71
963 23 77
964 6 15
965 82 84
966 28 56
967 32 59
968 38 65
969 21 23
970 39 77
971 40 43
972 29 87
973 72 81
974 53 81
975 36 63
976 54 65
977 44 47
978 15 21
979 56 90
980 42 85
981 27 30
982 66 79
983 35 78
984 3 25
985 59 84
986 45 89
987 28 55
988 32 50
989 39 74
990 63 64
991 48 82
992 29 80
993 72 88
994 53 90
995 36 38
996 54 88
997 41 53
998 78 82
999 15 18
1000 41 70
1001 66 70
1002 60 85
1003 45 82
1004 32 73
1005 70 90
1006 39 67
1007 21 25
1008 7 26
1009 63 73
1010 48 73
1011 29 41
1012 33 46
1013 73 87
1014 36 45
1015 54 83
1016 41 62
1017 78 85
1018 41 79
1019 42 71
1020 49 63
1021 67 85
1022 13 17
1023 3 7
1024 45 75
1025 32 64
1026 53 59
1027 21 34
1028 7 19
1029 48 64
1030 29 34
1031 33 39
1032 16 25
1033 73 88
1034 36 84
1035 79 86
1036 9 14
1037 37 51
1038 76 82
1039 45 51
1040 10 23
1041 66 88
1042 67 90
1043 30 82
1044 3 12
1045 45 68
1046 32 71
1047 33 79
1048 70 84
1049 57 65
1050 4 21
1051 7 8
1052 48 71
1053 29 59
1054 33 56
1055 72 77
1056 36 83
1057 22 26
1058 27 77
1059 51 67
1060 37 60
1061 77 85
1062 42 73
1063 66 83
1064 30 85
1065 33 64
1066 70 79
1067 71 87
1068 57 74
1069 29 52
1070 33 49
1071 73 74
1072 36 90
1073 27 66
1074 51 72
1075 77 78
1076 42 48
1077 10 25
1078 67 72
1079 31 86
1080 55 76
1081 32 85
1082 33 89
1083 71 76
1084 57 83
1085 58 67
1086 46 47
1087 36 65
1088 54 63
1089 61 71
1090 30 52
1091 51 81
1092 34 43
1093 52 65
1094 37 46
1095 42 59
1096 30 71
1097 55 69
1098 50 58
1099 1 9
1100 57 84
1101 58 74
1102 80 83
1103 43 89
1104 46 54
1105 36 72
1106 37 70
1107 58 61
1108 5 45
1109 62 86
1110 27 80
1111 30 63
1112 51 86
1113 52 72
1114 17 26
1115 10 11
1116 30 78
1117 31 68
1118 55 66
1119 38 62
1120 40 84
1121 64 74
1122 11 24
1123 50 53
1124 1 2
1125 58 85
1126 4 9
1127 46 57
1128 29 31
1129 37 79
1130 19 25
1131 2 35
1132 5 22
1133 61 89
1134 62 89
1135 27 41
1136 30 38
1137 34 61
1138 17 19
1139 52 87
1140 42 45
1141 49 85
1142 31 77
1143 74 87
1144 38 49
1145 11 17
1146 43 87
1147 46 64
1148 68 85
1149 51 55
1150 37 72
1151 5 31
1152 61 82
1153 62 64
1154 27 46
1155 30 41
1156 86 90
1157 34 52
1158 17 20
1159 23 26
1160 49 78
1161 50 84
1162 31 74
1163 55 80
1164 38 40
1165 40 66
1166 43 63
1167 64 88
1168 65 78
1169 11 22
1170 43 76
1171 83 85
1172 46 75
1173 51 60
1174 2 53
1175 5 24
1176 62 75
1177 27 39
1178 34 79
1179 55 56
1180 59 61
1181 49 71
1182 50 79
1183 31 51
1184 35 52
1185 74 89
1186 40 73
1187 43 52
1188 8 18
1189 65 71
1190 28 77
1191 11 15
1192 1 21
1193 43 69
1194 44 77
1195 83 90
1196 46 82
1197 47 64
1198 69 83
1199 2 12
1200 27 60
1201 47 49
1202 34 70
1203 20 21
1204 50 70
1205 31 56
1206 35 61
1207 75 82
1208 38 90
1209 8 25
1210 64 86
1211 65 88
1212 28 68
1213 14 19
1214 39 57
1215 44 68
1216 46 85
1217 47 73
1218 2 7
1219 5 10
1220 27 53
1221 47 62
1222 34 65
1223 35 85
1224 59 75
1225 81 90
1226 28 44
1227 50 65
1228 31 33
1229 18 22
1230 74 75
1231 40 55
1232 65 81
1233 28 67
1234 29 75
1235 14 26
1236 53 69
1237 39 54
1238 44 67
1239 47 86
1240 12 20
1241 68 73
1242 56 70
1243 10 78
1244 35 90
1245 59 64
1246 6 18
1247 81 83
1248 28 43
1249 32 46
1250 31 46
1251 35 43
1252 38 84
1253 63 84
1254 28 90
1255 29 68
1256 53 78
1257 39 47
1258 44 58
1259 12 19
1260 69 78
1261 56 77
1262 2 25
1263 41 82
1264 34 83
1265 35 67
1266 52 57
1267 56 60
1268 59 89
1269 60 73
1270 6 21
1271 81 84
1272 82 90
1273 28 34
1274 32 37
1275 38 79
1276 39 87
1277 8 14
1278 28 81
1279 53 87
1280 36 49
1281 54 79
1282 9 17
1283 56 84
1284 2 16
1285 35 72
1286 3 19
1287 60 64
1288 6 12
1289 82 85
1290 28 57
1291 32 60
1292 38 70
1293 21 22
1294 39 76
1295 40 44
1296 63 90
1297 29 86
1298 72 82
1299 36 56
1300 1 74
1301 54 70
1302 41 51
1303 9 26
1304 15 20
1305 42 82
1306 66 76
1307 3 24
1308 59 87
1309 6 7
1310 45 88
1311 28 48
1312 84 85
1313 32 51
1314 39 69
1315 63 67
1316 48 83
1317 29 47
1318 72 89
1319 53 89
1320 36 39
1321 54 89
1322 41 52
1323 78 83
1324 19 86
1325 41 69
1326 66 71
1327 13 23
1328 60 86
1329 23 66
1330 8 84
1331 45 81
1332 32 74
1333 39 66
1334 21 24
1335 7 21
1336 63 72
1337 48 74
1338 29 40
1339 33 45
1340 73 86
1341 36 46
1342 54 80
1343 41 61
1344 78 90
1345 15 26
1346 17 68
1347 76 84
1348 41 78
1349 42 68
1350 45 57
1351 49 62
1352 67 84
1353 13 16
1354 3 6
1355 45 74
1356 32 65
1357 70 82
1358 53 58
1359 57 63
1360 7 18
1361 48 65
1362 29 33
1363 16 26
1364 36 85
1365 79 81
1366 26 79
1367 9 13
1368 37 50
1369 76 83
1370 24 25
1371 42 79
1372 45 50
1373 10 20
1374 66 89
1375 49 55
1376 30 83
1377 3 15
1378 8 66
1379 45 67
1380 28 29
1381 33 78
1382 70 85
1383 57 64
1384 4 22
1385 7 11
1386 29 58
1387 33 63
1388 16 17
1389 72 78
1390 41 47
1391 9 54
1392 27 76
1393 51 66
1394 77 84
1395 42 54
1396 66 80
1397 30 90
1398 33 71
1399 14 35
1400 70 76
1401 71 86
1402 57 73
1403 29 51
1404 33 48
1405 37 83
1406 61 77
1407 27 69
1408 30 50
1409 51 75
1410 42 49
1411 67 75
1412 31 81
1413 55 79
1414 32 86
1415 33 88
1416 70 71
1417 71 79
1418 57 82
1419 36 66
1420 54 60
1421 61 70
1422 27 90
1423 30 53
1424 51 80
1425 34 40
1426 52 66
1427 37 45
1428 42 56
1429 62 63
1430 30 68
1431 55 68
1432 50 59
1433 33 81
1434 1 8
1435 58 75
1436 80 84
1437 43 88
1438 46 55
1439 36 73
1440 37 69
1441 54 55
1442 62 87
1443 9 41
1444 27 83
1445 30 60
1446 51 89
1447 34 35
1448 17 25
1449 52 73
1450 49 83
1451 30 79
1452 31 71
1453 38 63
1454 40 85
1455 25 26
1456 64 75
1457 58 82
1458 4 10
1459 43 81
1460 46 62
1461 29 30
1462 19 24
1463 5 21
1464 61 88
1465 27 40
1466 30 39
1467 34 58
1468 17 18
1469 49 84
1470 50 90
1471 31 76
1472 74 84
1473 55 90
1474 38 54
1475 43 57
1476 64 66
1477 11 16
1478 1 26
1479 43 86
1480 44 88
1481 46 65
1482 68 86
1483 51 54
1484 61 81
1485 62 65
1486 27 33
1487 30 46
1488 34 53
1489 49 77
1490 50 85
1491 31 53
1492 55 83
1493 38 41
1494 40 67
1495 43 62
1496 64 89
1497 65 77
1498 1 19
1499 43 79
1500 44 87
1501 83 84
1502 46 72
1503 51 63
1504 5 7
1505 62 72
1506 27 38
1507 34 76
1508 55 59
1509 59 60
1510 49 70
1511 50 76
1512 31 50
1513 35 55
1514 40 74
1515 43 55
1516 8 19
1517 64 80
1518 65 70
1519 28 78
1520 11 14
1521 1 20
1522 44 78
1523 46 83
1524 47 67
1525 69 82
1526 2 13
1527 27 63
1528 47 48
1529 87 89
1530 34 71
1531 20 22
1532 50 71
1533 31 59
1534 35 60
1535 75 85
1536 40 49
1537 43 44
1538 8 26
1539 28 69
1540 14 16
1541 39 56
1542 44 69
1543 7 83
1544 46 90
1545 47 72
1546 56 64
1547 2 4
1548 5 9
1549 9 78
1550 27 52
1551 47 57
1552 59 74
1553 6 24
1554 81 89
1555 28 45
1556 32 40
1557 31 32
1558 35 37
1559 18 23
1560 38 82
1561 40 56
1562 29 74
1563 89 90
1564 53 68
1565 39 49
1566 44 60
1567 47 81
1568 12 21
1569 68 74
1570 56 71
1571 34 89
1572 59 67
1573 6 19
1574 81 82
1575 28 36
1576 32 47
1577 31 41
1578 35 42
1579 38 85
1580 39 89
1581 40 63
1582 63 87
1583 29 67
1584 53 77
1585 39 46
1586 48 62
1587 69 77
1588 19 66
1589 2 22
1590 41 81
1591 34 80
1592 35 66
1593 52 58
1594 56 61
1595 20 35
1596 59 88
1597 60 74
1598 6 10
1599 28 35
1600 32 38
1601 38 76
1602 39 86
1603 8 15
1604 28 82
1605 53 86
1606 36 50
1607 54 76
1608 44 50
1609 9 16
1610 48 53
1611 17 80
1612 56 85
1613 2 17
1614 41 90
1615 35 75
1616 3 18
1617 59 81
1618 60 65
1619 23 79
1620 6 13
1621 28 58
1622 32 61
1623 38 71
1624 39 79
1625 63 69
1626 29 85
1627 72 83
1628 36 57
1629 54 71
1630 41 50
1631 9 25
1632 15 23
1633 20 66
1634 41 67
1635 42 83
1636 66 77
1637 59 86
1638 60 88
1639 45 87
1640 28 49
1641 84 86
1642 32 52
1643 14 68
1644 53 55
1645 39 68
1646 63 66
1647 48 84
1648 29 46
1649 72 90
1650 53 88
1651 1 66
1652 41 59
1653 78 80
1654 41 68
1655 42 90
1656 45 63
1657 66 68
1658 13 22
1659 60 87
1660 45 80
1661 32 75
1662 14 79
1663 70 88
1664 7 20
1665 63 75
1666 48 75
1667 29 39
1668 73 85
1669 36 47
1670 54 81
1671 41 60
1672 9 11
1673 76 85
1674 41 77
1675 42 69
1676 45 56
1677 49 61
1678 67 87
1679 3 9
1680 45 73
1681 32 66
1682 70 83
1683 53 57
1684 57 62
1685 48 66
1686 29 32
1687 33 37
1688 36 86
1689 26 76
1690 9 12
1691 37 49
1692 77 90
1693 24 26
1694 42 76
1695 45 49
1696 10 21
1697 66 86
1698 49 54
1699 30 80
1700 3 14
1701 45 66
1702 28 30
1703 32 89
1704 33 77
1705 70 74
1706 71 88
1707 57 71
1708 4 23
1709 7 10
1710 29 57
1711 33 62
1712 16 18
1713 72 79
1714 41 46
1715 22 24
1716 79 89
1717 27 79
1718 51 69
1719 37 58
1720 77 83
1721 42 55
1722 66 81
1723 67 69
1724 32 80
1725 33 70
1726 70 77
1727 71 81
1728 57 72
1729 58 70
1730 29 50
1731 33 55
1732 36 68
1733 37 82
1734 54 58
1735 61 76
1736 9 62
1737 27 68
1738 30 51
1739 51 74
1740 34 46
1741 42 62
1742 67 74
1743 30 66
1744 31 80
1745 55 78
1746 32 87
1747 71 78
1748 57 81
1749 58 65
1750 4 5
1751 36 67
1752 54 61
1753 61 69
1754 9 39
1755 30 58
1756 51 83
1757 52 67
1758 37 44
1759 42 57
1760 10 14
1761 30 69
1762 31 89
1763 55 71
1764 50 56
1765 1 15
1766 57 90
1767 58 72
1768 21 68
1769 4 12
1770 80 85
1771 26 49
1772 46 52
1773 36 74
1774 37 68
1775 58 59
1776 62 84
1777 27 82
1778 30 61
1779 51 88
1780 52 74
1781 17 24
1782 49 82
1783 30 76
1784 31 70
1785 38 60
1786 40 86
1787 64 76
1788 11 26
1789 50 51
1790 58 83
1791 4 11
1792 43 80
1793 46 63
1794 37 77
1795 5 20
1796 61 87
1797 27 43
1798 30 36
1799 34 59
1800 52 81
1801 42 43
1802 49 75
1803 31 79
1804 74 85
1805 55 85
1806 38 55
1807 43 56
1808 64 67
1809 65 75
1810 11 19
1811 1 25
1812 58 90
1813 43 73
1814 44 89
1815 46 70
1816 68 87
1817 51 57
1818 62 70
1819 27 32
1820 30 47
1821 34 50
1822 15 84
1823 52 88
1824 55 61
1825 49 76
1826 50 82
1827 31 52
1828 35 49
1829 55 82
1830 38 46
1831 43 49
1832 64 90
1833 65 76
1834 1 18
1835 43 78
1836 44 80
1837 83 87
1838 46 73
1839 47 69
1840 51 62
1841 5 6
1842 62 73
1843 27 57
1844 34 77
1845 55 58
1846 59 63
1847 49 69
1848 50 77
1849 31 61
1850 35 54
1851 40 75
1852 8 20
1853 64 81
1854 65 69
1855 28 79
1856 43 71
1857 44 79
1858 7 85
1859 47 66
1860 68 69
1861 69 81
1862 2 10
1863 5 15
1864 27 62
1865 47 51
1866 87 88
1867 34 68
1868 20 23
1869 50 68
1870 31 58
1871 35 63
1872 74 78
1873 75 84
1874 40 50
1875 43 47
1876 28 70
1877 14 17
1878 39 59
1879 44 70
1880 47 75
1881 68 76
1882 69 90
1883 56 65
1884 2 5
1885 5 8
1886 27 55
1887 47 56
1888 52 53
1889 35 87
1890 59 77
1891 6 25
1892 81 88
1893 28 46
1894 32 41
1895 31 35
1896 35 36
1897 18 20
1898 75 77
1899 38 83
1900 40 57
1901 65 87
1902 29 73
1903 14 24
1904 53 67
1905 39 48
1906 44 61
1907 48 56
1908 12 22
1909 68 75
1910 56 72
1911 19 60
1912 34 86
1913 52 60
1914 59 66
1915 60 76
1916 6 16
1917 28 37
1918 31 40
1919 35 45
1920 38 74
1921 39 88
1922 8 9
1923 63 86
1924 28 84
1925 29 66
1926 53 76
1927 36 52
1928 54 74
1929 39 41
1930 44 52
1931 48 63
1932 47 89
1933 69 76
1934 56 79
1935 2 23
1936 41 80
1937 34 81
1938 35 69
1939 52 59
1940 56 62
1941 60 75
1942 6 11
1943 28 60
1944 32 39
1945 38 77
1946 39 81
1947 28 83
1948 53 85
1949 36 51
1950 54 77
1951 44 51
1952 9 23
1953 48 54
1954 56 86
1955 41 89
1956 35 74
1957 3 21
1958 59 80
1959 60 66
1960 82 83
1961 28 59
1962 32 62
1963 38 68
1964 39 78
1965 40 46
1966 63 68
1967 29 84
1968 36 58
1969 54 68
1970 41 49
1971 9 24
1972 15 22
1973 41 66
1974 42 80
1975 66 74
1976 3 26
1977 60 89
1978 45 86
1979 28 50
1980 32 53
1981 53 54
1982 39 71
1983 63 77
1984 48 85
1985 29 45
1986 33 42
1987 73 83
1988 41 58
1989 78 81
1990 41 75
1991 45 62
1992 66 69
1993 49 59
1994 67 81
1995 13 21
1996 60 80
1997 45 79
1998 32 76
1999 70 89
2000 53 63
2001 63 74
2002 48 76
2003 29 38
2004 33 35
2005 73 84
2006 36 40
2007 54 86
2008 78 88
2009 26 66
2010 9 10
2011 37 55
2012 76 86
2013 41 76
2014 42 66
2015 45 55
2016 49 60
2017 67 86
2018 13 14
2019 3 8
2020 32 67
2021 33 75
2022 70 80
2023 53 56
2024 57 61
2025 7 12
2026 48 67
2027 29 63
2028 33 36
2029 72 73
2030 36 87
2031 79 83
2032 26 77
2033 27 73
2034 76 77
2035 77 89
2036 42 77
2037 5 71
2038 45 48
2039 10 18
2040 66 87
2041 49 53
2042 30 81
2043 45 65
2044 28 31
2045 85 90
2046 32 90
2047 33 76
2048 70 75
2049 57 70
2050 4 16
2051 29 56
2052 33 61
2053 16 19
2054 1 84
2055 41 45
2056 22 25
2057 79 88
2058 26 84
2059 27 78
2060 51 68
2061 37 57
2062 77 82
2063 42 52
2064 67 68
2065 30 88
2066 32 81
2067 33 69
2068 57 79
2069 58 71
2070 29 49
2071 33 54
2072 73 79
2073 36 69
2074 37 81
2075 54 59
2076 61 75
2077 27 71
2078 30 48
2079 51 77
2080 34 47
2081 52 69
2082 42 63
2083 67 77
2084 30 67
2085 31 83
2086 55 73
2087 50 62
2088 71 73
2089 57 80
2090 58 78
2091 4 6
2092 46 50
2093 36 76
2094 37 90
2095 62 82
2096 30 59
2097 51 82
2098 34 38
2099 52 76
2100 37 43
2101 10 15
2102 49 88
2103 30 74
2104 31 88
2105 55 70
2106 38 58
2107 50 57
2108 33 87
2109 1 14
2110 57 89
2111 58 73
2112 4 13
2113 80 86
2114 43 90
2115 46 53
2116 36 75
2117 19 21
2118 37 67
2119 62 85
2120 27 85
2121 30 34
2122 52 75
2123 49 81
2124 30 77
2125 31 65
2126 38 61
2127 40 87
2128 64 77
2129 1 7
2130 22 74
2131 43 83
2132 46 60
2133 19 26
2134 37 76
2135 5 19
2136 27 42
2137 30 37
2138 34 56
2139 52 82
2140 49 74
2141 50 88
2142 31 78
2143 74 82
2144 55 84
2145 38 52
2146 43 59
2147 64 68
2148 65 74
2149 11 18
2150 1 24
2151 43 72
2152 44 90
2153 46 71
2154 68 80
2155 51 56
2156 62 71
2157 27 35
2158 30 44
2159 86 89
2160 34 51
2161 52 89
2162 55 60
2163 6 53
2164 49 67
2165 50 83
2166 31 55
2167 35 48
2168 75 89
2169 38 47
2170 40 69
2171 43 48
2172 65 67
2173 1 17
2174 43 65
2175 44 81
2176 83 86
2177 46 78
2178 47 68
2179 69 87
2180 62 78
2181 27 56
2182 47 53
2183 34 74
2184 59 62
2185 49 68
2186 50 74
2187 31 60
2188 35 57
2189 40 76
2190 8 21
2191 64 82
2192 65 68
2193 28 72
2194 14 15
2195 39 61
2196 43 70
2197 44 72
2198 7 84
2199 46 81
2200 47 77
2201 68 70
2202 69 80
2203 2 11
2204 5 14
2205 27 49
2206 47 50
2207 34 69
2208 35 81
2209 50 69
2210 31 37
2211 35 62
2212 18 26
2213 74 79
2214 75 87
2215 38 89
2216 40 51
2217 43 46
2218 28 71
2219 29 79
2220 14 22
2221 39 58
2222 44 71
2223 47 74
2224 12 24
2225 68 77
2226 69 89
2227 56 66
2228 27 54
2229 47 59
2230 52 54
2231 35 86
2232 59 76
2233 28 47
2234 32 42
2235 31 34
2236 35 39
2237 18 21
2238 75 76
2239 38 80
2240 40 58
2241 65 86
2242 29 72
2243 14 25
2244 53 66
2245 39 51
2246 44 62
2247 48 57
2248 47 83
2249 12 23
2250 56 73
2251 34 87
2252 52 61
2253 59 69
2254 60 77
2255 6 17
2256 28 38
2257 31 43
2258 35 44
2259 38 75
2260 8 10
2261 63 81
2262 28 85
2263 29 65
2264 53 75
2265 36 53
2266 54 75
2267 39 40
2268 44 53
2269 47 88
2270 12 14
2271 69 75
2272 56 80
2273 19 68
2274 2 20
2275 41 87
2276 35 68
2277 56 63
2278 60 68
2279 6 8
2280 82 89
2281 28 61
2282 32 56
2283 38 66
2284 39 80
2285 48 88
2286 29 90
2287 16 49
2288 53 84
2289 36 60
2290 54 66
2291 9 22
2292 48 55
2293 56 87
2294 41 88
2295 42 86
2296 27 29
2297 35 77
2298 3 20
2299 59 83
2300 60 67
2301 28 52
2302 32 63
2303 38 69
2304 39 73
2305 40 47
2306 63 71
2307 29 83
2308 72 85
2309 36 59
2310 54 69
2311 41 48
2312 78 79
2313 15 17
2314 41 65
2315 42 81
2316 66 75
2317 60 90
2318 45 85
2319 28 51
