1 72 92
2 12 59
3 15 30
4 20 75
5 76 88
6 13 20
7 55 100
8 8 87
9 85 87
10 1 40
11 8 38
12 33 34
13 36 41
14 2 73
15 61 63
16 26 67
17 79 85
18 19 96
19 76 87
20 45 54
21 49 51
22 23 84
23 25 58
24 45 71
25 32 68
26 14 84
27 4 42
28 36 80
29 41 43
30 79 82
31 27 72
32 12 41
33 17 50
34 37 63
35 45 47
36 30 86
37 33 60
38 37 87
39 41 44
40 22 30
41 5 62
42 79 91
43 12 32
44 51 71
45 17 43
46 37 56
47 20 96
48 77 81
49 24 99
50 30 89
51 13 63
52 33 68
53 12 72
54 37 80
55 26 92
56 30 49
57 30 64
58 13 56
59 55 72
60 23 99
61 50 63
62 71 72
63 57 87
64 21 57
65 26 52
66 46 51
67 68 100
68 37 89
69 62 83
70 9 37
71 27 95
72 34 39
73 37 42
74 10 12
75 13 49
76 18 60
77 32 96
78 50 54
79 43 93
80 48 96
81 19 20
82 37 66
83 97 98
84 62 90
85 27 84
86 30 35
87 52 84
88 17 30
89 50 94
90 11 28
91 14 59
92 57 97
93 58 81
94 22 58
95 5 18
96 34 57
97 23 25
98 50 89
99 18 46
100 55 87
101 1 31
102 58 88
103 22 66
104 43 75
105 68 81
106 62 68
107 9 88
108 27 34
109 30 45
110 55 63
111 76 96
112 49 66
113 75 88
114 65 66
115 58 99
116 7 94
117 47 71
118 36 97
119 19 43
120 22 52
121 62 79
122 27 59
123 87 93
124 35 56
125 65 91
126 22 92
127 44 73
128 7 87
129 47 76
130 15 55
131 19 48
132 41 99
133 24 37
134 30 31
135 87 90
136 3 59
137 77 96
138 6 36
139 10 43
140 31 36
141 14 100
142 74 76
143 75 86
144 65 92
145 29 78
146 14 23
147 79 98
148 7 76
149 16 92
150 56 67
151 2 3
152 66 100
153 86 99
154 35 89
155 59 79
156 24 91
157 6 31
158 32 43
159 35 38
160 75 79
161 11 49
162 46 96
163 19 62
164 24 51
165 56 57
166 25 84
167 32 34
168 31 42
169 60 61
170 8 11
171 29 64
172 90 94
173 54 72
174 39 43
175 22 97
176 44 54
177 48 49
178 56 81
179 19 71
180 24 58
181 87 97
182 35 71
183 91 98
184 20 46
185 59 93
186 23 51
187 6 9
188 45 98
189 40 41
190 16 50
191 36 61
192 44 45
193 47 96
194 56 88
195 19 76
196 60 92
197 23 72
198 74 96
199 11 36
200 16 41
201 27 100
202 15 16
203 30 98
204 13 26
205 92 98
206 3 28
207 23 65
208 45 84
209 32 55
210 21 27
211 8 32
212 63 79
213 33 40
214 78 87
215 52 99
216 15 25
217 17 71
218 76 89
219 66 67
220 49 57
221 3 5
222 60 82
223 8 88
224 84 88
225 13 100
226 14 82
227 75 96
228 4 44
229 8 39
230 36 42
231 78 94
232 61 62
233 17 56
234 5 92
235 45 53
236 66 90
237 35 99
238 23 87
239 25 57
240 4 43
241 7 14
242 48 69
243 36 81
244 41 42
245 79 93
246 26 75
247 12 42
248 37 62
249 77 87
250 42 75
251 45 46
252 30 87
253 32 92
254 33 66
255 14 92
256 4 18
257 80 99
258 5 61
259 79 90
260 26 82
261 12 33
262 17 42
263 37 39
264 24 100
265 67 70
266 91 92
267 80 90
268 12 73
269 9 35
270 88 89
271 51 79
272 25 99
273 67 79
274 30 65
275 13 55
276 23 98
277 33 92
278 71 75
279 21 56
280 39 98
281 80 81
282 26 53
283 46 48
284 12 64
285 36 78
286 2 42
287 22 41
288 9 36
289 27 94
290 30 57
291 51 84
292 34 36
293 52 78
294 37 41
295 30 72
296 18 61
297 55 64
298 38 56
299 33 85
300 18 76
301 58 87
302 26 60
303 46 59
304 37 65
305 27 87
306 30 32
307 52 85
308 8 98
309 64 79
310 11 31
311 53 99
312 18 71
313 1 5
314 21 74
315 22 72
316 51 53
317 22 59
318 62 66
319 52 92
320 15 72
321 23 24
322 6 48
323 10 63
324 49 72
325 31 72
326 18 47
327 38 42
328 58 89
329 21 83
330 22 67
331 43 74
332 51 58
333 15 32
334 98 99
335 27 37
336 34 49
337 55 62
338 10 38
339 11 13
340 21 92
341 22 90
342 7 89
343 46 76
344 15 41
345 22 53
346 47 55
347 87 92
348 15 94
349 3 53
350 6 34
351 81 99
352 50 72
353 13 84
354 14 98
355 65 90
356 79 100
357 44 74
358 7 86
359 9 73
360 27 51
361 47 60
362 24 85
363 23 39
364 10 40
365 31 39
366 7 62
367 65 83
368 22 84
369 26 27
370 16 93
371 15 63
372 3 35
373 24 92
374 23 60
375 25 82
376 31 44
377 18 19
378 75 78
379 39 92
380 11 48
381 89 94
382 53 64
383 48 59
384 88 98
385 16 84
386 24 52
387 35 65
388 56 58
389 60 79
390 23 53
391 25 91
392 82 92
393 32 35
394 4 73
395 60 62
396 8 12
397 11 41
398 29 95
399 36 55
400 54 73
401 39 42
402 44 55
403 48 50
404 56 82
405 2 18
406 24 59
407 87 96
408 20 47
409 59 92
410 25 92
411 6 14
412 82 87
413 32 58
414 40 42
415 4 48
416 16 51
417 36 62
418 54 64
419 44 46
420 51 100
421 20 71
422 27 31
423 67 100
424 92 100
425 20 54
426 23 75
427 25 37
428 8 58
429 36 37
430 54 91
431 20 78
432 30 99
433 92 99
434 3 31
435 14 72
436 21 26
437 39 64
438 8 33
439 36 44
440 2 76
441 12 53
442 15 24
443 19 93
444 41 72
445 3 4
446 23 89
447 8 89
448 25 55
449 45 76
450 84 89
451 13 99
452 4 45
453 8 40
454 16 24
455 2 71
456 78 95
457 79 87
458 12 44
459 17 63
460 20 92
461 3 13
462 23 86
463 25 56
464 71 95
465 1 39
466 7 9
467 36 82
468 79 92
469 26 72
470 12 43
471 17 48
472 37 61
473 30 84
474 64 100
475 32 93
476 33 65
477 14 93
478 18 96
479 26 32
480 11 67
481 16 22
482 73 75
483 61 79
484 27 67
485 12 34
486 37 38
487 77 79
488 31 87
489 23 100
490 65 99
491 33 90
492 21 62
493 80 91
494 73 76
495 36 64
496 22 23
497 26 90
498 9 34
499 30 55
500 37 47
501 25 98
502 67 78
503 30 70
504 31 92
505 92 94
506 90 100
507 71 74
508 57 85
509 80 82
510 46 49
511 36 79
512 2 43
513 58 60
514 9 43
515 27 81
516 30 62
517 34 37
518 52 79
519 37 40
520 55 67
521 40 83
522 50 52
523 1 3
524 21 64
525 43 95
526 26 61
527 48 98
528 37 64
529 9 44
530 30 33
531 51 92
532 42 44
533 49 86
534 4 96
535 8 99
536 53 98
537 21 73
538 22 73
539 51 52
540 22 56
541 61 83
542 34 55
543 17 21
544 24 65
545 23 27
546 6 49
547 49 79
548 18 44
549 55 81
550 38 43
551 21 82
552 46 74
553 15 35
554 22 51
555 86 92
556 15 80
557 55 57
558 24 72
559 49 64
560 64 94
561 11 12
562 22 91
563 78 100
564 44 76
565 83 91
566 16 96
567 19 45
568 94 100
569 24 32
570 47 54
571 86 87
572 87 95
573 24 79
574 23 41
575 6 35
576 81 98
577 31 57
578 14 99
579 35 58
580 4 93
581 39 62
582 22 82
583 44 75
584 15 49
585 41 97
586 24 39
587 27 50
588 47 63
589 35 82
590 23 38
591 25 72
592 81 91
593 10 41
594 50 64
595 31 38
596 40 54
597 8 31
598 39 55
599 69 70
600 16 94
601 17 96
602 19 59
603 66 98
604 34 91
605 20 26
606 23 63
607 25 81
608 81 92
609 82 98
610 32 45
611 35 40
612 39 44
613 26 99
614 88 99
615 19 64
616 34 82
617 3 43
618 23 52
619 25 90
620 81 85
621 32 36
622 4 74
623 60 63
624 8 13
625 11 40
626 29 94
627 90 92
628 53 72
629 2 96
630 44 48
631 48 51
632 56 83
633 19 73
634 24 60
635 87 99
636 23 77
637 82 84
638 45 96
639 40 43
640 21 23
641 63 91
642 11 33
643 16 52
644 36 63
645 44 47
646 47 98
647 17 75
648 60 94
649 45 89
650 63 64
651 11 38
652 72 88
653 36 38
654 12 63
655 17 76
656 19 87
657 42 92
658 66 70
659 13 24
660 20 62
661 23 67
662 25 45
663 32 73
664 70 90
665 21 25
666 8 34
667 7 26
668 48 73
669 33 46
670 73 87
671 41 62
672 78 85
673 15 27
674 20 86
675 41 79
676 49 63
677 55 97
678 25 54
679 84 90
680 53 59
681 8 41
682 33 39
683 16 25
684 73 88
685 78 92
686 20 93
687 77 92
688 6 88
689 45 51
690 10 23
691 30 82
692 23 81
693 25 63
694 32 71
695 1 38
696 26 38
697 33 56
698 36 83
699 1 87
700 2 95
701 22 26
702 79 95
703 26 73
704 27 77
705 12 36
706 37 60
707 77 85
708 24 31
709 42 73
710 66 83
711 33 64
712 89 99
713 26 33
714 33 49
715 16 23
716 73 74
717 12 35
718 51 72
719 17 40
720 77 78
721 42 48
722 30 92
723 13 60
724 31 86
725 89 100
726 71 76
727 58 67
728 21 61
729 80 92
730 43 96
731 46 47
732 36 65
733 54 63
734 9 33
735 27 91
736 30 71
737 13 53
738 50 58
739 33 82
740 14 44
741 57 84
742 80 83
743 26 51
744 46 54
745 12 66
746 2 40
747 61 64
748 30 63
749 10 11
750 49 92
751 30 78
752 13 46
753 25 27
754 32 99
755 50 53
756 14 55
757 18 74
758 1 2
759 58 85
760 21 79
761 44 96
762 46 57
763 48 99
764 2 35
765 30 38
766 34 61
767 17 19
768 6 63
769 55 91
770 14 62
771 58 92
772 44 95
773 51 55
774 37 72
775 22 57
776 5 31
777 61 82
778 62 64
779 30 41
780 17 20
781 24 66
782 23 26
783 49 78
784 50 84
785 18 45
786 55 80
787 38 40
788 40 66
789 65 78
790 22 65
791 78 98
792 43 76
793 83 85
794 46 75
795 68 92
796 15 34
797 5 24
798 9 93
799 27 39
800 55 56
801 59 61
802 10 36
803 13 89
804 75 93
805 28 77
806 54 99
807 21 90
808 83 90
809 47 64
810 16 97
811 27 60
812 47 49
813 87 94
814 20 21
815 24 80
816 81 97
817 31 56
818 40 48
819 43 45
820 22 83
821 83 99
822 37 99
823 24 40
824 27 53
825 34 65
826 35 85
827 23 33
828 25 79
829 81 90
830 31 33
831 74 75
832 65 81
833 16 95
834 15 57
835 93 95
836 66 99
837 20 27
838 3 37
839 59 64
840 23 62
841 25 80
842 81 83
843 82 99
844 32 46
845 13 68
846 35 43
847 4 76
848 28 90
849 89 92
850 42 96
851 10 73
852 52 57
853 3 42
854 59 89
855 23 55
856 81 84
857 32 37
858 39 87
859 4 75
860 11 43
861 53 87
862 36 49
863 22 100
864 41 91
865 24 61
866 59 94
867 60 64
868 25 34
869 6 12
870 82 85
871 28 57
872 40 44
873 21 22
874 16 53
875 53 80
876 36 56
877 15 20
878 17 74
879 56 91
880 41 92
881 13 30
882 20 48
883 59 87
884 84 85
885 63 67
886 72 89
887 53 89
888 36 39
889 54 89
890 41 52
891 12 56
892 17 67
893 19 86
894 20 72
895 76 93
896 42 93
897 13 23
898 23 66
899 84 92
900 1 43
901 21 24
902 8 35
903 7 21
904 48 74
905 73 86
906 78 90
907 15 26
908 19 95
909 20 87
910 41 78
911 45 57
912 49 62
913 13 16
914 25 53
915 45 74
916 84 91
917 32 65
918 53 58
919 1 44
920 4 47
921 8 42
922 7 18
923 33 38
924 16 26
925 36 85
926 79 81
927 26 79
928 9 13
929 12 46
930 15 99
931 77 91
932 24 25
933 6 89
934 45 50
935 49 55
936 31 99
937 35 100
938 60 100
939 23 80
940 25 62
941 45 67
942 28 29
943 85 92
944 71 89
945 1 37
946 57 64
947 7 11
948 33 63
949 36 92
950 22 27
951 79 94
952 26 86
953 17 54
954 42 54
955 66 80
956 30 90
957 40 96
958 32 95
959 4 29
960 37 83
961 17 47
962 55 79
963 21 60
964 36 66
965 37 92
966 5 35
967 26 88
968 9 32
969 27 90
970 88 92
971 62 63
972 30 68
973 33 81
974 57 91
975 80 84
976 72 99
977 37 69
978 9 41
979 27 83
980 30 60
981 34 35
982 15 71
983 30 79
984 13 45
985 25 26
986 64 75
987 14 52
988 18 75
989 57 92
990 58 82
991 21 78
992 22 39
993 5 21
994 62 94
995 30 39
996 34 58
997 17 18
998 50 90
999 55 90
1000 40 92
1001 64 66
1002 21 87
1003 22 79
1004 51 54
1005 22 62
1006 15 85
1007 24 67
1008 18 42
1009 74 95
1010 55 83
1011 38 41
1012 58 100
1013 83 84
1014 51 63
1015 22 49
1016 62 72
1017 55 59
1018 59 60
1019 50 76
1020 35 55
1021 3 94
1022 65 70
1023 28 78
1024 22 89
1025 19 47
1026 24 34
1027 27 63
1028 47 48
1029 87 89
1030 15 91
1031 20 22
1032 24 81
1033 6 33
1034 10 44
1035 50 71
1036 14 97
1037 4 95
1038 43 44
1039 14 16
1040 22 80
1041 79 97
1042 26 31
1043 16 89
1044 15 51
1045 2 4
1046 24 41
1047 3 63
1048 25 78
1049 31 32
1050 35 37
1051 65 80
1052 39 49
1053 44 60
1054 15 56
1055 56 71
1056 19 61
1057 2 31
1058 93 94
1059 23 57
1060 25 87
1061 81 82
1062 32 47
1063 13 67
1064 31 41
1065 35 42
1066 38 85
1067 39 89
1068 63 87
1069 22 98
1070 26 97
1071 17 95
1072 94 95
1073 24 55
1074 87 100
1075 35 66
1076 59 88
1077 25 88
1078 6 10
1079 82 91
1080 49 98
1081 32 38
1082 63 92
1083 11 42
1084 44 50
1085 48 53
1086 16 78
1087 56 85
1088 19 75
1089 41 90
1090 60 65
1091 23 79
1092 6 13
1093 39 79
1094 11 35
1095 54 71
1096 27 99
1097 15 23
1098 17 73
1099 56 92
1100 23 68
1101 53 55
1102 21 30
1103 33 43
1104 53 88
1105 41 59
1106 12 57
1107 56 99
1108 20 73
1109 41 68
1110 5 86
1111 66 68
1112 13 22
1113 20 56
1114 60 87
1115 25 51
1116 32 75
1117 1 42
1118 95 96
1119 8 36
1120 48 75
1121 2 75
1122 41 60
1123 78 91
1124 9 11
1125 49 61
1126 13 15
1127 55 99
1128 23 90
1129 25 52
1130 45 73
1131 32 66
1132 53 57
1133 1 35
1134 57 62
1135 8 43
1136 7 13
1137 12 88
1138 33 37
1139 16 27
1140 9 12
1141 12 47
1142 15 98
1143 37 49
1144 77 90
1145 24 26
1146 42 76
1147 45 49
1148 67 92
1149 23 83
1150 25 61
1151 32 89
1152 14 89
1153 12 87
1154 33 62
1155 72 79
1156 22 24
1157 26 87
1158 27 79
1159 12 38
1160 37 58
1161 77 83
1162 24 97
1163 10 28
1164 66 81
1165 67 69
1166 30 91
1167 89 97
1168 57 72
1169 33 55
1170 36 68
1171 37 82
1172 54 58
1173 5 57
1174 26 94
1175 51 74
1176 17 46
1177 42 62
1178 6 72
1179 30 66
1180 13 58
1181 23 97
1182 32 87
1183 18 86
1184 21 59
1185 4 5
1186 22 42
1187 26 89
1188 9 39
1189 30 58
1190 88 93
1191 34 41
1192 37 44
1193 6 67
1194 30 69
1195 31 89
1196 18 62
1197 14 50
1198 90 99
1199 57 90
1200 58 72
1201 80 85
1202 37 68
1203 9 40
1204 27 82
1205 30 61
1206 51 88
1207 52 74
1208 55 92
1209 50 51
1210 14 53
1211 57 99
1212 58 83
1213 21 77
1214 26 56
1215 93 96
1216 22 36
1217 61 87
1218 30 36
1219 15 79
1220 42 43
1221 23 31
1222 49 75
1223 50 91
1224 55 85
1225 38 55
1226 40 93
1227 21 86
1228 43 73
1229 51 57
1230 22 63
1231 5 29
1232 98 100
1233 30 47
1234 86 88
1235 10 59
1236 18 43
1237 55 82
1238 78 96
1239 46 73
1240 94 96
1241 62 73
1242 27 57
1243 55 58
1244 59 63
1245 24 75
1246 25 67
1247 49 69
1248 75 95
1249 40 75
1250 65 69
1251 28 79
1252 21 88
1253 43 71
1254 44 79
1255 83 92
1256 68 69
1257 16 99
1258 19 46
1259 24 35
1260 5 15
1261 47 51
1262 87 88
1263 34 68
1264 15 90
1265 20 23
1266 24 82
1267 23 42
1268 6 38
1269 31 58
1270 40 50
1271 43 47
1272 7 61
1273 39 59
1274 22 81
1275 79 96
1276 7 82
1277 47 75
1278 12 31
1279 69 90
1280 16 90
1281 15 50
1282 2 5
1283 27 55
1284 52 53
1285 35 87
1286 20 30
1287 25 77
1288 31 35
1289 35 36
1290 18 20
1291 4 71
1292 11 63
1293 14 24
1294 53 67
1295 56 72
1296 24 49
1297 66 97
1298 86 100
1299 35 92
1300 60 76
1301 23 56
1302 82 97
1303 13 66
1304 31 40
1305 39 88
1306 8 9
1307 16 57
1308 54 74
1309 39 41
1310 22 99
1311 7 64
1312 48 63
1313 12 13
1314 16 72
1315 56 79
1316 41 80
1317 24 56
1318 20 44
1319 23 49
1320 6 11
1321 32 39
1322 39 81
1323 90 91
1324 53 85
1325 48 54
1326 51 99
1327 16 79
1328 19 74
1329 24 63
1330 67 99
1331 20 43
1332 60 66
1333 23 78
1334 82 83
1335 45 93
1336 40 46
1337 63 68
1338 11 34
1339 72 84
1340 36 58
1341 27 98
1342 15 22
1343 17 72
1344 41 66
1345 34 99
1346 92 96
1347 20 50
1348 60 89
1349 25 41
1350 53 54
1351 33 42
1352 72 91
1353 41 58
1354 15 31
1355 19 88
1356 20 74
1357 76 95
1358 66 69
1359 49 59
1360 23 92
1361 8 86
1362 25 50
1363 32 76
1364 53 63
1365 8 37
1366 99 100
1367 48 76
1368 33 35
1369 36 40
1370 9 10
1371 12 49
1372 15 100
1373 37 55
1374 76 86
1375 42 66
1376 66 92
1377 49 60
1378 13 14
1379 55 98
1380 23 85
1381 25 59
1382 45 72
1383 14 87
1384 1 34
1385 8 44
1386 7 12
1387 33 36
1388 73 93
1389 36 87
1390 79 83
1391 27 73
1392 12 40
1393 17 51
1394 20 88
1395 24 27
1396 45 48
1397 30 81
1398 23 82
1399 64 97
1400 14 94
1401 26 37
1402 22 25
1403 26 84
1404 27 78
1405 12 39
1406 37 57
1407 77 82
1408 24 98
1409 5 64
1410 10 29
1411 67 68
1412 33 69
1413 57 79
1414 21 49
1415 29 49
1416 73 79
1417 36 69
1418 37 81
1419 54 59
1420 51 77
1421 17 45
1422 6 73
1423 67 77
1424 13 57
1425 71 73
1426 18 87
1427 26 55
1428 46 50
1429 37 90
1430 2 44
1431 62 82
1432 9 38
1433 27 92
1434 30 59
1435 34 38
1436 37 43
1437 49 88
1438 13 50
1439 38 58
1440 40 80
1441 50 57
1442 14 51
1443 1 14
1444 21 67
1445 4 13
1446 44 100
1447 19 21
1448 37 67
1449 22 34
1450 97 99
1451 62 85
1452 27 85
1453 30 34
1454 51 91
1455 18 73
1456 1 7
1457 57 98
1458 58 80
1459 26 57
1460 46 60
1461 22 37
1462 5 19
1463 61 86
1464 62 92
1465 97 100
1466 30 37
1467 34 56
1468 15 78
1469 23 30
1470 18 64
1471 58 91
1472 22 77
1473 46 71
1474 5 28
1475 27 35
1476 86 89
1477 52 89
1478 15 87
1479 55 60
1480 6 53
1481 31 55
1482 18 40
1483 74 93
1484 43 48
1485 65 67
1486 58 98
1487 21 94
1488 22 68
1489 78 97
1490 19 40
1491 22 55
1492 15 92
1493 59 62
1494 50 74
1495 40 76
1496 3 64
1497 64 82
1498 65 68
1499 14 15
1500 68 70
1501 16 100
1502 47 50
1503 24 83
1504 23 37
1505 10 42
1506 31 37
1507 43 46
1508 7 60
1509 14 22
1510 79 99
1511 44 71
1512 47 74
1513 16 91
1514 34 92
1515 35 86
1516 52 54
1517 24 90
1518 32 42
1519 13 72
1520 31 34
1521 35 39
1522 18 21
1523 75 76
1524 26 100
1525 44 62
1526 16 82
1527 15 58
1528 2 29
1529 23 59
1530 32 33
1531 13 65
1532 31 43
1533 8 10
1534 39 40
1535 22 96
1536 17 93
1537 56 80
1538 24 57
1539 91 99
1540 20 45
1541 60 68
1542 6 8
1543 45 99
1544 32 56
1545 38 66
1546 48 88
1547 53 84
1548 36 60
1549 17 86
1550 67 98
1551 20 52
1552 23 73
1553 25 39
1554 72 85
1555 78 79
1556 9 31
1557 20 76
1558 41 65
1559 13 27
1560 92 97
1561 20 51
1562 3 29
1563 60 90
