1 39 70
2 63 76
3 29 44
4 33 41
5 16 47
6 73 82
7 78 86
8 52 98
9 10 97
10 67 80
11 13 20
12 59 97
13 25 49
14 8 87
15 32 77
16 57 59
17 95 98
18 29 37
19 33 34
20 36 41
21 78 89
22 61 63
23 26 67
24 79 85
25 20 82
26 42 67
27 5 93
28 45 54
29 66 93
30 49 51
31 35 96
32 8 94
33 70 81
34 57 60
35 33 59
36 72 74
37 41 43
38 79 82
39 76 78
40 24 28
41 45 47
42 10 19
43 66 84
44 49 52
45 30 86
46 67 94
47 33 67
48 70 72
49 71 90
50 4 17
51 26 34
52 12 81
53 33 60
54 16 20
55 41 44
56 5 62
57 26 85
58 27 65
59 51 71
60 77 81
61 10 26
62 91 93
63 63 96
64 54 56
65 37 80
66 2 82
67 5 39
68 51 76
69 52 70
70 42 60
71 5 72
72 71 72
73 57 87
74 39 99
75 4 7
76 43 100
77 46 51
78 58 62
79 61 67
80 62 83
81 27 95
82 30 56
83 88 95
84 34 39
85 17 37
86 52 77
87 37 42
88 10 12
89 32 96
90 50 54
91 14 48
92 90 97
93 18 79
94 1 13
95 80 87
96 48 96
97 19 20
98 97 98
99 27 84
100 30 35
101 52 84
102 42 46
103 49 80
104 31 64
105 25 31
106 1 6
107 57 97
108 5 18
109 61 85
110 62 93
111 30 42
112 52 83
113 17 23
114 74 83
115 43 58
116 11 21
117 29 99
118 1 31
119 58 88
120 46 68
121 15 33
122 5 27
123 9 88
124 27 34
125 15 86
126 76 96
127 50 80
128 74 90
129 38 44
130 3 90
131 64 92
132 65 66
133 58 99
134 43 64
135 83 89
136 68 88
137 22 52
138 47 52
139 87 93
140 24 77
141 25 65
142 50 75
143 13 85
144 75 81
145 38 39
146 3 67
147 40 77
148 28 73
149 39 60
150 83 94
151 47 76
152 68 71
153 69 95
154 2 8
155 24 37
156 61 96
157 30 31
158 87 90
159 34 66
160 24 84
161 28 64
162 14 23
163 69 88
164 15 60
165 2 3
166 41 100
167 24 44
168 66 100
169 52 55
170 3 32
171 6 31
172 28 40
173 32 43
174 35 38
175 38 81
176 65 85
177 11 49
178 89 95
179 44 63
180 47 82
181 12 16
182 88 97
183 62 96
184 34 84
185 3 41
186 25 84
187 32 34
188 60 61
189 63 80
190 29 64
191 90 94
192 53 74
193 39 43
194 48 49
195 12 15
196 69 74
197 41 86
198 87 97
199 20 46
200 59 93
201 6 9
202 82 86
203 45 98
204 38 67
205 40 41
206 16 50
207 53 83
208 36 61
209 16 65
210 19 76
211 41 95
212 5 97
213 27 28
214 20 53
215 3 23
216 60 92
217 25 38
218 4 62
219 48 80
220 16 41
221 27 100
222 15 16
223 19 85
224 41 64
225 30 98
226 45 84
227 39 65
228 95 100
229 63 79
230 29 43
231 33 40
232 73 81
233 41 56
234 12 52
235 41 73
236 66 67
237 13 19
238 3 5
239 8 88
240 45 77
241 85 86
242 32 78
243 57 58
244 8 39
245 7 17
246 29 36
247 54 84
248 1 88
249 61 62
250 79 84
251 12 51
252 17 56
253 37 53
254 20 83
255 76 80
256 42 64
257 6 90
258 45 53
259 49 50
260 67 88
261 35 99
262 3 10
263 33 73
264 14 85
265 71 92
266 57 67
267 7 14
268 48 69
269 29 61
270 72 75
271 41 42
272 17 49
273 76 79
274 24 29
275 45 46
276 10 16
277 60 96
278 70 73
279 26 35
280 12 82
281 16 21
282 36 88
283 2 88
284 5 61
285 26 82
286 27 64
287 37 39
288 77 80
289 24 100
290 10 27
291 67 70
292 31 84
293 91 92
294 40 100
295 85 97
296 26 42
297 63 99
298 73 77
299 61 73
300 88 89
301 42 61
302 67 79
303 3 97
304 33 92
305 71 75
306 18 85
307 57 86
308 58 76
309 39 98
310 80 81
311 46 48
312 36 78
313 58 63
314 61 66
315 62 80
316 51 84
317 34 36
318 37 41
319 25 100
320 10 13
321 31 90
322 50 55
323 57 95
324 21 65
325 43 92
326 19 23
327 37 65
328 93 100
329 62 91
330 30 32
331 52 85
332 42 47
333 31 67
334 25 30
335 14 56
336 1 5
337 57 96
338 51 53
339 5 17
340 62 66
341 9 86
342 27 44
343 30 43
344 17 22
345 24 64
346 18 47
347 74 80
348 38 42
349 11 20
350 7 96
351 46 69
352 19 37
353 98 99
354 9 95
355 27 37
356 86 95
357 15 81
358 76 97
359 50 81
360 74 91
361 8 16
362 11 13
363 1 23
364 58 96
365 21 92
366 43 67
367 83 88
368 46 76
369 47 70
370 68 89
371 15 41
372 22 53
373 62 76
374 27 58
375 47 55
376 87 92
377 24 78
378 23 46
379 25 64
380 10 33
381 50 72
382 75 80
383 40 78
384 39 63
385 83 97
386 2 9
387 24 38
388 74 77
389 38 95
390 4 91
391 65 83
392 29 77
393 14 20
394 53 71
395 1 97
396 26 27
397 7 79
398 47 84
399 69 71
400 19 56
401 86 96
402 34 90
403 3 35
404 28 41
405 32 44
406 13 70
407 18 19
408 38 86
409 39 92
410 4 66
411 28 88
412 89 94
413 44 56
414 46 97
415 12 17
416 88 98
417 62 97
418 34 85
419 35 65
420 56 58
421 59 71
422 60 79
423 6 23
424 81 86
425 82 92
426 28 32
427 32 35
428 8 12
429 63 83
430 90 95
431 53 73
432 39 42
433 9 19
434 48 50
435 69 73
436 87 96
437 20 47
438 59 92
439 60 70
440 6 14
441 82 87
442 38 64
443 39 82
444 40 42
445 63 88
446 11 46
447 29 88
448 72 80
449 53 82
450 44 46
451 96 100
452 27 31
453 66 78
454 67 100
455 35 79
456 92 100
457 20 54
458 63 65
459 48 81
460 15 19
461 17 77
462 30 99
463 92 99
464 3 31
465 8 82
466 45 83
467 21 26
468 39 64
469 63 78
470 29 42
471 73 80
472 54 82
473 78 84
474 12 53
475 20 85
476 42 70
477 6 96
478 49 56
479 13 18
480 3 4
481 59 99
482 8 89
483 45 76
484 7 16
485 11 85
486 29 35
487 36 43
488 54 85
489 37 52
490 76 81
491 42 65
492 6 91
493 45 52
494 10 22
495 66 91
496 25 56
497 84 96
498 1 39
499 7 9
500 29 60
501 2 94
502 79 92
503 17 48
504 77 86
505 24 30
506 10 17
507 30 84
508 60 97
509 64 100
510 33 65
511 26 32
512 12 83
513 16 22
514 73 75
515 37 85
516 2 89
517 27 67
518 37 38
519 77 79
520 10 24
521 67 73
522 30 95
523 65 99
524 32 84
525 57 76
526 58 66
527 39 100
528 4 26
529 43 97
530 26 43
531 63 98
532 73 76
533 2 80
534 22 23
535 61 72
536 27 88
537 88 90
538 37 47
539 31 92
540 92 94
541 3 96
542 65 100
543 33 83
544 90 100
545 71 74
546 18 82
547 1 10
548 57 85
549 80 82
550 46 49
551 58 60
552 61 65
553 37 40
554 64 73
555 50 52
556 33 84
557 14 54
558 1 3
559 57 94
560 58 84
561 4 8
562 43 95
563 26 61
564 48 98
565 19 22
566 93 99
567 5 23
568 62 88
569 30 33
570 42 44
571 31 66
572 74 86
573 4 96
574 25 29
575 1 4
576 58 95
577 43 84
578 44 94
579 68 84
580 51 52
581 69 98
582 22 56
583 5 16
584 61 83
585 62 67
586 27 47
587 30 40
588 17 21
589 24 65
590 55 81
591 38 43
592 40 65
593 43 60
594 11 23
595 21 82
596 43 77
597 68 83
598 62 74
599 27 36
600 86 92
601 34 78
602 15 80
603 76 98
604 74 88
605 64 94
606 11 12
607 58 97
608 78 100
609 43 66
610 44 76
611 7 88
612 83 91
613 46 77
614 68 90
615 69 84
616 2 15
617 94 100
618 24 32
619 27 61
620 47 54
621 86 87
622 87 95
623 34 73
624 15 89
625 10 46
626 50 73
627 75 83
628 3 69
629 64 85
630 14 18
631 22 82
632 83 96
633 46 84
634 69 93
635 2 6
636 41 97
637 5 11
638 34 64
639 3 61
640 38 92
641 8 31
642 14 21
643 53 70
644 22 85
645 68 72
646 69 70
647 10 65
648 86 97
649 3 34
650 59 65
651 81 92
652 28 42
653 35 40
654 40 61
655 39 95
656 4 67
657 63 85
658 28 89
659 89 93
660 39 44
661 12 18
662 88 99
663 16 85
664 52 56
665 35 64
666 23 52
667 25 90
668 81 85
669 28 33
670 32 36
671 39 84
672 60 63
673 8 13
674 29 94
675 16 61
676 90 92
677 53 72
678 44 48
679 48 51
680 69 72
681 87 99
682 91 100
683 3 16
684 25 35
685 82 84
686 45 96
687 40 43
688 21 23
689 39 77
690 29 87
691 16 52
692 53 81
693 27 97
694 15 21
695 27 30
696 34 100
697 35 78
698 20 55
699 3 25
700 60 94
701 25 36
702 63 64
703 48 82
704 72 88
705 36 38
706 78 82
707 15 18
708 42 92
709 30 96
710 3 30
711 45 82
712 39 67
713 63 73
714 29 41
715 33 46
716 72 95
717 54 83
718 78 85
719 13 17
720 3 7
721 59 98
722 45 75
723 32 64
724 70 93
725 29 34
726 33 39
727 79 86
728 26 78
729 12 45
730 37 51
731 76 82
732 5 90
733 6 88
734 45 51
735 10 23
736 23 81
737 84 97
738 70 84
739 1 38
740 57 65
741 26 38
742 7 8
743 11 77
744 12 85
745 2 95
746 22 26
747 27 77
748 17 55
749 37 60
750 77 85
751 24 31
752 5 67
753 42 73
754 10 30
755 30 85
756 33 64
757 89 99
758 71 87
759 26 33
760 63 100
761 12 76
762 16 23
763 73 74
764 37 84
765 2 86
766 51 72
767 77 78
768 6 74
769 10 25
770 67 72
771 91 94
772 55 76
773 65 98
774 71 76
775 57 83
776 58 67
777 21 61
778 26 40
779 46 47
780 36 65
781 88 91
782 51 81
783 34 43
784 37 46
785 42 59
786 13 53
787 92 95
788 1 9
789 80 83
790 46 54
791 58 61
792 61 64
793 62 86
794 10 11
795 30 78
796 40 84
797 25 27
798 11 24
799 50 53
800 14 55
801 1 2
802 21 79
803 4 9
804 44 96
805 29 31
806 27 41
807 30 38
808 34 61
809 17 19
810 49 85
811 31 77
812 18 50
813 74 87
814 40 91
815 3 81
816 4 97
817 25 28
818 64 65
819 11 17
820 44 95
821 51 55
822 69 97
823 15 37
824 5 31
825 62 64
826 17 20
827 10 61
828 50 84
829 55 80
830 38 40
831 64 88
832 11 22
833 21 81
834 44 86
835 83 85
836 94 98
837 22 48
838 27 39
839 15 83
840 55 56
841 76 99
842 59 61
843 74 89
844 3 95
845 4 87
846 64 95
847 28 77
848 11 15
849 46 82
850 69 83
851 2 12
852 24 33
853 61 100
854 47 49
855 87 94
856 15 88
857 20 21
858 50 70
859 31 56
860 35 61
861 75 82
862 65 88
863 14 19
864 26 30
865 83 99
866 46 85
867 15 48
868 2 7
869 41 96
870 24 40
871 9 79
872 34 65
873 6 27
874 28 44
875 13 75
876 31 33
877 18 22
878 74 75
879 28 67
880 89 91
881 53 69
882 44 67
883 12 20
884 68 73
885 10 78
886 3 37
887 59 64
888 6 18
889 81 83
890 28 43
891 35 43
892 39 94
893 63 84
894 89 92
895 12 19
896 88 100
897 42 96
898 3 42
899 59 89
900 60 73
901 6 21
902 81 84
903 82 90
904 28 34
905 38 79
906 39 87
907 90 93
908 2 97
909 48 52
910 56 84
911 24 61
912 67 97
913 59 94
914 60 64
915 23 76
916 25 34
917 82 85
918 38 70
919 21 22
920 39 76
921 40 44
922 7 39
923 63 90
924 16 53
925 72 82
926 53 80
927 27 96
928 15 20
929 19 81
930 41 92
931 20 48
932 3 24
933 96 97
934 25 43
935 6 7
936 84 85
937 70 96
938 63 67
939 48 83
940 72 89
941 1 67
942 56 98
943 5 87
944 13 23
945 60 86
946 25 44
947 45 81
948 39 66
949 95 97
950 7 21
951 29 40
952 54 80
953 41 61
954 12 55
955 76 84
956 5 80
957 66 94
958 13 16
959 3 6
960 32 65
961 14 81
962 57 63
963 21 33
964 7 18
965 29 33
966 33 38
967 16 26
968 79 81
969 76 83
970 24 25
971 5 89
972 45 50
973 10 20
974 49 55
975 31 99
976 35 100
977 23 80
978 28 29
979 85 92
980 33 78
981 71 89
982 57 64
983 4 22
984 26 39
985 11 76
986 16 17
987 2 92
988 41 47
989 79 94
990 12 37
991 77 84
992 5 66
993 40 96
994 60 99
995 32 95
996 70 76
997 36 91
998 37 83
999 5 58
1000 61 77
1001 26 81
1002 17 47
1003 65 97
1004 33 88
1005 70 71
1006 57 82
1007 58 64
1008 26 41
1009 36 66
1010 27 90
1011 88 92
1012 51 80
1013 34 40
1014 37 45
1015 42 56
1016 25 96
1017 6 66
1018 62 63
1019 13 52
1020 31 94
1021 90 98
1022 1 8
1023 57 91
1024 80 84
1025 46 55
1026 68 96
1027 54 55
1028 61 95
1029 62 87
1030 34 35
1031 15 71
1032 52 73
1033 49 83
1034 30 79
1035 40 85
1036 25 26
1037 28 97
1038 32 100
1039 14 52
1040 57 92
1041 44 97
1042 29 30
1043 93 97
1044 61 88
1045 27 40
1046 30 39
1047 34 58
1048 15 76
1049 17 18
1050 52 80
1051 49 84
1052 74 84
1053 40 92
1054 64 66
1055 11 16
1056 53 96
1057 1 26
1058 58 93
1059 51 54
1060 69 96
1061 5 30
1062 62 65
1063 27 33
1064 86 91
1065 15 85
1066 24 67
1067 50 85
1068 38 41
1069 3 89
1070 40 67
1071 65 77
1072 33 100
1073 58 100
1074 44 87
1075 83 84
1076 94 99
1077 5 7
1078 27 38
1079 15 82
1080 59 60
1081 50 76
1082 18 37
1083 75 92
1084 3 94
1085 4 80
1086 64 80
1087 28 78
1088 11 14
1089 7 90
1090 83 93
1091 46 83
1092 2 13
1093 24 34
1094 61 99
1095 27 63
1096 47 48
1097 87 89
1098 20 22
1099 50 71
1100 4 95
1101 43 44
1102 8 26
1103 64 87
1104 65 95
1105 14 16
1106 26 31
1107 83 98
1108 19 52
1109 2 4
1110 24 41
1111 5 9
1112 34 94
1113 35 84
1114 59 74
1115 25 78
1116 32 40
1117 31 32
1118 18 23
1119 38 82
1120 65 80
1121 89 90
1122 44 60
1123 47 81
1124 12 21
1125 68 74
1126 93 94
1127 59 67
1128 6 19
1129 81 82
1130 28 36
1131 40 63
1132 28 91
1133 29 67
1134 16 56
1135 39 46
1136 94 95
1137 42 97
1138 62 100
1139 91 97
1140 23 54
1141 6 10
1142 25 88
1143 28 35
1144 32 38
1145 38 76
1146 39 86
1147 8 15
1148 54 76
1149 9 16
1150 48 53
1151 67 96
1152 60 65
1153 25 33
1154 32 61
1155 39 79
1156 7 38
1157 63 69
1158 29 85
1159 16 54
1160 72 83
1161 53 95
1162 27 99
1163 15 23
1164 41 67
1165 42 83
1166 66 77
1167 20 49
1168 3 27
1169 59 86
1170 60 88
1171 25 42
1172 96 98
1173 84 86
1174 53 55
1175 48 84
1176 33 43
1177 72 90
1178 15 28
1179 56 99
1180 20 73
1181 42 90
1182 13 22
1183 45 80
1184 70 88
1185 95 96
1186 33 44
1187 54 81
1188 41 60
1189 76 85
1190 67 87
1191 13 15
1192 3 9
1193 59 100
1194 8 92
1195 84 100
1196 32 66
1197 70 83
1198 57 62
1199 29 32
1200 33 37
1201 37 49
1202 24 26
1203 5 88
1204 45 49
1205 10 21
1206 49 54
1207 67 92
1208 23 83
1209 8 67
1210 25 61
1211 28 30
1212 84 99
1213 70 74
1214 71 88
1215 38 99
1216 80 96
1217 26 36
1218 16 18
1219 1 85
1220 41 46
1221 51 69
1222 17 53
1223 77 83
1224 5 65
1225 10 28
1226 67 69
1227 40 97
1228 33 70
1229 89 97
1230 70 77
1231 37 82
1232 61 76
1233 17 46
1234 65 96
1235 58 65
1236 39 97
1237 4 5
1238 80 94
1239 36 67
1240 9 39
1241 88 93
1242 51 83
1243 37 44
1244 10 14
1245 50 56
1246 33 80
1247 14 50
1248 90 99
1249 18 81
1250 57 90
1251 80 85
1252 26 49
1253 46 52
1254 36 74
1255 58 59
1256 61 94
1257 30 61
1258 6 58
1259 49 82
1260 38 60
1261 50 51
1262 57 99
1263 58 83
1264 21 77
1265 4 11
1266 26 56
1267 44 98
1268 37 77
1269 5 20
1270 61 87
1271 62 95
1272 27 43
1273 30 36
1274 52 81
1275 42 43
1276 13 37
1277 55 85
1278 43 56
1279 64 67
1280 11 19
1281 43 73
1282 46 70
1283 15 39
1284 73 100
1285 5 29
1286 61 80
1287 98 100
1288 27 32
1289 49 76
1290 50 82
1291 55 82
1292 3 88
1293 43 49
1294 64 90
1295 65 76
1296 78 96
1297 43 78
1298 44 80
1299 83 87
1300 46 73
1301 94 96
1302 22 54
1303 5 6
1304 9 67
1305 34 77
1306 59 63
1307 25 67
1308 50 77
1309 3 65
1310 44 79
1311 83 92
1312 46 80
1313 68 69
1314 69 81
1315 19 46
1316 2 10
1317 24 35
1318 5 15
1319 61 98
1320 47 51
1321 87 88
1322 20 23
1323 50 68
1324 31 58
1325 75 84
1326 4 88
1327 43 47
1328 65 94
1329 14 17
1330 22 81
1331 79 96
1332 26 28
1333 44 70
1334 68 76
1335 69 90
1336 2 5
1337 24 42
1338 5 8
1339 47 56
1340 34 95
1341 52 53
1342 25 77
1343 32 41
1344 13 73
1345 31 35
1346 18 20
1347 3 79
1348 65 87
1349 48 56
1350 47 80
1351 12 22
1352 68 75
1353 16 81
1354 62 98
1355 20 37
1356 3 39
1357 59 66
1358 23 56
1359 6 16
1360 31 40
1361 39 88
1362 8 9
1363 63 86
1364 39 41
1365 12 13
1366 41 80
1367 24 56
1368 59 91
1369 6 11
1370 39 81
1371 63 95
1372 90 91
1373 53 85
1374 54 77
1375 9 23
1376 48 54
1377 9 96
1378 67 99
1379 25 32
1380 82 83
1381 28 59
1382 40 46
1383 39 78
1384 63 68
1385 29 84
1386 36 58
1387 9 24
1388 15 22
1389 34 99
1390 92 96
1391 3 26
1392 96 99
1393 25 41
1394 53 54
1395 48 85
1396 33 42
1397 73 83
1398 78 81
1399 56 100
1400 13 21
1401 60 80
1402 14 76
1403 4 34
1404 95 99
1405 99 100
1406 48 76
1407 29 38
1408 33 35
1409 16 37
1410 73 84
1411 36 40
1412 76 86
1413 5 94
1414 6 100
1415 45 55
1416 67 86
1417 13 14
1418 31 100
1419 3 8
1420 23 85
1421 32 67
1422 70 80
1423 53 56
1424 57 61
1425 4 41
1426 33 36
1427 72 73
1428 26 77
1429 76 77
1430 24 27
1431 5 71
1432 42 77
1433 45 48
1434 10 18
1435 66 87
1436 49 53
1437 67 95
1438 23 82
1439 64 97
1440 28 31
1441 85 90
1442 70 75
1443 38 96
1444 4 16
1445 80 97
1446 26 37
1447 29 56
1448 33 61
1449 16 19
1450 2 90
1451 27 78
1452 17 52
1453 77 82
1454 5 64
1455 10 29
1456 30 88
1457 85 99
1458 89 96
1459 71 80
1460 1 60
1461 80 88
1462 26 44
1463 63 97
1464 37 81
1465 42 63
1466 71 73
1467 57 80
1468 58 78
1469 39 96
1470 4 6
1471 46 50
1472 9 38
1473 88 94
1474 51 82
1475 34 38
1476 52 76
1477 37 43
1478 6 64
1479 10 15
1480 31 88
1481 28 100
1482 90 96
1483 57 89
1484 4 13
1485 80 86
1486 46 53
1487 19 21
1488 2 39
1489 37 67
1490 97 99
1491 62 85
1492 30 34
1493 52 75
1494 49 81
1495 30 77
1496 18 54
1497 1 7
1498 57 98
1499 37 76
1500 22 37
1501 5 19
1502 97 100
1503 27 42
1504 52 82
1505 31 78
1506 74 82
1507 55 84
1508 3 82
1509 11 18
1510 29 100
1511 33 97
1512 58 91
1513 21 85
1514 68 80
1515 51 56
1516 27 35
1517 30 44
1518 86 89
1519 50 83
1520 65 67
1521 58 98
1522 7 95
1523 83 86
1524 94 97
1525 27 56
1526 47 53
1527 34 74
1528 15 92
1529 59 62
1530 25 66
1531 10 35
1532 75 94
1533 3 64
1534 14 15
1535 39 61
1536 83 95
1537 46 81
1538 47 77
1539 68 70
1540 15 52
1541 5 14
1542 61 97
1543 47 50
1544 87 91
1545 34 69
1546 6 39
1547 4 89
1548 43 46
1549 29 79
1550 14 22
1551 79 99
1552 26 29
1553 83 100
1554 47 74
1555 69 89
1556 56 66
1557 19 54
1558 24 43
1559 52 54
1560 35 86
1561 3 33
1562 6 30
1563 32 42
1564 13 72
1565 31 34
1566 18 21
1567 75 76
1568 40 58
1569 3 78
1570 26 100
1571 47 83
1572 12 23
1573 88 96
1574 16 82
1575 42 100
1576 62 99
1577 34 87
1578 35 95
1579 3 38
1580 6 17
1581 82 94
1582 32 33
1583 31 43
1584 35 44
1585 29 65
1586 39 40
1587 12 14
1588 69 75
1589 91 99
1590 59 90
1591 6 8
1592 82 89
1593 28 61
1594 32 56
1595 39 80
1596 63 94
1597 29 90
1598 53 84
1599 9 22
1600 48 55
1601 16 64
1602 41 88
1603 27 29
1604 67 98
1605 35 77
1606 20 52
1607 59 83
1608 60 67
1609 40 47
1610 39 73
1611 48 95
1612 1 79
1613 41 48
1614 78 79
1615 15 17
1616 19 82
1617 20 76
1618 41 65
1619 92 97
1620 20 51
1621 3 29
1622 25 40
1623 8 80
1624 45 85
