1 50 96
2 21 28
3 4 36
4 39 70
5 16 47
6 73 82
7 41 57
8 12 59
9 42 88
10 45 61
11 49 58
12 30 100
13 84 95
14 85 87
15 53 62
16 57 59
17 95 98
18 33 34
19 16 38
20 36 41
21 61 63
22 37 54
23 45 54
24 49 51
25 67 89
26 3 11
27 23 84
28 8 94
29 45 71
30 70 81
31 71 93
32 57 60
33 4 42
34 7 15
35 12 90
36 33 59
37 72 74
38 1 82
39 41 43
40 79 82
41 37 63
42 76 78
43 24 28
44 45 47
45 66 84
46 49 52
47 85 89
48 32 91
49 70 72
50 71 90
51 4 17
52 80 98
53 26 34
54 41 44
55 22 30
56 9 59
57 27 65
58 37 56
59 77 81
60 42 53
61 5 79
62 67 71
63 91 93
64 32 82
65 14 38
66 63 96
67 73 78
68 54 56
69 2 82
70 5 39
71 42 60
72 6 78
73 67 76
74 30 64
75 50 63
76 14 41
77 71 72
78 18 84
79 1 52
80 58 79
81 4 7
82 46 51
83 68 100
84 36 77
85 58 62
86 9 37
87 27 95
88 88 95
89 34 39
90 52 77
91 37 42
92 6 65
93 10 12
94 18 60
95 38 59
96 32 96
97 50 54
98 14 48
99 90 97
100 1 13
101 57 88
102 4 14
103 46 58
104 48 96
105 68 99
106 19 20
107 22 35
108 97 98
109 9 46
110 30 35
111 42 46
112 6 56
113 50 94
114 55 94
115 38 50
116 40 88
117 25 31
118 64 78
119 14 59
120 1 6
121 46 61
122 73 97
123 19 29
124 2 63
125 61 85
126 62 93
127 30 42
128 23 25
129 31 73
130 18 46
131 38 53
132 3 85
133 43 58
134 64 69
135 65 73
136 29 99
137 18 65
138 1 31
139 58 88
140 21 84
141 51 59
142 15 33
143 19 34
144 9 88
145 27 34
146 55 63
147 76 96
148 6 42
149 18 41
150 74 90
151 75 88
152 38 44
153 43 51
154 65 66
155 1 16
156 58 99
157 7 94
158 83 89
159 69 86
160 22 52
161 62 79
162 9 65
163 47 52
164 87 93
165 6 45
166 18 32
167 75 81
168 38 39
169 39 60
170 83 94
171 68 71
172 69 95
173 15 55
174 2 8
175 5 13
176 47 61
177 30 31
178 87 90
179 3 59
180 77 96
181 23 36
182 6 36
183 13 78
184 31 36
185 18 27
186 74 76
187 38 94
188 40 52
189 7 63
190 28 64
191 39 53
192 44 64
193 68 78
194 16 92
195 17 98
196 2 3
197 66 100
198 47 58
199 86 99
200 52 55
201 20 24
202 82 100
203 75 79
204 40 59
205 39 93
206 4 65
207 7 52
208 28 95
209 89 95
210 44 63
211 46 96
212 48 58
213 12 16
214 34 84
215 52 62
216 56 57
217 25 84
218 81 87
219 82 95
220 28 39
221 32 34
222 60 61
223 8 11
224 29 64
225 16 59
226 90 94
227 36 54
228 39 43
229 44 54
230 48 49
231 12 15
232 69 74
233 91 98
234 6 9
235 82 86
236 40 41
237 7 42
238 16 50
239 36 61
240 44 45
241 9 21
242 41 95
243 42 87
244 27 28
245 74 96
246 39 72
247 7 35
248 41 55
249 15 16
250 41 64
251 42 94
252 66 72
253 21 27
254 4 37
255 95 100
256 29 43
257 33 40
258 16 32
259 73 81
260 2 79
261 41 56
262 78 87
263 20 84
264 45 60
265 66 67
266 49 57
267 13 19
268 3 5
269 84 88
270 32 78
271 70 95
272 53 61
273 57 58
274 75 96
275 7 17
276 36 42
277 54 84
278 61 62
279 26 64
280 79 84
281 12 51
282 37 53
283 42 64
284 45 53
285 66 90
286 49 50
287 85 95
288 14 85
289 8 46
290 7 14
291 12 91
292 33 58
293 72 75
294 36 81
295 1 81
296 41 42
297 5 52
298 9 49
299 12 42
300 37 62
301 76 79
302 77 87
303 24 29
304 5 69
305 42 75
306 45 46
307 64 99
308 70 73
309 71 85
310 21 54
311 80 99
312 26 35
313 12 82
314 16 21
315 36 88
316 22 31
317 79 90
318 9 58
319 27 64
320 12 33
321 17 42
322 37 39
323 42 50
324 5 78
325 67 70
326 31 84
327 85 97
328 14 39
329 71 82
330 18 90
331 80 90
332 26 42
333 12 73
334 33 52
335 73 77
336 36 71
337 54 57
338 9 35
339 42 61
340 6 79
341 67 79
342 92 93
343 50 60
344 14 46
345 71 75
346 1 11
347 80 81
348 46 48
349 72 96
350 2 42
351 58 63
352 22 41
353 5 47
354 9 36
355 30 57
356 51 84
357 37 41
358 10 13
359 49 94
360 38 56
361 64 72
362 50 55
363 14 49
364 18 76
365 1 12
366 58 87
367 4 15
368 43 92
369 46 59
370 19 23
371 93 100
372 22 32
373 30 32
374 42 47
375 10 52
376 38 51
377 25 30
378 64 79
379 14 56
380 1 5
381 58 94
382 22 72
383 43 85
384 51 53
385 69 99
386 73 96
387 19 28
388 5 17
389 23 24
390 6 48
391 31 72
392 38 42
393 43 61
394 64 70
395 65 72
396 29 98
397 7 96
398 68 82
399 51 58
400 98 99
401 86 95
402 55 62
403 38 45
404 40 71
405 43 50
406 8 16
407 11 13
408 1 23
409 58 96
410 12 100
411 2 14
412 27 58
413 47 55
414 3 53
415 81 99
416 10 33
417 18 33
418 54 100
419 39 63
420 79 100
421 83 97
422 47 79
423 12 99
424 2 9
425 24 38
426 5 12
427 47 60
428 3 58
429 6 37
430 81 100
431 31 39
432 18 24
433 74 77
434 40 53
435 29 77
436 1 97
437 39 52
438 26 27
439 68 79
440 69 71
441 24 45
442 86 96
443 35 88
444 20 25
445 81 93
446 28 41
447 35 41
448 18 19
449 40 60
450 39 92
451 7 55
452 65 84
453 28 88
454 89 94
455 44 56
456 48 59
457 12 17
458 88 98
459 2 27
460 24 52
461 42 98
462 52 63
463 56 58
464 3 40
465 81 86
466 82 92
467 28 32
468 32 35
469 35 46
470 39 85
471 60 62
472 8 12
473 16 60
474 90 95
475 36 55
476 2 99
477 39 42
478 44 55
479 9 19
480 48 50
481 69 73
482 87 96
483 3 17
484 6 14
485 40 42
486 39 82
487 4 48
488 63 88
489 29 88
490 36 62
491 44 46
492 41 94
493 42 84
494 5 96
495 27 31
496 66 78
497 67 100
498 35 79
499 59 85
500 32 49
501 70 98
502 74 97
503 39 75
504 4 63
505 8 58
506 29 81
507 16 42
508 72 87
509 36 37
510 41 54
511 12 62
512 15 19
513 56 96
514 41 71
515 66 73
516 92 99
517 8 82
518 32 72
519 21 26
520 39 64
521 8 33
522 29 42
523 16 33
524 36 44
525 41 63
526 78 84
527 12 53
528 76 90
529 42 70
530 5 82
531 45 59
532 49 56
533 67 82
534 3 4
535 32 79
536 13 99
537 53 60
538 75 99
539 21 35
540 7 16
541 48 79
542 29 35
543 36 43
544 1 95
545 54 85
546 79 87
547 9 15
548 37 52
549 42 65
550 45 52
551 3 13
552 84 96
553 21 44
554 8 47
555 7 9
556 72 76
557 1 80
558 9 48
559 27 74
560 37 61
561 24 30
562 5 68
563 6 82
564 42 72
565 10 17
566 66 82
567 30 84
568 64 100
569 32 93
570 14 93
571 70 78
572 1 56
573 21 53
574 80 100
575 26 32
576 33 50
577 73 75
578 22 28
579 37 38
580 77 79
581 42 51
582 67 73
583 91 95
584 8 78
585 85 96
586 32 84
587 14 36
588 71 77
589 39 100
590 80 91
591 73 76
592 54 62
593 37 94
594 2 80
595 22 23
596 9 34
597 88 90
598 37 47
599 42 58
600 67 78
601 92 94
602 50 61
603 14 47
604 90 100
605 71 74
606 1 10
607 57 85
608 80 82
609 46 49
610 12 65
611 36 79
612 58 60
613 22 46
614 5 46
615 62 81
616 52 79
617 37 40
618 38 57
619 64 73
620 32 98
621 33 84
622 14 54
623 50 52
624 18 77
625 1 3
626 57 94
627 4 8
628 46 56
629 19 22
630 93 99
631 22 33
632 62 88
633 30 33
634 42 44
635 18 53
636 38 48
637 25 29
638 8 99
639 14 57
640 18 68
641 1 4
642 22 73
643 68 84
644 51 52
645 69 98
646 19 31
647 22 56
648 5 16
649 23 27
650 6 49
651 38 43
652 43 60
653 64 71
654 65 79
655 21 82
656 44 85
657 7 99
658 51 61
659 2 52
660 22 51
661 5 25
662 55 57
663 76 98
664 18 39
665 75 90
666 3 92
667 43 53
668 8 17
669 28 76
670 11 12
671 54 98
672 78 100
673 7 88
674 83 91
675 68 90
676 69 84
677 16 96
678 15 40
679 2 15
680 94 100
681 47 54
682 86 87
683 87 95
684 81 98
685 35 58
686 18 30
687 65 89
688 39 62
689 7 81
690 83 96
691 69 93
692 2 6
693 5 11
694 47 63
695 23 38
696 81 91
697 13 76
698 31 38
699 40 54
700 65 82
701 29 76
702 1 96
703 39 55
704 68 72
705 69 70
706 10 65
707 66 98
708 86 97
709 25 81
710 82 98
711 28 42
712 40 61
713 63 85
714 28 89
715 89 93
716 39 44
717 26 99
718 44 57
719 48 60
720 88 99
721 69 79
722 16 85
723 52 56
724 35 64
725 56 59
726 20 33
727 23 52
728 28 33
729 39 84
730 4 74
731 60 63
732 8 13
733 63 82
734 16 61
735 36 48
736 2 96
737 44 48
738 48 51
739 69 72
740 17 82
741 2 19
742 87 99
743 35 73
744 91 100
745 3 16
746 25 35
747 6 15
748 82 84
749 40 43
750 21 23
751 8 52
752 72 81
753 36 63
754 44 47
755 19 78
756 27 30
757 66 79
758 34 100
759 35 78
760 60 94
761 70 99
762 39 74
763 7 29
764 16 43
765 72 88
766 54 88
767 36 38
768 41 53
769 78 82
770 20 79
771 66 70
772 20 62
773 60 85
774 70 90
775 21 25
776 7 26
777 29 41
778 33 46
779 73 87
780 36 45
781 41 62
782 12 54
783 41 79
784 45 58
785 49 63
786 13 17
787 55 97
788 3 7
789 84 90
790 53 59
791 1 45
792 75 98
793 21 34
794 4 46
795 48 64
796 29 34
797 9 14
798 15 96
799 37 51
800 76 82
801 42 78
802 6 88
803 45 51
804 66 88
805 3 12
806 84 97
807 85 93
808 70 84
809 1 38
810 7 8
811 48 71
812 72 77
813 22 26
814 5 50
815 37 60
816 24 31
817 33 64
818 89 99
819 70 79
820 71 87
821 26 33
822 33 49
823 73 74
824 22 29
825 9 56
826 77 78
827 42 48
828 5 76
829 67 72
830 91 94
831 14 37
832 89 100
833 71 76
834 18 88
835 4 27
836 46 47
837 54 63
838 61 71
839 26 91
840 9 33
841 88 91
842 52 65
843 37 46
844 42 59
845 31 95
846 92 95
847 50 58
848 33 82
849 14 44
850 1 9
851 80 83
852 43 89
853 46 54
854 72 98
855 58 61
856 9 42
857 51 86
858 10 11
859 49 92
860 18 59
861 38 62
862 25 27
863 64 74
864 50 53
865 14 55
866 18 74
867 1 2
868 4 9
869 43 94
870 46 57
871 29 31
872 19 25
873 37 79
874 93 98
875 22 38
876 51 95
877 42 45
878 23 29
879 49 85
880 31 77
881 74 87
882 38 49
883 25 28
884 64 65
885 11 17
886 14 62
887 18 69
888 51 55
889 19 30
890 2 58
891 61 82
892 27 46
893 86 90
894 52 94
895 17 20
896 23 26
897 6 54
898 50 84
899 38 40
900 43 63
901 65 78
902 11 22
903 29 96
904 83 85
905 51 60
906 94 98
907 27 39
908 86 93
909 55 56
910 59 61
911 4 87
912 43 52
913 65 71
914 28 77
915 11 15
916 22 88
917 7 91
918 83 90
919 46 82
920 2 12
921 24 33
922 9 70
923 47 49
924 20 21
925 77 100
926 6 32
927 81 97
928 13 82
929 14 96
930 18 31
931 40 48
932 43 45
933 14 19
934 39 57
935 26 30
936 7 80
937 83 99
938 46 85
939 16 88
940 2 7
941 5 10
942 9 79
943 47 62
944 20 28
945 23 33
946 25 79
947 81 90
948 31 33
949 18 22
950 74 75
951 38 93
952 40 55
953 4 69
954 65 81
955 29 75
956 89 91
957 39 54
958 46 92
959 68 73
960 16 95
961 19 58
962 93 95
963 10 78
964 66 99
965 20 27
966 81 83
967 82 99
968 32 46
969 40 62
970 29 68
971 89 92
972 39 47
973 44 58
974 48 61
975 88 100
976 69 78
977 42 96
978 52 57
979 56 60
980 20 34
981 81 84
982 82 90
983 28 34
984 8 14
985 7 46
986 16 62
987 90 93
988 36 49
989 44 49
990 9 17
991 48 52
992 2 16
993 87 98
994 35 72
995 20 41
996 59 94
997 25 34
998 6 12
999 45 95
1000 74 100
1001 38 70
1002 21 22
1003 4 50
1004 39 76
1005 40 44
1006 16 53
1007 72 82
1008 36 56
1009 41 51
1010 20 65
1011 42 82
1012 66 76
1013 96 97
1014 6 7
1015 32 51
1016 14 71
1017 70 96
1018 21 31
1019 16 44
1020 36 39
1021 41 52
1022 12 56
1023 66 71
1024 20 63
1025 14 78
1026 21 24
1027 39 66
1028 95 97
1029 8 35
1030 7 21
1031 29 40
1032 16 35
1033 73 86
1034 36 46
1035 41 61
1036 78 90
1037 12 55
1038 45 57
1039 49 62
1040 13 16
1041 55 96
1042 3 6
1043 84 91
1044 13 97
1045 70 82
1046 53 58
1047 1 44
1048 57 63
1049 21 33
1050 4 47
1051 8 42
1052 29 33
1053 79 81
1054 26 79
1055 9 13
1056 15 99
1057 37 50
1058 24 25
1059 42 79
1060 45 50
1061 49 55
1062 3 15
1063 23 80
1064 28 29
1065 84 98
1066 85 92
1067 32 88
1068 33 78
1069 1 37
1070 57 64
1071 26 39
1072 7 11
1073 12 86
1074 33 63
1075 16 17
1076 72 78
1077 41 47
1078 22 27
1079 9 54
1080 27 76
1081 37 59
1082 42 54
1083 40 96
1084 70 76
1085 18 94
1086 26 46
1087 2 87
1088 5 58
1089 9 63
1090 17 47
1091 42 49
1092 67 75
1093 14 42
1094 70 71
1095 71 79
1096 1 55
1097 57 82
1098 80 93
1099 43 99
1100 26 41
1101 54 60
1102 5 35
1103 26 88
1104 9 32
1105 88 92
1106 37 45
1107 42 56
1108 62 63
1109 50 59
1110 14 45
1111 90 98
1112 1 8
1113 58 75
1114 80 84
1115 43 88
1116 46 55
1117 68 96
1118 72 99
1119 54 55
1120 34 35
1121 31 71
1122 38 63
1123 40 85
1124 25 26
1125 64 75
1126 32 100
1127 14 52
1128 58 82
1129 4 10
1130 46 62
1131 29 30
1132 19 24
1133 22 39
1134 61 88
1135 9 82
1136 30 39
1137 51 94
1138 23 28
1139 6 60
1140 18 51
1141 38 54
1142 40 92
1143 43 57
1144 64 66
1145 11 16
1146 14 63
1147 22 79
1148 7 100
1149 11 97
1150 68 86
1151 51 54
1152 19 33
1153 22 62
1154 27 33
1155 30 46
1156 86 91
1157 50 85
1158 13 95
1159 18 42
1160 38 41
1161 43 62
1162 65 77
1163 78 99
1164 83 84
1165 51 63
1166 2 50
1167 94 99
1168 62 72
1169 9 92
1170 15 82
1171 55 59
1172 3 49
1173 59 60
1174 75 92
1175 43 55
1176 8 19
1177 65 70
1178 11 14
1179 44 78
1180 7 90
1181 69 82
1182 15 42
1183 2 13
1184 24 34
1185 47 48
1186 87 89
1187 15 91
1188 20 22
1189 3 54
1190 77 99
1191 6 33
1192 81 96
1193 50 71
1194 18 28
1195 40 49
1196 43 44
1197 28 69
1198 14 16
1199 21 98
1200 39 56
1201 26 31
1202 7 83
1203 83 98
1204 2 4
1205 24 41
1206 5 9
1207 9 78
1208 47 57
1209 20 29
1210 23 32
1211 81 89
1212 31 32
1213 18 23
1214 38 82
1215 40 56
1216 29 74
1217 39 49
1218 44 60
1219 68 74
1220 15 56
1221 10 79
1222 66 96
1223 20 36
1224 24 95
1225 6 19
1226 81 82
1227 82 96
1228 31 41
1229 35 42
1230 38 85
1231 40 63
1232 7 48
1233 29 67
1234 16 56
1235 39 46
1236 44 59
1237 46 100
1238 47 94
1239 48 62
1240 69 77
1241 94 95
1242 41 81
1243 87 100
1244 52 58
1245 91 97
1246 56 61
1247 20 35
1248 59 88
1249 6 10
1250 82 91
1251 28 35
1252 32 38
1253 4 52
1254 8 15
1255 16 63
1256 36 50
1257 44 50
1258 9 16
1259 48 53
1260 51 96
1261 16 78
1262 2 17
1263 67 96
1264 35 75
1265 20 42
1266 25 33
1267 6 13
1268 45 94
1269 38 71
1270 39 79
1271 40 45
1272 8 54
1273 7 38
1274 16 54
1275 36 57
1276 41 50
1277 9 25
1278 66 77
1279 3 27
1280 96 98
1281 60 88
1282 84 86
1283 70 97
1284 53 55
1285 21 30
1286 4 58
1287 48 84
1288 29 46
1289 16 45
1290 53 88
1291 54 94
1292 41 59
1293 52 96
1294 42 90
1295 45 63
1296 66 68
1297 84 93
1298 32 75
1299 70 88
1300 1 42
1301 95 96
1302 29 39
1303 16 36
1304 36 47
1305 41 60
1306 78 91
1307 9 11
1308 41 77
1309 45 56
1310 49 61
1311 13 15
1312 3 9
1313 25 52
1314 84 100
1315 53 57
1316 57 62
1317 75 100
1318 21 32
1319 7 13
1320 29 32
1321 12 88
1322 9 12
1323 12 47
1324 37 49
1325 20 95
1326 24 26
1327 42 76
1328 45 49
1329 66 86
1330 49 54
1331 3 14
1332 64 96
1333 28 30
1334 84 99
1335 85 91
1336 70 74
1337 18 100
1338 1 36
1339 57 71
1340 80 96
1341 7 10
1342 12 87
1343 33 62
1344 72 79
1345 36 93
1346 41 46
1347 22 24
1348 79 89
1349 9 53
1350 27 79
1351 12 38
1352 37 58
1353 42 55
1354 5 65
1355 66 81
1356 67 69
1357 32 80
1358 89 97
1359 70 77
1360 18 95
1361 21 50
1362 29 50
1363 12 78
1364 54 58
1365 9 62
1366 34 46
1367 42 62
1368 5 74
1369 67 74
1370 65 96
1371 33 95
1372 14 43
1373 71 78
1374 4 5
1375 12 69
1376 54 61
1377 22 42
1378 5 34
1379 9 39
1380 30 58
1381 88 93
1382 37 44
1383 42 57
1384 18 62
1385 55 71
1386 50 56
1387 14 50
1388 90 99
1389 1 15
1390 4 12
1391 68 97
1392 58 59
1393 61 94
1394 9 40
1395 27 82
1396 30 61
1397 51 88
1398 13 44
1399 18 57
1400 38 60
1401 64 76
1402 50 51
1403 14 53
1404 18 72
1405 4 11
1406 46 63
1407 73 99
1408 19 27
1409 93 96
1410 22 36
1411 52 81
1412 15 79
1413 42 43
1414 23 31
1415 50 91
1416 31 79
1417 55 85
1418 38 55
1419 40 93
1420 43 56
1421 64 67
1422 65 75
1423 33 98
1424 14 60
1425 18 67
1426 57 100
1427 51 57
1428 73 100
1429 19 32
1430 98 100
1431 27 32
1432 55 61
1433 6 52
1434 50 82
1435 13 94
1436 31 52
1437 18 43
1438 38 46
1439 43 49
1440 64 90
1441 65 76
1442 21 95
1443 78 96
1444 83 87
1445 51 62
1446 5 6
1447 10 83
1448 55 58
1449 59 63
1450 23 45
1451 6 47
1452 18 34
1453 75 95
1454 43 54
1455 65 69
1456 28 79
1457 83 92
1458 12 96
1459 68 69
1460 69 81
1461 16 99
1462 2 10
1463 24 35
1464 5 15
1465 47 51
1466 87 88
1467 15 90
1468 20 23
1469 3 57
1470 77 98
1471 6 38
1472 18 29
1473 74 78
1474 75 84
1475 38 88
1476 40 50
1477 43 47
1478 8 27
1479 14 17
1480 39 59
1481 79 96
1482 26 28
1483 7 82
1484 12 31
1485 68 76
1486 2 5
1487 5 8
1488 10 69
1489 47 56
1490 34 95
1491 20 30
1492 23 35
1493 81 88
1494 28 46
1495 31 35
1496 18 20
1497 75 77
1498 40 57
1499 7 58
1500 29 73
1501 39 48
1502 44 61
1503 46 98
1504 48 56
1505 68 75
1506 86 100
1507 52 60
1508 3 39
1509 6 16
1510 82 97
1511 39 88
1512 4 78
1513 8 9
1514 28 84
1515 11 52
1516 16 57
1517 36 52
1518 39 41
1519 44 52
1520 48 63
1521 12 13
1522 69 76
1523 52 59
1524 91 96
1525 56 62
1526 25 95
1527 6 11
1528 82 88
1529 32 39
1530 11 45
1531 16 48
1532 90 91
1533 53 85
1534 36 51
1535 44 51
1536 48 54
1537 51 99
1538 5 99
1539 9 96
1540 67 99
1541 25 32
1542 82 83
1543 32 62
1544 74 98
1545 40 46
1546 39 78
1547 7 33
1548 48 94
1549 29 84
1550 16 55
1551 72 84
1552 36 58
1553 41 49
1554 42 80
1555 66 74
1556 92 96
1557 96 99
1558 50 99
1559 53 54
1560 21 29
1561 4 59
1562 48 85
1563 33 42
1564 16 46
1565 41 58
1566 12 58
1567 15 31
1568 17 65
1569 45 62
1570 10 96
1571 66 69
1572 49 59
1573 45 79
1574 84 94
1575 53 63
1576 21 38
1577 95 99
1578 99 100
1579 29 38
1580 33 35
1581 16 37
1582 36 40
1583 54 86
1584 78 88
1585 9 10
1586 12 49
1587 17 58
1588 37 55
1589 20 81
1590 42 66
1591 45 55
1592 49 60
1593 67 86
1594 13 14
1595 3 8
1596 57 61
1597 7 12
1598 29 63
1599 12 89
1600 72 73
1601 1 83
1602 27 73
1603 12 40
1604 17 51
1605 37 48
1606 76 77
1607 24 27
1608 45 48
1609 66 87
1610 49 53
1611 64 97
1612 28 31
1613 85 90
1614 32 90
1615 70 75
1616 57 70
1617 38 96
1618 80 97
1619 11 78
1620 12 80
1621 2 90
1622 41 45
1623 22 25
1624 26 84
1625 9 52
1626 12 39
1627 37 57
1628 77 82
1629 42 52
1630 5 64
1631 67 68
1632 30 88
1633 85 99
1634 32 81
1635 14 33
1636 89 96
1637 80 88
1638 12 79
1639 73 79
1640 54 59
1641 52 69
1642 42 63
1643 67 77
1644 50 62
1645 33 94
1646 14 40
1647 71 73
1648 39 96
1649 4 6
1650 46 50
1651 5 33
1652 9 38
1653 37 43
1654 10 15
1655 49 88
1656 31 88
1657 38 58
1658 50 57
1659 14 51
1660 90 96
1661 1 14
1662 4 13
1663 80 86
1664 46 53
1665 68 98
1666 19 21
1667 2 39
1668 22 34
1669 5 42
1670 97 99
1671 62 85
1672 9 47
1673 30 34
1674 15 65
1675 6 59
1676 31 65
1677 38 61
1678 8 96
1679 64 77
1680 14 58
1681 18 73
1682 1 7
1683 26 57
1684 46 60
1685 73 98
1686 19 26
1687 97 100
1688 5 19
1689 62 92
1690 27 42
1691 15 78
1692 23 30
1693 6 50
1694 18 49
1695 74 82
1696 38 52
1697 3 82
1698 43 59
1699 64 68
1700 65 74
1701 29 100
1702 14 61
1703 18 64
1704 22 77
1705 51 56
1706 19 35
1707 62 71
1708 27 35
1709 34 51
1710 15 87
1711 55 60
1712 6 53
1713 18 40
1714 38 47
1715 43 48
1716 65 67
1717 1 17
1718 78 97
1719 83 86
1720 69 87
1721 15 47
1722 2 48
1723 94 97
1724 9 66
1725 10 80
1726 47 53
1727 59 62
1728 23 44
1729 6 44
1730 35 57
1731 18 35
1732 4 82
1733 64 82
1734 65 68
1735 28 72
1736 14 15
1737 39 61
1738 22 95
1739 83 95
1740 68 70
1741 15 52
1742 2 11
1743 24 36
1744 5 14
1745 9 75
1746 47 50
1747 87 91
1748 77 97
1749 23 37
1750 6 39
1751 18 26
1752 74 79
1753 40 51
1754 43 46
1755 29 79
1756 39 58
1757 79 99
1758 26 29
1759 44 71
1760 83 100
1761 46 88
1762 68 77
1763 69 89
1764 47 59
1765 86 98
1766 52 54
1767 20 31
1768 23 34
1769 81 95
1770 32 42
1771 31 34
1772 35 39
1773 18 21
1774 75 76
1775 40 58
1776 4 64
1777 28 94
1778 29 72
1779 39 51
1780 26 100
1781 44 62
1782 48 57
1783 88 96
1784 16 82
1785 42 100
1786 52 61
1787 6 17
1788 82 94
1789 32 33
1790 4 79
1791 8 10
1792 16 58
1793 36 53
1794 39 40
1795 44 53
1796 47 88
1797 12 14
1798 69 75
1799 91 99
1800 56 63
1801 6 8
1802 38 66
1803 8 49
1804 63 94
1805 11 44
1806 29 90
1807 16 49
1808 36 60
1809 48 55
1810 51 98
1811 17 86
1812 20 69
1813 41 88
1814 27 29
1815 67 98
1816 20 52
1817 74 99
1818 40 47
1819 63 71
1820 16 40
1821 36 59
1822 41 48
1823 78 79
1824 15 17
1825 56 94
1826 42 81
1827 66 75
1828 92 97
1829 96 100
