1 50 96
2 14 74
3 73 82
4 41 57
5 78 86
6 52 98
7 15 30
8 20 75
9 42 88
10 10 97
11 49 58
12 13 20
13 55 100
14 25 49
15 85 87
16 14 77
17 57 59
18 21 37
19 95 98
20 29 37
21 33 34
22 54 87
23 1 89
24 61 63
25 26 67
26 79 85
27 12 50
28 20 82
29 76 87
30 5 93
31 45 54
32 66 93
33 49 51
34 67 89
35 3 11
36 25 58
37 45 71
38 32 68
39 33 74
40 14 84
41 70 81
42 57 60
43 12 90
44 16 29
45 72 74
46 41 43
47 5 53
48 79 82
49 37 63
50 76 78
51 24 28
52 45 47
53 66 84
54 49 52
55 30 86
56 67 94
57 64 98
58 33 67
59 70 72
60 1 58
61 57 69
62 38 97
63 21 55
64 4 17
65 26 34
66 16 20
67 37 87
68 22 30
69 27 65
70 51 71
71 37 56
72 77 81
73 24 99
74 42 53
75 10 26
76 91 93
77 40 99
78 71 83
79 1 51
80 58 68
81 21 48
82 4 24
83 63 96
84 29 48
85 73 78
86 54 56
87 61 74
88 26 92
89 30 49
90 51 76
91 17 44
92 42 60
93 31 82
94 71 72
95 18 84
96 1 52
97 39 99
98 4 7
99 43 100
100 26 52
101 46 51
102 68 100
103 2 45
104 58 62
105 61 67
106 88 95
107 37 42
108 6 65
109 49 95
110 30 75
111 13 49
112 18 60
113 55 65
114 50 54
115 90 97
116 18 79
117 1 13
118 4 14
119 80 87
120 43 93
121 26 63
122 46 58
123 48 96
124 68 99
125 19 20
126 97 98
127 61 92
128 62 90
129 9 46
130 30 35
131 34 62
132 17 30
133 10 55
134 13 42
135 55 94
136 40 88
137 25 31
138 14 59
139 53 100
140 1 6
141 57 97
142 43 82
143 44 92
144 69 100
145 22 58
146 5 18
147 62 93
148 30 42
149 52 83
150 17 23
151 23 25
152 6 51
153 31 73
154 18 46
155 74 83
156 40 95
157 64 69
158 11 21
159 43 75
160 44 91
161 46 68
162 68 81
163 2 54
164 62 68
165 27 34
166 34 48
167 52 90
168 55 63
169 6 42
170 74 90
171 75 88
172 64 92
173 65 66
174 58 99
175 43 64
176 7 94
177 46 79
178 2 49
179 22 52
180 62 79
181 27 59
182 47 52
183 6 45
184 31 63
185 35 56
186 18 32
187 75 81
188 38 39
189 8 22
190 65 91
191 28 73
192 39 60
193 69 95
194 2 8
195 41 99
196 24 37
197 5 13
198 61 96
199 27 48
200 30 31
201 34 66
202 23 36
203 25 74
204 31 36
205 74 76
206 75 86
207 38 94
208 4 90
209 65 92
210 29 78
211 14 23
212 39 53
213 22 87
214 44 64
215 46 89
216 15 60
217 56 67
218 2 3
219 41 100
220 24 44
221 66 100
222 20 24
223 24 91
224 75 79
225 39 93
226 4 65
227 7 52
228 65 85
229 11 49
230 14 30
231 89 95
232 53 65
233 46 96
234 48 58
235 12 16
236 88 97
237 16 83
238 17 91
239 56 74
240 24 51
241 62 96
242 56 57
243 59 68
244 23 58
245 6 22
246 81 87
247 32 34
248 31 42
249 39 90
250 60 61
251 8 11
252 7 45
253 28 86
254 16 59
255 90 94
256 53 74
257 36 54
258 44 54
259 48 49
260 47 91
261 12 15
262 69 74
263 16 74
264 19 71
265 24 58
266 91 98
267 20 46
268 3 46
269 59 93
270 60 69
271 6 9
272 82 86
273 45 98
274 32 57
275 38 67
276 40 41
277 4 55
278 63 89
279 53 83
280 44 45
281 9 21
282 47 96
283 16 65
284 17 85
285 19 76
286 20 70
287 41 95
288 5 97
289 27 28
290 20 53
291 3 23
292 45 91
293 29 82
294 72 86
295 53 92
296 54 90
297 1 78
298 41 55
299 52 100
300 15 16
301 56 95
302 20 77
303 41 64
304 42 94
305 30 98
306 92 98
307 20 60
308 23 65
309 8 81
310 45 84
311 50 97
312 14 75
313 21 27
314 95 100
315 7 24
316 73 81
317 41 56
318 78 87
319 12 52
320 52 99
321 20 84
322 5 83
323 66 67
324 13 19
325 3 5
326 85 86
327 14 82
328 57 58
329 21 36
330 4 44
331 29 36
332 36 42
333 61 62
334 79 84
335 20 83
336 76 80
337 45 53
338 66 90
339 49 50
340 3 10
341 25 57
342 45 70
343 32 69
344 70 86
345 57 67
346 21 45
347 11 75
348 12 91
349 29 61
350 33 58
351 16 30
352 72 75
353 41 42
354 9 49
355 12 42
356 17 49
357 20 90
358 76 79
359 77 87
360 42 75
361 45 46
362 10 16
363 30 87
364 64 99
365 85 88
366 70 73
367 71 85
368 57 68
369 21 54
370 4 18
371 26 35
372 12 82
373 33 51
374 16 21
375 26 82
376 51 70
377 17 42
378 91 92
379 40 100
380 71 82
381 58 69
382 26 42
383 63 99
384 73 77
385 30 54
386 88 89
387 30 65
388 92 93
389 14 46
390 71 75
391 1 11
392 80 81
393 26 53
394 46 48
395 36 78
396 58 63
397 61 66
398 51 84
399 34 36
400 49 94
401 30 72
402 13 48
403 55 64
404 38 56
405 1 12
406 57 95
407 21 65
408 4 15
409 48 97
410 19 23
411 37 65
412 93 100
413 61 91
414 62 91
415 9 45
416 30 32
417 51 93
418 34 63
419 17 29
420 52 85
421 42 47
422 49 87
423 50 95
424 18 52
425 55 89
426 40 89
427 25 30
428 14 56
429 53 99
430 18 71
431 1 5
432 57 96
433 58 94
434 21 74
435 22 72
436 51 53
437 69 99
438 37 74
439 5 17
440 61 84
441 62 66
442 30 43
443 52 92
444 17 22
445 23 24
446 31 72
447 74 80
448 38 42
449 40 64
450 43 61
451 1 30
452 58 89
453 98 99
454 62 69
455 9 95
456 27 37
457 52 91
458 15 81
459 55 62
460 49 65
461 31 49
462 40 71
463 64 93
464 11 13
465 1 23
466 58 96
467 43 67
468 44 83
469 7 89
470 68 89
471 19 42
472 22 53
473 10 94
474 24 78
475 23 46
476 81 99
477 10 33
478 31 62
479 35 59
480 18 33
481 75 80
482 64 84
483 65 90
484 28 74
485 39 63
486 44 74
487 69 94
488 19 51
489 2 9
490 41 98
491 25 73
492 18 24
493 74 77
494 38 95
495 65 83
496 29 77
497 14 20
498 1 97
499 39 52
500 26 27
501 7 79
502 56 68
503 19 56
504 24 45
505 20 25
506 25 82
507 81 93
508 18 19
509 75 78
510 40 60
511 39 92
512 65 84
513 14 31
514 89 94
515 7 68
516 47 93
517 12 17
518 88 98
519 19 65
520 24 52
521 62 97
522 10 75
523 56 58
524 23 53
525 6 23
526 81 86
527 28 32
528 32 35
529 60 62
530 8 12
531 7 44
532 28 87
533 16 60
534 90 95
535 53 73
536 2 99
537 39 42
538 48 50
539 47 90
540 16 75
541 19 70
542 24 59
543 35 70
544 3 17
545 59 92
546 23 50
547 82 87
548 45 97
549 32 58
550 38 64
551 40 42
552 48 90
553 16 51
554 72 80
555 44 46
556 47 99
557 51 100
558 17 84
559 56 89
560 19 79
561 20 71
562 41 94
563 27 31
564 67 100
565 92 100
566 20 54
567 3 22
568 59 85
569 25 37
570 45 90
571 14 65
572 63 65
573 16 42
574 72 87
575 53 91
576 36 37
577 15 19
578 56 96
579 19 84
580 20 78
581 92 99
582 45 83
583 14 72
584 39 64
585 63 78
586 29 42
587 16 33
588 73 80
589 36 44
590 41 63
591 78 84
592 12 53
593 15 24
594 20 85
595 13 18
596 3 4
597 60 83
598 45 76
599 14 83
600 53 60
601 1 46
602 4 45
603 48 79
604 29 35
605 16 24
606 1 95
607 79 87
608 26 65
609 9 15
610 12 44
611 76 81
612 42 65
613 45 52
614 10 22
615 66 91
616 67 91
617 70 87
618 57 66
619 21 44
620 4 20
621 7 9
622 29 60
623 72 76
624 36 82
625 27 74
626 17 48
627 20 91
628 77 86
629 24 30
630 5 68
631 6 82
632 42 72
633 10 17
634 64 100
635 33 65
636 70 78
637 71 84
638 26 32
639 12 83
640 16 22
641 73 75
642 37 85
643 22 28
644 51 73
645 20 98
646 77 79
647 42 51
648 10 24
649 31 87
650 91 95
651 65 99
652 71 77
653 1 49
654 58 66
655 39 100
656 26 43
657 63 98
658 12 74
659 73 76
660 22 23
661 88 90
662 51 78
663 34 42
664 30 70
665 13 54
666 92 94
667 55 74
668 65 100
669 90 100
670 71 74
671 18 82
672 1 10
673 80 82
674 46 49
675 36 79
676 58 60
677 5 46
678 61 65
679 51 87
680 34 37
681 49 93
682 30 73
683 13 47
684 55 67
685 38 57
686 50 52
687 33 84
688 1 3
689 57 94
690 58 84
691 4 8
692 43 95
693 26 61
694 46 56
695 19 22
696 93 99
697 5 23
698 61 90
699 30 33
700 51 92
701 34 60
702 17 28
703 52 86
704 42 44
705 50 92
706 74 86
707 40 90
708 25 29
709 8 99
710 53 98
711 1 4
712 58 95
713 22 73
714 44 94
715 51 52
716 69 98
717 62 67
718 52 93
719 15 75
720 17 21
721 24 65
722 23 27
723 6 49
724 49 79
725 18 44
726 74 81
727 43 60
728 65 79
729 11 23
730 21 82
731 7 99
732 46 74
733 22 51
734 62 74
735 27 36
736 15 80
737 55 57
738 13 90
739 40 72
740 8 17
741 64 94
742 58 97
743 43 66
744 44 76
745 46 77
746 68 90
747 69 84
748 19 45
749 94 100
750 27 61
751 10 95
752 47 54
753 86 87
754 24 79
755 10 46
756 35 58
757 75 83
758 8 24
759 65 89
760 28 75
761 14 18
762 39 62
763 22 82
764 46 84
765 69 93
766 19 50
767 2 6
768 41 97
769 24 39
770 5 11
771 35 82
772 24 86
773 81 91
774 13 76
775 38 92
776 14 21
777 39 55
778 46 95
779 16 94
780 56 69
781 19 59
782 24 46
783 10 65
784 66 98
785 59 65
786 24 93
787 81 92
788 28 42
789 40 61
790 39 95
791 7 54
792 14 28
793 89 93
794 53 79
795 47 92
796 12 18
797 88 99
798 16 85
799 19 64
800 24 53
801 42 99
802 34 82
803 56 59
804 20 33
805 59 70
806 23 52
807 81 85
808 28 33
809 32 36
810 60 63
811 8 13
812 28 80
813 29 94
814 16 61
815 90 92
816 36 48
817 54 78
818 44 48
819 9 18
820 48 51
821 17 82
822 19 73
823 24 60
824 91 100
825 20 40
826 59 95
827 25 35
828 6 15
829 82 84
830 45 96
831 28 56
832 32 59
833 40 43
834 21 23
835 4 49
836 63 91
837 29 87
838 16 52
839 72 81
840 53 81
841 36 63
842 44 47
843 47 98
844 15 21
845 17 75
846 56 90
847 19 78
848 41 93
849 42 85
850 27 30
851 35 78
852 59 84
853 60 94
854 25 36
855 45 89
856 28 55
857 50 100
858 14 70
859 63 64
860 16 43
861 53 90
862 78 82
863 15 18
864 56 97
865 19 87
866 20 79
867 13 24
868 60 85
869 14 73
870 21 25
871 39 67
872 16 34
873 73 87
874 41 62
875 78 85
876 17 69
877 20 86
878 42 71
879 6 97
880 45 58
881 13 17
882 55 97
883 3 7
884 84 90
885 53 59
886 21 34
887 4 46
888 29 34
889 2 68
890 79 86
891 9 14
892 12 45
893 37 51
894 20 93
895 76 82
896 42 78
897 45 51
898 10 23
899 67 90
900 30 82
901 3 12
902 25 63
903 45 68
904 33 79
905 70 84
906 57 65
907 4 21
908 7 8
909 12 85
910 72 77
911 2 95
912 42 73
913 60 98
914 89 99
915 70 79
916 71 87
917 38 100
918 26 33
919 63 100
920 16 23
921 73 74
922 37 84
923 51 72
924 20 99
925 77 78
926 42 48
927 31 86
928 91 94
929 89 100
930 71 76
931 58 67
932 46 47
933 36 65
934 54 63
935 2 81
936 26 91
937 30 52
938 88 91
939 51 81
940 34 43
941 49 91
942 30 71
943 13 53
944 92 95
945 55 69
946 50 58
947 18 83
948 1 9
949 57 84
950 80 83
951 43 89
952 46 54
953 58 61
954 22 47
955 5 45
956 61 64
957 51 86
958 10 11
959 49 92
960 13 46
961 55 66
962 38 62
963 25 27
964 64 74
965 11 24
966 50 53
967 14 55
968 18 74
969 1 2
970 57 93
971 21 79
972 4 9
973 43 94
974 26 58
975 44 96
976 29 31
977 37 79
978 93 98
979 61 89
980 62 89
981 9 83
982 17 19
983 50 93
984 13 39
985 31 77
986 18 50
987 74 87
988 55 91
989 40 91
990 25 28
991 64 65
992 14 62
993 53 97
994 58 92
995 22 78
996 43 87
997 44 95
998 68 85
999 69 97
1000 62 64
1001 30 41
1002 52 94
1003 15 74
1004 17 20
1005 24 66
1006 10 61
1007 49 78
1008 50 84
1009 13 32
1010 38 40
1011 40 66
1012 43 63
1013 65 78
1014 11 22
1015 7 98
1016 83 85
1017 46 75
1018 68 92
1019 51 60
1020 94 98
1021 62 75
1022 15 83
1023 55 56
1024 59 61
1025 24 73
1026 13 89
1027 3 95
1028 8 18
1029 64 95
1030 28 77
1031 11 15
1032 22 88
1033 43 69
1034 7 91
1035 68 91
1036 19 44
1037 24 33
1038 61 100
1039 27 60
1040 47 49
1041 15 88
1042 20 21
1043 13 82
1044 75 82
1045 38 90
1046 65 88
1047 14 19
1048 39 57
1049 26 30
1050 69 92
1051 15 48
1052 19 53
1053 2 7
1054 41 96
1055 5 10
1056 34 65
1057 81 90
1058 50 65
1059 31 33
1060 18 22
1061 74 75
1062 38 93
1063 40 55
1064 65 81
1065 89 91
1066 46 92
1067 12 20
1068 19 58
1069 93 95
1070 24 47
1071 10 78
1072 66 99
1073 59 64
1074 24 94
1075 6 18
1076 81 83
1077 28 43
1078 35 43
1079 40 62
1080 39 94
1081 7 49
1082 89 92
1083 53 78
1084 39 47
1085 44 58
1086 47 95
1087 12 19
1088 88 100
1089 16 86
1090 17 88
1091 56 77
1092 19 67
1093 35 67
1094 56 60
1095 59 89
1096 60 73
1097 23 55
1098 6 21
1099 81 84
1100 28 34
1101 49 99
1102 32 37
1103 7 46
1104 63 93
1105 90 93
1106 54 79
1107 2 97
1108 44 49
1109 48 52
1110 47 100
1111 51 97
1112 17 81
1113 19 72
1114 41 91
1115 67 97
1116 3 19
1117 60 64
1118 25 34
1119 82 85
1120 45 95
1121 49 100
1122 32 60
1123 21 22
1124 4 50
1125 8 53
1126 63 90
1127 11 32
1128 16 53
1129 72 82
1130 36 56
1131 15 20
1132 17 74
1133 56 91
1134 41 92
1135 42 82
1136 3 24
1137 96 97
1138 6 7
1139 45 88
1140 14 71
1141 39 69
1142 63 67
1143 16 44
1144 53 89
1145 54 89
1146 78 83
1147 56 98
1148 19 86
1149 20 72
1150 41 69
1151 13 23
1152 25 44
1153 45 81
1154 14 78
1155 21 24
1156 39 66
1157 95 97
1158 48 74
1159 16 35
1160 73 86
1161 36 46
1162 1 68
1163 41 61
1164 20 87
1165 76 84
1166 66 94
1167 67 84
1168 13 16
1169 55 96
1170 3 6
1171 8 91
1172 45 74
1173 32 65
1174 70 82
1175 1 44
1176 57 63
1177 8 42
1178 29 33
1179 16 26
1180 1 93
1181 79 81
1182 9 13
1183 12 46
1184 20 94
1185 76 83
1186 42 79
1187 5 89
1188 45 50
1189 66 89
1190 67 93
1191 3 15
1192 45 67
1193 28 29
1194 33 78
1195 57 64
1196 38 98
1197 7 11
1198 29 58
1199 16 17
1200 72 78
1201 2 92
1202 5 49
1203 9 54
1204 27 76
1205 12 37
1206 17 54
1207 77 84
1208 40 96
1209 60 99
1210 14 35
1211 70 76
1212 71 86
1213 89 98
1214 26 46
1215 29 51
1216 33 48
1217 5 58
1218 27 69
1219 17 47
1220 6 75
1221 70 71
1222 71 79
1223 1 55
1224 58 64
1225 43 99
1226 2 46
1227 26 88
1228 30 53
1229 88 92
1230 62 63
1231 49 90
1232 13 52
1233 55 68
1234 50 59
1235 90 98
1236 18 80
1237 1 8
1238 57 91
1239 80 84
1240 43 88
1241 46 55
1242 68 96
1243 36 73
1244 37 69
1245 22 44
1246 5 44
1247 61 95
1248 30 60
1249 34 35
1250 15 71
1251 52 73
1252 13 45
1253 55 93
1254 38 63
1255 25 26
1256 11 27
1257 18 75
1258 57 92
1259 4 10
1260 26 59
1261 44 97
1262 29 30
1263 19 24
1264 37 78
1265 93 97
1266 5 21
1267 62 94
1268 51 94
1269 34 58
1270 17 18
1271 10 51
1272 50 90
1273 74 84
1274 55 90
1275 40 92
1276 43 57
1277 64 66
1278 53 96
1279 58 93
1280 21 87
1281 43 86
1282 44 88
1283 51 54
1284 69 96
1285 62 65
1286 27 33
1287 52 95
1288 15 85
1289 10 58
1290 13 95
1291 38 41
1292 40 67
1293 43 62
1294 64 89
1295 65 77
1296 58 100
1297 43 79
1298 44 87
1299 7 93
1300 83 84
1301 68 93
1302 94 99
1303 22 49
1304 5 7
1305 15 82
1306 55 59
1307 3 49
1308 59 60
1309 10 37
1310 13 88
1311 35 55
1312 18 37
1313 43 55
1314 28 78
1315 54 96
1316 43 68
1317 44 78
1318 46 83
1319 16 98
1320 61 99
1321 47 48
1322 20 22
1323 3 54
1324 25 69
1325 31 59
1326 35 60
1327 75 85
1328 38 91
1329 4 95
1330 8 26
1331 28 69
1332 14 16
1333 39 56
1334 26 31
1335 46 90
1336 69 91
1337 56 64
1338 19 52
1339 2 4
1340 5 9
1341 10 68
1342 20 29
1343 59 74
1344 23 32
1345 25 78
1346 81 89
1347 31 32
1348 35 37
1349 18 23
1350 40 56
1351 7 59
1352 29 74
1353 14 27
1354 89 90
1355 53 68
1356 46 93
1357 47 81
1358 12 21
1359 16 80
1360 19 61
1361 93 94
1362 66 96
1363 59 67
1364 25 87
1365 81 82
1366 28 36
1367 35 42
1368 40 63
1369 39 89
1370 63 87
1371 16 56
1372 22 98
1373 46 100
1374 47 94
1375 16 87
1376 17 95
1377 19 66
1378 94 95
1379 24 55
1380 62 100
1381 91 97
1382 56 61
1383 20 35
1384 59 88
1385 23 54
1386 6 10
1387 28 35
1388 49 98
1389 8 15
1390 63 92
1391 28 82
1392 53 86
1393 44 50
1394 48 53
1395 51 96
1396 16 78
1397 17 80
1398 19 75
1399 2 17
1400 41 90
1401 9 97
1402 67 96
1403 20 42
1404 3 18
1405 60 65
1406 25 33
1407 6 13
1408 45 94
1409 28 58
1410 32 61
1411 63 69
1412 72 83
1413 53 95
1414 36 57
1415 54 71
1416 9 25
1417 15 23
1418 56 92
1419 19 80
1420 41 67
1421 66 77
1422 20 49
1423 96 98
1424 60 88
1425 25 42
1426 84 86
1427 39 68
1428 4 58
1429 63 66
1430 48 84
1431 53 88
1432 78 80
1433 52 96
1434 15 28
1435 56 99
1436 20 73
1437 41 68
1438 66 68
1439 13 22
1440 25 51
1441 14 79
1442 95 96
1443 7 20
1444 11 81
1445 16 36
1446 73 85
1447 26 69
1448 9 11
1449 12 48
1450 76 85
1451 5 95
1452 66 95
1453 13 15
1454 55 99
1455 3 9
1456 59 100
1457 23 90
1458 45 73
1459 14 86
1460 70 83
1461 57 62
1462 29 32
1463 33 37
1464 36 86
1465 79 80
1466 9 12
1467 17 60
1468 45 49
1469 10 21
1470 49 54
1471 67 92
1472 3 14
1473 64 96
1474 28 30
1475 70 74
1476 38 99
1477 4 23
1478 26 36
1479 7 10
1480 16 18
1481 72 79
1482 2 93
1483 22 24
1484 26 87
1485 9 53
1486 17 53
1487 37 58
1488 77 83
1489 42 55
1490 10 28
1491 67 69
1492 40 97
1493 89 97
1494 70 77
1495 71 81
1496 12 78
1497 54 58
1498 37 82
1499 27 68
1500 30 51
1501 34 46
1502 17 46
1503 52 68
1504 67 74
1505 13 58
1506 65 96
1507 32 87
1508 71 78
1509 1 54
1510 58 65
1511 39 97
1512 4 5
1513 26 54
1514 22 42
1515 61 69
1516 30 58
1517 88 93
1518 51 83
1519 17 39
1520 10 14
1521 49 89
1522 30 69
1523 90 99
1524 57 90
1525 4 12
1526 80 85
1527 43 91
1528 26 49
1529 46 52
1530 68 97
1531 58 59
1532 61 94
1533 51 88
1534 52 74
1535 17 24
1536 6 58
1537 49 82
1538 13 44
1539 31 70
1540 55 92
1541 50 51
1542 18 72
1543 57 99
1544 4 11
1545 26 56
1546 44 98
1547 93 96
1548 62 95
1549 30 36
1550 34 59
1551 15 79
1552 52 81
1553 42 43
1554 50 91
1555 18 48
1556 74 85
1557 38 55
1558 40 93
1559 43 56
1560 64 67
1561 65 75
1562 14 60
1563 57 100
1564 58 90
1565 43 73
1566 98 100
1567 27 32
1568 30 47
1569 34 50
1570 15 84
1571 52 88
1572 55 61
1573 10 59
1574 40 68
1575 64 90
1576 44 80
1577 7 92
1578 83 87
1579 68 94
1580 94 96
1581 5 6
1582 27 57
1583 55 58
1584 59 63
1585 25 67
1586 10 34
1587 13 87
1588 31 61
1589 65 69
1590 28 79
1591 54 97
1592 22 94
1593 44 79
1594 68 69
1595 15 53
1596 2 10
1597 5 15
1598 61 98
1599 27 62
1600 47 51
1601 20 23
1602 24 82
1603 13 80
1604 31 58
1605 74 78
1606 75 84
1607 38 88
1608 8 27
1609 28 70
1610 14 17
1611 26 28
1612 46 91
1613 69 90
1614 56 65
1615 19 55
1616 2 5
1617 24 42
1618 5 8
1619 27 55
1620 47 56
1621 52 53
1622 59 77
1623 81 88
1624 31 35
1625 35 36
1626 18 20
1627 75 77
1628 40 57
1629 29 73
1630 14 24
1631 12 22
1632 19 60
1633 24 49
1634 62 98
1635 66 97
1636 52 60
1637 20 37
1638 59 66
1639 6 16
1640 28 37
1641 39 88
1642 8 9
1643 7 51
1644 53 76
1645 54 74
1646 39 41
1647 44 52
1648 47 89
1649 12 13
1650 16 72
1651 17 94
1652 19 69
1653 35 69
1654 91 96
1655 56 62
1656 20 44
1657 60 75
1658 23 49
1659 6 11
1660 45 100
1661 28 60
1662 4 53
1663 63 95
1664 28 83
1665 16 48
1666 90 91
1667 53 85
1668 44 51
1669 9 23
1670 48 54
1671 51 99
1672 16 79
1673 17 87
1674 19 74
1675 41 89
1676 67 99
1677 3 21
1678 60 66
1679 25 32
1680 82 83
1681 45 93
1682 28 59
1683 38 68
1684 63 68
1685 16 55
1686 72 84
1687 53 94
1688 54 68
1689 16 70
1690 15 22
1691 56 93
1692 19 83
1693 41 66
1694 42 80
1695 66 74
1696 92 96
1697 20 50
1698 96 99
1699 60 89
1700 45 86
1701 84 87
1702 53 54
1703 21 29
1704 4 59
1705 48 85
1706 33 42
1707 73 83
1708 54 95
1709 1 65
1710 41 58
1711 78 81
1712 52 97
1713 56 100
1714 19 88
1715 20 74
1716 42 91
1717 66 69
1718 49 59
1719 13 21
1720 45 79
1721 32 76
1722 95 99
1723 99 100
1724 7 23
1725 33 35
1726 16 37
1727 73 84
1728 1 90
1729 26 66
1730 9 10
1731 76 86
1732 66 92
1733 13 14
1734 55 98
1735 3 8
1736 45 72
1737 14 87
1738 70 80
1739 57 61
1740 29 63
1741 33 36
1742 16 28
1743 72 73
1744 36 87
1745 5 54
1746 79 83
1747 9 51
1748 12 40
1749 37 48
1750 42 77
1751 45 48
1752 49 53
1753 67 95
1754 8 68
1755 64 97
1756 45 65
1757 28 31
1758 70 75
1759 38 96
1760 4 16
1761 26 37
1762 29 56
1763 12 80
1764 33 61
1765 16 19
1766 17 52
1767 77 82
1768 24 98
1769 42 52
1770 67 68
1771 40 98
1772 8 75
1773 33 69
1774 89 96
1775 71 80
1776 21 49
1777 63 97
1778 29 49
1779 12 79
1780 73 79
1781 51 77
1782 17 45
1783 13 57
1784 71 73
1785 1 53
1786 58 78
1787 21 58
1788 4 6
1789 39 96
1790 26 55
1791 46 50
1792 36 76
1793 61 68
1794 88 94
1795 52 76
1796 17 38
1797 37 43
1798 10 15
1799 49 88
1800 13 50
1801 38 58
1802 33 87
1803 90 96
1804 57 89
1805 4 13
1806 80 86
1807 43 90
1808 44 100
1809 46 53
1810 68 98
1811 19 21
1812 37 67
1813 97 99
1814 61 93
1815 62 85
1816 30 34
1817 51 91
1818 52 75
1819 6 59
1820 10 54
1821 31 65
1822 55 95
1823 38 61
1824 14 58
1825 1 7
1826 57 98
1827 21 76
1828 97 100
1829 5 19
1830 62 92
1831 30 37
1832 49 74
1833 50 88
1834 13 36
1835 31 78
1836 74 82
1837 55 84
1838 38 52
1839 40 94
1840 64 68
1841 65 74
1842 1 24
1843 58 91
1844 43 72
1845 46 71
1846 22 60
1847 27 35
1848 52 89
1849 15 87
1850 55 60
1851 6 53
1852 10 56
1853 13 93
1854 31 55
1855 18 40
1856 40 69
1857 43 48
1858 64 91
1859 65 67
1860 58 98
1861 44 81
1862 7 95
1863 83 86
1864 46 78
1865 68 95
1866 94 97
1867 22 55
1868 47 53
1869 59 62
1870 23 44
1871 10 35
1872 31 60
1873 4 82
1874 8 21
1875 65 68
1876 28 72
1877 14 15
1878 39 61
1879 43 70
1880 46 81
1881 15 52
1882 19 49
1883 2 11
1884 5 14
1885 61 97
1886 47 50
1887 10 42
1888 13 79
1889 31 37
1890 74 79
1891 75 87
1892 38 89
1893 65 93
1894 28 71
1895 29 79
1896 14 22
1897 21 96
1898 39 58
1899 26 29
1900 12 24
1901 69 89
1902 17 99
1903 56 66
1904 9 76
1905 52 54
1906 35 86
1907 24 90
1908 23 34
1909 25 76
1910 32 42
1911 31 34
1912 18 21
1913 75 76
1914 40 58
1915 7 53
1916 11 62
1917 29 72
1918 7 74
1919 46 99
1920 12 23
1921 88 96
1922 16 82
1923 15 58
1924 24 50
1925 62 99
1926 59 69
1927 6 17
1928 32 33
1929 13 65
1930 31 43
1931 39 91
1932 8 10
1933 16 58
1934 53 75
1935 44 53
1936 47 88
1937 12 14
1938 16 73
1939 17 93
1940 91 99
1941 56 63
1942 20 45
1943 59 90
1944 60 68
1945 23 48
1946 6 8
1947 45 99
1948 49 96
1949 32 56
1950 38 66
1951 4 54
1952 8 49
1953 63 94
1954 36 60
1955 9 22
1956 47 97
1957 51 98
1958 17 86
1959 27 29
1960 67 98
1961 35 77
1962 20 52
1963 3 20
1964 60 67
1965 45 92
1966 32 63
1967 38 69
1968 72 85
1969 53 93
1970 78 79
1971 16 71
1972 15 17
1973 17 79
1974 56 94
1975 19 82
1976 20 76
1977 13 27
1978 92 97
1979 20 51
1980 96 100
1981 28 51
