1 50 96
2 21 28
3 4 36
4 7 25
5 63 76
6 48 86
7 29 44
8 33 41
9 72 92
10 73 82
11 54 92
12 1 64
13 78 86
14 12 59
15 52 98
16 15 30
17 17 64
18 76 88
19 41 74
20 42 88
21 5 84
22 6 98
23 45 61
24 10 97
25 49 58
26 67 80
27 13 20
28 55 100
29 59 97
30 60 81
31 25 49
32 45 78
33 84 95
34 85 87
35 14 77
36 70 94
37 53 62
38 71 100
39 1 40
40 57 59
41 75 97
42 21 37
43 4 35
44 95 98
45 8 38
46 7 22
47 48 77
48 11 83
49 29 37
50 33 34
51 16 38
52 73 91
53 36 41
54 1 89
55 54 87
56 78 89
57 61 63
58 26 67
59 79 85
60 76 87
61 77 95
62 42 67
63 45 54
64 66 93
65 49 51
66 67 89
67 3 11
68 45 71
69 33 74
70 14 84
71 70 81
72 71 93
73 1 33
74 57 60
75 4 42
76 7 15
77 48 68
78 12 90
79 33 59
80 16 29
81 72 74
82 73 92
83 36 80
84 41 43
85 79 82
86 26 74
87 9 50
88 12 41
89 17 50
90 76 78
91 77 88
92 24 28
93 5 70
94 42 74
95 45 47
96 66 84
97 49 52
98 67 94
99 8 69
100 64 98
101 45 64
102 85 89
103 33 67
104 14 95
105 70 72
106 71 90
107 57 69
108 4 17
109 80 98
110 26 34
111 29 55
112 12 81
113 33 60
114 16 20
115 36 95
116 22 30
117 79 91
118 26 85
119 9 59
120 12 32
121 51 71
122 17 43
123 77 81
124 42 53
125 6 87
126 67 71
127 30 89
128 91 93
129 85 98
130 33 68
131 14 38
132 71 83
133 57 78
134 58 68
135 4 24
136 80 89
137 26 45
138 63 96
139 29 48
140 73 78
141 36 70
142 54 56
143 5 39
144 61 74
145 26 92
146 9 60
147 51 76
148 52 70
149 17 44
150 42 60
151 6 78
152 67 76
153 30 64
154 13 56
155 55 72
156 50 63
157 14 41
158 71 72
159 57 87
160 58 79
161 4 7
162 43 100
163 26 52
164 46 51
165 68 100
166 58 62
167 22 40
168 5 32
169 61 67
170 62 83
171 9 37
172 88 95
173 51 85
174 34 39
175 17 37
176 52 77
177 10 12
178 49 95
179 30 75
180 18 60
181 55 65
182 40 81
183 50 54
184 14 48
185 90 97
186 18 79
187 1 13
188 57 88
189 58 86
190 4 14
191 80 87
192 43 93
193 26 63
194 46 58
195 48 96
196 68 99
197 19 20
198 2 36
199 22 35
200 5 41
201 61 92
202 62 90
203 9 46
204 27 84
205 97 98
206 30 35
207 51 90
208 52 84
209 15 64
210 17 30
211 42 46
212 10 55
213 49 80
214 50 94
215 13 42
216 31 64
217 55 94
218 25 31
219 64 78
220 11 28
221 14 59
222 53 100
223 1 6
224 57 97
225 58 81
226 43 82
227 44 92
228 46 61
229 69 100
230 73 97
231 19 29
232 5 18
233 61 85
234 62 93
235 9 87
236 30 42
237 52 83
238 17 23
239 23 25
240 6 51
241 49 73
242 50 89
243 13 35
244 74 83
245 55 87
246 40 95
247 43 58
248 64 69
249 65 73
250 11 21
251 29 99
252 1 31
253 58 88
254 43 75
255 44 91
256 46 68
257 68 81
258 51 59
259 15 33
260 19 34
261 5 27
262 62 68
263 9 88
264 27 34
265 86 94
266 52 90
267 55 63
268 76 96
269 6 42
270 49 66
271 50 80
272 13 92
273 18 41
274 74 90
275 75 88
276 40 70
277 4 84
278 43 51
279 64 92
280 65 66
281 1 16
282 58 99
283 43 64
284 44 82
285 83 89
286 46 79
287 47 71
288 68 88
289 69 86
290 2 49
291 62 79
292 9 65
293 47 52
294 87 93
295 34 75
296 10 32
297 50 75
298 18 32
299 75 81
300 38 39
301 40 77
302 4 83
303 8 22
304 64 83
305 65 91
306 28 73
307 44 73
308 83 94
309 46 86
310 47 76
311 68 71
312 69 95
313 2 8
314 41 99
315 24 37
316 5 13
317 61 96
318 9 74
319 27 48
320 47 61
321 30 31
322 87 90
323 35 80
324 77 96
325 23 36
326 6 36
327 50 66
328 13 78
329 31 36
330 18 27
331 74 76
332 75 86
333 38 94
334 4 90
335 8 29
336 65 92
337 28 64
338 29 78
339 14 23
340 79 98
341 44 64
342 46 89
343 47 85
344 12 25
345 68 78
346 69 88
347 16 92
348 56 67
349 2 3
350 41 100
351 10 67
352 66 100
353 47 58
354 86 99
355 52 55
356 20 24
357 3 32
358 59 79
359 25 83
360 6 31
361 81 94
362 82 100
363 28 40
364 35 38
365 75 79
366 38 81
367 40 59
368 4 65
369 65 85
370 28 95
371 14 30
372 89 95
373 53 65
374 44 63
375 7 69
376 46 96
377 47 82
378 12 16
379 48 58
380 88 97
381 16 83
382 56 74
383 2 26
384 62 96
385 52 62
386 56 57
387 20 39
388 3 41
389 59 68
390 60 78
391 6 22
392 81 87
393 82 95
394 28 39
395 32 34
396 31 42
397 4 72
398 60 61
399 8 11
400 63 80
401 28 86
402 16 59
403 90 94
404 53 74
405 36 54
406 54 72
407 2 98
408 44 54
409 48 49
410 47 91
411 12 15
412 69 74
413 16 74
414 17 92
415 56 81
416 2 21
417 87 97
418 91 98
419 59 93
420 60 69
421 6 9
422 82 86
423 45 98
424 28 62
425 40 41
426 4 55
427 63 89
428 48 89
429 29 89
430 16 50
431 53 83
432 54 67
433 44 45
434 9 21
435 47 96
436 56 88
437 41 95
438 42 87
439 27 28
440 35 76
441 3 23
442 59 82
443 60 92
444 25 38
445 45 91
446 28 53
447 14 64
448 74 96
449 4 62
450 7 35
451 63 70
452 48 80
453 11 36
454 16 41
455 72 86
456 53 92
457 54 90
458 1 78
459 9 30
460 27 100
461 52 100
462 15 16
463 56 95
464 20 77
465 41 64
466 42 94
467 66 72
468 30 98
469 13 26
470 92 98
471 3 28
472 60 91
473 8 81
474 45 84
475 50 97
476 70 100
477 21 27
478 4 37
479 95 100
480 8 32
481 7 24
482 63 79
483 48 87
484 33 40
485 16 32
486 72 93
487 73 81
488 54 93
489 78 87
490 52 99
491 15 25
492 76 89
493 42 89
494 5 83
495 45 60
496 66 67
497 49 57
498 67 83
499 13 19
500 3 5
501 59 96
502 60 82
503 45 77
504 84 88
505 85 86
506 32 78
507 13 100
508 70 95
509 53 61
510 57 58
511 75 96
512 21 36
513 4 44
514 8 39
515 7 17
516 48 78
517 29 36
518 16 39
519 73 90
520 54 84
521 78 94
522 61 62
523 26 64
524 79 84
525 76 80
526 77 94
527 42 64
528 45 53
529 66 90
530 49 50
531 67 88
532 3 10
533 45 70
534 85 95
535 70 86
536 71 92
537 1 32
538 57 67
539 4 43
540 7 14
541 48 69
542 11 75
543 29 61
544 16 30
545 72 75
546 36 81
547 41 42
548 79 93
549 26 75
550 9 49
551 51 65
552 76 79
553 77 87
554 24 29
555 5 69
556 42 75
557 45 46
558 10 16
559 66 85
560 30 87
561 60 96
562 64 99
563 85 88
564 70 73
565 71 85
566 57 68
567 80 99
568 26 35
569 11 64
570 29 54
571 33 51
572 16 21
573 22 31
574 79 90
575 26 82
576 9 58
577 27 64
578 12 33
579 51 70
580 37 39
581 77 80
582 42 50
583 5 78
584 10 27
585 67 70
586 30 94
587 91 92
588 40 100
589 8 77
590 85 97
591 33 91
592 14 39
593 71 82
594 57 77
595 58 69
596 4 25
597 80 90
598 26 42
599 63 99
600 33 52
601 73 77
602 54 57
603 5 38
604 61 73
605 26 93
606 9 35
607 30 54
608 88 89
609 51 79
610 52 71
611 17 35
612 42 61
613 67 79
614 31 93
615 92 93
616 55 75
617 50 60
618 33 92
619 71 75
620 18 85
621 1 11
622 57 86
623 58 76
624 39 98
625 80 81
626 26 53
627 46 48
628 12 64
629 72 96
630 36 78
631 2 42
632 58 63
633 22 41
634 61 66
635 62 80
636 9 36
637 51 84
638 34 36
639 17 36
640 52 78
641 37 41
642 49 94
643 13 48
644 18 61
645 55 64
646 64 72
647 32 97
648 33 85
649 50 55
650 18 76
651 1 12
652 57 95
653 58 87
654 4 15
655 43 92
656 26 60
657 46 59
658 48 97
659 19 23
660 2 37
661 93 100
662 22 32
663 5 40
664 61 91
665 62 91
666 9 45
667 51 93
668 52 85
669 17 29
670 42 47
671 10 52
672 49 87
673 50 95
674 13 41
675 31 67
676 18 52
677 55 89
678 40 89
679 25 30
680 64 79
681 11 31
682 53 99
683 1 5
684 57 96
685 58 94
686 43 85
687 44 93
688 46 66
689 51 53
690 69 99
691 73 96
692 22 59
693 5 17
694 61 84
695 62 66
696 9 86
697 27 44
698 52 92
699 17 22
700 23 24
701 49 72
702 50 86
703 13 34
704 18 47
705 74 80
706 55 86
707 40 64
708 43 61
709 64 70
710 65 72
711 11 20
712 1 30
713 58 89
714 43 74
715 44 84
716 7 96
717 46 69
718 68 82
719 51 58
720 15 32
721 19 37
722 5 26
723 98 99
724 62 69
725 9 95
726 10 87
727 27 37
728 86 95
729 52 91
730 55 62
731 76 97
732 10 38
733 49 65
734 50 81
735 18 38
736 74 91
737 75 91
738 4 85
739 43 50
740 8 16
741 64 93
742 11 13
743 1 23
744 58 96
745 43 67
746 44 83
747 7 89
748 83 88
749 46 76
750 47 70
751 68 89
752 69 85
753 15 41
754 2 14
755 62 76
756 9 64
757 47 55
758 87 92
759 6 34
760 81 99
761 10 33
762 50 72
763 13 84
764 18 33
765 75 80
766 40 78
767 4 92
768 8 23
769 64 84
770 65 90
771 28 74
772 54 100
773 79 100
774 44 74
775 83 97
776 46 87
777 47 79
778 69 94
779 2 9
780 24 38
781 5 12
782 9 73
783 10 89
784 47 60
785 59 73
786 23 39
787 6 37
788 81 100
789 50 67
790 31 39
791 13 77
792 18 24
793 74 77
794 40 53
795 4 91
796 8 30
797 65 83
798 28 65
799 11 59
800 29 77
801 14 20
802 53 71
803 26 27
804 44 65
805 46 94
806 47 84
807 12 26
808 68 79
809 69 71
810 56 68
811 10 64
812 86 96
813 20 25
814 3 35
815 59 78
816 6 28
817 81 93
818 28 41
819 35 41
820 18 19
821 75 78
822 38 86
823 40 60
824 4 66
825 65 84
826 28 88
827 14 31
828 89 94
829 53 64
830 26 98
831 44 56
832 46 97
833 47 93
834 12 17
835 48 59
836 88 98
837 56 75
838 2 27
839 42 98
840 62 97
841 10 75
842 52 63
843 56 58
844 20 32
845 3 40
846 59 71
847 60 79
848 6 23
849 81 86
850 82 92
851 28 32
852 32 35
853 4 73
854 60 62
855 8 12
856 63 83
857 28 87
858 11 41
859 90 95
860 53 73
861 54 73
862 39 42
863 44 55
864 9 19
865 48 50
866 47 90
867 69 73
868 16 75
869 56 82
870 2 18
871 41 85
872 87 96
873 35 70
874 3 17
875 59 92
876 60 70
877 6 14
878 82 87
879 45 97
880 28 63
881 38 64
882 40 42
883 4 48
884 7 37
885 63 88
886 48 90
887 72 80
888 53 82
889 54 64
890 44 46
891 9 20
892 47 99
893 51 100
894 56 89
895 96 100
896 42 84
897 5 96
898 27 31
899 66 78
900 67 100
901 92 100
902 3 22
903 59 85
904 60 93
905 25 37
906 45 90
907 28 54
908 70 98
909 74 97
910 39 75
911 4 63
912 7 34
913 63 65
914 48 81
915 11 39
916 72 87
917 53 91
918 36 37
919 1 77
920 54 91
921 41 54
922 9 29
923 15 19
924 17 77
925 56 96
926 41 71
927 42 95
928 66 73
929 13 25
930 92 99
931 3 31
932 60 84
933 23 64
934 45 83
935 21 26
936 4 38
937 8 33
938 7 27
939 63 78
940 48 72
941 29 42
942 33 47
943 16 33
944 72 94
945 73 80
946 36 44
947 54 82
948 78 84
949 26 70
950 15 24
951 17 70
952 76 90
953 42 70
954 45 59
955 49 56
956 67 82
957 13 18
958 3 4
959 59 99
960 60 83
961 45 76
962 84 89
963 14 83
964 70 92
965 53 60
966 75 99
967 21 35
968 4 45
969 8 40
970 7 16
971 48 79
972 29 35
973 16 24
974 73 89
975 54 85
976 78 95
977 79 87
978 26 65
979 9 15
980 12 44
981 17 63
982 76 81
983 77 93
984 42 65
985 45 52
986 10 22
987 66 91
988 67 91
989 31 97
990 3 13
991 8 64
992 45 69
993 84 96
994 85 94
995 70 87
996 71 95
997 1 39
998 57 66
999 4 20
1000 7 9
1001 48 70
1002 16 31
1003 72 76
1004 2 94
1005 79 92
1006 26 72
1007 9 48
1008 51 64
1009 17 48
1010 77 86
1011 24 30
1012 42 72
1013 10 17
1014 66 82
1015 30 84
1016 60 97
1017 64 100
1018 32 93
1019 70 78
1020 71 84
1021 57 75
1022 4 19
1023 80 100
1024 26 32
1025 11 67
1026 12 83
1027 33 50
1028 16 22
1029 73 75
1030 36 89
1031 22 28
1032 5 60
1033 61 79
1034 26 83
1035 27 67
1036 12 34
1037 51 73
1038 17 41
1039 37 38
1040 20 98
1041 77 79
1042 42 51
1043 5 77
1044 67 73
1045 30 95
1046 91 95
1047 55 77
1048 8 78
1049 65 99
1050 85 96
1051 33 90
1052 14 36
1053 71 77
1054 57 76
1055 58 66
1056 4 26
1057 80 91
1058 43 97
1059 26 43
1060 63 98
1061 12 74
1062 73 76
1063 36 64
1064 54 62
1065 22 23
1066 5 37
1067 61 72
1068 26 90
1069 9 34
1070 30 55
1071 88 90
1072 51 78
1073 52 64
1074 17 34
1075 42 58
1076 67 78
1077 30 70
1078 13 54
1079 92 94
1080 55 74
1081 65 100
1082 50 61
1083 33 83
1084 90 100
1085 71 74
1086 18 82
1087 1 10
1088 57 85
1089 58 77
1090 80 82
1091 26 50
1092 46 49
1093 72 97
1094 36 79
1095 58 60
1096 61 65
1097 62 81
1098 9 43
1099 27 81
1100 51 87
1101 34 37
1102 17 27
1103 52 79
1104 37 40
1105 49 93
1106 30 73
1107 55 67
1108 38 57
1109 40 83
1110 64 73
1111 11 25
1112 32 98
1113 33 84
1114 14 54
1115 50 52
1116 18 77
1117 1 3
1118 57 94
1119 58 84
1120 21 64
1121 4 8
1122 43 95
1123 46 56
1124 48 98
1125 19 22
1126 2 34
1127 93 99
1128 22 33
1129 5 23
1130 61 90
1131 62 88
1132 30 33
1133 51 92
1134 52 86
1135 17 28
1136 42 44
1137 49 86
1138 50 92
1139 13 40
1140 74 86
1141 55 88
1142 38 48
1143 40 90
1144 4 96
1145 25 29
1146 11 30
1147 53 98
1148 18 68
1149 1 4
1150 58 95
1151 43 84
1152 44 94
1153 46 67
1154 68 84
1155 51 52
1156 69 98
1157 19 31
1158 2 61
1159 5 16
1160 61 83
1161 62 67
1162 9 85
1163 30 40
1164 52 93
1165 17 21
1166 23 27
1167 10 60
1168 49 79
1169 50 87
1170 13 33
1171 18 44
1172 74 81
1173 55 81
1174 43 60
1175 64 71
1176 65 79
1177 11 23
1178 1 29
1179 22 64
1180 43 77
1181 44 85
1182 46 74
1183 68 83
1184 51 61
1185 15 35
1186 19 36
1187 5 25
1188 62 74
1189 27 36
1190 86 92
1191 34 78
1192 55 57
1193 76 98
1194 6 40
1195 10 39
1196 49 64
1197 50 78
1198 18 39
1199 74 88
1200 75 90
1201 4 86
1202 43 53
1203 8 17
1204 64 94
1205 28 76
1206 11 12
1207 54 98
1208 1 22
1209 58 97
1210 78 100
1211 43 66
1212 44 76
1213 83 91
1214 46 77
1215 47 65
1216 68 90
1217 69 84
1218 15 40
1219 36 99
1220 2 15
1221 94 100
1222 24 32
1223 62 77
1224 9 71
1225 47 54
1226 86 87
1227 87 95
1228 23 41
1229 6 35
1230 81 98
1231 50 73
1232 13 83
1233 31 57
1234 18 30
1235 75 83
1236 40 79
1237 4 93
1238 8 24
1239 64 85
1240 65 89
1241 28 75
1242 14 18
1243 44 75
1244 83 96
1245 46 84
1246 47 78
1247 12 28
1248 69 93
1249 2 6
1250 41 97
1251 24 39
1252 5 11
1253 9 72
1254 27 50
1255 47 63
1256 59 72
1257 23 38
1258 6 26
1259 81 91
1260 10 41
1261 50 64
1262 31 38
1263 18 25
1264 40 54
1265 4 68
1266 8 31
1267 65 82
1268 28 66
1269 14 21
1270 53 70
1271 44 66
1272 7 78
1273 46 95
1274 47 87
1275 12 27
1276 68 72
1277 69 70
1278 17 96
1279 56 69
1280 66 98
1281 86 97
1282 3 34
1283 59 65
1284 6 29
1285 81 92
1286 82 98
1287 13 69
1288 35 40
1289 4 67
1290 63 85
1291 28 89
1292 11 51
1293 14 28
1294 89 93
1295 53 79
1296 26 99
1297 44 57
1298 48 60
1299 47 92
1300 12 18
1301 88 99
1302 69 79
1303 17 89
1304 56 76
1305 2 24
1306 41 83
1307 42 99
1308 52 56
1309 56 59
1310 20 33
1311 59 70
1312 60 72
1313 6 20
1314 81 85
1315 82 93
1316 28 33
1317 32 36
1318 4 74
1319 60 63
1320 8 13
1321 63 82
1322 28 80
1323 11 40
1324 29 94
1325 90 92
1326 53 72
1327 36 48
1328 54 78
1329 44 48
1330 9 18
1331 48 51
1332 69 72
1333 16 76
1334 56 83
1335 2 19
1336 41 84
1337 9 99
1338 87 99
1339 91 100
1340 20 40
1341 3 16
1342 59 95
1343 60 71
1344 23 77
1345 6 15
1346 25 35
1347 45 96
1348 28 56
1349 82 84
1350 40 43
1351 21 23
1352 4 49
1353 39 77
1354 7 36
1355 63 91
1356 48 91
1357 11 33
1358 29 87
1359 72 81
1360 53 81
1361 54 65
1362 1 75
1363 44 47
1364 9 27
1365 27 97
1366 47 98
1367 16 67
1368 15 21
1369 17 75
1370 56 90
1371 41 93
1372 42 85
1373 9 100
1374 27 30
1375 66 79
1376 13 31
1377 3 25
1378 59 84
1379 60 94
1380 25 36
1381 45 89
1382 32 50
1383 50 100
1384 14 70
1385 70 99
1386 4 56
1387 8 59
1388 7 29
1389 63 64
1390 48 82
1391 11 38
1392 29 80
1393 72 88
1394 53 90
1395 36 38
1396 54 88
1397 41 53
1398 78 82
1399 9 28
1400 15 18
1401 56 97
1402 76 92
1403 41 70
1404 42 92
1405 66 70
1406 30 96
1407 13 24
1408 3 30
1409 60 85
1410 8 83
1411 45 82
1412 70 90
1413 21 25
1414 4 39
1415 8 34
1416 7 26
1417 63 73
1418 48 73
1419 29 41
1420 16 34
1421 72 95
1422 73 87
1423 36 45
1424 1 69
1425 2 77
1426 54 83
1427 41 62
1428 78 85
1429 26 71
1430 12 54
1431 15 27
1432 76 91
1433 41 79
1434 42 71
1435 45 58
1436 49 63
1437 67 85
1438 13 17
1439 55 97
1440 3 7
1441 59 98
1442 45 75
1443 84 90
1444 32 64
1445 13 98
1446 70 93
1447 53 59
1448 71 97
1449 75 98
1450 21 34
1451 4 46
1452 8 41
1453 7 19
1454 48 64
1455 29 34
1456 12 94
1457 33 39
1458 16 25
1459 73 88
1460 36 84
1461 78 92
1462 79 86
1463 9 14
1464 76 82
1465 77 92
1466 42 78
1467 5 90
1468 45 51
1469 10 23
1470 66 88
1471 67 90
1472 3 12
1473 45 68
1474 84 97
1475 85 93
1476 33 79
1477 70 84
1478 71 94
1479 1 38
1480 57 65
1481 4 21
1482 26 38
1483 7 8
1484 48 71
1485 11 77
1486 12 85
1487 29 59
1488 72 77
1489 36 83
1490 22 26
1491 79 95
1492 26 73
1493 9 55
1494 27 77
1495 12 36
1496 51 67
1497 17 55
1498 77 85
1499 24 31
1500 42 73
1501 6 83
1502 10 30
1503 66 83
1504 30 85
1505 60 98
1506 33 64
1507 14 34
1508 70 79
1509 71 87
1510 89 99
1511 57 74
1512 4 28
1513 63 100
1514 29 52
1515 33 49
1516 16 23
1517 73 74
1518 36 90
1519 22 29
1520 5 59
1521 61 78
1522 26 80
1523 12 35
1524 51 72
1525 17 40
1526 77 78
1527 42 48
1528 10 25
1529 67 72
1530 30 92
1531 13 60
1532 91 94
1533 55 76
1534 8 79
1535 65 98
1536 33 89
1537 14 37
1538 89 100
1539 71 76
1540 57 83
1541 58 67
1542 4 27
1543 80 92
1544 43 96
1545 26 40
1546 46 47
1547 12 75
1548 54 63
1549 5 36
1550 61 71
1551 9 33
1552 88 91
1553 51 81
1554 52 65
1555 17 33
1556 42 59
1557 6 77
1558 49 91
1559 13 53
1560 92 95
1561 55 69
1562 50 58
1563 14 44
1564 18 83
1565 1 9
1566 57 84
1567 58 74
1568 80 83
1569 43 89
1570 26 51
1571 46 54
1572 12 66
1573 72 98
1574 36 72
1575 2 40
1576 58 61
1577 61 64
1578 62 86
1579 9 42
1580 51 86
1581 52 72
1582 17 26
1583 10 11
1584 49 92
1585 30 78
1586 13 46
1587 18 59
1588 55 66
1589 40 84
1590 25 27
1591 64 74
1592 28 96
1593 11 24
1594 50 53
1595 18 74
1596 1 2
1597 57 93
1598 58 85
1599 4 9
1600 43 94
1601 26 58
1602 44 96
1603 46 57
1604 48 99
1605 19 25
1606 2 35
1607 93 98
1608 22 38
1609 5 22
1610 61 89
1611 62 89
1612 9 83
1613 27 41
1614 30 38
1615 51 95
1616 52 87
1617 15 77
1618 17 19
1619 42 45
1620 23 29
1621 49 85
1622 50 93
1623 13 39
1624 31 77
1625 18 50
1626 74 87
1627 55 91
1628 64 65
1629 11 17
1630 53 97
1631 1 27
1632 58 92
1633 22 78
1634 43 87
1635 44 95
1636 46 64
1637 68 85
1638 51 55
1639 69 97
1640 15 37
1641 19 30
1642 5 31
1643 61 82
1644 62 64
1645 9 84
1646 27 46
1647 30 41
1648 86 90
1649 52 94
1650 17 20
1651 76 100
1652 23 26
1653 10 61
1654 49 78
1655 50 84
1656 13 32
1657 18 45
1658 74 94
1659 55 80
1660 38 40
1661 43 63
1662 64 88
1663 65 78
1664 11 22
1665 1 28
1666 78 98
1667 43 76
1668 44 86
1669 7 98
1670 83 85
1671 46 75
1672 68 92
1673 51 60
1674 15 34
1675 19 39
1676 94 98
1677 5 24
1678 62 75
1679 9 93
1680 27 39
1681 86 93
1682 55 56
1683 76 99
1684 59 61
1685 6 41
1686 49 71
1687 50 79
1688 13 89
1689 18 36
1690 74 89
1691 75 93
1692 4 87
1693 43 52
1694 8 18
1695 64 95
1696 65 71
1697 28 77
1698 11 15
1699 54 99
1700 1 21
1701 43 69
1702 44 77
1703 83 90
1704 46 82
1705 47 64
1706 68 91
1707 69 83
1708 2 12
1709 24 33
1710 61 100
1711 9 70
1712 27 60
1713 47 49
1714 87 94
1715 20 21
1716 77 100
1717 24 80
1718 23 40
1719 6 32
1720 81 97
1721 10 47
1722 50 70
1723 31 56
1724 18 31
1725 75 82
1726 40 48
1727 4 94
1728 43 45
1729 8 25
1730 64 86
1731 65 88
1732 28 68
1733 14 19
1734 26 30
1735 44 68
1736 83 99
1737 46 85
1738 47 73
1739 69 92
1740 2 7
1741 41 96
1742 24 40
1743 5 10
1744 9 79
1745 47 62
1746 20 28
1747 59 75
1748 6 27
1749 81 90
1750 28 44
1751 50 65
1752 13 75
1753 31 33
1754 18 22
1755 74 75
1756 3 77
1757 4 69
1758 65 81
1759 29 75
1760 14 26
1761 89 91
1762 53 69
1763 44 67
1764 46 92
1765 47 86
1766 12 20
1767 68 73
1768 56 70
1769 2 30
1770 93 95
1771 10 78
1772 66 99
1773 20 27
1774 3 37
1775 59 64
1776 6 18
1777 81 83
1778 82 99
1779 28 43
1780 32 46
1781 13 68
1782 31 46
1783 4 76
1784 63 84
1785 28 90
1786 89 92
1787 53 78
1788 39 47
1789 44 58
1790 48 61
1791 47 95
1792 12 19
1793 88 100
1794 69 78
1795 56 77
1796 2 25
1797 41 82
1798 42 96
1799 34 83
1800 52 57
1801 56 60
1802 20 34
1803 59 89
1804 60 73
1805 6 21
1806 81 84
1807 82 90
1808 28 34
1809 49 99
1810 32 37
1811 4 75
1812 8 14
1813 63 93
1814 28 81
1815 90 93
1816 53 87
1817 54 79
1818 44 49
1819 9 17
1820 48 52
1821 47 100
1822 51 97
1823 16 77
1824 17 81
1825 56 84
1826 2 16
1827 67 97
1828 87 98
1829 20 41
1830 3 19
1831 59 94
1832 60 64
1833 25 34
1834 6 12
1835 82 85
1836 45 95
1837 28 57
1838 49 100
1839 74 100
1840 21 22
1841 4 50
1842 8 53
1843 7 39
1844 63 90
1845 48 92
1846 11 32
1847 72 82
1848 53 80
1849 54 70
1850 41 51
1851 9 26
1852 15 20
1853 56 91
1854 41 92
1855 42 82
1856 66 76
1857 3 24
1858 59 87
1859 60 95
1860 96 97
1861 6 7
1862 45 88
1863 28 48
1864 84 85
1865 70 96
1866 21 31
1867 4 57
1868 8 60
1869 7 28
1870 63 67
1871 48 83
1872 11 89
1873 16 44
1874 72 89
1875 53 89
1876 36 39
1877 54 89
1878 41 52
1879 78 83
1880 15 29
1881 56 98
1882 76 93
1883 41 69
1884 42 93
1885 10 98
1886 66 71
1887 30 97
1888 13 23
1889 60 86
1890 25 44
1891 8 84
1892 45 81
1893 84 92
1894 14 78
1895 70 91
1896 21 24
1897 95 97
1898 8 35
1899 7 21
1900 63 72
1901 48 74
1902 11 94
1903 29 40
1904 16 35
1905 73 86
1906 54 80
1907 41 61
1908 78 90
1909 26 68
1910 12 55
1911 15 26
1912 17 68
1913 76 84
1914 41 78
1915 42 68
1916 45 57
1917 66 94
1918 49 62
1919 67 84
1920 13 16
1921 55 96
1922 3 6
1923 45 74
1924 84 91
1925 13 97
1926 14 81
1927 70 82
1928 53 58
1929 71 96
1930 1 44
1931 57 63
1932 21 33
1933 4 47
1934 7 18
1935 48 65
1936 11 87
1937 12 95
1938 29 33
1939 33 38
1940 16 26
1941 73 95
1942 36 85
1943 78 93
1944 79 81
1945 26 79
1946 9 13
1947 17 61
1948 20 94
1949 76 83
1950 77 91
1951 24 25
1952 5 89
1953 6 89
1954 42 79
1955 45 50
1956 66 89
1957 49 55
1958 30 83
1959 67 93
1960 3 15
1961 60 100
1962 8 66
1963 45 67
1964 28 29
1965 84 98
1966 85 92
1967 33 78
1968 70 85
1969 71 89
1970 1 37
1971 57 64
1972 4 22
1973 7 11
1974 16 17
1975 72 78
1976 22 27
1977 79 94
1978 26 86
1979 9 54
1980 12 37
1981 51 66
1982 17 54
1983 77 84
1984 42 54
1985 5 66
1986 6 80
1987 10 31
1988 66 80
1989 30 90
1990 40 96
1991 60 99
1992 8 73
1993 14 35
1994 70 76
1995 71 86
1996 89 98
1997 57 73
1998 4 29
1999 26 46
2000 29 51
2001 12 77
2002 33 48
2003 61 77
2004 26 81
2005 9 63
2006 30 50
2007 51 75
2008 17 47
2009 42 49
2010 5 75
2011 6 75
2012 67 75
2013 30 93
2014 31 81
2015 55 79
2016 65 97
2017 70 71
2018 71 79
2019 18 89
2020 1 55
2021 57 82
2022 58 64
2023 80 93
2024 43 99
2025 26 41
2026 36 66
2027 54 60
2028 5 35
2029 61 70
2030 26 88
2031 9 32
2032 30 53
2033 88 92
2034 51 80
2035 34 40
2036 17 32
2037 52 66
2038 42 56
2039 62 63
2040 49 90
2041 30 68
2042 31 94
2043 55 68
2044 3 98
2045 50 59
2046 90 98
2047 18 80
2048 1 8
2049 57 91
2050 58 75
2051 80 84
2052 43 88
2053 26 48
2054 46 55
2055 68 96
2056 72 99
2057 54 55
2058 2 41
2059 22 44
2060 5 44
2061 61 95
2062 62 87
2063 9 41
2064 27 83
2065 30 60
2066 51 89
2067 34 35
2068 17 25
2069 52 73
2070 49 83
2071 13 45
2072 55 93
2073 38 63
2074 64 75
2075 11 27
2076 32 100
2077 18 75
2078 57 92
2079 58 82
2080 4 10
2081 43 81
2082 26 59
2083 44 97
2084 46 62
2085 29 30
2086 48 100
2087 19 24
2088 2 32
2089 93 97
2090 22 39
2091 5 21
2092 61 88
2093 62 94
2094 9 82
2095 27 40
2096 30 39
2097 51 94
2098 52 80
2099 17 18
2100 23 28
2101 49 84
2102 50 90
2103 13 38
2104 18 51
2105 74 84
2106 55 90
2107 40 92
2108 4 98
2109 43 57
2110 64 66
2111 11 16
2112 33 99
2113 53 96
2114 1 26
2115 58 93
2116 43 86
2117 44 88
2118 46 65
2119 68 86
2120 51 54
2121 69 96
2122 15 36
2123 19 33
2124 2 59
2125 5 30
2126 61 81
2127 62 65
2128 27 33
2129 86 91
2130 52 95
2131 24 67
2132 6 55
2133 49 77
2134 50 85
2135 13 95
2136 18 42
2137 74 95
2138 55 83
2139 38 41
2140 40 67
2141 43 62
2142 64 89
2143 65 77
2144 1 19
2145 58 100
2146 78 99
2147 43 79
2148 44 87
2149 83 84
2150 46 72
2151 68 93
2152 51 63
2153 19 38
2154 94 99
2155 5 7
2156 62 72
2157 9 92
2158 27 38
2159 55 59
2160 59 60
2161 24 74
2162 49 70
2163 50 76
2164 31 50
2165 18 37
2166 75 92
2167 4 80
2168 43 55
2169 8 19
2170 64 80
2171 65 70
2172 28 78
2173 11 14
2174 54 96
2175 1 20
2176 22 89
2177 43 68
2178 44 78
2179 83 93
2180 46 83
2181 47 67
2182 69 82
2183 2 13
2184 24 34
2185 61 99
2186 9 69
2187 47 48
2188 87 89
2189 20 22
2190 77 99
2191 6 33
2192 81 96
2193 10 44
2194 50 71
2195 13 81
2196 18 28
2197 75 85
2198 4 95
2199 43 44
2200 8 26
2201 64 87
2202 65 95
2203 28 69
2204 14 16
2205 79 97
2206 26 31
2207 7 83
2208 44 69
2209 46 90
2210 47 72
2211 12 30
2212 83 98
2213 69 91
2214 16 89
2215 56 64
2216 2 4
2217 24 41
2218 5 9
2219 9 78
2220 47 57
2221 20 29
2222 59 74
2223 23 32
2224 25 78
2225 81 89
2226 28 45
2227 32 40
2228 31 32
2229 13 74
2230 35 37
2231 40 56
2232 4 70
2233 7 59
2234 65 80
2235 28 92
2236 14 27
2237 89 90
2238 53 68
2239 44 60
2240 46 93
2241 47 81
2242 12 21
2243 68 74
2244 16 80
2245 56 71
2246 2 31
2247 93 94
2248 66 96
2249 20 36
2250 3 36
2251 59 67
2252 6 19
2253 81 82
2254 82 96
2255 28 36
2256 13 67
2257 31 41
2258 4 77
2259 63 87
2260 53 77
2261 26 97
2262 44 59
2263 46 100
2264 47 94
2265 48 62
2266 69 77
2267 17 95
2268 56 78
2269 2 22
2270 94 95
2271 24 55
2272 42 97
2273 62 100
2274 87 100
2275 52 58
2276 91 97
2277 56 61
2278 20 35
2279 59 88
2280 60 74
2281 6 10
2282 82 91
2283 28 35
2284 49 98
2285 32 38
2286 4 52
2287 8 15
2288 7 41
2289 63 92
2290 28 82
2291 53 86
2292 36 50
2293 54 76
2294 44 50
2295 9 16
2296 48 53
2297 51 96
2298 16 78
2299 17 80
2300 56 85
2301 2 17
2302 41 90
2303 9 97
2304 67 96
2305 3 18
2306 59 81
2307 60 65
2308 25 33
2309 6 13
2310 45 94
2311 28 58
2312 4 51
2313 8 54
2314 7 38
2315 63 69
2316 48 93
2317 11 35
2318 29 85
2319 72 83
2320 53 95
2321 54 71
2322 41 50
2323 9 25
2324 15 23
2325 56 92
2326 20 66
2327 42 83
2328 66 77
2329 13 29
2330 3 27
2331 59 86
2332 60 88
2333 96 98
2334 45 87
2335 84 86
2336 50 98
2337 70 97
2338 53 55
2339 21 30
2340 4 58
2341 7 31
2342 63 66
2343 48 84
2344 16 45
2345 72 90
2346 53 88
2347 54 94
2348 41 59
2349 78 80
2350 52 96
2351 15 28
2352 56 99
2353 76 94
2354 41 68
2355 42 90
2356 5 86
2357 45 63
2358 66 68
2359 13 22
2360 60 87
2361 25 51
2362 8 85
2363 45 80
2364 84 93
2365 70 88
2366 21 39
2367 4 33
2368 95 96
2369 8 36
2370 7 20
2371 63 75
2372 48 75
2373 29 39
2374 33 44
2375 16 36
2376 73 85
2377 36 47
2378 54 81
2379 2 75
2380 41 60
2381 78 91
2382 26 69
2383 9 11
2384 12 48
2385 17 59
2386 76 85
2387 42 69
2388 45 56
2389 66 95
2390 49 61
2391 67 87
2392 13 15
2393 55 99
2394 3 9
2395 59 100
2396 8 92
2397 45 73
2398 84 100
2399 13 96
2400 70 83
2401 53 57
2402 71 99
2403 1 35
2404 57 62
2405 75 100
2406 21 32
2407 4 40
2408 8 43
2409 7 13
2410 48 66
2411 33 37
2412 16 27
2413 73 94
2414 36 86
2415 2 66
2416 5 55
2417 79 80
2418 26 76
2419 9 12
2420 77 90
2421 24 26
2422 42 76
2423 45 49
2424 66 86
2425 49 54
2426 30 80
2427 31 98
2428 67 92
2429 3 14
2430 23 83
2431 64 96
2432 45 66
2433 28 30
2434 84 99
2435 85 91
2436 33 77
2437 14 89
2438 70 74
2439 71 88
2440 1 36
2441 57 71
2442 21 41
2443 4 23
2444 80 96
2445 26 36
2446 7 10
2447 29 57
2448 16 18
2449 72 79
2450 22 24
2451 5 48
2452 79 89
2453 26 87
2454 9 53
2455 27 79
2456 12 38
2457 51 69
2458 77 83
2459 42 55
2460 6 81
2461 10 28
2462 66 81
2463 67 69
2464 40 97
2465 8 74
2466 85 100
2467 33 70
2468 14 32
2469 70 77
2470 71 81
2471 18 95
2472 89 97
2473 57 72
2474 58 70
2475 4 30
2476 29 50
2477 12 78
2478 33 55
2479 36 68
2480 54 58
2481 61 76
2482 26 94
2483 9 62
2484 30 51
2485 51 74
2486 52 68
2487 42 62
2488 67 74
2489 30 66
2490 55 78
2491 65 96
2492 33 95
2493 71 78
2494 57 81
2495 58 65
2496 4 5
2497 80 94
2498 43 98
2499 26 54
2500 12 69
2501 54 61
2502 5 34
2503 61 69
2504 26 89
2505 9 39
2506 27 93
2507 88 93
2508 51 83
2509 34 41
2510 17 39
2511 52 67
2512 42 57
2513 6 67
2514 10 14
2515 49 89
2516 30 69
2517 31 89
2518 55 71
2519 50 56
2520 33 80
2521 90 99
2522 1 15
2523 57 90
2524 58 72
2525 4 12
2526 80 85
2527 43 91
2528 26 49
2529 46 52
2530 68 97
2531 72 100
2532 2 38
2533 58 59
2534 61 94
2535 62 84
2536 9 40
2537 30 61
2538 51 88
2539 52 74
2540 17 24
2541 49 82
2542 30 76
2543 13 44
2544 55 92
2545 4 100
2546 64 76
2547 11 26
2548 50 51
2549 57 99
2550 58 83
2551 4 11
2552 43 80
2553 26 56
2554 44 98
2555 46 63
2556 73 99
2557 19 27
2558 2 33
2559 93 96
2560 22 36
2561 5 20
2562 61 87
2563 62 95
2564 9 81
2565 30 36
2566 52 81
2567 42 43
2568 23 31
2569 6 61
2570 49 75
2571 50 91
2572 13 37
2573 74 85
2574 55 85
2575 40 93
2576 4 99
2577 43 56
2578 64 67
2579 65 75
2580 11 19
2581 14 60
2582 18 67
2583 1 25
2584 57 100
2585 58 90
2586 43 73
2587 44 89
2588 46 70
2589 68 87
2590 51 57
2591 15 39
2592 73 100
2593 19 32
2594 5 29
2595 61 80
2596 62 70
2597 9 90
2598 27 32
2599 98 100
2600 86 88
2601 52 88
2602 55 61
2603 10 59
2604 49 76
2605 50 82
2606 74 92
2607 55 82
2608 40 68
2609 43 49
2610 64 90
2611 65 76
2612 1 18
2613 78 96
2614 43 78
2615 44 80
2616 83 87
2617 46 73
2618 47 69
2619 68 94
2620 51 62
2621 19 41
2622 2 51
2623 94 96
2624 5 6
2625 62 73
2626 10 83
2627 34 77
2628 55 58
2629 59 63
2630 10 34
2631 49 69
2632 50 77
2633 13 87
2634 18 34
2635 75 95
2636 4 81
2637 43 54
2638 8 20
2639 64 81
2640 65 69
2641 28 79
2642 54 97
2643 43 71
2644 44 79
2645 83 92
2646 46 80
2647 47 66
2648 12 96
2649 68 69
2650 69 81
2651 16 99
2652 2 10
2653 24 35
2654 5 15
2655 61 98
2656 9 68
2657 47 51
2658 87 88
2659 20 23
2660 77 98
2661 50 68
2662 74 78
2663 75 84
2664 40 50
2665 4 88
2666 43 47
2667 8 27
2668 65 94
2669 28 70
2670 14 17
2671 79 96
2672 26 28
2673 44 70
2674 46 91
2675 47 75
2676 12 31
2677 68 76
2678 69 90
2679 56 65
2680 2 5
2681 5 8
2682 10 69
2683 47 56
2684 52 53
2685 20 30
2686 59 77
2687 23 35
2688 6 25
2689 25 77
2690 81 88
2691 32 41
2692 31 35
2693 35 36
2694 18 20
2695 75 77
2696 4 71
2697 65 87
2698 28 93
2699 14 24
2700 53 67
2701 44 61
2702 7 75
2703 46 98
2704 47 80
2705 12 22
2706 48 56
2707 68 75
2708 56 72
2709 2 28
2710 62 98
2711 66 97
2712 86 100
2713 52 60
2714 35 92
2715 20 37
2716 3 39
2717 59 66
2718 60 76
2719 6 16
2720 82 97
2721 31 40
2722 13 66
2723 4 78
2724 8 9
2725 63 86
2726 28 84
2727 29 66
2728 53 76
2729 54 74
2730 39 41
2731 44 52
2732 48 63
2733 47 89
2734 12 13
2735 69 76
2736 56 79
2737 2 23
2738 41 80
2739 52 59
2740 91 96
2741 56 62
2742 59 91
2743 60 75
2744 6 11
2745 82 88
2746 45 100
2747 28 60
2748 49 97
2749 32 39
2750 4 53
2751 8 48
2752 7 40
2753 63 95
2754 28 83
2755 90 91
2756 53 85
2757 54 77
2758 44 51
2759 9 23
2760 48 54
2761 51 99
2762 56 86
2763 41 89
2764 9 96
2765 67 99
2766 35 74
2767 20 43
2768 3 21
2769 59 80
2770 60 66
2771 23 78
2772 25 32
2773 82 83
2774 45 93
2775 28 59
2776 74 98
2777 40 46
2778 4 60
2779 8 55
2780 7 33
2781 63 68
2782 48 94
2783 11 34
2784 16 55
2785 72 84
2786 53 94
2787 54 68
2788 41 49
2789 9 24
2790 27 98
2791 16 70
2792 15 22
2793 17 72
2794 56 93
2795 42 80
2796 66 74
2797 13 28
2798 92 96
2799 96 99
2800 60 89
2801 25 41
2802 45 86
2803 28 50
2804 84 87
2805 50 99
2806 14 69
2807 53 54
2808 21 29
2809 4 59
2810 7 30
2811 63 77
2812 48 85
2813 33 42
2814 72 91
2815 73 83
2816 54 95
2817 41 58
2818 78 81
2819 52 97
2820 15 31
2821 56 100
2822 76 95
2823 41 75
2824 42 91
2825 45 62
2826 66 69
2827 49 59
2828 67 81
2829 13 21
2830 20 57
2831 60 80
2832 45 79
2833 84 94
2834 70 89
2835 53 63
2836 1 41
2837 21 38
2838 4 34
2839 95 99
2840 8 37
2841 7 23
2842 63 74
2843 48 76
2844 11 80
2845 29 38
2846 99 100
2847 33 35
2848 16 37
2849 73 84
2850 36 40
2851 54 86
2852 78 88
2853 26 66
2854 9 10
2855 20 81
2856 76 86
2857 41 76
2858 42 66
2859 45 55
2860 66 92
2861 49 60
2862 67 86
2863 13 14
2864 31 100
2865 55 98
2866 3 8
2867 45 72
2868 32 67
2869 33 75
2870 70 80
2871 53 56
2872 71 98
2873 1 34
2874 57 61
2875 4 41
2876 8 44
2877 7 12
2878 48 67
2879 12 89
2880 33 36
2881 16 28
2882 72 73
2883 73 93
2884 36 87
2885 5 54
2886 79 83
2887 26 77
2888 9 51
2889 12 40
2890 17 51
2891 76 77
2892 77 89
2893 24 27
2894 42 77
2895 45 48
2896 10 18
2897 66 87
2898 49 53
2899 30 81
2900 67 95
2901 8 68
2902 64 97
2903 45 65
2904 28 31
2905 85 90
2906 70 75
2907 71 91
2908 1 59
2909 57 70
2910 21 40
2911 4 16
2912 80 97
2913 26 37
2914 11 78
2915 12 80
2916 33 61
2917 16 19
2918 41 45
2919 22 25
2920 79 88
2921 26 84
2922 9 52
2923 27 78
2924 12 39
2925 51 68
2926 77 82
2927 42 52
2928 5 64
2929 10 29
2930 67 68
2931 40 98
2932 8 75
2933 85 99
2934 32 81
2935 14 33
2936 89 96
2937 71 80
2938 18 92
2939 57 79
2940 58 71
2941 4 31
2942 80 88
2943 26 44
2944 63 97
2945 29 49
2946 12 79
2947 33 54
2948 73 79
2949 36 69
2950 54 59
2951 61 75
2952 26 95
2953 9 61
2954 30 48
2955 51 77
2956 52 69
2957 42 63
2958 67 77
2959 55 73
2960 50 62
2961 14 40
2962 71 73
2963 18 87
2964 57 80
2965 58 78
2966 4 6
2967 80 95
2968 26 55
2969 46 50
2970 36 76
2971 2 44
2972 5 33
2973 61 68
2974 62 82
2975 9 38
2976 30 59
2977 88 94
2978 51 82
2979 34 38
2980 17 38
2981 52 76
2982 6 64
2983 49 88
2984 30 74
2985 13 50
2986 55 70
2987 40 80
2988 28 100
2989 50 57
2990 33 87
2991 90 96
2992 18 78
2993 1 14
2994 57 89
2995 58 73
2996 4 13
2997 80 86
2998 43 90
2999 26 62
3000 44 100
3001 46 53
3002 68 98
3003 36 75
3004 19 21
3005 2 39
3006 22 34
3007 97 99
3008 61 93
3009 62 85
3010 9 47
3011 30 34
3012 51 91
3013 52 75
3014 17 31
3015 6 59
3016 49 81
3017 30 77
3018 13 43
3019 18 54
3020 55 95
3021 64 77
3022 11 29
3023 1 7
3024 57 98
3025 58 80
3026 43 83
3027 44 99
3028 46 60
3029 73 98
3030 19 26
3031 22 37
3032 5 19
3033 61 86
3034 62 92
3035 9 80
3036 27 42
3037 97 100
3038 30 37
3039 52 82
3040 15 78
3041 23 30
3042 6 50
3043 49 74
3044 50 88
3045 13 36
3046 31 78
3047 18 49
3048 74 82
3049 55 84
3050 43 59
3051 64 68
3052 65 74
3053 11 18
3054 18 64
3055 1 24
3056 58 91
3057 43 72
3058 44 90
3059 46 71
3060 68 80
3061 51 56
3062 15 38
3063 19 35
3064 5 28
3065 62 71
3066 9 89
3067 27 35
3068 30 44
3069 86 89
3070 52 89
3071 55 60
3072 49 67
3073 50 83
3074 13 93
3075 18 40
3076 74 93
3077 75 89
3078 43 48
3079 64 91
3080 65 67
3081 1 17
3082 58 98
3083 78 97
3084 43 65
3085 44 81
3086 83 86
3087 46 78
3088 47 68
3089 68 95
3090 69 87
3091 36 96
3092 19 40
3093 94 97
3094 62 78
3095 9 66
3096 27 56
3097 47 53
3098 59 62
3099 23 44
3100 6 44
3101 49 68
3102 50 74
3103 18 35
3104 75 94
3105 40 76
3106 4 82
3107 8 21
3108 64 82
3109 65 68
3110 28 72
3111 14 15
3112 43 70
3113 44 72
3114 7 84
3115 83 95
3116 46 81
3117 47 77
3118 12 97
3119 68 70
3120 69 80
3121 2 11
3122 24 36
3123 5 14
3124 61 97
3125 9 75
3126 47 50
3127 87 91
3128 77 97
3129 23 37
3130 50 69
3131 31 37
3132 74 79
3133 75 87
3134 4 89
3135 43 46
3136 8 28
3137 7 60
3138 65 93
3139 28 71
3140 11 57
3141 14 22
3142 79 99
3143 26 29
3144 7 77
3145 44 71
3146 46 88
3147 47 74
3148 12 24
3149 68 77
3150 69 89
3151 83 100
3152 56 66
3153 9 76
3154 27 54
3155 47 59
3156 86 98
3157 52 54
3158 20 31
3159 3 33
3160 59 76
3161 23 34
3162 6 30
3163 81 95
3164 28 47
3165 32 42
3166 13 72
3167 31 34
3168 35 39
3169 18 21
3170 75 76
3171 4 64
3172 65 86
3173 28 94
3174 14 25
3175 53 66
3176 26 100
3177 44 62
3178 46 99
3179 47 83
3180 12 23
3181 48 57
3182 88 96
3183 16 82
3184 56 73
3185 2 29
3186 42 100
3187 62 99
3188 10 77
3189 52 61
3190 20 38
3191 3 38
3192 59 69
3193 60 77
3194 6 17
3195 82 94
3196 28 38
3197 32 33
3198 31 43
3199 4 79
3200 8 10
3201 63 81
3202 28 85
3203 53 75
3204 36 53
3205 54 75
3206 39 40
3207 44 53
3208 47 88
3209 12 14
3210 69 75
3211 56 80
3212 2 20
3213 41 87
3214 91 99
3215 56 63
3216 59 90
3217 60 68
3218 6 8
3219 82 89
3220 45 99
3221 28 61
3222 49 96
3223 32 56
3224 38 66
3225 4 54
3226 63 94
3227 48 88
3228 11 44
3229 53 84
3230 36 60
3231 54 66
3232 9 22
3233 48 55
3234 47 97
3235 51 98
3236 16 64
3237 17 86
3238 56 87
3239 41 88
3240 42 86
3241 27 29
3242 67 98
3243 3 20
3244 59 83
3245 60 67
3246 25 39
3247 45 92
3248 28 52
3249 74 99
3250 4 61
3251 7 32
3252 63 71
3253 48 95
3254 29 83
3255 11 37
3256 16 40
3257 72 85
3258 53 93
3259 54 69
3260 41 48
3261 78 79
3262 9 31
3263 12 60
3264 15 17
3265 56 94
3266 41 65
3267 42 81
3268 66 75
3269 13 27
3270 92 97
3271 3 29
3272 60 90
3273 25 40
3274 45 85
