1 1 5
2 1 6
3 1 9
4 1 72
5 1 73
6 1 80
7 2 20
8 2 41
9 2 49
10 2 85
11 3 8
12 3 23
13 3 25
14 3 27
15 3 54
16 3 67
17 3 87
18 3 89
19 3 104
20 3 111
21 4 5
22 4 7
23 4 10
24 4 12
25 4 14
26 4 15
27 4 16
28 4 17
29 4 19
30 4 26
31 4 28
32 4 29
33 4 31
34 4 32
35 4 38
36 4 39
37 4 42
38 4 45
39 4 50
40 4 51
41 4 69
42 4 72
43 4 74
44 4 75
45 4 78
46 4 81
47 4 82
48 4 84
49 4 85
50 4 88
51 4 91
52 4 94
53 4 96
54 5 10
55 5 15
56 5 16
57 5 17
58 5 32
59 5 39
60 5 51
61 5 72
62 5 73
63 5 81
64 5 85
65 5 101
66 5 110
67 6 9
68 6 73
69 7 10
70 7 16
71 7 17
72 7 26
73 7 28
74 7 29
75 7 30
76 7 31
77 7 33
78 7 34
79 7 35
80 7 38
81 7 42
82 7 43
83 7 56
84 7 62
85 7 74
86 7 78
87 7 79
88 7 82
89 7 84
90 7 88
91 7 92
92 7 94
93 7 96
94 8 23
95 8 25
96 8 27
97 8 54
98 8 67
99 8 87
100 8 89
101 8 104
102 8 111
103 9 32
104 9 73
105 9 77
106 9 80
107 10 12
108 10 14
109 10 15
110 10 16
111 10 17
112 10 19
113 10 21
114 10 26
115 10 28
116 10 29
117 10 30
118 10 31
119 10 32
120 10 33
121 10 34
122 10 35
123 10 36
124 10 38
125 10 39
126 10 40
127 10 42
128 10 43
129 10 45
130 10 50
131 10 51
132 10 62
133 10 69
134 10 72
135 10 73
136 10 74
137 10 77
138 10 78
139 10 81
140 10 82
141 10 83
142 10 84
143 10 85
144 10 88
145 10 90
146 10 91
147 10 92
148 10 96
149 10 97
150 10 101
151 10 112
152 11 61
153 11 108
154 12 14
155 12 16
156 12 17
157 12 19
158 12 26
159 12 28
160 12 32
161 12 38
162 12 39
163 12 40
164 12 43
165 12 61
166 12 74
167 12 81
168 12 82
169 12 84
170 12 85
171 12 88
172 12 90
173 12 91
174 12 96
175 12 101
176 12 110
177 13 37
178 13 44
179 13 47
180 13 48
181 13 52
182 13 55
183 13 70
184 13 76
185 13 112
186 14 15
187 14 16
188 14 17
189 14 19
190 14 26
191 14 28
192 14 29
193 14 30
194 14 31
195 14 32
196 14 33
197 14 35
198 14 38
199 14 39
200 14 40
201 14 42
202 14 45
203 14 72
204 14 74
205 14 81
206 14 82
207 14 84
208 14 96
209 15 16
210 15 17
211 15 28
212 15 31
213 15 32
214 15 33
215 15 39
216 15 42
217 15 45
218 15 61
219 15 72
220 15 74
221 15 84
222 16 17
223 16 19
224 16 26
225 16 28
226 16 29
227 16 30
228 16 31
229 16 32
230 16 33
231 16 35
232 16 36
233 16 38
234 16 39
235 16 40
236 16 42
237 16 43
238 16 45
239 16 51
240 16 69
241 16 72
242 16 74
243 16 75
244 16 78
245 16 79
246 16 81
247 16 82
248 16 83
249 16 84
250 16 85
251 16 88
252 16 90
253 16 91
254 16 94
255 16 96
256 16 101
257 16 106
258 17 19
259 17 21
260 17 26
261 17 28
262 17 31
263 17 32
264 17 33
265 17 35
266 17 38
267 17 39
268 17 42
269 17 43
270 17 45
271 17 51
272 17 69
273 17 72
274 17 74
275 17 81
276 17 82
277 17 84
278 17 90
279 17 91
280 17 96
281 17 101
282 17 110
283 18 63
284 19 26
285 19 28
286 19 29
287 19 38
288 19 39
289 19 40
290 19 43
291 19 74
292 19 78
293 19 81
294 19 82
295 19 85
296 19 88
297 19 90
298 19 91
299 19 96
300 19 101
301 19 110
302 20 26
303 20 38
304 20 39
305 20 40
306 20 41
307 20 49
308 20 85
309 20 93
310 20 96
311 21 28
312 21 29
313 21 32
314 21 33
315 21 35
316 21 39
317 21 72
318 21 74
319 21 77
320 21 82
321 21 84
322 21 96
323 21 102
324 22 24
325 22 32
326 22 53
327 22 62
328 22 68
329 22 78
330 22 86
331 23 25
332 23 27
333 23 46
334 23 54
335 23 58
336 23 65
337 23 67
338 23 87
339 23 89
340 23 103
341 23 104
342 23 111
343 24 62
344 24 68
345 24 86
346 25 27
347 25 54
348 25 58
349 25 67
350 25 87
351 25 89
352 25 103
353 25 104
354 25 111
355 26 28
356 26 32
357 26 38
358 26 39
359 26 40
360 26 42
361 26 43
362 26 59
363 26 60
364 26 74
365 26 81
366 26 82
367 26 84
368 26 85
369 26 90
370 26 93
371 26 96
372 26 99
373 26 101
374 26 110
375 27 46
376 27 54
377 27 58
378 27 65
379 27 67
380 27 87
381 27 89
382 27 103
383 27 104
384 27 111
385 28 32
386 28 33
387 28 35
388 28 38
389 28 39
390 28 40
391 28 42
392 28 43
393 28 45
394 28 51
395 28 69
396 28 72
397 28 74
398 28 81
399 28 82
400 28 83
401 28 84
402 28 90
403 28 91
404 28 94
405 28 96
406 28 101
407 29 30
408 29 31
409 29 32
410 29 33
411 29 34
412 29 35
413 29 39
414 29 42
415 29 56
416 29 72
417 29 74
418 29 78
419 29 79
420 29 81
421 29 82
422 29 84
423 29 88
424 29 92
425 29 94
426 29 96
427 29 101
428 29 110
429 30 31
430 30 32
431 30 34
432 30 35
433 30 39
434 30 40
435 30 42
436 30 56
437 30 78
438 30 81
439 30 82
440 30 83
441 30 88
442 30 92
443 30 94
444 30 96
445 30 112
446 31 32
447 31 33
448 31 34
449 31 35
450 31 40
451 31 42
452 31 43
453 31 56
454 31 72
455 31 78
456 31 81
457 31 82
458 31 84
459 31 85
460 31 88
461 31 92
462 31 96
463 32 33
464 32 34
465 32 35
466 32 38
467 32 39
468 32 40
469 32 42
470 32 43
471 32 45
472 32 50
473 32 61
474 32 62
475 32 72
476 32 73
477 32 74
478 32 77
479 32 78
480 32 80
481 32 81
482 32 82
483 32 84
484 32 85
485 32 86
486 32 90
487 32 92
488 32 96
489 32 101
490 32 102
491 32 110
492 33 35
493 33 36
494 33 39
495 33 40
496 33 42
497 33 43
498 33 45
499 33 61
500 33 72
501 33 74
502 33 77
503 33 78
504 33 80
505 33 84
506 33 88
507 33 92
508 33 96
509 33 101
510 34 35
511 34 42
512 34 56
513 34 78
514 34 79
515 34 81
516 34 82
517 34 84
518 34 88
519 34 92
520 34 94
521 35 42
522 35 56
523 35 62
524 35 72
525 35 78
526 35 81
527 35 82
528 35 83
529 35 84
530 35 88
531 35 92
532 35 93
533 35 94
534 35 96
535 35 101
536 35 112
537 36 42
538 36 62
539 36 84
540 36 86
541 37 44
542 37 47
543 37 48
544 37 52
545 37 55
546 37 64
547 37 70
548 37 76
549 37 105
550 37 112
551 38 39
552 38 40
553 38 42
554 38 43
555 38 59
556 38 60
557 38 74
558 38 81
559 38 82
560 38 84
561 38 85
562 38 90
563 38 93
564 38 96
565 38 99
566 38 101
567 38 110
568 39 40
569 39 41
570 39 42
571 39 43
572 39 45
573 39 51
574 39 61
575 39 62
576 39 72
577 39 74
578 39 78
579 39 81
580 39 82
581 39 84
582 39 85
583 39 88
584 39 91
585 39 94
586 39 96
587 39 101
588 40 43
589 40 45
590 40 49
591 40 67
592 40 72
593 40 78
594 40 81
595 40 84
596 40 87
597 40 88
598 40 92
599 40 96
600 40 101
601 40 106
602 40 112
603 41 49
604 41 85
605 42 45
606 42 56
607 42 62
608 42 72
609 42 78
610 42 81
611 42 82
612 42 83
613 42 84
614 42 88
615 42 92
616 42 94
617 42 96
618 42 101
619 42 106
620 43 45
621 43 61
622 43 63
623 43 73
624 43 74
625 43 81
626 43 82
627 43 84
628 43 95
629 43 96
630 43 101
631 43 102
632 43 107
633 43 108
634 43 113
635 44 47
636 44 48
637 44 52
638 44 55
639 44 70
640 44 71
641 44 76
642 45 51
643 45 69
644 45 72
645 45 74
646 45 78
647 45 81
648 45 82
649 45 83
650 45 84
651 45 91
652 45 96
653 46 58
654 46 65
655 46 103
656 46 104
657 46 111
658 47 48
659 47 52
660 47 55
661 47 64
662 47 70
663 47 71
664 47 76
665 47 105
666 47 112
667 48 52
668 48 55
669 48 64
670 48 70
671 48 76
672 48 105
673 48 112
674 49 85
675 49 96
676 50 51
677 50 81
678 50 83
679 50 91
680 50 96
681 51 72
682 51 75
683 51 81
684 51 82
685 51 91
686 51 96
687 52 55
688 52 64
689 52 70
690 52 76
691 52 105
692 52 112
693 53 62
694 53 86
695 54 67
696 54 87
697 54 89
698 54 104
699 54 111
700 55 64
701 55 70
702 55 71
703 55 76
704 55 105
705 55 112
706 56 59
707 56 60
708 56 78
709 56 79
710 56 88
711 56 92
712 56 94
713 56 101
714 57 96
715 58 65
716 58 67
717 58 87
718 58 89
719 58 103
720 58 104
721 58 111
722 59 60
723 59 82
724 59 84
725 59 88
726 59 92
727 59 98
728 59 99
729 60 82
730 60 84
731 60 88
732 60 92
733 60 98
734 60 99
735 61 63
736 61 72
737 61 84
738 61 97
739 61 101
740 61 107
741 61 108
742 62 68
743 62 78
744 62 82
745 62 86
746 62 88
747 63 95
748 63 107
749 63 113
750 64 70
751 64 76
752 64 105
753 64 112
754 65 103
755 65 104
756 65 111
757 66 90
758 67 82
759 67 87
760 67 89
761 67 103
762 67 104
763 67 111
764 68 78
765 68 86
766 69 74
767 69 81
768 69 82
769 69 96
770 70 71
771 70 76
772 70 105
773 70 112
774 71 76
775 72 73
776 72 74
777 72 77
778 72 78
779 72 79
780 72 82
781 72 84
782 72 92
783 72 96
784 72 101
785 72 110
786 73 80
787 73 84
788 74 78
789 74 81
790 74 82
791 74 84
792 74 85
793 74 90
794 74 91
795 74 96
796 74 99
797 74 110
798 75 96
799 76 105
800 76 112
801 77 80
802 77 84
803 78 79
804 78 81
805 78 82
806 78 84
807 78 88
808 78 91
809 78 92
810 78 93
811 78 94
812 78 96
813 78 101
814 79 84
815 79 88
816 79 92
817 79 94
818 80 84
819 81 82
820 81 83
821 81 84
822 81 85
823 81 88
824 81 90
825 81 92
826 81 96
827 81 101
828 81 112
829 82 83
830 82 84
831 82 87
832 82 88
833 82 92
834 82 94
835 82 96
836 82 101
837 83 91
838 83 96
839 83 101
840 84 85
841 84 88
842 84 92
843 84 94
844 84 96
845 84 99
846 84 110
847 84 112
848 85 90
849 85 96
850 87 89
851 87 103
852 87 104
853 87 111
854 88 92
855 88 94
856 88 96
857 88 99
858 89 103
859 89 104
860 89 111
861 90 96
862 90 100
863 90 101
864 90 110
865 91 96
866 92 94
867 93 96
868 94 101
869 95 107
870 95 109
871 95 113
872 96 101
873 96 106
874 96 112
875 98 99
876 100 110
877 103 104
878 103 111
879 104 111
880 105 112
881 107 113
