1 1 4
2 1 5
3 1 6
4 1 9
5 1 15
6 1 26
7 1 32
8 1 38
9 1 39
10 1 42
11 1 43
12 1 45
13 1 72
14 1 73
15 1 77
16 1 80
17 1 84
18 1 85
19 2 5
20 2 10
21 2 20
22 2 38
23 2 39
24 2 40
25 2 41
26 2 49
27 2 51
28 2 74
29 2 81
30 2 84
31 2 85
32 2 96
33 3 5
34 3 7
35 3 8
36 3 10
37 3 12
38 3 16
39 3 23
40 3 25
41 3 26
42 3 27
43 3 32
44 3 38
45 3 46
46 3 54
47 3 58
48 3 61
49 3 65
50 3 67
51 3 81
52 3 82
53 3 87
54 3 89
55 3 93
56 3 103
57 3 104
58 3 111
59 4 5
60 4 7
61 4 10
62 4 12
63 4 14
64 4 15
65 4 16
66 4 17
67 4 19
68 4 21
69 4 22
70 4 26
71 4 28
72 4 29
73 4 30
74 4 31
75 4 32
76 4 33
77 4 34
78 4 35
79 4 38
80 4 39
81 4 40
82 4 41
83 4 42
84 4 43
85 4 45
86 4 49
87 4 50
88 4 51
89 4 56
90 4 57
91 4 59
92 4 60
93 4 62
94 4 69
95 4 72
96 4 73
97 4 74
98 4 75
99 4 77
100 4 78
101 4 79
102 4 81
103 4 82
104 4 83
105 4 84
106 4 85
107 4 88
108 4 90
109 4 91
110 4 92
111 4 94
112 4 96
113 4 99
114 4 101
115 4 110
116 4 112
117 5 6
118 5 9
119 5 10
120 5 12
121 5 14
122 5 15
123 5 16
124 5 17
125 5 19
126 5 20
127 5 21
128 5 22
129 5 26
130 5 28
131 5 29
132 5 30
133 5 31
134 5 32
135 5 33
136 5 34
137 5 35
138 5 36
139 5 38
140 5 39
141 5 40
142 5 41
143 5 42
144 5 43
145 5 50
146 5 51
147 5 61
148 5 63
149 5 69
150 5 72
151 5 73
152 5 74
153 5 78
154 5 79
155 5 80
156 5 81
157 5 82
158 5 84
159 5 85
160 5 86
161 5 88
162 5 90
163 5 92
164 5 94
165 5 96
166 5 101
167 5 110
168 6 9
169 6 32
170 6 72
171 6 73
172 6 80
173 6 81
174 6 84
175 6 88
176 6 110
177 7 10
178 7 12
179 7 14
180 7 16
181 7 17
182 7 19
183 7 21
184 7 22
185 7 26
186 7 28
187 7 29
188 7 30
189 7 31
190 7 32
191 7 33
192 7 34
193 7 35
194 7 36
195 7 37
196 7 38
197 7 39
198 7 40
199 7 42
200 7 43
201 7 45
202 7 48
203 7 51
204 7 52
205 7 56
206 7 59
207 7 60
208 7 62
209 7 72
210 7 74
211 7 78
212 7 79
213 7 81
214 7 82
215 7 84
216 7 88
217 7 90
218 7 91
219 7 92
220 7 93
221 7 94
222 7 96
223 7 99
224 7 101
225 7 110
226 8 23
227 8 25
228 8 27
229 8 54
230 8 58
231 8 67
232 8 87
233 8 89
234 8 103
235 8 104
236 8 111
237 9 12
238 9 19
239 9 31
240 9 32
241 9 39
242 9 73
243 9 77
244 9 80
245 9 82
246 9 84
247 9 85
248 9 90
249 9 101
250 10 12
251 10 14
252 10 15
253 10 16
254 10 17
255 10 19
256 10 20
257 10 21
258 10 22
259 10 24
260 10 25
261 10 26
262 10 28
263 10 29
264 10 30
265 10 31
266 10 32
267 10 33
268 10 34
269 10 35
270 10 36
271 10 37
272 10 38
273 10 39
274 10 40
275 10 41
276 10 42
277 10 43
278 10 44
279 10 45
280 10 47
281 10 48
282 10 49
283 10 50
284 10 51
285 10 52
286 10 53
287 10 55
288 10 56
289 10 59
290 10 60
291 10 61
292 10 62
293 10 63
294 10 66
295 10 67
296 10 69
297 10 70
298 10 71
299 10 72
300 10 73
301 10 74
302 10 75
303 10 76
304 10 77
305 10 78
306 10 79
307 10 80
308 10 81
309 10 82
310 10 83
311 10 84
312 10 85
313 10 86
314 10 87
315 10 88
316 10 89
317 10 90
318 10 91
319 10 92
320 10 93
321 10 94
322 10 95
323 10 96
324 10 97
325 10 99
326 10 101
327 10 102
328 10 106
329 10 107
330 10 110
331 10 112
332 10 113
333 11 14
334 11 28
335 11 33
336 11 39
337 11 40
338 11 43
339 11 45
340 11 61
341 11 72
342 11 84
343 11 96
344 11 97
345 11 108
346 12 14
347 12 15
348 12 16
349 12 17
350 12 19
351 12 20
352 12 21
353 12 26
354 12 28
355 12 29
356 12 30
357 12 31
358 12 32
359 12 33
360 12 34
361 12 38
362 12 39
363 12 40
364 12 42
365 12 43
366 12 45
367 12 49
368 12 51
369 12 56
370 12 61
371 12 62
372 12 66
373 12 69
374 12 74
375 12 75
376 12 77
377 12 78
378 12 80
379 12 81
380 12 82
381 12 84
382 12 85
383 12 88
384 12 90
385 12 91
386 12 92
387 12 93
388 12 96
389 12 100
390 12 101
391 12 108
392 12 110
393 12 112
394 12 113
395 13 37
396 13 44
397 13 47
398 13 48
399 13 52
400 13 55
401 13 61
402 13 64
403 13 70
404 13 71
405 13 76
406 13 85
407 13 105
408 13 112
409 14 15
410 14 16
411 14 17
412 14 19
413 14 20
414 14 21
415 14 26
416 14 28
417 14 29
418 14 30
419 14 31
420 14 32
421 14 33
422 14 34
423 14 35
424 14 38
425 14 39
426 14 40
427 14 42
428 14 43
429 14 45
430 14 49
431 14 50
432 14 51
433 14 55
434 14 59
435 14 60
436 14 62
437 14 63
438 14 69
439 14 72
440 14 73
441 14 74
442 14 75
443 14 77
444 14 78
445 14 81
446 14 82
447 14 83
448 14 84
449 14 85
450 14 86
451 14 88
452 14 90
453 14 91
454 14 92
455 14 96
456 14 99
457 14 101
458 14 110
459 14 112
460 15 16
461 15 17
462 15 21
463 15 28
464 15 29
465 15 30
466 15 31
467 15 32
468 15 33
469 15 35
470 15 39
471 15 40
472 15 41
473 15 42
474 15 43
475 15 45
476 15 49
477 15 50
478 15 51
479 15 56
480 15 59
481 15 60
482 15 61
483 15 63
484 15 72
485 15 73
486 15 74
487 15 77
488 15 78
489 15 80
490 15 81
491 15 82
492 15 84
493 15 85
494 15 88
495 15 96
496 15 97
497 15 99
498 15 101
499 15 108
500 16 17
501 16 19
502 16 20
503 16 21
504 16 24
505 16 26
506 16 28
507 16 29
508 16 30
509 16 31
510 16 32
511 16 33
512 16 34
513 16 35
514 16 36
515 16 38
516 16 39
517 16 40
518 16 41
519 16 42
520 16 43
521 16 45
522 16 47
523 16 49
524 16 50
525 16 51
526 16 55
527 16 56
528 16 59
529 16 60
530 16 61
531 16 62
532 16 63
533 16 69
534 16 70
535 16 72
536 16 73
537 16 74
538 16 75
539 16 76
540 16 77
541 16 78
542 16 79
543 16 81
544 16 82
545 16 83
546 16 84
547 16 85
548 16 86
549 16 88
550 16 90
551 16 91
552 16 92
553 16 93
554 16 94
555 16 95
556 16 96
557 16 99
558 16 100
559 16 101
560 16 106
561 16 107
562 16 108
563 16 110
564 16 112
565 16 113
566 17 19
567 17 20
568 17 21
569 17 26
570 17 28
571 17 29
572 17 30
573 17 31
574 17 32
575 17 33
576 17 35
577 17 36
578 17 38
579 17 39
580 17 40
581 17 41
582 17 42
583 17 43
584 17 45
585 17 50
586 17 51
587 17 56
588 17 59
589 17 60
590 17 69
591 17 72
592 17 74
593 17 75
594 17 77
595 17 78
596 17 81
597 17 82
598 17 83
599 17 84
600 17 85
601 17 88
602 17 90
603 17 91
604 17 94
605 17 96
606 17 100
607 17 101
608 17 102
609 17 106
610 17 110
611 18 63
612 19 20
613 19 21
614 19 26
615 19 28
616 19 29
617 19 31
618 19 32
619 19 33
620 19 34
621 19 35
622 19 38
623 19 39
624 19 40
625 19 42
626 19 43
627 19 45
628 19 49
629 19 50
630 19 51
631 19 56
632 19 61
633 19 62
634 19 66
635 19 67
636 19 72
637 19 74
638 19 77
639 19 78
640 19 80
641 19 81
642 19 82
643 19 84
644 19 85
645 19 87
646 19 88
647 19 90
648 19 91
649 19 92
650 19 94
651 19 96
652 19 100
653 19 101
654 19 104
655 19 108
656 19 110
657 19 111
658 20 21
659 20 26
660 20 30
661 20 32
662 20 35
663 20 38
664 20 39
665 20 40
666 20 41
667 20 43
668 20 49
669 20 74
670 20 81
671 20 82
672 20 84
673 20 85
674 20 90
675 20 93
676 20 94
677 20 96
678 21 28
679 21 29
680 21 30
681 21 31
682 21 32
683 21 33
684 21 35
685 21 36
686 21 39
687 21 40
688 21 42
689 21 43
690 21 45
691 21 59
692 21 60
693 21 61
694 21 62
695 21 72
696 21 73
697 21 74
698 21 77
699 21 78
700 21 79
701 21 80
702 21 81
703 21 82
704 21 84
705 21 90
706 21 91
707 21 92
708 21 96
709 21 102
710 21 110
711 21 112
712 22 24
713 22 29
714 22 30
715 22 32
716 22 33
717 22 35
718 22 36
719 22 39
720 22 42
721 22 53
722 22 56
723 22 62
724 22 68
725 22 72
726 22 78
727 22 82
728 22 84
729 22 86
730 22 88
731 22 92
732 22 93
733 22 96
734 23 25
735 23 27
736 23 46
737 23 54
738 23 58
739 23 65
740 23 67
741 23 87
742 23 89
743 23 103
744 23 104
745 23 111
746 24 29
747 24 31
748 24 32
749 24 33
750 24 35
751 24 42
752 24 53
753 24 62
754 24 68
755 24 78
756 24 84
757 24 86
758 25 27
759 25 32
760 25 46
761 25 54
762 25 58
763 25 65
764 25 67
765 25 74
766 25 87
767 25 89
768 25 96
769 25 103
770 25 104
771 25 111
772 26 28
773 26 29
774 26 30
775 26 31
776 26 32
777 26 33
778 26 36
779 26 37
780 26 38
781 26 39
782 26 40
783 26 41
784 26 42
785 26 43
786 26 45
787 26 48
788 26 49
789 26 51
790 26 52
791 26 56
792 26 59
793 26 60
794 26 62
795 26 72
796 26 73
797 26 74
798 26 77
799 26 78
800 26 80
801 26 81
802 26 82
803 26 84
804 26 85
805 26 88
806 26 90
807 26 91
808 26 93
809 26 94
810 26 96
811 26 99
812 26 100
813 26 101
814 26 104
815 26 106
816 26 108
817 26 110
818 26 111
819 26 112
820 27 46
821 27 54
822 27 58
823 27 65
824 27 67
825 27 87
826 27 89
827 27 103
828 27 104
829 27 111
830 28 29
831 28 30
832 28 31
833 28 32
834 28 33
835 28 35
836 28 36
837 28 38
838 28 39
839 28 40
840 28 42
841 28 43
842 28 45
843 28 49
844 28 51
845 28 56
846 28 59
847 28 60
848 28 63
849 28 69
850 28 72
851 28 73
852 28 74
853 28 75
854 28 77
855 28 78
856 28 81
857 28 82
858 28 83
859 28 84
860 28 85
861 28 88
862 28 90
863 28 91
864 28 94
865 28 96
866 28 101
867 28 102
868 28 108
869 28 113
870 29 30
871 29 31
872 29 32
873 29 33
874 29 34
875 29 35
876 29 36
877 29 38
878 29 39
879 29 40
880 29 42
881 29 43
882 29 45
883 29 50
884 29 51
885 29 56
886 29 59
887 29 60
888 29 62
889 29 72
890 29 73
891 29 74
892 29 77
893 29 78
894 29 79
895 29 81
896 29 82
897 29 84
898 29 86
899 29 88
900 29 90
901 29 91
902 29 92
903 29 93
904 29 94
905 29 96
906 29 98
907 29 99
908 29 101
909 29 110
910 29 112
911 30 31
912 30 32
913 30 33
914 30 34
915 30 35
916 30 36
917 30 38
918 30 39
919 30 40
920 30 42
921 30 43
922 30 45
923 30 47
924 30 55
925 30 56
926 30 62
927 30 72
928 30 76
929 30 78
930 30 79
931 30 81
932 30 82
933 30 83
934 30 84
935 30 85
936 30 86
937 30 88
938 30 91
939 30 92
940 30 93
941 30 94
942 30 96
943 30 101
944 30 106
945 30 112
946 31 32
947 31 33
948 31 34
949 31 35
950 31 38
951 31 39
952 31 40
953 31 42
954 31 43
955 31 44
956 31 45
957 31 56
958 31 62
959 31 72
960 31 74
961 31 77
962 31 78
963 31 79
964 31 81
965 31 82
966 31 83
967 31 84
968 31 85
969 31 88
970 31 90
971 31 92
972 31 93
973 31 94
974 31 96
975 31 101
976 31 106
977 31 112
978 32 33
979 32 34
980 32 35
981 32 36
982 32 38
983 32 39
984 32 40
985 32 42
986 32 43
987 32 45
988 32 49
989 32 50
990 32 51
991 32 53
992 32 56
993 32 59
994 32 60
995 32 61
996 32 62
997 32 67
998 32 68
999 32 72
1000 32 73
1001 32 74
1002 32 77
1003 32 78
1004 32 80
1005 32 81
1006 32 82
1007 32 83
1008 32 84
1009 32 85
1010 32 86
1011 32 87
1012 32 88
1013 32 89
1014 32 90
1015 32 91
1016 32 92
1017 32 93
1018 32 94
1019 32 95
1020 32 96
1021 32 99
1022 32 101
1023 32 102
1024 32 104
1025 32 106
1026 32 107
1027 32 110
1028 32 111
1029 32 112
1030 32 113
1031 33 34
1032 33 35
1033 33 36
1034 33 38
1035 33 39
1036 33 40
1037 33 42
1038 33 43
1039 33 45
1040 33 50
1041 33 51
1042 33 56
1043 33 59
1044 33 60
1045 33 61
1046 33 63
1047 33 69
1048 33 72
1049 33 73
1050 33 74
1051 33 75
1052 33 77
1053 33 78
1054 33 79
1055 33 80
1056 33 81
1057 33 82
1058 33 83
1059 33 84
1060 33 85
1061 33 88
1062 33 90
1063 33 91
1064 33 92
1065 33 93
1066 33 94
1067 33 96
1068 33 97
1069 33 99
1070 33 101
1071 33 106
1072 33 107
1073 33 110
1074 33 112
1075 33 113
1076 34 35
1077 34 39
1078 34 40
1079 34 42
1080 34 51
1081 34 56
1082 34 59
1083 34 60
1084 34 62
1085 34 72
1086 34 74
1087 34 78
1088 34 79
1089 34 81
1090 34 82
1091 34 84
1092 34 88
1093 34 90
1094 34 92
1095 34 94
1096 34 96
1097 34 98
1098 34 99
1099 34 112
1100 35 36
1101 35 39
1102 35 40
1103 35 42
1104 35 43
1105 35 44
1106 35 45
1107 35 47
1108 35 51
1109 35 55
1110 35 56
1111 35 61
1112 35 62
1113 35 70
1114 35 72
1115 35 74
1116 35 76
1117 35 77
1118 35 78
1119 35 79
1120 35 81
1121 35 82
1122 35 83
1123 35 84
1124 35 85
1125 35 86
1126 35 88
1127 35 90
1128 35 92
1129 35 93
1130 35 94
1131 35 96
1132 35 101
1133 35 106
1134 35 112
1135 36 38
1136 36 39
1137 36 42
1138 36 43
1139 36 45
1140 36 62
1141 36 68
1142 36 72
1143 36 73
1144 36 74
1145 36 77
1146 36 78
1147 36 79
1148 36 80
1149 36 81
1150 36 82
1151 36 84
1152 36 86
1153 36 88
1154 36 96
1155 36 98
1156 36 102
1157 36 106
1158 37 38
1159 37 43
1160 37 44
1161 37 47
1162 37 48
1163 37 50
1164 37 52
1165 37 55
1166 37 64
1167 37 70
1168 37 71
1169 37 76
1170 37 82
1171 37 93
1172 37 96
1173 37 105
1174 37 112
1175 38 39
1176 38 40
1177 38 41
1178 38 42
1179 38 43
1180 38 45
1181 38 48
1182 38 49
1183 38 51
1184 38 52
1185 38 56
1186 38 59
1187 38 60
1188 38 62
1189 38 73
1190 38 74
1191 38 77
1192 38 78
1193 38 80
1194 38 81
1195 38 82
1196 38 84
1197 38 85
1198 38 88
1199 38 90
1200 38 91
1201 38 93
1202 38 94
1203 38 96
1204 38 99
1205 38 100
1206 38 101
1207 38 104
1208 38 106
1209 38 110
1210 38 111
1211 38 112
1212 39 40
1213 39 41
1214 39 42
1215 39 43
1216 39 45
1217 39 49
1218 39 50
1219 39 51
1220 39 56
1221 39 59
1222 39 60
1223 39 61
1224 39 62
1225 39 63
1226 39 69
1227 39 72
1228 39 73
1229 39 74
1230 39 75
1231 39 77
1232 39 78
1233 39 79
1234 39 80
1235 39 81
1236 39 82
1237 39 83
1238 39 84
1239 39 85
1240 39 86
1241 39 88
1242 39 90
1243 39 91
1244 39 92
1245 39 94
1246 39 95
1247 39 96
1248 39 97
1249 39 99
1250 39 101
1251 39 107
1252 39 108
1253 39 110
1254 39 112
1255 39 113
1256 40 42
1257 40 43
1258 40 45
1259 40 49
1260 40 51
1261 40 56
1262 40 59
1263 40 60
1264 40 61
1265 40 62
1266 40 67
1267 40 69
1268 40 72
1269 40 73
1270 40 74
1271 40 75
1272 40 77
1273 40 78
1274 40 81
1275 40 82
1276 40 83
1277 40 84
1278 40 85
1279 40 86
1280 40 87
1281 40 88
1282 40 90
1283 40 91
1284 40 92
1285 40 93
1286 40 94
1287 40 96
1288 40 99
1289 40 101
1290 40 104
1291 40 106
1292 40 108
1293 40 110
1294 40 111
1295 40 112
1296 41 49
1297 41 74
1298 41 81
1299 41 82
1300 41 85
1301 41 96
1302 42 43
1303 42 45
1304 42 51
1305 42 56
1306 42 62
1307 42 72
1308 42 73
1309 42 74
1310 42 77
1311 42 78
1312 42 79
1313 42 81
1314 42 82
1315 42 83
1316 42 84
1317 42 86
1318 42 88
1319 42 90
1320 42 92
1321 42 93
1322 42 94
1323 42 96
1324 42 101
1325 42 102
1326 42 106
1327 42 112
1328 43 45
1329 43 48
1330 43 49
1331 43 50
1332 43 52
1333 43 61
1334 43 62
1335 43 63
1336 43 69
1337 43 71
1338 43 72
1339 43 73
1340 43 74
1341 43 77
1342 43 78
1343 43 80
1344 43 81
1345 43 82
1346 43 83
1347 43 84
1348 43 85
1349 43 88
1350 43 90
1351 43 91
1352 43 92
1353 43 93
1354 43 94
1355 43 95
1356 43 96
1357 43 97
1358 43 101
1359 43 102
1360 43 106
1361 43 107
1362 43 108
1363 43 109
1364 43 110
1365 43 112
1366 43 113
1367 44 47
1368 44 48
1369 44 52
1370 44 55
1371 44 70
1372 44 71
1373 44 76
1374 44 83
1375 44 112
1376 45 49
1377 45 50
1378 45 51
1379 45 56
1380 45 59
1381 45 60
1382 45 63
1383 45 69
1384 45 72
1385 45 73
1386 45 74
1387 45 75
1388 45 77
1389 45 78
1390 45 81
1391 45 82
1392 45 83
1393 45 84
1394 45 85
1395 45 88
1396 45 91
1397 45 94
1398 45 96
1399 45 99
1400 45 101
1401 45 102
1402 45 107
1403 45 108
1404 45 112
1405 45 113
1406 46 58
1407 46 65
1408 46 67
1409 46 87
1410 46 89
1411 46 103
1412 46 104
1413 46 111
1414 47 48
1415 47 52
1416 47 55
1417 47 62
1418 47 64
1419 47 70
1420 47 71
1421 47 76
1422 47 85
1423 47 105
1424 47 112
1425 48 50
1426 48 52
1427 48 55
1428 48 64
1429 48 70
1430 48 71
1431 48 76
1432 48 82
1433 48 93
1434 48 96
1435 48 105
1436 48 112
1437 49 69
1438 49 74
1439 49 81
1440 49 82
1441 49 84
1442 49 85
1443 49 90
1444 49 96
1445 49 112
1446 50 51
1447 50 52
1448 50 55
1449 50 57
1450 50 61
1451 50 69
1452 50 72
1453 50 74
1454 50 78
1455 50 81
1456 50 82
1457 50 83
1458 50 84
1459 50 91
1460 50 93
1461 50 96
1462 50 110
1463 51 56
1464 51 57
1465 51 69
1466 51 72
1467 51 74
1468 51 75
1469 51 78
1470 51 81
1471 51 82
1472 51 83
1473 51 84
1474 51 90
1475 51 91
1476 51 94
1477 51 96
1478 51 101
1479 51 110
1480 52 55
1481 52 64
1482 52 70
1483 52 71
1484 52 76
1485 52 82
1486 52 93
1487 52 96
1488 52 105
1489 52 112
1490 53 62
1491 53 68
1492 53 82
1493 53 86
1494 54 58
1495 54 67
1496 54 87
1497 54 89
1498 54 103
1499 54 104
1500 54 111
1501 55 64
1502 55 70
1503 55 71
1504 55 76
1505 55 85
1506 55 93
1507 55 96
1508 55 105
1509 55 112
1510 56 59
1511 56 60
1512 56 62
1513 56 68
1514 56 72
1515 56 74
1516 56 78
1517 56 79
1518 56 81
1519 56 82
1520 56 84
1521 56 86
1522 56 88
1523 56 92
1524 56 94
1525 56 96
1526 56 99
1527 56 101
1528 56 110
1529 57 75
1530 57 91
1531 57 96
1532 58 65
1533 58 67
1534 58 87
1535 58 89
1536 58 103
1537 58 104
1538 58 111
1539 59 60
1540 59 72
1541 59 74
1542 59 78
1543 59 81
1544 59 82
1545 59 84
1546 59 88
1547 59 91
1548 59 92
1549 59 94
1550 59 96
1551 59 98
1552 59 99
1553 60 72
1554 60 74
1555 60 78
1556 60 81
1557 60 82
1558 60 84
1559 60 88
1560 60 91
1561 60 92
1562 60 94
1563 60 96
1564 60 98
1565 60 99
1566 61 63
1567 61 67
1568 61 72
1569 61 73
1570 61 78
1571 61 80
1572 61 81
1573 61 82
1574 61 84
1575 61 87
1576 61 88
1577 61 95
1578 61 96
1579 61 97
1580 61 101
1581 61 107
1582 61 108
1583 61 109
1584 61 112
1585 61 113
1586 62 68
1587 62 70
1588 62 74
1589 62 76
1590 62 78
1591 62 79
1592 62 81
1593 62 82
1594 62 83
1595 62 84
1596 62 85
1597 62 86
1598 62 88
1599 62 90
1600 62 93
1601 62 94
1602 62 96
1603 63 74
1604 63 81
1605 63 82
1606 63 95
1607 63 96
1608 63 107
1609 63 113
1610 64 70
1611 64 76
1612 64 105
1613 64 112
1614 65 67
1615 65 87
1616 65 89
1617 65 103
1618 65 104
1619 65 111
1620 66 90
1621 66 100
1622 66 110
1623 67 74
1624 67 82
1625 67 84
1626 67 87
1627 67 89
1628 67 96
1629 67 103
1630 67 104
1631 67 111
1632 68 78
1633 68 86
1634 68 88
1635 69 72
1636 69 74
1637 69 81
1638 69 82
1639 69 84
1640 69 96
1641 69 100
1642 70 71
1643 70 76
1644 70 85
1645 70 105
1646 70 112
1647 71 76
1648 71 81
1649 71 93
1650 72 73
1651 72 74
1652 72 77
1653 72 78
1654 72 79
1655 72 80
1656 72 81
1657 72 82
1658 72 83
1659 72 84
1660 72 85
1661 72 86
1662 72 88
1663 72 90
1664 72 91
1665 72 92
1666 72 94
1667 72 96
1668 72 101
1669 72 106
1670 72 110
1671 72 112
1672 73 74
1673 73 77
1674 73 80
1675 73 81
1676 73 82
1677 73 84
1678 73 85
1679 73 88
1680 73 90
1681 73 94
1682 73 96
1683 73 101
1684 74 75
1685 74 77
1686 74 78
1687 74 81
1688 74 82
1689 74 83
1690 74 84
1691 74 85
1692 74 87
1693 74 88
1694 74 89
1695 74 90
1696 74 91
1697 74 92
1698 74 94
1699 74 96
1700 74 99
1701 74 101
1702 74 102
1703 74 104
1704 74 110
1705 74 111
1706 74 112
1707 74 113
1708 75 81
1709 75 82
1710 75 84
1711 75 91
1712 75 96
1713 75 110
1714 76 85
1715 76 105
1716 76 112
1717 77 78
1718 77 80
1719 77 82
1720 77 84
1721 77 90
1722 77 96
1723 77 102
1724 77 112
1725 78 79
1726 78 81
1727 78 82
1728 78 83
1729 78 84
1730 78 85
1731 78 86
1732 78 88
1733 78 90
1734 78 91
1735 78 92
1736 78 93
1737 78 94
1738 78 96
1739 78 98
1740 78 99
1741 78 101
1742 78 110
1743 78 112
1744 79 82
1745 79 84
1746 79 88
1747 79 92
1748 79 94
1749 79 96
1750 79 101
1751 80 82
1752 80 84
1753 80 96
1754 80 101
1755 81 82
1756 81 83
1757 81 84
1758 81 85
1759 81 88
1760 81 90
1761 81 91
1762 81 92
1763 81 93
1764 81 94
1765 81 96
1766 81 98
1767 81 99
1768 81 101
1769 81 102
1770 81 104
1771 81 106
1772 81 110
1773 81 111
1774 81 112
1775 81 113
1776 82 83
1777 82 84
1778 82 85
1779 82 86
1780 82 87
1781 82 88
1782 82 90
1783 82 91
1784 82 92
1785 82 93
1786 82 94
1787 82 95
1788 82 96
1789 82 98
1790 82 99
1791 82 101
1792 82 102
1793 82 104
1794 82 106
1795 82 107
1796 82 110
1797 82 111
1798 82 113
1799 83 84
1800 83 86
1801 83 90
1802 83 91
1803 83 96
1804 83 101
1805 84 85
1806 84 86
1807 84 87
1808 84 88
1809 84 90
1810 84 92
1811 84 94
1812 84 96
1813 84 97
1814 84 99
1815 84 101
1816 84 102
1817 84 110
1818 84 112
1819 85 90
1820 85 93
1821 85 96
1822 85 110
1823 85 112
1824 86 88
1825 86 93
1826 86 96
1827 87 89
1828 87 96
1829 87 103
1830 87 104
1831 87 111
1832 88 90
1833 88 91
1834 88 92
1835 88 93
1836 88 94
1837 88 96
1838 88 99
1839 88 101
1840 88 110
1841 88 112
1842 89 96
1843 89 103
1844 89 104
1845 89 111
1846 90 91
1847 90 92
1848 90 94
1849 90 96
1850 90 100
1851 90 101
1852 90 110
1853 91 96
1854 91 110
1855 92 93
1856 92 94
1857 92 96
1858 92 99
1859 92 101
1860 92 110
1861 93 94
1862 93 96
1863 93 104
1864 93 111
1865 93 112
1866 94 96
1867 94 99
1868 94 101
1869 95 107
1870 95 108
1871 95 109
1872 95 113
1873 96 99
1874 96 101
1875 96 104
1876 96 106
1877 96 108
1878 96 110
1879 96 111
1880 96 112
1881 97 101
1882 97 108
1883 98 99
1884 100 110
1885 101 106
1886 101 110
1887 101 112
1888 101 113
1889 103 104
1890 103 111
1891 104 110
1892 104 111
1893 105 112
1894 107 109
1895 107 113
1896 110 111
