1 13 108
2 74 106
3 75 104
4 8 63
5 104 115
6 16 47
7 72 92
8 41 57
9 22 117
10 78 86
11 12 59
12 20 75
13 41 74
14 10 97
15 49 58
16 13 20
17 59 97
18 60 81
19 23 95
20 8 87
21 116 118
22 45 78
23 84 95
24 14 77
25 18 112
26 38 119
27 21 37
28 80 116
29 33 34
30 54 87
31 2 73
32 78 89
33 79 85
34 103 115
35 20 82
36 76 87
37 77 95
38 5 93
39 10 104
40 67 89
41 34 114
42 35 96
43 3 11
44 25 58
45 45 71
46 84 102
47 71 93
48 57 60
49 38 110
50 75 102
51 95 107
52 7 15
53 63 114
54 100 102
55 1 82
56 41 43
57 5 53
58 79 82
59 12 41
60 103 104
61 37 63
62 76 78
63 35 105
64 3 112
65 85 89
66 32 91
67 33 67
68 70 72
69 21 55
70 4 17
71 80 98
72 44 120
73 12 81
74 16 20
75 41 44
76 79 91
77 9 59
78 12 32
79 51 71
80 15 117
81 112 119
82 24 99
83 6 87
84 67 71
85 35 110
86 91 93
87 59 116
88 8 76
89 65 109
90 85 98
91 32 82
92 71 83
93 18 93
94 1 51
95 57 78
96 43 111
97 63 96
98 29 48
99 104 111
100 72 120
101 73 78
102 37 80
103 2 82
104 61 74
105 30 49
106 34 44
107 15 114
108 20 111
109 23 99
110 8 115
111 89 104
112 71 72
113 18 84
114 1 52
115 4 7
116 44 110
117 69 114
118 36 77
119 58 62
120 22 40
121 27 95
122 30 56
123 88 95
124 20 118
125 10 12
126 30 75
127 23 120
128 85 116
129 32 96
130 33 86
131 89 113
132 1 13
133 58 86
134 21 66
135 26 63
136 73 120
137 19 20
138 37 66
139 97 98
140 34 62
141 24 120
142 42 46
143 38 50
144 3 108
145 8 97
146 29 106
147 32 103
148 33 111
149 14 59
150 53 100
151 1 6
152 58 81
153 21 75
154 22 75
155 43 82
156 11 109
157 73 97
158 19 29
159 2 63
160 22 58
161 5 18
162 17 23
163 23 25
164 6 51
165 25 119
166 81 114
167 10 62
168 43 58
169 8 104
170 33 96
171 110 118
172 44 91
173 15 33
174 27 34
175 10 86
176 25 120
177 10 57
178 18 41
179 8 111
180 65 66
181 83 89
182 46 79
183 17 112
184 9 65
185 118 120
186 34 75
187 15 95
188 24 77
189 81 108
190 82 114
191 10 32
192 50 75
193 13 85
194 75 81
195 38 39
196 3 67
197 33 114
198 115 119
199 78 105
200 7 87
201 68 71
202 69 95
203 41 99
204 42 115
205 5 13
206 62 118
207 86 104
208 34 66
209 25 74
210 82 109
211 74 76
212 75 86
213 3 72
214 114 118
215 22 87
216 78 112
217 79 98
218 44 64
219 12 25
220 2 3
221 9 115
222 10 67
223 66 100
224 47 58
225 119 120
226 52 55
227 20 24
228 59 79
229 23 61
230 25 83
231 82 100
232 106 110
233 14 111
234 107 116
235 7 52
236 89 95
237 21 104
238 48 58
239 16 83
240 56 74
241 37 104
242 61 114
243 62 96
244 9 116
245 67 119
246 87 104
247 34 84
248 91 109
249 56 57
250 3 41
251 82 95
252 32 34
253 14 118
254 107 109
255 60 61
256 8 11
257 16 59
258 90 94
259 54 72
260 22 97
261 26 108
262 48 49
263 56 81
264 41 86
265 42 108
266 5 120
267 10 117
268 66 118
269 87 97
270 34 111
271 91 98
272 6 9
273 82 86
274 45 98
275 40 41
276 48 89
277 44 45
278 51 101
279 20 70
280 41 95
281 6 113
282 27 28
283 86 116
284 92 107
285 111 116
286 96 110
287 59 82
288 25 38
289 32 48
290 13 114
291 8 57
292 11 36
293 16 41
294 72 86
295 54 90
296 9 30
297 12 61
298 52 100
299 15 16
300 17 78
301 56 95
302 41 64
303 6 104
304 9 111
305 66 72
306 31 112
307 87 119
308 34 97
309 92 98
310 96 101
311 45 84
312 74 107
313 21 27
314 95 100
315 104 116
316 33 40
317 72 93
318 1 71
319 2 79
320 41 56
321 78 87
322 15 25
323 19 90
324 20 84
325 45 60
326 66 67
327 34 120
328 3 5
329 60 82
330 23 94
331 116 119
332 45 77
333 32 78
334 70 95
335 53 61
336 18 113
337 57 58
338 38 116
339 21 36
340 95 109
341 100 120
342 63 116
343 29 36
344 105 115
345 16 39
346 2 70
347 79 84
348 26 64
349 17 56
350 56 109
351 20 83
352 76 80
353 42 64
354 5 92
355 49 50
356 34 115
357 3 10
358 64 108
359 85 95
360 14 85
361 38 111
362 95 106
363 43 112
364 105 116
365 33 58
366 1 81
367 41 42
368 5 52
369 26 75
370 103 107
371 15 111
372 108 118
373 37 62
374 20 90
375 112 113
376 45 46
377 66 85
378 31 111
379 3 115
380 64 99
381 65 107
382 85 88
383 70 73
384 71 85
385 4 18
386 104 105
387 12 82
388 16 21
389 72 114
390 79 90
391 27 64
392 108 109
393 37 39
394 42 50
395 6 84
396 67 70
397 13 62
398 91 92
399 3 120
400 8 77
401 85 97
402 32 83
403 33 91
404 89 102
405 71 82
406 18 90
407 57 77
408 58 69
409 63 99
410 2 83
411 27 89
412 88 89
413 19 118
414 20 104
415 113 119
416 24 107
417 92 93
418 23 98
419 8 116
420 85 106
421 33 92
422 71 75
423 1 11
424 58 76
425 21 56
426 80 81
427 44 111
428 7 117
429 63 104
430 105 111
431 58 63
432 97 104
433 61 66
434 20 119
435 76 116
436 24 114
437 10 13
438 38 56
439 64 72
440 32 97
441 33 85
442 89 112
443 58 87
444 21 65
445 4 15
446 7 114
447 11 119
448 19 23
449 93 100
450 22 32
451 27 87
452 34 63
453 81 120
454 10 52
455 13 41
456 40 89
457 3 111
458 25 30
459 11 31
460 32 120
461 14 56
462 90 105
463 1 5
464 43 85
465 11 108
466 12 118
467 51 53
468 2 60
469 62 66
470 9 86
471 17 22
472 23 24
473 25 118
474 81 113
475 31 72
476 18 47
477 8 105
478 65 72
479 1 30
480 110 119
481 22 67
482 41 112
483 97 115
484 98 99
485 10 87
486 77 109
487 81 106
488 82 120
489 49 65
490 13 91
491 11 13
492 57 114
493 78 103
494 83 88
495 97 116
496 62 76
497 10 94
498 34 72
499 15 94
500 3 53
501 82 115
502 10 33
503 102 118
504 13 84
505 31 62
506 18 33
507 75 80
508 40 78
509 64 84
510 28 74
511 54 100
512 115 118
513 78 110
514 12 99
515 41 98
516 24 38
517 62 119
518 10 89
519 66 106
520 34 67
521 59 73
522 81 100
523 82 106
524 10 40
525 102 105
526 13 77
527 18 24
528 74 77
529 8 30
530 11 59
531 58 114
532 21 110
533 114 119
534 78 113
535 79 109
536 26 27
537 7 79
538 44 65
539 69 71
540 37 110
541 9 114
542 66 101
543 67 113
544 86 96
545 20 25
546 59 78
547 24 92
548 23 60
549 25 82
550 106 111
551 14 108
552 18 19
553 74 116
554 14 31
555 89 94
556 78 120
557 7 68
558 83 111
559 88 98
560 56 75
561 62 97
562 67 118
563 87 107
564 34 85
565 35 65
566 91 108
567 56 58
568 59 71
569 25 91
570 81 86
571 45 104
572 32 35
573 14 119
574 107 108
575 60 62
576 8 12
577 63 83
578 90 95
579 54 73
580 22 102
581 26 109
582 27 105
583 83 116
584 48 50
585 47 90
586 88 105
587 69 73
588 24 59
589 62 104
590 10 114
591 30 113
592 86 114
593 87 96
594 92 109
595 20 47
596 60 70
597 6 14
598 82 87
599 32 58
600 13 120
601 40 42
602 99 114
603 79 120
604 44 46
605 27 110
606 20 71
607 6 118
608 66 78
609 67 100
610 34 103
611 35 79
612 92 100
613 111 119
614 59 85
615 13 113
616 75 117
617 8 58
618 63 65
619 72 87
620 36 37
621 22 112
622 12 62
623 52 101
624 15 19
625 20 78
626 66 73
627 30 99
628 13 25
629 31 115
630 87 118
631 3 31
632 59 106
633 60 84
634 8 82
635 45 83
636 32 72
637 14 72
638 74 104
639 75 106
640 38 114
641 21 26
642 8 33
643 63 78
644 16 33
645 78 84
646 103 116
647 15 24
648 41 72
649 6 96
650 45 59
651 10 111
652 67 82
653 3 4
654 59 99
655 60 83
656 23 89
657 8 89
658 25 55
659 45 76
660 32 79
661 13 99
662 38 117
663 8 40
664 63 119
665 11 85
666 2 71
667 78 95
668 79 87
669 26 65
670 27 117
671 103 109
672 108 120
673 20 92
674 76 81
675 42 65
676 10 22
677 67 91
678 30 109
679 31 97
680 34 112
681 3 13
682 23 86
683 25 56
684 64 109
685 117 119
686 85 94
687 71 95
688 57 66
689 21 44
690 4 20
691 43 115
692 29 60
693 12 84
694 103 106
695 56 117
696 112 114
697 20 91
698 5 68
699 10 17
700 66 82
701 35 107
702 3 114
703 65 106
704 33 65
705 71 84
706 4 19
707 43 104
708 104 106
709 12 83
710 16 22
711 22 28
712 9 57
713 12 34
714 15 119
715 17 41
716 108 110
717 19 112
718 37 38
719 109 120
720 67 73
721 31 87
722 91 95
723 8 78
724 65 99
725 32 84
726 33 90
727 14 36
728 18 91
729 57 76
730 58 66
731 21 62
732 80 91
733 63 98
734 11 120
735 54 62
736 2 80
737 22 23
738 9 34
739 34 42
740 37 47
741 113 118
742 42 58
743 67 78
744 92 94
745 3 96
746 4 114
747 8 117
748 64 114
749 33 83
750 89 110
751 90 100
752 1 10
753 58 77
754 80 82
755 44 104
756 105 110
757 72 97
758 58 60
759 97 111
760 62 81
761 27 81
762 17 27
763 40 83
764 64 73
765 33 84
766 1 3
767 58 84
768 21 64
769 44 103
770 11 118
771 19 22
772 37 64
773 22 33
774 42 44
775 25 108
776 6 62
777 13 40
778 8 99
779 65 118
780 11 30
781 14 57
782 89 120
783 1 4
784 11 111
785 12 119
786 51 52
787 16 114
788 72 111
789 22 56
790 62 67
791 9 85
792 23 27
793 25 117
794 81 112
795 49 79
796 13 33
797 4 111
798 64 71
799 28 117
800 11 23
801 32 112
802 110 116
803 57 104
804 44 85
805 19 36
806 2 52
807 97 114
808 34 78
809 55 57
810 6 40
811 81 105
812 49 64
813 106 115
814 11 12
815 90 120
816 43 66
817 83 91
818 62 77
819 10 95
820 86 87
821 87 95
822 15 89
823 24 79
824 23 41
825 81 98
826 82 112
827 13 83
828 14 99
829 107 120
830 40 79
831 28 75
832 33 112
833 1 111
834 78 111
835 46 84
836 69 93
837 15 49
838 17 111
839 2 6
840 62 116
841 86 110
842 59 72
843 24 86
844 23 38
845 82 107
846 102 110
847 13 76
848 14 106
849 107 113
850 18 25
851 4 68
852 8 31
853 29 76
854 58 115
855 114 116
856 68 72
857 69 70
858 16 94
859 17 96
860 19 59
861 67 112
862 86 97
863 20 26
864 3 34
865 25 81
866 82 98
867 106 108
868 14 109
869 107 118
870 74 117
871 63 85
872 89 93
873 44 57
874 48 60
875 56 76
876 19 64
877 34 82
878 56 59
879 20 33
880 3 43
881 25 90
882 6 20
883 81 85
884 14 116
885 60 63
886 8 13
887 63 82
888 90 92
889 22 103
890 26 106
891 44 48
892 69 72
893 16 76
894 24 60
895 9 99
896 10 115
897 66 116
898 86 115
899 20 40
900 60 71
901 23 77
902 6 15
903 82 84
904 28 56
905 13 119
906 38 65
907 21 23
908 39 77
909 40 43
910 95 112
911 72 81
912 21 120
913 26 117
914 27 97
915 15 21
916 20 64
917 5 111
918 6 119
919 87 120
920 34 100
921 111 118
922 3 25
923 28 55
924 13 112
925 70 99
926 74 110
927 75 116
928 38 120
929 39 74
930 8 59
931 63 64
932 48 82
933 36 38
934 78 82
935 27 102
936 15 18
937 17 76
938 20 79
939 9 109
940 66 70
941 31 114
942 87 113
943 3 30
944 59 109
945 60 85
946 96 103
947 8 83
948 45 82
949 74 105
950 75 109
951 21 25
952 95 102
953 80 112
954 8 34
955 63 73
956 104 118
957 33 46
958 72 95
959 73 87
960 54 83
961 78 85
962 103 119
963 6 97
964 45 58
965 10 108
966 34 118
967 3 7
968 84 90
969 13 98
970 70 93
971 38 106
972 39 120
973 95 111
974 8 41
975 99 104
976 63 118
977 48 64
978 105 113
979 2 68
980 9 14
981 103 108
982 20 93
983 76 82
984 42 78
985 5 90
986 67 90
987 30 82
988 31 96
989 34 113
990 23 81
991 116 120
992 64 110
993 117 118
994 33 79
995 70 84
996 38 109
997 43 114
998 7 8
999 29 59
1000 12 85
1001 22 26
1002 79 95
1003 9 55
1004 27 77
1005 108 112
1006 112 115
1007 20 100
1008 77 85
1009 6 83
1010 30 85
1011 3 117
1012 64 101
1013 65 105
1014 1 63
1015 57 74
1016 39 110
1017 26 33
1018 11 66
1019 12 76
1020 104 107
1021 72 116
1022 37 84
1023 22 29
1024 9 56
1025 51 72
1026 19 115
1027 24 102
1028 42 48
1029 10 25
1030 67 72
1031 13 60
1032 91 94
1033 55 76
1034 8 79
1035 117 120
1036 33 89
1037 71 76
1038 58 67
1039 43 96
1040 44 114
1041 63 109
1042 2 81
1043 88 91
1044 34 43
1045 17 33
1046 19 120
1047 20 106
1048 37 46
1049 113 117
1050 24 109
1051 92 95
1052 3 99
1053 4 115
1054 8 118
1055 50 58
1056 33 82
1057 18 83
1058 1 9
1059 58 74
1060 80 83
1061 43 89
1062 7 119
1063 63 106
1064 11 112
1065 105 109
1066 58 61
1067 62 86
1068 52 72
1069 17 26
1070 24 116
1071 6 68
1072 10 11
1073 13 46
1074 55 66
1075 38 62
1076 3 104
1077 23 117
1078 25 27
1079 64 74
1080 90 108
1081 1 2
1082 26 58
1083 44 96
1084 19 25
1085 22 38
1086 27 41
1087 30 38
1088 17 19
1089 20 120
1090 76 109
1091 42 45
1092 6 63
1093 18 50
1094 38 49
1095 3 81
1096 40 91
1097 64 65
1098 29 103
1099 14 62
1100 43 87
1101 44 95
1102 7 101
1103 12 112
1104 51 55
1105 16 115
1106 97 120
1107 98 102
1108 62 64
1109 15 74
1110 17 20
1111 23 26
1112 25 116
1113 10 61
1114 65 78
1115 32 113
1116 44 86
1117 83 85
1118 12 111
1119 19 39
1120 2 53
1121 94 98
1122 62 75
1123 10 85
1124 34 79
1125 15 83
1126 55 56
1127 59 61
1128 6 41
1129 82 118
1130 13 89
1131 106 112
1132 18 36
1133 28 77
1134 83 90
1135 46 82
1136 12 102
1137 17 117
1138 24 33
1139 62 114
1140 10 92
1141 47 49
1142 20 21
1143 6 32
1144 82 113
1145 102 116
1146 13 82
1147 14 96
1148 75 82
1149 43 45
1150 8 25
1151 33 119
1152 21 99
1153 115 120
1154 78 108
1155 46 85
1156 36 107
1157 37 99
1158 2 7
1159 41 96
1160 24 40
1161 66 104
1162 86 111
1163 59 75
1164 24 87
1165 23 33
1166 25 79
1167 81 90
1168 82 104
1169 31 33
1170 14 107
1171 18 22
1172 74 75
1173 11 61
1174 29 75
1175 89 91
1176 58 112
1177 21 108
1178 114 117
1179 78 119
1180 7 73
1181 68 73
1182 16 95
1183 19 58
1184 93 95
1185 9 112
1186 10 78
1187 66 99
1188 67 115
1189 87 108
1190 91 105
1191 20 27
1192 59 64
1193 23 62
1194 81 83
1195 45 109
1196 106 109
1197 14 114
1198 35 43
1199 63 84
1200 89 92
1201 21 117
1202 39 47
1203 79 116
1204 44 58
1205 83 113
1206 47 95
1207 56 77
1208 19 67
1209 62 103
1210 67 120
1211 87 101
1212 34 83
1213 35 67
1214 56 60
1215 60 73
1216 23 55
1217 25 89
1218 81 84
1219 82 90
1220 107 110
1221 8 14
1222 90 93
1223 36 49
1224 1 113
1225 24 61
1226 42 107
1227 62 110
1228 10 112
1229 67 97
1230 34 106
1231 20 41
1232 60 64
1233 25 34
1234 6 12
1235 82 85
1236 13 118
1237 40 44
1238 21 22
1239 39 76
1240 95 115
1241 36 56
1242 54 70
1243 26 114
1244 15 20
1245 19 81
1246 20 65
1247 6 116
1248 66 76
1249 13 30
1250 111 113
1251 96 97
1252 59 87
1253 60 95
1254 25 43
1255 6 7
1256 84 85
1257 13 111
1258 95 120
1259 8 60
1260 63 67
1261 104 112
1262 72 89
1263 36 39
1264 54 89
1265 22 118
1266 78 83
1267 20 72
1268 6 111
1269 9 108
1270 66 71
1271 67 111
1272 87 112
1273 20 63
1274 45 81
1275 13 104
1276 14 78
1277 21 24
1278 39 66
1279 63 72
1280 48 74
1281 11 94
1282 104 119
1283 33 45
1284 103 118
1285 15 26
1286 56 105
1287 19 95
1288 76 84
1289 41 78
1290 45 57
1291 67 84
1292 30 104
1293 34 119
1294 40 114
1295 3 6
1296 23 91
1297 64 104
1298 45 74
1299 13 97
1300 38 107
1301 21 33
1302 48 65
1303 105 112
1304 16 26
1305 73 95
1306 79 81
1307 9 13
1308 27 119
1309 103 111
1310 20 94
1311 24 25
1312 96 118
1313 8 66
1314 28 29
1315 84 98
1316 85 92
1317 33 78
1318 70 85
1319 57 64
1320 21 42
1321 80 111
1322 29 58
1323 33 63
1324 16 17
1325 72 78
1326 41 47
1327 22 27
1328 26 86
1329 108 113
1330 112 116
1331 10 31
1332 40 96
1333 3 116
1334 60 99
1335 65 104
1336 32 95
1337 18 94
1338 39 105
1339 80 102
1340 43 106
1341 44 116
1342 63 103
1343 104 108
1344 33 48
1345 37 83
1346 61 77
1347 15 113
1348 17 47
1349 109 118
1350 19 114
1351 113 115
1352 8 112
1353 65 97
1354 84 112
1355 32 86
1356 89 107
1357 70 71
1358 18 89
1359 58 64
1360 39 102
1361 26 41
1362 44 115
1363 105 107
1364 73 114
1365 54 60
1366 34 40
1367 113 116
1368 24 110
1369 62 63
1370 8 119
1371 33 81
1372 89 108
1373 90 98
1374 1 8
1375 58 75
1376 80 84
1377 11 115
1378 12 67
1379 105 108
1380 72 99
1381 97 109
1382 62 87
1383 9 41
1384 30 60
1385 34 35
1386 17 25
1387 20 114
1388 24 117
1389 49 83
1390 13 45
1391 23 116
1392 25 26
1393 85 112
1394 32 100
1395 33 106
1396 43 81
1397 7 111
1398 11 104
1399 29 30
1400 27 40
1401 15 76
1402 17 18
1403 101 114
1404 74 84
1405 3 80
1406 43 57
1407 64 66
1408 65 116
1409 29 102
1410 14 63
1411 21 87
1412 43 86
1413 46 65
1414 11 97
1415 12 113
1416 68 86
1417 51 54
1418 15 36
1419 2 59
1420 22 62
1421 62 65
1422 106 118
1423 3 89
1424 8 108
1425 32 114
1426 43 79
1427 83 84
1428 17 115
1429 19 38
1430 97 112
1431 5 7
1432 62 72
1433 10 82
1434 55 59
1435 59 60
1436 77 106
1437 81 111
1438 106 113
1439 11 14
1440 21 89
1441 78 106
1442 44 78
1443 46 83
1444 17 116
1445 19 47
1446 94 106
1447 42 116
1448 61 99
1449 62 115
1450 27 63
1451 47 48
1452 15 91
1453 24 81
1454 6 33
1455 81 96
1456 13 81
1457 14 97
1458 106 120
1459 75 85
1460 43 44
1461 8 26
1462 64 87
1463 39 56
1464 78 109
1465 83 98
1466 16 89
1467 37 98
1468 2 4
1469 94 109
1470 41 103
1471 24 41
1472 9 78
1473 10 68
1474 66 105
1475 118 119
1476 86 108
1477 59 74
1478 81 89
1479 82 105
1480 28 45
1481 102 108
1482 31 32
1483 14 104
1484 18 23
1485 38 82
1486 89 90
1487 53 68
1488 21 107
1489 78 116
1490 26 102
1491 7 72
1492 47 81
1493 16 80
1494 15 56
1495 37 107
1496 93 94
1497 41 104
1498 5 114
1499 61 117
1500 9 119
1501 10 79
1502 66 96
1503 67 114
1504 86 103
1505 87 111
1506 59 67
1507 25 87
1508 6 19
1509 81 82
1510 82 96
1511 28 36
1512 102 103
1513 13 67
1514 14 115
1515 35 42
1516 74 115
1517 39 89
1518 63 87
1519 83 112
1520 94 95
1521 41 81
1522 24 55
1523 9 120
1524 10 118
1525 87 100
1526 34 80
1527 56 61
1528 60 74
1529 6 10
1530 38 76
1531 4 52
1532 28 82
1533 36 50
1534 26 104
1535 27 106
1536 16 78
1537 19 75
1538 24 62
1539 42 104
1540 6 114
1541 62 111
1542 9 97
1543 10 113
1544 66 114
1545 67 96
1546 86 113
1547 59 81
1548 23 79
1549 25 33
1550 28 58
1551 13 117
1552 75 113
1553 40 45
1554 95 114
1555 54 71
1556 9 25
1557 15 23
1558 56 92
1559 20 66
1560 41 67
1561 6 117
1562 31 119
1563 20 49
1564 111 112
1565 59 86
1566 28 49
1567 32 52
1568 74 108
1569 21 30
1570 8 61
1571 63 66
1572 104 113
1573 33 43
1574 22 119
1575 78 80
1576 27 120
1577 12 57
1578 103 120
1579 19 89
1580 20 73
1581 45 63
1582 10 99
1583 87 115
1584 20 56
1585 60 87
1586 8 85
1587 45 80
1588 14 79
1589 18 114
1590 21 39
1591 4 33
1592 80 114
1593 8 36
1594 99 101
1595 63 75
1596 48 75
1597 29 39
1598 104 120
1599 33 44
1600 16 36
1601 36 47
1602 9 11
1603 103 113
1604 17 59
1605 56 106
1606 76 85
1607 41 77
1608 5 95
1609 67 87
1610 31 101
1611 34 116
1612 40 115
1613 3 9
1614 59 100
1615 23 90
1616 84 100
1617 14 86
1618 57 62
1619 38 104
1620 4 40
1621 8 43
1622 7 13
1623 99 106
1624 48 66
1625 79 80
1626 26 76
1627 9 12
1628 27 118
1629 103 110
1630 20 95
1631 24 26
1632 66 86
1633 35 103
1634 3 14
1635 96 119
1636 23 83
1637 8 67
1638 25 61
1639 28 30
1640 85 91
1641 32 89
1642 71 88
1643 18 100
1644 21 41
1645 4 23
1646 80 96
1647 43 116
1648 7 10
1649 105 120
1650 68 116
1651 16 18
1652 1 85
1653 41 46
1654 22 24
1655 26 87
1656 51 69
1657 112 117
1658 67 69
1659 35 108
1660 3 119
1661 59 114
1662 23 104
1663 8 74
1664 64 103
1665 65 111
1666 85 100
1667 71 81
1668 18 95
1669 63 102
1670 104 109
1671 12 78
1672 37 82
1673 2 84
1674 61 76
1675 9 62
1676 34 46
1677 52 68
1678 19 117
1679 113 114
1680 24 104
1681 6 72
1682 13 58
1683 40 104
1684 4 118
1685 8 113
1686 85 109
1687 32 87
1688 33 95
1689 89 106
1690 21 59
1691 4 5
1692 39 97
1693 43 98
1694 44 108
1695 7 120
1696 63 111
1697 105 106
1698 37 91
1699 30 58
1700 34 41
1701 109 110
1702 20 116
1703 42 57
1704 6 67
1705 10 14
1706 40 111
1707 60 114
1708 8 120
1709 84 120
1710 32 110
1711 33 80
1712 89 115
1713 18 81
1714 58 72
1715 80 85
1716 7 113
1717 11 114
1718 68 97
1719 36 74
1720 58 59
1721 27 82
1722 30 61
1723 51 88
1724 20 115
1725 76 112
1726 24 118
1727 25 104
1728 30 76
1729 13 44
1730 18 57
1731 38 60
1732 40 86
1733 23 119
1734 65 114
1735 32 101
1736 89 116
1737 57 99
1738 43 80
1739 26 56
1740 44 98
1741 19 27
1742 97 101
1743 5 20
1744 98 109
1745 42 43
1746 6 61
1747 10 48
1748 13 37
1749 31 79
1750 74 85
1751 3 83
1752 64 67
1753 21 86
1754 22 76
1755 12 114
1756 16 117
1757 15 39
1758 22 63
1759 98 100
1760 30 47
1761 52 88
1762 55 61
1763 6 52
1764 10 59
1765 102 120
1766 8 109
1767 32 115
1768 57 109
1769 58 101
1770 22 71
1771 43 78
1772 44 80
1773 17 114
1774 2 51
1775 41 116
1776 5 6
1777 62 73
1778 10 83
1779 55 58
1780 59 63
1781 24 75
1782 25 67
1783 82 116
1784 10 34
1785 18 34
1786 75 95
1787 3 65
1788 115 117
1789 78 107
1790 46 80
1791 68 69
1792 36 110
1793 5 15
1794 62 112
1795 27 62
1796 10 90
1797 15 90
1798 20 23
1799 3 57
1800 24 82
1801 82 111
1802 102 106
1803 13 80
1804 74 78
1805 75 84
1806 40 50
1807 14 17
1808 21 97
1809 114 120
1810 78 114
1811 79 96
1812 26 28
1813 46 91
1814 12 31
1815 16 90
1816 15 50
1817 37 97
1818 2 5
1819 5 8
1820 47 56
1821 52 53
1822 35 87
1823 3 62
1824 24 89
1825 25 77
1826 81 88
1827 82 102
1828 45 114
1829 102 109
1830 31 35
1831 18 20
1832 75 77
1833 40 57
1834 38 83
1835 65 87
1836 39 48
1837 22 104
1838 114 115
1839 26 103
1840 46 98
1841 16 81
1842 56 72
1843 19 60
1844 37 106
1845 42 103
1846 5 113
1847 9 118
1848 66 97
1849 67 117
1850 86 100
1851 87 110
1852 34 86
1853 59 66
1854 60 76
1855 23 56
1856 106 107
1857 14 112
1858 38 74
1859 8 9
1860 7 51
1861 63 86
1862 2 100
1863 83 115
1864 12 13
1865 88 102
1866 24 56
1867 6 120
1868 10 119
1869 87 103
1870 59 91
1871 60 75
1872 6 11
1873 82 88
1874 28 60
1875 70 116
1876 38 77
1877 95 116
1878 63 95
1879 28 83
1880 90 91
1881 27 109
1882 83 120
1883 17 87
1884 19 74
1885 42 105
1886 6 115
1887 66 115
1888 86 118
1889 34 104
1890 92 105
1891 60 66
1892 82 83
1893 28 59
1894 32 62
1895 13 116
1896 14 66
1897 70 111
1898 75 112
1899 40 46
1900 63 68
1901 29 84
1902 36 58
1903 54 68
1904 26 112
1905 27 98
1906 15 22
1907 19 83
1908 20 67
1909 66 74
1910 67 104
1911 31 118
1912 111 115
1913 28 50
1914 53 54
1915 18 120
1916 21 29
1917 8 62
1918 63 77
1919 104 114
1920 33 42
1921 41 58
1922 22 116
1923 78 81
1924 76 95
1925 66 69
1926 67 81
1927 87 114
1928 35 120
1929 55 101
1930 111 120
1931 23 92
1932 8 86
1933 116 117
1934 45 79
1935 14 76
1936 18 115
1937 21 38
1938 80 115
1939 8 37
1940 99 100
1941 63 74
1942 29 38
1943 33 35
1944 73 84
1945 54 86
1946 2 72
1947 26 66
1948 9 10
1949 27 112
1950 103 112
1951 17 58
1952 112 120
1953 20 81
1954 76 86
1955 41 76
1956 6 100
1957 67 86
1958 13 14
1959 35 97
1960 3 8
1961 96 113
1962 23 85
1963 25 59
1964 32 67
1965 14 87
1966 57 61
1967 39 117
1968 8 44
1969 99 109
1970 63 115
1971 100 101
1972 29 63
1973 105 118
1974 72 73
1975 73 93
1976 1 83
1977 79 83
1978 26 77
1979 103 105
1980 108 116
1981 56 114
1982 76 77
1983 24 27
1984 66 87
1985 67 95
1986 3 113
1987 23 82
1988 25 60
1989 64 97
1990 45 65
1991 32 90
1992 71 91
1993 1 59
1994 4 16
1995 63 120
1996 11 78
1997 12 80
1998 16 19
1999 41 45
2000 22 25
2001 79 88
2002 51 68
2003 19 111
2004 112 118
2005 113 120
2006 77 82
2007 6 86
2008 67 68
2009 40 98
2010 3 118
2011 8 75
2012 64 120
2013 65 110
2014 85 99
2015 32 81
2016 14 33
2017 71 80
2018 18 92
2019 39 107
2020 80 88
2021 26 44
2022 63 97
2023 104 110
2024 12 79
2025 33 54
2026 37 81
2027 2 85
2028 61 75
2029 9 61
2030 30 48
2031 19 116
2032 24 105
2033 6 73
2034 13 57
2035 4 119
2036 8 114
2037 65 103
2038 14 40
2039 89 105
2040 71 73
2041 1 53
2042 58 78
2043 21 58
2044 4 6
2045 80 95
2046 48 104
2047 36 76
2048 61 68
2049 62 82
2050 30 59
2051 88 94
2052 15 120
2053 20 117
2054 6 64
2055 10 15
2056 30 74
2057 38 58
2058 40 80
2059 65 120
2060 32 111
2061 33 87
2062 1 14
2063 58 73
2064 16 120
2065 72 101
2066 36 75
2067 19 21
2068 22 34
2069 97 99
2070 62 85
2071 24 119
2072 25 111
2073 10 54
2074 30 77
2075 13 43
2076 40 87
2077 33 104
2078 90 107
2079 1 7
2080 21 76
2081 43 83
2082 46 60
2083 12 116
2084 19 26
2085 97 100
2086 5 19
2087 98 106
2088 76 104
2089 23 30
2090 81 115
2091 49 74
2092 18 49
2093 74 82
2094 3 82
2095 33 97
2096 14 61
2097 110 113
2098 22 77
2099 11 99
2100 12 115
2101 15 38
2102 41 114
2103 22 60
2104 98 101
2105 55 60
2106 6 53
2107 81 116
2108 106 116
2109 35 48
2110 38 47
2111 43 48
2112 65 67
2113 32 116
2114 110 120
2115 58 98
2116 78 97
2117 43 65
2118 83 86
2119 15 47
2120 17 113
2121 22 55
2122 97 118
2123 62 78
2124 9 66
2125 3 51
2126 59 62
2127 81 109
2128 82 117
2129 50 74
2130 33 115
2131 39 61
2132 115 116
2133 78 104
2134 83 95
2135 46 81
2136 68 70
2137 19 49
2138 42 114
2139 62 113
2140 10 91
2141 47 50
2142 86 107
2143 87 91
2144 77 97
2145 25 75
2146 81 102
2147 82 108
2148 102 107
2149 13 79
2150 35 62
2151 43 46
2152 11 57
2153 33 116
2154 58 116
2155 39 58
2156 22 86
2157 78 115
2158 26 29
2159 46 88
2160 16 91
2161 15 61
2162 5 119
2163 62 120
2164 66 103
2165 34 92
2166 59 76
2167 24 90
2168 25 76
2169 81 95
2170 28 47
2171 31 34
2172 18 21
2173 75 76
2174 40 58
2175 7 53
2176 65 86
2177 11 62
2178 14 25
2179 53 66
2180 47 83
2181 16 82
2182 15 58
2183 62 99
2184 67 116
2185 86 101
2186 87 105
2187 34 87
2188 91 106
2189 20 38
2190 60 77
2191 23 59
2192 6 17
2193 25 85
2194 45 106
2195 32 33
2196 14 113
2197 70 114
2198 35 44
2199 38 75
2200 8 10
2201 63 81
2202 11 55
2203 16 58
2204 7 67
2205 12 14
2206 2 20
2207 42 111
2208 62 106
2209 10 116
2210 6 8
2211 82 89
2212 74 120
2213 38 66
2214 16 49
2215 36 60
2216 26 118
2217 48 55
2218 6 112
2219 62 109
2220 9 103
2221 86 119
2222 34 105
2223 92 106
2224 111 117
2225 59 83
2226 25 39
2227 32 63
2228 13 115
2229 14 67
2230 74 99
2231 75 115
2232 4 61
2233 8 56
2234 63 71
2235 16 40
2236 72 85
2237 54 69
2238 1 79
2239 22 114
2240 78 79
2241 9 31
2242 15 17
2243 19 82
2244 9 104
2245 66 75
2246 31 113
2247 87 116
2248 34 96
2249 111 114
2250 96 100
2251 45 85
