1 32 54
2 13 108
3 21 28
4 95 101
5 7 25
6 33 41
7 16 47
8 73 82
9 1 64
10 15 30
11 19 91
12 5 84
13 6 98
14 45 61
15 13 20
16 20 58
17 23 95
18 116 118
19 84 95
20 85 87
21 13 101
22 53 62
23 18 112
24 57 59
25 21 37
26 4 35
27 99 103
28 7 22
29 29 37
30 33 34
31 16 38
32 36 41
33 61 63
34 15 103
35 17 57
36 19 96
37 5 93
38 10 104
39 31 103
40 34 114
41 35 96
42 40 117
43 3 11
44 96 114
45 25 58
46 8 94
47 64 107
48 32 68
49 14 84
50 70 81
51 1 33
52 57 60
53 39 116
54 95 107
55 99 108
56 100 102
57 16 29
58 72 74
59 41 43
60 79 82
61 103 104
62 76 78
63 24 28
64 45 47
65 31 108
66 3 112
67 84 109
68 85 89
69 32 91
70 70 72
71 18 98
72 1 58
73 57 69
74 21 55
75 4 17
76 43 118
77 26 34
78 100 109
79 16 20
80 37 87
81 2 91
82 22 30
83 12 32
84 37 56
85 112 119
86 77 81
87 24 99
88 42 53
89 6 87
90 10 26
91 91 93
92 33 68
93 71 83
94 1 51
95 58 68
96 21 48
97 4 24
98 39 106
99 43 111
100 73 78
101 54 56
102 34 44
103 17 44
104 24 106
105 40 106
106 23 99
107 84 115
108 33 93
109 71 72
110 21 57
111 4 7
112 93 108
113 58 62
114 22 40
115 97 105
116 88 95
117 51 85
118 34 39
119 17 37
120 37 42
121 10 12
122 55 65
123 90 97
124 1 13
125 21 66
126 4 14
127 26 63
128 7 115
129 72 102
130 19 20
131 37 66
132 93 101
133 22 35
134 97 98
135 62 90
136 9 46
137 30 35
138 51 90
139 52 84
140 17 30
141 42 46
142 38 50
143 3 108
144 25 31
145 11 28
146 29 106
147 32 103
148 1 6
149 11 109
150 16 112
151 19 29
152 94 116
153 22 58
154 5 18
155 61 85
156 98 107
157 9 87
158 30 42
159 17 23
160 23 25
161 74 83
162 38 53
163 4 109
164 64 69
165 65 73
166 11 21
167 58 88
168 22 66
169 44 91
170 11 98
171 12 108
172 51 59
173 19 34
174 37 116
175 93 119
176 5 27
177 62 68
178 27 34
179 86 94
180 34 48
181 55 63
182 25 120
183 49 66
184 31 54
185 38 44
186 4 84
187 43 51
188 8 111
189 65 66
190 1 16
191 22 69
192 43 64
193 7 94
194 19 43
195 2 49
196 93 112
197 94 102
198 118 120
199 47 52
200 87 93
201 25 65
202 10 32
203 102 113
204 18 32
205 75 81
206 38 39
207 64 83
208 33 114
209 115 119
210 7 87
211 12 98
212 15 55
213 19 48
214 2 8
215 37 102
216 5 13
217 98 116
218 27 48
219 30 31
220 87 90
221 34 66
222 23 36
223 101 106
224 102 104
225 31 36
226 14 100
227 18 27
228 74 76
229 40 52
230 8 29
231 114 118
232 44 64
233 56 67
234 19 57
235 2 3
236 5 118
237 119 120
238 47 58
239 52 55
240 20 24
241 3 32
242 24 91
243 49 117
244 31 45
245 14 111
246 106 110
247 35 38
248 75 79
249 14 30
250 89 95
251 53 65
252 2 107
253 21 104
254 39 50
255 88 97
256 19 62
257 37 104
258 62 96
259 9 116
260 87 104
261 52 62
262 56 57
263 3 41
264 59 68
265 23 58
266 6 22
267 28 39
268 32 34
269 31 42
270 107 109
271 35 47
272 38 72
273 60 61
274 8 11
275 16 59
276 2 98
277 39 43
278 26 108
279 48 49
280 47 91
281 16 74
282 56 81
283 2 21
284 42 108
285 62 107
286 10 117
287 87 97
288 91 98
289 3 46
290 59 93
291 23 51
292 6 9
293 25 93
294 40 41
295 99 115
296 16 50
297 54 67
298 44 45
299 46 114
300 16 65
301 6 113
302 27 28
303 20 53
304 111 116
305 25 38
306 45 91
307 28 53
308 32 48
309 50 102
310 39 72
311 99 120
312 63 70
313 54 90
314 2 116
315 9 30
316 46 117
317 15 16
318 6 104
319 9 111
320 10 103
321 30 98
322 13 26
323 91 112
324 60 91
325 32 55
326 18 118
327 21 27
328 7 24
329 100 113
330 11 93
331 29 43
332 33 40
333 16 32
334 72 93
335 73 81
336 47 118
337 15 25
338 6 99
339 10 110
340 66 67
341 55 103
342 20 59
343 3 5
344 25 48
345 116 119
346 84 88
347 85 86
348 53 61
349 1 47
350 57 58
351 38 116
352 21 36
353 95 109
354 99 102
355 100 120
356 29 36
357 16 39
358 36 42
359 78 94
360 61 62
361 27 114
362 103 114
363 52 106
364 19 99
365 37 53
366 76 80
367 42 64
368 10 105
369 49 50
370 67 88
371 3 10
372 96 115
373 25 57
374 85 95
375 32 69
376 18 104
377 57 67
378 38 111
379 39 119
380 8 46
381 7 14
382 100 103
383 16 30
384 41 42
385 5 52
386 26 75
387 103 107
388 51 65
389 108 118
390 37 62
391 112 113
392 76 79
393 24 29
394 6 93
395 45 46
396 3 115
397 84 110
398 85 88
399 70 73
400 1 57
401 57 68
402 38 102
403 21 54
404 4 18
405 39 108
406 26 35
407 100 110
408 104 105
409 16 21
410 36 88
411 22 31
412 12 33
413 15 116
414 108 109
415 37 39
416 20 97
417 77 80
418 24 100
419 42 50
420 6 84
421 10 27
422 30 94
423 55 114
424 40 100
425 3 120
426 84 117
427 85 97
428 33 91
429 71 82
430 58 69
431 26 42
432 44 112
433 73 77
434 54 57
435 5 38
436 9 35
437 30 54
438 88 89
439 34 45
440 19 118
441 113 119
442 24 107
443 92 93
444 40 107
445 4 113
446 23 98
447 8 116
448 71 75
449 18 85
450 1 11
451 80 81
452 26 53
453 7 117
454 44 111
455 46 48
456 93 107
457 58 63
458 97 104
459 5 47
460 61 66
461 30 57
462 34 36
463 20 119
464 25 100
465 10 13
466 55 64
467 85 115
468 1 12
469 58 87
470 44 102
471 7 114
472 19 23
473 94 114
474 22 32
475 62 91
476 27 87
477 30 32
478 52 85
479 17 29
480 42 47
481 101 117
482 31 67
483 38 51
484 3 111
485 4 103
486 25 30
487 1 5
488 11 108
489 51 53
490 19 28
491 94 117
492 5 17
493 98 104
494 62 66
495 17 22
496 23 24
497 25 118
498 74 80
499 38 42
500 3 84
501 4 110
502 65 72
503 11 20
504 29 98
505 1 30
506 110 119
507 43 74
508 7 96
509 11 101
510 12 109
511 51 58
512 15 32
513 19 37
514 37 115
515 41 112
516 22 50
517 5 26
518 98 99
519 62 69
520 27 37
521 10 87
522 86 95
523 34 49
524 15 81
525 52 91
526 55 62
527 10 38
528 101 103
529 13 91
530 35 50
531 18 38
532 38 45
533 3 93
534 43 50
535 11 13
536 1 23
537 58 96
538 12 100
539 68 89
540 36 98
541 19 42
542 2 14
543 94 103
544 22 53
545 27 58
546 10 94
547 87 92
548 15 94
549 10 33
550 102 118
551 13 84
552 14 98
553 31 62
554 75 80
555 8 23
556 29 116
557 33 113
558 1 104
559 58 107
560 115 118
561 44 74
562 7 86
563 12 99
564 15 54
565 19 51
566 2 9
567 5 12
568 98 117
569 27 51
570 34 67
571 23 39
572 101 105
573 102 105
574 31 39
575 18 24
576 74 77
577 38 95
578 4 91
579 8 30
580 65 83
581 14 20
582 39 52
583 114 119
584 26 27
585 46 94
586 12 26
587 15 63
588 56 68
589 19 56
590 37 110
591 5 117
592 9 114
593 86 96
594 20 25
595 6 28
596 14 108
597 35 41
598 18 19
599 75 78
600 53 64
601 2 104
602 39 45
603 26 98
604 7 68
605 12 17
606 56 75
607 2 27
608 87 107
609 52 63
610 91 108
611 56 58
612 20 32
613 23 53
614 6 23
615 25 91
616 28 32
617 107 108
618 35 46
619 60 62
620 8 12
621 28 87
622 90 95
623 2 99
624 21 112
625 39 42
626 44 55
627 48 50
628 16 75
629 2 18
630 10 114
631 86 114
632 87 96
633 91 101
634 23 50
635 6 14
636 49 102
637 32 58
638 38 64
639 40 42
640 99 114
641 11 46
642 72 80
643 36 62
644 54 64
645 44 46
646 9 20
647 46 115
648 47 99
649 16 66
650 19 79
651 41 94
652 5 96
653 9 101
654 27 31
655 34 103
656 20 54
657 96 111
658 111 119
659 25 37
660 63 65
661 16 42
662 36 37
663 2 117
664 9 29
665 27 103
666 15 19
667 42 95
668 6 105
669 9 110
670 10 100
671 66 73
672 30 99
673 87 118
674 91 115
675 3 31
676 96 102
677 38 114
678 21 26
679 4 38
680 95 103
681 8 33
682 100 114
683 48 72
684 29 42
685 104 117
686 33 47
687 73 80
688 36 44
689 26 70
690 15 24
691 6 96
692 55 102
693 40 112
694 3 4
695 25 55
696 84 89
697 53 60
698 1 46
699 38 117
700 21 35
701 99 105
702 7 16
703 29 35
704 12 93
705 16 24
706 36 43
707 54 85
708 26 65
709 103 109
710 52 107
711 17 63
712 108 120
713 37 52
714 76 81
715 5 91
716 6 91
717 67 91
718 40 119
719 3 13
720 25 56
721 117 119
722 84 96
723 18 105
724 57 66
725 21 44
726 4 20
727 39 118
728 43 115
729 99 110
730 7 9
731 12 84
732 16 31
733 72 76
734 2 94
735 12 43
736 103 106
737 51 64
738 52 114
739 108 119
740 112 114
741 24 30
742 5 68
743 10 17
744 35 107
745 3 114
746 84 111
747 70 78
748 39 111
749 4 19
750 26 32
751 63 101
752 104 106
753 33 50
754 16 22
755 73 75
756 22 28
757 5 60
758 108 110
759 19 112
760 20 98
761 37 38
762 77 79
763 24 101
764 42 51
765 6 85
766 10 24
767 31 87
768 91 95
769 23 100
770 85 96
771 71 77
772 58 66
773 21 62
774 4 26
775 39 100
776 26 43
777 44 113
778 73 76
779 54 62
780 37 94
781 22 23
782 88 90
783 34 42
784 17 34
785 52 64
786 37 47
787 113 118
788 24 108
789 40 108
790 4 114
791 8 117
792 71 74
793 1 10
794 80 82
795 43 102
796 26 50
797 7 116
798 63 107
799 46 49
800 11 113
801 48 107
802 105 110
803 58 60
804 30 62
805 34 37
806 17 27
807 37 40
808 24 115
809 25 107
810 31 69
811 18 58
812 55 67
813 3 105
814 85 114
815 32 98
816 33 84
817 1 3
818 4 8
819 48 98
820 19 22
821 37 64
822 93 99
823 94 115
824 5 23
825 61 90
826 62 88
827 98 110
828 15 66
829 17 28
830 42 44
831 31 66
832 18 53
833 38 48
834 3 110
835 4 96
836 25 29
837 8 99
838 11 30
839 29 104
840 18 68
841 1 4
842 57 103
843 44 94
844 68 84
845 51 52
846 16 114
847 19 31
848 5 16
849 61 83
850 62 67
851 98 105
852 30 40
853 17 21
854 23 27
855 25 117
856 13 33
857 74 81
858 38 43
859 3 87
860 4 111
861 11 23
862 32 112
863 33 102
864 1 29
865 7 99
866 11 100
867 12 110
868 51 61
869 15 35
870 36 100
871 19 36
872 37 114
873 93 117
874 41 119
875 5 25
876 9 94
877 10 84
878 27 36
879 86 92
880 34 78
881 55 57
882 101 102
883 31 48
884 4 86
885 11 12
886 1 22
887 21 91
888 12 101
889 15 40
890 19 45
891 2 15
892 24 32
893 42 118
894 86 87
895 87 95
896 34 73
897 102 119
898 31 57
899 107 120
900 18 30
901 75 83
902 4 93
903 8 24
904 64 85
905 33 112
906 1 111
907 21 100
908 39 62
909 78 111
910 46 84
911 12 28
912 15 49
913 19 50
914 2 6
915 37 100
916 94 111
917 42 113
918 5 11
919 27 50
920 66 107
921 34 64
922 6 26
923 101 104
924 102 110
925 49 114
926 31 38
927 14 106
928 107 113
929 18 25
930 65 82
931 1 96
932 2 110
933 21 109
934 114 116
935 44 66
936 12 27
937 69 70
938 16 94
939 15 62
940 56 69
941 19 59
942 24 46
943 5 116
944 42 120
945 9 113
946 86 97
947 87 109
948 34 91
949 35 91
950 20 26
951 59 65
952 24 93
953 23 63
954 6 29
955 25 81
956 28 42
957 32 45
958 31 47
959 14 109
960 106 108
961 35 40
962 107 118
963 89 93
964 2 105
965 39 44
966 12 18
967 42 99
968 62 102
969 87 106
970 34 82
971 52 56
972 91 111
973 56 59
974 3 43
975 59 70
976 25 90
977 6 20
978 60 63
979 8 13
980 29 94
981 90 92
982 36 48
983 1 114
984 2 96
985 22 103
986 44 48
987 27 104
988 17 82
989 2 19
990 42 106
991 5 102
992 9 99
993 30 118
994 87 99
995 91 100
996 20 40
997 25 35
998 32 59
999 40 43
1000 21 23
1001 95 112
1002 99 117
1003 48 91
1004 11 33
1005 29 87
1006 72 81
1007 54 65
1008 44 47
1009 9 27
1010 46 112
1011 51 103
1012 16 67
1013 15 21
1014 5 111
1015 27 30
1016 66 79
1017 67 103
1018 87 120
1019 20 55
1020 111 118
1021 59 84
1022 25 36
1023 7 29
1024 63 64
1025 16 43
1026 36 38
1027 2 114
1028 78 82
1029 47 107
1030 52 102
1031 15 18
1032 5 104
1033 9 109
1034 10 101
1035 87 113
1036 91 114
1037 20 62
1038 3 30
1039 60 85
1040 25 45
1041 13 105
1042 18 116
1043 38 115
1044 21 25
1045 23 70
1046 95 102
1047 29 41
1048 33 46
1049 16 34
1050 36 45
1051 54 83
1052 41 62
1053 103 119
1054 15 27
1055 17 69
1056 10 108
1057 67 85
1058 40 113
1059 3 7
1060 25 54
1061 84 90
1062 53 59
1063 38 106
1064 21 34
1065 4 46
1066 8 41
1067 7 19
1068 99 104
1069 11 84
1070 12 94
1071 29 34
1072 33 39
1073 16 25
1074 1 94
1075 9 14
1076 27 116
1077 103 108
1078 17 62
1079 37 51
1080 20 93
1081 76 82
1082 66 88
1083 40 120
1084 3 12
1085 96 117
1086 23 81
1087 25 63
1088 116 120
1089 117 118
1090 84 97
1091 85 93
1092 14 91
1093 1 38
1094 57 65
1095 21 43
1096 4 21
1097 39 113
1098 43 114
1099 26 38
1100 7 8
1101 72 77
1102 1 87
1103 22 26
1104 51 67
1105 17 55
1106 108 112
1107 112 115
1108 20 100
1109 24 31
1110 10 30
1111 31 105
1112 3 117
1113 70 79
1114 38 100
1115 4 28
1116 43 107
1117 100 104
1118 104 107
1119 33 49
1120 16 23
1121 73 74
1122 22 29
1123 27 66
1124 12 35
1125 15 118
1126 20 99
1127 77 78
1128 24 102
1129 42 48
1130 91 94
1131 40 102
1132 117 120
1133 71 76
1134 58 67
1135 4 27
1136 44 114
1137 46 47
1138 54 63
1139 9 33
1140 34 43
1141 52 65
1142 37 46
1143 113 117
1144 24 109
1145 49 91
1146 92 95
1147 55 69
1148 3 99
1149 32 108
1150 14 44
1151 1 9
1152 57 84
1153 80 83
1154 26 51
1155 105 109
1156 68 103
1157 72 98
1158 36 72
1159 93 105
1160 58 61
1161 22 47
1162 97 110
1163 61 64
1164 30 63
1165 52 72
1166 15 68
1167 17 26
1168 24 116
1169 10 11
1170 31 68
1171 55 66
1172 38 62
1173 25 27
1174 11 24
1175 29 110
1176 85 113
1177 1 2
1178 58 85
1179 4 9
1180 43 94
1181 26 58
1182 7 108
1183 11 105
1184 29 31
1185 19 25
1186 93 98
1187 94 112
1188 22 38
1189 5 22
1190 61 89
1191 30 38
1192 52 87
1193 17 19
1194 42 45
1195 23 29
1196 25 115
1197 101 115
1198 18 50
1199 55 91
1200 38 49
1201 40 91
1202 25 28
1203 64 65
1204 11 17
1205 33 108
1206 18 69
1207 1 27
1208 11 110
1209 68 85
1210 51 55
1211 15 37
1212 19 30
1213 22 57
1214 98 102
1215 62 64
1216 9 84
1217 86 90
1218 17 20
1219 23 26
1220 38 40
1221 3 86
1222 4 104
1223 40 66
1224 65 78
1225 28 118
1226 11 22
1227 33 101
1228 1 28
1229 110 117
1230 58 103
1231 11 103
1232 12 111
1233 68 92
1234 51 60
1235 36 101
1236 19 39
1237 37 113
1238 94 98
1239 22 48
1240 5 24
1241 9 93
1242 10 85
1243 86 93
1244 55 56
1245 59 61
1246 31 51
1247 106 112
1248 18 36
1249 4 87
1250 65 71
1251 1 21
1252 7 91
1253 47 64
1254 15 43
1255 19 44
1256 2 12
1257 47 49
1258 87 94
1259 34 70
1260 20 21
1261 3 55
1262 23 40
1263 101 110
1264 102 116
1265 49 120
1266 14 96
1267 18 31
1268 75 82
1269 40 48
1270 4 94
1271 43 45
1272 28 68
1273 29 114
1274 21 99
1275 115 120
1276 26 30
1277 12 29
1278 15 48
1279 36 107
1280 37 99
1281 2 7
1282 5 10
1283 62 117
1284 47 62
1285 20 28
1286 24 87
1287 6 27
1288 28 44
1289 102 111
1290 31 33
1291 14 107
1292 18 22
1293 74 75
1294 65 81
1295 14 26
1296 53 69
1297 2 111
1298 21 108
1299 114 117
1300 12 20
1301 19 58
1302 2 30
1303 37 108
1304 93 95
1305 5 115
1306 9 112
1307 66 99
1308 87 108
1309 20 27
1310 59 64
1311 24 94
1312 23 62
1313 6 18
1314 81 83
1315 28 43
1316 49 106
1317 106 109
1318 14 114
1319 35 43
1320 40 62
1321 29 68
1322 89 92
1323 2 102
1324 39 47
1325 19 67
1326 62 103
1327 87 101
1328 34 83
1329 52 57
1330 56 60
1331 23 55
1332 6 21
1333 28 34
1334 49 99
1335 32 37
1336 107 110
1337 8 14
1338 7 46
1339 28 81
1340 16 62
1341 53 87
1342 36 49
1343 1 113
1344 44 49
1345 17 81
1346 19 72
1347 42 107
1348 9 98
1349 67 97
1350 87 98
1351 35 72
1352 91 103
1353 60 64
1354 25 34
1355 6 12
1356 50 106
1357 40 44
1358 21 22
1359 95 115
1360 11 32
1361 16 53
1362 72 82
1363 2 120
1364 9 26
1365 46 113
1366 51 102
1367 16 68
1368 15 20
1369 56 91
1370 19 81
1371 66 76
1372 67 102
1373 31 116
1374 35 113
1375 111 113
1376 3 24
1377 96 97
1378 23 69
1379 6 7
1380 25 43
1381 84 85
1382 21 31
1383 7 28
1384 63 67
1385 100 117
1386 16 44
1387 36 39
1388 2 115
1389 22 118
1390 78 83
1391 46 120
1392 47 106
1393 15 29
1394 20 72
1395 5 87
1396 6 111
1397 9 108
1398 10 98
1399 13 23
1400 35 118
1401 91 117
1402 55 107
1403 20 63
1404 96 120
1405 23 66
1406 8 84
1407 25 44
1408 84 92
1409 1 43
1410 38 112
1411 21 24
1412 4 32
1413 39 66
1414 95 97
1415 48 74
1416 33 45
1417 1 68
1418 26 68
1419 47 115
1420 15 26
1421 17 68
1422 42 68
1423 6 102
1424 10 109
1425 67 84
1426 13 16
1427 40 114
1428 25 53
1429 8 91
1430 45 74
1431 84 91
1432 70 82
1433 53 58
1434 18 108
1435 57 63
1436 38 107
1437 95 110
1438 99 107
1439 11 87
1440 33 38
1441 16 26
1442 1 93
1443 79 81
1444 9 13
1445 47 120
1446 12 46
1447 37 50
1448 76 83
1449 24 25
1450 45 50
1451 49 55
1452 67 93
1453 35 100
1454 25 62
1455 28 29
1456 85 92
1457 18 103
1458 1 37
1459 57 64
1460 21 42
1461 39 112
1462 43 117
1463 26 39
1464 7 11
1465 29 58
1466 16 17
1467 72 78
1468 1 86
1469 22 27
1470 51 66
1471 17 54
1472 108 113
1473 112 116
1474 24 96
1475 10 31
1476 31 104
1477 3 116
1478 84 105
1479 70 76
1480 21 51
1481 4 29
1482 100 105
1483 29 51
1484 104 108
1485 68 114
1486 33 48
1487 2 87
1488 26 81
1489 27 69
1490 30 50
1491 17 47
1492 19 114
1493 113 115
1494 24 103
1495 42 49
1496 31 81
1497 4 117
1498 70 71
1499 71 79
1500 58 64
1501 39 102
1502 105 107
1503 54 60
1504 2 46
1505 5 35
1506 9 32
1507 30 53
1508 88 92
1509 34 40
1510 17 32
1511 52 66
1512 37 45
1513 113 116
1514 24 110
1515 25 96
1516 42 56
1517 62 63
1518 30 68
1519 55 68
1520 3 98
1521 1 8
1522 21 69
1523 26 48
1524 44 106
1525 105 108
1526 68 96
1527 54 55
1528 93 104
1529 22 44
1530 97 109
1531 9 41
1532 34 35
1533 17 25
1534 20 114
1535 24 117
1536 25 26
1537 11 27
1538 32 100
1539 53 103
1540 4 10
1541 26 59
1542 7 111
1543 48 100
1544 11 104
1545 29 30
1546 36 112
1547 19 24
1548 93 97
1549 94 113
1550 22 39
1551 5 21
1552 61 88
1553 97 102
1554 98 108
1555 30 39
1556 34 58
1557 17 18
1558 52 80
1559 23 28
1560 25 114
1561 4 98
1562 64 66
1563 18 66
1564 1 26
1565 110 115
1566 21 87
1567 43 86
1568 51 54
1569 16 116
1570 15 36
1571 19 33
1572 94 120
1573 22 62
1574 5 30
1575 98 103
1576 62 65
1577 30 46
1578 52 95
1579 31 53
1580 106 118
1581 18 42
1582 4 105
1583 43 62
1584 8 108
1585 1 19
1586 7 93
1587 46 72
1588 12 104
1589 68 93
1590 51 63
1591 15 45
1592 19 38
1593 93 115
1594 41 117
1595 5 7
1596 62 72
1597 27 38
1598 34 76
1599 55 59
1600 3 49
1601 59 60
1602 6 46
1603 102 114
1604 31 50
1605 18 37
1606 3 94
1607 43 55
1608 64 80
1609 65 70
1610 11 14
1611 12 103
1612 16 98
1613 15 42
1614 19 47
1615 2 13
1616 27 63
1617 47 48
1618 87 89
1619 20 22
1620 25 69
1621 6 33
1622 101 109
1623 102 117
1624 31 59
1625 106 120
1626 18 28
1627 38 91
1628 40 49
1629 43 44
1630 8 26
1631 64 87
1632 29 113
1633 21 98
1634 26 31
1635 12 30
1636 15 51
1637 56 64
1638 2 4
1639 5 9
1640 118 119
1641 10 68
1642 34 94
1643 20 29
1644 23 32
1645 6 24
1646 28 45
1647 102 108
1648 49 112
1649 31 32
1650 107 115
1651 35 37
1652 18 23
1653 89 90
1654 53 68
1655 2 108
1656 39 49
1657 12 21
1658 37 107
1659 2 31
1660 93 94
1661 42 102
1662 5 114
1663 87 111
1664 59 67
1665 24 95
1666 23 57
1667 6 19
1668 81 82
1669 28 36
1670 102 103
1671 14 115
1672 35 42
1673 16 56
1674 2 103
1675 39 46
1676 48 62
1677 19 66
1678 2 22
1679 62 100
1680 87 100
1681 34 80
1682 52 58
1683 91 97
1684 56 61
1685 20 35
1686 23 54
1687 6 10
1688 50 112
1689 7 41
1690 16 63
1691 36 50
1692 1 112
1693 26 104
1694 27 106
1695 44 50
1696 46 111
1697 51 96
1698 42 104
1699 5 100
1700 6 114
1701 62 111
1702 10 113
1703 66 114
1704 67 96
1705 30 116
1706 86 113
1707 91 102
1708 96 107
1709 59 81
1710 60 65
1711 6 13
1712 28 58
1713 40 45
1714 95 114
1715 63 69
1716 16 54
1717 72 83
1718 41 50
1719 27 99
1720 46 118
1721 47 108
1722 16 69
1723 15 23
1724 20 66
1725 6 117
1726 9 106
1727 66 77
1728 13 29
1729 35 112
1730 111 112
1731 23 68
1732 25 42
1733 84 86
1734 14 68
1735 53 55
1736 21 30
1737 4 58
1738 7 31
1739 63 66
1740 104 113
1741 33 43
1742 16 45
1743 53 88
1744 1 66
1745 2 112
1746 78 80
1747 52 96
1748 15 28
1749 17 66
1750 41 68
1751 6 108
1752 10 99
1753 66 68
1754 13 22
1755 60 87
1756 23 93
1757 84 93
1758 18 114
1759 1 42
1760 38 113
1761 21 39
1762 4 33
1763 95 96
1764 99 101
1765 7 20
1766 63 75
1767 104 120
1768 33 44
1769 16 36
1770 36 47
1771 1 91
1772 26 69
1773 9 11
1774 47 114
1775 52 111
1776 17 59
1777 10 106
1778 67 87
1779 3 9
1780 96 112
1781 32 66
1782 70 83
1783 53 57
1784 57 62
1785 38 104
1786 21 32
1787 95 105
1788 99 106
1789 7 13
1790 29 32
1791 105 119
1792 33 37
1793 16 27
1794 79 80
1795 9 12
1796 27 118
1797 103 110
1798 19 103
1799 37 49
1800 24 26
1801 6 94
1802 45 49
1803 10 21
1804 31 98
1805 3 14
1806 64 96
1807 45 66
1808 28 30
1809 84 99
1810 85 91
1811 70 74
1812 38 99
1813 26 36
1814 7 10
1815 12 87
1816 68 116
1817 33 62
1818 16 18
1819 72 79
1820 1 85
1821 2 93
1822 41 46
1823 26 87
1824 27 79
1825 51 69
1826 108 114
1827 37 58
1828 112 117
1829 77 83
1830 24 97
1831 10 28
1832 67 69
1833 31 107
1834 35 108
1835 14 32
1836 70 77
1837 71 81
1838 89 97
1839 1 61
1840 21 50
1841 4 30
1842 26 47
1843 44 117
1844 100 106
1845 29 50
1846 104 109
1847 68 115
1848 72 118
1849 54 58
1850 2 84
1851 5 57
1852 27 68
1853 34 46
1854 15 112
1855 52 68
1856 113 114
1857 24 104
1858 30 66
1859 4 118
1860 23 97
1861 32 87
1862 71 78
1863 21 59
1864 4 5
1865 39 97
1866 26 54
1867 7 120
1868 105 106
1869 54 61
1870 37 91
1871 93 110
1872 22 42
1873 97 107
1874 61 69
1875 30 58
1876 88 93
1877 52 67
1878 109 110
1879 37 44
1880 25 103
1881 10 14
1882 30 69
1883 18 62
1884 40 111
1885 3 101
1886 60 114
1887 1 15
1888 21 68
1889 4 12
1890 43 91
1891 7 113
1892 11 114
1893 36 74
1894 58 59
1895 97 108
1896 62 84
1897 9 40
1898 51 88
1899 17 24
1900 24 118
1901 6 58
1902 3 106
1903 4 100
1904 28 98
1905 11 26
1906 29 108
1907 53 102
1908 4 11
1909 26 56
1910 19 27
1911 2 33
1912 93 96
1913 94 118
1914 22 36
1915 5 20
1916 61 87
1917 62 95
1918 98 109
1919 34 59
1920 42 43
1921 23 31
1922 25 113
1923 4 99
1924 64 67
1925 65 75
1926 29 101
1927 1 25
1928 58 90
1929 11 96
1930 12 114
1931 68 87
1932 51 57
1933 15 39
1934 19 32
1935 37 118
1936 41 115
1937 22 63
1938 5 29
1939 98 100
1940 27 32
1941 30 47
1942 86 88
1943 34 50
1944 52 88
1945 6 52
1946 102 120
1947 106 119
1948 35 49
1949 38 46
1950 4 106
1951 43 49
1952 64 90
1953 65 76
1954 1 18
1955 12 105
1956 51 62
1957 15 44
1958 94 96
1959 41 116
1960 97 119
1961 5 6
1962 55 58
1963 59 63
1964 23 45
1965 102 115
1966 13 87
1967 18 34
1968 8 20
1969 65 69
1970 115 117
1971 7 85
1972 47 66
1973 12 96
1974 68 69
1975 16 99
1976 15 53
1977 37 120
1978 2 10
1979 5 15
1980 98 118
1981 9 68
1982 27 62
1983 47 51
1984 87 88
1985 34 68
1986 20 23
1987 25 68
1988 6 38
1989 81 103
1990 101 108
1991 102 106
1992 31 58
1993 18 29
1994 74 78
1995 40 50
1996 43 47
1997 8 27
1998 29 112
1999 33 117
2000 1 108
2001 114 120
2002 26 28
2003 16 90
2004 15 50
2005 56 65
2006 19 55
2007 2 5
2008 41 102
2009 5 8
2010 98 113
2011 66 102
2012 47 56
2013 52 53
2014 35 87
2015 20 30
2016 23 35
2017 45 114
2018 102 109
2019 49 119
2020 14 105
2021 107 114
2022 35 36
2023 18 20
2024 14 24
2025 53 67
2026 2 109
2027 21 106
2028 39 48
2029 114 115
2030 26 103
2031 12 22
2032 16 81
2033 15 59
2034 37 106
2035 5 113
2036 87 110
2037 52 60
2038 91 107
2039 59 66
2040 23 56
2041 6 16
2042 28 37
2043 106 107
2044 35 45
2045 38 74
2046 8 9
2047 29 66
2048 16 57
2049 2 100
2050 39 41
2051 44 52
2052 12 13
2053 16 72
2054 19 69
2055 6 120
2056 62 101
2057 30 114
2058 34 81
2059 52 59
2060 91 96
2061 56 62
2062 20 44
2063 3 44
2064 6 11
2065 45 100
2066 16 48
2067 90 91
2068 47 102
2069 17 87
2070 19 74
2071 20 68
2072 5 99
2073 6 115
2074 9 96
2075 60 66
2076 25 32
2077 82 83
2078 32 62
2079 38 68
2080 40 46
2081 7 33
2082 63 68
2083 16 55
2084 54 68
2085 2 118
2086 41 49
2087 26 112
2088 9 24
2089 27 98
2090 46 119
2091 47 111
2092 16 70
2093 15 22
2094 6 106
2095 9 105
2096 87 117
2097 92 96
2098 55 108
2099 20 50
2100 3 26
2101 96 99
2102 111 115
2103 84 87
2104 32 53
2105 50 99
2106 53 54
2107 21 29
2108 7 30
2109 100 119
2110 33 42
2111 73 83
2112 2 113
2113 22 116
2114 78 81
2115 15 31
2116 5 85
2117 6 109
2118 45 62
2119 66 69
2120 67 81
2121 30 103
2122 87 114
2123 91 119
2124 20 57
2125 111 120
2126 116 117
2127 53 63
2128 21 38
2129 95 99
2130 99 100
2131 29 38
2132 33 35
2133 16 37
2134 36 40
2135 1 90
2136 26 66
2137 9 10
2138 27 112
2139 15 100
2140 17 58
2141 112 120
2142 42 66
2143 5 94
2144 10 107
2145 13 14
2146 31 100
2147 34 117
2148 3 8
2149 59 103
2150 96 113
2151 25 59
2152 8 93
2153 32 67
2154 14 87
2155 70 80
2156 53 56
2157 1 34
2158 57 61
2159 95 104
2160 99 109
2161 7 12
2162 100 101
2163 33 36
2164 16 28
2165 72 73
2166 79 83
2167 103 105
2168 17 51
2169 37 48
2170 76 77
2171 24 27
2172 6 95
2173 45 48
2174 10 18
2175 66 87
2176 49 53
2177 31 109
2178 35 102
2179 3 113
2180 60 102
2181 28 31
2182 84 108
2183 85 90
2184 14 94
2185 70 75
2186 1 59
2187 21 40
2188 39 114
2189 26 37
2190 100 108
2191 29 56
2192 68 117
2193 16 19
2194 72 112
2195 1 84
2196 41 45
2197 22 25
2198 27 78
2199 51 68
2200 108 115
2201 112 118
2202 20 103
2203 113 120
2204 77 82
2205 24 98
2206 5 64
2207 42 52
2208 10 29
2209 67 68
2210 31 106
2211 64 120
2212 84 107
2213 14 33
2214 89 96
2215 71 80
2216 4 31
2217 43 108
2218 26 44
2219 100 107
2220 63 97
2221 104 110
2222 72 119
2223 73 79
2224 54 59
2225 2 85
2226 61 75
2227 34 47
2228 17 45
2229 52 69
2230 19 116
2231 24 105
2232 8 114
2233 84 114
2234 33 94
2235 71 73
2236 18 87
2237 21 58
2238 4 6
2239 26 55
2240 46 50
2241 37 90
2242 93 109
2243 22 43
2244 5 33
2245 61 68
2246 30 59
2247 34 38
2248 37 43
2249 24 112
2250 18 63
2251 55 70
2252 3 100
2253 90 96
2254 1 14
2255 4 13
2256 26 62
2257 19 21
2258 93 102
2259 97 99
2260 5 42
2261 62 85
2262 30 34
2263 17 31
2264 24 119
2265 25 111
2266 101 119
2267 18 54
2268 3 109
2269 4 101
2270 8 96
2271 11 29
2272 1 7
2273 26 57
2274 7 105
2275 11 106
2276 19 26
2277 94 119
2278 22 37
2279 5 19
2280 97 100
2281 98 106
2282 27 42
2283 30 37
2284 34 56
2285 15 78
2286 23 30
2287 25 112
2288 101 112
2289 74 82
2290 38 52
2291 4 108
2292 64 68
2293 11 18
2294 1 24
2295 43 72
2296 44 90
2297 51 56
2298 16 118
2299 15 38
2300 19 35
2301 5 28
2302 98 101
2303 27 35
2304 30 44
2305 86 89
2306 34 51
2307 55 60
2308 77 111
2309 6 53
2310 13 93
2311 31 55
2312 106 116
2313 35 48
2314 38 47
2315 43 48
2316 64 91
2317 65 67
2318 53 119
2319 1 17
2320 22 68
2321 12 106
2322 15 47
2323 19 40
2324 22 55
2325 34 74
2326 59 62
2327 23 44
2328 25 66
2329 102 112
2330 65 68
2331 29 118
2332 33 115
2333 1 106
2334 21 103
2335 115 116
2336 44 72
2337 7 84
2338 19 49
2339 2 11
2340 37 103
2341 42 114
2342 5 14
2343 98 119
2344 47 50
2345 87 91
2346 101 107
2347 102 107
2348 31 37
2349 18 26
2350 74 79
2351 40 51
2352 43 46
2353 8 28
2354 33 116
2355 14 22
2356 1 99
2357 78 115
2358 26 29
2359 12 24
2360 16 91
2361 56 66
2362 41 101
2363 27 54
2364 66 103
2365 52 54
2366 20 31
2367 3 33
2368 24 90
2369 23 34
2370 6 30
2371 28 47
2372 31 34
2373 14 110
2374 107 117
2375 35 39
2376 18 21
2377 75 76
2378 53 66
2379 2 106
2380 21 105
2381 88 96
2382 16 82
2383 15 58
2384 5 112
2385 62 99
2386 9 117
2387 87 105
2388 52 61
2389 59 69
2390 23 59
2391 6 17
2392 25 85
2393 28 38
2394 31 43
2395 35 44
2396 39 91
2397 8 10
2398 63 81
2399 16 58
2400 2 101
2401 39 40
2402 12 14
2403 19 68
2404 2 20
2405 42 111
2406 62 106
2407 87 102
2408 91 99
2409 56 63
2410 60 68
2411 23 48
2412 6 8
2413 38 66
2414 99 112
2415 7 43
2416 54 66
2417 1 118
2418 26 118
2419 9 22
2420 27 108
2421 19 77
2422 20 69
2423 27 29
2424 91 120
2425 111 117
2426 60 67
2427 25 39
2428 32 63
2429 40 47
2430 7 32
2431 54 69
2432 2 119
2433 22 114
2434 78 79
2435 27 101
2436 46 116
2437 15 17
2438 17 79
2439 19 82
2440 6 107
2441 10 102
2442 13 27
2443 35 114
2444 91 113
2445 92 97
2446 111 114
2447 3 29
2448 25 40
