1 50 96
2 14 74
3 70 103
4 74 106
5 75 104
6 95 101
7 100 112
8 48 86
9 29 44
10 104 115
11 73 82
12 1 64
13 2 78
14 41 57
15 22 117
16 78 86
17 51 112
18 19 91
19 76 88
20 5 84
21 10 97
22 49 58
23 67 80
24 91 118
25 20 58
26 116 118
27 45 78
28 84 95
29 85 87
30 14 77
31 1 40
32 57 59
33 38 119
34 75 97
35 4 35
36 80 116
37 95 98
38 8 38
39 99 103
40 48 77
41 29 37
42 33 34
43 78 89
44 61 63
45 26 67
46 79 85
47 103 115
48 19 96
49 20 82
50 76 87
51 77 95
52 42 67
53 45 54
54 49 51
55 67 89
56 92 119
57 3 11
58 23 84
59 25 58
60 84 102
61 32 68
62 14 84
63 70 81
64 18 107
65 1 33
66 57 60
67 38 110
68 21 46
69 75 102
70 95 107
71 99 108
72 100 102
73 29 62
74 72 74
75 36 80
76 2 64
77 41 43
78 79 82
79 26 74
80 27 72
81 12 41
82 103 104
83 15 108
84 19 105
85 37 63
86 76 78
87 77 88
88 5 70
89 45 47
90 49 52
91 67 94
92 32 91
93 33 67
94 14 95
95 70 72
96 71 90
97 39 109
98 100 109
99 33 60
100 16 20
101 2 91
102 41 44
103 26 85
104 12 32
105 19 110
106 112 119
107 77 81
108 24 99
109 5 79
110 67 71
111 13 63
112 91 93
113 71 83
114 18 93
115 57 78
116 58 68
117 21 48
118 26 45
119 63 96
120 73 78
121 54 56
122 26 92
123 27 70
124 51 76
125 34 44
126 52 70
127 109 115
128 19 119
129 67 76
130 30 64
131 8 115
132 28 110
133 84 115
134 89 104
135 90 102
136 71 72
137 18 84
138 58 79
139 39 99
140 4 7
141 26 52
142 46 51
143 68 100
144 97 105
145 27 95
146 88 95
147 34 39
148 52 77
149 25 101
150 10 12
151 64 119
152 85 116
153 32 96
154 50 54
155 89 113
156 18 79
157 1 13
158 58 86
159 80 87
160 7 115
161 46 58
162 68 99
163 72 102
164 19 20
165 2 36
166 37 66
167 93 101
168 97 98
169 30 35
170 51 90
171 34 62
172 25 110
173 101 118
174 8 97
175 11 28
176 90 104
177 53 100
178 18 70
179 1 6
180 110 111
181 58 81
182 21 75
183 22 75
184 7 104
185 69 100
186 16 112
187 73 97
188 19 29
189 22 58
190 98 107
191 52 83
192 15 73
193 17 23
194 76 105
195 23 25
196 25 119
197 74 83
198 90 115
199 1 31
200 110 118
201 22 66
202 46 68
203 68 81
204 51 59
205 73 106
206 93 119
207 61 110
208 27 34
209 15 86
210 76 96
211 24 70
212 101 120
213 50 80
214 38 44
215 65 66
216 32 117
217 21 93
218 22 69
219 78 102
220 43 64
221 46 79
222 68 88
223 69 86
224 36 97
225 94 102
226 118 120
227 47 52
228 87 93
229 15 95
230 77 103
231 24 77
232 81 108
233 18 32
234 75 81
235 38 39
236 28 73
237 58 106
238 39 60
239 22 92
240 115 119
241 7 87
242 46 86
243 47 76
244 68 71
245 17 105
246 2 8
247 94 105
248 42 115
249 98 116
250 30 31
251 86 104
252 87 90
253 34 66
254 23 36
255 25 74
256 81 101
257 45 119
258 10 43
259 101 106
260 102 104
261 13 78
262 31 36
263 18 27
264 74 76
265 75 86
266 28 64
267 29 78
268 14 23
269 39 53
270 22 87
271 114 118
272 79 98
273 83 103
274 47 85
275 68 78
276 69 88
277 17 98
278 56 67
279 2 3
280 24 44
281 119 120
282 47 58
283 86 99
284 52 55
285 35 89
286 20 24
287 59 79
288 24 91
289 25 83
290 81 94
291 82 100
292 75 79
293 89 95
294 39 50
295 22 110
296 79 107
297 26 101
298 7 69
299 83 108
300 48 58
301 47 82
302 16 83
303 17 91
304 56 74
305 87 104
306 56 57
307 3 41
308 60 78
309 25 84
310 82 95
311 28 39
312 32 34
313 13 64
314 50 116
315 70 115
316 8 11
317 29 64
318 90 94
319 39 43
320 22 97
321 46 107
322 48 49
323 69 74
324 16 74
325 17 92
326 56 81
327 24 58
328 91 98
329 20 46
330 25 93
331 6 9
332 82 86
333 28 62
334 32 57
335 70 106
336 71 120
337 40 41
338 7 42
339 63 89
340 48 89
341 36 61
342 47 96
343 51 101
344 17 85
345 19 76
346 20 70
347 5 97
348 27 28
349 67 101
350 92 107
351 111 116
352 96 110
353 59 82
354 60 92
355 23 72
356 28 53
357 74 96
358 7 35
359 48 80
360 72 86
361 53 92
362 2 116
363 88 118
364 52 100
365 15 16
366 17 78
367 20 77
368 10 103
369 67 106
370 87 119
371 92 98
372 3 28
373 59 107
374 96 101
375 25 47
376 14 75
377 71 110
378 74 107
379 21 27
380 4 37
381 95 100
382 7 24
383 48 87
384 29 43
385 33 40
386 16 32
387 73 81
388 78 87
389 12 52
390 15 25
391 17 71
392 19 90
393 76 89
394 45 60
395 49 57
396 67 83
397 20 59
398 3 5
399 25 48
400 116 119
401 85 86
402 32 78
403 14 82
404 70 95
405 57 58
406 38 116
407 21 36
408 80 117
409 8 39
410 99 102
411 48 78
412 29 36
413 105 115
414 61 62
415 79 84
416 15 102
417 17 56
418 20 83
419 76 80
420 77 94
421 45 53
422 10 105
423 49 50
424 3 10
425 96 115
426 45 70
427 84 103
428 32 69
429 14 85
430 70 86
431 18 104
432 21 45
433 4 43
434 39 119
435 80 108
436 8 46
437 95 106
438 99 111
439 100 103
440 29 61
441 105 116
442 72 75
443 2 65
444 41 42
445 79 93
446 103 107
447 108 118
448 19 104
449 37 62
450 76 79
451 112 113
452 45 46
453 30 87
454 32 92
455 70 73
456 71 85
457 38 102
458 21 54
459 80 99
460 11 64
461 104 105
462 16 21
463 26 82
464 12 33
465 37 39
466 77 80
467 24 100
468 5 78
469 10 27
470 67 70
471 91 92
472 59 119
473 32 83
474 89 102
475 71 82
476 18 90
477 58 69
478 21 63
479 44 112
480 48 115
481 73 77
482 54 57
483 37 95
484 27 89
485 88 89
486 19 118
487 113 119
488 24 107
489 67 79
490 30 65
491 31 93
492 92 93
493 85 106
494 32 106
495 50 60
496 89 111
497 90 103
498 71 75
499 18 85
500 1 11
501 58 76
502 21 56
503 80 81
504 26 53
505 46 48
506 105 111
507 72 96
508 93 107
509 97 104
510 61 66
511 34 36
512 17 36
513 52 78
514 25 100
515 10 13
516 30 72
517 85 115
518 50 55
519 90 110
520 18 76
521 1 12
522 46 59
523 72 103
524 36 117
525 19 23
526 2 37
527 37 65
528 93 100
529 22 32
530 5 40
531 61 91
532 27 87
533 30 32
534 52 85
535 15 67
536 13 41
537 55 89
538 64 79
539 90 105
540 18 71
541 1 5
542 57 96
543 21 74
544 22 72
545 7 107
546 12 118
547 68 107
548 51 53
549 69 99
550 22 59
551 98 104
552 62 66
553 30 43
554 15 72
555 17 22
556 23 24
557 18 47
558 74 80
559 55 86
560 38 42
561 40 64
562 4 110
563 43 61
564 33 103
565 1 30
566 110 119
567 21 83
568 22 67
569 7 96
570 46 69
571 68 82
572 51 58
573 69 108
574 73 105
575 41 112
576 22 50
577 98 99
578 27 37
579 86 95
580 15 81
581 24 71
582 6 43
583 81 106
584 101 103
585 75 91
586 64 93
587 28 115
588 11 13
589 21 92
590 83 88
591 46 76
592 12 100
593 69 85
594 17 119
595 94 103
596 22 53
597 27 58
598 10 94
599 47 55
600 87 92
601 15 94
602 77 102
603 24 78
604 81 99
605 10 33
606 102 118
607 75 80
608 40 78
609 29 116
610 21 101
611 22 93
612 78 110
613 79 100
614 115 118
615 17 104
616 19 51
617 2 9
618 94 110
619 5 12
620 47 60
621 3 58
622 59 73
623 24 85
624 25 73
625 82 106
626 10 40
627 101 105
628 102 105
629 50 67
630 31 39
631 14 101
632 18 24
633 74 77
634 28 65
635 14 20
636 114 119
637 22 84
638 26 27
639 83 102
640 46 94
641 47 84
642 68 79
643 69 71
644 15 63
645 17 97
646 56 68
647 41 107
648 35 88
649 20 25
650 3 35
651 59 78
652 25 82
653 81 93
654 82 101
655 31 44
656 107 119
657 18 19
658 75 78
659 39 92
660 7 55
661 89 94
662 39 45
663 78 120
664 79 106
665 26 98
666 48 59
667 16 84
668 56 75
669 87 107
670 35 65
671 91 108
672 56 58
673 20 32
674 3 40
675 23 53
676 81 86
677 82 92
678 45 104
679 28 32
680 32 35
681 14 119
682 107 108
683 8 12
684 7 44
685 28 87
686 11 41
687 29 95
688 53 73
689 79 115
690 26 109
691 48 50
692 69 73
693 17 83
694 56 82
695 87 96
696 91 101
697 96 104
698 59 92
699 25 92
700 82 87
701 32 58
702 13 120
703 74 102
704 40 42
705 7 37
706 48 90
707 72 80
708 36 62
709 79 120
710 47 99
711 51 100
712 17 84
713 27 31
714 66 78
715 67 100
716 92 100
717 111 119
718 59 85
719 23 75
720 45 90
721 32 49
722 13 113
723 70 98
724 80 120
725 7 34
726 63 65
727 48 81
728 11 39
729 72 87
730 53 91
731 36 37
732 2 117
733 47 104
734 12 62
735 88 119
736 15 19
737 17 77
738 20 78
739 10 100
740 87 118
741 91 115
742 92 99
743 96 102
744 25 46
745 32 72
746 14 72
747 70 101
748 71 105
749 74 104
750 75 106
751 21 26
752 39 64
753 95 103
754 16 33
755 72 94
756 73 80
757 36 44
758 78 84
759 26 70
760 15 24
761 17 70
762 19 93
763 20 85
764 76 90
765 45 59
766 49 56
767 67 82
768 3 4
769 60 83
770 25 55
771 32 79
772 14 83
773 53 60
774 95 108
775 8 40
776 99 105
777 29 35
778 16 24
779 73 89
780 36 43
781 54 85
782 78 95
783 12 44
784 15 97
785 17 63
786 108 120
787 19 98
788 76 81
789 45 52
790 67 91
791 31 97
792 34 112
793 40 119
794 3 13
795 23 86
796 25 56
797 64 109
798 117 119
799 84 96
800 85 94
801 32 70
802 70 87
803 99 110
804 7 9
805 48 70
806 29 60
807 33 57
808 72 76
809 26 72
810 27 74
811 12 43
812 103 106
813 17 48
814 37 61
815 77 86
816 66 82
817 8 71
818 85 103
819 70 78
820 71 84
821 18 96
822 80 100
823 100 111
824 104 106
825 33 50
826 16 22
827 72 115
828 73 75
829 22 28
830 5 60
831 26 83
832 27 67
833 12 34
834 108 110
835 109 120
836 77 79
837 67 73
838 30 95
839 91 95
840 60 120
841 8 78
842 32 84
843 33 90
844 14 36
845 89 101
846 21 62
847 39 100
848 80 91
849 69 119
850 73 76
851 36 64
852 22 23
853 9 34
854 88 90
855 109 113
856 113 118
857 25 98
858 67 78
859 92 94
860 8 117
861 28 104
862 89 110
863 90 100
864 71 74
865 18 82
866 1 10
867 58 77
868 21 71
869 80 82
870 63 107
871 46 49
872 105 110
873 36 79
874 2 43
875 58 60
876 93 106
877 22 46
878 61 65
879 9 43
880 27 81
881 30 62
882 34 37
883 15 69
884 17 27
885 37 40
886 25 107
887 50 52
888 89 119
889 90 111
890 18 77
891 1 3
892 58 84
893 4 8
894 46 56
895 12 120
896 72 104
897 37 64
898 19 22
899 94 115
900 22 33
901 98 110
902 27 86
903 30 33
904 51 92
905 52 86
906 76 108
907 42 44
908 25 108
909 6 62
910 49 86
911 50 92
912 13 40
913 74 86
914 11 30
915 90 118
916 53 98
917 18 68
918 1 4
919 21 73
920 22 73
921 46 67
922 68 84
923 51 52
924 69 98
925 73 103
926 19 31
927 2 61
928 22 56
929 98 105
930 15 75
931 17 21
932 77 115
933 23 27
934 25 117
935 13 33
936 74 81
937 38 43
938 64 71
939 29 97
940 54 107
941 1 29
942 110 116
943 58 102
944 21 82
945 68 83
946 69 107
947 73 104
948 2 52
949 41 119
950 27 36
951 15 80
952 55 57
953 76 98
954 77 108
955 24 72
956 6 40
957 81 105
958 10 39
959 101 102
960 50 78
961 106 115
962 28 76
963 11 12
964 32 119
965 90 120
966 21 91
967 22 91
968 78 100
969 46 77
970 69 84
971 17 118
972 94 100
973 41 120
974 24 32
975 10 95
976 47 54
977 86 87
978 87 95
979 15 89
980 3 52
981 77 101
982 24 79
983 25 71
984 81 98
985 75 83
986 28 75
987 14 18
988 58 104
989 22 82
990 83 96
991 46 84
992 47 78
993 12 28
994 2 6
995 5 11
996 62 116
997 34 64
998 24 86
999 25 72
1000 81 91
1001 82 107
1002 101 104
1003 102 110
1004 14 106
1005 18 25
1006 38 92
1007 28 66
1008 14 21
1009 53 70
1010 2 110
1011 58 115
1012 39 55
1013 22 85
1014 78 118
1015 79 108
1016 114 116
1017 83 105
1018 47 87
1019 12 27
1020 68 72
1021 69 70
1022 17 96
1023 56 69
1024 42 120
1025 61 119
1026 9 113
1027 10 65
1028 35 91
1029 20 26
1030 25 81
1031 6 29
1032 81 92
1033 82 98
1034 49 107
1035 32 45
1036 106 108
1037 107 118
1038 38 87
1039 89 93
1040 39 44
1041 79 117
1042 26 99
1043 83 110
1044 48 60
1045 88 99
1046 69 79
1047 16 85
1048 17 89
1049 56 76
1050 87 106
1051 52 56
1052 35 64
1053 56 59
1054 20 33
1055 3 43
1056 59 70
1057 25 90
1058 81 85
1059 82 93
1060 28 33
1061 32 36
1062 38 78
1063 8 13
1064 11 40
1065 29 94
1066 90 92
1067 53 72
1068 22 103
1069 26 106
1070 27 104
1071 48 51
1072 47 101
1073 69 72
1074 16 76
1075 17 82
1076 56 83
1077 5 102
1078 10 115
1079 34 109
1080 91 100
1081 92 110
1082 96 105
1083 23 77
1084 82 84
1085 28 56
1086 32 59
1087 50 109
1088 70 104
1089 21 23
1090 63 91
1091 11 33
1092 72 81
1093 36 63
1094 27 97
1095 47 98
1096 16 67
1097 15 21
1098 17 75
1099 56 90
1100 19 78
1101 27 30
1102 66 79
1103 67 103
1104 87 120
1105 92 101
1106 111 118
1107 59 84
1108 23 74
1109 28 55
1110 32 50
1111 50 100
1112 14 70
1113 70 99
1114 8 59
1115 7 29
1116 63 64
1117 11 38
1118 53 90
1119 78 82
1120 9 28
1121 47 107
1122 88 120
1123 51 108
1124 15 18
1125 17 76
1126 19 87
1127 20 79
1128 76 92
1129 67 108
1130 91 114
1131 96 103
1132 60 85
1133 23 67
1134 32 73
1135 14 73
1136 70 90
1137 38 115
1138 21 25
1139 39 67
1140 95 102
1141 100 115
1142 16 34
1143 72 95
1144 78 85
1145 26 71
1146 15 27
1147 17 69
1148 19 92
1149 20 86
1150 42 71
1151 45 58
1152 10 108
1153 67 85
1154 3 7
1155 59 98
1156 14 80
1157 70 93
1158 53 59
1159 75 98
1160 80 119
1161 8 41
1162 99 104
1163 29 34
1164 33 39
1165 16 25
1166 78 92
1167 79 86
1168 26 78
1169 103 108
1170 17 62
1171 19 101
1172 76 82
1173 42 78
1174 45 51
1175 66 88
1176 67 90
1177 3 12
1178 60 107
1179 23 81
1180 116 120
1181 117 118
1182 84 97
1183 33 79
1184 14 91
1185 70 84
1186 80 110
1187 7 8
1188 33 56
1189 72 77
1190 22 26
1191 26 73
1192 27 77
1193 12 36
1194 15 105
1195 19 106
1196 77 85
1197 84 104
1198 85 102
1199 33 64
1200 89 99
1201 70 79
1202 71 87
1203 18 97
1204 1 63
1205 21 52
1206 80 101
1207 100 104
1208 104 107
1209 16 23
1210 73 74
1211 26 80
1212 12 35
1213 108 111
1214 109 119
1215 77 78
1216 67 72
1217 91 94
1218 55 76
1219 117 120
1220 32 85
1221 89 100
1222 71 76
1223 18 88
1224 58 67
1225 46 47
1226 68 120
1227 73 115
1228 36 65
1229 37 93
1230 26 91
1231 88 91
1232 34 43
1233 17 33
1234 109 112
1235 19 120
1236 113 117
1237 24 109
1238 25 97
1239 92 95
1240 8 118
1241 64 115
1242 50 58
1243 90 101
1244 18 83
1245 1 9
1246 58 74
1247 21 70
1248 80 83
1249 7 119
1250 63 106
1251 46 54
1252 72 98
1253 73 116
1254 2 40
1255 61 64
1256 27 80
1257 30 63
1258 51 86
1259 15 68
1260 17 26
1261 25 106
1262 10 11
1263 49 92
1264 31 68
1265 23 117
1266 25 27
1267 50 53
1268 33 107
1269 89 118
1270 90 108
1271 18 74
1272 1 2
1273 58 85
1274 21 79
1275 4 9
1276 26 58
1277 46 57
1278 29 31
1279 69 120
1280 72 105
1281 19 25
1282 97 103
1283 62 89
1284 51 95
1285 34 61
1286 15 77
1287 17 19
1288 25 115
1289 6 63
1290 101 115
1291 49 85
1292 13 39
1293 74 87
1294 40 91
1295 4 97
1296 64 65
1297 90 119
1298 18 69
1299 110 114
1300 58 92
1301 21 72
1302 22 78
1303 68 85
1304 51 55
1305 73 102
1306 98 102
1307 62 64
1308 27 46
1309 86 90
1310 15 74
1311 17 20
1312 76 100
1313 23 26
1314 25 116
1315 49 78
1316 50 84
1317 74 94
1318 55 80
1319 38 40
1320 43 63
1321 8 107
1322 53 106
1323 54 104
1324 1 28
1325 110 117
1326 58 103
1327 21 81
1328 78 98
1329 83 85
1330 46 75
1331 51 60
1332 69 106
1333 94 98
1334 61 107
1335 15 83
1336 55 56
1337 76 99
1338 24 73
1339 6 41
1340 50 79
1341 18 36
1342 74 89
1343 75 93
1344 28 77
1345 57 112
1346 7 91
1347 46 82
1348 69 83
1349 17 117
1350 2 12
1351 94 101
1352 24 33
1353 42 119
1354 98 120
1355 47 49
1356 15 88
1357 20 21
1358 24 80
1359 25 70
1360 101 110
1361 102 116
1362 49 120
1363 50 70
1364 35 61
1365 75 82
1366 28 68
1367 14 19
1368 58 105
1369 39 57
1370 22 83
1371 115 120
1372 79 102
1373 7 80
1374 83 99
1375 46 85
1376 12 29
1377 69 92
1378 17 110
1379 2 7
1380 94 108
1381 24 40
1382 5 10
1383 98 115
1384 62 117
1385 34 65
1386 20 28
1387 23 33
1388 25 79
1389 81 90
1390 82 104
1391 102 111
1392 31 33
1393 18 22
1394 74 75
1395 28 67
1396 14 26
1397 89 91
1398 53 69
1399 58 112
1400 22 106
1401 83 104
1402 46 92
1403 68 73
1404 17 103
1405 56 70
1406 19 58
1407 2 30
1408 93 95
1409 91 105
1410 20 27
1411 25 80
1412 81 83
1413 82 99
1414 32 46
1415 40 62
1416 39 94
1417 29 68
1418 89 92
1419 53 78
1420 39 47
1421 79 116
1422 7 70
1423 46 103
1424 47 95
1425 12 19
1426 88 100
1427 69 78
1428 17 88
1429 56 77
1430 19 67
1431 67 120
1432 87 101
1433 52 57
1434 35 67
1435 91 110
1436 56 60
1437 25 89
1438 81 84
1439 28 34
1440 32 37
1441 14 117
1442 11 43
1443 90 93
1444 53 87
1445 22 100
1446 48 52
1447 47 100
1448 88 107
1449 16 77
1450 17 81
1451 56 84
1452 24 61
1453 66 117
1454 67 97
1455 92 111
1456 96 106
1457 23 76
1458 6 12
1459 82 85
1460 32 60
1461 13 118
1462 50 106
1463 70 105
1464 71 117
1465 74 100
1466 40 44
1467 21 22
1468 39 76
1469 95 115
1470 7 39
1471 48 92
1472 72 82
1473 53 80
1474 88 114
1475 15 20
1476 17 74
1477 19 81
1478 41 92
1479 9 107
1480 67 102
1481 31 116
1482 92 102
1483 3 24
1484 59 87
1485 96 97
1486 23 69
1487 6 7
1488 28 48
1489 84 85
1490 14 71
1491 21 31
1492 39 69
1493 7 28
1494 36 39
1495 2 115
1496 78 83
1497 47 106
1498 17 67
1499 56 98
1500 19 86
1501 20 72
1502 76 93
1503 66 71
1504 30 97
1505 60 86
1506 45 81
1507 32 74
1508 14 78
1509 1 43
1510 75 108
1511 21 24
1512 95 97
1513 104 119
1514 73 86
1515 78 90
1516 26 68
1517 15 26
1518 17 68
1519 19 95
1520 20 87
1521 76 84
1522 41 78
1523 45 57
1524 67 84
1525 3 6
1526 32 65
1527 14 81
1528 70 82
1529 53 58
1530 75 101
1531 95 110
1532 80 104
1533 8 42
1534 99 107
1535 29 33
1536 16 26
1537 73 95
1538 79 81
1539 9 13
1540 19 100
1541 76 83
1542 24 25
1543 45 50
1544 49 55
1545 92 115
1546 23 80
1547 28 29
1548 84 98
1549 14 88
1550 70 85
1551 1 37
1552 38 98
1553 7 11
1554 48 120
1555 29 58
1556 33 63
1557 16 17
1558 72 78
1559 22 27
1560 79 94
1561 26 86
1562 27 76
1563 12 37
1564 112 116
1565 77 84
1566 59 115
1567 84 105
1568 32 95
1569 70 76
1570 71 86
1571 18 94
1572 1 62
1573 80 102
1574 26 46
1575 100 105
1576 104 108
1577 72 117
1578 26 81
1579 27 69
1580 114 115
1581 113 115
1582 67 75
1583 89 107
1584 70 71
1585 71 79
1586 105 107
1587 36 66
1588 54 60
1589 5 35
1590 88 92
1591 17 32
1592 109 111
1593 113 116
1594 76 120
1595 62 63
1596 49 90
1597 40 110
1598 8 119
1599 64 116
1600 85 119
1601 32 109
1602 50 59
1603 89 108
1604 18 80
1605 1 8
1606 58 75
1607 21 69
1608 80 84
1609 46 55
1610 105 108
1611 72 99
1612 54 55
1613 93 104
1614 62 87
1615 9 41
1616 27 83
1617 34 35
1618 15 71
1619 17 25
1620 52 73
1621 24 117
1622 25 105
1623 49 83
1624 25 26
1625 28 97
1626 18 75
1627 57 92
1628 58 82
1629 21 78
1630 4 10
1631 26 59
1632 29 30
1633 69 103
1634 72 106
1635 22 39
1636 97 102
1637 98 108
1638 30 39
1639 52 80
1640 15 76
1641 17 18
1642 76 110
1643 50 90
1644 74 84
1645 55 90
1646 40 92
1647 64 66
1648 90 116
1649 18 66
1650 110 115
1651 21 87
1652 22 79
1653 7 100
1654 11 97
1655 12 113
1656 68 86
1657 51 54
1658 69 96
1659 15 36
1660 73 101
1661 19 33
1662 98 103
1663 62 65
1664 27 33
1665 15 85
1666 76 101
1667 24 67
1668 49 77
1669 50 85
1670 74 95
1671 55 83
1672 38 41
1673 43 62
1674 28 119
1675 33 100
1676 53 105
1677 58 100
1678 21 80
1679 22 70
1680 78 99
1681 83 84
1682 68 93
1683 69 105
1684 73 110
1685 19 38
1686 94 99
1687 5 7
1688 15 82
1689 55 59
1690 59 60
1691 24 74
1692 77 106
1693 10 37
1694 49 70
1695 28 78
1696 29 120
1697 57 119
1698 21 89
1699 83 93
1700 46 83
1701 69 82
1702 17 116
1703 2 13
1704 94 106
1705 42 116
1706 27 63
1707 66 110
1708 47 48
1709 87 89
1710 20 22
1711 77 99
1712 24 81
1713 25 69
1714 81 96
1715 75 85
1716 38 91
1717 43 44
1718 28 69
1719 33 118
1720 14 16
1721 39 56
1722 22 80
1723 83 98
1724 12 30
1725 2 4
1726 24 41
1727 5 9
1728 27 52
1729 118 119
1730 47 57
1731 59 74
1732 23 32
1733 25 78
1734 28 45
1735 102 108
1736 31 32
1737 14 104
1738 107 115
1739 35 37
1740 18 23
1741 7 59
1742 14 27
1743 89 90
1744 21 107
1745 22 107
1746 39 49
1747 78 116
1748 26 102
1749 7 72
1750 79 110
1751 83 107
1752 68 74
1753 16 80
1754 17 102
1755 2 31
1756 93 94
1757 61 117
1758 87 111
1759 35 93
1760 91 104
1761 59 67
1762 25 87
1763 81 82
1764 82 96
1765 28 36
1766 102 103
1767 32 47
1768 40 63
1769 7 48
1770 28 91
1771 29 67
1772 53 77
1773 39 46
1774 22 98
1775 79 119
1776 46 100
1777 47 94
1778 88 101
1779 69 77
1780 16 87
1781 17 95
1782 56 78
1783 94 95
1784 87 100
1785 52 58
1786 35 66
1787 91 97
1788 25 88
1789 6 10
1790 82 91
1791 28 35
1792 32 38
1793 7 41
1794 63 92
1795 29 92
1796 53 86
1797 22 101
1798 27 106
1799 48 53
1800 16 78
1801 17 80
1802 56 85
1803 9 97
1804 10 113
1805 67 96
1806 91 102
1807 92 104
1808 96 107
1809 25 33
1810 6 13
1811 28 58
1812 50 107
1813 71 116
1814 74 101
1815 7 38
1816 72 83
1817 88 115
1818 51 105
1819 16 69
1820 15 23
1821 17 73
1822 56 92
1823 19 80
1824 67 105
1825 20 49
1826 96 98
1827 59 86
1828 111 112
1829 23 68
1830 28 49
1831 84 86
1832 50 98
1833 14 68
1834 53 55
1835 100 118
1836 63 66
1837 29 46
1838 33 43
1839 78 80
1840 19 89
1841 20 73
1842 76 94
1843 10 99
1844 66 68
1845 67 110
1846 91 116
1847 20 56
1848 60 87
1849 25 51
1850 32 75
1851 14 79
1852 4 33
1853 80 114
1854 95 96
1855 99 101
1856 29 39
1857 16 36
1858 73 85
1859 54 81
1860 78 91
1861 26 69
1862 9 11
1863 15 101
1864 19 94
1865 20 80
1866 76 85
1867 45 56
1868 10 106
1869 67 87
1870 34 116
1871 40 115
1872 3 9
1873 59 100
1874 25 52
1875 84 100
1876 14 86
1877 70 83
1878 53 57
1879 1 35
1880 38 104
1881 4 40
1882 80 105
1883 95 105
1884 8 43
1885 7 13
1886 99 106
1887 29 32
1888 33 37
1889 16 27
1890 73 94
1891 2 66
1892 79 80
1893 26 76
1894 9 12
1895 15 98
1896 19 103
1897 77 90
1898 24 26
1899 45 49
1900 49 54
1901 67 92
1902 55 120
1903 96 119
1904 23 83
1905 28 30
1906 84 99
1907 70 74
1908 18 100
1909 1 36
1910 80 96
1911 7 10
1912 105 120
1913 68 116
1914 33 62
1915 16 18
1916 72 79
1917 22 24
1918 5 48
1919 79 89
1920 27 79
1921 17 53
1922 19 108
1923 112 117
1924 77 83
1925 67 69
1926 55 113
1927 84 106
1928 32 80
1929 70 77
1930 71 81
1931 18 95
1932 58 70
1933 4 30
1934 80 103
1935 100 106
1936 29 50
1937 12 78
1938 68 115
1939 54 58
1940 27 68
1941 52 68
1942 17 46
1943 109 117
1944 113 114
1945 5 74
1946 67 74
1947 30 66
1948 55 78
1949 4 118
1950 32 87
1951 89 106
1952 71 78
1953 18 86
1954 39 97
1955 4 5
1956 80 94
1957 7 120
1958 105 106
1959 93 110
1960 97 107
1961 88 93
1962 52 67
1963 109 110
1964 37 44
1965 24 111
1966 25 103
1967 49 89
1968 8 120
1969 64 117
1970 84 120
1971 50 56
1972 18 81
1973 57 90
1974 58 72
1975 21 68
1976 4 12
1977 80 85
1978 46 52
1979 2 38
1980 58 59
1981 97 108
1982 5 43
1983 9 40
1984 27 82
1985 30 61
1986 52 74
1987 15 70
1988 17 24
1989 25 104
1990 55 92
1991 23 119
1992 50 51
1993 90 106
1994 53 102
1995 18 72
1996 58 83
1997 21 77
1998 4 11
1999 26 56
2000 7 110
2001 11 107
2002 69 102
2003 19 27
2004 2 33
2005 93 96
2006 22 36
2007 97 101
2008 61 87
2009 30 36
2010 52 81
2011 15 79
2012 42 43
2013 74 85
2014 55 85
2015 64 67
2016 18 67
2017 57 100
2018 58 90
2019 21 86
2020 22 76
2021 46 70
2022 68 87
2023 51 57
2024 16 117
2025 73 100
2026 19 32
2027 41 115
2028 98 100
2029 86 88
2030 15 84
2031 76 102
2032 24 68
2033 102 120
2034 49 76
2035 35 49
2036 64 90
2037 53 104
2038 58 101
2039 21 95
2040 22 71
2041 7 92
2042 83 87
2043 46 73
2044 47 69
2045 69 104
2046 94 96
2047 41 116
2048 5 6
2049 15 93
2050 55 58
2051 77 105
2052 25 67
2053 81 110
2054 49 69
2055 31 61
2056 75 95
2057 28 79
2058 29 119
2059 57 118
2060 58 108
2061 21 88
2062 22 94
2063 78 107
2064 115 117
2065 7 85
2066 46 80
2067 68 69
2068 69 81
2069 16 99
2070 17 107
2071 2 10
2072 94 107
2073 47 51
2074 86 106
2075 87 88
2076 15 90
2077 20 23
2078 77 98
2079 24 82
2080 25 68
2081 6 38
2082 81 103
2083 101 108
2084 102 106
2085 35 63
2086 74 78
2087 75 84
2088 38 88
2089 28 70
2090 14 17
2091 58 119
2092 39 59
2093 22 81
2094 114 120
2095 79 96
2096 26 28
2097 83 101
2098 12 31
2099 68 76
2100 69 90
2101 17 108
2102 37 97
2103 2 5
2104 5 8
2105 47 56
2106 52 53
2107 35 87
2108 59 77
2109 25 77
2110 81 88
2111 82 102
2112 28 46
2113 49 119
2114 31 35
2115 35 36
2116 18 20
2117 75 77
2118 7 58
2119 65 87
2120 11 63
2121 14 24
2122 2 109
2123 21 106
2124 22 104
2125 39 48
2126 78 117
2127 26 103
2128 7 75
2129 44 61
2130 46 98
2131 47 80
2132 48 56
2133 68 75
2134 83 106
2135 16 81
2136 17 101
2137 2 28
2138 5 113
2139 9 118
2140 87 110
2141 52 60
2142 35 92
2143 91 107
2144 3 39
2145 25 86
2146 82 97
2147 45 107
2148 28 37
2149 106 107
2150 8 9
2151 28 84
2152 53 76
2153 39 41
2154 22 99
2155 12 13
2156 69 76
2157 16 72
2158 17 94
2159 56 79
2160 19 69
2161 42 110
2162 66 120
2163 52 59
2164 35 69
2165 91 96
2166 3 44
2167 25 95
2168 6 11
2169 82 88
2170 45 100
2171 28 60
2172 32 39
2173 50 113
2174 28 83
2175 90 91
2176 53 85
2177 26 105
2178 83 120
2179 48 54
2180 51 99
2181 16 79
2182 17 87
2183 56 86
2184 20 68
2185 41 89
2186 66 115
2187 92 105
2188 96 108
2189 59 80
2190 23 78
2191 25 32
2192 82 83
2193 28 59
2194 50 104
2195 13 116
2196 14 66
2197 11 34
2198 29 84
2199 72 84
2200 41 49
2201 26 112
2202 46 119
2203 16 70
2204 15 22
2205 17 72
2206 20 67
2207 67 104
2208 13 28
2209 31 118
2210 92 96
2211 96 99
2212 23 71
2213 45 86
2214 28 50
2215 32 53
2216 13 109
2217 14 69
2218 50 99
2219 53 54
2220 70 102
2221 75 105
2222 39 71
2223 100 119
2224 29 45
2225 104 114
2226 73 83
2227 2 113
2228 78 81
2229 12 58
2230 52 97
2231 56 100
2232 19 88
2233 20 74
2234 76 95
2235 42 91
2236 49 59
2237 67 81
2238 87 114
2239 91 119
2240 111 120
2241 59 110
2242 25 50
2243 116 117
2244 84 94
2245 14 76
2246 71 101
2247 1 41
2248 75 110
2249 95 99
2250 80 115
2251 99 100
2252 48 76
2253 29 38
2254 33 35
2255 73 84
2256 36 40
2257 54 86
2258 78 88
2259 9 10
2260 15 100
2261 17 58
2262 56 107
2263 20 81
2264 76 86
2265 45 55
2266 10 107
2267 49 60
2268 67 86
2269 34 117
2270 35 97
2271 92 118
2272 40 116
2273 3 8
2274 59 103
2275 23 85
2276 25 59
2277 84 101
2278 14 87
2279 70 80
2280 53 56
2281 18 106
2282 71 98
2283 75 103
2284 38 105
2285 4 41
2286 80 106
2287 95 104
2288 8 44
2289 7 12
2290 99 109
2291 100 101
2292 105 118
2293 33 36
2294 72 73
2295 73 93
2296 79 83
2297 26 77
2298 27 73
2299 12 40
2300 103 105
2301 108 116
2302 19 102
2303 76 77
2304 24 27
2305 45 48
2306 66 87
2307 49 53
2308 67 95
2309 23 82
2310 28 31
2311 84 108
2312 85 90
2313 14 94
2314 70 75
2315 18 101
2316 38 96
2317 43 119
2318 100 108
2319 11 78
2320 29 56
2321 16 19
2322 22 25
2323 27 78
2324 12 39
2325 15 106
2326 17 52
2327 108 115
2328 113 120
2329 77 82
2330 5 64
2331 67 68
2332 64 120
2333 84 107
2334 33 69
2335 89 96
2336 71 80
2337 21 49
2338 39 107
2339 80 88
2340 100 107
2341 73 79
2342 54 59
2343 27 71
2344 51 77
2345 52 69
2346 109 116
2347 19 116
2348 5 73
2349 67 77
2350 28 109
2351 32 104
2352 89 105
2353 71 73
2354 18 87
2355 58 78
2356 21 58
2357 4 6
2358 80 95
2359 44 109
2360 46 50
2361 69 115
2362 97 106
2363 88 94
2364 37 43
2365 24 112
2366 25 102
2367 6 64
2368 18 63
2369 55 70
2370 3 100
2371 50 57
2372 89 114
2373 90 96
2374 18 78
2375 57 89
2376 21 67
2377 4 13
2378 80 86
2379 44 100
2380 46 53
2381 72 101
2382 19 21
2383 2 39
2384 97 99
2385 27 85
2386 30 34
2387 51 91
2388 49 81
2389 13 43
2390 29 107
2391 90 107
2392 18 73
2393 1 7
2394 57 98
2395 58 80
2396 21 76
2397 22 74
2398 46 60
2399 69 101
2400 72 108
2401 73 98
2402 19 26
2403 2 62
2404 97 100
2405 98 106
2406 62 92
2407 30 37
2408 52 82
2409 15 78
2410 76 104
2411 81 115
2412 74 82
2413 64 68
2414 29 100
2415 33 97
2416 110 113
2417 57 107
2418 21 85
2419 22 77
2420 68 80
2421 51 56
2422 69 110
2423 15 38
2424 73 107
2425 5 28
2426 98 101
2427 27 35
2428 30 44
2429 55 60
2430 76 103
2431 24 69
2432 49 67
2433 106 116
2434 74 93
2435 4 107
2436 8 110
2437 110 120
2438 58 98
2439 21 94
2440 22 68
2441 83 86
2442 46 78
2443 69 87
2444 16 109
2445 73 108
2446 94 97
2447 27 56
2448 47 53
2449 6 44
2450 10 35
2451 49 68
2452 75 94
2453 3 64
2454 28 72
2455 29 118
2456 14 15
2457 58 109
2458 39 61
2459 22 95
2460 115 116
2461 83 95
2462 46 81
2463 68 70
2464 69 80
2465 16 100
2466 17 106
2467 2 11
2468 94 104
2469 24 36
2470 98 119
2471 47 50
2472 87 91
2473 24 83
2474 25 75
2475 6 39
2476 81 102
2477 101 107
2478 102 107
2479 31 37
2480 35 62
2481 18 26
2482 74 79
2483 38 89
2484 7 60
2485 14 22
2486 78 115
2487 83 100
2488 47 74
2489 12 24
2490 68 77
2491 69 89
2492 37 96
2493 62 120
2494 47 59
2495 86 98
2496 52 54
2497 59 76
2498 25 76
2499 6 30
2500 81 95
2501 28 47
2502 31 34
2503 35 39
2504 18 21
2505 75 76
2506 40 58
2507 3 78
2508 7 53
2509 11 62
2510 14 25
2511 54 112
2512 79 104
2513 26 100
2514 48 57
2515 88 96
2516 16 82
2517 17 100
2518 56 73
2519 19 63
2520 91 106
2521 59 69
2522 25 85
2523 82 94
2524 32 33
2525 50 119
2526 35 44
2527 8 10
2528 7 50
2529 28 85
2530 29 65
2531 53 75
2532 39 40
2533 22 96
2534 26 111
2535 7 67
2536 69 75
2537 16 73
2538 17 93
2539 56 80
2540 19 68
2541 91 99
2542 59 90
2543 25 94
2544 6 8
2545 82 89
2546 28 61
2547 32 56
2548 7 43
2549 11 44
2550 53 84
2551 48 55
2552 88 110
2553 51 98
2554 17 86
2555 20 69
2556 41 88
2557 5 98
2558 27 29
2559 67 98
2560 92 106
2561 20 52
2562 111 117
2563 60 67
2564 23 73
2565 45 92
2566 14 67
2567 75 115
2568 7 32
2569 11 37
2570 72 85
2571 54 69
2572 2 119
2573 78 79
2574 51 107
2575 16 71
2576 15 17
2577 17 79
2578 20 76
2579 5 107
2580 10 102
2581 66 75
2582 67 107
2583 87 116
2584 111 114
2585 96 100
2586 60 90
2587 23 70
2588 45 85
