1 74 106
2 21 28
3 95 101
4 8 63
5 7 25
6 100 112
7 104 115
8 33 41
9 16 47
10 2 78
11 78 86
12 47 119
13 12 59
14 51 112
15 15 30
16 76 88
17 41 74
18 5 84
19 49 58
20 13 20
21 92 120
22 20 58
23 25 49
24 8 87
25 116 118
26 84 95
27 85 87
28 14 77
29 53 62
30 57 59
31 75 97
32 95 98
33 80 116
34 8 38
35 7 22
36 99 103
37 48 77
38 33 34
39 16 38
40 36 41
41 78 89
42 61 63
43 26 67
44 79 85
45 12 50
46 103 115
47 17 57
48 76 87
49 77 95
50 5 93
51 49 51
52 92 119
53 40 117
54 3 11
55 59 102
56 60 104
57 25 58
58 96 114
59 57 60
60 75 102
61 95 107
62 8 45
63 7 15
64 63 114
65 48 68
66 29 62
67 99 108
68 100 102
69 105 117
70 16 29
71 72 74
72 36 80
73 2 64
74 41 43
75 5 53
76 79 82
77 9 50
78 27 72
79 103 104
80 52 112
81 108 117
82 76 78
83 77 88
84 24 28
85 5 70
86 10 19
87 66 84
88 49 52
89 85 89
90 70 72
91 57 69
92 4 17
93 100 109
94 11 65
95 29 55
96 16 20
97 41 44
98 22 30
99 9 59
100 51 71
101 112 119
102 77 81
103 10 26
104 67 71
105 13 63
106 91 93
107 55 115
108 59 116
109 65 109
110 58 68
111 4 24
112 80 89
113 29 48
114 12 72
115 104 111
116 72 120
117 54 56
118 37 80
119 61 74
120 9 60
121 34 44
122 52 70
123 109 115
124 20 111
125 6 78
126 30 64
127 13 56
128 31 82
129 55 72
130 65 102
131 85 107
132 50 63
133 71 72
134 18 84
135 1 52
136 21 57
137 4 7
138 26 52
139 63 105
140 46 51
141 48 105
142 12 71
143 2 45
144 58 62
145 93 108
146 97 105
147 61 67
148 88 95
149 34 39
150 17 37
151 37 42
152 10 12
153 13 49
154 31 91
155 55 65
156 38 59
157 50 54
158 14 48
159 89 113
160 90 97
161 1 13
162 4 14
163 80 87
164 26 63
165 46 58
166 72 102
167 73 120
168 19 20
169 93 101
170 97 98
171 9 46
172 27 84
173 15 64
174 17 30
175 76 114
176 42 46
177 101 118
178 18 55
179 38 50
180 25 31
181 65 112
182 11 28
183 53 100
184 1 6
185 110 111
186 22 75
187 43 82
188 46 61
189 48 103
190 72 109
191 73 97
192 19 29
193 2 63
194 94 116
195 5 18
196 61 85
197 98 107
198 15 73
199 17 23
200 23 25
201 6 51
202 81 114
203 49 73
204 74 83
205 8 104
206 64 69
207 65 73
208 11 21
209 90 115
210 53 109
211 1 31
212 110 118
213 46 68
214 51 59
215 69 109
216 73 106
217 2 54
218 93 119
219 5 27
220 62 68
221 9 88
222 10 86
223 55 63
224 76 96
225 10 57
226 101 120
227 49 66
228 106 117
229 18 41
230 74 90
231 75 88
232 38 44
233 65 66
234 1 16
235 22 69
236 83 89
237 47 71
238 69 86
239 2 49
240 93 112
241 94 102
242 97 117
243 61 103
244 9 65
245 118 120
246 47 52
247 87 93
248 23 47
249 81 108
250 102 113
251 50 75
252 31 63
253 75 81
254 38 39
255 3 67
256 8 22
257 28 73
258 29 117
259 115 119
260 79 101
261 46 86
262 12 98
263 68 71
264 15 55
265 19 48
266 2 8
267 94 105
268 5 13
269 98 116
270 9 74
271 10 88
272 27 48
273 47 61
274 30 31
275 66 109
276 35 80
277 3 59
278 25 74
279 81 101
280 101 106
281 102 104
282 50 66
283 13 78
284 18 27
285 74 76
286 75 86
287 8 29
288 7 63
289 28 64
290 29 78
291 14 23
292 53 120
293 114 118
294 12 25
295 15 60
296 56 67
297 2 3
298 10 67
299 66 100
300 47 58
301 119 120
302 86 99
303 52 55
304 20 24
305 24 91
306 6 31
307 32 43
308 13 71
309 106 110
310 70 120
311 35 38
312 107 116
313 74 119
314 75 79
315 38 81
316 4 65
317 7 52
318 11 49
319 29 71
320 14 30
321 89 95
322 53 65
323 54 113
324 48 58
325 12 16
326 88 97
327 17 91
328 19 62
329 2 26
330 10 74
331 67 119
332 52 62
333 56 57
334 3 41
335 59 68
336 23 58
337 6 22
338 81 87
339 49 110
340 32 34
341 13 64
342 50 116
343 107 109
344 39 90
345 4 72
346 60 61
347 8 11
348 28 86
349 53 74
350 54 72
351 39 43
352 79 112
353 26 108
354 83 117
355 48 49
356 12 15
357 88 104
358 69 74
359 16 74
360 19 71
361 2 21
362 41 86
363 87 97
364 92 108
365 20 46
366 59 93
367 60 69
368 6 9
369 82 86
370 49 103
371 71 120
372 40 41
373 39 83
374 95 118
375 8 50
376 99 115
377 29 89
378 16 50
379 54 67
380 44 45
381 9 21
382 17 85
383 20 70
384 42 87
385 27 28
386 92 107
387 20 53
388 3 23
389 96 110
390 111 116
391 23 72
392 28 53
393 50 102
394 14 64
395 70 109
396 74 96
397 75 114
398 99 120
399 63 70
400 29 82
401 1 78
402 9 30
403 27 100
404 47 105
405 12 61
406 88 118
407 51 106
408 52 100
409 15 16
410 17 78
411 66 72
412 67 106
413 13 26
414 91 112
415 92 98
416 55 110
417 20 60
418 3 28
419 96 101
420 25 47
421 8 81
422 50 97
423 70 100
424 75 107
425 21 27
426 95 100
427 8 32
428 7 24
429 100 113
430 104 116
431 33 40
432 78 87
433 12 52
434 103 117
435 52 99
436 15 25
437 56 102
438 76 89
439 66 67
440 49 57
441 13 19
442 3 5
443 25 48
444 8 88
445 116 119
446 84 88
447 85 86
448 53 61
449 57 58
450 95 109
451 80 117
452 8 39
453 7 17
454 63 116
455 99 102
456 100 120
457 105 115
458 36 42
459 1 88
460 78 94
461 61 62
462 26 64
463 79 84
464 12 51
465 103 114
466 51 120
467 15 102
468 17 56
469 76 80
470 49 50
471 92 112
472 3 10
473 96 115
474 23 87
475 85 95
476 57 67
477 95 106
478 8 46
479 7 14
480 99 111
481 48 69
482 12 91
483 105 116
484 16 30
485 72 75
486 1 81
487 2 65
488 41 42
489 79 93
490 26 75
491 9 49
492 27 75
493 103 107
494 51 65
495 17 49
496 108 118
497 112 113
498 76 79
499 77 87
500 24 29
501 5 69
502 10 16
503 66 85
504 55 117
505 8 70
506 64 99
507 85 88
508 70 73
509 1 57
510 57 68
511 4 18
512 80 99
513 100 110
514 104 105
515 16 21
516 37 86
517 2 88
518 22 31
519 79 90
520 9 58
521 51 70
522 52 120
523 108 109
524 37 39
525 77 80
526 5 78
527 10 27
528 67 70
529 13 62
530 31 84
531 55 114
532 59 119
533 65 108
534 84 117
535 85 97
536 71 82
537 57 77
538 58 69
539 21 63
540 4 25
541 80 90
542 63 99
543 12 73
544 54 57
545 61 73
546 30 54
547 88 89
548 51 79
549 34 45
550 52 71
551 109 114
552 113 119
553 13 55
554 92 93
555 55 75
556 64 113
557 85 106
558 50 60
559 71 75
560 1 11
561 58 76
562 21 56
563 80 81
564 63 104
565 46 48
566 12 64
567 105 111
568 73 118
569 93 107
570 58 63
571 97 104
572 61 66
573 34 36
574 37 41
575 20 119
576 10 13
577 13 48
578 55 64
579 40 82
580 64 72
581 50 55
582 14 49
583 1 12
584 58 87
585 21 65
586 4 15
587 26 60
588 46 59
589 72 103
590 19 23
591 93 100
592 94 114
593 27 87
594 15 67
595 17 29
596 6 57
597 10 52
598 101 117
599 31 67
600 18 52
601 25 30
602 65 119
603 11 31
604 18 71
605 1 5
606 43 85
607 46 66
608 68 107
609 51 53
610 16 113
611 19 28
612 2 60
613 94 117
614 98 104
615 61 84
616 62 66
617 9 86
618 15 72
619 17 22
620 76 106
621 24 64
622 23 24
623 6 48
624 81 113
625 10 63
626 49 72
627 18 47
628 74 80
629 38 42
630 64 70
631 65 72
632 11 20
633 90 112
634 53 108
635 54 106
636 1 30
637 110 119
638 22 67
639 46 69
640 51 58
641 93 118
642 97 115
643 5 26
644 61 109
645 62 69
646 98 99
647 10 87
648 55 62
649 76 97
650 81 106
651 101 103
652 49 65
653 13 91
654 31 49
655 106 114
656 74 91
657 75 91
658 38 45
659 8 16
660 11 13
661 54 109
662 1 23
663 83 88
664 47 70
665 2 14
666 94 103
667 22 53
668 97 116
669 61 102
670 9 64
671 47 55
672 87 92
673 3 53
674 24 78
675 23 46
676 25 64
677 81 99
678 102 118
679 50 72
680 31 62
681 35 59
682 75 80
683 3 66
684 8 23
685 28 74
686 115 118
687 79 100
688 7 86
689 83 97
690 46 87
691 15 54
692 17 104
693 19 51
694 2 9
695 94 110
696 5 12
697 98 117
698 62 119
699 9 73
700 27 51
701 47 60
702 59 73
703 81 100
704 101 105
705 102 105
706 50 67
707 18 24
708 74 77
709 8 30
710 28 65
711 14 20
712 53 71
713 114 119
714 78 113
715 26 27
716 12 26
717 69 71
718 15 63
719 56 68
720 19 56
721 61 120
722 86 96
723 20 25
724 23 60
725 6 28
726 81 93
727 32 44
728 13 70
729 106 111
730 107 119
731 35 41
732 18 19
733 75 78
734 38 86
735 7 55
736 65 84
737 14 31
738 53 64
739 39 45
740 79 106
741 48 59
742 12 17
743 16 84
744 19 65
745 2 27
746 24 52
747 10 75
748 34 85
749 52 63
750 91 108
751 56 58
752 59 71
753 23 53
754 6 23
755 25 91
756 81 86
757 49 109
758 32 35
759 14 119
760 70 112
761 107 108
762 39 85
763 60 62
764 8 12
765 16 60
766 90 95
767 53 73
768 54 73
769 39 42
770 79 115
771 9 19
772 48 50
773 88 105
774 69 73
775 16 75
776 17 83
777 2 18
778 66 119
779 86 114
780 87 96
781 91 101
782 92 109
783 20 47
784 3 17
785 96 104
786 60 70
787 6 14
788 82 87
789 28 63
790 49 102
791 50 108
792 40 42
793 39 82
794 4 48
795 95 113
796 8 51
797 99 114
798 29 88
799 16 51
800 54 64
801 26 116
802 9 20
803 51 100
804 17 84
805 20 71
806 96 100
807 27 31
808 67 100
809 86 117
810 20 54
811 3 22
812 96 111
813 111 119
814 23 75
815 28 54
816 13 113
817 14 65
818 71 112
819 74 97
820 75 117
821 4 63
822 8 58
823 63 65
824 29 81
825 36 37
826 54 91
827 9 29
828 47 104
829 12 62
830 88 119
831 51 109
832 15 19
833 17 77
834 56 96
835 19 84
836 66 73
837 67 109
838 13 25
839 87 118
840 92 99
841 3 31
842 96 102
843 25 46
844 8 82
845 75 106
846 21 26
847 95 103
848 8 33
849 7 27
850 63 78
851 48 72
852 100 114
853 36 44
854 54 82
855 78 84
856 26 70
857 47 113
858 12 53
859 103 116
860 51 114
861 15 24
862 76 90
863 49 56
864 13 18
865 55 102
866 40 112
867 3 4
868 84 89
869 53 60
870 71 102
871 75 99
872 38 117
873 95 108
874 8 40
875 7 16
876 63 119
877 99 105
878 105 114
879 16 24
880 36 43
881 78 95
882 79 87
883 26 65
884 9 15
885 103 109
886 17 63
887 108 120
888 76 81
889 6 91
890 10 22
891 3 13
892 59 120
893 60 106
894 23 86
895 96 116
896 117 119
897 84 96
898 71 95
899 57 66
900 4 20
901 8 47
902 7 9
903 99 110
904 48 70
905 16 31
906 26 72
907 9 48
908 27 74
909 103 106
910 51 64
911 17 48
912 108 119
913 56 117
914 112 114
915 77 86
916 24 30
917 5 68
918 55 116
919 60 97
920 8 71
921 65 106
922 4 19
923 11 67
924 104 106
925 16 22
926 37 85
927 2 89
928 22 28
929 5 60
930 61 79
931 26 83
932 9 57
933 27 67
934 51 73
935 15 119
936 17 41
937 108 110
938 37 38
939 20 98
940 109 120
941 77 79
942 10 24
943 67 73
944 13 61
945 91 95
946 55 77
947 60 120
948 84 118
949 85 96
950 89 101
951 1 49
952 57 76
953 58 66
954 39 100
955 4 26
956 63 98
957 54 62
958 22 23
959 61 72
960 88 90
961 34 42
962 52 64
963 109 113
964 20 105
965 113 118
966 67 78
967 92 94
968 60 119
969 8 117
970 64 114
971 65 100
972 50 61
973 14 47
974 90 100
975 71 74
976 1 10
977 80 82
978 26 50
979 46 49
980 12 65
981 105 110
982 93 106
983 58 60
984 22 46
985 97 111
986 61 65
987 34 37
988 15 69
989 17 27
990 37 40
991 76 117
992 13 47
993 55 67
994 64 73
995 11 25
996 85 114
997 50 52
998 1 3
999 4 8
1000 26 61
1001 46 56
1002 48 98
1003 12 120
1004 68 109
1005 72 104
1006 19 22
1007 93 99
1008 94 115
1009 5 23
1010 61 90
1011 98 110
1012 27 86
1013 52 86
1014 15 66
1015 17 28
1016 76 108
1017 42 44
1018 6 62
1019 101 116
1020 50 92
1021 31 66
1022 18 53
1023 74 86
1024 55 88
1025 25 29
1026 11 30
1027 29 104
1028 53 98
1029 18 68
1030 1 4
1031 46 67
1032 11 111
1033 12 119
1034 51 52
1035 16 114
1036 69 98
1037 73 103
1038 19 31
1039 5 16
1040 61 83
1041 62 67
1042 98 105
1043 17 21
1044 76 107
1045 23 27
1046 6 49
1047 25 117
1048 81 112
1049 10 60
1050 31 75
1051 74 81
1052 38 43
1053 64 71
1054 11 23
1055 90 113
1056 54 107
1057 1 29
1058 57 104
1059 58 102
1060 110 116
1061 46 74
1062 51 61
1063 2 52
1064 93 117
1065 97 114
1066 5 25
1067 61 108
1068 55 57
1069 24 72
1070 81 105
1071 101 102
1072 49 64
1073 31 48
1074 106 115
1075 74 88
1076 75 90
1077 4 86
1078 8 17
1079 11 12
1080 1 22
1081 22 91
1082 78 100
1083 83 91
1084 47 65
1085 2 15
1086 94 100
1087 9 71
1088 47 54
1089 86 87
1090 87 95
1091 23 41
1092 101 111
1093 102 119
1094 50 73
1095 107 120
1096 18 30
1097 75 83
1098 3 69
1099 8 24
1100 14 18
1101 22 82
1102 7 81
1103 83 96
1104 12 28
1105 15 49
1106 17 111
1107 19 50
1108 2 6
1109 94 111
1110 5 11
1111 98 114
1112 9 72
1113 47 63
1114 86 110
1115 59 72
1116 24 86
1117 6 26
1118 81 91
1119 101 104
1120 102 110
1121 49 114
1122 50 64
1123 31 38
1124 107 113
1125 18 25
1126 8 31
1127 7 57
1128 28 66
1129 14 21
1130 53 70
1131 114 116
1132 78 118
1133 7 78
1134 46 95
1135 12 27
1136 68 72
1137 69 70
1138 15 62
1139 56 69
1140 19 59
1141 61 119
1142 66 98
1143 20 26
1144 59 65
1145 23 63
1146 6 29
1147 25 81
1148 81 92
1149 32 45
1150 13 69
1151 106 108
1152 107 118
1153 35 40
1154 74 117
1155 4 67
1156 14 28
1157 54 119
1158 39 44
1159 79 117
1160 83 110
1161 46 102
1162 48 60
1163 12 18
1164 88 99
1165 2 24
1166 24 53
1167 62 102
1168 10 72
1169 34 82
1170 52 56
1171 91 111
1172 56 59
1173 59 70
1174 60 72
1175 6 20
1176 81 85
1177 32 36
1178 50 114
1179 107 111
1180 60 63
1181 8 13
1182 90 92
1183 53 72
1184 79 114
1185 26 106
1186 9 18
1187 83 119
1188 48 51
1189 88 106
1190 69 72
1191 16 76
1192 17 82
1193 19 73
1194 2 19
1195 24 60
1196 62 105
1197 87 99
1198 92 110
1199 3 16
1200 59 95
1201 60 71
1202 23 77
1203 6 15
1204 82 84
1205 96 105
1206 13 119
1207 70 104
1208 40 43
1209 21 23
1210 4 49
1211 95 112
1212 8 52
1213 99 117
1214 16 52
1215 54 65
1216 1 75
1217 9 27
1218 46 112
1219 47 98
1220 88 113
1221 51 103
1222 16 67
1223 15 21
1224 17 75
1225 27 30
1226 67 103
1227 13 31
1228 31 117
1229 92 101
1230 20 55
1231 3 25
1232 111 118
1233 23 74
1234 28 55
1235 50 100
1236 74 110
1237 75 116
1238 39 74
1239 8 59
1240 7 29
1241 63 64
1242 100 116
1243 29 80
1244 36 38
1245 78 82
1246 9 28
1247 12 63
1248 52 102
1249 15 18
1250 17 76
1251 66 70
1252 13 24
1253 87 113
1254 55 104
1255 20 62
1256 3 30
1257 59 109
1258 96 103
1259 23 67
1260 14 73
1261 71 104
1262 74 105
1263 75 109
1264 21 25
1265 95 102
1266 80 112
1267 8 34
1268 7 26
1269 63 73
1270 48 73
1271 29 41
1272 100 115
1273 104 118
1274 36 45
1275 54 83
1276 41 62
1277 78 85
1278 26 71
1279 103 119
1280 51 117
1281 15 27
1282 17 69
1283 20 86
1284 76 91
1285 5 81
1286 49 63
1287 13 17
1288 3 7
1289 59 98
1290 23 88
1291 25 54
1292 84 90
1293 53 59
1294 95 111
1295 80 119
1296 8 41
1297 7 19
1298 63 118
1299 48 64
1300 99 104
1301 105 113
1302 33 39
1303 16 25
1304 79 86
1305 26 78
1306 9 14
1307 103 108
1308 52 116
1309 17 62
1310 76 82
1311 6 88
1312 10 23
1313 92 114
1314 3 12
1315 96 117
1316 23 81
1317 8 65
1318 25 63
1319 116 120
1320 117 118
1321 84 97
1322 85 93
1323 14 91
1324 70 84
1325 1 38
1326 57 65
1327 4 21
1328 7 8
1329 48 71
1330 22 26
1331 5 50
1332 79 95
1333 26 73
1334 27 77
1335 51 67
1336 17 55
1337 108 112
1338 112 115
1339 77 85
1340 24 31
1341 5 67
1342 10 30
1343 55 119
1344 59 112
1345 8 72
1346 65 105
1347 89 99
1348 1 63
1349 57 74
1350 4 28
1351 63 100
1352 29 52
1353 104 107
1354 16 23
1355 73 74
1356 2 86
1357 22 29
1358 61 78
1359 9 56
1360 51 72
1361 108 111
1362 109 119
1363 77 78
1364 5 76
1365 6 74
1366 10 25
1367 67 72
1368 13 60
1369 31 86
1370 55 76
1371 117 120
1372 65 98
1373 89 100
1374 18 88
1375 1 48
1376 58 67
1377 4 27
1378 46 47
1379 68 120
1380 54 63
1381 2 81
1382 61 71
1383 26 91
1384 27 91
1385 30 52
1386 51 81
1387 34 43
1388 52 65
1389 109 112
1390 113 117
1391 13 53
1392 92 95
1393 55 69
1394 50 58
1395 90 101
1396 18 83
1397 1 9
1398 58 74
1399 80 83
1400 26 51
1401 63 106
1402 46 54
1403 12 66
1404 105 109
1405 72 98
1406 93 105
1407 58 61
1408 22 47
1409 97 110
1410 61 64
1411 30 63
1412 52 72
1413 15 68
1414 17 26
1415 10 11
1416 30 78
1417 13 46
1418 18 59
1419 55 66
1420 23 117
1421 25 27
1422 11 24
1423 85 113
1424 50 53
1425 14 55
1426 90 108
1427 18 74
1428 1 2
1429 4 9
1430 26 58
1431 46 57
1432 29 31
1433 69 120
1434 19 25
1435 93 98
1436 97 103
1437 5 22
1438 61 89
1439 98 111
1440 9 83
1441 51 95
1442 17 19
1443 42 45
1444 23 29
1445 6 63
1446 101 115
1447 50 93
1448 18 50
1449 74 87
1450 25 28
1451 64 65
1452 65 117
1453 11 17
1454 14 62
1455 53 97
1456 18 69
1457 1 27
1458 110 114
1459 22 78
1460 46 64
1461 51 55
1462 73 102
1463 19 30
1464 97 120
1465 5 31
1466 61 82
1467 62 64
1468 9 84
1469 27 46
1470 98 102
1471 17 20
1472 76 100
1473 23 26
1474 6 54
1475 31 74
1476 38 40
1477 65 78
1478 11 22
1479 53 106
1480 1 28
1481 57 111
1482 58 103
1483 110 117
1484 83 85
1485 51 60
1486 16 106
1487 93 116
1488 94 98
1489 22 48
1490 5 24
1491 97 113
1492 27 39
1493 86 93
1494 55 56
1495 76 99
1496 59 61
1497 77 107
1498 49 71
1499 31 51
1500 106 112
1501 74 89
1502 75 93
1503 8 18
1504 64 95
1505 65 71
1506 11 15
1507 1 21
1508 22 88
1509 78 101
1510 7 91
1511 83 90
1512 47 64
1513 68 91
1514 2 12
1515 94 101
1516 98 120
1517 61 100
1518 9 70
1519 47 49
1520 20 21
1521 77 100
1522 23 40
1523 81 97
1524 10 47
1525 101 110
1526 49 120
1527 50 70
1528 102 116
1529 18 31
1530 75 82
1531 38 90
1532 8 25
1533 28 68
1534 14 19
1535 115 120
1536 78 108
1537 79 102
1538 26 30
1539 83 99
1540 47 73
1541 12 29
1542 15 48
1543 19 53
1544 2 7
1545 94 108
1546 5 10
1547 98 115
1548 47 62
1549 20 28
1550 3 60
1551 6 27
1552 81 90
1553 102 111
1554 50 65
1555 107 112
1556 18 22
1557 74 75
1558 28 67
1559 29 75
1560 14 26
1561 53 69
1562 58 112
1563 114 117
1564 12 20
1565 68 73
1566 15 57
1567 56 70
1568 2 30
1569 93 95
1570 10 78
1571 87 108
1572 20 27
1573 59 64
1574 23 62
1575 6 18
1576 81 83
1577 49 106
1578 50 120
1579 106 109
1580 35 43
1581 74 114
1582 7 49
1583 14 29
1584 79 116
1585 26 96
1586 83 113
1587 46 103
1588 47 95
1589 12 19
1590 48 61
1591 69 78
1592 17 88
1593 19 67
1594 2 25
1595 41 82
1596 62 103
1597 67 120
1598 87 101
1599 52 57
1600 56 60
1601 60 73
1602 23 55
1603 6 21
1604 81 84
1605 82 90
1606 32 37
1607 50 115
1608 107 110
1609 38 79
1610 39 87
1611 8 14
1612 16 62
1613 90 93
1614 9 17
1615 83 118
1616 48 52
1617 47 100
1618 19 72
1619 2 16
1620 66 117
1621 67 97
1622 86 112
1623 34 106
1624 92 111
1625 20 41
1626 3 19
1627 96 106
1628 60 64
1629 23 76
1630 6 12
1631 82 85
1632 28 57
1633 49 100
1634 50 106
1635 74 100
1636 40 44
1637 21 22
1638 95 115
1639 8 53
1640 99 116
1641 29 86
1642 16 53
1643 54 70
1644 1 74
1645 41 51
1646 9 26
1647 47 109
1648 88 114
1649 51 102
1650 15 20
1651 17 74
1652 19 81
1653 20 65
1654 42 82
1655 66 76
1656 67 102
1657 13 30
1658 92 102
1659 111 113
1660 3 24
1661 96 97
1662 60 95
1663 6 7
1664 28 48
1665 84 85
1666 14 71
1667 75 119
1668 21 31
1669 4 57
1670 95 120
1671 7 28
1672 63 67
1673 100 117
1674 104 112
1675 36 39
1676 1 67
1677 78 83
1678 46 120
1679 47 106
1680 15 29
1681 17 67
1682 19 86
1683 20 72
1684 5 87
1685 66 71
1686 67 111
1687 13 23
1688 87 112
1689 55 107
1690 20 63
1691 96 120
1692 23 66
1693 8 84
1694 13 104
1695 14 78
1696 18 117
1697 75 108
1698 21 24
1699 95 97
1700 80 113
1701 8 35
1702 7 21
1703 63 72
1704 11 94
1705 104 119
1706 33 45
1707 2 74
1708 78 90
1709 12 55
1710 103 118
1711 15 26
1712 17 68
1713 76 84
1714 49 62
1715 13 16
1716 92 116
1717 3 6
1718 60 109
1719 23 91
1720 25 53
1721 84 91
1722 14 81
1723 53 58
1724 57 63
1725 75 101
1726 4 47
1727 95 110
1728 99 107
1729 7 18
1730 48 65
1731 105 112
1732 33 38
1733 16 26
1734 73 95
1735 79 81
1736 9 13
1737 47 120
1738 103 111
1739 17 61
1740 76 83
1741 77 91
1742 24 25
1743 42 79
1744 10 20
1745 66 89
1746 49 55
1747 92 115
1748 3 15
1749 96 118
1750 60 100
1751 23 80
1752 8 66
1753 25 62
1754 28 29
1755 57 64
1756 4 22
1757 7 11
1758 48 120
1759 16 17
1760 1 86
1761 22 27
1762 5 49
1763 51 66
1764 108 113
1765 56 119
1766 112 116
1767 77 84
1768 10 31
1769 55 118
1770 59 115
1771 8 73
1772 64 102
1773 65 104
1774 85 101
1775 1 62
1776 57 73
1777 4 29
1778 43 106
1779 26 46
1780 100 105
1781 29 51
1782 104 108
1783 5 58
1784 61 77
1785 9 63
1786 27 69
1787 109 118
1788 113 115
1789 5 75
1790 13 59
1791 31 81
1792 65 97
1793 70 71
1794 1 55
1795 58 64
1796 12 68
1797 105 107
1798 54 60
1799 93 111
1800 61 70
1801 26 88
1802 27 90
1803 30 53
1804 88 92
1805 34 40
1806 52 66
1807 109 111
1808 37 45
1809 113 116
1810 62 63
1811 13 52
1812 55 68
1813 50 59
1814 1 8
1815 80 84
1816 26 48
1817 46 55
1818 48 109
1819 12 67
1820 105 108
1821 54 55
1822 2 41
1823 93 104
1824 97 109
1825 27 83
1826 34 35
1827 15 71
1828 17 25
1829 52 73
1830 6 69
1831 31 71
1832 18 56
1833 25 26
1834 11 27
1835 14 52
1836 89 117
1837 53 103
1838 18 75
1839 4 10
1840 43 81
1841 26 59
1842 46 62
1843 29 30
1844 68 111
1845 69 103
1846 19 24
1847 93 97
1848 94 113
1849 97 102
1850 5 21
1851 61 88
1852 98 108
1853 9 82
1854 17 18
1855 23 28
1856 6 60
1857 101 114
1858 18 51
1859 74 84
1860 64 66
1861 11 16
1862 14 63
1863 53 96
1864 18 66
1865 1 26
1866 110 115
1867 46 65
1868 51 54
1869 94 120
1870 22 62
1871 5 30
1872 98 103
1873 62 65
1874 9 91
1875 86 91
1876 76 101
1877 24 67
1878 6 55
1879 81 118
1880 106 118
1881 74 95
1882 38 41
1883 8 108
1884 53 105
1885 1 19
1886 58 100
1887 78 99
1888 83 84
1889 46 72
1890 12 104
1891 51 63
1892 69 105
1893 19 38
1894 93 115
1895 94 99
1896 41 117
1897 22 49
1898 5 7
1899 97 112
1900 62 72
1901 55 59
1902 3 49
1903 59 60
1904 102 114
1905 49 70
1906 13 88
1907 31 50
1908 106 113
1909 40 74
1910 8 19
1911 65 70
1912 11 14
1913 53 114
1914 1 20
1915 58 111
1916 78 106
1917 83 93
1918 47 67
1919 19 47
1920 2 13
1921 94 106
1922 9 69
1923 47 48
1924 87 89
1925 20 22
1926 25 69
1927 81 96
1928 101 109
1929 102 117
1930 50 71
1931 106 120
1932 18 28
1933 75 85
1934 3 71
1935 43 44
1936 8 26
1937 28 69
1938 14 16
1939 26 31
1940 7 83
1941 47 72
1942 12 30
1943 69 91
1944 16 89
1945 15 51
1946 17 109
1947 56 64
1948 19 52
1949 2 4
1950 5 9
1951 98 112
1952 9 78
1953 27 52
1954 66 105
1955 47 57
1956 118 119
1957 86 108
1958 20 29
1959 3 63
1960 25 78
1961 6 24
1962 81 89
1963 102 108
1964 32 40
1965 13 74
1966 107 115
1967 35 37
1968 18 23
1969 38 82
1970 4 70
1971 14 27
1972 89 90
1973 53 68
1974 54 114
1975 26 102
1976 83 107
1977 12 21
1978 16 80
1979 17 102
1980 56 71
1981 2 31
1982 93 94
1983 41 104
1984 24 48
1985 61 117
1986 34 89
1987 91 104
1988 59 67
1989 6 19
1990 81 82
1991 102 103
1992 13 67
1993 31 41
1994 35 42
1995 74 115
1996 38 85
1997 7 48
1998 16 56
1999 58 120
2000 7 65
2001 48 62
2002 88 101
2003 69 77
2004 16 87
2005 19 66
2006 2 22
2007 94 95
2008 41 81
2009 34 80
2010 52 58
2011 91 97
2012 56 61
2013 60 74
2014 23 54
2015 6 10
2016 25 88
2017 82 91
2018 49 98
2019 32 38
2020 50 112
2021 70 119
2022 75 120
2023 39 86
2024 95 117
2025 8 15
2026 63 92
2027 16 63
2028 9 16
2029 48 53
2030 47 103
2031 16 78
2032 19 75
2033 2 17
2034 5 100
2035 86 113
2036 92 104
2037 3 18
2038 96 107
2039 60 65
2040 23 79
2041 6 13
2042 28 58
2043 74 101
2044 75 113
2045 40 45
2046 4 51
2047 95 114
2048 99 119
2049 63 69
2050 16 54
2051 54 71
2052 41 50
2053 9 25
2054 88 115
2055 51 105
2056 16 69
2057 15 23
2058 19 80
2059 20 66
2060 67 105
2061 13 29
2062 92 103
2063 55 109
2064 20 49
2065 3 27
2066 96 98
2067 111 112
2068 28 49
2069 84 86
2070 53 55
2071 71 109
2072 74 108
2073 75 118
2074 21 30
2075 7 31
2076 63 66
2077 100 118
2078 104 113
2079 33 43
2080 1 66
2081 41 59
2082 78 80
2083 12 57
2084 103 120
2085 15 28
2086 17 66
2087 20 73
2088 5 86
2089 66 68
2090 13 22
2091 87 115
2092 55 106
2093 45 80
2094 84 93
2095 71 106
2096 95 96
2097 80 114
2098 8 36
2099 7 20
2100 99 101
2101 104 120
2102 33 44
2103 2 75
2104 78 91
2105 9 11
2106 47 114
2107 12 48
2108 103 113
2109 51 119
2110 17 59
2111 76 85
2112 49 61
2113 13 15
2114 92 117
2115 55 99
2116 3 9
2117 96 112
2118 60 110
2119 84 100
2120 53 57
2121 57 62
2122 75 100
2123 95 105
2124 99 106
2125 7 13
2126 63 112
2127 48 66
2128 11 86
2129 105 119
2130 33 37
2131 16 27
2132 2 66
2133 79 80
2134 9 12
2135 12 47
2136 103 110
2137 77 90
2138 24 26
2139 10 21
2140 49 54
2141 55 120
2142 3 14
2143 96 119
2144 23 83
2145 8 67
2146 28 30
2147 84 99
2148 57 71
2149 4 23
2150 43 116
2151 7 10
2152 105 120
2153 16 18
2154 22 24
2155 79 89
2156 9 53
2157 51 69
2158 108 114
2159 56 120
2160 112 117
2161 77 83
2162 42 55
2163 5 65
2164 6 81
2165 10 28
2166 66 81
2167 67 69
2168 30 91
2169 55 113
2170 8 74
2171 84 106
2172 85 100
2173 89 97
2174 57 72
2175 58 70
2176 4 30
2177 26 47
2178 100 106
2179 63 102
2180 29 50
2181 104 109
2182 54 58
2183 37 82
2184 5 57
2185 61 76
2186 9 62
2187 52 68
2188 17 46
2189 109 117
2190 19 117
2191 113 114
2192 42 62
2193 5 74
2194 13 58
2195 31 80
2196 84 113
2197 89 106
2198 18 86
2199 58 65
2200 4 5
2201 26 54
2202 48 119
2203 12 69
2204 105 106
2205 54 61
2206 93 110
2207 97 107
2208 61 69
2209 88 93
2210 34 41
2211 17 39
2212 52 67
2213 109 110
2214 37 44
2215 6 67
2216 10 14
2217 30 69
2218 13 51
2219 18 62
2220 55 71
2221 85 118
2222 50 56
2223 33 80
2224 14 50
2225 90 99
2226 1 15
2227 58 72
2228 4 12
2229 80 85
2230 26 49
2231 46 52
2232 2 38
2233 58 59
2234 93 103
2235 97 108
2236 27 82
2237 15 70
2238 17 24
2239 6 58
2240 40 86
2241 11 26
2242 50 51
2243 14 53
2244 90 106
2245 53 102
2246 4 11
2247 26 56
2248 46 63
2249 68 104
2250 69 102
2251 19 27
2252 93 96
2253 94 118
2254 97 101
2255 98 109
2256 9 81
2257 76 111
2258 42 43
2259 23 31
2260 10 48
2261 101 113
2262 18 48
2263 74 85
2264 64 67
2265 65 75
2266 11 19
2267 14 60
2268 90 117
2269 18 67
2270 1 25
2271 57 100
2272 110 112
2273 22 76
2274 46 70
2275 51 57
2276 16 117
2277 69 111
2278 73 100
2279 22 63
2280 5 29
2281 61 80
2282 62 70
2283 9 90
2284 86 88
2285 55 61
2286 6 52
2287 81 117
2288 102 120
2289 31 52
2290 106 119
2291 53 104
2292 1 18
2293 78 96
2294 44 80
2295 83 87
2296 46 73
2297 47 69
2298 12 105
2299 51 62
2300 16 108
2301 73 109
2302 93 114
2303 94 96
2304 22 54
2305 5 6
2306 61 105
2307 62 73
2308 9 67
2309 97 119
2310 55 58
2311 59 63
2312 24 75
2313 25 67
2314 6 47
2315 102 115
2316 49 69
2317 75 95
2318 3 65
2319 8 20
2320 65 69
2321 115 117
2322 78 107
2323 47 66
2324 68 69
2325 69 81
2326 16 99
2327 15 53
2328 2 10
2329 94 107
2330 5 15
2331 61 98
2332 98 118
2333 9 68
2334 27 62
2335 47 51
2336 86 106
2337 87 88
2338 20 23
2339 3 57
2340 23 42
2341 101 108
2342 102 106
2343 50 68
2344 18 29
2345 74 78
2346 75 84
2347 38 88
2348 8 27
2349 28 70
2350 14 17
2351 54 120
2352 58 119
2353 114 120
2354 22 81
2355 78 114
2356 26 28
2357 83 101
2358 46 91
2359 12 31
2360 68 76
2361 16 90
2362 15 50
2363 56 65
2364 19 55
2365 2 5
2366 5 8
2367 9 77
2368 10 69
2369 27 55
2370 47 56
2371 66 102
2372 52 53
2373 20 30
2374 6 25
2375 81 88
2376 28 46
2377 102 109
2378 49 119
2379 32 41
2380 13 73
2381 107 114
2382 35 36
2383 18 20
2384 75 77
2385 11 63
2386 14 24
2387 53 67
2388 114 115
2389 78 117
2390 79 105
2391 7 75
2392 83 106
2393 46 98
2394 48 56
2395 12 22
2396 68 75
2397 16 81
2398 15 59
2399 56 72
2400 2 28
2401 24 49
2402 62 98
2403 86 100
2404 52 60
2405 91 107
2406 59 66
2407 6 16
2408 49 104
2409 50 118
2410 13 66
2411 106 107
2412 35 45
2413 8 9
2414 29 66
2415 53 76
2416 54 74
2417 39 41
2418 79 118
2419 48 63
2420 12 13
2421 69 76
2422 16 72
2423 19 69
2424 2 23
2425 66 120
2426 34 81
2427 52 59
2428 56 62
2429 60 75
2430 6 11
2431 82 88
2432 32 39
2433 4 53
2434 95 116
2435 8 48
2436 99 113
2437 63 95
2438 29 91
2439 16 48
2440 90 91
2441 54 77
2442 9 23
2443 48 54
2444 47 102
2445 51 99
2446 17 87
2447 19 74
2448 24 63
2449 86 118
2450 34 104
2451 92 105
2452 3 21
2453 96 108
2454 60 66
2455 23 78
2456 82 83
2457 50 104
2458 70 111
2459 75 112
2460 4 60
2461 99 118
2462 63 68
2463 29 84
2464 54 68
2465 9 24
2466 47 111
2467 15 22
2468 20 67
2469 42 80
2470 5 108
2471 66 74
2472 67 104
2473 13 28
2474 87 117
2475 92 96
2476 111 115
2477 3 26
2478 59 105
2479 96 99
2480 28 50
2481 84 87
2482 50 99
2483 14 69
2484 70 102
2485 53 54
2486 75 105
2487 21 29
2488 8 62
2489 7 30
2490 100 119
2491 11 91
2492 29 45
2493 104 114
2494 33 42
2495 54 95
2496 78 81
2497 12 58
2498 51 113
2499 15 31
2500 20 74
2501 76 95
2502 41 75
2503 66 69
2504 49 59
2505 13 21
2506 87 114
2507 111 120
2508 116 117
2509 8 86
2510 53 63
2511 75 110
2512 95 99
2513 8 37
2514 7 23
2515 99 100
2516 48 76
2517 29 38
2518 33 35
2519 36 40
2520 78 88
2521 26 66
2522 9 10
2523 12 49
2524 103 112
2525 52 104
2526 17 58
2527 112 120
2528 76 86
2529 49 60
2530 13 14
2531 92 118
2532 55 98
2533 3 8
2534 59 103
2535 60 111
2536 96 113
2537 64 106
2538 84 101
2539 53 56
2540 57 61
2541 95 104
2542 80 106
2543 8 44
2544 7 12
2545 63 115
2546 48 67
2547 29 63
2548 99 109
2549 100 101
2550 33 36
2551 16 28
2552 72 73
2553 105 118
2554 2 67
2555 79 83
2556 103 105
2557 15 109
2558 17 51
2559 108 116
2560 76 77
2561 77 89
2562 24 27
2563 5 71
2564 10 18
2565 49 53
2566 30 81
2567 60 102
2568 23 82
2569 64 97
2570 28 31
2571 84 108
2572 85 90
2573 57 70
2574 4 16
2575 100 108
2576 63 120
2577 11 78
2578 29 56
2579 16 19
2580 41 45
2581 22 25
2582 5 63
2583 79 88
2584 27 78
2585 51 68
2586 17 52
2587 108 115
2588 112 118
2589 113 120
2590 77 82
2591 5 64
2592 10 29
2593 67 68
2594 55 112
2595 8 75
2596 64 120
2597 84 107
2598 85 99
2599 89 96
2600 58 71
2601 4 31
2602 80 88
2603 100 107
2604 63 97
2605 29 49
2606 104 110
2607 72 119
2608 54 59
2609 61 75
2610 30 48
2611 52 69
2612 109 116
2613 5 73
2614 6 73
2615 30 67
2616 13 57
2617 31 83
2618 55 73
2619 65 103
2620 84 114
2621 50 62
2622 71 73
2623 18 87
2624 1 53
2625 58 78
2626 4 6
2627 80 95
2628 26 55
2629 63 110
2630 46 50
2631 12 70
2632 73 112
2633 93 109
2634 97 106
2635 61 68
2636 9 38
2637 34 38
2638 15 120
2639 17 38
2640 52 76
2641 37 43
2642 6 64
2643 10 15
2644 13 50
2645 31 88
2646 18 63
2647 55 70
2648 40 80
2649 3 100
2650 64 118
2651 65 120
2652 28 100
2653 85 117
2654 50 57
2655 14 51
2656 89 114
2657 18 78
2658 1 14
2659 58 73
2660 21 67
2661 4 13
2662 80 86
2663 46 53
2664 19 21
2665 93 102
2666 97 99
2667 9 47
2668 15 65
2669 17 31
2670 76 113
2671 101 119
2672 55 95
2673 11 29
2674 14 58
2675 90 107
2676 1 7
2677 22 74
2678 26 57
2679 46 60
2680 48 102
2681 19 26
2682 94 119
2683 5 19
2684 98 106
2685 9 80
2686 76 104
2687 23 30
2688 6 50
2689 81 115
2690 10 49
2691 101 112
2692 49 74
2693 31 78
2694 18 49
2695 74 82
2696 38 52
2697 64 68
2698 65 74
2699 11 18
2700 14 61
2701 90 114
2702 53 110
2703 1 24
2704 57 107
2705 110 113
2706 46 71
2707 51 56
2708 17 120
2709 2 57
2710 93 120
2711 5 28
2712 98 101
2713 62 71
2714 86 89
2715 55 60
2716 77 111
2717 24 69
2718 6 53
2719 81 116
2720 49 67
2721 106 116
2722 74 93
2723 75 89
2724 3 91
2725 64 91
2726 65 67
2727 53 119
2728 1 17
2729 110 120
2730 78 97
2731 83 86
2732 47 68
2733 15 47
2734 2 48
2735 93 113
2736 94 97
2737 97 118
2738 61 104
2739 47 53
2740 59 62
2741 25 66
2742 102 112
2743 49 68
2744 50 74
2745 3 64
2746 8 21
2747 65 68
2748 28 72
2749 14 15
2750 53 112
2751 54 102
2752 58 109
2753 115 116
2754 83 95
2755 68 70
2756 16 100
2757 15 52
2758 19 49
2759 2 11
2760 5 14
2761 98 119
2762 9 75
2763 10 91
2764 47 50
2765 87 91
2766 25 75
2767 101 107
2768 102 107
2769 50 69
2770 18 26
2771 74 79
2772 75 87
2773 38 89
2774 8 28
2775 7 60
2776 28 71
2777 29 79
2778 14 22
2779 79 99
2780 26 29
2781 7 77
2782 83 100
2783 47 74
2784 12 24
2785 68 77
2786 16 91
2787 15 61
2788 56 66
2789 62 120
2790 27 54
2791 66 103
2792 47 59
2793 52 54
2794 20 31
2795 25 76
2796 6 30
2797 81 95
2798 28 47
2799 32 42
2800 107 117
2801 35 39
2802 18 21
2803 74 118
2804 75 76
2805 4 64
2806 7 53
2807 14 25
2808 53 66
2809 7 74
2810 48 57
2811 12 23
2812 88 96
2813 15 58
2814 17 100
2815 56 73
2816 19 63
2817 2 29
2818 87 105
2819 34 87
2820 52 61
2821 59 69
2822 23 59
2823 6 17
2824 49 111
2825 32 33
2826 13 65
2827 35 44
2828 74 113
2829 38 75
2830 39 91
2831 8 10
2832 54 75
2833 39 40
2834 79 113
2835 7 67
2836 83 114
2837 12 14
2838 16 73
2839 19 68
2840 2 20
2841 24 57
2842 56 63
2843 3 47
2844 60 68
2845 23 48
2846 6 8
2847 82 89
2848 50 110
2849 95 119
2850 8 49
2851 99 112
2852 29 90
2853 16 49
2854 54 66
2855 9 22
2856 46 109
2857 47 97
2858 48 55
2859 88 110
2860 51 98
2861 16 64
2862 17 86
2863 20 69
2864 42 86
2865 62 109
2866 27 29
2867 66 112
2868 67 98
2869 92 106
2870 20 52
2871 3 20
2872 96 109
2873 60 67
2874 23 73
2875 111 117
2876 28 52
2877 50 105
2878 14 67
2879 74 99
2880 75 115
2881 8 56
2882 63 71
2883 36 59
2884 54 69
2885 78 79
2886 9 31
2887 47 110
2888 12 60
2889 88 117
2890 16 71
2891 15 17
2892 13 27
2893 34 96
2894 92 97
2895 55 111
2896 20 51
2897 3 29
2898 111 114
2899 28 51
