1 32 54
2 50 96
3 14 74
4 70 103
5 71 111
6 74 106
7 75 104
8 21 28
9 39 70
10 7 25
11 63 76
12 48 86
13 29 44
14 100 112
15 104 115
16 33 41
17 16 47
18 72 92
19 73 82
20 2 78
21 41 57
22 22 117
23 78 86
24 52 98
25 15 30
26 17 64
27 56 101
28 76 88
29 5 84
30 45 61
31 10 97
32 49 58
33 67 80
34 13 20
35 91 118
36 92 120
37 60 81
38 25 49
39 116 118
40 45 78
41 84 95
42 85 87
43 32 77
44 13 101
45 70 94
46 53 62
47 71 100
48 57 59
49 38 119
50 75 97
51 95 98
52 80 116
53 8 38
54 7 22
55 63 117
56 99 103
57 33 34
58 16 38
59 73 91
60 36 41
61 78 89
62 79 85
63 12 50
64 103 115
65 52 105
66 37 54
67 76 87
68 77 95
69 6 101
70 45 54
71 66 93
72 49 51
73 67 89
74 92 119
75 3 11
76 25 58
77 64 107
78 45 71
79 84 102
80 32 68
81 33 74
82 14 84
83 70 81
84 71 93
85 1 33
86 57 60
87 38 110
88 75 102
89 95 107
90 80 107
91 8 45
92 7 15
93 63 114
94 48 68
95 99 108
96 100 102
97 105 117
98 33 59
99 16 29
100 72 74
101 73 92
102 2 64
103 41 43
104 79 82
105 9 50
106 103 104
107 52 112
108 17 50
109 76 78
110 77 88
111 24 28
112 42 74
113 45 47
114 10 19
115 66 84
116 49 52
117 30 86
118 31 108
119 67 94
120 64 98
121 45 64
122 84 109
123 85 89
124 70 72
125 71 90
126 1 58
127 38 97
128 21 55
129 4 17
130 39 109
131 80 98
132 44 120
133 100 109
134 68 118
135 33 60
136 16 20
137 72 113
138 37 87
139 41 44
140 22 30
141 79 91
142 9 59
143 51 71
144 17 43
145 37 56
146 112 119
147 77 81
148 42 53
149 6 87
150 10 26
151 67 71
152 91 93
153 40 99
154 65 109
155 84 116
156 85 98
157 32 82
158 14 38
159 89 103
160 71 83
161 1 51
162 58 68
163 4 24
164 80 89
165 63 96
166 33 53
167 72 120
168 54 56
169 2 82
170 5 39
171 61 74
172 27 70
173 30 49
174 51 76
175 34 44
176 17 44
177 109 115
178 42 60
179 6 78
180 67 76
181 13 56
182 60 117
183 64 112
184 65 102
185 84 115
186 85 107
187 32 105
188 50 63
189 89 104
190 90 102
191 71 72
192 18 84
193 39 99
194 4 7
195 44 110
196 63 105
197 68 100
198 69 114
199 73 119
200 2 45
201 58 62
202 93 108
203 97 105
204 30 56
205 88 95
206 51 85
207 34 39
208 17 37
209 52 77
210 37 42
211 6 65
212 10 12
213 13 49
214 18 60
215 38 59
216 40 81
217 64 119
218 85 116
219 32 96
220 33 86
221 50 54
222 89 113
223 90 97
224 1 13
225 58 86
226 4 14
227 80 87
228 44 101
229 7 115
230 46 58
231 48 96
232 68 99
233 72 102
234 73 120
235 19 20
236 93 101
237 97 98
238 30 35
239 34 62
240 17 30
241 52 84
242 76 114
243 42 46
244 6 56
245 10 55
246 101 118
247 49 80
248 18 55
249 38 50
250 25 31
251 64 78
252 65 112
253 11 28
254 14 59
255 90 104
256 1 6
257 110 111
258 58 81
259 44 92
260 46 61
261 68 106
262 69 100
263 73 97
264 19 29
265 94 116
266 22 58
267 5 18
268 98 107
269 34 57
270 17 23
271 76 105
272 77 117
273 23 25
274 81 114
275 10 62
276 50 89
277 13 35
278 74 83
279 38 53
280 3 85
281 4 109
282 64 69
283 65 73
284 11 21
285 33 96
286 90 115
287 18 65
288 1 31
289 110 118
290 58 88
291 44 91
292 7 97
293 12 108
294 68 81
295 51 59
296 69 109
297 73 106
298 2 54
299 93 119
300 41 113
301 5 27
302 27 34
303 10 86
304 86 94
305 34 48
306 76 96
307 77 110
308 81 107
309 101 120
310 49 66
311 31 54
312 106 117
313 35 51
314 74 90
315 75 88
316 38 44
317 40 70
318 43 51
319 64 92
320 65 66
321 1 16
322 58 99
323 78 102
324 44 82
325 7 94
326 83 89
327 68 88
328 69 86
329 16 110
330 2 49
331 93 112
332 94 102
333 97 117
334 27 59
335 10 81
336 118 120
337 47 52
338 87 93
339 3 50
340 77 103
341 81 108
342 82 114
343 102 113
344 13 85
345 35 56
346 75 81
347 38 39
348 8 22
349 65 91
350 29 117
351 58 106
352 39 60
353 115 119
354 78 105
355 79 101
356 7 87
357 83 94
358 68 71
359 69 95
360 15 55
361 17 105
362 2 8
363 94 105
364 41 99
365 42 115
366 5 13
367 61 96
368 98 116
369 27 48
370 47 61
371 30 31
372 86 104
373 87 90
374 3 59
375 77 96
376 81 101
377 82 109
378 101 106
379 18 27
380 74 76
381 75 86
382 38 94
383 40 52
384 8 29
385 65 92
386 14 23
387 39 53
388 22 87
389 78 112
390 79 98
391 114 118
392 7 76
393 83 103
394 12 25
395 68 78
396 69 88
397 2 3
398 41 100
399 119 120
400 66 100
401 47 58
402 86 99
403 52 55
404 35 89
405 20 24
406 3 32
407 6 31
408 81 94
409 45 112
410 82 100
411 49 117
412 32 43
413 31 45
414 106 110
415 70 120
416 35 38
417 107 116
418 74 119
419 75 79
420 38 81
421 40 59
422 4 65
423 7 52
424 65 85
425 11 49
426 14 30
427 39 50
428 79 107
429 44 63
430 7 69
431 83 108
432 46 96
433 48 58
434 12 16
435 88 97
436 56 74
437 2 26
438 41 109
439 62 96
440 10 74
441 67 119
442 87 104
443 52 62
444 91 109
445 56 57
446 20 39
447 3 41
448 59 68
449 60 78
450 23 58
451 6 22
452 81 87
453 45 105
454 82 95
455 32 34
456 107 109
457 70 115
458 35 47
459 60 61
460 8 11
461 7 45
462 63 80
463 16 59
464 90 94
465 39 43
466 79 112
467 26 108
468 44 54
469 83 117
470 48 49
471 12 15
472 69 74
473 2 21
474 41 86
475 24 58
476 5 120
477 66 118
478 87 97
479 91 98
480 92 108
481 23 51
482 6 9
483 82 86
484 45 98
485 32 57
486 70 106
487 71 120
488 38 67
489 40 41
490 8 50
491 99 115
492 63 89
493 48 89
494 11 47
495 53 83
496 36 61
497 44 45
498 9 21
499 47 96
500 88 111
501 51 101
502 56 88
503 41 95
504 66 113
505 67 101
506 86 116
507 92 107
508 111 116
509 3 23
510 59 82
511 96 110
512 25 38
513 32 48
514 70 109
515 71 113
516 74 96
517 75 114
518 8 57
519 7 35
520 63 70
521 99 120
522 72 86
523 41 55
524 9 30
525 46 117
526 12 61
527 88 118
528 52 100
529 15 16
530 17 78
531 42 94
532 5 106
533 9 111
534 66 72
535 67 106
536 13 26
537 87 119
538 91 112
539 92 98
540 20 60
541 3 28
542 59 107
543 25 47
544 45 84
545 32 55
546 70 100
547 71 110
548 74 107
549 75 107
550 21 27
551 95 100
552 7 24
553 63 79
554 48 87
555 100 113
556 104 116
557 33 40
558 72 93
559 73 81
560 41 56
561 78 87
562 103 117
563 52 99
564 15 25
565 76 89
566 41 73
567 45 60
568 66 67
569 49 57
570 13 19
571 20 59
572 3 5
573 59 96
574 60 82
575 116 119
576 45 77
577 84 88
578 85 86
579 70 95
580 53 61
581 71 103
582 57 58
583 38 116
584 75 96
585 80 117
586 8 39
587 7 17
588 63 116
589 99 102
590 100 120
591 105 115
592 73 90
593 36 42
594 61 62
595 79 84
596 103 114
597 51 120
598 52 106
599 17 56
600 56 109
601 37 53
602 76 80
603 77 94
604 42 64
605 45 53
606 66 90
607 49 50
608 67 88
609 92 112
610 3 10
611 96 115
612 60 105
613 25 57
614 64 108
615 84 103
616 85 95
617 14 85
618 70 86
619 71 92
620 38 111
621 21 45
622 80 108
623 99 111
624 7 14
625 100 103
626 105 116
627 33 58
628 16 30
629 72 75
630 2 65
631 41 42
632 5 52
633 79 93
634 9 49
635 12 42
636 103 107
637 52 113
638 17 49
639 108 118
640 37 62
641 112 113
642 76 79
643 77 87
644 24 29
645 5 69
646 45 46
647 10 16
648 66 85
649 30 87
650 60 96
651 64 99
652 65 107
653 84 110
654 85 88
655 70 73
656 71 85
657 4 18
658 80 99
659 100 110
660 104 105
661 68 119
662 16 21
663 72 114
664 37 86
665 22 31
666 5 61
667 79 90
668 9 58
669 12 33
670 51 70
671 52 120
672 37 39
673 77 80
674 42 50
675 5 78
676 6 84
677 10 27
678 67 70
679 91 92
680 40 100
681 3 120
682 8 77
683 65 108
684 84 117
685 85 97
686 14 39
687 89 102
688 71 82
689 1 50
690 57 77
691 39 101
692 4 25
693 80 90
694 63 99
695 48 115
696 33 52
697 73 77
698 54 57
699 5 38
700 9 35
701 88 89
702 34 45
703 17 35
704 109 114
705 113 119
706 42 61
707 67 79
708 30 65
709 13 55
710 92 93
711 64 113
712 65 101
713 50 60
714 89 111
715 90 103
716 71 75
717 1 11
718 57 86
719 58 76
720 21 56
721 80 81
722 63 104
723 46 48
724 105 111
725 69 113
726 73 118
727 2 42
728 93 107
729 97 104
730 5 47
731 27 94
732 34 36
733 52 78
734 76 116
735 10 13
736 49 94
737 38 56
738 40 82
739 64 72
740 85 115
741 50 55
742 14 49
743 89 112
744 90 110
745 1 12
746 58 87
747 21 65
748 4 15
749 46 59
750 68 108
751 72 103
752 19 23
753 93 100
754 94 114
755 61 91
756 17 29
757 76 115
758 42 47
759 81 120
760 10 52
761 101 117
762 49 87
763 18 52
764 25 30
765 64 79
766 65 119
767 11 31
768 29 105
769 14 56
770 90 105
771 1 5
772 57 96
773 58 94
774 21 74
775 68 107
776 51 53
777 69 99
778 72 110
779 73 96
780 19 28
781 94 117
782 22 59
783 5 17
784 61 84
785 98 104
786 9 86
787 52 92
788 76 106
789 77 116
790 24 64
791 23 24
792 81 113
793 50 86
794 74 80
795 55 86
796 38 42
797 3 84
798 40 64
799 43 61
800 64 70
801 65 72
802 11 20
803 90 112
804 54 106
805 1 30
806 110 119
807 43 74
808 44 84
809 68 82
810 51 58
811 69 108
812 73 105
813 37 115
814 2 55
815 93 118
816 41 112
817 97 115
818 5 26
819 61 109
820 98 99
821 27 37
822 34 49
823 52 91
824 55 62
825 76 97
826 82 120
827 10 38
828 49 65
829 31 49
830 106 114
831 35 50
832 18 38
833 74 91
834 75 91
835 38 45
836 4 85
837 43 50
838 8 16
839 64 93
840 11 13
841 33 120
842 54 109
843 1 23
844 78 103
845 83 88
846 68 89
847 69 85
848 2 14
849 94 103
850 97 116
851 9 64
852 27 58
853 47 55
854 87 92
855 15 94
856 3 53
857 77 102
858 81 99
859 82 115
860 10 33
861 102 118
862 13 84
863 35 59
864 18 33
865 75 80
866 40 78
867 8 23
868 64 84
869 65 90
870 28 74
871 58 107
872 21 101
873 115 118
874 78 110
875 79 100
876 44 74
877 7 86
878 83 97
879 69 94
880 15 54
881 2 9
882 94 110
883 24 38
884 5 12
885 98 117
886 27 51
887 66 106
888 47 60
889 86 105
890 3 58
891 24 85
892 23 39
893 81 100
894 82 106
895 10 40
896 101 105
897 49 115
898 102 105
899 13 77
900 14 101
901 31 39
902 18 24
903 74 77
904 40 53
905 4 91
906 8 30
907 65 83
908 28 65
909 14 20
910 39 52
911 114 119
912 78 113
913 26 27
914 7 79
915 44 65
916 83 102
917 12 26
918 68 79
919 69 71
920 37 110
921 61 120
922 10 64
923 66 101
924 67 113
925 86 96
926 20 25
927 3 35
928 59 78
929 23 60
930 6 28
931 81 93
932 82 101
933 32 44
934 31 44
935 14 108
936 107 119
937 35 41
938 18 19
939 74 116
940 75 78
941 38 86
942 40 60
943 7 55
944 65 84
945 14 31
946 89 94
947 54 118
948 39 45
949 78 120
950 79 106
951 44 56
952 46 97
953 48 59
954 12 17
955 88 98
956 2 27
957 42 98
958 67 118
959 87 107
960 52 63
961 91 108
962 56 58
963 20 32
964 6 23
965 81 86
966 82 92
967 32 35
968 107 108
969 70 112
970 35 46
971 39 85
972 60 62
973 8 12
974 7 44
975 63 83
976 11 41
977 16 60
978 90 95
979 36 55
980 39 42
981 79 115
982 44 55
983 9 19
984 88 105
985 69 73
986 2 18
987 24 59
988 66 119
989 86 114
990 87 96
991 92 109
992 20 47
993 3 17
994 59 92
995 96 104
996 23 50
997 6 14
998 82 87
999 45 97
1000 49 102
1001 32 58
1002 13 120
1003 70 107
1004 74 102
1005 38 64
1006 39 82
1007 40 42
1008 95 113
1009 8 51
1010 99 114
1011 63 88
1012 72 80
1013 36 62
1014 79 120
1015 44 46
1016 9 20
1017 88 112
1018 17 84
1019 56 89
1020 96 100
1021 41 94
1022 9 101
1023 27 31
1024 66 78
1025 67 100
1026 30 120
1027 86 117
1028 92 100
1029 20 54
1030 3 22
1031 59 85
1032 96 111
1033 25 37
1034 111 119
1035 45 90
1036 32 49
1037 50 103
1038 14 65
1039 70 98
1040 71 112
1041 74 97
1042 75 117
1043 80 120
1044 8 58
1045 7 34
1046 63 65
1047 48 81
1048 72 87
1049 36 37
1050 54 91
1051 9 29
1052 88 119
1053 51 109
1054 52 101
1055 15 19
1056 17 77
1057 41 71
1058 5 105
1059 6 105
1060 66 73
1061 67 109
1062 13 25
1063 87 118
1064 91 115
1065 92 99
1066 55 105
1067 20 61
1068 3 31
1069 96 102
1070 70 101
1071 71 105
1072 74 104
1073 75 106
1074 21 26
1075 39 64
1076 95 103
1077 8 33
1078 7 27
1079 63 78
1080 100 114
1081 104 117
1082 33 47
1083 16 33
1084 72 94
1085 73 80
1086 36 44
1087 54 82
1088 2 76
1089 78 84
1090 103 116
1091 15 24
1092 20 85
1093 76 90
1094 42 70
1095 45 59
1096 10 111
1097 67 82
1098 30 106
1099 13 18
1100 31 120
1101 3 4
1102 45 76
1103 84 89
1104 70 92
1105 53 60
1106 18 110
1107 71 102
1108 75 99
1109 38 117
1110 21 35
1111 95 108
1112 80 118
1113 8 40
1114 7 16
1115 63 119
1116 99 105
1117 105 114
1118 16 24
1119 73 89
1120 36 43
1121 54 85
1122 78 95
1123 79 87
1124 9 15
1125 103 109
1126 52 107
1127 108 120
1128 37 52
1129 76 81
1130 77 93
1131 45 52
1132 10 22
1133 66 91
1134 67 91
1135 92 113
1136 3 13
1137 59 120
1138 96 116
1139 23 86
1140 8 64
1141 117 119
1142 45 69
1143 84 96
1144 85 94
1145 32 70
1146 70 87
1147 71 95
1148 18 105
1149 1 39
1150 21 44
1151 4 20
1152 8 47
1153 7 9
1154 99 110
1155 33 57
1156 16 31
1157 72 76
1158 2 94
1159 5 51
1160 79 92
1161 12 43
1162 103 106
1163 51 64
1164 52 114
1165 17 48
1166 108 119
1167 56 117
1168 37 61
1169 112 114
1170 77 86
1171 24 30
1172 5 68
1173 10 17
1174 66 82
1175 31 110
1176 64 100
1177 65 106
1178 84 111
1179 85 103
1180 70 78
1181 71 84
1182 1 56
1183 39 111
1184 4 19
1185 80 100
1186 43 104
1187 100 111
1188 63 101
1189 104 106
1190 68 112
1191 33 50
1192 16 22
1193 72 115
1194 73 75
1195 22 28
1196 5 60
1197 17 41
1198 108 110
1199 109 120
1200 37 38
1201 77 79
1202 42 51
1203 5 77
1204 6 85
1205 10 24
1206 67 73
1207 13 61
1208 31 87
1209 91 95
1210 55 77
1211 40 101
1212 59 118
1213 60 120
1214 65 99
1215 84 118
1216 85 96
1217 89 101
1218 71 77
1219 1 49
1220 4 26
1221 80 91
1222 44 113
1223 63 98
1224 69 119
1225 73 76
1226 22 23
1227 30 55
1228 88 90
1229 51 78
1230 34 42
1231 17 34
1232 109 113
1233 37 47
1234 113 118
1235 42 58
1236 67 78
1237 13 54
1238 31 92
1239 92 94
1240 55 74
1241 3 96
1242 64 114
1243 65 100
1244 85 105
1245 32 107
1246 50 61
1247 89 110
1248 90 100
1249 71 74
1250 1 10
1251 58 77
1252 80 82
1253 26 50
1254 44 104
1255 63 107
1256 46 49
1257 48 107
1258 105 110
1259 68 102
1260 69 112
1261 72 97
1262 73 117
1263 2 43
1264 58 60
1265 93 106
1266 22 46
1267 97 111
1268 61 65
1269 9 43
1270 27 81
1271 34 37
1272 17 27
1273 37 40
1274 76 117
1275 13 47
1276 31 69
1277 18 58
1278 38 57
1279 64 73
1280 11 25
1281 85 114
1282 32 98
1283 50 52
1284 90 111
1285 1 3
1286 4 8
1287 26 61
1288 7 109
1289 19 22
1290 2 34
1291 93 99
1292 94 115
1293 22 33
1294 5 23
1295 98 110
1296 27 86
1297 30 33
1298 51 92
1299 34 60
1300 17 28
1301 52 86
1302 76 108
1303 42 44
1304 25 108
1305 101 116
1306 49 86
1307 13 40
1308 74 86
1309 38 48
1310 4 96
1311 25 29
1312 65 118
1313 11 30
1314 33 109
1315 89 120
1316 90 118
1317 18 68
1318 1 4
1319 44 94
1320 68 84
1321 51 52
1322 69 98
1323 72 111
1324 73 103
1325 19 31
1326 2 61
1327 5 16
1328 98 105
1329 9 85
1330 27 47
1331 34 55
1332 17 21
1333 76 107
1334 77 115
1335 23 27
1336 6 49
1337 81 112
1338 10 60
1339 49 79
1340 50 87
1341 13 33
1342 18 44
1343 74 81
1344 38 43
1345 43 60
1346 64 71
1347 65 79
1348 28 117
1349 11 23
1350 29 97
1351 90 113
1352 53 107
1353 54 107
1354 1 29
1355 110 116
1356 43 77
1357 44 85
1358 68 83
1359 69 107
1360 73 104
1361 2 52
1362 93 117
1363 97 114
1364 5 25
1365 10 84
1366 86 92
1367 34 78
1368 55 57
1369 76 98
1370 77 108
1371 6 40
1372 81 105
1373 10 39
1374 101 102
1375 50 78
1376 106 115
1377 35 53
1378 18 39
1379 74 88
1380 75 90
1381 4 86
1382 8 17
1383 64 94
1384 11 12
1385 90 120
1386 54 98
1387 1 22
1388 58 97
1389 78 100
1390 44 76
1391 83 91
1392 68 90
1393 69 84
1394 2 15
1395 94 100
1396 41 120
1397 47 54
1398 86 87
1399 87 95
1400 3 52
1401 77 101
1402 6 35
1403 81 98
1404 82 112
1405 102 119
1406 107 120
1407 35 58
1408 18 30
1409 75 83
1410 8 24
1411 64 85
1412 65 89
1413 14 18
1414 39 62
1415 78 111
1416 79 103
1417 7 81
1418 47 78
1419 12 28
1420 69 93
1421 19 50
1422 2 6
1423 94 111
1424 5 11
1425 98 114
1426 27 50
1427 10 70
1428 66 107
1429 86 110
1430 3 61
1431 23 38
1432 6 26
1433 81 91
1434 82 107
1435 102 110
1436 49 114
1437 31 38
1438 107 113
1439 18 25
1440 38 92
1441 40 54
1442 8 31
1443 65 82
1444 11 58
1445 14 21
1446 39 55
1447 114 116
1448 78 118
1449 79 108
1450 44 66
1451 7 78
1452 12 27
1453 68 72
1454 69 70
1455 16 94
1456 19 59
1457 41 106
1458 61 119
1459 10 65
1460 66 98
1461 67 112
1462 86 97
1463 87 109
1464 20 26
1465 25 81
1466 6 29
1467 81 92
1468 82 98
1469 49 107
1470 32 45
1471 107 118
1472 35 40
1473 74 117
1474 38 87
1475 40 61
1476 63 85
1477 11 51
1478 14 28
1479 89 93
1480 54 119
1481 2 105
1482 39 44
1483 22 108
1484 79 117
1485 44 57
1486 7 71
1487 83 110
1488 48 60
1489 47 92
1490 12 18
1491 88 99
1492 69 79
1493 17 89
1494 56 76
1495 2 24
1496 41 83
1497 86 120
1498 87 106
1499 52 56
1500 91 111
1501 56 59
1502 20 33
1503 3 43
1504 59 70
1505 23 52
1506 6 20
1507 81 85
1508 82 93
1509 28 33
1510 32 36
1511 107 111
1512 70 113
1513 38 78
1514 4 74
1515 8 13
1516 7 47
1517 63 82
1518 90 92
1519 36 48
1520 2 96
1521 79 114
1522 44 48
1523 9 18
1524 48 51
1525 88 106
1526 69 72
1527 2 19
1528 24 60
1529 66 116
1530 86 115
1531 87 99
1532 91 100
1533 92 110
1534 3 16
1535 96 105
1536 25 35
1537 6 15
1538 82 84
1539 45 96
1540 28 56
1541 49 101
1542 32 59
1543 50 109
1544 74 103
1545 38 65
1546 21 23
1547 40 43
1548 95 112
1549 8 52
1550 99 117
1551 63 91
1552 16 52
1553 72 81
1554 44 47
1555 9 27
1556 46 112
1557 88 113
1558 15 21
1559 17 75
1560 56 90
1561 42 85
1562 27 30
1563 66 79
1564 67 103
1565 13 31
1566 87 120
1567 92 101
1568 20 55
1569 3 25
1570 111 118
1571 60 94
1572 45 89
1573 28 55
1574 32 50
1575 70 99
1576 71 115
1577 74 110
1578 75 116
1579 38 120
1580 8 59
1581 7 29
1582 63 64
1583 48 82
1584 29 80
1585 100 116
1586 72 88
1587 36 38
1588 41 53
1589 78 82
1590 9 28
1591 88 120
1592 52 102
1593 15 18
1594 76 92
1595 10 101
1596 66 70
1597 67 108
1598 13 24
1599 87 113
1600 35 119
1601 91 114
1602 55 104
1603 3 30
1604 96 103
1605 60 85
1606 13 105
1607 70 90
1608 71 104
1609 74 105
1610 38 115
1611 21 25
1612 39 67
1613 80 112
1614 95 102
1615 7 26
1616 63 73
1617 100 115
1618 104 118
1619 33 46
1620 72 95
1621 73 87
1622 36 45
1623 2 77
1624 78 85
1625 12 54
1626 103 119
1627 15 27
1628 76 91
1629 45 58
1630 10 108
1631 67 85
1632 13 17
1633 3 7
1634 84 90
1635 32 64
1636 14 80
1637 70 93
1638 53 59
1639 71 97
1640 75 98
1641 95 111
1642 80 119
1643 99 104
1644 7 19
1645 63 118
1646 12 94
1647 105 113
1648 33 39
1649 16 25
1650 73 88
1651 1 94
1652 78 92
1653 9 14
1654 103 108
1655 17 62
1656 37 51
1657 76 82
1658 77 92
1659 45 51
1660 10 23
1661 66 88
1662 67 90
1663 92 114
1664 3 12
1665 60 107
1666 116 120
1667 117 118
1668 64 110
1669 84 97
1670 85 93
1671 70 84
1672 71 94
1673 1 38
1674 57 65
1675 38 109
1676 21 43
1677 4 21
1678 80 110
1679 26 38
1680 7 8
1681 29 59
1682 12 85
1683 33 56
1684 72 77
1685 22 26
1686 5 50
1687 79 95
1688 51 67
1689 52 115
1690 17 55
1691 108 112
1692 37 60
1693 112 115
1694 77 85
1695 24 31
1696 10 30
1697 66 83
1698 31 105
1699 64 101
1700 65 105
1701 84 104
1702 85 102
1703 32 94
1704 14 34
1705 70 79
1706 71 87
1707 89 99
1708 38 100
1709 21 52
1710 4 28
1711 80 101
1712 26 33
1713 100 104
1714 63 100
1715 104 107
1716 68 113
1717 33 49
1718 16 23
1719 72 116
1720 73 74
1721 37 84
1722 2 86
1723 22 29
1724 5 59
1725 9 56
1726 108 111
1727 109 119
1728 77 78
1729 42 48
1730 5 76
1731 6 74
1732 10 25
1733 67 72
1734 30 92
1735 13 60
1736 31 86
1737 91 94
1738 55 76
1739 117 120
1740 65 98
1741 84 119
1742 85 111
1743 32 85
1744 89 100
1745 71 76
1746 58 67
1747 21 61
1748 4 27
1749 80 92
1750 43 96
1751 63 109
1752 46 47
1753 68 120
1754 69 118
1755 73 115
1756 9 33
1757 88 91
1758 51 81
1759 34 43
1760 17 33
1761 52 65
1762 109 112
1763 37 46
1764 113 117
1765 42 59
1766 40 109
1767 4 115
1768 64 115
1769 85 104
1770 50 58
1771 14 44
1772 89 109
1773 1 9
1774 80 83
1775 44 105
1776 7 119
1777 63 106
1778 105 109
1779 68 103
1780 72 98
1781 73 116
1782 93 105
1783 58 61
1784 97 110
1785 62 86
1786 9 42
1787 51 86
1788 76 118
1789 10 11
1790 30 78
1791 18 59
1792 38 62
1793 25 27
1794 64 74
1795 11 24
1796 85 113
1797 14 55
1798 89 118
1799 1 2
1800 58 85
1801 4 9
1802 43 94
1803 44 96
1804 7 108
1805 46 57
1806 29 31
1807 68 110
1808 69 120
1809 72 105
1810 19 25
1811 2 35
1812 93 98
1813 94 112
1814 22 38
1815 5 22
1816 97 103
1817 98 111
1818 30 38
1819 51 95
1820 34 61
1821 17 19
1822 52 87
1823 76 109
1824 42 45
1825 23 29
1826 10 50
1827 101 115
1828 49 85
1829 13 39
1830 31 77
1831 18 50
1832 74 87
1833 55 91
1834 38 49
1835 4 97
1836 25 28
1837 64 65
1838 65 117
1839 33 108
1840 90 119
1841 18 69
1842 1 27
1843 110 114
1844 58 92
1845 22 78
1846 7 101
1847 68 85
1848 51 55
1849 69 97
1850 73 102
1851 19 30
1852 2 58
1853 97 120
1854 5 31
1855 98 102
1856 86 90
1857 34 52
1858 17 20
1859 52 94
1860 76 100
1861 77 114
1862 23 26
1863 81 119
1864 10 61
1865 49 78
1866 50 84
1867 13 32
1868 74 94
1869 38 40
1870 3 86
1871 64 88
1872 65 78
1873 11 22
1874 54 104
1875 1 28
1876 110 117
1877 78 98
1878 44 86
1879 68 92
1880 51 60
1881 69 106
1882 73 111
1883 2 53
1884 93 116
1885 94 98
1886 97 113
1887 5 24
1888 27 39
1889 10 85
1890 86 93
1891 55 56
1892 76 99
1893 59 61
1894 77 107
1895 81 104
1896 82 118
1897 49 71
1898 106 112
1899 35 52
1900 74 89
1901 75 93
1902 43 52
1903 8 18
1904 64 95
1905 65 71
1906 11 15
1907 1 21
1908 58 110
1909 78 101
1910 44 77
1911 7 91
1912 68 91
1913 69 83
1914 16 97
1915 15 43
1916 17 117
1917 2 12
1918 24 33
1919 98 120
1920 27 60
1921 47 49
1922 87 94
1923 20 21
1924 77 100
1925 81 97
1926 82 113
1927 10 47
1928 102 116
1929 49 120
1930 50 70
1931 31 56
1932 35 61
1933 18 31
1934 75 82
1935 40 48
1936 8 25
1937 64 86
1938 65 88
1939 14 19
1940 58 105
1941 39 57
1942 115 120
1943 78 108
1944 79 102
1945 26 30
1946 44 68
1947 83 99
1948 12 29
1949 69 92
1950 37 99
1951 2 7
1952 94 108
1953 5 10
1954 98 115
1955 66 104
1956 47 62
1957 86 111
1958 20 28
1959 3 60
1960 23 33
1961 6 27
1962 81 90
1963 102 111
1964 50 65
1965 31 33
1966 107 112
1967 18 22
1968 74 75
1969 40 55
1970 3 77
1971 7 56
1972 65 81
1973 14 26
1974 89 91
1975 2 111
1976 21 108
1977 39 54
1978 114 117
1979 79 111
1980 44 67
1981 83 104
1982 46 92
1983 47 86
1984 12 20
1985 68 73
1986 17 103
1987 56 70
1988 2 30
1989 93 95
1990 10 78
1991 66 99
1992 67 115
1993 86 102
1994 87 108
1995 91 105
1996 20 27
1997 3 37
1998 59 64
1999 6 18
2000 82 99
2001 45 109
2002 49 106
2003 32 46
2004 50 120
2005 106 109
2006 35 43
2007 74 114
2008 38 84
2009 39 94
2010 40 62
2011 7 49
2012 63 84
2013 14 29
2014 89 92
2015 53 78
2016 39 47
2017 79 116
2018 44 58
2019 83 113
2020 48 61
2021 12 19
2022 88 100
2023 16 86
2024 56 77
2025 2 25
2026 42 96
2027 67 120
2028 52 57
2029 91 110
2030 56 60
2031 23 55
2032 6 21
2033 81 84
2034 82 90
2035 49 99
2036 32 37
2037 107 110
2038 70 118
2039 39 87
2040 8 14
2041 63 93
2042 28 81
2043 90 93
2044 36 49
2045 44 49
2046 9 17
2047 48 52
2048 88 107
2049 51 97
2050 56 84
2051 2 16
2052 42 107
2053 5 101
2054 62 110
2055 66 117
2056 67 97
2057 86 112
2058 87 98
2059 91 103
2060 92 111
2061 3 19
2062 59 94
2063 60 64
2064 25 34
2065 6 12
2066 82 85
2067 96 106
2068 49 100
2069 32 60
2070 50 106
2071 70 105
2072 71 117
2073 74 100
2074 40 44
2075 21 22
2076 4 50
2077 39 76
2078 95 115
2079 99 116
2080 7 39
2081 72 82
2082 36 56
2083 2 120
2084 41 51
2085 9 26
2086 47 109
2087 88 114
2088 15 20
2089 17 74
2090 42 82
2091 5 110
2092 66 76
2093 67 102
2094 13 30
2095 92 102
2096 111 113
2097 3 24
2098 59 87
2099 96 97
2100 6 7
2101 45 88
2102 84 85
2103 32 51
2104 50 101
2105 70 96
2106 71 114
2107 74 111
2108 75 119
2109 21 31
2110 8 60
2111 7 28
2112 63 67
2113 100 117
2114 29 47
2115 104 112
2116 16 44
2117 72 89
2118 36 39
2119 41 52
2120 12 56
2121 51 111
2122 15 29
2123 56 98
2124 76 93
2125 5 87
2126 66 71
2127 67 111
2128 13 23
2129 87 112
2130 91 117
2131 96 120
2132 60 86
2133 25 44
2134 8 84
2135 45 81
2136 84 92
2137 32 74
2138 70 91
2139 71 107
2140 1 43
2141 75 108
2142 21 24
2143 80 113
2144 8 35
2145 7 21
2146 63 72
2147 104 119
2148 33 45
2149 36 46
2150 2 74
2151 41 61
2152 78 90
2153 26 68
2154 103 118
2155 52 110
2156 15 26
2157 56 105
2158 76 84
2159 45 57
2160 10 109
2161 66 94
2162 49 62
2163 67 84
2164 13 16
2165 92 116
2166 55 96
2167 3 6
2168 25 53
2169 45 74
2170 84 91
2171 70 82
2172 53 58
2173 18 108
2174 75 101
2175 38 107
2176 21 33
2177 95 110
2178 80 104
2179 8 42
2180 7 18
2181 63 113
2182 99 107
2183 29 33
2184 105 112
2185 33 38
2186 16 26
2187 2 69
2188 78 93
2189 79 81
2190 9 13
2191 103 111
2192 52 117
2193 17 61
2194 37 50
2195 76 83
2196 77 91
2197 24 25
2198 45 50
2199 10 20
2200 66 89
2201 49 55
2202 67 93
2203 92 115
2204 3 15
2205 96 118
2206 60 100
2207 64 111
2208 45 67
2209 28 29
2210 84 98
2211 85 92
2212 70 85
2213 71 89
2214 38 98
2215 4 22
2216 80 111
2217 7 11
2218 29 58
2219 12 86
2220 16 17
2221 72 78
2222 41 47
2223 22 27
2224 5 49
2225 79 94
2226 26 86
2227 9 54
2228 27 76
2229 108 113
2230 37 59
2231 112 116
2232 77 84
2233 42 54
2234 6 80
2235 10 31
2236 66 80
2237 35 109
2238 40 96
2239 59 115
2240 64 102
2241 65 104
2242 84 105
2243 85 101
2244 89 98
2245 70 76
2246 71 86
2247 38 101
2248 39 105
2249 4 29
2250 80 102
2251 44 116
2252 100 105
2253 63 103
2254 12 77
2255 68 114
2256 72 117
2257 2 87
2258 5 58
2259 61 77
2260 30 50
2261 17 47
2262 109 118
2263 20 108
2264 113 115
2265 42 49
2266 67 75
2267 13 59
2268 65 97
2269 84 112
2270 85 110
2271 32 86
2272 89 107
2273 70 71
2274 71 79
2275 1 55
2276 58 64
2277 21 60
2278 80 93
2279 44 115
2280 63 108
2281 105 107
2282 69 117
2283 73 114
2284 54 60
2285 93 111
2286 5 35
2287 88 92
2288 34 40
2289 17 32
2290 52 66
2291 109 111
2292 37 45
2293 113 116
2294 76 120
2295 42 56
2296 30 68
2297 13 52
2298 8 119
2299 64 116
2300 85 119
2301 50 59
2302 89 108
2303 90 98
2304 1 8
2305 80 84
2306 44 106
2307 46 55
2308 105 108
2309 68 96
2310 72 99
2311 54 55
2312 93 104
2313 22 44
2314 5 44
2315 97 109
2316 30 60
2317 34 35
2318 17 25
2319 76 119
2320 13 45
2321 18 56
2322 38 63
2323 40 85
2324 25 26
2325 64 75
2326 65 115
2327 28 97
2328 11 27
2329 29 109
2330 32 100
2331 85 112
2332 89 117
2333 90 109
2334 53 103
2335 4 10
2336 44 97
2337 46 62
2338 29 30
2339 48 100
2340 68 111
2341 69 103
2342 72 106
2343 19 24
2344 93 97
2345 94 113
2346 97 102
2347 5 21
2348 98 108
2349 27 40
2350 51 94
2351 34 58
2352 17 18
2353 76 110
2354 77 120
2355 23 28
2356 10 51
2357 101 114
2358 50 90
2359 13 38
2360 31 76
2361 74 84
2362 55 90
2363 38 54
2364 43 57
2365 8 101
2366 64 66
2367 65 116
2368 28 120
2369 11 16
2370 90 116
2371 53 96
2372 1 26
2373 110 115
2374 43 86
2375 68 86
2376 51 54
2377 69 96
2378 19 33
2379 2 59
2380 94 120
2381 5 30
2382 98 103
2383 27 33
2384 86 91
2385 34 53
2386 76 101
2387 77 113
2388 6 55
2389 81 118
2390 10 58
2391 49 77
2392 106 118
2393 74 95
2394 38 41
2395 43 62
2396 64 89
2397 65 77
2398 1 19
2399 57 110
2400 58 100
2401 78 99
2402 44 87
2403 83 84
2404 68 93
2405 69 105
2406 73 110
2407 2 50
2408 93 115
2409 41 117
2410 22 49
2411 5 7
2412 61 106
2413 94 99
2414 97 112
2415 55 59
2416 3 49
2417 59 60
2418 77 106
2419 81 111
2420 82 119
2421 102 114
2422 50 76
2423 31 50
2424 106 113
2425 35 55
2426 75 92
2427 40 74
2428 43 55
2429 8 19
2430 64 80
2431 65 70
2432 11 14
2433 29 120
2434 54 96
2435 1 20
2436 58 111
2437 78 106
2438 44 78
2439 83 93
2440 46 83
2441 69 82
2442 2 13
2443 94 106
2444 66 110
2445 47 48
2446 87 89
2447 20 22
2448 77 99
2449 6 33
2450 81 96
2451 82 110
2452 101 109
2453 102 117
2454 50 71
2455 13 81
2456 31 59
2457 106 120
2458 35 60
2459 18 28
2460 75 85
2461 38 91
2462 40 49
2463 43 44
2464 8 26
2465 64 87
2466 14 16
2467 57 120
2468 58 118
2469 39 56
2470 78 109
2471 79 97
2472 26 31
2473 7 83
2474 44 69
2475 12 30
2476 69 91
2477 15 51
2478 37 98
2479 2 4
2480 94 109
2481 41 103
2482 5 9
2483 98 112
2484 9 78
2485 27 52
2486 66 105
2487 47 57
2488 118 119
2489 86 108
2490 34 94
2491 35 84
2492 20 29
2493 59 74
2494 25 78
2495 6 24
2496 81 89
2497 82 105
2498 102 108
2499 32 40
2500 13 74
2501 107 115
2502 35 37
2503 18 23
2504 38 82
2505 40 56
2506 7 59
2507 65 80
2508 29 74
2509 14 27
2510 89 90
2511 2 108
2512 58 113
2513 39 49
2514 78 116
2515 79 110
2516 44 60
2517 83 107
2518 12 21
2519 68 74
2520 56 71
2521 37 107
2522 2 31
2523 93 94
2524 41 104
2525 24 48
2526 67 114
2527 86 103
2528 87 111
2529 91 104
2530 6 19
2531 81 82
2532 82 96
2533 102 103
2534 49 105
2535 32 47
2536 35 42
2537 74 115
2538 38 85
2539 63 87
2540 53 77
2541 58 120
2542 39 46
2543 79 119
2544 44 59
2545 7 65
2546 83 112
2547 46 100
2548 48 62
2549 88 101
2550 69 77
2551 16 87
2552 56 78
2553 2 22
2554 94 95
2555 9 120
2556 87 100
2557 52 58
2558 91 97
2559 56 61
2560 20 35
2561 60 74
2562 23 54
2563 6 10
2564 82 91
2565 45 101
2566 49 98
2567 32 38
2568 70 119
2569 75 120
2570 38 76
2571 39 86
2572 4 52
2573 8 15
2574 63 92
2575 53 86
2576 36 50
2577 54 76
2578 44 50
2579 9 16
2580 48 53
2581 88 108
2582 16 78
2583 2 17
2584 41 90
2585 10 113
2586 66 114
2587 67 96
2588 86 113
2589 91 102
2590 92 104
2591 3 18
2592 59 81
2593 6 13
2594 45 94
2595 28 58
2596 32 61
2597 70 110
2598 71 116
2599 74 101
2600 75 113
2601 40 45
2602 4 51
2603 95 114
2604 8 54
2605 7 38
2606 63 69
2607 99 119
2608 29 85
2609 72 83
2610 53 95
2611 36 57
2612 41 50
2613 9 25
2614 88 115
2615 15 23
2616 10 120
2617 66 77
2618 67 105
2619 13 29
2620 92 103
2621 55 109
2622 20 49
2623 3 27
2624 59 86
2625 96 98
2626 111 112
2627 28 49
2628 84 86
2629 32 52
2630 50 98
2631 70 97
2632 53 55
2633 71 109
2634 74 108
2635 75 118
2636 21 30
2637 39 68
2638 8 61
2639 7 31
2640 63 66
2641 100 118
2642 29 46
2643 104 113
2644 33 43
2645 72 90
2646 54 94
2647 41 59
2648 78 80
2649 47 117
2650 103 120
2651 51 110
2652 52 96
2653 15 28
2654 56 99
2655 76 94
2656 5 86
2657 6 108
2658 45 63
2659 66 68
2660 67 110
2661 13 22
2662 87 115
2663 91 116
2664 55 106
2665 20 56
2666 59 111
2667 60 87
2668 25 51
2669 8 85
2670 84 93
2671 70 88
2672 71 106
2673 75 111
2674 21 39
2675 4 33
2676 80 114
2677 99 101
2678 7 20
2679 63 75
2680 104 120
2681 33 44
2682 36 47
2683 54 81
2684 41 60
2685 9 11
2686 12 48
2687 103 113
2688 17 59
2689 56 106
2690 76 85
2691 41 77
2692 45 56
2693 66 95
2694 49 61
2695 30 105
2696 13 15
2697 67 87
2698 92 117
2699 55 99
2700 40 115
2701 3 9
2702 96 112
2703 64 105
2704 84 100
2705 14 86
2706 53 57
2707 71 99
2708 57 62
2709 75 100
2710 95 105
2711 80 105
2712 8 43
2713 7 13
2714 63 112
2715 99 106
2716 105 119
2717 33 37
2718 16 27
2719 73 94
2720 5 55
2721 79 80
2722 9 12
2723 103 110
2724 52 118
2725 17 60
2726 56 113
2727 37 49
2728 77 90
2729 24 26
2730 42 76
2731 45 49
2732 10 21
2733 66 86
2734 49 54
2735 67 92
2736 3 14
2737 96 119
2738 64 96
2739 45 66
2740 28 30
2741 84 99
2742 85 91
2743 33 77
2744 70 74
2745 71 88
2746 39 115
2747 4 23
2748 7 10
2749 105 120
2750 68 116
2751 33 62
2752 16 18
2753 72 79
2754 1 85
2755 41 46
2756 22 24
2757 79 89
2758 26 87
2759 12 38
2760 17 53
2761 108 114
2762 56 120
2763 19 108
2764 37 58
2765 112 117
2766 77 83
2767 42 55
2768 5 65
2769 10 28
2770 66 81
2771 67 69
2772 8 74
2773 64 103
2774 65 111
2775 84 106
2776 85 100
2777 89 97
2778 70 77
2779 71 81
2780 1 61
2781 58 70
2782 21 50
2783 4 30
2784 80 103
2785 43 109
2786 44 117
2787 100 106
2788 63 102
2789 104 109
2790 68 115
2791 33 55
2792 72 118
2793 54 58
2794 2 84
2795 26 94
2796 30 51
2797 34 46
2798 52 68
2799 109 117
2800 113 114
2801 42 62
2802 67 74
2803 13 58
2804 55 78
2805 65 96
2806 28 108
2807 84 113
2808 85 109
2809 32 87
2810 14 43
2811 89 106
2812 71 78
2813 18 86
2814 1 54
2815 58 65
2816 21 59
2817 4 5
2818 39 97
2819 80 94
2820 7 120
2821 63 111
2822 105 106
2823 69 116
2824 73 113
2825 54 61
2826 2 47
2827 93 110
2828 97 107
2829 61 69
2830 9 39
2831 30 58
2832 88 93
2833 34 41
2834 17 39
2835 52 67
2836 109 110
2837 37 44
2838 42 57
2839 25 103
2840 10 14
2841 49 89
2842 30 69
2843 13 51
2844 3 101
2845 64 117
2846 84 120
2847 85 118
2848 50 56
2849 14 50
2850 89 115
2851 90 99
2852 1 15
2853 4 12
2854 80 85
2855 43 91
2856 44 107
2857 7 113
2858 46 52
2859 68 97
2860 72 100
2861 2 38
2862 58 59
2863 93 103
2864 97 108
2865 61 94
2866 9 40
2867 17 24
2868 76 112
2869 6 58
2870 13 44
2871 38 60
2872 40 86
2873 64 76
2874 65 114
2875 11 26
2876 29 108
2877 50 51
2878 14 53
2879 89 116
2880 90 106
2881 57 99
2882 21 77
2883 4 11
2884 44 98
2885 68 104
2886 69 102
2887 72 107
2888 73 99
2889 19 27
2890 2 33
2891 37 77
2892 93 96
2893 94 118
2894 5 20
2895 97 101
2896 98 109
2897 9 81
2898 34 59
2899 76 111
2900 77 119
2901 42 43
2902 23 31
2903 6 61
2904 101 113
2905 49 75
2906 50 91
2907 13 37
2908 74 85
2909 38 55
2910 43 56
2911 64 67
2912 65 75
2913 11 19
2914 85 120
2915 33 98
2916 90 117
2917 1 25
2918 57 100
2919 58 90
2920 21 86
2921 110 112
2922 44 89
2923 7 103
2924 68 87
2925 51 57
2926 16 117
2927 69 111
2928 73 100
2929 2 56
2930 5 29
2931 98 100
2932 27 32
2933 30 47
2934 86 88
2935 34 50
2936 55 61
2937 76 102
2938 77 112
2939 6 52
2940 81 117
2941 10 59
2942 102 120
2943 49 76
2944 13 94
2945 31 52
2946 106 119
2947 35 49
2948 74 92
2949 38 46
2950 8 109
2951 64 90
2952 65 76
2953 32 115
2954 1 18
2955 58 101
2956 44 80
2957 68 94
2958 51 62
2959 16 108
2960 69 104
2961 73 109
2962 2 51
2963 93 114
2964 94 96
2965 97 119
2966 5 6
2967 61 105
2968 55 58
2969 3 48
2970 77 105
2971 6 47
2972 81 110
2973 82 116
2974 102 115
2975 49 69
2976 50 77
2977 13 87
2978 35 54
2979 4 81
2980 43 54
2981 8 20
2982 64 81
2983 65 69
2984 58 108
2985 115 117
2986 78 107
2987 7 85
2988 83 92
2989 68 69
2990 69 81
2991 15 53
2992 17 107
2993 37 120
2994 2 10
2995 94 107
2996 5 15
2997 61 98
2998 98 118
2999 27 62
3000 66 111
3001 47 51
3002 86 106
3003 87 88
3004 20 23
3005 3 57
3006 77 98
3007 6 38
3008 81 103
3009 82 111
3010 101 108
3011 102 106
3012 31 58
3013 18 29
3014 74 78
3015 75 84
3016 40 50
3017 43 47
3018 8 27
3019 7 61
3020 65 94
3021 29 112
3022 14 17
3023 39 59
3024 114 120
3025 78 114
3026 26 28
3027 7 82
3028 12 31
3029 68 76
3030 69 90
3031 15 50
3032 56 65
3033 19 55
3034 2 5
3035 37 97
3036 5 8
3037 98 113
3038 9 77
3039 66 102
3040 47 56
3041 86 109
3042 52 53
3043 35 87
3044 20 30
3045 3 62
3046 59 77
3047 6 25
3048 81 88
3049 82 102
3050 28 46
3051 49 119
3052 32 41
3053 31 35
3054 14 105
3055 107 114
3056 35 36
3057 18 20
3058 75 77
3059 40 57
3060 65 87
3061 14 24
3062 54 115
3063 2 109
3064 39 48
3065 114 115
3066 78 117
3067 79 105
3068 44 61
3069 7 75
3070 48 56
3071 12 22
3072 68 75
3073 15 59
3074 2 28
3075 24 49
3076 10 76
3077 66 97
3078 67 117
3079 86 100
3080 87 110
3081 52 60
3082 91 107
3083 60 76
3084 23 56
3085 6 16
3086 25 86
3087 45 107
3088 82 97
3089 106 107
3090 35 45
3091 74 112
3092 38 74
3093 4 78
3094 8 9
3095 63 86
3096 28 84
3097 36 52
3098 54 74
3099 39 41
3100 79 118
3101 44 52
3102 7 64
3103 12 13
3104 88 102
3105 69 76
3106 17 94
3107 2 23
3108 24 56
3109 6 120
3110 66 120
3111 87 103
3112 52 59
3113 91 96
3114 56 62
3115 23 49
3116 6 11
3117 25 95
3118 45 100
3119 28 60
3120 82 88
3121 32 39
3122 50 113
3123 70 116
3124 38 77
3125 39 81
3126 95 116
3127 99 113
3128 28 83
3129 90 91
3130 54 77
3131 9 23
3132 83 120
3133 48 54
3134 88 109
3135 51 99
3136 17 87
3137 56 86
3138 42 105
3139 9 96
3140 66 115
3141 67 99
3142 86 118
3143 35 74
3144 92 105
3145 20 43
3146 3 21
3147 25 32
3148 82 83
3149 28 59
3150 32 62
3151 50 104
3152 70 111
3153 71 119
3154 74 98
3155 75 112
3156 38 68
3157 39 78
3158 40 46
3159 8 55
3160 7 33
3161 63 68
3162 99 118
3163 72 84
3164 53 94
3165 36 58
3166 41 49
3167 9 24
3168 88 116
3169 15 22
3170 5 108
3171 66 74
3172 67 104
3173 13 28
3174 31 118
3175 87 117
3176 92 96
3177 20 50
3178 3 26
3179 59 105
3180 96 99
3181 111 115
3182 45 86
3183 28 50
3184 84 87
3185 32 53
3186 50 99
3187 70 102
3188 71 108
3189 18 120
3190 74 109
3191 75 105
3192 21 29
3193 8 62
3194 7 30
3195 63 77
3196 48 85
3197 100 119
3198 104 114
3199 33 42
3200 72 91
3201 73 83
3202 41 58
3203 78 81
3204 51 113
3205 52 97
3206 15 31
3207 17 65
3208 76 95
3209 5 85
3210 6 109
3211 45 62
3212 66 69
3213 49 59
3214 67 81
3215 13 21
3216 87 114
3217 91 119
3218 111 120
3219 59 110
3220 116 117
3221 8 86
3222 84 94
3223 32 76
3224 70 89
3225 71 101
3226 75 110
3227 38 118
3228 21 38
3229 95 99
3230 80 115
3231 99 100
3232 7 23
3233 63 74
3234 48 76
3235 33 35
3236 73 84
3237 36 40
3238 54 86
3239 78 88
3240 9 10
3241 103 112
3242 17 58
3243 56 107
3244 37 55
3245 112 120
3246 76 86
3247 41 76
3248 45 55
3249 66 92
3250 49 60
3251 67 86
3252 13 14
3253 92 118
3254 55 98
3255 3 8
3256 60 111
3257 23 85
3258 25 59
3259 84 101
3260 14 87
3261 70 80
3262 53 56
3263 71 98
3264 1 34
3265 57 61
3266 38 105
3267 75 103
3268 80 106
3269 7 12
3270 63 115
3271 105 118
3272 33 36
3273 16 28
3274 72 73
3275 73 93
3276 79 83
3277 9 51
3278 103 105
3279 52 119
3280 17 51
3281 108 116
3282 37 48
3283 76 77
3284 77 89
3285 24 27
3286 42 77
3287 45 48
3288 10 18
3289 66 87
3290 49 53
3291 67 95
3292 25 60
3293 64 97
3294 45 65
3295 28 31
3296 84 108
3297 85 90
3298 70 75
3299 71 91
3300 1 59
3301 38 96
3302 4 16
3303 80 97
3304 100 108
3305 63 120
3306 68 117
3307 33 61
3308 16 19
3309 72 112
3310 41 45
3311 22 25
3312 79 88
3313 27 78
3314 12 39
3315 17 52
3316 108 115
3317 37 57
3318 112 118
3319 113 120
3320 77 82
3321 42 52
3322 6 86
3323 10 29
3324 67 68
3325 31 106
3326 64 120
3327 65 110
3328 84 107
3329 85 99
3330 32 81
3331 14 33
3332 89 96
3333 71 80
3334 18 92
3335 1 60
3336 58 71
3337 21 49
3338 4 31
3339 80 88
3340 26 44
3341 44 118
3342 63 97
3343 100 107
3344 29 49
3345 104 110
3346 33 54
3347 72 119
3348 73 79
3349 54 59
3350 2 85
3351 5 56
3352 9 61
3353 51 77
3354 34 47
3355 17 45
3356 52 69
3357 109 116
3358 67 77
3359 13 57
3360 55 73
3361 65 103
3362 84 114
3363 85 108
3364 50 62
3365 89 105
3366 71 73
3367 18 87
3368 1 53
3369 58 78
3370 21 58
3371 4 6
3372 39 96
3373 80 95
3374 44 109
3375 63 110
3376 69 115
3377 73 112
3378 2 44
3379 5 33
3380 61 68
3381 9 38
3382 30 59
3383 88 94
3384 34 38
3385 17 38
3386 52 76
3387 37 43
3388 6 64
3389 10 15
3390 13 50
3391 38 58
3392 60 115
3393 64 118
3394 65 120
3395 85 117
3396 32 111
3397 33 87
3398 14 51
3399 50 57
3400 89 114
3401 18 78
3402 1 14
3403 4 13
3404 80 86
3405 44 100
3406 7 112
3407 46 53
3408 48 111
3409 68 98
3410 72 101
3411 19 21
3412 2 39
3413 93 102
3414 97 99
3415 9 47
3416 27 85
3417 17 31
3418 76 113
3419 6 59
3420 10 54
3421 30 77
3422 13 43
3423 31 65
3424 38 61
3425 4 101
3426 8 96
3427 64 77
3428 65 113
3429 11 29
3430 33 104
3431 14 58
3432 90 107
3433 1 7
3434 44 99
3435 7 105
3436 46 60
3437 68 105
3438 72 108
3439 73 98
3440 19 26
3441 37 76
3442 94 119
3443 97 100
3444 5 19
3445 61 86
3446 98 106
3447 34 56
3448 52 82
3449 76 104
3450 77 118
3451 23 30
3452 6 50
3453 81 115
3454 10 49
3455 50 88
3456 31 78
3457 18 49
3458 74 82
3459 38 52
3460 40 94
3461 4 108
3462 43 59
3463 64 68
3464 65 74
3465 11 18
3466 90 114
3467 1 24
3468 57 107
3469 110 113
3470 21 85
3471 68 80
3472 51 56
3473 69 110
3474 15 38
3475 17 120
3476 73 107
3477 19 35
3478 37 117
3479 93 120
3480 22 60
3481 5 28
3482 98 101
3483 30 44
3484 86 89
3485 34 51
3486 52 89
3487 55 60
3488 76 103
3489 77 111
3490 81 116
3491 10 56
3492 31 55
3493 106 116
3494 74 93
3495 75 89
3496 38 47
3497 64 91
3498 65 67
3499 1 17
3500 110 120
3501 58 98
3502 78 97
3503 44 81
3504 83 86
3505 68 95
3506 69 87
3507 15 47
3508 73 108
3509 36 96
3510 93 113
3511 94 97
3512 97 118
3513 61 104
3514 62 78
3515 47 53
3516 3 51
3517 59 62
3518 77 104
3519 6 44
3520 81 109
3521 82 117
3522 10 35
3523 102 112
3524 49 68
3525 50 74
3526 13 86
3527 31 60
3528 35 57
3529 18 35
3530 75 94
3531 40 76
3532 8 21
3533 64 82
3534 65 68
3535 14 15
3536 58 109
3537 39 61
3538 115 116
3539 7 84
3540 83 95
3541 68 70
3542 69 80
3543 19 49
3544 2 11
3545 94 104
3546 5 14
3547 98 119
3548 27 49
3549 10 91
3550 66 108
3551 47 50
3552 86 107
3553 87 91
3554 3 56
3555 77 97
3556 6 39
3557 81 102
3558 45 120
3559 10 42
3560 82 108
3561 101 107
3562 50 69
3563 102 107
3564 35 62
3565 18 26
3566 74 79
3567 75 87
3568 38 89
3569 40 51
3570 8 28
3571 7 60
3572 65 93
3573 14 22
3574 39 58
3575 22 86
3576 78 115
3577 79 99
3578 26 29
3579 7 77
3580 83 100
3581 12 24
3582 68 77
3583 69 89
3584 37 96
3585 41 101
3586 9 76
3587 66 103
3588 47 59
3589 86 98
3590 52 54
3591 20 31
3592 3 33
3593 59 76
3594 6 30
3595 81 95
3596 45 113
3597 28 47
3598 82 103
3599 49 118
3600 32 42
3601 107 117
3602 35 39
3603 18 21
3604 74 118
3605 75 76
3606 40 58
3607 4 64
3608 7 53
3609 65 86
3610 14 25
3611 39 51
3612 7 74
3613 83 109
3614 48 57
3615 12 23
3616 2 29
3617 24 50
3618 5 112
3619 42 100
3620 67 116
3621 86 101
3622 87 105
3623 52 61
3624 91 106
3625 20 38
3626 3 38
3627 23 59
3628 6 17
3629 25 85
3630 45 106
3631 82 94
3632 32 33
3633 13 65
3634 50 119
3635 70 114
3636 35 44
3637 74 113
3638 8 10
3639 7 50
3640 63 81
3641 28 85
3642 29 65
3643 36 53
3644 2 101
3645 39 40
3646 79 113
3647 44 53
3648 12 14
3649 88 103
3650 69 75
3651 2 20
3652 42 111
3653 10 116
3654 87 102
3655 91 99
3656 56 63
3657 3 47
3658 60 68
3659 25 94
3660 6 8
3661 82 89
3662 45 99
3663 49 96
3664 32 56
3665 70 117
3666 74 120
3667 4 54
3668 95 119
3669 8 49
3670 7 43
3671 63 94
3672 99 112
3673 36 60
3674 9 22
3675 27 108
3676 48 55
3677 88 110
3678 17 86
3679 42 86
3680 5 98
3681 27 29
3682 66 112
3683 67 98
3684 86 119
3685 35 77
3686 91 120
3687 92 106
3688 111 117
3689 3 20
3690 96 109
3691 25 39
3692 50 105
3693 70 108
3694 71 118
3695 74 99
3696 75 115
3697 38 69
3698 40 47
3699 8 56
3700 63 71
3701 72 85
3702 36 59
3703 41 48
3704 78 79
3705 9 31
3706 27 101
3707 88 117
3708 51 107
3709 15 17
3710 42 81
3711 5 107
3712 66 75
3713 67 107
3714 13 27
3715 87 116
3716 34 96
3717 91 113
3718 92 97
3719 20 51
3720 3 29
3721 111 114
3722 45 85
3723 28 51
