1 32 54
2 14 74
3 70 103
4 71 111
5 74 106
6 21 28
7 4 36
8 39 70
9 95 101
10 8 63
11 7 25
12 63 76
13 48 86
14 29 44
15 100 112
16 104 115
17 33 41
18 16 47
19 73 82
20 1 64
21 2 78
22 41 57
23 78 86
24 12 59
25 15 30
26 17 64
27 20 75
28 76 88
29 41 74
30 5 84
31 45 61
32 49 58
33 30 100
34 13 20
35 67 80
36 91 118
37 92 120
38 55 100
39 20 58
40 60 81
41 25 49
42 8 87
43 116 118
44 45 78
45 85 87
46 32 77
47 14 77
48 53 62
49 1 40
50 57 59
51 38 119
52 21 37
53 4 35
54 95 98
55 8 38
56 7 22
57 99 103
58 48 77
59 11 83
60 29 37
61 33 34
62 16 38
63 36 41
64 2 73
65 61 63
66 26 67
67 79 85
68 12 50
69 103 115
70 15 103
71 17 57
72 37 54
73 20 82
74 42 67
75 45 54
76 49 51
77 30 111
78 31 103
79 34 114
80 92 119
81 3 11
82 96 114
83 23 84
84 25 58
85 45 71
86 32 68
87 33 74
88 14 84
89 70 81
90 1 33
91 57 60
92 75 102
93 21 46
94 4 42
95 80 107
96 95 107
97 8 45
98 7 15
99 63 114
100 48 68
101 11 72
102 12 90
103 29 62
104 33 59
105 16 29
106 72 74
107 73 92
108 36 80
109 1 82
110 2 64
111 105 117
112 41 43
113 5 53
114 79 82
115 26 74
116 9 50
117 27 72
118 12 41
119 103 104
120 52 112
121 17 50
122 108 117
123 19 105
124 20 89
125 37 63
126 76 78
127 24 28
128 5 70
129 6 92
130 42 74
131 45 47
132 10 19
133 66 84
134 49 52
135 30 86
136 67 94
137 35 105
138 60 103
139 8 69
140 45 64
141 84 109
142 33 67
143 70 72
144 1 58
145 57 69
146 21 55
147 4 17
148 26 34
149 44 120
150 100 109
151 11 65
152 12 81
153 29 55
154 33 60
155 16 20
156 41 44
157 22 30
158 5 62
159 26 85
160 9 59
161 27 65
162 12 32
163 51 71
164 17 43
165 37 56
166 112 119
167 77 81
168 42 53
169 5 79
170 6 87
171 10 26
172 67 71
173 13 63
174 31 85
175 91 93
176 40 99
177 23 106
178 8 76
179 65 109
180 32 82
181 33 68
182 14 38
183 89 103
184 71 83
185 1 51
186 57 78
187 58 68
188 21 48
189 4 24
190 26 45
191 44 119
192 11 70
193 12 72
194 29 48
195 33 53
196 104 111
197 73 78
198 36 70
199 37 80
200 2 82
201 54 56
202 5 39
203 61 74
204 9 60
205 27 70
206 30 49
207 51 76
208 34 44
209 15 114
210 17 44
211 52 70
212 20 111
213 42 60
214 5 72
215 6 78
216 67 76
217 30 64
218 13 56
219 31 82
220 55 72
221 40 106
222 4 112
223 64 112
224 28 110
225 50 63
226 14 41
227 89 104
228 71 72
229 18 84
230 1 52
231 57 87
232 58 79
233 21 57
234 4 7
235 39 99
236 90 102
237 26 52
238 63 105
239 46 51
240 12 71
241 68 100
242 73 119
243 36 77
244 2 45
245 58 62
246 93 108
247 22 40
248 5 32
249 61 67
250 62 83
251 9 37
252 27 95
253 97 105
254 30 56
255 88 95
256 51 85
257 34 39
258 17 37
259 52 77
260 37 42
261 20 118
262 6 65
263 10 12
264 30 75
265 13 49
266 18 60
267 55 65
268 38 59
269 3 103
270 40 81
271 23 120
272 50 54
273 33 86
274 14 48
275 89 113
276 90 97
277 18 79
278 1 13
279 58 86
280 21 66
281 4 14
282 26 63
283 44 101
284 46 58
285 73 120
286 19 20
287 2 36
288 37 66
289 93 101
290 22 35
291 5 41
292 97 98
293 9 46
294 27 84
295 30 35
296 34 62
297 15 64
298 17 30
299 52 84
300 42 46
301 6 56
302 10 55
303 101 118
304 49 80
305 13 42
306 31 64
307 18 55
308 38 50
309 3 108
310 25 31
311 8 97
312 64 78
313 65 112
314 11 28
315 32 103
316 14 59
317 90 104
318 18 70
319 1 6
320 57 97
321 58 81
322 21 75
323 22 75
324 110 111
325 43 82
326 46 61
327 68 106
328 69 100
329 16 112
330 19 29
331 2 63
332 37 75
333 22 58
334 5 18
335 61 85
336 98 107
337 9 87
338 27 45
339 30 42
340 34 57
341 15 73
342 17 23
343 52 83
344 23 25
345 6 51
346 81 114
347 10 62
348 49 73
349 13 35
350 31 73
351 18 46
352 74 83
353 38 53
354 3 85
355 4 109
356 43 58
357 64 69
358 65 73
359 11 21
360 90 115
361 18 65
362 1 31
363 57 106
364 110 118
365 21 84
366 22 66
367 43 75
368 46 68
369 12 108
370 68 81
371 51 59
372 69 109
373 15 33
374 73 106
375 19 34
376 2 54
377 93 119
378 22 61
379 5 27
380 62 68
381 27 34
382 10 86
383 30 45
384 34 48
385 15 86
386 55 63
387 24 70
388 25 120
389 6 42
390 10 57
391 101 120
392 49 66
393 50 80
394 31 54
395 106 117
396 35 51
397 18 41
398 38 44
399 40 70
400 4 84
401 43 51
402 65 66
403 1 16
404 21 93
405 22 69
406 43 64
407 44 82
408 46 79
409 47 71
410 12 107
411 69 86
412 15 46
413 36 97
414 19 43
415 2 49
416 93 112
417 94 102
418 22 52
419 97 117
420 62 79
421 9 65
422 10 81
423 27 59
424 47 52
425 118 120
426 87 93
427 34 75
428 15 95
429 3 50
430 77 103
431 24 77
432 23 47
433 6 45
434 25 65
435 81 108
436 10 32
437 82 114
438 102 113
439 50 75
440 13 85
441 31 63
442 35 56
443 18 32
444 75 81
445 38 39
446 3 67
447 4 83
448 40 77
449 8 22
450 64 83
451 28 73
452 33 114
453 58 106
454 39 60
455 115 119
456 44 73
457 46 86
458 47 76
459 12 98
460 68 71
461 15 55
462 17 105
463 19 48
464 2 8
465 94 105
466 24 37
467 5 13
468 98 116
469 9 74
470 27 48
471 47 61
472 30 31
473 87 90
474 34 66
475 35 80
476 3 59
477 24 84
478 23 36
479 6 36
480 25 74
481 45 119
482 10 43
483 101 106
484 102 104
485 50 66
486 13 78
487 14 100
488 31 36
489 18 27
490 74 76
491 75 86
492 40 52
493 3 72
494 8 29
495 7 63
496 65 92
497 28 64
498 11 56
499 29 78
500 14 23
501 39 53
502 114 118
503 78 112
504 44 64
505 7 76
506 47 85
507 12 25
508 68 78
509 16 92
510 15 60
511 56 67
512 19 57
513 2 3
514 95 111
515 41 100
516 24 44
517 10 67
518 66 100
519 47 58
520 119 120
521 52 55
522 20 24
523 3 32
524 59 79
525 23 61
526 6 31
527 25 83
528 45 112
529 28 40
530 32 43
531 13 71
532 31 45
533 107 116
534 35 38
535 74 119
536 75 79
537 38 81
538 40 59
539 4 65
540 7 52
541 65 85
542 28 95
543 11 49
544 29 71
545 14 30
546 89 95
547 53 65
548 39 50
549 22 110
550 79 107
551 44 63
552 7 69
553 48 58
554 47 82
555 12 16
556 88 97
557 16 83
558 56 74
559 19 62
560 2 26
561 24 51
562 10 74
563 67 119
564 87 104
565 34 84
566 52 62
567 91 109
568 56 57
569 20 39
570 3 41
571 59 68
572 60 78
573 23 58
574 6 22
575 25 84
576 28 39
577 32 34
578 13 64
579 14 118
580 31 42
581 35 47
582 107 109
583 38 72
584 4 72
585 60 61
586 8 11
587 7 45
588 63 80
589 28 86
590 11 54
591 29 64
592 16 59
593 90 94
594 53 74
595 36 54
596 54 72
597 39 43
598 79 112
599 44 54
600 7 66
601 48 49
602 12 15
603 88 104
604 69 74
605 16 74
606 17 92
607 56 81
608 19 71
609 2 21
610 41 86
611 24 58
612 5 120
613 87 97
614 35 71
615 91 98
616 92 108
617 20 46
618 3 46
619 60 69
620 23 51
621 6 9
622 82 86
623 28 62
624 32 57
625 50 111
626 70 106
627 71 120
628 38 67
629 39 83
630 4 55
631 40 41
632 95 118
633 8 50
634 7 42
635 63 89
636 99 115
637 11 47
638 16 50
639 53 83
640 36 61
641 54 67
642 44 45
643 9 21
644 27 111
645 88 111
646 16 65
647 17 85
648 19 76
649 20 70
650 27 28
651 34 102
652 35 76
653 92 107
654 20 53
655 3 23
656 59 82
657 60 92
658 23 72
659 25 38
660 96 110
661 111 116
662 28 53
663 32 48
664 14 64
665 70 109
666 75 114
667 39 72
668 4 62
669 8 57
670 7 35
671 63 70
672 48 80
673 11 36
674 29 82
675 99 120
676 16 41
677 72 86
678 1 78
679 41 55
680 9 30
681 27 100
682 12 61
683 88 118
684 51 106
685 15 16
686 17 78
687 19 85
688 20 77
689 41 64
690 5 106
691 10 103
692 66 72
693 67 106
694 13 26
695 87 119
696 34 97
697 91 112
698 92 98
699 20 60
700 3 28
701 96 101
702 23 65
703 8 81
704 25 47
705 45 84
706 32 55
707 50 97
708 14 75
709 71 110
710 74 107
711 21 27
712 4 37
713 39 65
714 95 100
715 8 32
716 7 24
717 63 79
718 100 113
719 29 43
720 104 116
721 33 40
722 16 32
723 73 81
724 1 71
725 2 79
726 41 56
727 12 52
728 103 117
729 15 25
730 17 71
731 20 84
732 41 73
733 5 83
734 45 60
735 66 67
736 49 57
737 67 83
738 13 19
739 34 120
740 55 103
741 20 59
742 3 5
743 60 82
744 23 94
745 25 48
746 116 119
747 45 77
748 85 86
749 32 78
750 14 82
751 53 61
752 71 103
753 1 47
754 57 58
755 75 96
756 21 36
757 4 44
758 95 109
759 8 39
760 7 17
761 99 102
762 48 78
763 11 82
764 12 92
765 29 36
766 100 120
767 16 39
768 105 115
769 36 42
770 54 84
771 2 70
772 61 62
773 26 64
774 79 84
775 12 51
776 103 114
777 51 120
778 15 102
779 17 56
780 19 99
781 20 83
782 37 53
783 76 80
784 42 64
785 5 92
786 45 53
787 49 50
788 92 112
789 40 118
790 3 10
791 96 115
792 25 57
793 45 70
794 84 103
795 32 69
796 33 73
797 14 85
798 70 86
799 71 92
800 1 32
801 57 67
802 38 111
803 21 45
804 4 43
805 39 119
806 95 106
807 8 46
808 7 14
809 99 111
810 48 69
811 11 75
812 29 61
813 100 103
814 33 58
815 16 30
816 72 75
817 105 116
818 36 81
819 1 81
820 2 65
821 41 42
822 5 52
823 26 75
824 9 49
825 27 75
826 12 42
827 103 107
828 51 65
829 17 49
830 108 118
831 37 62
832 112 113
833 76 79
834 77 87
835 24 29
836 5 69
837 42 75
838 45 46
839 10 16
840 66 85
841 8 70
842 33 66
843 14 92
844 70 73
845 71 85
846 18 99
847 1 57
848 57 68
849 21 54
850 4 18
851 26 35
852 100 110
853 11 64
854 12 82
855 29 54
856 33 51
857 16 21
858 104 105
859 37 86
860 22 31
861 5 61
862 26 82
863 9 58
864 27 64
865 12 33
866 51 70
867 17 42
868 108 109
869 37 39
870 77 80
871 42 50
872 5 78
873 6 84
874 10 27
875 67 70
876 13 62
877 31 84
878 91 92
879 3 120
880 8 77
881 32 83
882 14 39
883 89 102
884 71 82
885 1 50
886 57 77
887 58 69
888 21 63
889 4 25
890 26 42
891 63 99
892 12 73
893 33 52
894 73 77
895 36 71
896 54 57
897 2 83
898 5 38
899 61 73
900 9 35
901 30 54
902 88 89
903 51 79
904 34 45
905 17 35
906 52 71
907 109 114
908 113 119
909 42 61
910 6 79
911 67 79
912 30 65
913 13 55
914 92 93
915 55 75
916 40 107
917 3 97
918 60 118
919 28 111
920 85 106
921 32 106
922 33 92
923 14 46
924 50 60
925 71 75
926 18 85
927 1 11
928 57 86
929 58 76
930 21 56
931 89 111
932 80 81
933 90 103
934 26 53
935 44 111
936 46 48
937 12 64
938 105 111
939 73 118
940 36 78
941 2 42
942 58 63
943 93 107
944 22 41
945 5 47
946 61 66
947 62 80
948 9 36
949 97 104
950 30 57
951 51 84
952 34 36
953 17 36
954 52 78
955 37 41
956 20 119
957 6 70
958 10 13
959 49 94
960 30 72
961 13 48
962 18 61
963 55 64
964 38 56
965 40 82
966 64 72
967 50 55
968 33 85
969 14 49
970 89 112
971 90 110
972 18 76
973 1 12
974 21 65
975 4 15
976 26 60
977 7 114
978 44 102
979 46 59
980 11 119
981 72 103
982 19 23
983 2 37
984 37 65
985 93 100
986 22 32
987 5 40
988 94 114
989 9 45
990 30 32
991 34 63
992 15 67
993 17 29
994 52 85
995 42 47
996 6 57
997 10 52
998 101 117
999 13 41
1000 31 67
1001 18 52
1002 38 51
1003 3 111
1004 4 103
1005 23 112
1006 25 30
1007 64 79
1008 11 31
1009 14 56
1010 90 105
1011 18 71
1012 1 5
1013 21 74
1014 22 72
1015 43 85
1016 7 107
1017 46 66
1018 12 118
1019 51 53
1020 69 99
1021 19 28
1022 2 60
1023 37 74
1024 94 117
1025 22 59
1026 5 17
1027 61 84
1028 62 66
1029 9 86
1030 27 44
1031 98 104
1032 30 43
1033 34 54
1034 15 72
1035 17 22
1036 76 106
1037 24 64
1038 23 24
1039 6 48
1040 10 63
1041 49 72
1042 50 86
1043 13 34
1044 31 72
1045 18 47
1046 74 80
1047 55 86
1048 38 42
1049 3 84
1050 4 110
1051 40 64
1052 43 61
1053 64 70
1054 65 72
1055 11 20
1056 33 103
1057 90 112
1058 1 30
1059 57 105
1060 110 119
1061 21 83
1062 22 67
1063 43 74
1064 44 84
1065 46 69
1066 68 82
1067 51 58
1068 15 32
1069 19 37
1070 2 55
1071 93 118
1072 22 50
1073 5 26
1074 61 109
1075 62 69
1076 27 37
1077 97 115
1078 98 99
1079 34 49
1080 15 81
1081 55 62
1082 24 71
1083 6 43
1084 81 106
1085 82 120
1086 10 38
1087 101 103
1088 49 65
1089 50 81
1090 31 49
1091 106 114
1092 35 50
1093 18 38
1094 38 45
1095 40 71
1096 4 85
1097 43 50
1098 8 16
1099 11 13
1100 1 23
1101 57 114
1102 78 103
1103 43 67
1104 44 83
1105 83 88
1106 46 76
1107 47 70
1108 12 100
1109 69 85
1110 15 41
1111 19 42
1112 2 14
1113 94 103
1114 22 53
1115 97 116
1116 62 76
1117 9 64
1118 27 58
1119 47 55
1120 87 92
1121 34 72
1122 15 94
1123 3 53
1124 24 78
1125 23 46
1126 6 34
1127 25 64
1128 10 33
1129 102 118
1130 50 72
1131 13 84
1132 31 62
1133 35 59
1134 18 33
1135 75 80
1136 40 78
1137 3 66
1138 4 92
1139 8 23
1140 64 84
1141 28 74
1142 39 63
1143 115 118
1144 44 74
1145 7 86
1146 46 87
1147 47 79
1148 16 102
1149 15 54
1150 36 105
1151 19 51
1152 2 9
1153 94 110
1154 41 98
1155 24 38
1156 5 12
1157 98 117
1158 9 73
1159 27 51
1160 66 106
1161 47 60
1162 34 67
1163 35 83
1164 3 58
1165 59 73
1166 24 85
1167 23 39
1168 6 37
1169 25 73
1170 45 118
1171 10 40
1172 81 100
1173 82 106
1174 50 67
1175 13 77
1176 31 39
1177 101 105
1178 102 105
1179 18 24
1180 74 77
1181 40 53
1182 3 75
1183 8 30
1184 7 62
1185 65 83
1186 28 65
1187 11 59
1188 29 77
1189 14 20
1190 53 71
1191 39 52
1192 22 84
1193 114 119
1194 26 27
1195 7 79
1196 44 65
1197 47 84
1198 12 26
1199 68 79
1200 69 71
1201 15 63
1202 17 97
1203 56 68
1204 19 56
1205 41 107
1206 24 45
1207 10 64
1208 20 25
1209 3 35
1210 59 78
1211 24 92
1212 23 60
1213 6 28
1214 25 82
1215 45 111
1216 28 41
1217 81 93
1218 32 44
1219 13 70
1220 14 108
1221 31 44
1222 35 41
1223 18 19
1224 106 111
1225 75 78
1226 38 86
1227 40 60
1228 4 66
1229 107 119
1230 7 55
1231 65 84
1232 28 88
1233 11 48
1234 29 70
1235 14 31
1236 89 94
1237 53 64
1238 39 45
1239 78 120
1240 44 56
1241 7 68
1242 48 59
1243 12 17
1244 88 98
1245 16 84
1246 56 75
1247 19 65
1248 2 27
1249 24 52
1250 10 75
1251 67 118
1252 87 107
1253 34 85
1254 35 65
1255 52 63
1256 56 58
1257 91 108
1258 20 32
1259 3 40
1260 59 71
1261 60 79
1262 23 53
1263 6 23
1264 81 86
1265 28 32
1266 32 35
1267 14 119
1268 107 108
1269 35 46
1270 38 73
1271 39 85
1272 4 73
1273 60 62
1274 8 12
1275 7 44
1276 63 83
1277 11 41
1278 16 60
1279 90 95
1280 53 73
1281 36 55
1282 54 73
1283 2 99
1284 39 42
1285 44 55
1286 9 19
1287 48 50
1288 88 105
1289 69 73
1290 16 75
1291 17 83
1292 56 82
1293 19 70
1294 2 18
1295 41 85
1296 24 59
1297 5 103
1298 87 96
1299 35 70
1300 91 101
1301 92 109
1302 20 47
1303 3 17
1304 96 104
1305 60 70
1306 23 50
1307 6 14
1308 25 92
1309 82 87
1310 28 63
1311 49 102
1312 32 58
1313 74 102
1314 38 64
1315 39 82
1316 4 48
1317 40 42
1318 95 113
1319 8 51
1320 7 37
1321 99 114
1322 11 46
1323 16 51
1324 72 80
1325 53 82
1326 36 62
1327 54 64
1328 79 120
1329 44 46
1330 9 20
1331 47 99
1332 88 112
1333 16 66
1334 17 84
1335 56 89
1336 19 79
1337 20 71
1338 96 100
1339 41 94
1340 42 84
1341 6 118
1342 27 31
1343 66 78
1344 30 120
1345 34 103
1346 35 79
1347 92 100
1348 20 54
1349 3 22
1350 59 85
1351 96 111
1352 23 75
1353 25 37
1354 111 119
1355 28 54
1356 32 49
1357 14 65
1358 70 98
1359 71 112
1360 39 75
1361 4 63
1362 80 120
1363 8 58
1364 7 34
1365 63 65
1366 48 81
1367 11 39
1368 29 81
1369 16 42
1370 36 37
1371 1 77
1372 41 54
1373 9 29
1374 27 103
1375 12 62
1376 88 119
1377 15 19
1378 17 77
1379 19 84
1380 20 78
1381 41 71
1382 10 100
1383 66 73
1384 13 25
1385 87 118
1386 91 115
1387 92 99
1388 20 61
1389 3 31
1390 96 102
1391 60 84
1392 23 64
1393 8 82
1394 25 46
1395 45 83
1396 32 72
1397 14 72
1398 21 26
1399 4 38
1400 39 64
1401 95 103
1402 8 33
1403 7 27
1404 63 78
1405 48 72
1406 11 92
1407 29 42
1408 100 114
1409 33 47
1410 16 33
1411 104 117
1412 73 80
1413 36 44
1414 1 70
1415 2 76
1416 54 82
1417 41 63
1418 78 84
1419 26 70
1420 12 53
1421 103 116
1422 51 114
1423 15 24
1424 17 70
1425 56 103
1426 20 85
1427 41 72
1428 42 70
1429 5 82
1430 45 59
1431 49 56
1432 30 106
1433 13 18
1434 67 82
1435 40 112
1436 3 4
1437 60 83
1438 25 55
1439 45 76
1440 32 79
1441 13 99
1442 14 83
1443 53 60
1444 71 102
1445 1 46
1446 75 99
1447 21 35
1448 4 45
1449 80 118
1450 95 108
1451 8 40
1452 7 16
1453 63 119
1454 48 79
1455 11 85
1456 12 93
1457 29 35
1458 99 105
1459 16 24
1460 105 114
1461 36 43
1462 54 85
1463 2 71
1464 26 65
1465 9 15
1466 12 44
1467 103 109
1468 17 63
1469 108 120
1470 37 52
1471 20 92
1472 76 81
1473 42 65
1474 45 52
1475 10 22
1476 31 97
1477 34 112
1478 92 113
1479 40 119
1480 3 13
1481 96 116
1482 60 106
1483 23 86
1484 8 64
1485 25 56
1486 45 69
1487 64 109
1488 117 119
1489 32 70
1490 33 72
1491 70 87
1492 1 39
1493 57 66
1494 38 108
1495 21 44
1496 4 20
1497 39 118
1498 8 47
1499 7 9
1500 99 110
1501 48 70
1502 11 74
1503 12 84
1504 29 60
1505 33 57
1506 16 31
1507 72 76
1508 36 82
1509 1 80
1510 5 51
1511 79 92
1512 26 72
1513 9 48
1514 27 74
1515 12 43
1516 103 106
1517 51 64
1518 17 48
1519 108 119
1520 37 61
1521 112 114
1522 77 86
1523 24 30
1524 5 68
1525 6 82
1526 42 72
1527 10 17
1528 66 82
1529 30 84
1530 35 107
1531 3 114
1532 23 111
1533 8 71
1534 65 106
1535 85 103
1536 33 65
1537 70 78
1538 71 84
1539 1 56
1540 57 75
1541 21 53
1542 4 19
1543 39 111
1544 26 32
1545 100 111
1546 11 67
1547 12 83
1548 29 53
1549 33 50
1550 16 22
1551 104 106
1552 73 75
1553 37 85
1554 22 28
1555 5 60
1556 61 79
1557 26 83
1558 9 57
1559 27 67
1560 12 34
1561 51 73
1562 17 41
1563 108 110
1564 37 38
1565 77 79
1566 42 51
1567 5 77
1568 6 85
1569 10 24
1570 67 73
1571 13 61
1572 31 87
1573 91 95
1574 55 77
1575 60 120
1576 23 100
1577 8 78
1578 65 99
1579 32 84
1580 14 36
1581 89 101
1582 71 77
1583 1 49
1584 57 76
1585 58 66
1586 21 62
1587 4 26
1588 26 43
1589 11 120
1590 12 74
1591 69 119
1592 73 76
1593 36 64
1594 54 62
1595 2 80
1596 22 23
1597 5 37
1598 61 72
1599 9 34
1600 30 55
1601 88 90
1602 51 78
1603 34 42
1604 17 34
1605 52 64
1606 109 113
1607 37 47
1608 113 118
1609 42 58
1610 6 76
1611 67 78
1612 30 70
1613 13 54
1614 31 92
1615 92 94
1616 55 74
1617 4 114
1618 60 119
1619 65 100
1620 50 61
1621 33 83
1622 14 47
1623 89 110
1624 71 74
1625 18 82
1626 1 10
1627 57 85
1628 58 77
1629 21 71
1630 90 100
1631 80 82
1632 26 50
1633 63 107
1634 46 49
1635 12 65
1636 105 110
1637 36 79
1638 37 71
1639 2 43
1640 58 60
1641 93 106
1642 22 46
1643 5 46
1644 61 65
1645 62 81
1646 9 43
1647 27 81
1648 97 111
1649 30 62
1650 34 37
1651 15 69
1652 17 27
1653 52 79
1654 37 40
1655 20 112
1656 6 71
1657 30 73
1658 13 47
1659 31 69
1660 18 58
1661 55 67
1662 38 57
1663 40 83
1664 64 73
1665 11 25
1666 29 111
1667 32 98
1668 33 84
1669 14 54
1670 50 52
1671 89 119
1672 18 77
1673 1 3
1674 90 111
1675 58 84
1676 21 64
1677 4 8
1678 26 61
1679 44 103
1680 46 56
1681 11 118
1682 12 120
1683 19 22
1684 2 34
1685 37 64
1686 93 99
1687 22 33
1688 5 23
1689 61 90
1690 94 115
1691 9 44
1692 27 86
1693 98 110
1694 30 33
1695 51 92
1696 34 60
1697 15 66
1698 17 28
1699 52 86
1700 42 44
1701 6 62
1702 10 53
1703 101 116
1704 49 86
1705 50 92
1706 13 40
1707 31 66
1708 18 53
1709 74 86
1710 38 48
1711 25 29
1712 8 99
1713 11 30
1714 33 109
1715 14 57
1716 89 120
1717 90 118
1718 18 68
1719 1 4
1720 57 103
1721 21 73
1722 22 73
1723 43 84
1724 44 94
1725 7 106
1726 46 67
1727 11 111
1728 12 119
1729 68 84
1730 51 52
1731 16 114
1732 73 103
1733 19 31
1734 2 61
1735 37 73
1736 22 56
1737 5 16
1738 61 83
1739 62 67
1740 9 85
1741 27 47
1742 98 105
1743 30 40
1744 34 55
1745 15 75
1746 17 21
1747 76 107
1748 24 65
1749 23 27
1750 6 49
1751 81 112
1752 10 60
1753 49 79
1754 13 33
1755 31 75
1756 18 44
1757 74 81
1758 55 81
1759 38 43
1760 40 65
1761 43 60
1762 8 106
1763 64 71
1764 65 79
1765 11 23
1766 33 102
1767 90 113
1768 1 29
1769 110 116
1770 21 82
1771 22 64
1772 43 77
1773 44 85
1774 7 99
1775 46 74
1776 11 100
1777 12 110
1778 68 83
1779 51 61
1780 69 107
1781 15 35
1782 36 100
1783 19 36
1784 2 52
1785 41 119
1786 22 51
1787 5 25
1788 97 114
1789 62 74
1790 27 36
1791 10 84
1792 34 78
1793 15 80
1794 55 57
1795 24 72
1796 6 40
1797 10 39
1798 101 102
1799 49 64
1800 50 78
1801 31 48
1802 106 115
1803 35 53
1804 18 39
1805 74 88
1806 40 72
1807 3 92
1808 4 86
1809 43 53
1810 8 17
1811 28 76
1812 11 12
1813 90 120
1814 1 22
1815 43 66
1816 44 76
1817 46 77
1818 47 65
1819 69 84
1820 15 40
1821 19 45
1822 2 15
1823 41 120
1824 24 32
1825 62 77
1826 9 71
1827 27 61
1828 47 54
1829 87 95
1830 34 73
1831 3 52
1832 24 79
1833 23 41
1834 6 35
1835 25 71
1836 82 112
1837 10 46
1838 101 111
1839 102 119
1840 50 73
1841 13 83
1842 31 57
1843 107 120
1844 35 58
1845 18 30
1846 75 83
1847 40 79
1848 3 69
1849 8 24
1850 64 85
1851 28 75
1852 33 112
1853 14 18
1854 1 111
1855 39 62
1856 22 82
1857 78 111
1858 79 103
1859 44 75
1860 7 81
1861 46 84
1862 47 78
1863 12 28
1864 16 103
1865 15 49
1866 36 106
1867 19 50
1868 2 6
1869 94 111
1870 24 39
1871 5 11
1872 9 72
1873 10 70
1874 27 50
1875 47 63
1876 34 64
1877 35 82
1878 3 61
1879 59 72
1880 24 86
1881 23 38
1882 6 26
1883 25 72
1884 10 41
1885 101 104
1886 102 110
1887 50 64
1888 13 76
1889 14 106
1890 31 38
1891 107 113
1892 18 25
1893 38 92
1894 3 74
1895 4 68
1896 40 54
1897 8 31
1898 7 57
1899 65 82
1900 28 66
1901 11 58
1902 29 76
1903 14 21
1904 53 70
1905 1 96
1906 39 55
1907 22 85
1908 78 118
1909 44 66
1910 7 78
1911 12 27
1912 68 72
1913 69 70
1914 15 62
1915 56 69
1916 19 59
1917 41 106
1918 24 46
1919 10 65
1920 87 109
1921 20 26
1922 3 34
1923 59 65
1924 23 63
1925 6 29
1926 25 81
1927 81 92
1928 28 42
1929 32 45
1930 13 69
1931 31 47
1932 106 108
1933 35 40
1934 107 118
1935 40 61
1936 4 67
1937 7 54
1938 63 85
1939 28 89
1940 11 51
1941 29 69
1942 14 28
1943 89 93
1944 53 79
1945 39 44
1946 44 57
1947 7 71
1948 48 60
1949 47 92
1950 12 18
1951 88 99
1952 69 79
1953 16 85
1954 56 76
1955 19 64
1956 2 24
1957 41 83
1958 24 53
1959 42 99
1960 10 72
1961 87 106
1962 34 82
1963 35 64
1964 52 56
1965 56 59
1966 91 111
1967 20 33
1968 3 43
1969 59 70
1970 60 72
1971 23 52
1972 6 20
1973 81 85
1974 45 103
1975 28 33
1976 32 36
1977 50 114
1978 107 111
1979 38 78
1980 39 84
1981 4 74
1982 60 63
1983 8 13
1984 7 47
1985 63 82
1986 28 80
1987 11 40
1988 16 61
1989 90 92
1990 53 72
1991 36 48
1992 1 114
1993 54 78
1994 44 48
1995 9 18
1996 48 51
1997 88 106
1998 69 72
1999 16 76
2000 17 82
2001 56 83
2002 19 73
2003 2 19
2004 41 84
2005 24 60
2006 42 106
2007 9 99
2008 30 118
2009 87 99
2010 34 109
2011 35 73
2012 91 100
2013 92 110
2014 20 40
2015 3 16
2016 96 105
2017 60 71
2018 23 77
2019 6 15
2020 25 35
2021 82 84
2022 28 56
2023 32 59
2024 38 65
2025 21 23
2026 4 49
2027 39 77
2028 40 43
2029 8 52
2030 7 36
2031 95 112
2032 99 117
2033 11 33
2034 16 52
2035 72 81
2036 53 81
2037 36 63
2038 1 75
2039 54 65
2040 44 47
2041 9 27
2042 88 113
2043 51 103
2044 16 67
2045 15 21
2046 17 75
2047 19 78
2048 20 64
2049 42 85
2050 6 119
2051 9 100
2052 27 30
2053 66 79
2054 13 31
2055 87 120
2056 34 100
2057 35 78
2058 92 101
2059 20 55
2060 3 25
2061 59 84
2062 111 118
2063 23 74
2064 25 36
2065 28 55
2066 32 50
2067 13 112
2068 14 70
2069 74 110
2070 38 120
2071 39 74
2072 4 56
2073 8 59
2074 7 29
2075 63 64
2076 48 82
2077 11 38
2078 29 80
2079 100 116
2080 16 43
2081 36 38
2082 1 76
2083 41 53
2084 78 82
2085 9 28
2086 12 63
2087 88 120
2088 52 102
2089 15 18
2090 17 76
2091 56 97
2092 19 87
2093 20 79
2094 76 92
2095 41 70
2096 42 92
2097 9 109
2098 66 70
2099 13 24
2100 87 113
2101 35 119
2102 91 114
2103 20 62
2104 3 30
2105 59 109
2106 60 85
2107 23 67
2108 8 83
2109 25 45
2110 45 82
2111 96 103
2112 32 73
2113 14 73
2114 21 25
2115 4 39
2116 39 67
2117 95 102
2118 8 34
2119 7 26
2120 63 73
2121 48 73
2122 29 41
2123 100 115
2124 104 118
2125 33 46
2126 16 34
2127 36 45
2128 1 69
2129 2 77
2130 54 83
2131 41 62
2132 78 85
2133 26 71
2134 12 54
2135 103 119
2136 15 27
2137 17 69
2138 19 92
2139 20 86
2140 41 79
2141 42 71
2142 5 81
2143 45 58
2144 49 63
2145 30 107
2146 13 17
2147 67 85
2148 34 118
2149 3 7
2150 25 54
2151 45 75
2152 32 64
2153 14 80
2154 53 59
2155 1 45
2156 21 34
2157 4 46
2158 39 120
2159 80 119
2160 8 41
2161 7 19
2162 63 118
2163 48 64
2164 11 84
2165 12 94
2166 29 34
2167 33 39
2168 16 25
2169 99 104
2170 105 113
2171 36 84
2172 1 94
2173 2 68
2174 79 86
2175 26 78
2176 9 14
2177 12 45
2178 103 108
2179 15 96
2180 17 62
2181 56 111
2182 37 51
2183 76 82
2184 42 78
2185 45 51
2186 10 23
2187 30 82
2188 92 114
2189 40 120
2190 3 12
2191 96 117
2192 60 107
2193 23 81
2194 8 65
2195 25 63
2196 45 68
2197 117 118
2198 84 97
2199 32 71
2200 33 79
2201 70 84
2202 1 38
2203 57 65
2204 21 43
2205 4 21
2206 26 38
2207 7 8
2208 48 71
2209 11 77
2210 12 85
2211 29 59
2212 33 56
2213 72 77
2214 36 83
2215 22 26
2216 5 50
2217 26 73
2218 9 55
2219 27 77
2220 12 36
2221 51 67
2222 17 55
2223 108 112
2224 56 118
2225 19 106
2226 37 60
2227 112 115
2228 77 85
2229 24 31
2230 5 67
2231 6 83
2232 42 73
2233 10 30
2234 66 83
2235 30 85
2236 55 119
2237 23 110
2238 8 72
2239 33 64
2240 14 34
2241 70 79
2242 89 99
2243 1 63
2244 57 74
2245 21 52
2246 4 28
2247 39 110
2248 26 33
2249 100 104
2250 63 100
2251 11 66
2252 12 76
2253 29 52
2254 33 49
2255 16 23
2256 104 107
2257 73 74
2258 37 84
2259 2 86
2260 22 29
2261 5 59
2262 61 78
2263 26 80
2264 9 56
2265 27 66
2266 12 35
2267 51 72
2268 15 118
2269 17 40
2270 108 111
2271 109 119
2272 77 78
2273 42 48
2274 5 76
2275 6 74
2276 10 25
2277 67 72
2278 30 92
2279 13 60
2280 31 86
2281 91 94
2282 55 76
2283 23 103
2284 8 79
2285 117 120
2286 32 85
2287 14 37
2288 71 76
2289 1 48
2290 57 83
2291 58 67
2292 21 61
2293 4 27
2294 80 92
2295 26 40
2296 63 109
2297 46 47
2298 12 75
2299 69 118
2300 36 65
2301 54 63
2302 2 81
2303 5 36
2304 61 71
2305 9 33
2306 30 52
2307 88 91
2308 51 81
2309 34 43
2310 17 33
2311 52 65
2312 109 112
2313 37 46
2314 113 117
2315 24 109
2316 42 59
2317 6 77
2318 30 71
2319 13 53
2320 92 95
2321 55 69
2322 28 105
2323 50 58
2324 33 82
2325 14 44
2326 90 101
2327 18 83
2328 1 9
2329 57 84
2330 58 74
2331 21 70
2332 80 83
2333 26 51
2334 7 119
2335 44 105
2336 46 54
2337 63 106
2338 12 66
2339 68 103
2340 105 109
2341 72 98
2342 36 72
2343 37 70
2344 2 40
2345 58 61
2346 93 105
2347 22 47
2348 5 45
2349 61 64
2350 62 86
2351 9 42
2352 27 80
2353 97 110
2354 30 63
2355 51 86
2356 52 72
2357 15 68
2358 17 26
2359 76 118
2360 6 68
2361 10 11
2362 30 78
2363 13 46
2364 31 68
2365 18 59
2366 55 66
2367 38 62
2368 40 84
2369 25 27
2370 64 74
2371 11 24
2372 32 99
2373 50 53
2374 14 55
2375 89 118
2376 90 108
2377 18 74
2378 1 2
2379 58 85
2380 21 79
2381 4 9
2382 26 58
2383 44 96
2384 46 57
2385 29 31
2386 68 110
2387 69 120
2388 72 105
2389 19 25
2390 2 35
2391 37 79
2392 93 98
2393 22 38
2394 5 22
2395 97 103
2396 98 111
2397 9 83
2398 27 41
2399 30 38
2400 34 61
2401 15 77
2402 17 19
2403 20 120
2404 42 45
2405 23 29
2406 6 63
2407 10 50
2408 101 115
2409 49 85
2410 13 39
2411 31 77
2412 18 50
2413 38 49
2414 3 81
2415 4 97
2416 25 28
2417 8 100
2418 64 65
2419 11 17
2420 14 62
2421 90 119
2422 18 69
2423 1 27
2424 110 114
2425 58 92
2426 21 72
2427 22 78
2428 46 64
2429 68 85
2430 51 55
2431 15 37
2432 19 30
2433 2 58
2434 37 72
2435 22 57
2436 5 31
2437 61 82
2438 62 64
2439 9 84
2440 27 46
2441 97 120
2442 98 102
2443 30 41
2444 34 52
2445 15 74
2446 17 20
2447 24 66
2448 23 26
2449 6 54
2450 81 119
2451 10 61
2452 49 78
2453 50 84
2454 13 32
2455 31 74
2456 18 45
2457 55 80
2458 38 40
2459 3 86
2460 40 66
2461 43 63
2462 8 107
2463 65 78
2464 28 118
2465 11 22
2466 53 106
2467 1 28
2468 110 117
2469 58 103
2470 21 81
2471 22 65
2472 43 76
2473 44 86
2474 83 85
2475 46 75
2476 11 103
2477 12 111
2478 51 60
2479 16 106
2480 15 34
2481 69 106
2482 73 111
2483 19 39
2484 2 53
2485 93 116
2486 41 118
2487 22 48
2488 5 24
2489 94 98
2490 62 75
2491 27 39
2492 10 85
2493 97 113
2494 34 79
2495 15 83
2496 55 56
2497 76 99
2498 59 61
2499 24 73
2500 6 41
2501 10 36
2502 49 71
2503 50 79
2504 31 51
2505 106 112
2506 35 52
2507 18 36
2508 40 73
2509 43 52
2510 8 18
2511 65 71
2512 28 77
2513 11 15
2514 1 21
2515 57 112
2516 43 69
2517 44 77
2518 46 82
2519 47 64
2520 12 102
2521 69 83
2522 16 97
2523 15 43
2524 19 44
2525 94 101
2526 24 33
2527 98 120
2528 9 70
2529 10 92
2530 27 60
2531 47 49
2532 87 94
2533 34 70
2534 20 21
2535 3 55
2536 77 100
2537 24 80
2538 23 40
2539 6 32
2540 25 70
2541 81 97
2542 10 47
2543 101 110
2544 102 116
2545 50 70
2546 13 82
2547 31 56
2548 35 61
2549 18 31
2550 75 82
2551 40 48
2552 3 68
2553 4 94
2554 43 45
2555 8 25
2556 64 86
2557 28 68
2558 14 19
2559 1 110
2560 39 57
2561 22 83
2562 115 120
2563 26 30
2564 7 80
2565 44 68
2566 46 85
2567 47 73
2568 12 29
2569 69 92
2570 15 48
2571 19 53
2572 2 7
2573 94 108
2574 24 40
2575 5 10
2576 98 115
2577 9 79
2578 10 71
2579 27 53
2580 47 62
2581 34 65
2582 35 85
2583 20 28
2584 3 60
2585 59 75
2586 23 33
2587 6 27
2588 25 79
2589 28 44
2590 102 111
2591 50 65
2592 13 75
2593 14 107
2594 31 33
2595 107 112
2596 18 22
2597 74 75
2598 40 55
2599 3 77
2600 4 69
2601 7 56
2602 65 81
2603 28 67
2604 11 61
2605 29 75
2606 14 26
2607 89 91
2608 53 69
2609 1 103
2610 39 54
2611 22 106
2612 114 117
2613 44 67
2614 7 73
2615 47 86
2616 12 20
2617 68 73
2618 15 57
2619 17 103
2620 56 70
2621 19 58
2622 2 30
2623 93 95
2624 24 47
2625 10 78
2626 66 99
2627 86 102
2628 87 108
2629 91 105
2630 20 27
2631 3 37
2632 59 64
2633 23 62
2634 6 18
2635 25 80
2636 81 83
2637 28 43
2638 82 99
2639 32 46
2640 13 68
2641 31 46
2642 50 120
2643 35 43
2644 106 109
2645 38 84
2646 40 62
2647 4 76
2648 7 49
2649 63 84
2650 11 50
2651 29 68
2652 14 29
2653 89 92
2654 53 78
2655 1 120
2656 39 47
2657 44 58
2658 7 70
2659 46 103
2660 48 61
2661 12 19
2662 88 100
2663 69 78
2664 16 86
2665 56 77
2666 19 67
2667 2 25
2668 41 82
2669 24 54
2670 10 73
2671 67 120
2672 87 101
2673 34 83
2674 35 67
2675 52 57
2676 56 60
2677 91 110
2678 20 34
2679 3 42
2680 60 73
2681 23 55
2682 6 21
2683 81 84
2684 28 34
2685 32 37
2686 107 110
2687 38 79
2688 4 75
2689 8 14
2690 7 46
2691 63 93
2692 28 81
2693 11 43
2694 16 62
2695 90 93
2696 36 49
2697 54 79
2698 44 49
2699 9 17
2700 27 107
2701 48 52
2702 47 100
2703 88 107
2704 51 97
2705 16 77
2706 17 81
2707 56 84
2708 19 72
2709 2 16
2710 24 61
2711 30 119
2712 87 98
2713 34 106
2714 35 72
2715 91 103
2716 92 111
2717 20 41
2718 3 19
2719 96 106
2720 60 64
2721 23 76
2722 6 12
2723 25 34
2724 82 85
2725 28 57
2726 49 100
2727 32 60
2728 50 106
2729 38 70
2730 21 22
2731 4 50
2732 39 76
2733 40 44
2734 8 53
2735 7 39
2736 95 115
2737 99 116
2738 11 32
2739 29 86
2740 16 53
2741 72 82
2742 53 80
2743 36 56
2744 1 74
2745 54 70
2746 41 51
2747 9 26
2748 47 109
2749 88 114
2750 16 68
2751 15 20
2752 17 74
2753 19 81
2754 20 65
2755 41 92
2756 42 82
2757 66 76
2758 67 102
2759 13 30
2760 92 102
2761 20 48
2762 3 24
2763 96 97
2764 111 113
2765 23 69
2766 6 7
2767 25 43
2768 28 48
2769 84 85
2770 32 51
2771 14 71
2772 74 111
2773 21 31
2774 4 57
2775 39 69
2776 95 120
2777 8 60
2778 7 28
2779 63 67
2780 48 83
2781 29 47
2782 100 117
2783 104 112
2784 16 44
2785 36 39
2786 1 67
2787 41 52
2788 78 83
2789 47 106
2790 12 56
2791 51 111
2792 15 29
2793 17 67
2794 19 86
2795 20 72
2796 41 69
2797 5 87
2798 6 111
2799 66 71
2800 67 111
2801 30 97
2802 13 23
2803 87 112
2804 35 118
2805 91 117
2806 55 107
2807 20 63
2808 96 120
2809 60 86
2810 23 66
2811 8 84
2812 25 44
2813 45 81
2814 84 92
2815 32 74
2816 14 78
2817 71 107
2818 1 43
2819 21 24
2820 4 32
2821 39 66
2822 95 97
2823 8 35
2824 7 21
2825 63 72
2826 48 74
2827 29 40
2828 104 119
2829 33 45
2830 16 35
2831 73 86
2832 36 46
2833 1 68
2834 2 74
2835 54 80
2836 41 61
2837 26 68
2838 12 55
2839 103 118
2840 15 26
2841 17 68
2842 56 105
2843 76 84
2844 41 78
2845 42 68
2846 5 80
2847 45 57
2848 49 62
2849 67 84
2850 13 16
2851 92 116
2852 40 114
2853 3 6
2854 60 109
2855 25 53
2856 45 74
2857 32 65
2858 14 81
2859 70 82
2860 53 58
2861 1 44
2862 57 63
2863 38 107
2864 21 33
2865 4 47
2866 95 110
2867 8 42
2868 7 18
2869 99 107
2870 48 65
2871 29 33
2872 105 112
2873 33 38
2874 16 26
2875 36 85
2876 2 69
2877 79 81
2878 26 79
2879 9 13
2880 27 119
2881 47 120
2882 12 46
2883 103 111
2884 17 61
2885 56 112
2886 19 100
2887 37 50
2888 76 83
2889 24 25
2890 42 79
2891 45 50
2892 10 20
2893 49 55
2894 30 83
2895 31 99
2896 92 115
2897 3 15
2898 96 118
2899 60 100
2900 23 80
2901 8 66
2902 25 62
2903 45 67
2904 28 29
2905 64 111
2906 33 78
2907 70 85
2908 18 103
2909 1 37
2910 57 64
2911 21 42
2912 4 22
2913 39 112
2914 80 111
2915 26 39
2916 7 11
2917 11 76
2918 12 86
2919 29 58
2920 33 63
2921 16 17
2922 72 78
2923 36 92
2924 1 86
2925 2 92
2926 41 47
2927 22 27
2928 5 49
2929 26 86
2930 9 54
2931 27 76
2932 51 66
2933 17 54
2934 108 113
2935 56 119
2936 37 59
2937 77 84
2938 42 54
2939 5 66
2940 6 80
2941 10 31
2942 66 80
2943 55 118
2944 60 99
2945 8 73
2946 33 71
2947 14 35
2948 70 76
2949 71 86
2950 1 62
2951 57 73
2952 21 51
2953 4 29
2954 26 46
2955 100 105
2956 63 103
2957 11 69
2958 12 77
2959 29 51
2960 33 48
2961 68 114
2962 104 108
2963 37 83
2964 5 58
2965 61 77
2966 26 81
2967 9 63
2968 27 69
2969 30 50
2970 51 75
2971 17 47
2972 109 118
2973 19 114
2974 20 108
2975 113 115
2976 42 49
2977 5 75
2978 6 75
2979 67 75
2980 13 59
2981 31 81
2982 55 79
2983 40 103
2984 23 102
2985 8 112
2986 65 97
2987 84 112
2988 32 86
2989 14 42
2990 70 71
2991 71 79
2992 89 107
2993 1 55
2994 57 82
2995 58 64
2996 21 60
2997 26 41
2998 63 108
2999 12 68
3000 105 107
3001 36 66
3002 54 60
3003 2 46
3004 93 111
3005 5 35
3006 61 70
3007 9 32
3008 30 53
3009 88 92
3010 51 80
3011 34 40
3012 17 32
3013 52 66
3014 37 45
3015 20 107
3016 76 120
3017 113 116
3018 42 56
3019 6 66
3020 62 63
3021 30 68
3022 13 52
3023 55 68
3024 28 106
3025 32 109
3026 33 81
3027 14 45
3028 50 59
3029 89 108
3030 18 80
3031 1 8
3032 90 98
3033 58 75
3034 21 69
3035 80 84
3036 26 48
3037 7 118
3038 44 106
3039 46 55
3040 12 67
3041 105 108
3042 72 99
3043 36 73
3044 37 69
3045 2 41
3046 54 55
3047 93 104
3048 22 44
3049 5 44
3050 97 109
3051 9 41
3052 27 83
3053 30 60
3054 34 35
3055 15 71
3056 17 25
3057 52 73
3058 20 114
3059 76 119
3060 6 69
3061 49 83
3062 30 79
3063 13 45
3064 31 71
3065 18 56
3066 38 63
3067 3 107
3068 40 85
3069 25 26
3070 64 75
3071 28 97
3072 11 27
3073 32 100
3074 33 106
3075 14 52
3076 99 108
3077 18 75
3078 57 92
3079 58 82
3080 21 78
3081 4 10
3082 43 81
3083 26 59
3084 7 111
3085 46 62
3086 29 30
3087 69 103
3088 72 106
3089 19 24
3090 2 32
3091 37 78
3092 93 97
3093 22 39
3094 5 21
3095 61 88
3096 94 113
3097 9 82
3098 27 40
3099 97 102
3100 30 39
3101 34 58
3102 15 76
3103 17 18
3104 52 80
3105 76 110
3106 23 28
3107 6 60
3108 10 51
3109 101 114
3110 49 84
3111 13 38
3112 31 76
3113 18 51
3114 74 84
3115 38 54
3116 3 80
3117 40 92
3118 43 57
3119 64 66
3120 28 120
3121 11 16
3122 33 99
3123 14 63
3124 90 116
3125 18 66
3126 1 26
3127 110 115
3128 22 79
3129 43 86
3130 7 100
3131 46 65
3132 11 97
3133 68 86
3134 51 54
3135 15 36
3136 19 33
3137 2 59
3138 94 120
3139 22 62
3140 5 30
3141 61 81
3142 62 65
3143 27 33
3144 30 46
3145 34 53
3146 15 85
3147 24 67
3148 6 55
3149 10 58
3150 49 77
3151 50 85
3152 31 53
3153 106 118
3154 18 42
3155 55 83
3156 38 41
3157 40 67
3158 43 62
3159 65 77
3160 32 114
3161 33 100
3162 1 19
3163 58 100
3164 21 80
3165 22 70
3166 78 99
3167 43 79
3168 83 84
3169 46 72
3170 51 63
3171 25 40
3172 15 45
3173 73 110
3174 36 102
3175 19 38
3176 2 50
3177 93 115
3178 94 99
3179 22 49
3180 5 7
3181 97 112
3182 62 72
3183 9 92
3184 10 82
3185 27 38
3186 34 76
3187 15 82
3188 55 59
3189 3 49
3190 59 60
3191 24 74
3192 77 106
3193 6 46
3194 10 37
3195 102 114
3196 49 70
3197 50 76
3198 31 50
3199 106 113
3200 35 55
3201 18 37
3202 75 92
3203 40 74
3204 4 80
3205 43 55
3206 8 19
3207 64 80
3208 65 70
3209 28 78
3210 11 14
3211 53 114
3212 1 20
3213 21 89
3214 43 68
3215 44 78
3216 46 83
3217 47 67
3218 12 103
3219 69 82
3220 16 98
3221 15 42
3222 19 47
3223 2 13
3224 94 106
3225 24 34
3226 9 69
3227 27 63
3228 47 48
3229 87 89
3230 34 71
3231 20 22
3232 3 54
3233 24 81
3234 23 43
3235 6 33
3236 25 69
3237 82 110
3238 10 44
3239 101 109
3240 102 117
3241 50 71
3242 13 81
3243 31 59
3244 106 120
3245 35 60
3246 18 28
3247 75 85
3248 40 49
3249 3 71
3250 43 44
3251 8 26
3252 28 69
3253 14 16
3254 39 56
3255 22 80
3256 79 97
3257 26 31
3258 7 83
3259 44 69
3260 47 72
3261 12 30
3262 15 51
3263 56 64
3264 19 52
3265 2 4
3266 94 109
3267 41 103
3268 24 41
3269 5 9
3270 9 78
3271 10 68
3272 27 52
3273 47 57
3274 118 119
3275 35 84
3276 20 29
3277 3 63
3278 59 74
3279 23 32
3280 6 24
3281 25 78
3282 81 89
3283 28 45
3284 102 108
3285 32 40
3286 13 74
3287 31 32
3288 107 115
3289 35 37
3290 18 23
3291 38 82
3292 3 76
3293 4 70
3294 40 56
3295 7 59
3296 65 80
3297 11 60
3298 29 74
3299 14 27
3300 89 90
3301 53 68
3302 1 102
3303 21 107
3304 39 49
3305 44 60
3306 7 72
3307 47 81
3308 12 21
3309 68 74
3310 16 80
3311 15 56
3312 56 71
3313 19 61
3314 2 31
3315 93 94
3316 24 48
3317 10 79
3318 67 114
3319 87 111
3320 91 104
3321 20 36
3322 3 36
3323 59 67
3324 23 57
3325 6 19
3326 81 82
3327 28 36
3328 32 47
3329 13 67
3330 31 41
3331 35 42
3332 38 85
3333 40 63
3334 4 77
3335 7 48
3336 63 87
3337 11 53
3338 29 67
3339 16 56
3340 53 77
3341 2 103
3342 58 120
3343 39 46
3344 79 119
3345 44 59
3346 7 65
3347 46 100
3348 48 62
3349 88 101
3350 69 77
3351 16 87
3352 56 78
3353 19 66
3354 2 22
3355 94 95
3356 41 81
3357 24 55
3358 42 97
3359 9 120
3360 87 100
3361 34 80
3362 35 66
3363 52 58
3364 56 61
3365 91 97
3366 20 35
3367 3 45
3368 60 74
3369 23 54
3370 6 10
3371 28 35
3372 32 38
3373 38 76
3374 39 86
3375 4 52
3376 95 117
3377 8 15
3378 7 41
3379 63 92
3380 28 82
3381 11 42
3382 16 63
3383 53 86
3384 36 50
3385 54 76
3386 44 50
3387 9 16
3388 27 106
3389 48 53
3390 47 103
3391 88 108
3392 16 78
3393 17 80
3394 56 85
3395 19 75
3396 2 17
3397 24 62
3398 5 100
3399 35 75
3400 91 102
3401 92 104
3402 20 42
3403 3 18
3404 59 81
3405 60 65
3406 23 79
3407 6 13
3408 25 33
3409 96 107
3410 28 58
3411 32 61
3412 50 107
3413 38 71
3414 39 79
3415 4 51
3416 40 45
3417 95 114
3418 8 54
3419 7 38
3420 63 69
3421 99 119
3422 11 35
3423 29 85
3424 16 54
3425 72 83
3426 36 57
3427 1 73
3428 54 71
3429 41 50
3430 9 25
3431 27 99
3432 88 115
3433 51 105
3434 16 69
3435 15 23
3436 17 73
3437 56 92
3438 19 80
3439 20 66
3440 41 67
3441 42 83
3442 9 106
3443 10 120
3444 66 77
3445 13 29
3446 31 119
3447 35 112
3448 92 103
3449 20 49
3450 3 27
3451 59 86
3452 96 98
3453 23 68
3454 25 42
3455 111 112
3456 28 49
3457 84 86
3458 32 52
3459 14 68
3460 53 55
3461 21 30
3462 4 58
3463 39 68
3464 8 61
3465 7 31
3466 63 66
3467 48 84
3468 29 46
3469 100 118
3470 104 113
3471 33 43
3472 16 45
3473 1 66
3474 41 59
3475 22 119
3476 78 80
3477 27 120
3478 12 57
3479 103 120
3480 15 28
3481 17 66
3482 56 99
3483 20 73
3484 41 68
3485 5 86
3486 45 63
3487 66 68
3488 67 110
3489 13 22
3490 87 115
3491 91 116
3492 55 106
3493 20 56
3494 23 93
3495 8 85
3496 25 51
3497 45 80
3498 32 75
3499 13 103
3500 14 79
3501 71 106
3502 1 42
3503 21 39
3504 4 33
3505 95 96
3506 8 36
3507 7 20
3508 63 75
3509 48 75
3510 11 81
3511 29 39
3512 99 101
3513 33 44
3514 16 36
3515 104 120
3516 73 85
3517 36 47
3518 54 81
3519 2 75
3520 41 60
3521 26 69
3522 9 11
3523 12 48
3524 103 113
3525 51 119
3526 17 59
3527 56 106
3528 20 80
3529 76 85
3530 41 77
3531 42 69
3532 6 103
3533 45 56
3534 10 106
3535 49 61
3536 13 15
3537 3 9
3538 96 112
3539 25 52
3540 8 92
3541 45 73
3542 32 66
3543 14 86
3544 70 83
3545 53 57
3546 71 99
3547 1 35
3548 57 62
3549 21 32
3550 4 40
3551 95 105
3552 8 43
3553 7 13
3554 63 112
3555 48 66
3556 11 86
3557 12 88
3558 29 32
3559 33 37
3560 16 27
3561 99 106
3562 105 119
3563 36 86
3564 1 92
3565 2 66
3566 5 55
3567 79 80
3568 26 76
3569 9 12
3570 27 118
3571 12 47
3572 17 60
3573 19 103
3574 37 49
3575 24 26
3576 42 76
3577 45 49
3578 10 21
3579 66 86
3580 49 54
3581 30 80
3582 67 92
3583 55 120
3584 3 14
3585 96 119
3586 23 83
3587 8 67
3588 25 61
3589 45 66
3590 28 30
3591 33 77
3592 70 74
3593 71 88
3594 18 100
3595 1 36
3596 57 71
3597 21 41
3598 4 23
3599 26 36
3600 7 10
3601 11 79
3602 12 87
3603 29 57
3604 33 62
3605 16 18
3606 72 79
3607 105 120
3608 1 85
3609 41 46
3610 22 24
3611 5 48
3612 9 53
3613 27 79
3614 12 38
3615 51 69
3616 17 53
3617 108 114
3618 56 120
3619 37 58
3620 112 117
3621 77 83
3622 42 55
3623 5 65
3624 6 81
3625 10 28
3626 66 81
3627 67 69
3628 35 108
3629 40 97
3630 3 119
3631 8 74
3632 84 106
3633 32 80
3634 33 70
3635 14 32
3636 70 77
3637 71 81
3638 89 97
3639 1 61
3640 57 72
3641 58 70
3642 21 50
3643 4 30
3644 43 109
3645 26 47
3646 100 106
3647 11 68
3648 12 78
3649 29 50
3650 33 55
3651 104 109
3652 36 68
3653 37 82
3654 2 84
3655 54 58
3656 5 57
3657 61 76
3658 9 62
3659 27 68
3660 30 51
3661 51 74
3662 34 46
3663 17 46
3664 52 68
3665 113 114
3666 42 62
3667 5 74
3668 6 72
3669 67 74
3670 30 66
3671 13 58
3672 31 80
3673 55 78
3674 28 108
3675 32 87
3676 14 43
3677 89 106
3678 71 78
3679 18 86
3680 1 54
3681 57 81
3682 58 65
3683 21 59
3684 4 5
3685 39 97
3686 26 54
3687 7 120
3688 63 111
3689 12 69
3690 105 106
3691 36 67
3692 54 61
3693 2 47
3694 93 110
3695 22 42
3696 5 34
3697 61 69
3698 97 107
3699 9 39
3700 30 58
3701 88 93
3702 51 83
3703 34 41
3704 17 39
3705 52 67
3706 109 110
3707 37 44
3708 42 57
3709 25 103
3710 6 67
3711 10 14
3712 30 69
3713 13 51
3714 18 62
3715 55 71
3716 40 111
3717 8 120
3718 28 107
3719 50 56
3720 33 80
3721 14 50
3722 89 115
3723 90 99
3724 18 81
3725 1 15
3726 58 72
3727 21 68
3728 4 12
3729 80 85
3730 26 49
3731 44 107
3732 46 52
3733 11 114
3734 72 100
3735 36 74
3736 37 68
3737 2 38
3738 58 59
3739 93 103
3740 22 45
3741 5 43
3742 97 108
3743 62 84
3744 9 40
3745 27 82
3746 30 61
3747 52 74
3748 15 70
3749 17 24
3750 76 112
3751 6 58
3752 49 82
3753 30 76
3754 13 44
3755 31 70
3756 18 57
3757 55 92
3758 38 60
3759 3 106
3760 4 100
3761 40 86
3762 23 119
3763 64 76
3764 28 98
3765 11 26
3766 50 51
3767 14 53
3768 89 116
3769 53 102
3770 18 72
3771 90 106
3772 57 99
3773 58 83
3774 21 77
3775 4 11
3776 43 80
3777 26 56
3778 46 63
3779 11 107
3780 19 27
3781 2 33
3782 37 77
3783 93 96
3784 22 36
3785 5 20
3786 94 118
3787 97 101
3788 9 81
3789 27 43
3790 30 36
3791 34 59
3792 15 79
3793 52 81
3794 76 111
3795 42 43
3796 23 31
3797 6 61
3798 10 48
3799 101 113
3800 49 75
3801 13 37
3802 31 79
3803 18 48
3804 74 85
3805 55 85
3806 38 55
3807 3 83
3808 43 56
3809 64 67
3810 65 75
3811 11 19
3812 33 98
3813 14 60
3814 90 117
3815 18 67
3816 1 25
3817 57 100
3818 110 112
3819 21 86
3820 22 76
3821 43 73
3822 7 103
3823 46 70
3824 51 57
3825 69 111
3826 15 39
3827 73 100
3828 19 32
3829 2 56
3830 22 63
3831 5 29
3832 61 80
3833 62 70
3834 27 32
3835 98 100
3836 100 102
3837 30 47
3838 34 50
3839 15 84
3840 52 88
3841 55 61
3842 76 102
3843 24 68
3844 6 52
3845 10 59
3846 102 120
3847 49 76
3848 50 82
3849 31 52
3850 106 119
3851 35 49
3852 18 43
3853 74 92
3854 55 82
3855 38 46
3856 40 68
3857 4 106
3858 43 49
3859 8 109
3860 65 76
3861 28 112
3862 1 18
3863 22 71
3864 43 78
3865 44 80
3866 7 92
3867 46 73
3868 47 69
3869 12 105
3870 51 62
3871 15 44
3872 17 114
3873 36 103
3874 19 41
3875 2 51
3876 73 109
3877 93 114
3878 22 54
3879 5 6
3880 94 96
3881 62 73
3882 9 67
3883 10 83
3884 27 57
3885 97 119
3886 34 77
3887 55 58
3888 3 48
3889 59 63
3890 24 75
3891 23 45
3892 6 47
3893 25 67
3894 10 34
3895 102 115
3896 49 69
3897 50 77
3898 31 61
3899 35 54
3900 18 34
3901 40 75
3902 3 65
3903 4 81
3904 43 54
3905 8 20
3906 64 81
3907 65 69
3908 28 79
3909 115 117
3910 43 71
3911 44 79
3912 7 85
3913 46 80
3914 47 66
3915 68 69
3916 69 81
3917 16 99
3918 15 53
3919 19 46
3920 2 10
3921 94 107
3922 24 35
3923 5 15
3924 61 98
3925 98 118
3926 9 68
3927 27 62
3928 47 51
3929 87 88
3930 34 68
3931 20 23
3932 3 57
3933 24 82
3934 23 42
3935 6 38
3936 25 68
3937 81 103
3938 10 45
3939 101 108
3940 102 106
3941 50 68
3942 13 80
3943 31 58
3944 35 63
3945 18 29
3946 74 78
3947 75 84
3948 40 50
3949 3 70
3950 43 47
3951 8 27
3952 7 61
3953 28 70
3954 14 17
3955 39 59
3956 22 81
3957 114 120
3958 26 28
3959 7 82
3960 44 70
3961 47 75
3962 12 31
3963 68 76
3964 15 50
3965 56 65
3966 19 55
3967 2 5
3968 41 102
3969 24 42
3970 5 8
3971 98 113
3972 9 77
3973 10 69
3974 27 55
3975 47 56
3976 52 53
3977 20 30
3978 3 62
3979 59 77
3980 23 35
3981 6 25
3982 25 77
3983 45 114
3984 28 46
3985 82 102
3986 32 41
3987 13 73
3988 31 35
3989 107 114
3990 35 36
3991 18 20
3992 75 77
3993 38 83
3994 3 79
3995 4 71
3996 40 57
3997 7 58
3998 65 87
3999 28 93
4000 11 63
4001 29 73
4002 14 24
4003 53 67
4004 21 106
4005 39 48
4006 114 115
4007 44 61
4008 7 75
4009 48 56
4010 47 80
4011 12 22
4012 68 75
4013 16 81
4014 15 59
4015 56 72
4016 19 60
4017 2 28
4018 37 106
4019 41 111
4020 24 49
4021 42 103
4022 9 118
4023 10 76
4024 87 110
4025 34 86
4026 35 92
4027 52 60
4028 91 107
4029 20 37
4030 3 39
4031 59 66
4032 60 76
4033 23 56
4034 6 16
4035 25 86
4036 45 107
4037 28 37
4038 50 118
4039 13 66
4040 14 112
4041 31 40
4042 35 45
4043 106 107
4044 38 74
4045 39 88
4046 4 78
4047 8 9
4048 7 51
4049 63 86
4050 28 84
4051 11 52
4052 29 66
4053 16 57
4054 53 76
4055 36 52
4056 54 74
4057 2 100
4058 39 41
4059 44 52
4060 7 64
4061 48 63
4062 88 102
4063 69 76
4064 16 72
4065 56 79
4066 19 69
4067 2 23
4068 41 80
4069 24 56
4070 6 120
4071 30 114
4072 87 103
4073 34 81
4074 35 69
4075 52 59
4076 56 62
4077 91 96
4078 20 44
4079 3 44
4080 60 75
4081 23 49
4082 6 11
4083 45 100
4084 28 60
4085 32 39
4086 38 77
4087 39 81
4088 4 53
4089 95 116
4090 8 48
4091 7 40
4092 99 113
4093 28 83
4094 11 45
4095 16 48
4096 90 91
4097 53 85
4098 36 51
4099 54 77
4100 44 51
4101 9 23
4102 48 54
4103 88 109
4104 51 99
4105 16 79
4106 56 86
4107 19 74
4108 20 68
4109 24 63
4110 5 99
4111 34 104
4112 35 74
4113 92 105
4114 20 43
4115 3 21
4116 59 80
4117 60 66
4118 23 78
4119 25 32
4120 82 83
4121 96 108
4122 28 59
4123 32 62
4124 14 66
4125 71 119
4126 75 112
4127 38 68
4128 39 78
4129 4 60
4130 40 46
4131 8 55
4132 7 33
4133 63 68
4134 99 118
4135 11 34
4136 29 84
4137 16 55
4138 72 84
4139 36 58
4140 1 72
4141 54 68
4142 41 49
4143 9 24
4144 88 116
4145 16 70
4146 15 22
4147 17 72
4148 56 93
4149 19 83
4150 20 67
4151 41 66
4152 42 80
4153 6 106
4154 66 74
4155 13 28
4156 87 117
4157 34 99
4158 92 96
4159 20 50
4160 3 26
4161 96 99
4162 111 115
4163 23 71
4164 25 41
4165 45 86
4166 28 50
4167 84 87
4168 32 53
4169 13 109
4170 14 69
4171 53 54
4172 18 120
4173 21 29
4174 4 59
4175 39 71
4176 8 62
4177 7 30
4178 63 77
4179 48 85
4180 29 45
4181 104 114
4182 33 42
4183 16 46
4184 73 83
4185 1 65
4186 41 58
4187 78 81
4188 12 58
4189 15 31
4190 17 65
4191 56 100
4192 20 74
4193 41 75
4194 5 85
4195 45 62
4196 66 69
4197 49 59
4198 30 103
4199 13 21
4200 67 81
4201 87 114
4202 35 120
4203 91 119
4204 20 57
4205 111 120
4206 60 80
4207 23 92
4208 8 86
4209 25 50
4210 45 79
4211 116 117
4212 32 76
4213 14 76
4214 53 63
4215 1 41
4216 38 118
4217 21 38
4218 4 34
4219 95 99
4220 8 37
4221 7 23
4222 63 74
4223 48 76
4224 11 80
4225 29 38
4226 99 100
4227 33 35
4228 16 37
4229 73 84
4230 36 40
4231 54 86
4232 2 72
4233 26 66
4234 9 10
4235 12 49
4236 103 112
4237 51 118
4238 15 100
4239 17 58
4240 56 107
4241 19 97
4242 20 81
4243 37 55
4244 41 76
4245 42 66
4246 76 86
4247 6 100
4248 112 120
4249 45 55
4250 49 60
4251 67 86
4252 13 14
4253 34 117
4254 35 97
4255 92 118
4256 3 8
4257 96 113
4258 60 111
4259 23 85
4260 25 59
4261 45 72
4262 32 67
4263 33 75
4264 70 80
4265 53 56
4266 18 106
4267 1 34
4268 57 61
4269 75 103
4270 21 47
4271 4 41
4272 80 106
4273 95 104
4274 8 44
4275 7 12
4276 99 109
4277 48 67
4278 11 73
4279 29 63
4280 100 101
4281 33 36
4282 16 28
4283 72 73
4284 105 118
4285 36 87
4286 1 83
4287 2 67
4288 5 54
4289 79 83
4290 26 77
4291 9 51
4292 27 73
4293 12 40
4294 103 105
4295 15 109
4296 17 51
4297 108 116
4298 19 102
4299 37 48
4300 76 77
4301 24 27
4302 5 71
4303 42 77
4304 45 48
4305 10 18
4306 66 87
4307 49 53
4308 30 81
4309 31 109
4310 23 82
4311 8 68
4312 25 60
4313 45 65
4314 28 31
4315 33 76
4316 70 75
4317 1 59
4318 57 70
4319 21 40
4320 4 16
4321 26 37
4322 100 108
4323 63 120
4324 11 78
4325 12 80
4326 29 56
4327 33 61
4328 16 19
4329 1 84
4330 41 45
4331 22 25
4332 5 63
4333 26 84
4334 9 52
4335 27 78
4336 12 39
4337 51 68
4338 15 106
4339 17 52
4340 108 115
4341 37 57
4342 112 118
4343 113 120
4344 77 82
4345 24 98
4346 5 64
4347 6 86
4348 42 52
4349 10 29
4350 67 68
4351 55 112
4352 3 118
4353 23 107
4354 8 75
4355 64 120
4356 85 99
4357 32 81
4358 33 69
4359 14 33
4360 89 96
4361 71 80
4362 18 92
4363 1 60
4364 57 79
4365 58 71
4366 21 49
4367 4 31
4368 39 107
4369 26 44
4370 44 118
4371 63 97
4372 100 107
4373 11 71
4374 12 79
4375 29 49
4376 33 54
4377 104 110
4378 73 79
4379 36 69
4380 37 81
4381 2 85
4382 54 59
4383 5 56
4384 61 75
4385 9 61
4386 27 71
4387 30 48
4388 51 77
4389 34 47
4390 17 45
4391 52 69
4392 42 63
4393 5 73
4394 6 73
4395 67 77
4396 30 67
4397 13 57
4398 31 83
4399 55 73
4400 4 119
4401 23 96
4402 8 114
4403 65 103
4404 84 114
4405 50 62
4406 14 40
4407 89 105
4408 71 73
4409 18 87
4410 1 53
4411 57 80
4412 58 78
4413 21 58
4414 4 6
4415 26 55
4416 46 50
4417 12 70
4418 36 76
4419 2 44
4420 93 109
4421 22 43
4422 5 33
4423 61 68
4424 62 82
4425 9 38
4426 27 92
4427 97 106
4428 30 59
4429 88 94
4430 51 82
4431 34 38
4432 17 38
4433 52 76
4434 37 43
4435 6 64
4436 10 15
4437 30 74
4438 13 50
4439 18 63
4440 55 70
4441 38 58
4442 40 80
4443 65 120
4444 28 100
4445 50 57
4446 33 87
4447 14 51
4448 89 114
4449 90 96
4450 18 78
4451 1 14
4452 58 73
4453 21 67
4454 4 13
4455 80 86
4456 26 62
4457 44 100
4458 46 53
4459 16 120
4460 36 75
4461 19 21
4462 2 39
4463 37 67
4464 93 102
4465 22 34
4466 5 42
4467 97 99
4468 62 85
4469 9 47
4470 27 85
4471 30 34
4472 52 75
4473 15 65
4474 17 31
4475 6 59
4476 10 54
4477 101 119
4478 49 81
4479 30 77
4480 13 43
4481 31 65
4482 18 54
4483 38 61
4484 40 87
4485 23 118
4486 64 77
4487 11 29
4488 14 58
4489 90 107
4490 18 73
4491 1 7
4492 58 80
4493 21 76
4494 22 74
4495 43 83
4496 26 57
4497 46 60
4498 11 106
4499 68 105
4500 36 114
4501 19 26
4502 2 62
4503 37 76
4504 94 119
4505 22 37
4506 5 19
4507 61 86
4508 97 100
4509 9 80
4510 27 42
4511 30 37
4512 34 56
4513 15 78
4514 52 82
4515 23 30
4516 6 50
4517 10 49
4518 101 112
4519 49 74
4520 13 36
4521 31 78
4522 18 49
4523 74 82
4524 55 84
4525 38 52
4526 3 82
4527 4 108
4528 43 59
4529 8 103
4530 64 68
4531 65 74
4532 11 18
4533 14 61
4534 90 114
4535 53 110
4536 18 64
4537 1 24
4538 110 113
4539 21 85
4540 22 77
4541 43 72
4542 46 71
4543 68 80
4544 51 56
4545 69 110
4546 15 38
4547 73 107
4548 19 35
4549 2 57
4550 93 120
4551 22 60
4552 5 28
4553 98 101
4554 62 71
4555 27 35
4556 30 44
4557 34 51
4558 55 60
4559 76 103
4560 24 69
4561 6 53
4562 10 56
4563 49 67
4564 50 83
4565 31 55
4566 106 116
4567 35 48
4568 18 40
4569 38 47
4570 40 69
4571 43 48
4572 65 67
4573 1 17
4574 110 120
4575 22 68
4576 78 97
4577 43 65
4578 44 81
4579 83 86
4580 46 78
4581 47 68
4582 12 106
4583 16 109
4584 15 47
4585 36 96
4586 19 40
4587 2 48
4588 93 113
4589 94 97
4590 22 55
4591 97 118
4592 62 78
4593 9 66
4594 10 80
4595 27 56
4596 47 53
4597 34 74
4598 15 92
4599 3 51
4600 59 62
4601 24 76
4602 23 44
4603 6 44
4604 25 66
4605 82 117
4606 10 35
4607 102 112
4608 49 68
4609 50 74
4610 13 86
4611 31 60
4612 35 57
4613 18 35
4614 75 94
4615 40 76
4616 3 64
4617 4 82
4618 8 21
4619 64 82
4620 65 68
4621 28 72
4622 14 15
4623 39 61
4624 115 116
4625 43 70
4626 44 72
4627 7 84
4628 46 81
4629 47 77
4630 68 70
4631 69 80
4632 16 100
4633 15 52
4634 19 49
4635 2 11
4636 94 104
4637 24 36
4638 5 14
4639 42 114
4640 98 119
4641 9 75
4642 27 49
4643 47 50
4644 87 91
4645 34 69
4646 35 81
4647 3 56
4648 24 83
4649 23 37
4650 6 39
4651 25 75
4652 45 120
4653 10 42
4654 101 107
4655 102 107
4656 50 69
4657 13 79
4658 31 37
4659 35 62
4660 18 26
4661 74 79
4662 38 89
4663 3 73
4664 40 51
4665 43 46
4666 8 28
4667 7 60
4668 28 71
4669 11 57
4670 29 79
4671 14 22
4672 39 58
4673 22 86
4674 26 29
4675 7 77
4676 44 71
4677 47 74
4678 12 24
4679 68 77
4680 15 61
4681 17 99
4682 56 66
4683 19 54
4684 24 43
4685 9 76
4686 10 66
4687 27 54
4688 47 59
4689 66 103
4690 86 98
4691 34 92
4692 35 86
4693 52 54
4694 20 31
4695 3 33
4696 59 76
4697 23 34
4698 6 30
4699 25 76
4700 82 103
4701 28 47
4702 32 42
4703 13 72
4704 31 34
4705 107 117
4706 35 39
4707 18 21
4708 74 118
4709 75 76
4710 38 80
4711 3 78
4712 4 64
4713 40 58
4714 7 53
4715 65 86
4716 11 62
4717 29 72
4718 14 25
4719 53 66
4720 54 112
4721 1 100
4722 39 51
4723 44 62
4724 7 74
4725 46 99
4726 47 83
4727 12 23
4728 48 57
4729 88 96
4730 16 82
4731 15 58
4732 56 73
4733 19 63
4734 2 29
4735 24 50
4736 42 100
4737 10 77
4738 87 105
4739 52 61
4740 91 106
4741 20 38
4742 3 38
4743 59 69
4744 60 77
4745 23 59
4746 6 17
4747 25 85
4748 45 106
4749 28 38
4750 32 33
4751 13 65
4752 31 43
4753 50 119
4754 35 44
4755 74 113
4756 38 75
4757 4 79
4758 8 10
4759 7 50
4760 63 81
4761 28 85
4762 11 55
4763 29 65
4764 16 58
4765 53 75
4766 36 53
4767 54 75
4768 39 40
4769 44 53
4770 7 67
4771 46 106
4772 12 14
4773 88 103
4774 69 75
4775 16 73
4776 56 80
4777 19 68
4778 2 20
4779 41 87
4780 24 57
4781 87 102
4782 35 68
4783 91 99
4784 56 63
4785 20 45
4786 3 47
4787 60 68
4788 23 48
4789 6 8
4790 28 61
4791 32 56
4792 14 120
4793 74 120
4794 38 66
4795 39 80
4796 4 54
4797 95 119
4798 8 49
4799 7 43
4800 99 112
4801 11 44
4802 16 49
4803 53 84
4804 36 60
4805 1 118
4806 54 66
4807 9 22
4808 46 109
4809 48 55
4810 88 110
4811 16 64
4812 17 86
4813 19 77
4814 20 69
4815 42 86
4816 9 103
4817 27 29
4818 66 112
4819 34 105
4820 35 77
4821 91 120
4822 92 106
4823 20 52
4824 3 20
4825 59 83
4826 60 67
4827 23 73
4828 25 39
4829 111 117
4830 45 92
4831 28 52
4832 32 63
4833 14 67
4834 71 118
4835 38 69
4836 39 73
4837 4 61
4838 40 47
4839 8 56
4840 7 32
4841 63 71
4842 11 37
4843 29 83
4844 16 40
4845 72 85
4846 36 59
4847 1 79
4848 54 69
4849 41 48
4850 78 79
4851 9 31
4852 12 60
4853 88 117
4854 51 107
4855 16 71
4856 15 17
4857 17 79
4858 19 82
4859 20 76
4860 41 65
4861 42 81
4862 6 107
4863 66 75
4864 67 107
4865 13 27
4866 34 96
4867 35 114
4868 91 113
4869 92 97
4870 55 111
4871 20 51
4872 3 29
4873 111 114
4874 23 70
4875 8 80
4876 45 85
4877 28 51
