1 1 89
2 2 4
3 2 12
4 2 16
5 2 19
6 2 47
7 2 52
8 2 61
9 2 81
10 2 88
11 2 91
12 2 100
13 2 102
14 2 105
15 2 108
16 2 118
17 4 16
18 4 19
19 4 47
20 4 52
21 4 61
22 4 63
23 4 65
24 4 81
25 4 83
26 4 88
27 4 91
28 4 100
29 4 105
30 5 20
31 5 60
32 5 92
33 6 21
34 6 59
35 6 98
36 7 8
37 7 99
38 8 99
39 9 22
40 9 27
41 9 31
42 9 68
43 10 13
44 10 24
45 10 32
46 10 33
47 10 34
48 10 35
49 10 36
50 10 43
51 10 49
52 10 50
53 10 64
54 10 67
55 10 71
56 10 72
57 10 73
58 10 74
59 10 78
60 10 82
61 10 85
62 10 86
63 10 93
64 10 95
65 10 109
66 10 119
67 10 120
68 11 41
69 11 77
70 11 90
71 11 110
72 12 16
73 12 47
74 12 81
75 12 88
76 12 100
77 12 108
78 13 24
79 13 32
80 13 34
81 13 35
82 13 36
83 13 43
84 13 49
85 13 50
86 13 64
87 13 67
88 13 71
89 13 72
90 13 73
91 13 74
92 13 78
93 13 82
94 13 85
95 13 86
96 13 93
97 13 95
98 13 107
99 13 109
100 13 114
101 13 119
102 13 120
103 15 44
104 15 106
105 15 114
106 16 19
107 16 47
108 16 52
109 16 81
110 16 88
111 16 91
112 16 100
113 16 102
114 16 105
115 16 108
116 16 118
117 17 113
118 18 27
119 18 31
120 18 57
121 18 68
122 18 96
123 19 47
124 19 52
125 19 61
126 19 63
127 19 65
128 19 81
129 19 83
130 19 88
131 19 91
132 19 100
133 19 105
134 19 108
135 20 60
136 20 92
137 21 59
138 21 98
139 22 27
140 22 31
141 22 68
142 22 96
143 23 25
144 23 39
145 23 67
146 23 73
147 23 109
148 23 114
149 24 33
150 24 34
151 24 35
152 24 36
153 24 43
154 24 49
155 24 50
156 24 64
157 24 67
158 24 71
159 24 72
160 24 73
161 24 74
162 24 78
163 24 82
164 24 93
165 24 95
166 24 119
167 25 109
168 25 114
169 26 102
170 26 105
171 26 108
172 26 118
173 27 31
174 27 68
175 27 96
176 28 46
177 28 55
178 28 58
179 28 115
180 29 33
181 30 62
182 30 69
183 30 104
184 31 68
185 31 96
186 32 34
187 32 35
188 32 43
189 32 56
190 32 72
191 32 75
192 32 78
193 32 82
194 32 85
195 32 86
196 32 93
197 32 95
198 32 119
199 33 43
200 34 35
201 34 36
202 34 43
203 34 49
204 34 50
205 34 64
206 34 67
207 34 71
208 34 72
209 34 73
210 34 74
211 34 78
212 34 82
213 34 86
214 34 93
215 34 95
216 34 119
217 34 120
218 35 36
219 35 43
220 35 49
221 35 50
222 35 64
223 35 67
224 35 71
225 35 72
226 35 73
227 35 74
228 35 78
229 35 82
230 35 85
231 35 93
232 35 95
233 35 119
234 35 120
235 36 43
236 36 49
237 36 50
238 36 64
239 36 67
240 36 71
241 36 72
242 36 73
243 36 74
244 36 78
245 36 82
246 36 85
247 36 86
248 36 93
249 36 95
250 36 107
251 36 109
252 36 119
253 36 120
254 37 45
255 37 51
256 37 87
257 37 94
258 38 111
259 40 54
260 41 77
261 41 90
262 42 97
263 43 49
264 43 50
265 43 64
266 43 67
267 43 71
268 43 72
269 43 73
270 43 74
271 43 75
272 43 78
273 43 82
274 43 85
275 43 86
276 43 93
277 43 95
278 43 109
279 43 119
280 43 120
281 44 106
282 44 114
283 45 51
284 45 87
285 45 94
286 46 55
287 46 58
288 46 115
289 47 52
290 47 61
291 47 81
292 47 88
293 47 91
294 47 100
295 47 102
296 47 105
297 47 108
298 47 118
299 49 50
300 49 64
301 49 67
302 49 71
303 49 72
304 49 73
305 49 74
306 49 78
307 49 82
308 49 85
309 49 86
310 49 93
311 49 95
312 49 107
313 49 119
314 50 64
315 50 67
316 50 71
317 50 72
318 50 73
319 50 74
320 50 78
321 50 82
322 50 85
323 50 93
324 50 95
325 50 109
326 50 114
327 50 119
328 51 87
329 51 94
330 52 61
331 52 63
332 52 65
333 52 81
334 52 83
335 52 88
336 52 91
337 52 100
338 52 105
339 52 108
340 55 58
341 55 115
342 56 75
343 56 85
344 56 86
345 58 115
346 59 98
347 60 92
348 61 63
349 61 65
350 61 81
351 61 83
352 61 88
353 61 91
354 61 100
355 61 105
356 61 108
357 62 69
358 62 104
359 63 83
360 64 67
361 64 72
362 64 73
363 64 74
364 64 78
365 64 82
366 64 93
367 64 95
368 64 119
369 65 105
370 66 90
371 67 71
372 67 72
373 67 73
374 67 74
375 67 78
376 67 82
377 67 93
378 67 95
379 67 119
380 67 120
381 68 96
382 69 104
383 70 121
384 71 72
385 71 73
386 71 78
387 71 82
388 71 93
389 71 95
390 72 73
391 72 74
392 72 78
393 72 82
394 72 85
395 72 93
396 72 95
397 72 107
398 72 114
399 72 119
400 72 120
401 73 74
402 73 78
403 73 82
404 73 93
405 73 95
406 73 119
407 73 120
408 74 78
409 74 82
410 74 93
411 74 95
412 74 109
413 74 114
414 74 119
415 75 85
416 75 86
417 76 116
418 77 103
419 77 110
420 78 82
421 78 85
422 78 86
423 78 93
424 78 95
425 78 107
426 78 109
427 78 114
428 78 119
429 78 120
430 81 88
431 81 91
432 81 100
433 81 102
434 81 105
435 81 108
436 81 118
437 82 85
438 82 86
439 82 93
440 82 95
441 82 107
442 82 109
443 82 114
444 82 119
445 82 120
446 85 86
447 85 93
448 85 95
449 85 119
450 86 119
451 87 94
452 88 91
453 88 100
454 88 102
455 88 105
456 88 108
457 88 118
458 90 110
459 91 100
460 91 105
461 91 108
462 93 95
463 93 109
464 93 119
465 93 120
466 95 107
467 95 109
468 95 114
469 95 119
470 95 120
471 100 102
472 100 105
473 100 108
474 100 118
475 102 105
476 102 108
477 102 118
478 103 110
479 105 108
480 105 118
481 106 114
482 108 118
483 109 114
484 109 120
485 114 120
486 119 120
