1 1 10
2 1 13
3 1 34
4 1 35
5 1 36
6 1 43
7 1 49
8 1 67
9 1 72
10 1 73
11 1 74
12 1 78
13 1 82
14 1 85
15 1 89
16 1 93
17 1 95
18 1 109
19 1 114
20 1 119
21 1 120
22 2 4
23 2 12
24 2 16
25 2 19
26 2 26
27 2 47
28 2 52
29 2 53
30 2 61
31 2 63
32 2 65
33 2 81
34 2 83
35 2 88
36 2 91
37 2 100
38 2 102
39 2 105
40 2 108
41 2 118
42 3 32
43 4 12
44 4 16
45 4 19
46 4 47
47 4 52
48 4 61
49 4 63
50 4 65
51 4 81
52 4 83
53 4 88
54 4 91
55 4 100
56 4 105
57 4 108
58 4 118
59 5 18
60 5 20
61 5 22
62 5 27
63 5 31
64 5 60
65 5 68
66 5 92
67 6 21
68 6 59
69 6 98
70 7 8
71 7 99
72 8 99
73 9 18
74 9 22
75 9 27
76 9 31
77 9 68
78 9 96
79 10 13
80 10 21
81 10 24
82 10 25
83 10 32
84 10 33
85 10 34
86 10 35
87 10 36
88 10 37
89 10 43
90 10 49
91 10 50
92 10 56
93 10 59
94 10 64
95 10 67
96 10 68
97 10 71
98 10 72
99 10 73
100 10 74
101 10 75
102 10 78
103 10 82
104 10 85
105 10 86
106 10 89
107 10 93
108 10 95
109 10 98
110 10 109
111 10 110
112 10 114
113 10 119
114 10 120
115 11 41
116 11 66
117 11 77
118 11 90
119 11 103
120 11 110
121 12 16
122 12 19
123 12 47
124 12 52
125 12 61
126 12 63
127 12 81
128 12 88
129 12 91
130 12 100
131 12 105
132 12 108
133 12 118
134 13 14
135 13 21
136 13 23
137 13 24
138 13 25
139 13 32
140 13 33
141 13 34
142 13 35
143 13 36
144 13 43
145 13 48
146 13 49
147 13 50
148 13 64
149 13 67
150 13 70
151 13 71
152 13 72
153 13 73
154 13 74
155 13 75
156 13 78
157 13 82
158 13 85
159 13 86
160 13 89
161 13 93
162 13 95
163 13 107
164 13 109
165 13 114
166 13 119
167 13 120
168 13 121
169 14 78
170 14 82
171 14 86
172 14 95
173 14 114
174 14 120
175 15 23
176 15 25
177 15 39
178 15 44
179 15 106
180 15 109
181 15 114
182 15 120
183 16 19
184 16 26
185 16 47
186 16 52
187 16 61
188 16 63
189 16 65
190 16 81
191 16 83
192 16 88
193 16 91
194 16 100
195 16 102
196 16 105
197 16 108
198 16 118
199 17 113
200 18 22
201 18 27
202 18 31
203 18 57
204 18 68
205 18 96
206 19 47
207 19 52
208 19 61
209 19 63
210 19 65
211 19 81
212 19 83
213 19 88
214 19 91
215 19 100
216 19 105
217 19 108
218 19 118
219 20 22
220 20 31
221 20 60
222 20 92
223 21 25
224 21 32
225 21 34
226 21 36
227 21 43
228 21 49
229 21 59
230 21 72
231 21 78
232 21 82
233 21 93
234 21 95
235 21 98
236 21 114
237 21 119
238 22 27
239 22 31
240 22 60
241 22 68
242 22 92
243 22 96
244 23 24
245 23 25
246 23 35
247 23 36
248 23 39
249 23 43
250 23 44
251 23 49
252 23 50
253 23 67
254 23 72
255 23 73
256 23 74
257 23 78
258 23 82
259 23 95
260 23 106
261 23 109
262 23 114
263 23 119
264 23 120
265 24 25
266 24 32
267 24 33
268 24 34
269 24 35
270 24 36
271 24 43
272 24 49
273 24 50
274 24 64
275 24 67
276 24 71
277 24 72
278 24 73
279 24 74
280 24 75
281 24 78
282 24 80
283 24 82
284 24 85
285 24 86
286 24 93
287 24 95
288 24 109
289 24 114
290 24 119
291 24 120
292 25 32
293 25 34
294 25 35
295 25 36
296 25 39
297 25 43
298 25 44
299 25 49
300 25 50
301 25 67
302 25 71
303 25 72
304 25 73
305 25 74
306 25 75
307 25 78
308 25 82
309 25 86
310 25 93
311 25 95
312 25 106
313 25 109
314 25 114
315 25 120
316 26 47
317 26 81
318 26 88
319 26 100
320 26 102
321 26 105
322 26 108
323 26 118
324 27 31
325 27 57
326 27 68
327 27 96
328 28 46
329 28 55
330 28 58
331 28 115
332 29 33
333 30 62
334 30 69
335 30 104
336 31 32
337 31 68
338 31 86
339 31 96
340 32 33
341 32 34
342 32 35
343 32 36
344 32 43
345 32 48
346 32 49
347 32 50
348 32 56
349 32 64
350 32 67
351 32 70
352 32 71
353 32 72
354 32 73
355 32 74
356 32 75
357 32 78
358 32 82
359 32 85
360 32 86
361 32 93
362 32 95
363 32 96
364 32 109
365 32 114
366 32 119
367 32 120
368 32 121
369 33 34
370 33 35
371 33 36
372 33 43
373 33 49
374 33 50
375 33 67
376 33 72
377 33 73
378 33 74
379 33 75
380 33 78
381 33 82
382 33 86
383 33 93
384 33 109
385 33 114
386 33 119
387 33 120
388 34 35
389 34 36
390 34 43
391 34 49
392 34 50
393 34 56
394 34 64
395 34 67
396 34 68
397 34 71
398 34 72
399 34 73
400 34 74
401 34 75
402 34 78
403 34 82
404 34 85
405 34 86
406 34 89
407 34 93
408 34 94
409 34 95
410 34 109
411 34 114
412 34 119
413 34 120
414 35 36
415 35 43
416 35 49
417 35 50
418 35 59
419 35 64
420 35 67
421 35 71
422 35 72
423 35 73
424 35 74
425 35 75
426 35 78
427 35 80
428 35 82
429 35 85
430 35 86
431 35 89
432 35 93
433 35 95
434 35 98
435 35 107
436 35 109
437 35 114
438 35 119
439 35 120
440 36 43
441 36 48
442 36 49
443 36 50
444 36 56
445 36 59
446 36 64
447 36 67
448 36 71
449 36 72
450 36 73
451 36 74
452 36 75
453 36 78
454 36 82
455 36 85
456 36 86
457 36 89
458 36 90
459 36 93
460 36 95
461 36 98
462 36 107
463 36 109
464 36 114
465 36 119
466 36 120
467 36 121
468 37 45
469 37 51
470 37 87
471 37 94
472 38 111
473 39 109
474 39 114
475 40 54
476 41 66
477 41 77
478 41 90
479 41 103
480 41 110
481 42 76
482 42 97
483 42 116
484 43 49
485 43 50
486 43 56
487 43 59
488 43 64
489 43 67
490 43 68
491 43 71
492 43 72
493 43 73
494 43 74
495 43 75
496 43 78
497 43 82
498 43 85
499 43 86
500 43 89
501 43 93
502 43 94
503 43 95
504 43 98
505 43 109
506 43 114
507 43 119
508 43 120
509 44 106
510 44 109
511 44 114
512 45 51
513 45 87
514 45 94
515 46 55
516 46 58
517 46 115
518 47 52
519 47 53
520 47 61
521 47 63
522 47 65
523 47 81
524 47 83
525 47 88
526 47 91
527 47 100
528 47 102
529 47 105
530 47 108
531 47 118
532 48 56
533 48 75
534 48 78
535 48 85
536 48 86
537 48 93
538 48 95
539 49 50
540 49 56
541 49 59
542 49 64
543 49 67
544 49 71
545 49 72
546 49 73
547 49 74
548 49 75
549 49 78
550 49 82
551 49 85
552 49 86
553 49 89
554 49 93
555 49 95
556 49 98
557 49 107
558 49 109
559 49 114
560 49 119
561 49 120
562 50 56
563 50 59
564 50 64
565 50 67
566 50 71
567 50 72
568 50 73
569 50 74
570 50 75
571 50 78
572 50 80
573 50 82
574 50 85
575 50 86
576 50 93
577 50 95
578 50 98
579 50 109
580 50 114
581 50 119
582 50 120
583 51 84
584 51 87
585 51 94
586 52 61
587 52 63
588 52 65
589 52 81
590 52 83
591 52 88
592 52 91
593 52 100
594 52 105
595 52 108
596 52 118
597 53 81
598 53 88
599 53 100
600 55 58
601 55 115
602 56 75
603 56 85
604 56 86
605 56 93
606 56 95
607 56 119
608 57 68
609 57 96
610 58 115
611 59 93
612 59 98
613 59 119
614 60 92
615 61 63
616 61 65
617 61 81
618 61 83
619 61 88
620 61 91
621 61 100
622 61 105
623 61 108
624 61 118
625 62 69
626 62 104
627 63 65
628 63 81
629 63 83
630 63 88
631 63 91
632 63 100
633 63 102
634 63 105
635 63 118
636 64 67
637 64 71
638 64 72
639 64 73
640 64 74
641 64 78
642 64 82
643 64 85
644 64 93
645 64 95
646 64 107
647 64 109
648 64 114
649 64 119
650 64 120
651 65 81
652 65 83
653 65 88
654 65 91
655 65 100
656 65 105
657 65 108
658 66 77
659 66 90
660 66 110
661 67 71
662 67 72
663 67 73
664 67 74
665 67 75
666 67 78
667 67 82
668 67 85
669 67 86
670 67 89
671 67 93
672 67 95
673 67 107
674 67 109
675 67 114
676 67 119
677 67 120
678 68 72
679 68 74
680 68 96
681 69 104
682 70 75
683 70 78
684 70 86
685 70 114
686 70 119
687 70 121
688 71 72
689 71 73
690 71 74
691 71 75
692 71 78
693 71 82
694 71 85
695 71 86
696 71 93
697 71 95
698 71 114
699 71 119
700 71 120
701 72 73
702 72 74
703 72 75
704 72 78
705 72 82
706 72 85
707 72 86
708 72 89
709 72 93
710 72 95
711 72 107
712 72 109
713 72 114
714 72 119
715 72 120
716 73 74
717 73 75
718 73 78
719 73 82
720 73 85
721 73 86
722 73 89
723 73 93
724 73 95
725 73 107
726 73 109
727 73 114
728 73 119
729 73 120
730 74 75
731 74 78
732 74 82
733 74 85
734 74 86
735 74 89
736 74 93
737 74 95
738 74 109
739 74 114
740 74 119
741 74 120
742 75 78
743 75 82
744 75 85
745 75 86
746 75 93
747 75 95
748 75 109
749 75 114
750 75 119
751 75 120
752 75 121
753 76 116
754 77 79
755 77 90
756 77 103
757 77 110
758 78 82
759 78 85
760 78 86
761 78 89
762 78 93
763 78 95
764 78 107
765 78 109
766 78 114
767 78 119
768 78 120
769 78 121
770 79 110
771 79 117
772 80 86
773 81 83
774 81 88
775 81 91
776 81 100
777 81 102
778 81 105
779 81 108
780 81 118
781 82 85
782 82 86
783 82 89
784 82 93
785 82 95
786 82 107
787 82 109
788 82 114
789 82 119
790 82 120
791 83 88
792 83 91
793 83 100
794 83 105
795 83 118
796 85 86
797 85 89
798 85 93
799 85 95
800 85 109
801 85 114
802 85 119
803 85 120
804 86 93
805 86 95
806 86 109
807 86 114
808 86 119
809 86 120
810 86 121
811 87 94
812 88 91
813 88 100
814 88 102
815 88 105
816 88 108
817 88 118
818 89 93
819 89 95
820 89 109
821 89 114
822 89 119
823 89 120
824 90 103
825 90 110
826 90 120
827 91 100
828 91 105
829 91 108
830 91 118
831 93 95
832 93 98
833 93 109
834 93 114
835 93 119
836 93 120
837 95 107
838 95 109
839 95 114
840 95 119
841 95 120
842 98 119
843 100 102
844 100 105
845 100 108
846 100 118
847 102 105
848 102 108
849 102 118
850 103 110
851 105 108
852 105 111
853 105 118
854 106 109
855 106 114
856 107 119
857 108 118
858 109 114
859 109 119
860 109 120
861 114 119
862 114 120
863 119 120
864 119 121
