1 1 2
2 1 5
3 1 10
4 1 13
5 1 20
6 1 21
7 1 22
8 1 23
9 1 24
10 1 25
11 1 31
12 1 32
13 1 33
14 1 34
15 1 35
16 1 36
17 1 43
18 1 44
19 1 46
20 1 48
21 1 49
22 1 50
23 1 52
24 1 55
25 1 63
26 1 64
27 1 66
28 1 67
29 1 68
30 1 71
31 1 72
32 1 73
33 1 74
34 1 75
35 1 78
36 1 80
37 1 82
38 1 83
39 1 85
40 1 86
41 1 89
42 1 90
43 1 93
44 1 94
45 1 95
46 1 103
47 1 105
48 1 109
49 1 110
50 1 114
51 1 118
52 1 119
53 1 120
54 2 4
55 2 12
56 2 16
57 2 19
58 2 26
59 2 38
60 2 47
61 2 52
62 2 53
63 2 61
64 2 63
65 2 65
66 2 81
67 2 83
68 2 84
69 2 88
70 2 91
71 2 100
72 2 102
73 2 105
74 2 108
75 2 111
76 2 118
77 3 5
78 3 14
79 3 21
80 3 23
81 3 24
82 3 25
83 3 32
84 3 34
85 3 43
86 3 44
87 3 50
88 3 56
89 3 57
90 3 70
91 3 75
92 3 80
93 3 85
94 3 86
95 3 94
96 3 96
97 3 114
98 3 119
99 3 120
100 3 121
101 4 12
102 4 16
103 4 19
104 4 26
105 4 45
106 4 47
107 4 51
108 4 52
109 4 61
110 4 63
111 4 65
112 4 81
113 4 83
114 4 84
115 4 88
116 4 91
117 4 100
118 4 102
119 4 105
120 4 108
121 4 118
122 5 9
123 5 10
124 5 14
125 5 17
126 5 18
127 5 20
128 5 21
129 5 22
130 5 25
131 5 27
132 5 31
133 5 32
134 5 34
135 5 35
136 5 36
137 5 37
138 5 43
139 5 45
140 5 47
141 5 48
142 5 50
143 5 51
144 5 56
145 5 57
146 5 59
147 5 60
148 5 61
149 5 67
150 5 68
151 5 70
152 5 71
153 5 73
154 5 74
155 5 75
156 5 81
157 5 85
158 5 86
159 5 88
160 5 89
161 5 92
162 5 93
163 5 94
164 5 96
165 5 98
166 5 100
167 5 105
168 5 113
169 5 114
170 5 118
171 5 119
172 5 120
173 5 121
174 6 21
175 6 35
176 6 36
177 6 43
178 6 59
179 6 64
180 6 72
181 6 93
182 6 98
183 6 119
184 7 8
185 7 18
186 7 20
187 7 25
188 7 31
189 7 34
190 7 35
191 7 48
192 7 50
193 7 67
194 7 71
195 7 73
196 7 85
197 7 93
198 7 96
199 7 99
200 7 109
201 7 114
202 7 119
203 8 18
204 8 20
205 8 25
206 8 34
207 8 35
208 8 48
209 8 67
210 8 71
211 8 73
212 8 85
213 8 93
214 8 96
215 8 99
216 8 109
217 8 114
218 9 18
219 9 22
220 9 24
221 9 27
222 9 31
223 9 32
224 9 36
225 9 49
226 9 57
227 9 68
228 9 72
229 9 80
230 9 86
231 9 96
232 10 11
233 10 13
234 10 14
235 10 18
236 10 20
237 10 21
238 10 22
239 10 23
240 10 24
241 10 25
242 10 27
243 10 29
244 10 31
245 10 32
246 10 33
247 10 34
248 10 35
249 10 36
250 10 37
251 10 40
252 10 43
253 10 44
254 10 45
255 10 46
256 10 48
257 10 49
258 10 50
259 10 51
260 10 54
261 10 55
262 10 56
263 10 58
264 10 59
265 10 64
266 10 66
267 10 67
268 10 68
269 10 70
270 10 71
271 10 72
272 10 73
273 10 74
274 10 75
275 10 77
276 10 78
277 10 80
278 10 82
279 10 84
280 10 85
281 10 86
282 10 89
283 10 90
284 10 93
285 10 94
286 10 95
287 10 96
288 10 98
289 10 103
290 10 107
291 10 109
292 10 110
293 10 113
294 10 114
295 10 119
296 10 120
297 10 121
298 11 13
299 11 23
300 11 34
301 11 35
302 11 36
303 11 41
304 11 43
305 11 49
306 11 66
307 11 67
308 11 71
309 11 72
310 11 73
311 11 74
312 11 77
313 11 78
314 11 79
315 11 82
316 11 90
317 11 93
318 11 95
319 11 101
320 11 103
321 11 109
322 11 110
323 11 114
324 11 117
325 11 119
326 11 120
327 12 16
328 12 19
329 12 26
330 12 38
331 12 47
332 12 52
333 12 53
334 12 61
335 12 63
336 12 65
337 12 81
338 12 83
339 12 88
340 12 91
341 12 100
342 12 102
343 12 105
344 12 108
345 12 118
346 13 14
347 13 15
348 13 18
349 13 21
350 13 23
351 13 24
352 13 25
353 13 27
354 13 29
355 13 31
356 13 32
357 13 33
358 13 34
359 13 35
360 13 36
361 13 39
362 13 43
363 13 44
364 13 45
365 13 47
366 13 48
367 13 49
368 13 50
369 13 52
370 13 55
371 13 56
372 13 59
373 13 64
374 13 67
375 13 68
376 13 70
377 13 71
378 13 72
379 13 73
380 13 74
381 13 75
382 13 77
383 13 78
384 13 80
385 13 81
386 13 82
387 13 84
388 13 85
389 13 86
390 13 87
391 13 88
392 13 89
393 13 90
394 13 93
395 13 95
396 13 96
397 13 98
398 13 99
399 13 100
400 13 102
401 13 103
402 13 106
403 13 107
404 13 109
405 13 110
406 13 112
407 13 113
408 13 114
409 13 117
410 13 118
411 13 119
412 13 120
413 13 121
414 14 20
415 14 23
416 14 24
417 14 25
418 14 27
419 14 28
420 14 31
421 14 32
422 14 34
423 14 35
424 14 36
425 14 37
426 14 43
427 14 44
428 14 48
429 14 49
430 14 50
431 14 55
432 14 56
433 14 60
434 14 64
435 14 67
436 14 68
437 14 70
438 14 71
439 14 72
440 14 73
441 14 75
442 14 78
443 14 80
444 14 82
445 14 85
446 14 86
447 14 92
448 14 93
449 14 95
450 14 96
451 14 109
452 14 114
453 14 115
454 14 119
455 14 120
456 15 23
457 15 24
458 15 25
459 15 34
460 15 35
461 15 36
462 15 39
463 15 43
464 15 44
465 15 49
466 15 50
467 15 67
468 15 72
469 15 73
470 15 78
471 15 82
472 15 95
473 15 106
474 15 109
475 15 114
476 15 120
477 16 19
478 16 26
479 16 38
480 16 43
481 16 47
482 16 51
483 16 52
484 16 53
485 16 61
486 16 63
487 16 65
488 16 81
489 16 83
490 16 84
491 16 88
492 16 91
493 16 100
494 16 102
495 16 105
496 16 108
497 16 111
498 16 118
499 16 120
500 17 18
501 17 24
502 17 31
503 17 32
504 17 48
505 17 50
506 17 68
507 17 70
508 17 71
509 17 96
510 17 113
511 17 120
512 18 20
513 18 22
514 18 24
515 18 27
516 18 31
517 18 32
518 18 34
519 18 35
520 18 36
521 18 43
522 18 48
523 18 49
524 18 50
525 18 51
526 18 56
527 18 57
528 18 60
529 18 61
530 18 67
531 18 68
532 18 71
533 18 72
534 18 73
535 18 74
536 18 75
537 18 78
538 18 82
539 18 85
540 18 86
541 18 92
542 18 93
543 18 95
544 18 96
545 18 109
546 18 113
547 18 114
548 18 118
549 18 119
550 18 120
551 19 26
552 19 37
553 19 45
554 19 47
555 19 52
556 19 53
557 19 61
558 19 63
559 19 65
560 19 81
561 19 83
562 19 88
563 19 91
564 19 100
565 19 102
566 19 105
567 19 108
568 19 118
569 20 21
570 20 22
571 20 24
572 20 27
573 20 31
574 20 32
575 20 34
576 20 36
577 20 43
578 20 48
579 20 49
580 20 50
581 20 51
582 20 56
583 20 60
584 20 61
585 20 67
586 20 68
587 20 71
588 20 72
589 20 73
590 20 74
591 20 75
592 20 85
593 20 86
594 20 89
595 20 92
596 20 93
597 20 94
598 20 96
599 20 99
600 20 105
601 20 109
602 20 119
603 20 120
604 21 23
605 21 24
606 21 25
607 21 32
608 21 33
609 21 34
610 21 35
611 21 36
612 21 43
613 21 49
614 21 50
615 21 56
616 21 59
617 21 64
618 21 67
619 21 72
620 21 73
621 21 74
622 21 75
623 21 78
624 21 80
625 21 82
626 21 85
627 21 86
628 21 89
629 21 93
630 21 95
631 21 98
632 21 109
633 21 114
634 21 118
635 21 119
636 21 120
637 22 27
638 22 31
639 22 32
640 22 34
641 22 35
642 22 36
643 22 43
644 22 49
645 22 50
646 22 55
647 22 57
648 22 60
649 22 68
650 22 71
651 22 72
652 22 74
653 22 86
654 22 89
655 22 92
656 22 93
657 22 96
658 22 114
659 22 115
660 22 120
661 23 24
662 23 25
663 23 28
664 23 31
665 23 32
666 23 33
667 23 34
668 23 35
669 23 36
670 23 39
671 23 43
672 23 44
673 23 49
674 23 50
675 23 64
676 23 67
677 23 70
678 23 71
679 23 72
680 23 73
681 23 74
682 23 75
683 23 78
684 23 80
685 23 82
686 23 85
687 23 86
688 23 89
689 23 93
690 23 95
691 23 106
692 23 109
693 23 114
694 23 115
695 23 119
696 23 120
697 23 121
698 24 25
699 24 27
700 24 28
701 24 29
702 24 31
703 24 32
704 24 33
705 24 34
706 24 35
707 24 36
708 24 37
709 24 43
710 24 44
711 24 45
712 24 48
713 24 49
714 24 50
715 24 52
716 24 55
717 24 56
718 24 59
719 24 63
720 24 64
721 24 67
722 24 68
723 24 70
724 24 71
725 24 72
726 24 73
727 24 74
728 24 75
729 24 78
730 24 80
731 24 82
732 24 84
733 24 85
734 24 86
735 24 89
736 24 90
737 24 93
738 24 95
739 24 96
740 24 98
741 24 106
742 24 107
743 24 109
744 24 110
745 24 113
746 24 114
747 24 119
748 24 120
749 24 121
750 25 31
751 25 32
752 25 33
753 25 34
754 25 35
755 25 36
756 25 39
757 25 43
758 25 44
759 25 49
760 25 50
761 25 55
762 25 56
763 25 59
764 25 64
765 25 67
766 25 68
767 25 70
768 25 71
769 25 72
770 25 73
771 25 74
772 25 75
773 25 78
774 25 80
775 25 82
776 25 84
777 25 85
778 25 86
779 25 89
780 25 93
781 25 94
782 25 95
783 25 98
784 25 106
785 25 107
786 25 109
787 25 114
788 25 118
789 25 119
790 25 120
791 25 121
792 26 38
793 26 47
794 26 52
795 26 53
796 26 61
797 26 63
798 26 81
799 26 83
800 26 88
801 26 91
802 26 100
803 26 102
804 26 105
805 26 108
806 26 118
807 27 28
808 27 31
809 27 32
810 27 34
811 27 35
812 27 36
813 27 43
814 27 46
815 27 48
816 27 49
817 27 50
818 27 55
819 27 57
820 27 58
821 27 60
822 27 68
823 27 71
824 27 72
825 27 74
826 27 78
827 27 82
828 27 86
829 27 92
830 27 93
831 27 95
832 27 96
833 27 115
834 27 119
835 27 120
836 27 121
837 28 31
838 28 32
839 28 36
840 28 46
841 28 49
842 28 55
843 28 58
844 28 68
845 28 72
846 28 86
847 28 96
848 28 109
849 28 114
850 28 115
851 28 120
852 29 33
853 29 34
854 29 35
855 29 36
856 29 43
857 29 49
858 29 50
859 29 56
860 29 71
861 29 72
862 29 78
863 29 82
864 29 86
865 29 93
866 29 95
867 29 109
868 29 114
869 29 119
870 30 62
871 30 69
872 30 84
873 30 104
874 31 32
875 31 34
876 31 35
877 31 36
878 31 37
879 31 43
880 31 45
881 31 46
882 31 48
883 31 49
884 31 50
885 31 55
886 31 56
887 31 57
888 31 60
889 31 65
890 31 67
891 31 68
892 31 70
893 31 71
894 31 72
895 31 73
896 31 74
897 31 75
898 31 78
899 31 82
900 31 84
901 31 85
902 31 86
903 31 89
904 31 92
905 31 93
906 31 94
907 31 95
908 31 96
909 31 105
910 31 109
911 31 114
912 31 115
913 31 119
914 31 120
915 32 33
916 32 34
917 32 35
918 32 36
919 32 37
920 32 39
921 32 43
922 32 44
923 32 45
924 32 46
925 32 48
926 32 49
927 32 50
928 32 51
929 32 55
930 32 56
931 32 57
932 32 59
933 32 60
934 32 64
935 32 67
936 32 68
937 32 70
938 32 71
939 32 72
940 32 73
941 32 74
942 32 75
943 32 78
944 32 80
945 32 82
946 32 84
947 32 85
948 32 86
949 32 89
950 32 92
951 32 93
952 32 94
953 32 95
954 32 96
955 32 98
956 32 109
957 32 113
958 32 114
959 32 115
960 32 119
961 32 120
962 32 121
963 33 34
964 33 35
965 33 36
966 33 37
967 33 43
968 33 45
969 33 48
970 33 49
971 33 50
972 33 52
973 33 55
974 33 56
975 33 59
976 33 61
977 33 64
978 33 67
979 33 71
980 33 72
981 33 73
982 33 74
983 33 75
984 33 78
985 33 80
986 33 82
987 33 84
988 33 85
989 33 86
990 33 89
991 33 90
992 33 93
993 33 94
994 33 95
995 33 96
996 33 98
997 33 109
998 33 113
999 33 114
1000 33 119
1001 33 120
1002 33 121
1003 34 35
1004 34 36
1005 34 37
1006 34 43
1007 34 45
1008 34 46
1009 34 48
1010 34 49
1011 34 50
1012 34 51
1013 34 55
1014 34 56
1015 34 59
1016 34 61
1017 34 64
1018 34 67
1019 34 68
1020 34 70
1021 34 71
1022 34 72
1023 34 73
1024 34 74
1025 34 75
1026 34 77
1027 34 78
1028 34 80
1029 34 82
1030 34 84
1031 34 85
1032 34 86
1033 34 87
1034 34 89
1035 34 90
1036 34 93
1037 34 94
1038 34 95
1039 34 96
1040 34 98
1041 34 103
1042 34 107
1043 34 109
1044 34 110
1045 34 112
1046 34 113
1047 34 114
1048 34 119
1049 34 120
1050 34 121
1051 35 36
1052 35 37
1053 35 39
1054 35 43
1055 35 44
1056 35 48
1057 35 49
1058 35 50
1059 35 56
1060 35 59
1061 35 64
1062 35 67
1063 35 68
1064 35 70
1065 35 71
1066 35 72
1067 35 73
1068 35 74
1069 35 75
1070 35 77
1071 35 78
1072 35 80
1073 35 82
1074 35 84
1075 35 85
1076 35 86
1077 35 89
1078 35 90
1079 35 93
1080 35 94
1081 35 95
1082 35 96
1083 35 98
1084 35 102
1085 35 103
1086 35 107
1087 35 109
1088 35 110
1089 35 113
1090 35 114
1091 35 119
1092 35 120
1093 35 121
1094 36 37
1095 36 39
1096 36 41
1097 36 43
1098 36 44
1099 36 45
1100 36 48
1101 36 49
1102 36 50
1103 36 52
1104 36 55
1105 36 56
1106 36 57
1107 36 59
1108 36 61
1109 36 63
1110 36 64
1111 36 66
1112 36 67
1113 36 68
1114 36 70
1115 36 71
1116 36 72
1117 36 73
1118 36 74
1119 36 75
1120 36 77
1121 36 78
1122 36 80
1123 36 81
1124 36 82
1125 36 83
1126 36 84
1127 36 85
1128 36 86
1129 36 88
1130 36 89
1131 36 90
1132 36 93
1133 36 94
1134 36 95
1135 36 96
1136 36 98
1137 36 100
1138 36 102
1139 36 103
1140 36 105
1141 36 107
1142 36 109
1143 36 110
1144 36 112
1145 36 113
1146 36 114
1147 36 115
1148 36 118
1149 36 119
1150 36 120
1151 36 121
1152 37 38
1153 37 43
1154 37 45
1155 37 49
1156 37 51
1157 37 52
1158 37 53
1159 37 56
1160 37 61
1161 37 68
1162 37 75
1163 37 81
1164 37 84
1165 37 85
1166 37 86
1167 37 87
1168 37 88
1169 37 93
1170 37 94
1171 37 96
1172 37 100
1173 37 102
1174 37 105
1175 37 108
1176 37 109
1177 37 111
1178 37 118
1179 37 119
1180 37 120
1181 38 45
1182 38 47
1183 38 52
1184 38 63
1185 38 81
1186 38 83
1187 38 88
1188 38 94
1189 38 100
1190 38 102
1191 38 105
1192 38 111
1193 38 118
1194 39 44
1195 39 49
1196 39 50
1197 39 67
1198 39 71
1199 39 72
1200 39 73
1201 39 74
1202 39 75
1203 39 78
1204 39 82
1205 39 85
1206 39 86
1207 39 95
1208 39 106
1209 39 109
1210 39 114
1211 39 119
1212 39 120
1213 40 43
1214 40 54
1215 40 74
1216 40 93
1217 40 120
1218 41 66
1219 41 77
1220 41 90
1221 41 101
1222 41 103
1223 41 110
1224 41 120
1225 42 76
1226 42 97
1227 42 116
1228 43 44
1229 43 45
1230 43 46
1231 43 48
1232 43 49
1233 43 50
1234 43 51
1235 43 54
1236 43 55
1237 43 56
1238 43 58
1239 43 59
1240 43 61
1241 43 64
1242 43 67
1243 43 68
1244 43 70
1245 43 71
1246 43 72
1247 43 73
1248 43 74
1249 43 75
1250 43 78
1251 43 80
1252 43 82
1253 43 84
1254 43 85
1255 43 86
1256 43 89
1257 43 90
1258 43 93
1259 43 94
1260 43 95
1261 43 96
1262 43 98
1263 43 103
1264 43 107
1265 43 109
1266 43 110
1267 43 113
1268 43 114
1269 43 119
1270 43 120
1271 43 121
1272 44 50
1273 44 67
1274 44 70
1275 44 72
1276 44 73
1277 44 78
1278 44 82
1279 44 86
1280 44 89
1281 44 93
1282 44 95
1283 44 105
1284 44 106
1285 44 109
1286 44 114
1287 44 119
1288 44 120
1289 44 121
1290 45 49
1291 45 51
1292 45 52
1293 45 56
1294 45 61
1295 45 70
1296 45 74
1297 45 75
1298 45 78
1299 45 82
1300 45 84
1301 45 86
1302 45 87
1303 45 93
1304 45 94
1305 45 102
1306 45 105
1307 45 111
1308 45 118
1309 45 119
1310 45 121
1311 46 55
1312 46 58
1313 46 68
1314 46 74
1315 46 93
1316 46 109
1317 46 114
1318 46 115
1319 46 120
1320 47 52
1321 47 53
1322 47 61
1323 47 63
1324 47 65
1325 47 78
1326 47 81
1327 47 82
1328 47 83
1329 47 84
1330 47 88
1331 47 91
1332 47 100
1333 47 102
1334 47 105
1335 47 108
1336 47 111
1337 47 118
1338 48 49
1339 48 50
1340 48 56
1341 48 59
1342 48 64
1343 48 67
1344 48 68
1345 48 70
1346 48 71
1347 48 72
1348 48 73
1349 48 74
1350 48 75
1351 48 78
1352 48 80
1353 48 82
1354 48 85
1355 48 86
1356 48 89
1357 48 93
1358 48 95
1359 48 96
1360 48 98
1361 48 99
1362 48 114
1363 48 119
1364 48 120
1365 48 121
1366 49 50
1367 49 52
1368 49 55
1369 49 56
1370 49 59
1371 49 61
1372 49 64
1373 49 66
1374 49 67
1375 49 68
1376 49 70
1377 49 71
1378 49 72
1379 49 73
1380 49 74
1381 49 75
1382 49 77
1383 49 78
1384 49 80
1385 49 82
1386 49 84
1387 49 85
1388 49 86
1389 49 89
1390 49 90
1391 49 93
1392 49 94
1393 49 95
1394 49 96
1395 49 98
1396 49 102
1397 49 103
1398 49 107
1399 49 109
1400 49 110
1401 49 114
1402 49 115
1403 49 118
1404 49 119
1405 49 120
1406 49 121
1407 50 52
1408 50 55
1409 50 56
1410 50 59
1411 50 63
1412 50 64
1413 50 66
1414 50 67
1415 50 68
1416 50 70
1417 50 71
1418 50 72
1419 50 73
1420 50 74
1421 50 75
1422 50 78
1423 50 80
1424 50 82
1425 50 84
1426 50 85
1427 50 86
1428 50 89
1429 50 90
1430 50 93
1431 50 95
1432 50 96
1433 50 98
1434 50 103
1435 50 106
1436 50 107
1437 50 109
1438 50 110
1439 50 111
1440 50 113
1441 50 114
1442 50 115
1443 50 119
1444 50 120
1445 50 121
1446 51 60
1447 51 70
1448 51 75
1449 51 81
1450 51 84
1451 51 86
1452 51 87
1453 51 88
1454 51 91
1455 51 92
1456 51 93
1457 51 94
1458 51 100
1459 51 105
1460 51 120
1461 52 53
1462 52 61
1463 52 63
1464 52 65
1465 52 72
1466 52 78
1467 52 81
1468 52 82
1469 52 83
1470 52 84
1471 52 88
1472 52 91
1473 52 95
1474 52 100
1475 52 102
1476 52 104
1477 52 105
1478 52 108
1479 52 118
1480 53 61
1481 53 63
1482 53 81
1483 53 83
1484 53 88
1485 53 91
1486 53 100
1487 53 102
1488 53 105
1489 53 108
1490 53 118
1491 54 74
1492 54 93
1493 54 107
1494 54 120
1495 55 58
1496 55 68
1497 55 72
1498 55 74
1499 55 78
1500 55 82
1501 55 89
1502 55 93
1503 55 95
1504 55 96
1505 55 109
1506 55 114
1507 55 115
1508 55 119
1509 55 120
1510 56 57
1511 56 59
1512 56 60
1513 56 64
1514 56 67
1515 56 70
1516 56 71
1517 56 72
1518 56 73
1519 56 74
1520 56 75
1521 56 78
1522 56 80
1523 56 82
1524 56 84
1525 56 85
1526 56 86
1527 56 92
1528 56 93
1529 56 95
1530 56 96
1531 56 98
1532 56 109
1533 56 113
1534 56 114
1535 56 119
1536 56 120
1537 56 121
1538 57 68
1539 57 70
1540 57 75
1541 57 86
1542 57 96
1543 57 121
1544 58 74
1545 58 86
1546 58 93
1547 58 109
1548 58 115
1549 59 60
1550 59 64
1551 59 67
1552 59 71
1553 59 72
1554 59 73
1555 59 74
1556 59 75
1557 59 78
1558 59 80
1559 59 82
1560 59 85
1561 59 86
1562 59 92
1563 59 93
1564 59 95
1565 59 98
1566 59 109
1567 59 114
1568 59 115
1569 59 119
1570 60 61
1571 60 68
1572 60 75
1573 60 85
1574 60 86
1575 60 92
1576 60 94
1577 60 96
1578 60 98
1579 60 113
1580 60 120
1581 61 63
1582 61 65
1583 61 67
1584 61 73
1585 61 81
1586 61 83
1587 61 84
1588 61 88
1589 61 91
1590 61 92
1591 61 93
1592 61 94
1593 61 100
1594 61 102
1595 61 105
1596 61 108
1597 61 113
1598 61 118
1599 61 119
1600 61 120
1601 62 69
1602 62 84
1603 62 87
1604 62 104
1605 62 111
1606 63 65
1607 63 81
1608 63 83
1609 63 86
1610 63 88
1611 63 89
1612 63 91
1613 63 100
1614 63 102
1615 63 105
1616 63 108
1617 63 118
1618 63 119
1619 63 120
1620 64 67
1621 64 70
1622 64 71
1623 64 72
1624 64 73
1625 64 74
1626 64 75
1627 64 78
1628 64 80
1629 64 82
1630 64 85
1631 64 86
1632 64 89
1633 64 93
1634 64 95
1635 64 96
1636 64 98
1637 64 107
1638 64 109
1639 64 114
1640 64 119
1641 64 120
1642 64 121
1643 65 81
1644 65 83
1645 65 84
1646 65 88
1647 65 91
1648 65 100
1649 65 102
1650 65 105
1651 65 108
1652 65 118
1653 66 67
1654 66 71
1655 66 73
1656 66 77
1657 66 89
1658 66 90
1659 66 103
1660 66 110
1661 66 120
1662 67 68
1663 67 70
1664 67 71
1665 67 72
1666 67 73
1667 67 74
1668 67 75
1669 67 77
1670 67 78
1671 67 80
1672 67 82
1673 67 83
1674 67 85
1675 67 86
1676 67 89
1677 67 90
1678 67 93
1679 67 95
1680 67 96
1681 67 98
1682 67 103
1683 67 106
1684 67 107
1685 67 109
1686 67 110
1687 67 113
1688 67 114
1689 67 119
1690 67 120
1691 67 121
1692 68 70
1693 68 71
1694 68 72
1695 68 73
1696 68 74
1697 68 75
1698 68 78
1699 68 82
1700 68 84
1701 68 86
1702 68 89
1703 68 92
1704 68 93
1705 68 94
1706 68 95
1707 68 96
1708 68 109
1709 68 113
1710 68 114
1711 68 115
1712 68 119
1713 68 120
1714 68 121
1715 69 84
1716 69 87
1717 69 104
1718 69 111
1719 70 71
1720 70 72
1721 70 73
1722 70 75
1723 70 78
1724 70 80
1725 70 82
1726 70 84
1727 70 85
1728 70 86
1729 70 93
1730 70 95
1731 70 96
1732 70 106
1733 70 109
1734 70 113
1735 70 114
1736 70 119
1737 70 120
1738 70 121
1739 71 72
1740 71 73
1741 71 74
1742 71 75
1743 71 77
1744 71 78
1745 71 80
1746 71 82
1747 71 85
1748 71 86
1749 71 89
1750 71 90
1751 71 93
1752 71 94
1753 71 95
1754 71 96
1755 71 98
1756 71 99
1757 71 103
1758 71 107
1759 71 109
1760 71 110
1761 71 113
1762 71 114
1763 71 119
1764 71 120
1765 71 121
1766 72 73
1767 72 74
1768 72 75
1769 72 77
1770 72 78
1771 72 80
1772 72 82
1773 72 84
1774 72 85
1775 72 86
1776 72 89
1777 72 90
1778 72 93
1779 72 95
1780 72 96
1781 72 98
1782 72 103
1783 72 106
1784 72 107
1785 72 109
1786 72 110
1787 72 113
1788 72 114
1789 72 115
1790 72 119
1791 72 120
1792 72 121
1793 73 74
1794 73 75
1795 73 77
1796 73 78
1797 73 80
1798 73 82
1799 73 83
1800 73 85
1801 73 86
1802 73 89
1803 73 90
1804 73 93
1805 73 95
1806 73 96
1807 73 98
1808 73 103
1809 73 106
1810 73 107
1811 73 109
1812 73 110
1813 73 113
1814 73 114
1815 73 119
1816 73 120
1817 73 121
1818 74 75
1819 74 78
1820 74 80
1821 74 82
1822 74 85
1823 74 86
1824 74 89
1825 74 90
1826 74 93
1827 74 94
1828 74 95
1829 74 96
1830 74 98
1831 74 107
1832 74 109
1833 74 110
1834 74 113
1835 74 114
1836 74 115
1837 74 118
1838 74 119
1839 74 120
1840 74 121
1841 75 77
1842 75 78
1843 75 80
1844 75 82
1845 75 84
1846 75 85
1847 75 86
1848 75 89
1849 75 92
1850 75 93
1851 75 94
1852 75 95
1853 75 96
1854 75 98
1855 75 106
1856 75 109
1857 75 113
1858 75 114
1859 75 119
1860 75 120
1861 75 121
1862 76 97
1863 76 116
1864 77 78
1865 77 79
1866 77 86
1867 77 90
1868 77 93
1869 77 95
1870 77 103
1871 77 109
1872 77 110
1873 77 114
1874 77 117
1875 77 119
1876 77 120
1877 78 80
1878 78 81
1879 78 82
1880 78 84
1881 78 85
1882 78 86
1883 78 87
1884 78 88
1885 78 89
1886 78 90
1887 78 93
1888 78 95
1889 78 96
1890 78 98
1891 78 99
1892 78 100
1893 78 102
1894 78 103
1895 78 106
1896 78 107
1897 78 109
1898 78 110
1899 78 112
1900 78 113
1901 78 114
1902 78 117
1903 78 118
1904 78 119
1905 78 120
1906 78 121
1907 79 90
1908 79 103
1909 79 110
1910 79 112
1911 79 117
1912 80 82
1913 80 85
1914 80 86
1915 80 89
1916 80 93
1917 80 95
1918 80 96
1919 80 98
1920 80 109
1921 80 119
1922 80 120
1923 80 121
1924 81 82
1925 81 83
1926 81 84
1927 81 88
1928 81 91
1929 81 95
1930 81 100
1931 81 102
1932 81 105
1933 81 108
1934 81 111
1935 81 118
1936 82 84
1937 82 85
1938 82 86
1939 82 88
1940 82 89
1941 82 90
1942 82 93
1943 82 95
1944 82 96
1945 82 98
1946 82 99
1947 82 100
1948 82 103
1949 82 106
1950 82 107
1951 82 109
1952 82 110
1953 82 112
1954 82 113
1955 82 114
1956 82 118
1957 82 119
1958 82 120
1959 82 121
1960 83 86
1961 83 88
1962 83 89
1963 83 91
1964 83 100
1965 83 102
1966 83 105
1967 83 108
1968 83 118
1969 83 120
1970 84 85
1971 84 86
1972 84 87
1973 84 88
1974 84 91
1975 84 94
1976 84 95
1977 84 100
1978 84 105
1979 84 109
1980 84 111
1981 84 114
1982 84 118
1983 84 119
1984 84 120
1985 84 121
1986 85 86
1987 85 89
1988 85 90
1989 85 92
1990 85 93
1991 85 94
1992 85 95
1993 85 96
1994 85 98
1995 85 107
1996 85 109
1997 85 114
1998 85 119
1999 85 120
2000 85 121
2001 86 89
2002 86 92
2003 86 93
2004 86 94
2005 86 95
2006 86 96
2007 86 98
2008 86 103
2009 86 106
2010 86 107
2011 86 109
2012 86 110
2013 86 113
2014 86 114
2015 86 119
2016 86 120
2017 86 121
2018 87 94
2019 87 96
2020 87 105
2021 87 108
2022 87 111
2023 88 91
2024 88 95
2025 88 100
2026 88 102
2027 88 105
2028 88 108
2029 88 111
2030 88 118
2031 89 90
2032 89 93
2033 89 94
2034 89 95
2035 89 103
2036 89 105
2037 89 109
2038 89 110
2039 89 114
2040 89 118
2041 89 119
2042 89 120
2043 90 93
2044 90 95
2045 90 101
2046 90 103
2047 90 109
2048 90 110
2049 90 112
2050 90 117
2051 90 119
2052 90 120
2053 91 100
2054 91 102
2055 91 105
2056 91 108
2057 91 118
2058 92 94
2059 92 96
2060 92 98
2061 92 113
2062 92 120
2063 93 94
2064 93 95
2065 93 96
2066 93 98
2067 93 103
2068 93 107
2069 93 109
2070 93 110
2071 93 113
2072 93 114
2073 93 119
2074 93 120
2075 93 121
2076 94 102
2077 94 103
2078 94 105
2079 94 110
2080 94 111
2081 94 118
2082 94 119
2083 94 120
2084 95 96
2085 95 98
2086 95 100
2087 95 102
2088 95 103
2089 95 106
2090 95 107
2091 95 109
2092 95 110
2093 95 112
2094 95 113
2095 95 114
2096 95 118
2097 95 119
2098 95 120
2099 95 121
2100 96 105
2101 96 113
2102 96 115
2103 96 119
2104 96 120
2105 96 121
2106 97 116
2107 98 109
2108 98 114
2109 98 115
2110 98 119
2111 100 102
2112 100 105
2113 100 108
2114 100 111
2115 100 118
2116 101 103
2117 101 110
2118 102 105
2119 102 108
2120 102 111
2121 102 114
2122 102 118
2123 102 120
2124 103 109
2125 103 110
2126 103 114
2127 103 117
2128 103 119
2129 103 120
2130 104 105
2131 104 111
2132 104 118
2133 105 108
2134 105 111
2135 105 118
2136 105 119
2137 106 109
2138 106 114
2139 106 120
2140 106 121
2141 107 109
2142 107 114
2143 107 119
2144 107 120
2145 108 118
2146 109 110
2147 109 114
2148 109 115
2149 109 119
2150 109 120
2151 109 121
2152 110 112
2153 110 114
2154 110 117
2155 110 119
2156 110 120
2157 111 114
2158 111 118
2159 112 119
2160 113 119
2161 113 120
2162 114 115
2163 114 118
2164 114 119
2165 114 120
2166 114 121
2167 115 120
2168 116 118
2169 118 119
2170 118 120
2171 118 121
2172 119 120
2173 119 121
2174 120 121
