1 1 2
2 1 3
3 1 4
4 1 6
5 1 7
6 1 20
7 1 23
8 1 24
9 1 26
10 1 31
11 1 43
12 1 44
13 1 51
14 1 54
15 1 55
16 1 58
17 1 59
18 1 62
19 1 64
20 1 68
21 1 70
22 1 74
23 1 81
24 1 87
25 1 88
26 1 93
27 1 96
28 1 98
29 1 101
30 1 104
31 1 105
32 1 116
33 1 117
34 1 121
35 1 123
36 1 124
37 2 3
38 2 4
39 2 5
40 2 7
41 2 9
42 2 14
43 2 15
44 2 17
45 2 18
46 2 20
47 2 21
48 2 23
49 2 25
50 2 26
51 2 29
52 2 30
53 2 31
54 2 32
55 2 39
56 2 42
57 2 43
58 2 44
59 2 45
60 2 47
61 2 51
62 2 52
63 2 55
64 2 56
65 2 57
66 2 58
67 2 60
68 2 61
69 2 64
70 2 65
71 2 69
72 2 74
73 2 83
74 2 84
75 2 87
76 2 88
77 2 93
78 2 95
79 2 96
80 2 98
81 2 100
82 2 101
83 2 105
84 2 106
85 2 108
86 2 116
87 2 121
88 2 122
89 2 124
90 3 4
91 3 5
92 3 20
93 3 25
94 3 26
95 3 27
96 3 32
97 3 36
98 3 43
99 3 44
100 3 47
101 3 51
102 3 56
103 3 58
104 3 61
105 3 62
106 3 64
107 3 68
108 3 73
109 3 87
110 3 90
111 3 97
112 3 98
113 3 101
114 3 102
115 3 103
116 3 108
117 3 111
118 3 119
119 3 121
120 3 124
121 4 5
122 4 7
123 4 9
124 4 10
125 4 17
126 4 18
127 4 20
128 4 25
129 4 30
130 4 31
131 4 43
132 4 44
133 4 45
134 4 47
135 4 51
136 4 52
137 4 53
138 4 55
139 4 56
140 4 57
141 4 60
142 4 64
143 4 65
144 4 69
145 4 74
146 4 84
147 4 87
148 4 88
149 4 93
150 4 95
151 4 96
152 4 97
153 4 98
154 4 100
155 4 101
156 4 106
157 4 108
158 4 116
159 4 119
160 4 121
161 4 122
162 4 123
163 4 124
164 5 9
165 5 14
166 5 16
167 5 17
168 5 18
169 5 20
170 5 21
171 5 24
172 5 25
173 5 27
174 5 28
175 5 29
176 5 32
177 5 33
178 5 36
179 5 41
180 5 43
181 5 44
182 5 46
183 5 47
184 5 50
185 5 51
186 5 56
187 5 57
188 5 60
189 5 61
190 5 62
191 5 64
192 5 68
193 5 71
194 5 72
195 5 73
196 5 74
197 5 75
198 5 78
199 5 83
200 5 84
201 5 85
202 5 91
203 5 92
204 5 94
205 5 95
206 5 97
207 5 100
208 5 105
209 5 106
210 5 108
211 5 110
212 5 111
213 5 112
214 5 115
215 5 117
216 5 119
217 5 120
218 5 121
219 5 122
220 5 124
221 6 8
222 6 9
223 6 10
224 6 15
225 6 21
226 6 23
227 6 26
228 6 31
229 6 32
230 6 34
231 6 35
232 6 38
233 6 39
234 6 40
235 6 53
236 6 54
237 6 55
238 6 59
239 6 61
240 6 65
241 6 66
242 6 68
243 6 70
244 6 82
245 6 83
246 6 86
247 6 88
248 6 91
249 6 93
250 6 94
251 6 96
252 6 98
253 6 99
254 6 104
255 6 108
256 6 109
257 6 112
258 6 114
259 6 118
260 7 9
261 7 14
262 7 17
263 7 18
264 7 20
265 7 25
266 7 30
267 7 31
268 7 43
269 7 44
270 7 45
271 7 52
272 7 56
273 7 57
274 7 62
275 7 64
276 7 65
277 7 69
278 7 72
279 7 74
280 7 88
281 7 95
282 7 96
283 7 97
284 7 100
285 7 105
286 7 106
287 7 121
288 7 122
289 7 124
290 8 9
291 8 20
292 8 26
293 8 33
294 8 41
295 8 42
296 8 43
297 8 53
298 8 56
299 8 61
300 8 65
301 8 68
302 8 72
303 8 78
304 8 81
305 8 85
306 8 86
307 8 88
308 8 91
309 8 94
310 8 96
311 8 100
312 8 101
313 8 109
314 8 110
315 8 113
316 8 114
317 8 115
318 8 117
319 8 122
320 8 124
321 9 14
322 9 17
323 9 18
324 9 20
325 9 25
326 9 26
327 9 30
328 9 31
329 9 43
330 9 44
331 9 45
332 9 47
333 9 51
334 9 52
335 9 55
336 9 56
337 9 57
338 9 58
339 9 59
340 9 60
341 9 64
342 9 65
343 9 69
344 9 74
345 9 81
346 9 87
347 9 88
348 9 93
349 9 94
350 9 95
351 9 96
352 9 97
353 9 100
354 9 101
355 9 105
356 9 106
357 9 113
358 9 122
359 9 124
360 10 18
361 10 20
362 10 23
363 10 26
364 10 31
365 10 32
366 10 39
367 10 43
368 10 44
369 10 54
370 10 55
371 10 58
372 10 65
373 10 66
374 10 67
375 10 68
376 10 71
377 10 74
378 10 82
379 10 84
380 10 88
381 10 98
382 10 103
383 10 104
384 10 106
385 10 113
386 10 116
387 11 15
388 11 16
389 11 19
390 11 21
391 11 22
392 11 26
393 11 27
394 11 28
395 11 31
396 11 32
397 11 33
398 11 37
399 11 41
400 11 49
401 11 50
402 11 65
403 11 73
404 11 78
405 11 81
406 11 83
407 11 85
408 11 96
409 11 97
410 11 102
411 11 104
412 11 105
413 11 111
414 11 112
415 11 120
416 11 121
417 11 123
418 12 29
419 12 53
420 12 72
421 12 91
422 12 94
423 12 110
424 12 113
425 12 115
426 13 23
427 13 26
428 13 34
429 13 35
430 13 38
431 13 40
432 13 48
433 13 59
434 13 63
435 13 65
436 13 66
437 13 68
438 13 70
439 13 89
440 14 15
441 14 16
442 14 18
443 14 22
444 14 25
445 14 29
446 14 32
447 14 36
448 14 43
449 14 44
450 14 46
451 14 47
452 14 53
453 14 56
454 14 57
455 14 60
456 14 62
457 14 71
458 14 73
459 14 74
460 14 75
461 14 82
462 14 83
463 14 84
464 14 97
465 14 100
466 14 105
467 14 106
468 14 110
469 14 111
470 14 119
471 14 121
472 14 122
473 14 124
474 15 16
475 15 19
476 15 20
477 15 21
478 15 23
479 15 24
480 15 25
481 15 28
482 15 39
483 15 42
484 15 43
485 15 46
486 15 47
487 15 50
488 15 51
489 15 56
490 15 61
491 15 62
492 15 67
493 15 68
494 15 73
495 15 74
496 15 75
497 15 77
498 15 82
499 15 83
500 15 84
501 15 88
502 15 93
503 15 97
504 15 101
505 15 104
506 15 105
507 15 107
508 15 108
509 15 111
510 15 112
511 15 116
512 15 120
513 15 121
514 15 122
515 15 123
516 15 124
517 16 19
518 16 20
519 16 21
520 16 24
521 16 25
522 16 28
523 16 29
524 16 30
525 16 36
526 16 39
527 16 41
528 16 46
529 16 47
530 16 50
531 16 55
532 16 64
533 16 74
534 16 75
535 16 77
536 16 78
537 16 83
538 16 84
539 16 85
540 16 88
541 16 92
542 16 96
543 16 97
544 16 104
545 16 105
546 16 108
547 16 111
548 16 112
549 16 116
550 16 121
551 16 122
552 17 18
553 17 20
554 17 25
555 17 30
556 17 43
557 17 44
558 17 45
559 17 52
560 17 56
561 17 57
562 17 64
563 17 69
564 17 74
565 17 95
566 17 96
567 17 100
568 17 101
569 17 105
570 17 106
571 17 122
572 17 124
573 18 20
574 18 21
575 18 25
576 18 30
577 18 31
578 18 43
579 18 44
580 18 45
581 18 47
582 18 51
583 18 52
584 18 55
585 18 56
586 18 57
587 18 60
588 18 62
589 18 64
590 18 67
591 18 69
592 18 74
593 18 84
594 18 87
595 18 88
596 18 95
597 18 96
598 18 98
599 18 100
600 18 101
601 18 105
602 18 106
603 18 116
604 18 122
605 18 124
606 19 24
607 19 26
608 19 28
609 19 33
610 19 41
611 19 46
612 19 50
613 19 56
614 19 60
615 19 62
616 19 75
617 19 77
618 19 78
619 19 83
620 19 84
621 19 85
622 19 86
623 19 88
624 19 96
625 19 97
626 19 109
627 19 111
628 19 114
629 19 116
630 19 119
631 19 121
632 19 122
633 20 23
634 20 25
635 20 26
636 20 30
637 20 31
638 20 39
639 20 42
640 20 43
641 20 44
642 20 45
643 20 46
644 20 47
645 20 51
646 20 52
647 20 56
648 20 57
649 20 61
650 20 62
651 20 64
652 20 65
653 20 67
654 20 69
655 20 74
656 20 77
657 20 82
658 20 83
659 20 84
660 20 88
661 20 93
662 20 95
663 20 96
664 20 97
665 20 98
666 20 100
667 20 101
668 20 105
669 20 106
670 20 108
671 20 116
672 20 121
673 20 122
674 20 123
675 20 124
676 21 27
677 21 29
678 21 32
679 21 33
680 21 34
681 21 41
682 21 43
683 21 47
684 21 53
685 21 55
686 21 56
687 21 58
688 21 60
689 21 61
690 21 62
691 21 65
692 21 67
693 21 72
694 21 76
695 21 77
696 21 78
697 21 81
698 21 83
699 21 84
700 21 85
701 21 86
702 21 87
703 21 88
704 21 91
705 21 93
706 21 94
707 21 98
708 21 102
709 21 103
710 21 105
711 21 106
712 21 107
713 21 108
714 21 110
715 21 114
716 21 115
717 21 116
718 21 117
719 21 118
720 21 121
721 21 122
722 21 124
723 22 23
724 22 29
725 22 32
726 22 33
727 22 36
728 22 41
729 22 71
730 22 73
731 22 77
732 22 78
733 22 83
734 22 85
735 22 92
736 22 93
737 22 97
738 22 103
739 22 104
740 22 105
741 22 111
742 22 117
743 22 121
744 23 25
745 23 26
746 23 31
747 23 32
748 23 37
749 23 38
750 23 41
751 23 42
752 23 51
753 23 54
754 23 55
755 23 56
756 23 58
757 23 59
758 23 62
759 23 65
760 23 66
761 23 67
762 23 68
763 23 74
764 23 78
765 23 81
766 23 82
767 23 83
768 23 85
769 23 87
770 23 88
771 23 92
772 23 93
773 23 96
774 23 98
775 23 101
776 23 103
777 23 104
778 23 110
779 23 111
780 23 113
781 23 116
782 23 118
783 23 121
784 23 122
785 23 123
786 24 29
787 24 33
788 24 37
789 24 38
790 24 41
791 24 46
792 24 47
793 24 50
794 24 51
795 24 60
796 24 61
797 24 71
798 24 75
799 24 77
800 24 78
801 24 83
802 24 84
803 24 85
804 24 88
805 24 92
806 24 94
807 24 97
808 24 101
809 24 104
810 24 105
811 24 112
812 24 113
813 24 119
814 24 121
815 24 122
816 24 123
817 25 28
818 25 29
819 25 32
820 25 33
821 25 36
822 25 39
823 25 41
824 25 42
825 25 43
826 25 44
827 25 45
828 25 47
829 25 51
830 25 52
831 25 53
832 25 55
833 25 56
834 25 57
835 25 61
836 25 62
837 25 64
838 25 67
839 25 69
840 25 72
841 25 73
842 25 74
843 25 77
844 25 78
845 25 82
846 25 83
847 25 84
848 25 85
849 25 87
850 25 90
851 25 95
852 25 96
853 25 98
854 25 100
855 25 101
856 25 104
857 25 105
858 25 106
859 25 108
860 25 110
861 25 111
862 25 113
863 25 116
864 25 119
865 25 121
866 25 122
867 25 123
868 25 124
869 26 27
870 26 31
871 26 34
872 26 35
873 26 38
874 26 40
875 26 41
876 26 42
877 26 43
878 26 46
879 26 47
880 26 48
881 26 51
882 26 53
883 26 55
884 26 58
885 26 59
886 26 65
887 26 66
888 26 67
889 26 68
890 26 70
891 26 72
892 26 73
893 26 77
894 26 78
895 26 82
896 26 83
897 26 85
898 26 86
899 26 88
900 26 91
901 26 93
902 26 94
903 26 96
904 26 98
905 26 101
906 26 104
907 26 108
908 26 109
909 26 110
910 26 111
911 26 114
912 26 116
913 26 118
914 26 121
915 26 123
916 27 31
917 27 33
918 27 37
919 27 41
920 27 49
921 27 51
922 27 55
923 27 61
924 27 62
925 27 64
926 27 73
927 27 78
928 27 85
929 27 91
930 27 93
931 27 97
932 27 101
933 27 104
934 27 108
935 27 111
936 27 117
937 28 32
938 28 41
939 28 46
940 28 47
941 28 50
942 28 60
943 28 73
944 28 77
945 28 78
946 28 83
947 28 84
948 28 85
949 28 97
950 28 111
951 28 116
952 28 121
953 29 32
954 29 33
955 29 36
956 29 37
957 29 41
958 29 43
959 29 47
960 29 56
961 29 57
962 29 60
963 29 61
964 29 71
965 29 72
966 29 73
967 29 74
968 29 77
969 29 78
970 29 85
971 29 91
972 29 92
973 29 97
974 29 100
975 29 102
976 29 105
977 29 108
978 29 110
979 29 111
980 29 112
981 29 116
982 29 117
983 29 119
984 29 120
985 29 121
986 29 124
987 30 43
988 30 44
989 30 45
990 30 52
991 30 56
992 30 57
993 30 64
994 30 69
995 30 74
996 30 77
997 30 95
998 30 96
999 30 100
1000 30 106
1001 30 122
1002 30 124
1003 31 39
1004 31 41
1005 31 42
1006 31 43
1007 31 44
1008 31 51
1009 31 53
1010 31 54
1011 31 56
1012 31 58
1013 31 59
1014 31 64
1015 31 65
1016 31 67
1017 31 74
1018 31 78
1019 31 81
1020 31 82
1021 31 85
1022 31 87
1023 31 88
1024 31 93
1025 31 95
1026 31 96
1027 31 100
1028 31 101
1029 31 106
1030 31 108
1031 31 111
1032 31 113
1033 31 118
1034 31 121
1035 31 122
1036 31 123
1037 31 124
1038 32 33
1039 32 41
1040 32 46
1041 32 50
1042 32 51
1043 32 55
1044 32 57
1045 32 61
1046 32 62
1047 32 67
1048 32 71
1049 32 73
1050 32 74
1051 32 77
1052 32 78
1053 32 83
1054 32 84
1055 32 85
1056 32 87
1057 32 91
1058 32 92
1059 32 93
1060 32 94
1061 32 101
1062 32 102
1063 32 103
1064 32 104
1065 32 105
1066 32 108
1067 32 111
1068 32 112
1069 32 113
1070 32 116
1071 32 117
1072 32 119
1073 32 121
1074 32 123
1075 33 41
1076 33 46
1077 33 47
1078 33 55
1079 33 60
1080 33 61
1081 33 71
1082 33 72
1083 33 73
1084 33 77
1085 33 78
1086 33 84
1087 33 85
1088 33 86
1089 33 92
1090 33 94
1091 33 98
1092 33 104
1093 33 108
1094 33 109
1095 33 110
1096 33 111
1097 33 114
1098 33 116
1099 33 119
1100 33 121
1101 34 35
1102 34 38
1103 34 40
1104 34 55
1105 34 59
1106 34 63
1107 34 65
1108 34 66
1109 34 68
1110 34 70
1111 34 88
1112 34 98
1113 35 55
1114 35 59
1115 35 65
1116 35 66
1117 35 68
1118 35 70
1119 35 104
1120 36 46
1121 36 50
1122 36 55
1123 36 71
1124 36 73
1125 36 75
1126 36 97
1127 36 105
1128 36 111
1129 36 112
1130 36 119
1131 36 121
1132 37 38
1133 37 46
1134 37 49
1135 37 50
1136 37 58
1137 37 61
1138 37 73
1139 37 81
1140 37 83
1141 37 84
1142 37 88
1143 37 90
1144 37 97
1145 37 104
1146 37 108
1147 37 111
1148 37 112
1149 37 120
1150 37 121
1151 38 40
1152 38 48
1153 38 59
1154 38 63
1155 38 65
1156 38 66
1157 38 68
1158 38 70
1159 38 81
1160 38 82
1161 38 88
1162 38 89
1163 39 42
1164 39 43
1165 39 44
1166 39 51
1167 39 54
1168 39 55
1169 39 60
1170 39 62
1171 39 64
1172 39 67
1173 39 74
1174 39 77
1175 39 82
1176 39 83
1177 39 84
1178 39 87
1179 39 88
1180 39 93
1181 39 98
1182 39 104
1183 39 107
1184 39 113
1185 39 116
1186 39 118
1187 39 124
1188 40 48
1189 40 59
1190 40 63
1191 40 65
1192 40 70
1193 40 77
1194 40 82
1195 40 89
1196 41 46
1197 41 47
1198 41 50
1199 41 55
1200 41 60
1201 41 61
1202 41 67
1203 41 71
1204 41 72
1205 41 73
1206 41 77
1207 41 78
1208 41 81
1209 41 84
1210 41 85
1211 41 86
1212 41 88
1213 41 92
1214 41 97
1215 41 98
1216 41 102
1217 41 103
1218 41 105
1219 41 108
1220 41 109
1221 41 110
1222 41 111
1223 41 113
1224 41 114
1225 41 116
1226 41 117
1227 41 119
1228 41 121
1229 41 123
1230 42 43
1231 42 51
1232 42 53
1233 42 54
1234 42 55
1235 42 59
1236 42 62
1237 42 64
1238 42 65
1239 42 67
1240 42 72
1241 42 74
1242 42 82
1243 42 83
1244 42 86
1245 42 87
1246 42 88
1247 42 91
1248 42 93
1249 42 94
1250 42 98
1251 42 101
1252 42 104
1253 42 109
1254 42 110
1255 42 113
1256 42 114
1257 42 115
1258 42 116
1259 42 118
1260 42 124
1261 43 44
1262 43 45
1263 43 47
1264 43 51
1265 43 52
1266 43 56
1267 43 57
1268 43 58
1269 43 62
1270 43 64
1271 43 65
1272 43 67
1273 43 69
1274 43 74
1275 43 77
1276 43 82
1277 43 83
1278 43 84
1279 43 86
1280 43 87
1281 43 88
1282 43 91
1283 43 94
1284 43 95
1285 43 96
1286 43 97
1287 43 100
1288 43 101
1289 43 105
1290 43 106
1291 43 110
1292 43 113
1293 43 114
1294 43 116
1295 43 121
1296 43 122
1297 43 123
1298 43 124
1299 44 45
1300 44 51
1301 44 52
1302 44 56
1303 44 57
1304 44 61
1305 44 62
1306 44 64
1307 44 65
1308 44 67
1309 44 69
1310 44 72
1311 44 74
1312 44 87
1313 44 88
1314 44 95
1315 44 96
1316 44 97
1317 44 100
1318 44 105
1319 44 106
1320 44 107
1321 44 116
1322 44 122
1323 44 124
1324 45 52
1325 45 56
1326 45 57
1327 45 64
1328 45 69
1329 45 74
1330 45 95
1331 45 96
1332 45 100
1333 45 106
1334 45 122
1335 45 124
1336 46 50
1337 46 60
1338 46 73
1339 46 75
1340 46 77
1341 46 78
1342 46 83
1343 46 84
1344 46 85
1345 46 88
1346 46 90
1347 46 97
1348 46 104
1349 46 111
1350 46 112
1351 46 116
1352 46 121
1353 47 51
1354 47 55
1355 47 56
1356 47 57
1357 47 61
1358 47 62
1359 47 65
1360 47 72
1361 47 73
1362 47 74
1363 47 77
1364 47 78
1365 47 83
1366 47 84
1367 47 85
1368 47 87
1369 47 92
1370 47 101
1371 47 104
1372 47 105
1373 47 106
1374 47 111
1375 47 116
1376 47 120
1377 47 121
1378 47 124
1379 48 63
1380 48 65
1381 48 66
1382 48 70
1383 48 89
1384 49 62
1385 49 67
1386 49 81
1387 49 97
1388 49 102
1389 49 103
1390 49 112
1391 49 120
1392 49 121
1393 50 51
1394 50 60
1395 50 64
1396 50 73
1397 50 75
1398 50 77
1399 50 78
1400 50 83
1401 50 84
1402 50 85
1403 50 88
1404 50 90
1405 50 97
1406 50 98
1407 50 108
1408 50 111
1409 50 119
1410 50 121
1411 51 54
1412 51 55
1413 51 56
1414 51 57
1415 51 58
1416 51 60
1417 51 61
1418 51 62
1419 51 64
1420 51 65
1421 51 67
1422 51 68
1423 51 72
1424 51 73
1425 51 74
1426 51 77
1427 51 82
1428 51 83
1429 51 87
1430 51 88
1431 51 93
1432 51 94
1433 51 97
1434 51 98
1435 51 99
1436 51 101
1437 51 103
1438 51 104
1439 51 106
1440 51 111
1441 51 113
1442 51 117
1443 51 119
1444 51 120
1445 51 121
1446 51 122
1447 51 123
1448 51 124
1449 52 56
1450 52 57
1451 52 64
1452 52 69
1453 52 74
1454 52 95
1455 52 96
1456 52 100
1457 52 106
1458 52 116
1459 52 122
1460 52 124
1461 53 60
1462 53 61
1463 53 65
1464 53 67
1465 53 72
1466 53 82
1467 53 83
1468 53 84
1469 53 86
1470 53 87
1471 53 88
1472 53 91
1473 53 94
1474 53 97
1475 53 104
1476 53 105
1477 53 109
1478 53 110
1479 53 113
1480 53 114
1481 53 115
1482 54 55
1483 54 58
1484 54 67
1485 54 81
1486 54 82
1487 54 87
1488 54 88
1489 54 93
1490 54 98
1491 54 99
1492 54 101
1493 54 103
1494 54 104
1495 54 117
1496 54 123
1497 55 57
1498 55 58
1499 55 59
1500 55 60
1501 55 62
1502 55 64
1503 55 65
1504 55 66
1505 55 67
1506 55 68
1507 55 72
1508 55 73
1509 55 78
1510 55 81
1511 55 82
1512 55 83
1513 55 85
1514 55 87
1515 55 88
1516 55 91
1517 55 92
1518 55 93
1519 55 94
1520 55 96
1521 55 97
1522 55 98
1523 55 99
1524 55 101
1525 55 102
1526 55 103
1527 55 104
1528 55 110
1529 55 113
1530 55 116
1531 55 117
1532 55 123
1533 56 57
1534 56 58
1535 56 60
1536 56 61
1537 56 62
1538 56 64
1539 56 67
1540 56 69
1541 56 74
1542 56 76
1543 56 77
1544 56 82
1545 56 83
1546 56 84
1547 56 86
1548 56 88
1549 56 91
1550 56 93
1551 56 94
1552 56 95
1553 56 96
1554 56 97
1555 56 100
1556 56 101
1557 56 105
1558 56 106
1559 56 109
1560 56 114
1561 56 116
1562 56 119
1563 56 121
1564 56 122
1565 56 123
1566 56 124
1567 57 61
1568 57 64
1569 57 69
1570 57 74
1571 57 76
1572 57 93
1573 57 95
1574 57 96
1575 57 98
1576 57 100
1577 57 101
1578 57 105
1579 57 106
1580 57 116
1581 57 122
1582 57 124
1583 58 59
1584 58 61
1585 58 65
1586 58 67
1587 58 82
1588 58 83
1589 58 87
1590 58 88
1591 58 93
1592 58 94
1593 58 96
1594 58 98
1595 58 99
1596 58 101
1597 58 104
1598 58 110
1599 58 116
1600 58 121
1601 58 122
1602 58 123
1603 58 124
1604 59 61
1605 59 65
1606 59 66
1607 59 67
1608 59 68
1609 59 70
1610 59 74
1611 59 87
1612 59 88
1613 59 89
1614 59 94
1615 59 96
1616 59 100
1617 59 106
1618 59 118
1619 59 122
1620 60 61
1621 60 62
1622 60 64
1623 60 67
1624 60 69
1625 60 75
1626 60 76
1627 60 78
1628 60 84
1629 60 85
1630 60 88
1631 60 96
1632 60 97
1633 60 98
1634 60 101
1635 60 104
1636 60 105
1637 60 107
1638 60 108
1639 60 116
1640 60 121
1641 60 122
1642 61 67
1643 61 72
1644 61 73
1645 61 74
1646 61 78
1647 61 80
1648 61 82
1649 61 83
1650 61 84
1651 61 85
1652 61 86
1653 61 87
1654 61 90
1655 61 91
1656 61 93
1657 61 94
1658 61 105
1659 61 106
1660 61 108
1661 61 109
1662 61 110
1663 61 111
1664 61 114
1665 61 115
1666 61 116
1667 61 117
1668 61 119
1669 61 121
1670 61 122
1671 61 123
1672 62 63
1673 62 67
1674 62 73
1675 62 74
1676 62 77
1677 62 82
1678 62 83
1679 62 84
1680 62 87
1681 62 91
1682 62 93
1683 62 94
1684 62 96
1685 62 97
1686 62 98
1687 62 100
1688 62 101
1689 62 103
1690 62 105
1691 62 108
1692 62 113
1693 62 116
1694 62 120
1695 62 121
1696 62 123
1697 62 124
1698 63 66
1699 63 68
1700 63 70
1701 63 89
1702 63 107
1703 64 67
1704 64 69
1705 64 74
1706 64 82
1707 64 88
1708 64 93
1709 64 95
1710 64 96
1711 64 97
1712 64 100
1713 64 101
1714 64 106
1715 64 107
1716 64 121
1717 64 122
1718 64 124
1719 65 66
1720 65 68
1721 65 70
1722 65 72
1723 65 74
1724 65 82
1725 65 83
1726 65 86
1727 65 87
1728 65 88
1729 65 89
1730 65 91
1731 65 93
1732 65 94
1733 65 96
1734 65 98
1735 65 106
1736 65 108
1737 65 110
1738 65 114
1739 65 116
1740 65 118
1741 65 122
1742 65 123
1743 65 124
1744 66 68
1745 66 70
1746 66 81
1747 66 82
1748 66 88
1749 66 98
1750 66 104
1751 66 110
1752 67 68
1753 67 72
1754 67 78
1755 67 81
1756 67 82
1757 67 83
1758 67 84
1759 67 85
1760 67 87
1761 67 91
1762 67 93
1763 67 94
1764 67 96
1765 67 98
1766 67 101
1767 67 103
1768 67 104
1769 67 105
1770 67 110
1771 67 113
1772 67 115
1773 67 116
1774 67 117
1775 67 122
1776 67 123
1777 67 124
1778 68 70
1779 68 71
1780 68 72
1781 68 83
1782 68 86
1783 68 87
1784 68 98
1785 68 101
1786 68 104
1787 68 105
1788 68 108
1789 68 109
1790 68 110
1791 68 111
1792 68 114
1793 68 116
1794 68 119
1795 68 121
1796 69 74
1797 69 95
1798 69 96
1799 69 100
1800 69 106
1801 69 122
1802 69 124
1803 70 89
1804 70 93
1805 71 73
1806 71 74
1807 71 78
1808 71 84
1809 71 85
1810 71 87
1811 71 88
1812 71 92
1813 71 102
1814 71 103
1815 71 104
1816 71 105
1817 71 111
1818 71 117
1819 71 118
1820 71 119
1821 71 120
1822 71 121
1823 71 123
1824 72 73
1825 72 78
1826 72 81
1827 72 82
1828 72 83
1829 72 84
1830 72 85
1831 72 86
1832 72 87
1833 72 88
1834 72 91
1835 72 92
1836 72 93
1837 72 94
1838 72 98
1839 72 104
1840 72 105
1841 72 109
1842 72 110
1843 72 113
1844 72 114
1845 72 115
1846 72 116
1847 72 117
1848 72 120
1849 72 121
1850 73 77
1851 73 78
1852 73 83
1853 73 84
1854 73 85
1855 73 87
1856 73 90
1857 73 92
1858 73 97
1859 73 98
1860 73 101
1861 73 102
1862 73 103
1863 73 104
1864 73 105
1865 73 108
1866 73 111
1867 73 117
1868 73 119
1869 73 120
1870 73 121
1871 73 123
1872 74 77
1873 74 82
1874 74 83
1875 74 88
1876 74 93
1877 74 94
1878 74 95
1879 74 96
1880 74 100
1881 74 101
1882 74 105
1883 74 106
1884 74 108
1885 74 110
1886 74 113
1887 74 116
1888 74 121
1889 74 122
1890 74 124
1891 75 83
1892 75 84
1893 75 105
1894 76 103
1895 76 105
1896 76 106
1897 76 107
1898 76 115
1899 77 78
1900 77 83
1901 77 84
1902 77 85
1903 77 88
1904 77 92
1905 77 104
1906 77 111
1907 77 116
1908 77 121
1909 77 122
1910 78 81
1911 78 84
1912 78 85
1913 78 86
1914 78 88
1915 78 92
1916 78 97
1917 78 98
1918 78 102
1919 78 103
1920 78 105
1921 78 108
1922 78 109
1923 78 110
1924 78 111
1925 78 113
1926 78 114
1927 78 116
1928 78 117
1929 78 119
1930 78 121
1931 78 123
1932 79 108
1933 80 90
1934 80 108
1935 81 82
1936 81 85
1937 81 86
1938 81 87
1939 81 88
1940 81 91
1941 81 93
1942 81 94
1943 81 103
1944 81 104
1945 81 107
1946 81 109
1947 81 114
1948 81 117
1949 81 122
1950 81 123
1951 82 83
1952 82 84
1953 82 87
1954 82 91
1955 82 93
1956 82 94
1957 82 96
1958 82 97
1959 82 98
1960 82 101
1961 82 103
1962 82 104
1963 82 105
1964 82 110
1965 82 113
1966 82 115
1967 82 116
1968 82 117
1969 82 118
1970 82 122
1971 82 123
1972 82 124
1973 83 84
1974 83 88
1975 83 90
1976 83 91
1977 83 93
1978 83 94
1979 83 97
1980 83 98
1981 83 101
1982 83 103
1983 83 104
1984 83 105
1985 83 106
1986 83 108
1987 83 110
1988 83 111
1989 83 112
1990 83 113
1991 83 116
1992 83 120
1993 83 121
1994 83 122
1995 83 123
1996 83 124
1997 84 85
1998 84 87
1999 84 88
2000 84 90
2001 84 94
2002 84 97
2003 84 103
2004 84 104
2005 84 105
2006 84 108
2007 84 111
2008 84 112
2009 84 116
2010 84 117
2011 84 119
2012 84 120
2013 84 123
2014 84 124
2015 85 86
2016 85 88
2017 85 92
2018 85 97
2019 85 98
2020 85 102
2021 85 103
2022 85 105
2023 85 108
2024 85 109
2025 85 110
2026 85 111
2027 85 113
2028 85 114
2029 85 116
2030 85 117
2031 85 119
2032 85 121
2033 85 123
2034 86 88
2035 86 91
2036 86 94
2037 86 102
2038 86 109
2039 86 110
2040 86 113
2041 86 114
2042 86 115
2043 86 117
2044 86 118
2045 86 121
2046 86 122
2047 86 124
2048 87 88
2049 87 91
2050 87 93
2051 87 94
2052 87 98
2053 87 101
2054 87 102
2055 87 103
2056 87 104
2057 87 106
2058 87 110
2059 87 113
2060 87 115
2061 87 116
2062 87 117
2063 87 118
2064 87 121
2065 87 123
2066 87 124
2067 88 93
2068 88 94
2069 88 95
2070 88 96
2071 88 97
2072 88 98
2073 88 100
2074 88 103
2075 88 104
2076 88 106
2077 88 107
2078 88 109
2079 88 110
2080 88 114
2081 88 116
2082 88 118
2083 88 122
2084 88 123
2085 88 124
2086 90 97
2087 90 108
2088 90 119
2089 90 121
2090 90 123
2091 91 94
2092 91 98
2093 91 101
2094 91 102
2095 91 103
2096 91 105
2097 91 109
2098 91 110
2099 91 113
2100 91 114
2101 91 115
2102 91 116
2103 91 117
2104 91 120
2105 92 105
2106 92 111
2107 92 116
2108 92 118
2109 92 119
2110 92 121
2111 92 123
2112 93 94
2113 93 97
2114 93 98
2115 93 99
2116 93 101
2117 93 103
2118 93 104
2119 93 106
2120 93 108
2121 93 116
2122 93 117
2123 93 118
2124 93 122
2125 94 98
2126 94 101
2127 94 102
2128 94 103
2129 94 105
2130 94 109
2131 94 110
2132 94 113
2133 94 114
2134 94 115
2135 94 116
2136 94 117
2137 94 120
2138 94 124
2139 95 96
2140 95 97
2141 95 100
2142 95 106
2143 95 122
2144 95 124
2145 96 97
2146 96 100
2147 96 106
2148 96 107
2149 96 121
2150 96 122
2151 96 124
2152 97 104
2153 97 105
2154 97 106
2155 97 108
2156 97 111
2157 97 112
2158 97 116
2159 97 118
2160 97 119
2161 97 120
2162 97 121
2163 97 122
2164 97 123
2165 97 124
2166 98 99
2167 98 100
2168 98 101
2169 98 103
2170 98 104
2171 98 110
2172 98 113
2173 98 116
2174 98 119
2175 98 123
2176 99 101
2177 99 104
2178 99 119
2179 100 105
2180 100 106
2181 100 122
2182 100 124
2183 101 103
2184 101 104
2185 101 106
2186 101 111
2187 101 113
2188 101 116
2189 101 117
2190 101 119
2191 101 122
2192 101 123
2193 101 124
2194 102 103
2195 102 109
2196 102 110
2197 102 112
2198 102 114
2199 102 115
2200 102 117
2201 102 121
2202 102 123
2203 103 104
2204 103 110
2205 103 111
2206 103 115
2207 103 117
2208 103 118
2209 103 119
2210 103 120
2211 103 121
2212 103 123
2213 104 105
2214 104 110
2215 104 111
2216 104 113
2217 104 116
2218 104 117
2219 104 118
2220 104 119
2221 104 120
2222 104 123
2223 105 106
2224 105 110
2225 105 111
2226 105 113
2227 105 116
2228 105 117
2229 105 119
2230 105 121
2231 105 122
2232 105 124
2233 106 108
2234 106 121
2235 106 122
2236 106 124
2237 108 111
2238 108 112
2239 108 115
2240 108 118
2241 108 119
2242 108 121
2243 108 123
2244 109 110
2245 109 113
2246 109 114
2247 109 115
2248 109 121
2249 109 122
2250 110 113
2251 110 114
2252 110 115
2253 110 122
2254 110 124
2255 111 112
2256 111 119
2257 111 120
2258 111 121
2259 111 123
2260 112 119
2261 112 120
2262 112 121
2263 113 114
2264 113 115
2265 113 122
2266 113 124
2267 114 115
2268 114 117
2269 114 118
2270 114 121
2271 114 122
2272 114 124
2273 116 117
2274 116 121
2275 116 123
2276 116 124
2277 117 119
2278 117 121
2279 117 122
2280 117 123
2281 118 123
2282 119 120
2283 119 121
2284 120 121
2285 121 123
2286 121 124
2287 122 123
2288 122 124
