1 1 10
2 1 16
3 1 19
4 1 24
5 1 45
6 1 50
7 1 63
8 1 90
9 1 94
10 1 95
11 1 108
12 2 8
13 2 13
14 2 15
15 2 17
16 2 22
17 2 27
18 2 28
19 2 29
20 2 31
21 2 32
22 2 37
23 2 39
24 2 42
25 2 52
26 2 54
27 2 55
28 2 69
29 2 71
30 2 72
31 2 73
32 2 74
33 2 89
34 2 91
35 2 96
36 2 98
37 2 101
38 2 103
39 2 107
40 2 109
41 2 110
42 2 112
43 2 114
44 2 117
45 2 118
46 2 120
47 2 121
48 2 123
49 2 126
50 2 128
51 3 72
52 3 82
53 3 125
54 4 5
55 4 8
56 4 9
57 4 13
58 4 14
59 4 17
60 4 18
61 4 21
62 4 22
63 4 27
64 4 28
65 4 29
66 4 30
67 4 31
68 4 34
69 4 37
70 4 38
71 4 39
72 4 40
73 4 42
74 4 47
75 4 52
76 4 54
77 4 55
78 4 61
79 4 65
80 4 66
81 4 67
82 4 68
83 4 69
84 4 71
85 4 72
86 4 73
87 4 74
88 4 75
89 4 76
90 4 78
91 4 79
92 4 80
93 4 87
94 4 89
95 4 91
96 4 92
97 4 96
98 4 97
99 4 99
100 4 101
101 4 103
102 4 104
103 4 105
104 4 109
105 4 110
106 4 111
107 4 112
108 4 114
109 4 115
110 4 116
111 4 117
112 4 118
113 4 120
114 4 121
115 4 123
116 4 126
117 4 128
118 5 8
119 5 9
120 5 13
121 5 14
122 5 17
123 5 18
124 5 21
125 5 22
126 5 27
127 5 28
128 5 29
129 5 30
130 5 31
131 5 34
132 5 37
133 5 38
134 5 39
135 5 40
136 5 42
137 5 47
138 5 52
139 5 54
140 5 55
141 5 61
142 5 65
143 5 66
144 5 67
145 5 68
146 5 69
147 5 71
148 5 72
149 5 73
150 5 74
151 5 75
152 5 76
153 5 78
154 5 79
155 5 80
156 5 87
157 5 89
158 5 91
159 5 92
160 5 96
161 5 97
162 5 99
163 5 101
164 5 103
165 5 104
166 5 105
167 5 109
168 5 110
169 5 111
170 5 112
171 5 114
172 5 115
173 5 116
174 5 117
175 5 118
176 5 120
177 5 121
178 5 123
179 5 126
180 5 128
181 6 49
182 6 57
183 6 94
184 6 127
185 7 8
186 7 21
187 7 22
188 7 26
189 7 30
190 7 33
191 7 35
192 7 40
193 7 43
194 7 47
195 7 59
196 7 67
197 7 71
198 7 72
199 7 77
200 7 80
201 7 81
202 7 86
203 7 87
204 7 91
205 7 93
206 7 97
207 7 105
208 7 106
209 7 111
210 7 118
211 7 119
212 7 121
213 7 124
214 8 9
215 8 13
216 8 14
217 8 15
218 8 17
219 8 18
220 8 21
221 8 22
222 8 26
223 8 27
224 8 28
225 8 29
226 8 30
227 8 31
228 8 32
229 8 34
230 8 37
231 8 38
232 8 39
233 8 40
234 8 42
235 8 43
236 8 47
237 8 52
238 8 54
239 8 55
240 8 59
241 8 60
242 8 61
243 8 65
244 8 66
245 8 67
246 8 68
247 8 69
248 8 71
249 8 72
250 8 73
251 8 74
252 8 75
253 8 76
254 8 78
255 8 79
256 8 80
257 8 85
258 8 86
259 8 87
260 8 89
261 8 91
262 8 92
263 8 93
264 8 96
265 8 97
266 8 98
267 8 99
268 8 101
269 8 103
270 8 104
271 8 105
272 8 106
273 8 107
274 8 109
275 8 110
276 8 111
277 8 112
278 8 114
279 8 115
280 8 116
281 8 117
282 8 118
283 8 119
284 8 120
285 8 121
286 8 123
287 8 126
288 8 128
289 9 13
290 9 17
291 9 18
292 9 21
293 9 22
294 9 27
295 9 29
296 9 30
297 9 31
298 9 34
299 9 37
300 9 38
301 9 39
302 9 40
303 9 42
304 9 47
305 9 52
306 9 54
307 9 55
308 9 60
309 9 61
310 9 65
311 9 66
312 9 67
313 9 69
314 9 71
315 9 72
316 9 73
317 9 74
318 9 75
319 9 76
320 9 78
321 9 79
322 9 80
323 9 87
324 9 89
325 9 91
326 9 92
327 9 96
328 9 97
329 9 101
330 9 103
331 9 104
332 9 105
333 9 109
334 9 110
335 9 111
336 9 112
337 9 114
338 9 115
339 9 116
340 9 117
341 9 118
342 9 120
343 9 121
344 9 126
345 9 128
346 10 16
347 10 19
348 10 24
349 10 45
350 10 50
351 10 63
352 10 90
353 10 94
354 10 95
355 10 108
356 12 36
357 12 51
358 12 58
359 12 62
360 12 102
361 12 113
362 12 129
363 13 14
364 13 15
365 13 17
366 13 18
367 13 21
368 13 22
369 13 25
370 13 27
371 13 28
372 13 29
373 13 30
374 13 31
375 13 32
376 13 34
377 13 37
378 13 38
379 13 39
380 13 40
381 13 42
382 13 47
383 13 52
384 13 54
385 13 55
386 13 60
387 13 61
388 13 65
389 13 66
390 13 68
391 13 69
392 13 71
393 13 72
394 13 73
395 13 74
396 13 75
397 13 76
398 13 78
399 13 79
400 13 80
401 13 87
402 13 88
403 13 89
404 13 91
405 13 92
406 13 96
407 13 97
408 13 98
409 13 99
410 13 101
411 13 103
412 13 104
413 13 105
414 13 107
415 13 109
416 13 110
417 13 111
418 13 112
419 13 114
420 13 115
421 13 116
422 13 117
423 13 118
424 13 120
425 13 121
426 13 123
427 13 126
428 13 128
429 14 17
430 14 22
431 14 27
432 14 29
433 14 31
434 14 34
435 14 37
436 14 38
437 14 39
438 14 42
439 14 47
440 14 52
441 14 54
442 14 55
443 14 61
444 14 65
445 14 69
446 14 71
447 14 72
448 14 74
449 14 75
450 14 76
451 14 79
452 14 80
453 14 89
454 14 91
455 14 96
456 14 101
457 14 103
458 14 104
459 14 109
460 14 110
461 14 114
462 14 116
463 14 117
464 14 120
465 14 123
466 14 126
467 14 128
468 15 22
469 15 27
470 15 28
471 15 29
472 15 31
473 15 32
474 15 37
475 15 39
476 15 42
477 15 52
478 15 54
479 15 55
480 15 71
481 15 72
482 15 73
483 15 74
484 15 89
485 15 91
486 15 98
487 15 101
488 15 103
489 15 107
490 15 109
491 15 110
492 15 112
493 15 114
494 15 117
495 15 120
496 15 121
497 15 123
498 15 126
499 15 128
500 16 19
501 16 24
502 16 45
503 16 50
504 16 63
505 16 90
506 16 95
507 16 108
508 17 18
509 17 21
510 17 22
511 17 27
512 17 28
513 17 29
514 17 30
515 17 31
516 17 32
517 17 34
518 17 37
519 17 38
520 17 39
521 17 40
522 17 42
523 17 47
524 17 52
525 17 54
526 17 55
527 17 60
528 17 61
529 17 65
530 17 66
531 17 68
532 17 69
533 17 71
534 17 72
535 17 73
536 17 74
537 17 75
538 17 76
539 17 78
540 17 79
541 17 80
542 17 87
543 17 88
544 17 89
545 17 91
546 17 92
547 17 96
548 17 97
549 17 99
550 17 101
551 17 103
552 17 104
553 17 105
554 17 107
555 17 109
556 17 110
557 17 111
558 17 112
559 17 114
560 17 115
561 17 116
562 17 117
563 17 118
564 17 120
565 17 121
566 17 123
567 17 126
568 17 128
569 18 21
570 18 22
571 18 29
572 18 31
573 18 33
574 18 34
575 18 37
576 18 38
577 18 40
578 18 42
579 18 47
580 18 52
581 18 54
582 18 61
583 18 65
584 18 66
585 18 67
586 18 69
587 18 71
588 18 72
589 18 73
590 18 76
591 18 78
592 18 79
593 18 80
594 18 87
595 18 89
596 18 91
597 18 92
598 18 96
599 18 97
600 18 101
601 18 103
602 18 105
603 18 111
604 18 114
605 18 115
606 18 116
607 18 117
608 18 118
609 18 121
610 18 128
611 19 24
612 19 45
613 19 50
614 19 63
615 19 90
616 19 95
617 19 108
618 20 70
619 21 22
620 21 23
621 21 29
622 21 30
623 21 31
624 21 33
625 21 34
626 21 35
627 21 37
628 21 38
629 21 39
630 21 40
631 21 42
632 21 43
633 21 46
634 21 47
635 21 52
636 21 54
637 21 55
638 21 56
639 21 59
640 21 61
641 21 65
642 21 66
643 21 67
644 21 68
645 21 69
646 21 71
647 21 72
648 21 73
649 21 76
650 21 77
651 21 80
652 21 81
653 21 85
654 21 86
655 21 87
656 21 89
657 21 91
658 21 93
659 21 96
660 21 97
661 21 99
662 21 100
663 21 101
664 21 103
665 21 105
666 21 106
667 21 109
668 21 110
669 21 111
670 21 112
671 21 114
672 21 115
673 21 116
674 21 117
675 21 118
676 21 119
677 21 120
678 21 121
679 21 123
680 21 124
681 21 126
682 21 128
683 22 25
684 22 27
685 22 28
686 22 29
687 22 30
688 22 31
689 22 32
690 22 34
691 22 37
692 22 38
693 22 39
694 22 40
695 22 42
696 22 43
697 22 47
698 22 52
699 22 54
700 22 55
701 22 60
702 22 61
703 22 65
704 22 66
705 22 67
706 22 68
707 22 69
708 22 71
709 22 72
710 22 73
711 22 74
712 22 75
713 22 76
714 22 78
715 22 79
716 22 80
717 22 86
718 22 87
719 22 88
720 22 89
721 22 91
722 22 92
723 22 93
724 22 96
725 22 97
726 22 98
727 22 99
728 22 101
729 22 103
730 22 104
731 22 105
732 22 106
733 22 107
734 22 109
735 22 110
736 22 111
737 22 112
738 22 114
739 22 115
740 22 116
741 22 117
742 22 118
743 22 120
744 22 121
745 22 123
746 22 126
747 22 128
748 23 46
749 23 80
750 23 87
751 23 97
752 23 100
753 23 121
754 24 45
755 24 50
756 24 63
757 24 90
758 24 95
759 24 108
760 25 31
761 25 37
762 25 61
763 25 68
764 25 69
765 25 72
766 25 73
767 25 88
768 25 91
769 25 101
770 25 117
771 25 128
772 26 30
773 26 33
774 26 35
775 26 40
776 26 43
777 26 59
778 26 77
779 26 81
780 26 86
781 26 93
782 26 105
783 26 106
784 26 111
785 26 118
786 26 119
787 26 124
788 27 28
789 27 29
790 27 31
791 27 32
792 27 34
793 27 37
794 27 38
795 27 39
796 27 42
797 27 52
798 27 54
799 27 55
800 27 61
801 27 65
802 27 69
803 27 71
804 27 72
805 27 73
806 27 74
807 27 75
808 27 76
809 27 78
810 27 79
811 27 89
812 27 91
813 27 96
814 27 98
815 27 101
816 27 103
817 27 104
818 27 107
819 27 109
820 27 110
821 27 112
822 27 114
823 27 116
824 27 117
825 27 118
826 27 120
827 27 123
828 27 126
829 27 128
830 28 29
831 28 31
832 28 32
833 28 34
834 28 37
835 28 38
836 28 39
837 28 40
838 28 42
839 28 52
840 28 54
841 28 55
842 28 65
843 28 69
844 28 71
845 28 72
846 28 73
847 28 74
848 28 89
849 28 91
850 28 96
851 28 98
852 28 101
853 28 103
854 28 107
855 28 109
856 28 110
857 28 112
858 28 114
859 28 117
860 28 120
861 28 123
862 28 126
863 28 128
864 29 30
865 29 31
866 29 32
867 29 34
868 29 37
869 29 38
870 29 39
871 29 40
872 29 42
873 29 47
874 29 52
875 29 54
876 29 55
877 29 60
878 29 61
879 29 65
880 29 66
881 29 67
882 29 68
883 29 69
884 29 71
885 29 72
886 29 73
887 29 74
888 29 75
889 29 76
890 29 78
891 29 79
892 29 80
893 29 85
894 29 86
895 29 87
896 29 89
897 29 91
898 29 92
899 29 93
900 29 96
901 29 97
902 29 98
903 29 99
904 29 101
905 29 103
906 29 104
907 29 105
908 29 107
909 29 109
910 29 110
911 29 111
912 29 112
913 29 114
914 29 115
915 29 116
916 29 117
917 29 118
918 29 120
919 29 121
920 29 123
921 29 126
922 29 128
923 30 33
924 30 34
925 30 37
926 30 40
927 30 42
928 30 43
929 30 47
930 30 54
931 30 59
932 30 61
933 30 66
934 30 67
935 30 69
936 30 71
937 30 72
938 30 73
939 30 80
940 30 81
941 30 85
942 30 86
943 30 87
944 30 89
945 30 91
946 30 93
947 30 96
948 30 97
949 30 101
950 30 103
951 30 105
952 30 106
953 30 111
954 30 114
955 30 115
956 30 116
957 30 117
958 30 118
959 30 121
960 30 122
961 30 124
962 30 128
963 31 32
964 31 34
965 31 37
966 31 38
967 31 39
968 31 40
969 31 42
970 31 47
971 31 52
972 31 54
973 31 55
974 31 59
975 31 60
976 31 61
977 31 65
978 31 66
979 31 67
980 31 68
981 31 69
982 31 71
983 31 72
984 31 73
985 31 74
986 31 75
987 31 76
988 31 78
989 31 79
990 31 80
991 31 87
992 31 88
993 31 89
994 31 91
995 31 92
996 31 96
997 31 97
998 31 98
999 31 99
1000 31 101
1001 31 103
1002 31 104
1003 31 105
1004 31 107
1005 31 109
1006 31 110
1007 31 111
1008 31 112
1009 31 114
1010 31 115
1011 31 116
1012 31 117
1013 31 118
1014 31 120
1015 31 121
1016 31 123
1017 31 126
1018 31 128
1019 32 37
1020 32 38
1021 32 39
1022 32 40
1023 32 42
1024 32 52
1025 32 54
1026 32 55
1027 32 65
1028 32 69
1029 32 71
1030 32 72
1031 32 73
1032 32 74
1033 32 89
1034 32 91
1035 32 96
1036 32 98
1037 32 99
1038 32 101
1039 32 103
1040 32 107
1041 32 109
1042 32 110
1043 32 112
1044 32 114
1045 32 117
1046 32 120
1047 32 123
1048 32 126
1049 32 128
1050 33 35
1051 33 43
1052 33 47
1053 33 59
1054 33 77
1055 33 80
1056 33 81
1057 33 85
1058 33 86
1059 33 87
1060 33 93
1061 33 97
1062 33 105
1063 33 106
1064 33 111
1065 33 118
1066 33 119
1067 33 121
1068 33 124
1069 34 37
1070 34 38
1071 34 39
1072 34 40
1073 34 42
1074 34 47
1075 34 52
1076 34 54
1077 34 55
1078 34 61
1079 34 65
1080 34 66
1081 34 68
1082 34 69
1083 34 71
1084 34 72
1085 34 73
1086 34 74
1087 34 75
1088 34 76
1089 34 78
1090 34 79
1091 34 80
1092 34 87
1093 34 89
1094 34 91
1095 34 92
1096 34 96
1097 34 97
1098 34 98
1099 34 101
1100 34 103
1101 34 104
1102 34 105
1103 34 107
1104 34 109
1105 34 110
1106 34 111
1107 34 112
1108 34 114
1109 34 115
1110 34 116
1111 34 117
1112 34 118
1113 34 120
1114 34 121
1115 34 123
1116 34 126
1117 34 128
1118 35 43
1119 35 48
1120 35 59
1121 35 77
1122 35 80
1123 35 81
1124 35 86
1125 35 87
1126 35 93
1127 35 97
1128 35 106
1129 35 119
1130 35 121
1131 35 124
1132 36 51
1133 36 58
1134 36 62
1135 36 102
1136 36 113
1137 36 129
1138 37 38
1139 37 39
1140 37 40
1141 37 42
1142 37 47
1143 37 52
1144 37 54
1145 37 55
1146 37 60
1147 37 61
1148 37 65
1149 37 66
1150 37 67
1151 37 68
1152 37 69
1153 37 71
1154 37 72
1155 37 73
1156 37 74
1157 37 75
1158 37 76
1159 37 78
1160 37 79
1161 37 80
1162 37 87
1163 37 89
1164 37 91
1165 37 92
1166 37 96
1167 37 97
1168 37 98
1169 37 99
1170 37 101
1171 37 103
1172 37 104
1173 37 105
1174 37 106
1175 37 107
1176 37 109
1177 37 110
1178 37 111
1179 37 112
1180 37 114
1181 37 115
1182 37 116
1183 37 117
1184 37 118
1185 37 120
1186 37 121
1187 37 123
1188 37 126
1189 37 128
1190 38 39
1191 38 40
1192 38 42
1193 38 47
1194 38 52
1195 38 54
1196 38 55
1197 38 61
1198 38 65
1199 38 66
1200 38 68
1201 38 69
1202 38 71
1203 38 72
1204 38 73
1205 38 74
1206 38 75
1207 38 76
1208 38 78
1209 38 79
1210 38 80
1211 38 87
1212 38 89
1213 38 91
1214 38 92
1215 38 96
1216 38 97
1217 38 98
1218 38 99
1219 38 101
1220 38 103
1221 38 105
1222 38 107
1223 38 109
1224 38 110
1225 38 111
1226 38 112
1227 38 114
1228 38 115
1229 38 116
1230 38 117
1231 38 118
1232 38 120
1233 38 121
1234 38 123
1235 38 126
1236 38 128
1237 39 40
1238 39 42
1239 39 47
1240 39 52
1241 39 54
1242 39 55
1243 39 61
1244 39 65
1245 39 66
1246 39 68
1247 39 69
1248 39 71
1249 39 72
1250 39 73
1251 39 74
1252 39 75
1253 39 76
1254 39 78
1255 39 79
1256 39 80
1257 39 87
1258 39 89
1259 39 91
1260 39 92
1261 39 96
1262 39 97
1263 39 98
1264 39 99
1265 39 101
1266 39 103
1267 39 104
1268 39 107
1269 39 109
1270 39 110
1271 39 111
1272 39 112
1273 39 114
1274 39 115
1275 39 116
1276 39 117
1277 39 118
1278 39 120
1279 39 121
1280 39 123
1281 39 126
1282 39 128
1283 40 42
1284 40 43
1285 40 47
1286 40 52
1287 40 54
1288 40 55
1289 40 56
1290 40 59
1291 40 60
1292 40 61
1293 40 65
1294 40 66
1295 40 67
1296 40 68
1297 40 69
1298 40 71
1299 40 72
1300 40 73
1301 40 76
1302 40 78
1303 40 79
1304 40 80
1305 40 85
1306 40 86
1307 40 87
1308 40 89
1309 40 91
1310 40 93
1311 40 96
1312 40 97
1313 40 99
1314 40 101
1315 40 103
1316 40 105
1317 40 106
1318 40 109
1319 40 111
1320 40 112
1321 40 114
1322 40 115
1323 40 116
1324 40 117
1325 40 118
1326 40 119
1327 40 120
1328 40 121
1329 40 122
1330 40 126
1331 40 128
1332 42 47
1333 42 52
1334 42 54
1335 42 55
1336 42 60
1337 42 61
1338 42 65
1339 42 66
1340 42 68
1341 42 69
1342 42 71
1343 42 72
1344 42 73
1345 42 74
1346 42 75
1347 42 76
1348 42 78
1349 42 79
1350 42 80
1351 42 85
1352 42 87
1353 42 88
1354 42 89
1355 42 91
1356 42 92
1357 42 96
1358 42 97
1359 42 98
1360 42 99
1361 42 101
1362 42 103
1363 42 104
1364 42 105
1365 42 106
1366 42 107
1367 42 109
1368 42 110
1369 42 111
1370 42 112
1371 42 114
1372 42 115
1373 42 116
1374 42 117
1375 42 118
1376 42 120
1377 42 121
1378 42 123
1379 42 126
1380 42 128
1381 43 47
1382 43 59
1383 43 67
1384 43 69
1385 43 71
1386 43 77
1387 43 80
1388 43 81
1389 43 85
1390 43 86
1391 43 87
1392 43 91
1393 43 93
1394 43 97
1395 43 105
1396 43 106
1397 43 111
1398 43 119
1399 43 121
1400 43 124
1401 44 122
1402 45 50
1403 45 63
1404 45 90
1405 45 95
1406 45 108
1407 46 80
1408 46 87
1409 46 97
1410 46 100
1411 46 121
1412 47 52
1413 47 54
1414 47 55
1415 47 56
1416 47 59
1417 47 61
1418 47 65
1419 47 66
1420 47 67
1421 47 68
1422 47 69
1423 47 71
1424 47 72
1425 47 73
1426 47 80
1427 47 81
1428 47 85
1429 47 86
1430 47 87
1431 47 89
1432 47 91
1433 47 93
1434 47 96
1435 47 97
1436 47 99
1437 47 101
1438 47 103
1439 47 105
1440 47 106
1441 47 109
1442 47 111
1443 47 112
1444 47 114
1445 47 115
1446 47 116
1447 47 117
1448 47 118
1449 47 120
1450 47 121
1451 47 124
1452 47 126
1453 47 128
1454 48 77
1455 48 106
1456 49 94
1457 49 127
1458 50 63
1459 50 90
1460 50 95
1461 50 108
1462 51 58
1463 51 62
1464 51 102
1465 51 113
1466 51 129
1467 52 54
1468 52 55
1469 52 61
1470 52 65
1471 52 66
1472 52 68
1473 52 69
1474 52 71
1475 52 72
1476 52 73
1477 52 74
1478 52 75
1479 52 76
1480 52 78
1481 52 79
1482 52 80
1483 52 89
1484 52 91
1485 52 92
1486 52 96
1487 52 97
1488 52 98
1489 52 99
1490 52 101
1491 52 103
1492 52 104
1493 52 107
1494 52 109
1495 52 110
1496 52 111
1497 52 112
1498 52 114
1499 52 115
1500 52 116
1501 52 117
1502 52 118
1503 52 120
1504 52 121
1505 52 123
1506 52 126
1507 52 128
1508 53 84
1509 54 55
1510 54 60
1511 54 61
1512 54 65
1513 54 66
1514 54 67
1515 54 68
1516 54 69
1517 54 71
1518 54 72
1519 54 73
1520 54 74
1521 54 75
1522 54 76
1523 54 78
1524 54 79
1525 54 80
1526 54 87
1527 54 89
1528 54 91
1529 54 92
1530 54 96
1531 54 97
1532 54 98
1533 54 99
1534 54 101
1535 54 103
1536 54 104
1537 54 105
1538 54 107
1539 54 109
1540 54 110
1541 54 111
1542 54 112
1543 54 114
1544 54 115
1545 54 116
1546 54 117
1547 54 118
1548 54 120
1549 54 121
1550 54 123
1551 54 126
1552 54 128
1553 55 61
1554 55 65
1555 55 66
1556 55 68
1557 55 69
1558 55 71
1559 55 72
1560 55 73
1561 55 74
1562 55 75
1563 55 76
1564 55 78
1565 55 79
1566 55 80
1567 55 87
1568 55 89
1569 55 91
1570 55 96
1571 55 97
1572 55 98
1573 55 99
1574 55 101
1575 55 103
1576 55 104
1577 55 107
1578 55 109
1579 55 110
1580 55 111
1581 55 112
1582 55 114
1583 55 115
1584 55 116
1585 55 117
1586 55 118
1587 55 120
1588 55 121
1589 55 123
1590 55 126
1591 55 128
1592 56 80
1593 56 87
1594 56 97
1595 56 121
1596 57 64
1597 57 94
1598 57 127
1599 58 62
1600 58 102
1601 58 113
1602 58 129
1603 59 69
1604 59 77
1605 59 80
1606 59 81
1607 59 86
1608 59 87
1609 59 91
1610 59 93
1611 59 97
1612 59 105
1613 59 106
1614 59 111
1615 59 118
1616 59 119
1617 59 121
1618 59 124
1619 60 61
1620 60 69
1621 60 72
1622 60 73
1623 60 89
1624 60 91
1625 60 96
1626 60 99
1627 60 101
1628 60 103
1629 60 114
1630 60 117
1631 60 118
1632 60 128
1633 61 65
1634 61 68
1635 61 69
1636 61 71
1637 61 72
1638 61 73
1639 61 74
1640 61 75
1641 61 76
1642 61 78
1643 61 79
1644 61 80
1645 61 87
1646 61 89
1647 61 91
1648 61 92
1649 61 96
1650 61 97
1651 61 99
1652 61 101
1653 61 103
1654 61 104
1655 61 105
1656 61 109
1657 61 110
1658 61 111
1659 61 112
1660 61 114
1661 61 115
1662 61 116
1663 61 117
1664 61 118
1665 61 120
1666 61 121
1667 61 123
1668 61 126
1669 61 128
1670 62 102
1671 62 113
1672 62 129
1673 63 90
1674 63 94
1675 63 95
1676 63 108
1677 64 83
1678 64 94
1679 64 127
1680 65 66
1681 65 68
1682 65 69
1683 65 71
1684 65 72
1685 65 73
1686 65 74
1687 65 75
1688 65 76
1689 65 78
1690 65 79
1691 65 80
1692 65 86
1693 65 87
1694 65 89
1695 65 91
1696 65 92
1697 65 96
1698 65 97
1699 65 99
1700 65 101
1701 65 103
1702 65 104
1703 65 105
1704 65 106
1705 65 109
1706 65 110
1707 65 111
1708 65 112
1709 65 114
1710 65 116
1711 65 117
1712 65 118
1713 65 120
1714 65 121
1715 65 123
1716 65 126
1717 65 128
1718 66 67
1719 66 69
1720 66 71
1721 66 72
1722 66 76
1723 66 79
1724 66 80
1725 66 87
1726 66 89
1727 66 91
1728 66 92
1729 66 96
1730 66 97
1731 66 99
1732 66 101
1733 66 103
1734 66 105
1735 66 109
1736 66 111
1737 66 114
1738 66 115
1739 66 116
1740 66 117
1741 66 118
1742 66 120
1743 66 121
1744 66 123
1745 66 126
1746 66 128
1747 67 71
1748 67 72
1749 67 73
1750 67 79
1751 67 80
1752 67 86
1753 67 87
1754 67 89
1755 67 91
1756 67 92
1757 67 93
1758 67 96
1759 67 97
1760 67 103
1761 67 105
1762 67 111
1763 67 114
1764 67 115
1765 67 116
1766 67 117
1767 67 118
1768 67 121
1769 67 128
1770 68 69
1771 68 71
1772 68 72
1773 68 73
1774 68 75
1775 68 76
1776 68 78
1777 68 79
1778 68 87
1779 68 89
1780 68 91
1781 68 92
1782 68 96
1783 68 97
1784 68 99
1785 68 101
1786 68 103
1787 68 104
1788 68 109
1789 68 111
1790 68 112
1791 68 114
1792 68 115
1793 68 116
1794 68 117
1795 68 118
1796 68 120
1797 68 123
1798 68 126
1799 68 128
1800 69 71
1801 69 72
1802 69 73
1803 69 74
1804 69 75
1805 69 76
1806 69 78
1807 69 79
1808 69 80
1809 69 86
1810 69 87
1811 69 88
1812 69 89
1813 69 91
1814 69 92
1815 69 96
1816 69 97
1817 69 99
1818 69 101
1819 69 103
1820 69 104
1821 69 105
1822 69 106
1823 69 109
1824 69 110
1825 69 111
1826 69 112
1827 69 114
1828 69 115
1829 69 116
1830 69 117
1831 69 118
1832 69 120
1833 69 121
1834 69 123
1835 69 126
1836 69 128
1837 71 72
1838 71 73
1839 71 74
1840 71 75
1841 71 76
1842 71 78
1843 71 79
1844 71 80
1845 71 86
1846 71 87
1847 71 88
1848 71 89
1849 71 91
1850 71 92
1851 71 93
1852 71 96
1853 71 97
1854 71 98
1855 71 99
1856 71 101
1857 71 103
1858 71 104
1859 71 105
1860 71 107
1861 71 109
1862 71 110
1863 71 111
1864 71 112
1865 71 114
1866 71 115
1867 71 116
1868 71 117
1869 71 118
1870 71 120
1871 71 121
1872 71 123
1873 71 126
1874 71 128
1875 72 73
1876 72 74
1877 72 75
1878 72 76
1879 72 78
1880 72 79
1881 72 80
1882 72 86
1883 72 87
1884 72 88
1885 72 89
1886 72 91
1887 72 92
1888 72 93
1889 72 96
1890 72 97
1891 72 98
1892 72 99
1893 72 101
1894 72 103
1895 72 104
1896 72 105
1897 72 106
1898 72 107
1899 72 109
1900 72 110
1901 72 111
1902 72 112
1903 72 114
1904 72 115
1905 72 116
1906 72 117
1907 72 118
1908 72 119
1909 72 120
1910 72 121
1911 72 123
1912 72 126
1913 72 128
1914 73 74
1915 73 75
1916 73 76
1917 73 78
1918 73 79
1919 73 80
1920 73 85
1921 73 87
1922 73 89
1923 73 91
1924 73 92
1925 73 96
1926 73 97
1927 73 98
1928 73 99
1929 73 101
1930 73 103
1931 73 104
1932 73 105
1933 73 107
1934 73 109
1935 73 110
1936 73 111
1937 73 112
1938 73 114
1939 73 115
1940 73 116
1941 73 117
1942 73 118
1943 73 120
1944 73 121
1945 73 123
1946 73 126
1947 73 128
1948 74 75
1949 74 76
1950 74 78
1951 74 89
1952 74 91
1953 74 96
1954 74 98
1955 74 101
1956 74 103
1957 74 104
1958 74 107
1959 74 109
1960 74 110
1961 74 112
1962 74 114
1963 74 116
1964 74 117
1965 74 118
1966 74 120
1967 74 123
1968 74 126
1969 74 128
1970 75 76
1971 75 78
1972 75 89
1973 75 91
1974 75 96
1975 75 101
1976 75 103
1977 75 104
1978 75 109
1979 75 110
1980 75 112
1981 75 114
1982 75 117
1983 75 118
1984 75 120
1985 75 123
1986 75 126
1987 75 128
1988 76 78
1989 76 79
1990 76 89
1991 76 91
1992 76 92
1993 76 96
1994 76 99
1995 76 101
1996 76 103
1997 76 104
1998 76 109
1999 76 110
2000 76 111
2001 76 112
2002 76 114
2003 76 115
2004 76 116
2005 76 117
2006 76 118
2007 76 120
2008 76 123
2009 76 126
2010 76 128
2011 77 80
2012 77 86
2013 77 87
2014 77 93
2015 77 97
2016 77 106
2017 77 119
2018 77 121
2019 78 79
2020 78 80
2021 78 87
2022 78 89
2023 78 91
2024 78 92
2025 78 96
2026 78 97
2027 78 99
2028 78 101
2029 78 103
2030 78 104
2031 78 105
2032 78 109
2033 78 110
2034 78 111
2035 78 112
2036 78 114
2037 78 116
2038 78 117
2039 78 118
2040 78 120
2041 78 121
2042 78 123
2043 78 126
2044 78 128
2045 79 89
2046 79 91
2047 79 92
2048 79 96
2049 79 99
2050 79 101
2051 79 103
2052 79 105
2053 79 109
2054 79 110
2055 79 111
2056 79 112
2057 79 114
2058 79 115
2059 79 116
2060 79 117
2061 79 118
2062 79 120
2063 79 121
2064 79 123
2065 79 126
2066 79 128
2067 80 81
2068 80 85
2069 80 86
2070 80 87
2071 80 89
2072 80 91
2073 80 93
2074 80 96
2075 80 97
2076 80 99
2077 80 100
2078 80 101
2079 80 103
2080 80 105
2081 80 106
2082 80 109
2083 80 110
2084 80 111
2085 80 112
2086 80 114
2087 80 115
2088 80 116
2089 80 117
2090 80 118
2091 80 119
2092 80 120
2093 80 121
2094 80 123
2095 80 124
2096 80 126
2097 80 128
2098 81 86
2099 81 87
2100 81 93
2101 81 97
2102 81 105
2103 81 106
2104 81 111
2105 81 119
2106 81 121
2107 81 124
2108 82 125
2109 83 94
2110 85 87
2111 85 97
2112 85 105
2113 85 106
2114 85 111
2115 85 115
2116 85 117
2117 85 118
2118 85 121
2119 86 87
2120 86 89
2121 86 91
2122 86 93
2123 86 97
2124 86 105
2125 86 106
2126 86 111
2127 86 118
2128 86 119
2129 86 121
2130 86 124
2131 86 128
2132 87 89
2133 87 91
2134 87 93
2135 87 96
2136 87 97
2137 87 99
2138 87 100
2139 87 101
2140 87 103
2141 87 105
2142 87 106
2143 87 109
2144 87 111
2145 87 112
2146 87 114
2147 87 115
2148 87 116
2149 87 117
2150 87 118
2151 87 119
2152 87 120
2153 87 121
2154 87 123
2155 87 124
2156 87 126
2157 87 128
2158 88 89
2159 88 91
2160 88 101
2161 88 103
2162 88 117
2163 89 91
2164 89 92
2165 89 96
2166 89 97
2167 89 98
2168 89 99
2169 89 101
2170 89 103
2171 89 104
2172 89 105
2173 89 107
2174 89 109
2175 89 110
2176 89 111
2177 89 112
2178 89 114
2179 89 115
2180 89 116
2181 89 117
2182 89 118
2183 89 120
2184 89 121
2185 89 123
2186 89 126
2187 89 128
2188 90 95
2189 90 108
2190 91 92
2191 91 96
2192 91 97
2193 91 98
2194 91 99
2195 91 101
2196 91 103
2197 91 104
2198 91 105
2199 91 106
2200 91 107
2201 91 109
2202 91 110
2203 91 111
2204 91 112
2205 91 114
2206 91 115
2207 91 116
2208 91 117
2209 91 118
2210 91 120
2211 91 121
2212 91 123
2213 91 126
2214 91 128
2215 92 96
2216 92 101
2217 92 103
2218 92 111
2219 92 112
2220 92 114
2221 92 115
2222 92 116
2223 92 117
2224 92 118
2225 92 128
2226 93 97
2227 93 105
2228 93 106
2229 93 111
2230 93 118
2231 93 119
2232 93 121
2233 93 124
2234 93 128
2235 94 127
2236 95 108
2237 96 97
2238 96 99
2239 96 101
2240 96 103
2241 96 104
2242 96 105
2243 96 109
2244 96 110
2245 96 111
2246 96 112
2247 96 114
2248 96 115
2249 96 116
2250 96 117
2251 96 118
2252 96 120
2253 96 121
2254 96 123
2255 96 126
2256 96 128
2257 97 99
2258 97 100
2259 97 101
2260 97 103
2261 97 105
2262 97 106
2263 97 109
2264 97 111
2265 97 112
2266 97 114
2267 97 115
2268 97 116
2269 97 117
2270 97 118
2271 97 119
2272 97 120
2273 97 121
2274 97 123
2275 97 124
2276 97 126
2277 97 128
2278 98 101
2279 98 103
2280 98 107
2281 98 109
2282 98 110
2283 98 114
2284 98 117
2285 98 120
2286 98 123
2287 98 126
2288 98 128
2289 99 101
2290 99 103
2291 99 104
2292 99 109
2293 99 110
2294 99 111
2295 99 112
2296 99 114
2297 99 115
2298 99 116
2299 99 117
2300 99 118
2301 99 120
2302 99 121
2303 99 123
2304 99 126
2305 99 128
2306 100 121
2307 101 103
2308 101 104
2309 101 105
2310 101 107
2311 101 109
2312 101 110
2313 101 111
2314 101 112
2315 101 114
2316 101 115
2317 101 116
2318 101 117
2319 101 118
2320 101 120
2321 101 121
2322 101 123
2323 101 126
2324 101 128
2325 102 113
2326 102 129
2327 103 104
2328 103 105
2329 103 106
2330 103 107
2331 103 109
2332 103 110
2333 103 111
2334 103 112
2335 103 114
2336 103 115
2337 103 116
2338 103 117
2339 103 118
2340 103 120
2341 103 121
2342 103 123
2343 103 126
2344 103 128
2345 104 109
2346 104 110
2347 104 112
2348 104 114
2349 104 117
2350 104 118
2351 104 120
2352 104 123
2353 104 126
2354 104 128
2355 105 106
2356 105 111
2357 105 114
2358 105 115
2359 105 116
2360 105 117
2361 105 118
2362 105 119
2363 105 121
2364 105 122
2365 105 124
2366 105 128
2367 106 111
2368 106 114
2369 106 118
2370 106 119
2371 106 121
2372 106 124
2373 107 109
2374 107 110
2375 107 112
2376 107 114
2377 107 117
2378 107 118
2379 107 120
2380 107 123
2381 107 126
2382 107 128
2383 109 110
2384 109 111
2385 109 112
2386 109 114
2387 109 115
2388 109 116
2389 109 117
2390 109 118
2391 109 120
2392 109 121
2393 109 123
2394 109 126
2395 109 128
2396 110 112
2397 110 114
2398 110 116
2399 110 117
2400 110 118
2401 110 120
2402 110 123
2403 110 126
2404 110 128
2405 111 114
2406 111 115
2407 111 116
2408 111 117
2409 111 118
2410 111 119
2411 111 120
2412 111 121
2413 111 123
2414 111 124
2415 111 126
2416 111 128
2417 112 114
2418 112 115
2419 112 116
2420 112 117
2421 112 118
2422 112 120
2423 112 121
2424 112 123
2425 112 126
2426 112 128
2427 113 129
2428 114 115
2429 114 116
2430 114 117
2431 114 118
2432 114 120
2433 114 121
2434 114 123
2435 114 126
2436 114 128
2437 115 116
2438 115 117
2439 115 118
2440 115 120
2441 115 121
2442 115 123
2443 115 126
2444 115 128
2445 116 117
2446 116 118
2447 116 120
2448 116 121
2449 116 123
2450 116 126
2451 116 128
2452 117 118
2453 117 120
2454 117 121
2455 117 123
2456 117 126
2457 117 128
2458 118 119
2459 118 120
2460 118 121
2461 118 123
2462 118 126
2463 118 128
2464 119 121
2465 119 124
2466 120 121
2467 120 123
2468 120 126
2469 120 128
2470 121 123
2471 121 124
2472 121 126
2473 121 128
2474 123 126
2475 123 128
2476 126 128
