1 1 6
2 1 10
3 1 12
4 1 16
5 1 19
6 1 24
7 1 36
8 1 41
9 1 45
10 1 49
11 1 50
12 1 51
13 1 57
14 1 58
15 1 62
16 1 63
17 1 64
18 1 83
19 1 90
20 1 94
21 1 95
22 1 108
23 1 127
24 2 4
25 2 5
26 2 8
27 2 9
28 2 13
29 2 14
30 2 15
31 2 17
32 2 18
33 2 21
34 2 22
35 2 27
36 2 28
37 2 29
38 2 31
39 2 32
40 2 34
41 2 37
42 2 38
43 2 39
44 2 40
45 2 42
46 2 47
47 2 52
48 2 54
49 2 55
50 2 61
51 2 65
52 2 66
53 2 67
54 2 68
55 2 69
56 2 71
57 2 72
58 2 73
59 2 74
60 2 75
61 2 76
62 2 78
63 2 79
64 2 80
65 2 87
66 2 89
67 2 91
68 2 92
69 2 96
70 2 97
71 2 98
72 2 99
73 2 101
74 2 103
75 2 104
76 2 105
77 2 106
78 2 107
79 2 109
80 2 110
81 2 111
82 2 112
83 2 114
84 2 115
85 2 116
86 2 117
87 2 118
88 2 120
89 2 121
90 2 123
91 2 126
92 2 128
93 3 11
94 3 13
95 3 17
96 3 29
97 3 31
98 3 54
99 3 68
100 3 69
101 3 71
102 3 72
103 3 73
104 3 76
105 3 79
106 3 82
107 3 96
108 3 101
109 3 114
110 3 115
111 3 117
112 3 125
113 3 128
114 4 5
115 4 7
116 4 8
117 4 9
118 4 13
119 4 14
120 4 15
121 4 17
122 4 18
123 4 21
124 4 22
125 4 25
126 4 27
127 4 28
128 4 29
129 4 30
130 4 31
131 4 32
132 4 33
133 4 34
134 4 37
135 4 38
136 4 39
137 4 40
138 4 42
139 4 43
140 4 47
141 4 52
142 4 54
143 4 55
144 4 59
145 4 60
146 4 61
147 4 65
148 4 66
149 4 67
150 4 68
151 4 69
152 4 71
153 4 72
154 4 73
155 4 74
156 4 75
157 4 76
158 4 78
159 4 79
160 4 80
161 4 85
162 4 86
163 4 87
164 4 88
165 4 89
166 4 91
167 4 92
168 4 93
169 4 96
170 4 97
171 4 98
172 4 99
173 4 101
174 4 103
175 4 104
176 4 105
177 4 106
178 4 107
179 4 109
180 4 110
181 4 111
182 4 112
183 4 114
184 4 115
185 4 116
186 4 117
187 4 118
188 4 119
189 4 120
190 4 121
191 4 123
192 4 126
193 4 128
194 5 7
195 5 8
196 5 9
197 5 13
198 5 14
199 5 15
200 5 17
201 5 18
202 5 21
203 5 22
204 5 25
205 5 27
206 5 28
207 5 29
208 5 30
209 5 31
210 5 32
211 5 33
212 5 34
213 5 37
214 5 38
215 5 39
216 5 40
217 5 42
218 5 43
219 5 47
220 5 52
221 5 54
222 5 55
223 5 59
224 5 60
225 5 61
226 5 65
227 5 66
228 5 67
229 5 68
230 5 69
231 5 71
232 5 72
233 5 73
234 5 74
235 5 75
236 5 76
237 5 78
238 5 79
239 5 80
240 5 85
241 5 86
242 5 87
243 5 88
244 5 89
245 5 91
246 5 92
247 5 93
248 5 96
249 5 97
250 5 98
251 5 99
252 5 101
253 5 103
254 5 104
255 5 105
256 5 106
257 5 107
258 5 109
259 5 110
260 5 111
261 5 112
262 5 114
263 5 115
264 5 116
265 5 117
266 5 118
267 5 119
268 5 120
269 5 121
270 5 123
271 5 126
272 5 128
273 6 10
274 6 12
275 6 36
276 6 41
277 6 45
278 6 49
279 6 51
280 6 57
281 6 58
282 6 62
283 6 63
284 6 64
285 6 94
286 6 95
287 6 102
288 6 108
289 6 113
290 6 127
291 6 129
292 7 8
293 7 9
294 7 13
295 7 17
296 7 18
297 7 21
298 7 22
299 7 23
300 7 26
301 7 29
302 7 30
303 7 31
304 7 33
305 7 34
306 7 35
307 7 37
308 7 39
309 7 40
310 7 42
311 7 43
312 7 46
313 7 47
314 7 48
315 7 52
316 7 54
317 7 56
318 7 59
319 7 61
320 7 65
321 7 66
322 7 67
323 7 68
324 7 69
325 7 71
326 7 72
327 7 73
328 7 76
329 7 77
330 7 79
331 7 80
332 7 81
333 7 85
334 7 86
335 7 87
336 7 89
337 7 91
338 7 92
339 7 93
340 7 96
341 7 97
342 7 99
343 7 100
344 7 101
345 7 103
346 7 105
347 7 106
348 7 111
349 7 112
350 7 114
351 7 115
352 7 116
353 7 117
354 7 118
355 7 119
356 7 120
357 7 121
358 7 123
359 7 124
360 7 126
361 7 128
362 8 9
363 8 13
364 8 14
365 8 15
366 8 17
367 8 18
368 8 21
369 8 22
370 8 23
371 8 25
372 8 26
373 8 27
374 8 28
375 8 29
376 8 30
377 8 31
378 8 32
379 8 33
380 8 34
381 8 35
382 8 37
383 8 38
384 8 39
385 8 40
386 8 42
387 8 43
388 8 46
389 8 47
390 8 52
391 8 54
392 8 55
393 8 56
394 8 59
395 8 60
396 8 61
397 8 65
398 8 66
399 8 67
400 8 68
401 8 69
402 8 71
403 8 72
404 8 73
405 8 74
406 8 75
407 8 76
408 8 77
409 8 78
410 8 79
411 8 80
412 8 81
413 8 85
414 8 86
415 8 87
416 8 88
417 8 89
418 8 91
419 8 92
420 8 93
421 8 96
422 8 97
423 8 98
424 8 99
425 8 100
426 8 101
427 8 103
428 8 104
429 8 105
430 8 106
431 8 107
432 8 109
433 8 110
434 8 111
435 8 112
436 8 114
437 8 115
438 8 116
439 8 117
440 8 118
441 8 119
442 8 120
443 8 121
444 8 122
445 8 123
446 8 124
447 8 126
448 8 128
449 9 13
450 9 14
451 9 15
452 9 17
453 9 18
454 9 21
455 9 22
456 9 23
457 9 25
458 9 26
459 9 27
460 9 28
461 9 29
462 9 30
463 9 31
464 9 32
465 9 33
466 9 34
467 9 35
468 9 37
469 9 38
470 9 39
471 9 40
472 9 42
473 9 43
474 9 44
475 9 46
476 9 47
477 9 52
478 9 54
479 9 55
480 9 56
481 9 59
482 9 60
483 9 61
484 9 65
485 9 66
486 9 67
487 9 68
488 9 69
489 9 71
490 9 72
491 9 73
492 9 74
493 9 75
494 9 76
495 9 77
496 9 78
497 9 79
498 9 80
499 9 81
500 9 85
501 9 86
502 9 87
503 9 88
504 9 89
505 9 91
506 9 92
507 9 93
508 9 96
509 9 97
510 9 98
511 9 99
512 9 100
513 9 101
514 9 103
515 9 104
516 9 105
517 9 106
518 9 107
519 9 109
520 9 110
521 9 111
522 9 112
523 9 114
524 9 115
525 9 116
526 9 117
527 9 118
528 9 119
529 9 120
530 9 121
531 9 122
532 9 123
533 9 126
534 9 128
535 10 12
536 10 16
537 10 19
538 10 24
539 10 36
540 10 41
541 10 45
542 10 49
543 10 50
544 10 51
545 10 57
546 10 58
547 10 62
548 10 63
549 10 64
550 10 83
551 10 90
552 10 94
553 10 95
554 10 108
555 10 127
556 11 82
557 11 125
558 12 19
559 12 36
560 12 45
561 12 49
562 12 51
563 12 57
564 12 58
565 12 62
566 12 63
567 12 64
568 12 83
569 12 94
570 12 102
571 12 108
572 12 113
573 12 127
574 12 129
575 13 14
576 13 15
577 13 17
578 13 18
579 13 21
580 13 22
581 13 23
582 13 25
583 13 26
584 13 27
585 13 28
586 13 29
587 13 30
588 13 31
589 13 32
590 13 33
591 13 34
592 13 37
593 13 38
594 13 39
595 13 40
596 13 42
597 13 43
598 13 46
599 13 47
600 13 52
601 13 54
602 13 55
603 13 56
604 13 59
605 13 60
606 13 61
607 13 65
608 13 66
609 13 67
610 13 68
611 13 69
612 13 71
613 13 72
614 13 73
615 13 74
616 13 75
617 13 76
618 13 78
619 13 79
620 13 80
621 13 81
622 13 82
623 13 85
624 13 86
625 13 87
626 13 88
627 13 89
628 13 91
629 13 92
630 13 93
631 13 96
632 13 97
633 13 98
634 13 99
635 13 100
636 13 101
637 13 103
638 13 104
639 13 105
640 13 106
641 13 107
642 13 109
643 13 110
644 13 111
645 13 112
646 13 114
647 13 115
648 13 116
649 13 117
650 13 118
651 13 119
652 13 120
653 13 121
654 13 122
655 13 123
656 13 124
657 13 125
658 13 126
659 13 128
660 14 15
661 14 17
662 14 18
663 14 21
664 14 22
665 14 25
666 14 27
667 14 28
668 14 29
669 14 30
670 14 31
671 14 32
672 14 34
673 14 37
674 14 38
675 14 39
676 14 40
677 14 42
678 14 47
679 14 52
680 14 54
681 14 55
682 14 60
683 14 61
684 14 65
685 14 66
686 14 67
687 14 68
688 14 69
689 14 71
690 14 72
691 14 73
692 14 74
693 14 75
694 14 76
695 14 78
696 14 79
697 14 80
698 14 87
699 14 88
700 14 89
701 14 91
702 14 92
703 14 96
704 14 97
705 14 98
706 14 99
707 14 101
708 14 103
709 14 104
710 14 105
711 14 107
712 14 109
713 14 110
714 14 111
715 14 112
716 14 114
717 14 115
718 14 116
719 14 117
720 14 118
721 14 120
722 14 121
723 14 123
724 14 126
725 14 128
726 15 17
727 15 18
728 15 21
729 15 22
730 15 27
731 15 28
732 15 29
733 15 31
734 15 32
735 15 34
736 15 37
737 15 38
738 15 39
739 15 40
740 15 42
741 15 47
742 15 52
743 15 54
744 15 55
745 15 61
746 15 65
747 15 68
748 15 69
749 15 71
750 15 72
751 15 73
752 15 74
753 15 75
754 15 76
755 15 78
756 15 79
757 15 80
758 15 87
759 15 89
760 15 91
761 15 92
762 15 96
763 15 97
764 15 98
765 15 99
766 15 101
767 15 103
768 15 104
769 15 105
770 15 107
771 15 109
772 15 110
773 15 111
774 15 112
775 15 114
776 15 115
777 15 116
778 15 117
779 15 118
780 15 120
781 15 121
782 15 123
783 15 126
784 15 128
785 16 19
786 16 24
787 16 45
788 16 50
789 16 57
790 16 63
791 16 64
792 16 90
793 16 94
794 16 95
795 16 108
796 17 18
797 17 21
798 17 22
799 17 25
800 17 26
801 17 27
802 17 28
803 17 29
804 17 30
805 17 31
806 17 32
807 17 34
808 17 35
809 17 37
810 17 38
811 17 39
812 17 40
813 17 42
814 17 43
815 17 47
816 17 52
817 17 54
818 17 55
819 17 59
820 17 60
821 17 61
822 17 65
823 17 66
824 17 67
825 17 68
826 17 69
827 17 71
828 17 72
829 17 73
830 17 74
831 17 75
832 17 76
833 17 77
834 17 78
835 17 79
836 17 80
837 17 81
838 17 85
839 17 86
840 17 87
841 17 88
842 17 89
843 17 91
844 17 92
845 17 93
846 17 96
847 17 97
848 17 98
849 17 99
850 17 101
851 17 103
852 17 104
853 17 105
854 17 106
855 17 107
856 17 109
857 17 110
858 17 111
859 17 112
860 17 114
861 17 115
862 17 116
863 17 117
864 17 118
865 17 119
866 17 120
867 17 121
868 17 122
869 17 123
870 17 124
871 17 126
872 17 128
873 18 21
874 18 22
875 18 23
876 18 25
877 18 26
878 18 27
879 18 28
880 18 29
881 18 30
882 18 31
883 18 32
884 18 33
885 18 34
886 18 37
887 18 38
888 18 39
889 18 40
890 18 42
891 18 43
892 18 46
893 18 47
894 18 52
895 18 54
896 18 55
897 18 56
898 18 59
899 18 60
900 18 61
901 18 65
902 18 66
903 18 67
904 18 68
905 18 69
906 18 71
907 18 72
908 18 73
909 18 74
910 18 75
911 18 76
912 18 78
913 18 79
914 18 80
915 18 81
916 18 85
917 18 86
918 18 87
919 18 88
920 18 89
921 18 91
922 18 92
923 18 93
924 18 96
925 18 97
926 18 98
927 18 99
928 18 101
929 18 103
930 18 104
931 18 105
932 18 106
933 18 107
934 18 109
935 18 110
936 18 111
937 18 112
938 18 114
939 18 115
940 18 116
941 18 117
942 18 118
943 18 119
944 18 120
945 18 121
946 18 123
947 18 124
948 18 126
949 18 128
950 19 24
951 19 31
952 19 41
953 19 45
954 19 49
955 19 50
956 19 57
957 19 63
958 19 64
959 19 83
960 19 90
961 19 94
962 19 95
963 19 108
964 20 35
965 20 70
966 21 22
967 21 23
968 21 25
969 21 26
970 21 27
971 21 28
972 21 29
973 21 30
974 21 31
975 21 32
976 21 33
977 21 34
978 21 35
979 21 37
980 21 38
981 21 39
982 21 40
983 21 42
984 21 43
985 21 44
986 21 46
987 21 47
988 21 48
989 21 52
990 21 54
991 21 55
992 21 56
993 21 59
994 21 61
995 21 65
996 21 66
997 21 67
998 21 68
999 21 69
1000 21 71
1001 21 72
1002 21 73
1003 21 74
1004 21 75
1005 21 76
1006 21 77
1007 21 78
1008 21 79
1009 21 80
1010 21 81
1011 21 85
1012 21 86
1013 21 87
1014 21 88
1015 21 89
1016 21 91
1017 21 92
1018 21 93
1019 21 96
1020 21 97
1021 21 98
1022 21 99
1023 21 100
1024 21 101
1025 21 103
1026 21 104
1027 21 105
1028 21 106
1029 21 107
1030 21 109
1031 21 110
1032 21 111
1033 21 112
1034 21 114
1035 21 115
1036 21 116
1037 21 117
1038 21 118
1039 21 119
1040 21 120
1041 21 121
1042 21 122
1043 21 123
1044 21 124
1045 21 126
1046 21 128
1047 22 23
1048 22 25
1049 22 26
1050 22 27
1051 22 28
1052 22 29
1053 22 30
1054 22 31
1055 22 32
1056 22 33
1057 22 34
1058 22 37
1059 22 38
1060 22 39
1061 22 40
1062 22 42
1063 22 43
1064 22 46
1065 22 47
1066 22 52
1067 22 54
1068 22 55
1069 22 56
1070 22 59
1071 22 60
1072 22 61
1073 22 64
1074 22 65
1075 22 66
1076 22 67
1077 22 68
1078 22 69
1079 22 71
1080 22 72
1081 22 73
1082 22 74
1083 22 75
1084 22 76
1085 22 78
1086 22 79
1087 22 80
1088 22 81
1089 22 82
1090 22 85
1091 22 86
1092 22 87
1093 22 88
1094 22 89
1095 22 91
1096 22 92
1097 22 93
1098 22 96
1099 22 97
1100 22 98
1101 22 99
1102 22 100
1103 22 101
1104 22 103
1105 22 104
1106 22 105
1107 22 106
1108 22 107
1109 22 109
1110 22 110
1111 22 111
1112 22 112
1113 22 114
1114 22 115
1115 22 116
1116 22 117
1117 22 118
1118 22 119
1119 22 120
1120 22 121
1121 22 122
1122 22 123
1123 22 124
1124 22 125
1125 22 126
1126 22 128
1127 23 26
1128 23 30
1129 23 31
1130 23 33
1131 23 40
1132 23 43
1133 23 46
1134 23 47
1135 23 59
1136 23 66
1137 23 67
1138 23 68
1139 23 79
1140 23 80
1141 23 81
1142 23 85
1143 23 86
1144 23 87
1145 23 89
1146 23 93
1147 23 96
1148 23 97
1149 23 100
1150 23 101
1151 23 103
1152 23 105
1153 23 106
1154 23 111
1155 23 115
1156 23 119
1157 23 121
1158 23 122
1159 23 124
1160 23 128
1161 24 45
1162 24 50
1163 24 57
1164 24 63
1165 24 64
1166 24 90
1167 24 94
1168 24 95
1169 24 108
1170 24 127
1171 25 27
1172 25 29
1173 25 30
1174 25 31
1175 25 34
1176 25 37
1177 25 38
1178 25 39
1179 25 40
1180 25 42
1181 25 47
1182 25 52
1183 25 54
1184 25 55
1185 25 59
1186 25 60
1187 25 61
1188 25 65
1189 25 66
1190 25 67
1191 25 68
1192 25 69
1193 25 71
1194 25 72
1195 25 73
1196 25 75
1197 25 76
1198 25 78
1199 25 79
1200 25 80
1201 25 87
1202 25 88
1203 25 89
1204 25 91
1205 25 92
1206 25 96
1207 25 97
1208 25 99
1209 25 101
1210 25 103
1211 25 104
1212 25 105
1213 25 109
1214 25 110
1215 25 112
1216 25 114
1217 25 115
1218 25 116
1219 25 117
1220 25 118
1221 25 120
1222 25 121
1223 25 123
1224 25 126
1225 25 128
1226 26 29
1227 26 30
1228 26 31
1229 26 33
1230 26 35
1231 26 37
1232 26 39
1233 26 40
1234 26 42
1235 26 43
1236 26 46
1237 26 47
1238 26 48
1239 26 54
1240 26 56
1241 26 59
1242 26 61
1243 26 65
1244 26 66
1245 26 67
1246 26 68
1247 26 69
1248 26 71
1249 26 72
1250 26 73
1251 26 76
1252 26 77
1253 26 78
1254 26 80
1255 26 81
1256 26 85
1257 26 86
1258 26 87
1259 26 89
1260 26 91
1261 26 93
1262 26 96
1263 26 97
1264 26 100
1265 26 101
1266 26 103
1267 26 105
1268 26 106
1269 26 111
1270 26 112
1271 26 114
1272 26 115
1273 26 117
1274 26 118
1275 26 119
1276 26 121
1277 26 124
1278 26 128
1279 27 28
1280 27 29
1281 27 31
1282 27 32
1283 27 34
1284 27 37
1285 27 38
1286 27 39
1287 27 40
1288 27 42
1289 27 47
1290 27 52
1291 27 54
1292 27 55
1293 27 60
1294 27 61
1295 27 65
1296 27 66
1297 27 67
1298 27 68
1299 27 69
1300 27 71
1301 27 72
1302 27 73
1303 27 74
1304 27 75
1305 27 76
1306 27 78
1307 27 79
1308 27 80
1309 27 87
1310 27 88
1311 27 89
1312 27 91
1313 27 92
1314 27 96
1315 27 97
1316 27 98
1317 27 99
1318 27 101
1319 27 103
1320 27 104
1321 27 105
1322 27 106
1323 27 107
1324 27 109
1325 27 110
1326 27 111
1327 27 112
1328 27 114
1329 27 115
1330 27 116
1331 27 117
1332 27 118
1333 27 120
1334 27 121
1335 27 123
1336 27 126
1337 27 128
1338 28 29
1339 28 31
1340 28 32
1341 28 34
1342 28 37
1343 28 38
1344 28 39
1345 28 40
1346 28 42
1347 28 43
1348 28 47
1349 28 52
1350 28 54
1351 28 55
1352 28 61
1353 28 65
1354 28 68
1355 28 69
1356 28 71
1357 28 72
1358 28 73
1359 28 74
1360 28 75
1361 28 76
1362 28 78
1363 28 79
1364 28 80
1365 28 87
1366 28 89
1367 28 91
1368 28 92
1369 28 96
1370 28 97
1371 28 98
1372 28 99
1373 28 101
1374 28 103
1375 28 104
1376 28 105
1377 28 107
1378 28 109
1379 28 110
1380 28 111
1381 28 112
1382 28 114
1383 28 115
1384 28 116
1385 28 117
1386 28 118
1387 28 120
1388 28 121
1389 28 123
1390 28 126
1391 28 128
1392 29 30
1393 29 31
1394 29 32
1395 29 33
1396 29 34
1397 29 37
1398 29 38
1399 29 39
1400 29 40
1401 29 42
1402 29 43
1403 29 47
1404 29 52
1405 29 54
1406 29 55
1407 29 56
1408 29 59
1409 29 60
1410 29 61
1411 29 65
1412 29 66
1413 29 67
1414 29 68
1415 29 69
1416 29 71
1417 29 72
1418 29 73
1419 29 74
1420 29 75
1421 29 76
1422 29 78
1423 29 79
1424 29 80
1425 29 81
1426 29 85
1427 29 86
1428 29 87
1429 29 88
1430 29 89
1431 29 91
1432 29 92
1433 29 93
1434 29 96
1435 29 97
1436 29 98
1437 29 99
1438 29 101
1439 29 103
1440 29 104
1441 29 105
1442 29 106
1443 29 107
1444 29 109
1445 29 110
1446 29 111
1447 29 112
1448 29 114
1449 29 115
1450 29 116
1451 29 117
1452 29 118
1453 29 119
1454 29 120
1455 29 121
1456 29 122
1457 29 123
1458 29 124
1459 29 126
1460 29 128
1461 30 31
1462 30 32
1463 30 33
1464 30 34
1465 30 35
1466 30 37
1467 30 38
1468 30 39
1469 30 40
1470 30 42
1471 30 43
1472 30 44
1473 30 46
1474 30 47
1475 30 52
1476 30 54
1477 30 55
1478 30 59
1479 30 61
1480 30 65
1481 30 66
1482 30 67
1483 30 68
1484 30 69
1485 30 71
1486 30 72
1487 30 73
1488 30 75
1489 30 76
1490 30 77
1491 30 78
1492 30 79
1493 30 80
1494 30 81
1495 30 85
1496 30 86
1497 30 87
1498 30 88
1499 30 89
1500 30 91
1501 30 92
1502 30 93
1503 30 96
1504 30 97
1505 30 99
1506 30 100
1507 30 101
1508 30 103
1509 30 104
1510 30 105
1511 30 106
1512 30 109
1513 30 110
1514 30 111
1515 30 112
1516 30 114
1517 30 115
1518 30 116
1519 30 117
1520 30 118
1521 30 119
1522 30 120
1523 30 121
1524 30 122
1525 30 123
1526 30 124
1527 30 126
1528 30 128
1529 31 32
1530 31 33
1531 31 34
1532 31 37
1533 31 38
1534 31 39
1535 31 40
1536 31 42
1537 31 43
1538 31 46
1539 31 47
1540 31 49
1541 31 52
1542 31 54
1543 31 55
1544 31 56
1545 31 57
1546 31 59
1547 31 60
1548 31 61
1549 31 65
1550 31 66
1551 31 67
1552 31 68
1553 31 69
1554 31 71
1555 31 72
1556 31 73
1557 31 74
1558 31 75
1559 31 76
1560 31 78
1561 31 79
1562 31 80
1563 31 81
1564 31 85
1565 31 86
1566 31 87
1567 31 88
1568 31 89
1569 31 91
1570 31 92
1571 31 93
1572 31 94
1573 31 96
1574 31 97
1575 31 98
1576 31 99
1577 31 100
1578 31 101
1579 31 103
1580 31 104
1581 31 105
1582 31 106
1583 31 107
1584 31 109
1585 31 110
1586 31 111
1587 31 112
1588 31 114
1589 31 115
1590 31 116
1591 31 117
1592 31 118
1593 31 119
1594 31 120
1595 31 121
1596 31 122
1597 31 123
1598 31 124
1599 31 126
1600 31 128
1601 32 34
1602 32 37
1603 32 38
1604 32 39
1605 32 40
1606 32 42
1607 32 43
1608 32 47
1609 32 52
1610 32 54
1611 32 55
1612 32 61
1613 32 65
1614 32 68
1615 32 69
1616 32 71
1617 32 72
1618 32 73
1619 32 74
1620 32 75
1621 32 76
1622 32 78
1623 32 79
1624 32 80
1625 32 87
1626 32 89
1627 32 91
1628 32 92
1629 32 96
1630 32 97
1631 32 98
1632 32 99
1633 32 101
1634 32 103
1635 32 104
1636 32 105
1637 32 107
1638 32 109
1639 32 110
1640 32 111
1641 32 112
1642 32 114
1643 32 115
1644 32 116
1645 32 117
1646 32 118
1647 32 120
1648 32 121
1649 32 123
1650 32 126
1651 32 128
1652 33 35
1653 33 37
1654 33 38
1655 33 40
1656 33 42
1657 33 43
1658 33 46
1659 33 47
1660 33 54
1661 33 56
1662 33 59
1663 33 61
1664 33 66
1665 33 67
1666 33 69
1667 33 71
1668 33 72
1669 33 73
1670 33 76
1671 33 77
1672 33 79
1673 33 80
1674 33 81
1675 33 85
1676 33 86
1677 33 87
1678 33 89
1679 33 91
1680 33 93
1681 33 96
1682 33 97
1683 33 100
1684 33 101
1685 33 103
1686 33 105
1687 33 106
1688 33 111
1689 33 114
1690 33 115
1691 33 116
1692 33 117
1693 33 118
1694 33 119
1695 33 121
1696 33 124
1697 33 128
1698 34 37
1699 34 38
1700 34 39
1701 34 40
1702 34 42
1703 34 47
1704 34 52
1705 34 54
1706 34 55
1707 34 56
1708 34 59
1709 34 60
1710 34 61
1711 34 65
1712 34 66
1713 34 67
1714 34 68
1715 34 69
1716 34 71
1717 34 72
1718 34 73
1719 34 74
1720 34 75
1721 34 76
1722 34 78
1723 34 79
1724 34 80
1725 34 85
1726 34 86
1727 34 87
1728 34 88
1729 34 89
1730 34 91
1731 34 92
1732 34 96
1733 34 97
1734 34 98
1735 34 99
1736 34 101
1737 34 103
1738 34 104
1739 34 105
1740 34 106
1741 34 107
1742 34 109
1743 34 110
1744 34 111
1745 34 112
1746 34 114
1747 34 115
1748 34 116
1749 34 117
1750 34 118
1751 34 119
1752 34 120
1753 34 121
1754 34 123
1755 34 126
1756 34 128
1757 35 37
1758 35 40
1759 35 42
1760 35 43
1761 35 47
1762 35 48
1763 35 59
1764 35 65
1765 35 68
1766 35 70
1767 35 72
1768 35 73
1769 35 77
1770 35 80
1771 35 81
1772 35 85
1773 35 86
1774 35 87
1775 35 93
1776 35 96
1777 35 97
1778 35 105
1779 35 106
1780 35 111
1781 35 117
1782 35 118
1783 35 119
1784 35 121
1785 35 122
1786 35 124
1787 35 128
1788 36 51
1789 36 57
1790 36 58
1791 36 62
1792 36 63
1793 36 95
1794 36 102
1795 36 108
1796 36 113
1797 36 127
1798 36 129
1799 37 38
1800 37 39
1801 37 40
1802 37 42
1803 37 43
1804 37 47
1805 37 52
1806 37 54
1807 37 55
1808 37 56
1809 37 59
1810 37 60
1811 37 61
1812 37 65
1813 37 66
1814 37 67
1815 37 68
1816 37 69
1817 37 71
1818 37 72
1819 37 73
1820 37 74
1821 37 75
1822 37 76
1823 37 77
1824 37 78
1825 37 79
1826 37 80
1827 37 81
1828 37 82
1829 37 85
1830 37 86
1831 37 87
1832 37 88
1833 37 89
1834 37 91
1835 37 92
1836 37 93
1837 37 96
1838 37 97
1839 37 98
1840 37 99
1841 37 100
1842 37 101
1843 37 103
1844 37 104
1845 37 105
1846 37 106
1847 37 107
1848 37 109
1849 37 110
1850 37 111
1851 37 112
1852 37 114
1853 37 115
1854 37 116
1855 37 117
1856 37 118
1857 37 119
1858 37 120
1859 37 121
1860 37 122
1861 37 123
1862 37 124
1863 37 125
1864 37 126
1865 37 128
1866 38 39
1867 38 40
1868 38 42
1869 38 47
1870 38 52
1871 38 54
1872 38 55
1873 38 59
1874 38 60
1875 38 61
1876 38 65
1877 38 66
1878 38 67
1879 38 68
1880 38 69
1881 38 71
1882 38 72
1883 38 73
1884 38 74
1885 38 75
1886 38 76
1887 38 78
1888 38 79
1889 38 80
1890 38 81
1891 38 85
1892 38 86
1893 38 87
1894 38 88
1895 38 89
1896 38 91
1897 38 92
1898 38 96
1899 38 97
1900 38 98
1901 38 99
1902 38 101
1903 38 103
1904 38 104
1905 38 105
1906 38 106
1907 38 107
1908 38 109
1909 38 110
1910 38 111
1911 38 112
1912 38 114
1913 38 115
1914 38 116
1915 38 117
1916 38 118
1917 38 119
1918 38 120
1919 38 121
1920 38 123
1921 38 124
1922 38 126
1923 38 128
1924 39 40
1925 39 42
1926 39 47
1927 39 52
1928 39 54
1929 39 55
1930 39 59
1931 39 60
1932 39 61
1933 39 65
1934 39 66
1935 39 67
1936 39 68
1937 39 69
1938 39 71
1939 39 72
1940 39 73
1941 39 74
1942 39 75
1943 39 76
1944 39 78
1945 39 79
1946 39 80
1947 39 85
1948 39 86
1949 39 87
1950 39 88
1951 39 89
1952 39 91
1953 39 92
1954 39 96
1955 39 97
1956 39 98
1957 39 99
1958 39 101
1959 39 103
1960 39 104
1961 39 105
1962 39 106
1963 39 107
1964 39 109
1965 39 110
1966 39 111
1967 39 112
1968 39 114
1969 39 115
1970 39 116
1971 39 117
1972 39 118
1973 39 119
1974 39 120
1975 39 121
1976 39 123
1977 39 126
1978 39 128
1979 40 42
1980 40 43
1981 40 44
1982 40 46
1983 40 47
1984 40 48
1985 40 52
1986 40 54
1987 40 55
1988 40 56
1989 40 59
1990 40 60
1991 40 61
1992 40 65
1993 40 66
1994 40 67
1995 40 68
1996 40 69
1997 40 71
1998 40 72
1999 40 73
2000 40 74
2001 40 75
2002 40 76
2003 40 77
2004 40 78
2005 40 79
2006 40 80
2007 40 81
2008 40 85
2009 40 86
2010 40 87
2011 40 88
2012 40 89
2013 40 91
2014 40 92
2015 40 93
2016 40 96
2017 40 97
2018 40 98
2019 40 99
2020 40 100
2021 40 101
2022 40 103
2023 40 104
2024 40 105
2025 40 106
2026 40 107
2027 40 109
2028 40 110
2029 40 111
2030 40 112
2031 40 114
2032 40 115
2033 40 116
2034 40 117
2035 40 118
2036 40 119
2037 40 120
2038 40 121
2039 40 122
2040 40 123
2041 40 124
2042 40 126
2043 40 128
2044 41 45
2045 41 49
2046 41 57
2047 41 63
2048 41 64
2049 41 83
2050 41 94
2051 41 108
2052 42 43
2053 42 44
2054 42 47
2055 42 52
2056 42 54
2057 42 55
2058 42 56
2059 42 59
2060 42 60
2061 42 61
2062 42 65
2063 42 66
2064 42 67
2065 42 68
2066 42 69
2067 42 71
2068 42 72
2069 42 73
2070 42 74
2071 42 75
2072 42 76
2073 42 77
2074 42 78
2075 42 79
2076 42 80
2077 42 81
2078 42 85
2079 42 86
2080 42 87
2081 42 88
2082 42 89
2083 42 91
2084 42 92
2085 42 93
2086 42 96
2087 42 97
2088 42 98
2089 42 99
2090 42 101
2091 42 103
2092 42 104
2093 42 105
2094 42 106
2095 42 107
2096 42 109
2097 42 110
2098 42 111
2099 42 112
2100 42 114
2101 42 115
2102 42 116
2103 42 117
2104 42 118
2105 42 119
2106 42 120
2107 42 121
2108 42 122
2109 42 123
2110 42 124
2111 42 126
2112 42 128
2113 43 46
2114 43 47
2115 43 48
2116 43 52
2117 43 54
2118 43 55
2119 43 56
2120 43 59
2121 43 61
2122 43 65
2123 43 66
2124 43 67
2125 43 68
2126 43 69
2127 43 71
2128 43 72
2129 43 73
2130 43 76
2131 43 77
2132 43 79
2133 43 80
2134 43 81
2135 43 85
2136 43 86
2137 43 87
2138 43 89
2139 43 91
2140 43 92
2141 43 93
2142 43 96
2143 43 97
2144 43 98
2145 43 99
2146 43 100
2147 43 101
2148 43 103
2149 43 105
2150 43 106
2151 43 107
2152 43 109
2153 43 111
2154 43 112
2155 43 114
2156 43 115
2157 43 117
2158 43 118
2159 43 119
2160 43 121
2161 43 123
2162 43 124
2163 43 128
2164 44 47
2165 44 72
2166 44 80
2167 44 87
2168 44 91
2169 44 97
2170 44 101
2171 44 103
2172 44 105
2173 44 111
2174 44 118
2175 44 121
2176 44 122
2177 45 49
2178 45 50
2179 45 57
2180 45 63
2181 45 64
2182 45 73
2183 45 90
2184 45 91
2185 45 94
2186 45 95
2187 45 108
2188 45 127
2189 46 47
2190 46 59
2191 46 66
2192 46 67
2193 46 68
2194 46 79
2195 46 80
2196 46 81
2197 46 85
2198 46 86
2199 46 87
2200 46 89
2201 46 93
2202 46 96
2203 46 97
2204 46 100
2205 46 101
2206 46 103
2207 46 105
2208 46 106
2209 46 111
2210 46 115
2211 46 119
2212 46 121
2213 46 122
2214 46 124
2215 46 128
2216 47 48
2217 47 52
2218 47 54
2219 47 55
2220 47 56
2221 47 59
2222 47 60
2223 47 61
2224 47 65
2225 47 66
2226 47 67
2227 47 68
2228 47 69
2229 47 71
2230 47 72
2231 47 73
2232 47 74
2233 47 75
2234 47 76
2235 47 77
2236 47 78
2237 47 79
2238 47 80
2239 47 81
2240 47 85
2241 47 86
2242 47 87
2243 47 88
2244 47 89
2245 47 91
2246 47 92
2247 47 93
2248 47 96
2249 47 97
2250 47 98
2251 47 99
2252 47 100
2253 47 101
2254 47 103
2255 47 104
2256 47 105
2257 47 106
2258 47 107
2259 47 109
2260 47 110
2261 47 111
2262 47 112
2263 47 114
2264 47 115
2265 47 116
2266 47 117
2267 47 118
2268 47 119
2269 47 120
2270 47 121
2271 47 122
2272 47 123
2273 47 124
2274 47 126
2275 47 128
2276 48 56
2277 48 59
2278 48 77
2279 48 80
2280 48 86
2281 48 93
2282 48 97
2283 48 106
2284 48 119
2285 48 121
2286 49 51
2287 49 57
2288 49 58
2289 49 62
2290 49 63
2291 49 64
2292 49 71
2293 49 83
2294 49 94
2295 49 95
2296 49 108
2297 49 113
2298 49 114
2299 49 127
2300 49 129
2301 50 63
2302 50 64
2303 50 90
2304 50 94
2305 50 95
2306 50 108
2307 51 57
2308 51 58
2309 51 62
2310 51 63
2311 51 95
2312 51 102
2313 51 108
2314 51 113
2315 51 127
2316 51 129
2317 52 54
2318 52 55
2319 52 60
2320 52 61
2321 52 65
2322 52 66
2323 52 67
2324 52 68
2325 52 69
2326 52 71
2327 52 72
2328 52 73
2329 52 74
2330 52 75
2331 52 76
2332 52 78
2333 52 79
2334 52 80
2335 52 86
2336 52 87
2337 52 88
2338 52 89
2339 52 91
2340 52 92
2341 52 96
2342 52 97
2343 52 98
2344 52 99
2345 52 101
2346 52 103
2347 52 104
2348 52 105
2349 52 106
2350 52 107
2351 52 109
2352 52 110
2353 52 111
2354 52 112
2355 52 114
2356 52 115
2357 52 116
2358 52 117
2359 52 118
2360 52 119
2361 52 120
2362 52 121
2363 52 123
2364 52 126
2365 52 128
2366 53 84
2367 54 55
2368 54 56
2369 54 59
2370 54 60
2371 54 61
2372 54 65
2373 54 66
2374 54 67
2375 54 68
2376 54 69
2377 54 71
2378 54 72
2379 54 73
2380 54 74
2381 54 75
2382 54 76
2383 54 78
2384 54 79
2385 54 80
2386 54 81
2387 54 85
2388 54 86
2389 54 87
2390 54 88
2391 54 89
2392 54 91
2393 54 92
2394 54 93
2395 54 96
2396 54 97
2397 54 98
2398 54 99
2399 54 101
2400 54 103
2401 54 104
2402 54 105
2403 54 106
2404 54 107
2405 54 109
2406 54 110
2407 54 111
2408 54 112
2409 54 114
2410 54 115
2411 54 116
2412 54 117
2413 54 118
2414 54 119
2415 54 120
2416 54 121
2417 54 122
2418 54 123
2419 54 124
2420 54 126
2421 54 128
2422 55 60
2423 55 61
2424 55 65
2425 55 66
2426 55 67
2427 55 68
2428 55 69
2429 55 71
2430 55 72
2431 55 73
2432 55 74
2433 55 75
2434 55 76
2435 55 78
2436 55 79
2437 55 80
2438 55 86
2439 55 87
2440 55 88
2441 55 89
2442 55 91
2443 55 92
2444 55 96
2445 55 97
2446 55 98
2447 55 99
2448 55 101
2449 55 103
2450 55 104
2451 55 105
2452 55 106
2453 55 107
2454 55 109
2455 55 110
2456 55 111
2457 55 112
2458 55 114
2459 55 115
2460 55 116
2461 55 117
2462 55 118
2463 55 120
2464 55 121
2465 55 123
2466 55 126
2467 55 128
2468 56 59
2469 56 61
2470 56 67
2471 56 68
2472 56 69
2473 56 72
2474 56 73
2475 56 76
2476 56 78
2477 56 80
2478 56 81
2479 56 85
2480 56 86
2481 56 87
2482 56 89
2483 56 91
2484 56 93
2485 56 97
2486 56 101
2487 56 103
2488 56 105
2489 56 106
2490 56 111
2491 56 112
2492 56 115
2493 56 116
2494 56 117
2495 56 118
2496 56 119
2497 56 121
2498 56 124
2499 56 128
2500 57 58
2501 57 62
2502 57 63
2503 57 64
2504 57 69
2505 57 71
2506 57 83
2507 57 90
2508 57 91
2509 57 94
2510 57 95
2511 57 102
2512 57 108
2513 57 114
2514 57 127
2515 58 62
2516 58 63
2517 58 94
2518 58 95
2519 58 102
2520 58 108
2521 58 113
2522 58 127
2523 58 129
2524 59 61
2525 59 65
2526 59 66
2527 59 67
2528 59 68
2529 59 69
2530 59 71
2531 59 72
2532 59 73
2533 59 76
2534 59 77
2535 59 78
2536 59 79
2537 59 80
2538 59 81
2539 59 85
2540 59 86
2541 59 87
2542 59 89
2543 59 91
2544 59 92
2545 59 93
2546 59 96
2547 59 97
2548 59 99
2549 59 100
2550 59 101
2551 59 103
2552 59 105
2553 59 106
2554 59 111
2555 59 112
2556 59 114
2557 59 115
2558 59 116
2559 59 117
2560 59 118
2561 59 119
2562 59 121
2563 59 122
2564 59 124
2565 59 128
2566 60 61
2567 60 65
2568 60 68
2569 60 69
2570 60 71
2571 60 72
2572 60 73
2573 60 74
2574 60 75
2575 60 76
2576 60 78
2577 60 79
2578 60 87
2579 60 88
2580 60 89
2581 60 91
2582 60 92
2583 60 96
2584 60 99
2585 60 101
2586 60 103
2587 60 104
2588 60 105
2589 60 109
2590 60 110
2591 60 112
2592 60 114
2593 60 115
2594 60 116
2595 60 117
2596 60 118
2597 60 120
2598 60 121
2599 60 123
2600 60 126
2601 60 128
2602 61 65
2603 61 66
2604 61 67
2605 61 68
2606 61 69
2607 61 71
2608 61 72
2609 61 73
2610 61 74
2611 61 75
2612 61 76
2613 61 78
2614 61 79
2615 61 80
2616 61 85
2617 61 86
2618 61 87
2619 61 88
2620 61 89
2621 61 91
2622 61 92
2623 61 93
2624 61 96
2625 61 97
2626 61 98
2627 61 99
2628 61 101
2629 61 103
2630 61 104
2631 61 105
2632 61 106
2633 61 107
2634 61 109
2635 61 110
2636 61 111
2637 61 112
2638 61 114
2639 61 115
2640 61 116
2641 61 117
2642 61 118
2643 61 119
2644 61 120
2645 61 121
2646 61 122
2647 61 123
2648 61 126
2649 61 128
2650 62 63
2651 62 95
2652 62 102
2653 62 108
2654 62 113
2655 62 127
2656 62 129
2657 63 64
2658 63 83
2659 63 90
2660 63 94
2661 63 95
2662 63 108
2663 63 127
2664 64 69
2665 64 73
2666 64 83
2667 64 90
2668 64 91
2669 64 94
2670 64 95
2671 64 108
2672 64 114
2673 64 127
2674 65 66
2675 65 67
2676 65 68
2677 65 69
2678 65 71
2679 65 72
2680 65 73
2681 65 74
2682 65 75
2683 65 76
2684 65 78
2685 65 79
2686 65 80
2687 65 81
2688 65 85
2689 65 86
2690 65 87
2691 65 88
2692 65 89
2693 65 91
2694 65 92
2695 65 93
2696 65 96
2697 65 97
2698 65 98
2699 65 99
2700 65 101
2701 65 103
2702 65 104
2703 65 105
2704 65 106
2705 65 107
2706 65 109
2707 65 110
2708 65 111
2709 65 112
2710 65 114
2711 65 115
2712 65 116
2713 65 117
2714 65 118
2715 65 119
2716 65 120
2717 65 121
2718 65 122
2719 65 123
2720 65 126
2721 65 128
2722 66 67
2723 66 68
2724 66 69
2725 66 71
2726 66 72
2727 66 73
2728 66 74
2729 66 75
2730 66 76
2731 66 78
2732 66 79
2733 66 80
2734 66 81
2735 66 85
2736 66 86
2737 66 87
2738 66 88
2739 66 89
2740 66 91
2741 66 92
2742 66 93
2743 66 96
2744 66 97
2745 66 99
2746 66 100
2747 66 101
2748 66 103
2749 66 104
2750 66 105
2751 66 106
2752 66 109
2753 66 110
2754 66 111
2755 66 112
2756 66 114
2757 66 115
2758 66 116
2759 66 117
2760 66 118
2761 66 119
2762 66 120
2763 66 121
2764 66 122
2765 66 123
2766 66 124
2767 66 126
2768 66 128
2769 67 68
2770 67 69
2771 67 71
2772 67 72
2773 67 73
2774 67 75
2775 67 76
2776 67 78
2777 67 79
2778 67 80
2779 67 81
2780 67 85
2781 67 86
2782 67 87
2783 67 88
2784 67 89
2785 67 91
2786 67 92
2787 67 93
2788 67 96
2789 67 97
2790 67 99
2791 67 100
2792 67 101
2793 67 103
2794 67 104
2795 67 105
2796 67 106
2797 67 107
2798 67 109
2799 67 110
2800 67 111
2801 67 114
2802 67 115
2803 67 116
2804 67 117
2805 67 118
2806 67 119
2807 67 120
2808 67 121
2809 67 122
2810 67 123
2811 67 124
2812 67 126
2813 67 128
2814 68 69
2815 68 71
2816 68 72
2817 68 73
2818 68 74
2819 68 75
2820 68 76
2821 68 77
2822 68 78
2823 68 79
2824 68 80
2825 68 85
2826 68 86
2827 68 87
2828 68 88
2829 68 89
2830 68 91
2831 68 92
2832 68 96
2833 68 97
2834 68 98
2835 68 99
2836 68 101
2837 68 103
2838 68 104
2839 68 105
2840 68 106
2841 68 107
2842 68 109
2843 68 110
2844 68 111
2845 68 112
2846 68 114
2847 68 115
2848 68 116
2849 68 117
2850 68 118
2851 68 119
2852 68 120
2853 68 121
2854 68 122
2855 68 123
2856 68 126
2857 68 128
2858 69 71
2859 69 72
2860 69 73
2861 69 74
2862 69 75
2863 69 76
2864 69 78
2865 69 79
2866 69 80
2867 69 81
2868 69 82
2869 69 85
2870 69 86
2871 69 87
2872 69 88
2873 69 89
2874 69 91
2875 69 92
2876 69 93
2877 69 96
2878 69 97
2879 69 98
2880 69 99
2881 69 100
2882 69 101
2883 69 103
2884 69 104
2885 69 105
2886 69 106
2887 69 107
2888 69 109
2889 69 110
2890 69 111
2891 69 112
2892 69 114
2893 69 115
2894 69 116
2895 69 117
2896 69 118
2897 69 119
2898 69 120
2899 69 121
2900 69 122
2901 69 123
2902 69 124
2903 69 125
2904 69 126
2905 69 128
2906 70 119
2907 71 72
2908 71 73
2909 71 74
2910 71 75
2911 71 76
2912 71 78
2913 71 79
2914 71 80
2915 71 81
2916 71 82
2917 71 85
2918 71 86
2919 71 87
2920 71 88
2921 71 89
2922 71 91
2923 71 92
2924 71 93
2925 71 96
2926 71 97
2927 71 98
2928 71 99
2929 71 101
2930 71 103
2931 71 104
2932 71 105
2933 71 106
2934 71 107
2935 71 109
2936 71 110
2937 71 111
2938 71 112
2939 71 114
2940 71 115
2941 71 116
2942 71 117
2943 71 118
2944 71 119
2945 71 120
2946 71 121
2947 71 122
2948 71 123
2949 71 124
2950 71 125
2951 71 126
2952 71 128
2953 72 73
2954 72 74
2955 72 75
2956 72 76
2957 72 77
2958 72 78
2959 72 79
2960 72 80
2961 72 81
2962 72 82
2963 72 85
2964 72 86
2965 72 87
2966 72 88
2967 72 89
2968 72 91
2969 72 92
2970 72 93
2971 72 96
2972 72 97
2973 72 98
2974 72 99
2975 72 101
2976 72 103
2977 72 104
2978 72 105
2979 72 106
2980 72 107
2981 72 109
2982 72 110
2983 72 111
2984 72 112
2985 72 114
2986 72 115
2987 72 116
2988 72 117
2989 72 118
2990 72 119
2991 72 120
2992 72 121
2993 72 122
2994 72 123
2995 72 124
2996 72 125
2997 72 126
2998 72 128
2999 73 74
3000 73 75
3001 73 76
3002 73 77
3003 73 78
3004 73 79
3005 73 80
3006 73 85
3007 73 86
3008 73 87
3009 73 88
3010 73 89
3011 73 91
3012 73 92
3013 73 93
3014 73 94
3015 73 96
3016 73 97
3017 73 98
3018 73 99
3019 73 101
3020 73 103
3021 73 104
3022 73 105
3023 73 106
3024 73 107
3025 73 109
3026 73 110
3027 73 111
3028 73 112
3029 73 114
3030 73 115
3031 73 116
3032 73 117
3033 73 118
3034 73 119
3035 73 120
3036 73 121
3037 73 122
3038 73 123
3039 73 126
3040 73 128
3041 74 75
3042 74 76
3043 74 78
3044 74 79
3045 74 80
3046 74 87
3047 74 89
3048 74 91
3049 74 92
3050 74 96
3051 74 97
3052 74 98
3053 74 99
3054 74 101
3055 74 103
3056 74 104
3057 74 105
3058 74 107
3059 74 109
3060 74 110
3061 74 111
3062 74 112
3063 74 114
3064 74 115
3065 74 116
3066 74 117
3067 74 118
3068 74 120
3069 74 121
3070 74 123
3071 74 126
3072 74 128
3073 75 76
3074 75 78
3075 75 79
3076 75 80
3077 75 87
3078 75 88
3079 75 89
3080 75 91
3081 75 92
3082 75 96
3083 75 97
3084 75 98
3085 75 99
3086 75 101
3087 75 103
3088 75 104
3089 75 105
3090 75 106
3091 75 107
3092 75 109
3093 75 110
3094 75 111
3095 75 112
3096 75 114
3097 75 115
3098 75 116
3099 75 117
3100 75 118
3101 75 119
3102 75 120
3103 75 121
3104 75 123
3105 75 126
3106 75 128
3107 76 78
3108 76 79
3109 76 80
3110 76 82
3111 76 86
3112 76 87
3113 76 88
3114 76 89
3115 76 91
3116 76 92
3117 76 93
3118 76 96
3119 76 97
3120 76 98
3121 76 99
3122 76 101
3123 76 103
3124 76 104
3125 76 105
3126 76 106
3127 76 107
3128 76 109
3129 76 110
3130 76 111
3131 76 112
3132 76 114
3133 76 115
3134 76 116
3135 76 117
3136 76 118
3137 76 119
3138 76 120
3139 76 121
3140 76 123
3141 76 125
3142 76 126
3143 76 128
3144 77 80
3145 77 81
3146 77 85
3147 77 86
3148 77 87
3149 77 93
3150 77 96
3151 77 97
3152 77 105
3153 77 106
3154 77 111
3155 77 118
3156 77 119
3157 77 121
3158 77 122
3159 77 124
3160 77 128
3161 78 79
3162 78 80
3163 78 85
3164 78 87
3165 78 88
3166 78 89
3167 78 91
3168 78 92
3169 78 96
3170 78 97
3171 78 98
3172 78 99
3173 78 101
3174 78 103
3175 78 104
3176 78 105
3177 78 106
3178 78 107
3179 78 109
3180 78 110
3181 78 111
3182 78 112
3183 78 114
3184 78 115
3185 78 116
3186 78 117
3187 78 118
3188 78 119
3189 78 120
3190 78 121
3191 78 123
3192 78 126
3193 78 128
3194 79 80
3195 79 81
3196 79 82
3197 79 85
3198 79 86
3199 79 87
3200 79 88
3201 79 89
3202 79 91
3203 79 92
3204 79 93
3205 79 94
3206 79 96
3207 79 97
3208 79 98
3209 79 99
3210 79 100
3211 79 101
3212 79 103
3213 79 104
3214 79 105
3215 79 107
3216 79 109
3217 79 110
3218 79 111
3219 79 112
3220 79 114
3221 79 115
3222 79 116
3223 79 117
3224 79 118
3225 79 119
3226 79 120
3227 79 121
3228 79 122
3229 79 123
3230 79 124
3231 79 125
3232 79 126
3233 79 127
3234 79 128
3235 80 81
3236 80 85
3237 80 86
3238 80 87
3239 80 88
3240 80 89
3241 80 91
3242 80 92
3243 80 93
3244 80 96
3245 80 97
3246 80 98
3247 80 99
3248 80 100
3249 80 101
3250 80 103
3251 80 104
3252 80 105
3253 80 106
3254 80 107
3255 80 109
3256 80 110
3257 80 111
3258 80 112
3259 80 114
3260 80 115
3261 80 116
3262 80 117
3263 80 118
3264 80 119
3265 80 120
3266 80 121
3267 80 122
3268 80 123
3269 80 124
3270 80 126
3271 80 128
3272 81 85
3273 81 86
3274 81 87
3275 81 89
3276 81 91
3277 81 93
3278 81 96
3279 81 97
3280 81 99
3281 81 100
3282 81 101
3283 81 103
3284 81 105
3285 81 106
3286 81 111
3287 81 114
3288 81 115
3289 81 116
3290 81 118
3291 81 119
3292 81 121
3293 81 124
3294 81 128
3295 82 89
3296 82 91
3297 82 101
3298 82 103
3299 82 114
3300 82 117
3301 82 125
3302 83 94
3303 83 95
3304 83 112
3305 83 113
3306 83 114
3307 85 86
3308 85 87
3309 85 88
3310 85 89
3311 85 91
3312 85 93
3313 85 96
3314 85 97
3315 85 99
3316 85 100
3317 85 101
3318 85 103
3319 85 105
3320 85 106
3321 85 107
3322 85 111
3323 85 112
3324 85 114
3325 85 115
3326 85 116
3327 85 117
3328 85 118
3329 85 119
3330 85 121
3331 85 122
3332 85 124
3333 85 128
3334 86 87
3335 86 89
3336 86 91
3337 86 92
3338 86 93
3339 86 96
3340 86 97
3341 86 99
3342 86 100
3343 86 101
3344 86 103
3345 86 105
3346 86 106
3347 86 109
3348 86 111
3349 86 112
3350 86 114
3351 86 115
3352 86 116
3353 86 117
3354 86 118
3355 86 119
3356 86 120
3357 86 121
3358 86 122
3359 86 123
3360 86 124
3361 86 126
3362 86 128
3363 87 88
3364 87 89
3365 87 91
3366 87 92
3367 87 93
3368 87 96
3369 87 97
3370 87 98
3371 87 99
3372 87 100
3373 87 101
3374 87 103
3375 87 104
3376 87 105
3377 87 106
3378 87 107
3379 87 109
3380 87 110
3381 87 111
3382 87 112
3383 87 114
3384 87 115
3385 87 116
3386 87 117
3387 87 118
3388 87 119
3389 87 120
3390 87 121
3391 87 122
3392 87 123
3393 87 124
3394 87 126
3395 87 128
3396 88 89
3397 88 91
3398 88 92
3399 88 96
3400 88 97
3401 88 99
3402 88 101
3403 88 103
3404 88 104
3405 88 109
3406 88 110
3407 88 111
3408 88 112
3409 88 114
3410 88 115
3411 88 116
3412 88 117
3413 88 118
3414 88 120
3415 88 121
3416 88 123
3417 88 126
3418 88 128
3419 89 91
3420 89 92
3421 89 93
3422 89 96
3423 89 97
3424 89 98
3425 89 99
3426 89 100
3427 89 101
3428 89 103
3429 89 104
3430 89 105
3431 89 106
3432 89 107
3433 89 109
3434 89 110
3435 89 111
3436 89 112
3437 89 114
3438 89 115
3439 89 116
3440 89 117
3441 89 118
3442 89 119
3443 89 120
3444 89 121
3445 89 122
3446 89 123
3447 89 124
3448 89 125
3449 89 126
3450 89 128
3451 90 94
3452 90 95
3453 90 108
3454 91 92
3455 91 93
3456 91 94
3457 91 96
3458 91 97
3459 91 98
3460 91 99
3461 91 100
3462 91 101
3463 91 103
3464 91 104
3465 91 105
3466 91 106
3467 91 107
3468 91 109
3469 91 110
3470 91 111
3471 91 112
3472 91 114
3473 91 115
3474 91 116
3475 91 117
3476 91 118
3477 91 119
3478 91 120
3479 91 121
3480 91 122
3481 91 123
3482 91 124
3483 91 125
3484 91 126
3485 91 128
3486 92 93
3487 92 96
3488 92 97
3489 92 98
3490 92 99
3491 92 101
3492 92 103
3493 92 104
3494 92 105
3495 92 106
3496 92 107
3497 92 109
3498 92 110
3499 92 111
3500 92 112
3501 92 114
3502 92 115
3503 92 116
3504 92 117
3505 92 118
3506 92 120
3507 92 121
3508 92 123
3509 92 126
3510 92 128
3511 93 96
3512 93 97
3513 93 99
3514 93 100
3515 93 101
3516 93 103
3517 93 105
3518 93 106
3519 93 111
3520 93 112
3521 93 114
3522 93 115
3523 93 117
3524 93 118
3525 93 119
3526 93 121
3527 93 122
3528 93 123
3529 93 124
3530 93 128
3531 94 95
3532 94 102
3533 94 108
3534 94 113
3535 94 114
3536 94 127
3537 95 108
3538 95 127
3539 96 97
3540 96 98
3541 96 99
3542 96 101
3543 96 103
3544 96 104
3545 96 105
3546 96 106
3547 96 107
3548 96 109
3549 96 110
3550 96 111
3551 96 112
3552 96 114
3553 96 115
3554 96 116
3555 96 117
3556 96 118
3557 96 119
3558 96 120
3559 96 121
3560 96 122
3561 96 123
3562 96 124
3563 96 126
3564 96 128
3565 97 98
3566 97 99
3567 97 100
3568 97 101
3569 97 103
3570 97 104
3571 97 105
3572 97 106
3573 97 107
3574 97 109
3575 97 110
3576 97 111
3577 97 112
3578 97 114
3579 97 115
3580 97 116
3581 97 117
3582 97 118
3583 97 119
3584 97 120
3585 97 121
3586 97 122
3587 97 123
3588 97 124
3589 97 126
3590 97 128
3591 98 99
3592 98 101
3593 98 103
3594 98 104
3595 98 105
3596 98 107
3597 98 109
3598 98 110
3599 98 111
3600 98 112
3601 98 114
3602 98 115
3603 98 116
3604 98 117
3605 98 118
3606 98 120
3607 98 121
3608 98 123
3609 98 126
3610 98 128
3611 99 101
3612 99 103
3613 99 104
3614 99 105
3615 99 106
3616 99 107
3617 99 109
3618 99 110
3619 99 111
3620 99 112
3621 99 114
3622 99 115
3623 99 116
3624 99 117
3625 99 118
3626 99 119
3627 99 120
3628 99 121
3629 99 122
3630 99 123
3631 99 124
3632 99 126
3633 99 128
3634 100 101
3635 100 103
3636 100 105
3637 100 106
3638 100 111
3639 100 115
3640 100 119
3641 100 121
3642 100 124
3643 100 128
3644 101 103
3645 101 104
3646 101 105
3647 101 106
3648 101 107
3649 101 109
3650 101 110
3651 101 111
3652 101 112
3653 101 114
3654 101 115
3655 101 116
3656 101 117
3657 101 118
3658 101 119
3659 101 120
3660 101 121
3661 101 122
3662 101 123
3663 101 124
3664 101 125
3665 101 126
3666 101 128
3667 102 113
3668 102 127
3669 102 129
3670 103 104
3671 103 105
3672 103 106
3673 103 107
3674 103 109
3675 103 110
3676 103 111
3677 103 112
3678 103 114
3679 103 115
3680 103 116
3681 103 117
3682 103 118
3683 103 119
3684 103 120
3685 103 121
3686 103 122
3687 103 123
3688 103 124
3689 103 125
3690 103 126
3691 103 128
3692 104 105
3693 104 107
3694 104 109
3695 104 110
3696 104 111
3697 104 112
3698 104 114
3699 104 115
3700 104 116
3701 104 117
3702 104 118
3703 104 119
3704 104 120
3705 104 121
3706 104 123
3707 104 126
3708 104 128
3709 105 106
3710 105 107
3711 105 109
3712 105 110
3713 105 111
3714 105 112
3715 105 114
3716 105 115
3717 105 116
3718 105 117
3719 105 118
3720 105 119
3721 105 120
3722 105 121
3723 105 122
3724 105 123
3725 105 124
3726 105 126
3727 105 128
3728 106 109
3729 106 111
3730 106 112
3731 106 114
3732 106 115
3733 106 116
3734 106 117
3735 106 118
3736 106 119
3737 106 120
3738 106 121
3739 106 122
3740 106 123
3741 106 124
3742 106 126
3743 106 128
3744 107 109
3745 107 110
3746 107 111
3747 107 112
3748 107 114
3749 107 115
3750 107 116
3751 107 117
3752 107 118
3753 107 120
3754 107 121
3755 107 123
3756 107 126
3757 107 128
3758 108 127
3759 109 110
3760 109 111
3761 109 112
3762 109 114
3763 109 115
3764 109 116
3765 109 117
3766 109 118
3767 109 120
3768 109 121
3769 109 123
3770 109 126
3771 109 128
3772 110 111
3773 110 112
3774 110 114
3775 110 115
3776 110 116
3777 110 117
3778 110 118
3779 110 120
3780 110 121
3781 110 123
3782 110 126
3783 110 128
3784 111 112
3785 111 114
3786 111 115
3787 111 116
3788 111 117
3789 111 118
3790 111 119
3791 111 120
3792 111 121
3793 111 122
3794 111 123
3795 111 124
3796 111 126
3797 111 128
3798 112 114
3799 112 115
3800 112 116
3801 112 117
3802 112 118
3803 112 119
3804 112 120
3805 112 121
3806 112 122
3807 112 123
3808 112 126
3809 112 128
3810 113 127
3811 113 129
3812 114 115
3813 114 116
3814 114 117
3815 114 118
3816 114 119
3817 114 120
3818 114 121
3819 114 122
3820 114 123
3821 114 124
3822 114 125
3823 114 126
3824 114 128
3825 115 116
3826 115 117
3827 115 118
3828 115 119
3829 115 120
3830 115 121
3831 115 122
3832 115 123
3833 115 124
3834 115 126
3835 115 128
3836 116 117
3837 116 118
3838 116 120
3839 116 121
3840 116 123
3841 116 124
3842 116 126
3843 116 128
3844 117 118
3845 117 119
3846 117 120
3847 117 121
3848 117 122
3849 117 123
3850 117 125
3851 117 126
3852 117 128
3853 118 119
3854 118 120
3855 118 121
3856 118 122
3857 118 123
3858 118 124
3859 118 126
3860 118 128
3861 119 120
3862 119 121
3863 119 122
3864 119 123
3865 119 124
3866 119 126
3867 119 128
3868 120 121
3869 120 123
3870 120 126
3871 120 128
3872 121 122
3873 121 123
3874 121 124
3875 121 126
3876 121 128
3877 122 128
3878 123 126
3879 123 128
3880 124 128
3881 126 128
3882 127 129
