1 1 2
2 1 3
3 1 4
4 1 5
5 1 6
6 1 7
7 1 8
8 1 9
9 1 10
10 1 12
11 1 13
12 1 14
13 1 15
14 1 16
15 1 17
16 1 18
17 1 19
18 1 20
19 1 21
20 1 22
21 1 23
22 1 24
23 1 25
24 1 27
25 1 28
26 1 29
27 1 30
28 1 31
29 1 32
30 1 33
31 1 34
32 1 35
33 1 36
34 1 37
35 1 38
36 1 39
37 1 40
38 1 41
39 1 42
40 1 43
41 1 44
42 1 45
43 1 46
44 1 47
45 1 48
46 1 49
47 1 50
48 1 51
49 1 52
50 1 53
51 1 54
52 1 55
53 1 56
54 1 57
55 1 58
56 1 59
57 1 60
58 1 61
59 1 62
60 1 63
61 1 64
62 1 65
63 1 66
64 1 67
65 1 68
66 1 69
67 1 70
68 1 71
69 1 72
70 1 73
71 1 74
72 1 75
73 1 76
74 1 77
75 1 78
76 1 79
77 1 80
78 1 81
79 1 82
80 1 83
81 1 84
82 1 85
83 1 86
84 1 87
85 1 88
86 1 89
87 1 90
88 1 91
89 1 92
90 1 93
91 1 94
92 1 95
93 1 96
94 1 97
95 1 98
96 1 99
97 1 100
98 1 101
99 1 102
100 1 103
101 1 104
102 1 105
103 1 106
104 1 107
105 1 108
106 1 109
107 1 110
108 1 111
109 1 112
110 1 113
111 1 114
112 1 115
113 1 116
114 1 117
115 1 118
116 1 119
117 1 120
118 1 121
119 1 122
120 1 123
121 1 124
122 1 125
123 1 126
124 1 127
125 1 128
126 1 129
127 2 3
128 2 4
129 2 5
130 2 6
131 2 7
132 2 8
133 2 9
134 2 10
135 2 12
136 2 13
137 2 14
138 2 15
139 2 16
140 2 17
141 2 18
142 2 19
143 2 20
144 2 21
145 2 22
146 2 23
147 2 24
148 2 25
149 2 26
150 2 27
151 2 28
152 2 29
153 2 30
154 2 31
155 2 32
156 2 33
157 2 34
158 2 35
159 2 36
160 2 37
161 2 38
162 2 39
163 2 40
164 2 41
165 2 42
166 2 43
167 2 44
168 2 45
169 2 46
170 2 47
171 2 48
172 2 49
173 2 50
174 2 51
175 2 52
176 2 53
177 2 54
178 2 55
179 2 56
180 2 57
181 2 58
182 2 59
183 2 60
184 2 61
185 2 62
186 2 63
187 2 64
188 2 65
189 2 66
190 2 67
191 2 68
192 2 69
193 2 70
194 2 71
195 2 72
196 2 73
197 2 74
198 2 75
199 2 76
200 2 77
201 2 78
202 2 79
203 2 80
204 2 81
205 2 82
206 2 83
207 2 84
208 2 85
209 2 86
210 2 87
211 2 88
212 2 89
213 2 90
214 2 91
215 2 92
216 2 93
217 2 94
218 2 95
219 2 96
220 2 97
221 2 98
222 2 99
223 2 100
224 2 101
225 2 102
226 2 103
227 2 104
228 2 105
229 2 106
230 2 107
231 2 108
232 2 109
233 2 110
234 2 111
235 2 112
236 2 113
237 2 114
238 2 115
239 2 116
240 2 117
241 2 118
242 2 119
243 2 120
244 2 121
245 2 122
246 2 123
247 2 124
248 2 125
249 2 126
250 2 127
251 2 128
252 2 129
253 3 4
254 3 5
255 3 6
256 3 7
257 3 8
258 3 9
259 3 10
260 3 11
261 3 12
262 3 13
263 3 14
264 3 15
265 3 16
266 3 17
267 3 18
268 3 19
269 3 20
270 3 21
271 3 22
272 3 23
273 3 24
274 3 25
275 3 26
276 3 27
277 3 28
278 3 29
279 3 30
280 3 31
281 3 32
282 3 33
283 3 34
284 3 35
285 3 36
286 3 37
287 3 38
288 3 39
289 3 40
290 3 41
291 3 42
292 3 43
293 3 45
294 3 46
295 3 47
296 3 48
297 3 49
298 3 50
299 3 51
300 3 52
301 3 53
302 3 54
303 3 55
304 3 56
305 3 57
306 3 58
307 3 59
308 3 60
309 3 61
310 3 62
311 3 63
312 3 64
313 3 65
314 3 66
315 3 67
316 3 68
317 3 69
318 3 70
319 3 71
320 3 72
321 3 73
322 3 74
323 3 75
324 3 76
325 3 77
326 3 78
327 3 79
328 3 80
329 3 81
330 3 82
331 3 83
332 3 84
333 3 85
334 3 86
335 3 87
336 3 88
337 3 89
338 3 90
339 3 91
340 3 92
341 3 93
342 3 94
343 3 95
344 3 96
345 3 97
346 3 98
347 3 99
348 3 100
349 3 101
350 3 102
351 3 103
352 3 104
353 3 105
354 3 106
355 3 107
356 3 108
357 3 109
358 3 110
359 3 111
360 3 112
361 3 113
362 3 114
363 3 115
364 3 116
365 3 117
366 3 118
367 3 119
368 3 120
369 3 121
370 3 122
371 3 123
372 3 124
373 3 125
374 3 126
375 3 127
376 3 128
377 3 129
378 4 5
379 4 6
380 4 7
381 4 8
382 4 9
383 4 10
384 4 11
385 4 12
386 4 13
387 4 14
388 4 15
389 4 16
390 4 17
391 4 18
392 4 19
393 4 20
394 4 21
395 4 22
396 4 23
397 4 24
398 4 25
399 4 26
400 4 27
401 4 28
402 4 29
403 4 30
404 4 31
405 4 32
406 4 33
407 4 34
408 4 35
409 4 36
410 4 37
411 4 38
412 4 39
413 4 40
414 4 41
415 4 42
416 4 43
417 4 44
418 4 45
419 4 46
420 4 47
421 4 48
422 4 49
423 4 50
424 4 51
425 4 52
426 4 53
427 4 54
428 4 55
429 4 56
430 4 57
431 4 58
432 4 59
433 4 60
434 4 61
435 4 62
436 4 63
437 4 64
438 4 65
439 4 66
440 4 67
441 4 68
442 4 69
443 4 70
444 4 71
445 4 72
446 4 73
447 4 74
448 4 75
449 4 76
450 4 77
451 4 78
452 4 79
453 4 80
454 4 81
455 4 82
456 4 83
457 4 84
458 4 85
459 4 86
460 4 87
461 4 88
462 4 89
463 4 90
464 4 91
465 4 92
466 4 93
467 4 94
468 4 95
469 4 96
470 4 97
471 4 98
472 4 99
473 4 100
474 4 101
475 4 102
476 4 103
477 4 104
478 4 105
479 4 106
480 4 107
481 4 108
482 4 109
483 4 110
484 4 111
485 4 112
486 4 113
487 4 114
488 4 115
489 4 116
490 4 117
491 4 118
492 4 119
493 4 120
494 4 121
495 4 122
496 4 123
497 4 124
498 4 125
499 4 126
500 4 127
501 4 128
502 4 129
503 5 6
504 5 7
505 5 8
506 5 9
507 5 10
508 5 11
509 5 12
510 5 13
511 5 14
512 5 15
513 5 16
514 5 17
515 5 18
516 5 19
517 5 20
518 5 21
519 5 22
520 5 23
521 5 24
522 5 25
523 5 26
524 5 27
525 5 28
526 5 29
527 5 30
528 5 31
529 5 32
530 5 33
531 5 34
532 5 35
533 5 36
534 5 37
535 5 38
536 5 39
537 5 40
538 5 41
539 5 42
540 5 43
541 5 44
542 5 45
543 5 46
544 5 47
545 5 48
546 5 49
547 5 50
548 5 51
549 5 52
550 5 53
551 5 54
552 5 55
553 5 56
554 5 57
555 5 58
556 5 59
557 5 60
558 5 61
559 5 62
560 5 63
561 5 64
562 5 65
563 5 66
564 5 67
565 5 68
566 5 69
567 5 70
568 5 71
569 5 72
570 5 73
571 5 74
572 5 75
573 5 76
574 5 77
575 5 78
576 5 79
577 5 80
578 5 81
579 5 82
580 5 83
581 5 84
582 5 85
583 5 86
584 5 87
585 5 88
586 5 89
587 5 90
588 5 91
589 5 92
590 5 93
591 5 94
592 5 95
593 5 96
594 5 97
595 5 98
596 5 99
597 5 100
598 5 101
599 5 102
600 5 103
601 5 104
602 5 105
603 5 106
604 5 107
605 5 108
606 5 109
607 5 110
608 5 111
609 5 112
610 5 113
611 5 114
612 5 115
613 5 116
614 5 117
615 5 118
616 5 119
617 5 120
618 5 121
619 5 122
620 5 123
621 5 124
622 5 125
623 5 126
624 5 127
625 5 128
626 5 129
627 6 8
628 6 9
629 6 10
630 6 11
631 6 12
632 6 13
633 6 14
634 6 16
635 6 17
636 6 18
637 6 19
638 6 20
639 6 21
640 6 22
641 6 23
642 6 24
643 6 25
644 6 26
645 6 27
646 6 28
647 6 29
648 6 30
649 6 31
650 6 32
651 6 33
652 6 34
653 6 36
654 6 37
655 6 38
656 6 39
657 6 40
658 6 41
659 6 42
660 6 43
661 6 45
662 6 46
663 6 47
664 6 48
665 6 49
666 6 50
667 6 51
668 6 52
669 6 53
670 6 54
671 6 55
672 6 56
673 6 57
674 6 58
675 6 59
676 6 60
677 6 61
678 6 62
679 6 63
680 6 64
681 6 65
682 6 66
683 6 67
684 6 68
685 6 69
686 6 70
687 6 71
688 6 72
689 6 73
690 6 74
691 6 75
692 6 76
693 6 78
694 6 79
695 6 80
696 6 81
697 6 82
698 6 83
699 6 84
700 6 85
701 6 86
702 6 87
703 6 88
704 6 89
705 6 90
706 6 91
707 6 92
708 6 93
709 6 94
710 6 95
711 6 96
712 6 97
713 6 99
714 6 100
715 6 101
716 6 102
717 6 103
718 6 104
719 6 105
720 6 106
721 6 108
722 6 109
723 6 110
724 6 111
725 6 112
726 6 113
727 6 114
728 6 115
729 6 116
730 6 117
731 6 118
732 6 119
733 6 120
734 6 121
735 6 122
736 6 123
737 6 124
738 6 125
739 6 126
740 6 127
741 6 128
742 6 129
743 7 8
744 7 9
745 7 10
746 7 12
747 7 13
748 7 14
749 7 15
750 7 16
751 7 17
752 7 18
753 7 19
754 7 20
755 7 21
756 7 22
757 7 23
758 7 24
759 7 25
760 7 26
761 7 27
762 7 28
763 7 29
764 7 30
765 7 31
766 7 32
767 7 33
768 7 34
769 7 35
770 7 36
771 7 37
772 7 38
773 7 39
774 7 40
775 7 41
776 7 42
777 7 43
778 7 44
779 7 45
780 7 46
781 7 47
782 7 48
783 7 49
784 7 50
785 7 51
786 7 52
787 7 54
788 7 55
789 7 56
790 7 57
791 7 58
792 7 59
793 7 60
794 7 61
795 7 62
796 7 63
797 7 64
798 7 65
799 7 66
800 7 67
801 7 68
802 7 69
803 7 70
804 7 71
805 7 72
806 7 73
807 7 74
808 7 75
809 7 76
810 7 77
811 7 78
812 7 79
813 7 80
814 7 81
815 7 82
816 7 83
817 7 85
818 7 86
819 7 87
820 7 88
821 7 89
822 7 90
823 7 91
824 7 92
825 7 93
826 7 94
827 7 95
828 7 96
829 7 97
830 7 98
831 7 99
832 7 100
833 7 101
834 7 102
835 7 103
836 7 104
837 7 105
838 7 106
839 7 107
840 7 108
841 7 109
842 7 110
843 7 111
844 7 112
845 7 113
846 7 114
847 7 115
848 7 116
849 7 117
850 7 118
851 7 119
852 7 120
853 7 121
854 7 122
855 7 123
856 7 124
857 7 125
858 7 126
859 7 127
860 7 128
861 7 129
862 8 9
863 8 10
864 8 12
865 8 13
866 8 14
867 8 15
868 8 16
869 8 17
870 8 18
871 8 19
872 8 20
873 8 21
874 8 22
875 8 23
876 8 24
877 8 25
878 8 26
879 8 27
880 8 28
881 8 29
882 8 30
883 8 31
884 8 32
885 8 33
886 8 34
887 8 35
888 8 36
889 8 37
890 8 38
891 8 39
892 8 40
893 8 41
894 8 42
895 8 43
896 8 44
897 8 45
898 8 46
899 8 47
900 8 48
901 8 49
902 8 50
903 8 51
904 8 52
905 8 53
906 8 54
907 8 55
908 8 56
909 8 57
910 8 58
911 8 59
912 8 60
913 8 61
914 8 62
915 8 63
916 8 64
917 8 65
918 8 66
919 8 67
920 8 68
921 8 69
922 8 70
923 8 71
924 8 72
925 8 73
926 8 74
927 8 75
928 8 76
929 8 77
930 8 78
931 8 79
932 8 80
933 8 81
934 8 82
935 8 83
936 8 84
937 8 85
938 8 86
939 8 87
940 8 88
941 8 89
942 8 90
943 8 91
944 8 92
945 8 93
946 8 94
947 8 95
948 8 96
949 8 97
950 8 98
951 8 99
952 8 100
953 8 101
954 8 102
955 8 103
956 8 104
957 8 105
958 8 106
959 8 107
960 8 108
961 8 109
962 8 110
963 8 111
964 8 112
965 8 113
966 8 114
967 8 115
968 8 116
969 8 117
970 8 118
971 8 119
972 8 120
973 8 121
974 8 122
975 8 123
976 8 124
977 8 125
978 8 126
979 8 127
980 8 128
981 8 129
982 9 10
983 9 12
984 9 13
985 9 14
986 9 15
987 9 16
988 9 17
989 9 18
990 9 19
991 9 20
992 9 21
993 9 22
994 9 23
995 9 24
996 9 25
997 9 26
998 9 27
999 9 28
1000 9 29
1001 9 30
1002 9 31
1003 9 32
1004 9 33
1005 9 34
1006 9 35
1007 9 36
1008 9 37
1009 9 38
1010 9 39
1011 9 40
1012 9 41
1013 9 42
1014 9 43
1015 9 44
1016 9 45
1017 9 46
1018 9 47
1019 9 48
1020 9 49
1021 9 50
1022 9 51
1023 9 52
1024 9 53
1025 9 54
1026 9 55
1027 9 56
1028 9 57
1029 9 58
1030 9 59
1031 9 60
1032 9 61
1033 9 62
1034 9 63
1035 9 64
1036 9 65
1037 9 66
1038 9 67
1039 9 68
1040 9 69
1041 9 70
1042 9 71
1043 9 72
1044 9 73
1045 9 74
1046 9 75
1047 9 76
1048 9 77
1049 9 78
1050 9 79
1051 9 80
1052 9 81
1053 9 82
1054 9 83
1055 9 84
1056 9 85
1057 9 86
1058 9 87
1059 9 88
1060 9 89
1061 9 90
1062 9 91
1063 9 92
1064 9 93
1065 9 94
1066 9 95
1067 9 96
1068 9 97
1069 9 98
1070 9 99
1071 9 100
1072 9 101
1073 9 102
1074 9 103
1075 9 104
1076 9 105
1077 9 106
1078 9 107
1079 9 108
1080 9 109
1081 9 110
1082 9 111
1083 9 112
1084 9 113
1085 9 114
1086 9 115
1087 9 116
1088 9 117
1089 9 118
1090 9 119
1091 9 120
1092 9 121
1093 9 122
1094 9 123
1095 9 124
1096 9 125
1097 9 126
1098 9 127
1099 9 128
1100 9 129
1101 10 12
1102 10 13
1103 10 14
1104 10 15
1105 10 16
1106 10 17
1107 10 18
1108 10 19
1109 10 20
1110 10 21
1111 10 22
1112 10 23
1113 10 24
1114 10 25
1115 10 27
1116 10 28
1117 10 29
1118 10 30
1119 10 31
1120 10 32
1121 10 33
1122 10 34
1123 10 35
1124 10 36
1125 10 37
1126 10 38
1127 10 39
1128 10 40
1129 10 41
1130 10 42
1131 10 43
1132 10 44
1133 10 45
1134 10 46
1135 10 47
1136 10 48
1137 10 49
1138 10 50
1139 10 51
1140 10 52
1141 10 53
1142 10 54
1143 10 55
1144 10 56
1145 10 57
1146 10 58
1147 10 59
1148 10 60
1149 10 61
1150 10 62
1151 10 63
1152 10 64
1153 10 65
1154 10 66
1155 10 67
1156 10 68
1157 10 69
1158 10 70
1159 10 71
1160 10 72
1161 10 73
1162 10 74
1163 10 75
1164 10 76
1165 10 77
1166 10 78
1167 10 79
1168 10 80
1169 10 81
1170 10 82
1171 10 83
1172 10 84
1173 10 85
1174 10 86
1175 10 87
1176 10 88
1177 10 89
1178 10 90
1179 10 91
1180 10 92
1181 10 93
1182 10 94
1183 10 95
1184 10 96
1185 10 97
1186 10 98
1187 10 99
1188 10 100
1189 10 101
1190 10 102
1191 10 103
1192 10 104
1193 10 105
1194 10 106
1195 10 107
1196 10 108
1197 10 109
1198 10 110
1199 10 111
1200 10 112
1201 10 113
1202 10 114
1203 10 115
1204 10 116
1205 10 117
1206 10 118
1207 10 119
1208 10 120
1209 10 121
1210 10 122
1211 10 123
1212 10 124
1213 10 125
1214 10 126
1215 10 127
1216 10 128
1217 10 129
1218 11 12
1219 11 13
1220 11 17
1221 11 18
1222 11 22
1223 11 25
1224 11 27
1225 11 29
1226 11 30
1227 11 31
1228 11 37
1229 11 38
1230 11 39
1231 11 40
1232 11 42
1233 11 52
1234 11 54
1235 11 55
1236 11 57
1237 11 61
1238 11 65
1239 11 66
1240 11 68
1241 11 69
1242 11 71
1243 11 72
1244 11 73
1245 11 74
1246 11 75
1247 11 76
1248 11 78
1249 11 79
1250 11 82
1251 11 88
1252 11 89
1253 11 91
1254 11 92
1255 11 96
1256 11 99
1257 11 101
1258 11 103
1259 11 104
1260 11 105
1261 11 109
1262 11 110
1263 11 114
1264 11 115
1265 11 117
1266 11 120
1267 11 123
1268 11 125
1269 11 126
1270 12 13
1271 12 14
1272 12 15
1273 12 16
1274 12 17
1275 12 18
1276 12 19
1277 12 20
1278 12 21
1279 12 22
1280 12 23
1281 12 24
1282 12 25
1283 12 26
1284 12 27
1285 12 28
1286 12 29
1287 12 30
1288 12 31
1289 12 32
1290 12 33
1291 12 34
1292 12 35
1293 12 36
1294 12 37
1295 12 38
1296 12 39
1297 12 40
1298 12 41
1299 12 42
1300 12 43
1301 12 44
1302 12 45
1303 12 46
1304 12 47
1305 12 48
1306 12 49
1307 12 50
1308 12 51
1309 12 52
1310 12 53
1311 12 54
1312 12 55
1313 12 56
1314 12 57
1315 12 58
1316 12 59
1317 12 60
1318 12 61
1319 12 62
1320 12 63
1321 12 64
1322 12 65
1323 12 66
1324 12 67
1325 12 68
1326 12 69
1327 12 70
1328 12 71
1329 12 72
1330 12 73
1331 12 74
1332 12 75
1333 12 76
1334 12 77
1335 12 78
1336 12 79
1337 12 80
1338 12 81
1339 12 82
1340 12 83
1341 12 85
1342 12 86
1343 12 87
1344 12 88
1345 12 89
1346 12 90
1347 12 91
1348 12 92
1349 12 93
1350 12 94
1351 12 95
1352 12 96
1353 12 97
1354 12 98
1355 12 99
1356 12 100
1357 12 101
1358 12 102
1359 12 103
1360 12 104
1361 12 105
1362 12 106
1363 12 107
1364 12 108
1365 12 109
1366 12 110
1367 12 111
1368 12 112
1369 12 113
1370 12 114
1371 12 115
1372 12 116
1373 12 117
1374 12 118
1375 12 119
1376 12 120
1377 12 121
1378 12 122
1379 12 123
1380 12 124
1381 12 125
1382 12 126
1383 12 127
1384 12 128
1385 12 129
1386 13 14
1387 13 15
1388 13 16
1389 13 17
1390 13 18
1391 13 19
1392 13 20
1393 13 21
1394 13 22
1395 13 23
1396 13 24
1397 13 25
1398 13 26
1399 13 27
1400 13 28
1401 13 29
1402 13 30
1403 13 31
1404 13 32
1405 13 33
1406 13 34
1407 13 35
1408 13 36
1409 13 37
1410 13 38
1411 13 39
1412 13 40
1413 13 41
1414 13 42
1415 13 43
1416 13 44
1417 13 45
1418 13 46
1419 13 47
1420 13 48
1421 13 49
1422 13 50
1423 13 51
1424 13 52
1425 13 53
1426 13 54
1427 13 55
1428 13 56
1429 13 57
1430 13 58
1431 13 59
1432 13 60
1433 13 61
1434 13 62
1435 13 63
1436 13 64
1437 13 65
1438 13 66
1439 13 67
1440 13 68
1441 13 69
1442 13 70
1443 13 71
1444 13 72
1445 13 73
1446 13 74
1447 13 75
1448 13 76
1449 13 77
1450 13 78
1451 13 79
1452 13 80
1453 13 81
1454 13 82
1455 13 83
1456 13 84
1457 13 85
1458 13 86
1459 13 87
1460 13 88
1461 13 89
1462 13 90
1463 13 91
1464 13 92
1465 13 93
1466 13 94
1467 13 95
1468 13 96
1469 13 97
1470 13 98
1471 13 99
1472 13 100
1473 13 101
1474 13 102
1475 13 103
1476 13 104
1477 13 105
1478 13 106
1479 13 107
1480 13 108
1481 13 109
1482 13 110
1483 13 111
1484 13 112
1485 13 113
1486 13 114
1487 13 115
1488 13 116
1489 13 117
1490 13 118
1491 13 119
1492 13 120
1493 13 121
1494 13 122
1495 13 123
1496 13 124
1497 13 125
1498 13 126
1499 13 127
1500 13 128
1501 13 129
1502 14 15
1503 14 16
1504 14 17
1505 14 18
1506 14 19
1507 14 20
1508 14 21
1509 14 22
1510 14 23
1511 14 24
1512 14 25
1513 14 26
1514 14 27
1515 14 28
1516 14 29
1517 14 30
1518 14 31
1519 14 32
1520 14 33
1521 14 34
1522 14 35
1523 14 36
1524 14 37
1525 14 38
1526 14 39
1527 14 40
1528 14 41
1529 14 42
1530 14 43
1531 14 44
1532 14 45
1533 14 46
1534 14 47
1535 14 48
1536 14 49
1537 14 50
1538 14 51
1539 14 52
1540 14 53
1541 14 54
1542 14 55
1543 14 56
1544 14 57
1545 14 58
1546 14 59
1547 14 60
1548 14 61
1549 14 62
1550 14 63
1551 14 64
1552 14 65
1553 14 66
1554 14 67
1555 14 68
1556 14 69
1557 14 70
1558 14 71
1559 14 72
1560 14 73
1561 14 74
1562 14 75
1563 14 76
1564 14 77
1565 14 78
1566 14 79
1567 14 80
1568 14 81
1569 14 82
1570 14 83
1571 14 84
1572 14 85
1573 14 86
1574 14 87
1575 14 88
1576 14 89
1577 14 90
1578 14 91
1579 14 92
1580 14 93
1581 14 94
1582 14 95
1583 14 96
1584 14 97
1585 14 98
1586 14 99
1587 14 100
1588 14 101
1589 14 102
1590 14 103
1591 14 104
1592 14 105
1593 14 106
1594 14 107
1595 14 108
1596 14 109
1597 14 110
1598 14 111
1599 14 112
1600 14 113
1601 14 114
1602 14 115
1603 14 116
1604 14 117
1605 14 118
1606 14 119
1607 14 120
1608 14 121
1609 14 122
1610 14 123
1611 14 124
1612 14 125
1613 14 126
1614 14 127
1615 14 128
1616 14 129
1617 15 16
1618 15 17
1619 15 18
1620 15 19
1621 15 20
1622 15 21
1623 15 22
1624 15 23
1625 15 24
1626 15 25
1627 15 26
1628 15 27
1629 15 28
1630 15 29
1631 15 30
1632 15 31
1633 15 32
1634 15 33
1635 15 34
1636 15 35
1637 15 36
1638 15 37
1639 15 38
1640 15 39
1641 15 40
1642 15 41
1643 15 42
1644 15 43
1645 15 44
1646 15 45
1647 15 46
1648 15 47
1649 15 48
1650 15 49
1651 15 50
1652 15 51
1653 15 52
1654 15 53
1655 15 54
1656 15 55
1657 15 56
1658 15 57
1659 15 58
1660 15 59
1661 15 60
1662 15 61
1663 15 62
1664 15 63
1665 15 64
1666 15 65
1667 15 66
1668 15 67
1669 15 68
1670 15 69
1671 15 70
1672 15 71
1673 15 72
1674 15 73
1675 15 74
1676 15 75
1677 15 76
1678 15 77
1679 15 78
1680 15 79
1681 15 80
1682 15 81
1683 15 82
1684 15 83
1685 15 84
1686 15 85
1687 15 86
1688 15 87
1689 15 88
1690 15 89
1691 15 90
1692 15 91
1693 15 92
1694 15 93
1695 15 94
1696 15 95
1697 15 96
1698 15 97
1699 15 98
1700 15 99
1701 15 100
1702 15 101
1703 15 102
1704 15 103
1705 15 104
1706 15 105
1707 15 106
1708 15 107
1709 15 108
1710 15 109
1711 15 110
1712 15 111
1713 15 112
1714 15 113
1715 15 114
1716 15 115
1717 15 116
1718 15 117
1719 15 118
1720 15 119
1721 15 120
1722 15 121
1723 15 122
1724 15 123
1725 15 124
1726 15 125
1727 15 126
1728 15 127
1729 15 128
1730 15 129
1731 16 17
1732 16 18
1733 16 19
1734 16 20
1735 16 21
1736 16 22
1737 16 23
1738 16 24
1739 16 25
1740 16 26
1741 16 27
1742 16 28
1743 16 29
1744 16 30
1745 16 31
1746 16 32
1747 16 33
1748 16 34
1749 16 35
1750 16 36
1751 16 37
1752 16 38
1753 16 39
1754 16 40
1755 16 41
1756 16 42
1757 16 43
1758 16 44
1759 16 45
1760 16 46
1761 16 47
1762 16 48
1763 16 49
1764 16 50
1765 16 51
1766 16 52
1767 16 53
1768 16 54
1769 16 55
1770 16 56
1771 16 57
1772 16 58
1773 16 59
1774 16 60
1775 16 61
1776 16 62
1777 16 63
1778 16 64
1779 16 65
1780 16 66
1781 16 67
1782 16 68
1783 16 69
1784 16 70
1785 16 71
1786 16 72
1787 16 73
1788 16 74
1789 16 75
1790 16 76
1791 16 77
1792 16 78
1793 16 79
1794 16 80
1795 16 81
1796 16 82
1797 16 83
1798 16 84
1799 16 85
1800 16 86
1801 16 87
1802 16 88
1803 16 89
1804 16 90
1805 16 91
1806 16 92
1807 16 93
1808 16 94
1809 16 95
1810 16 96
1811 16 97
1812 16 98
1813 16 99
1814 16 100
1815 16 101
1816 16 102
1817 16 103
1818 16 104
1819 16 105
1820 16 106
1821 16 107
1822 16 108
1823 16 109
1824 16 110
1825 16 111
1826 16 112
1827 16 113
1828 16 114
1829 16 115
1830 16 116
1831 16 117
1832 16 118
1833 16 119
1834 16 120
1835 16 121
1836 16 122
1837 16 123
1838 16 124
1839 16 125
1840 16 126
1841 16 127
1842 16 128
1843 16 129
1844 17 18
1845 17 19
1846 17 20
1847 17 21
1848 17 22
1849 17 23
1850 17 24
1851 17 25
1852 17 26
1853 17 27
1854 17 28
1855 17 29
1856 17 30
1857 17 31
1858 17 32
1859 17 33
1860 17 34
1861 17 35
1862 17 36
1863 17 37
1864 17 38
1865 17 39
1866 17 40
1867 17 41
1868 17 42
1869 17 43
1870 17 44
1871 17 45
1872 17 46
1873 17 47
1874 17 48
1875 17 49
1876 17 50
1877 17 51
1878 17 52
1879 17 53
1880 17 54
1881 17 55
1882 17 56
1883 17 57
1884 17 58
1885 17 59
1886 17 60
1887 17 61
1888 17 62
1889 17 63
1890 17 64
1891 17 65
1892 17 66
1893 17 67
1894 17 68
1895 17 69
1896 17 70
1897 17 71
1898 17 72
1899 17 73
1900 17 74
1901 17 75
1902 17 76
1903 17 77
1904 17 78
1905 17 79
1906 17 80
1907 17 81
1908 17 82
1909 17 83
1910 17 84
1911 17 85
1912 17 86
1913 17 87
1914 17 88
1915 17 89
1916 17 90
1917 17 91
1918 17 92
1919 17 93
1920 17 94
1921 17 95
1922 17 96
1923 17 97
1924 17 98
1925 17 99
1926 17 100
1927 17 101
1928 17 102
1929 17 103
1930 17 104
1931 17 105
1932 17 106
1933 17 107
1934 17 108
1935 17 109
1936 17 110
1937 17 111
1938 17 112
1939 17 113
1940 17 114
1941 17 115
1942 17 116
1943 17 117
1944 17 118
1945 17 119
1946 17 120
1947 17 121
1948 17 122
1949 17 123
1950 17 124
1951 17 125
1952 17 126
1953 17 127
1954 17 128
1955 17 129
1956 18 19
1957 18 20
1958 18 21
1959 18 22
1960 18 23
1961 18 24
1962 18 25
1963 18 26
1964 18 27
1965 18 28
1966 18 29
1967 18 30
1968 18 31
1969 18 32
1970 18 33
1971 18 34
1972 18 35
1973 18 36
1974 18 37
1975 18 38
1976 18 39
1977 18 40
1978 18 41
1979 18 42
1980 18 43
1981 18 44
1982 18 45
1983 18 46
1984 18 47
1985 18 48
1986 18 49
1987 18 50
1988 18 51
1989 18 52
1990 18 53
1991 18 54
1992 18 55
1993 18 56
1994 18 57
1995 18 58
1996 18 59
1997 18 60
1998 18 61
1999 18 62
2000 18 63
2001 18 64
2002 18 65
2003 18 66
2004 18 67
2005 18 68
2006 18 69
2007 18 70
2008 18 71
2009 18 72
2010 18 73
2011 18 74
2012 18 75
2013 18 76
2014 18 77
2015 18 78
2016 18 79
2017 18 80
2018 18 81
2019 18 82
2020 18 83
2021 18 84
2022 18 85
2023 18 86
2024 18 87
2025 18 88
2026 18 89
2027 18 90
2028 18 91
2029 18 92
2030 18 93
2031 18 94
2032 18 95
2033 18 96
2034 18 97
2035 18 98
2036 18 99
2037 18 100
2038 18 101
2039 18 102
2040 18 103
2041 18 104
2042 18 105
2043 18 106
2044 18 107
2045 18 108
2046 18 109
2047 18 110
2048 18 111
2049 18 112
2050 18 113
2051 18 114
2052 18 115
2053 18 116
2054 18 117
2055 18 118
2056 18 119
2057 18 120
2058 18 121
2059 18 122
2060 18 123
2061 18 124
2062 18 125
2063 18 126
2064 18 127
2065 18 128
2066 18 129
2067 19 20
2068 19 21
2069 19 22
2070 19 23
2071 19 24
2072 19 25
2073 19 26
2074 19 27
2075 19 28
2076 19 29
2077 19 30
2078 19 31
2079 19 32
2080 19 33
2081 19 34
2082 19 36
2083 19 37
2084 19 38
2085 19 39
2086 19 40
2087 19 41
2088 19 42
2089 19 43
2090 19 44
2091 19 45
2092 19 46
2093 19 47
2094 19 48
2095 19 49
2096 19 50
2097 19 51
2098 19 52
2099 19 53
2100 19 54
2101 19 55
2102 19 56
2103 19 57
2104 19 58
2105 19 59
2106 19 60
2107 19 61
2108 19 62
2109 19 63
2110 19 64
2111 19 65
2112 19 66
2113 19 67
2114 19 68
2115 19 69
2116 19 70
2117 19 71
2118 19 72
2119 19 73
2120 19 74
2121 19 75
2122 19 76
2123 19 78
2124 19 79
2125 19 80
2126 19 81
2127 19 82
2128 19 83
2129 19 84
2130 19 85
2131 19 86
2132 19 87
2133 19 88
2134 19 89
2135 19 90
2136 19 91
2137 19 92
2138 19 93
2139 19 94
2140 19 95
2141 19 96
2142 19 97
2143 19 98
2144 19 99
2145 19 100
2146 19 101
2147 19 102
2148 19 103
2149 19 104
2150 19 105
2151 19 106
2152 19 107
2153 19 108
2154 19 109
2155 19 110
2156 19 111
2157 19 112
2158 19 113
2159 19 114
2160 19 115
2161 19 116
2162 19 117
2163 19 118
2164 19 119
2165 19 120
2166 19 121
2167 19 122
2168 19 123
2169 19 124
2170 19 125
2171 19 126
2172 19 127
2173 19 128
2174 19 129
2175 20 21
2176 20 22
2177 20 23
2178 20 24
2179 20 25
2180 20 26
2181 20 27
2182 20 28
2183 20 29
2184 20 30
2185 20 31
2186 20 32
2187 20 33
2188 20 34
2189 20 35
2190 20 36
2191 20 37
2192 20 38
2193 20 39
2194 20 40
2195 20 41
2196 20 42
2197 20 43
2198 20 44
2199 20 45
2200 20 46
2201 20 47
2202 20 48
2203 20 49
2204 20 50
2205 20 51
2206 20 52
2207 20 53
2208 20 54
2209 20 55
2210 20 56
2211 20 57
2212 20 58
2213 20 59
2214 20 60
2215 20 61
2216 20 62
2217 20 63
2218 20 64
2219 20 65
2220 20 66
2221 20 67
2222 20 68
2223 20 69
2224 20 70
2225 20 71
2226 20 72
2227 20 73
2228 20 74
2229 20 75
2230 20 76
2231 20 77
2232 20 78
2233 20 79
2234 20 80
2235 20 81
2236 20 82
2237 20 83
2238 20 84
2239 20 85
2240 20 86
2241 20 87
2242 20 88
2243 20 89
2244 20 90
2245 20 91
2246 20 92
2247 20 93
2248 20 94
2249 20 95
2250 20 96
2251 20 97
2252 20 98
2253 20 99
2254 20 100
2255 20 101
2256 20 102
2257 20 103
2258 20 104
2259 20 105
2260 20 106
2261 20 107
2262 20 108
2263 20 109
2264 20 110
2265 20 111
2266 20 112
2267 20 113
2268 20 114
2269 20 115
2270 20 116
2271 20 117
2272 20 118
2273 20 119
2274 20 120
2275 20 121
2276 20 122
2277 20 123
2278 20 124
2279 20 125
2280 20 126
2281 20 128
2282 20 129
2283 21 22
2284 21 23
2285 21 24
2286 21 25
2287 21 26
2288 21 27
2289 21 28
2290 21 29
2291 21 30
2292 21 31
2293 21 32
2294 21 33
2295 21 34
2296 21 35
2297 21 36
2298 21 37
2299 21 38
2300 21 39
2301 21 40
2302 21 41
2303 21 42
2304 21 43
2305 21 44
2306 21 45
2307 21 46
2308 21 47
2309 21 48
2310 21 49
2311 21 50
2312 21 51
2313 21 52
2314 21 53
2315 21 54
2316 21 55
2317 21 56
2318 21 57
2319 21 58
2320 21 59
2321 21 60
2322 21 61
2323 21 62
2324 21 63
2325 21 64
2326 21 65
2327 21 66
2328 21 67
2329 21 68
2330 21 69
2331 21 70
2332 21 71
2333 21 72
2334 21 73
2335 21 74
2336 21 75
2337 21 76
2338 21 77
2339 21 78
2340 21 79
2341 21 80
2342 21 81
2343 21 82
2344 21 83
2345 21 84
2346 21 85
2347 21 86
2348 21 87
2349 21 88
2350 21 89
2351 21 90
2352 21 91
2353 21 92
2354 21 93
2355 21 94
2356 21 95
2357 21 96
2358 21 97
2359 21 98
2360 21 99
2361 21 100
2362 21 101
2363 21 102
2364 21 103
2365 21 104
2366 21 105
2367 21 106
2368 21 107
2369 21 108
2370 21 109
2371 21 110
2372 21 111
2373 21 112
2374 21 113
2375 21 114
2376 21 115
2377 21 116
2378 21 117
2379 21 118
2380 21 119
2381 21 120
2382 21 121
2383 21 122
2384 21 123
2385 21 124
2386 21 125
2387 21 126
2388 21 127
2389 21 128
2390 21 129
2391 22 23
2392 22 24
2393 22 25
2394 22 26
2395 22 27
2396 22 28
2397 22 29
2398 22 30
2399 22 31
2400 22 32
2401 22 33
2402 22 34
2403 22 35
2404 22 36
2405 22 37
2406 22 38
2407 22 39
2408 22 40
2409 22 41
2410 22 42
2411 22 43
2412 22 44
2413 22 45
2414 22 46
2415 22 47
2416 22 48
2417 22 49
2418 22 50
2419 22 51
2420 22 52
2421 22 53
2422 22 54
2423 22 55
2424 22 56
2425 22 57
2426 22 58
2427 22 59
2428 22 60
2429 22 61
2430 22 62
2431 22 63
2432 22 64
2433 22 65
2434 22 66
2435 22 67
2436 22 68
2437 22 69
2438 22 70
2439 22 71
2440 22 72
2441 22 73
2442 22 74
2443 22 75
2444 22 76
2445 22 77
2446 22 78
2447 22 79
2448 22 80
2449 22 81
2450 22 82
2451 22 83
2452 22 84
2453 22 85
2454 22 86
2455 22 87
2456 22 88
2457 22 89
2458 22 90
2459 22 91
2460 22 92
2461 22 93
2462 22 94
2463 22 95
2464 22 96
2465 22 97
2466 22 98
2467 22 99
2468 22 100
2469 22 101
2470 22 102
2471 22 103
2472 22 104
2473 22 105
2474 22 106
2475 22 107
2476 22 108
2477 22 109
2478 22 110
2479 22 111
2480 22 112
2481 22 113
2482 22 114
2483 22 115
2484 22 116
2485 22 117
2486 22 118
2487 22 119
2488 22 120
2489 22 121
2490 22 122
2491 22 123
2492 22 124
2493 22 125
2494 22 126
2495 22 127
2496 22 128
2497 22 129
2498 23 24
2499 23 25
2500 23 26
2501 23 27
2502 23 28
2503 23 29
2504 23 30
2505 23 31
2506 23 32
2507 23 33
2508 23 34
2509 23 35
2510 23 36
2511 23 37
2512 23 38
2513 23 39
2514 23 40
2515 23 41
2516 23 42
2517 23 43
2518 23 44
2519 23 45
2520 23 46
2521 23 47
2522 23 48
2523 23 49
2524 23 50
2525 23 51
2526 23 52
2527 23 53
2528 23 54
2529 23 55
2530 23 56
2531 23 57
2532 23 58
2533 23 59
2534 23 60
2535 23 61
2536 23 62
2537 23 63
2538 23 64
2539 23 65
2540 23 66
2541 23 67
2542 23 68
2543 23 69
2544 23 70
2545 23 71
2546 23 72
2547 23 73
2548 23 74
2549 23 75
2550 23 76
2551 23 77
2552 23 78
2553 23 79
2554 23 80
2555 23 81
2556 23 82
2557 23 83
2558 23 84
2559 23 85
2560 23 86
2561 23 87
2562 23 88
2563 23 89
2564 23 90
2565 23 91
2566 23 92
2567 23 93
2568 23 94
2569 23 95
2570 23 96
2571 23 97
2572 23 98
2573 23 99
2574 23 100
2575 23 101
2576 23 102
2577 23 103
2578 23 104
2579 23 105
2580 23 106
2581 23 107
2582 23 108
2583 23 109
2584 23 110
2585 23 111
2586 23 112
2587 23 113
2588 23 114
2589 23 115
2590 23 116
2591 23 117
2592 23 118
2593 23 119
2594 23 120
2595 23 121
2596 23 122
2597 23 123
2598 23 124
2599 23 125
2600 23 126
2601 23 127
2602 23 128
2603 23 129
2604 24 25
2605 24 26
2606 24 27
2607 24 28
2608 24 29
2609 24 30
2610 24 31
2611 24 32
2612 24 33
2613 24 34
2614 24 35
2615 24 36
2616 24 37
2617 24 38
2618 24 39
2619 24 40
2620 24 41
2621 24 42
2622 24 43
2623 24 44
2624 24 45
2625 24 46
2626 24 47
2627 24 49
2628 24 50
2629 24 51
2630 24 52
2631 24 53
2632 24 54
2633 24 55
2634 24 57
2635 24 58
2636 24 59
2637 24 60
2638 24 61
2639 24 62
2640 24 63
2641 24 64
2642 24 65
2643 24 66
2644 24 67
2645 24 68
2646 24 69
2647 24 70
2648 24 71
2649 24 72
2650 24 73
2651 24 74
2652 24 75
2653 24 76
2654 24 77
2655 24 78
2656 24 79
2657 24 80
2658 24 81
2659 24 82
2660 24 83
2661 24 84
2662 24 85
2663 24 86
2664 24 87
2665 24 88
2666 24 89
2667 24 90
2668 24 91
2669 24 92
2670 24 93
2671 24 94
2672 24 95
2673 24 96
2674 24 97
2675 24 98
2676 24 100
2677 24 101
2678 24 102
2679 24 103
2680 24 104
2681 24 105
2682 24 106
2683 24 107
2684 24 108
2685 24 109
2686 24 110
2687 24 111
2688 24 112
2689 24 113
2690 24 114
2691 24 115
2692 24 116
2693 24 117
2694 24 118
2695 24 119
2696 24 120
2697 24 121
2698 24 122
2699 24 123
2700 24 124
2701 24 125
2702 24 126
2703 24 127
2704 24 128
2705 24 129
2706 25 26
2707 25 27
2708 25 28
2709 25 29
2710 25 30
2711 25 31
2712 25 32
2713 25 33
2714 25 34
2715 25 35
2716 25 36
2717 25 37
2718 25 38
2719 25 39
2720 25 40
2721 25 41
2722 25 42
2723 25 43
2724 25 44
2725 25 45
2726 25 46
2727 25 47
2728 25 48
2729 25 49
2730 25 50
2731 25 51
2732 25 52
2733 25 53
2734 25 54
2735 25 55
2736 25 56
2737 25 57
2738 25 58
2739 25 59
2740 25 60
2741 25 61
2742 25 62
2743 25 63
2744 25 64
2745 25 65
2746 25 66
2747 25 67
2748 25 68
2749 25 69
2750 25 70
2751 25 71
2752 25 72
2753 25 73
2754 25 74
2755 25 75
2756 25 76
2757 25 77
2758 25 78
2759 25 79
2760 25 80
2761 25 81
2762 25 82
2763 25 83
2764 25 84
2765 25 85
2766 25 86
2767 25 87
2768 25 88
2769 25 89
2770 25 90
2771 25 91
2772 25 92
2773 25 93
2774 25 94
2775 25 95
2776 25 96
2777 25 97
2778 25 98
2779 25 99
2780 25 100
2781 25 101
2782 25 102
2783 25 103
2784 25 104
2785 25 105
2786 25 106
2787 25 107
2788 25 108
2789 25 109
2790 25 110
2791 25 111
2792 25 112
2793 25 113
2794 25 114
2795 25 115
2796 25 116
2797 25 117
2798 25 118
2799 25 119
2800 25 120
2801 25 121
2802 25 122
2803 25 123
2804 25 124
2805 25 125
2806 25 126
2807 25 127
2808 25 128
2809 25 129
2810 26 27
2811 26 28
2812 26 29
2813 26 30
2814 26 31
2815 26 32
2816 26 33
2817 26 34
2818 26 35
2819 26 37
2820 26 38
2821 26 39
2822 26 40
2823 26 41
2824 26 42
2825 26 43
2826 26 44
2827 26 45
2828 26 46
2829 26 47
2830 26 48
2831 26 49
2832 26 50
2833 26 52
2834 26 53
2835 26 54
2836 26 55
2837 26 56
2838 26 57
2839 26 59
2840 26 60
2841 26 61
2842 26 64
2843 26 65
2844 26 66
2845 26 67
2846 26 68
2847 26 69
2848 26 70
2849 26 71
2850 26 72
2851 26 73
2852 26 74
2853 26 75
2854 26 76
2855 26 77
2856 26 78
2857 26 79
2858 26 80
2859 26 81
2860 26 82
2861 26 83
2862 26 84
2863 26 85
2864 26 86
2865 26 87
2866 26 88
2867 26 89
2868 26 90
2869 26 91
2870 26 92
2871 26 93
2872 26 94
2873 26 95
2874 26 96
2875 26 97
2876 26 98
2877 26 99
2878 26 100
2879 26 101
2880 26 102
2881 26 103
2882 26 104
2883 26 105
2884 26 106
2885 26 107
2886 26 109
2887 26 110
2888 26 111
2889 26 112
2890 26 113
2891 26 114
2892 26 115
2893 26 116
2894 26 117
2895 26 118
2896 26 119
2897 26 120
2898 26 121
2899 26 122
2900 26 123
2901 26 124
2902 26 125
2903 26 126
2904 26 128
2905 26 129
2906 27 28
2907 27 29
2908 27 30
2909 27 31
2910 27 32
2911 27 33
2912 27 34
2913 27 35
2914 27 36
2915 27 37
2916 27 38
2917 27 39
2918 27 40
2919 27 41
2920 27 42
2921 27 43
2922 27 44
2923 27 45
2924 27 46
2925 27 47
2926 27 48
2927 27 49
2928 27 50
2929 27 51
2930 27 52
2931 27 53
2932 27 54
2933 27 55
2934 27 56
2935 27 57
2936 27 58
2937 27 59
2938 27 60
2939 27 61
2940 27 62
2941 27 63
2942 27 64
2943 27 65
2944 27 66
2945 27 67
2946 27 68
2947 27 69
2948 27 70
2949 27 71
2950 27 72
2951 27 73
2952 27 74
2953 27 75
2954 27 76
2955 27 77
2956 27 78
2957 27 79
2958 27 80
2959 27 81
2960 27 82
2961 27 83
2962 27 84
2963 27 85
2964 27 86
2965 27 87
2966 27 88
2967 27 89
2968 27 90
2969 27 91
2970 27 92
2971 27 93
2972 27 94
2973 27 95
2974 27 96
2975 27 97
2976 27 98
2977 27 99
2978 27 100
2979 27 101
2980 27 102
2981 27 103
2982 27 104
2983 27 105
2984 27 106
2985 27 107
2986 27 108
2987 27 109
2988 27 110
2989 27 111
2990 27 112
2991 27 113
2992 27 114
2993 27 115
2994 27 116
2995 27 117
2996 27 118
2997 27 119
2998 27 120
2999 27 121
3000 27 122
3001 27 123
3002 27 124
3003 27 125
3004 27 126
3005 27 127
3006 27 128
3007 27 129
3008 28 29
3009 28 30
3010 28 31
3011 28 32
3012 28 33
3013 28 34
3014 28 35
3015 28 36
3016 28 37
3017 28 38
3018 28 39
3019 28 40
3020 28 41
3021 28 42
3022 28 43
3023 28 44
3024 28 45
3025 28 46
3026 28 47
3027 28 48
3028 28 49
3029 28 50
3030 28 51
3031 28 52
3032 28 53
3033 28 54
3034 28 55
3035 28 56
3036 28 57
3037 28 58
3038 28 59
3039 28 60
3040 28 61
3041 28 62
3042 28 63
3043 28 64
3044 28 65
3045 28 66
3046 28 67
3047 28 68
3048 28 69
3049 28 70
3050 28 71
3051 28 72
3052 28 73
3053 28 74
3054 28 75
3055 28 76
3056 28 77
3057 28 78
3058 28 79
3059 28 80
3060 28 81
3061 28 82
3062 28 83
3063 28 84
3064 28 85
3065 28 86
3066 28 87
3067 28 88
3068 28 89
3069 28 90
3070 28 91
3071 28 92
3072 28 93
3073 28 94
3074 28 95
3075 28 96
3076 28 97
3077 28 98
3078 28 99
3079 28 100
3080 28 101
3081 28 102
3082 28 103
3083 28 104
3084 28 105
3085 28 106
3086 28 107
3087 28 108
3088 28 109
3089 28 110
3090 28 111
3091 28 112
3092 28 114
3093 28 115
3094 28 116
3095 28 117
3096 28 118
3097 28 119
3098 28 120
3099 28 121
3100 28 122
3101 28 123
3102 28 124
3103 28 125
3104 28 126
3105 28 127
3106 28 128
3107 28 129
3108 29 30
3109 29 31
3110 29 32
3111 29 33
3112 29 34
3113 29 35
3114 29 36
3115 29 37
3116 29 38
3117 29 39
3118 29 40
3119 29 41
3120 29 42
3121 29 43
3122 29 44
3123 29 45
3124 29 46
3125 29 47
3126 29 48
3127 29 49
3128 29 50
3129 29 51
3130 29 52
3131 29 53
3132 29 54
3133 29 55
3134 29 56
3135 29 57
3136 29 58
3137 29 59
3138 29 60
3139 29 61
3140 29 62
3141 29 63
3142 29 64
3143 29 65
3144 29 66
3145 29 67
3146 29 68
3147 29 69
3148 29 70
3149 29 71
3150 29 72
3151 29 73
3152 29 74
3153 29 75
3154 29 76
3155 29 77
3156 29 78
3157 29 79
3158 29 80
3159 29 81
3160 29 82
3161 29 83
3162 29 84
3163 29 85
3164 29 86
3165 29 87
3166 29 88
3167 29 89
3168 29 90
3169 29 91
3170 29 92
3171 29 93
3172 29 94
3173 29 95
3174 29 96
3175 29 97
3176 29 98
3177 29 99
3178 29 100
3179 29 101
3180 29 102
3181 29 103
3182 29 104
3183 29 105
3184 29 106
3185 29 107
3186 29 108
3187 29 109
3188 29 110
3189 29 111
3190 29 112
3191 29 113
3192 29 114
3193 29 115
3194 29 116
3195 29 117
3196 29 118
3197 29 119
3198 29 120
3199 29 121
3200 29 122
3201 29 123
3202 29 124
3203 29 125
3204 29 126
3205 29 127
3206 29 128
3207 29 129
3208 30 31
3209 30 32
3210 30 33
3211 30 34
3212 30 35
3213 30 36
3214 30 37
3215 30 38
3216 30 39
3217 30 40
3218 30 41
3219 30 42
3220 30 43
3221 30 44
3222 30 45
3223 30 46
3224 30 47
3225 30 48
3226 30 49
3227 30 50
3228 30 51
3229 30 52
3230 30 53
3231 30 54
3232 30 55
3233 30 56
3234 30 57
3235 30 58
3236 30 59
3237 30 60
3238 30 61
3239 30 62
3240 30 63
3241 30 64
3242 30 65
3243 30 66
3244 30 67
3245 30 68
3246 30 69
3247 30 70
3248 30 71
3249 30 72
3250 30 73
3251 30 74
3252 30 75
3253 30 76
3254 30 77
3255 30 78
3256 30 79
3257 30 80
3258 30 81
3259 30 82
3260 30 83
3261 30 84
3262 30 85
3263 30 86
3264 30 87
3265 30 88
3266 30 89
3267 30 90
3268 30 91
3269 30 92
3270 30 93
3271 30 94
3272 30 95
3273 30 96
3274 30 97
3275 30 98
3276 30 99
3277 30 100
3278 30 101
3279 30 102
3280 30 103
3281 30 104
3282 30 105
3283 30 106
3284 30 107
3285 30 108
3286 30 109
3287 30 110
3288 30 111
3289 30 112
3290 30 113
3291 30 114
3292 30 115
3293 30 116
3294 30 117
3295 30 118
3296 30 119
3297 30 120
3298 30 121
3299 30 122
3300 30 123
3301 30 124
3302 30 125
3303 30 126
3304 30 127
3305 30 128
3306 30 129
3307 31 32
3308 31 33
3309 31 34
3310 31 35
3311 31 36
3312 31 37
3313 31 38
3314 31 39
3315 31 40
3316 31 41
3317 31 42
3318 31 43
3319 31 44
3320 31 45
3321 31 46
3322 31 47
3323 31 48
3324 31 49
3325 31 50
3326 31 51
3327 31 52
3328 31 53
3329 31 54
3330 31 55
3331 31 56
3332 31 57
3333 31 58
3334 31 59
3335 31 60
3336 31 61
3337 31 62
3338 31 63
3339 31 64
3340 31 65
3341 31 66
3342 31 67
3343 31 68
3344 31 69
3345 31 70
3346 31 71
3347 31 72
3348 31 73
3349 31 74
3350 31 75
3351 31 76
3352 31 77
3353 31 78
3354 31 79
3355 31 80
3356 31 81
3357 31 82
3358 31 83
3359 31 84
3360 31 85
3361 31 86
3362 31 87
3363 31 88
3364 31 89
3365 31 90
3366 31 91
3367 31 92
3368 31 93
3369 31 94
3370 31 95
3371 31 96
3372 31 97
3373 31 98
3374 31 99
3375 31 100
3376 31 101
3377 31 102
3378 31 103
3379 31 104
3380 31 105
3381 31 106
3382 31 107
3383 31 108
3384 31 109
3385 31 110
3386 31 111
3387 31 112
3388 31 113
3389 31 114
3390 31 115
3391 31 116
3392 31 117
3393 31 118
3394 31 119
3395 31 120
3396 31 121
3397 31 122
3398 31 123
3399 31 124
3400 31 125
3401 31 126
3402 31 127
3403 31 128
3404 31 129
3405 32 33
3406 32 34
3407 32 35
3408 32 36
3409 32 37
3410 32 38
3411 32 39
3412 32 40
3413 32 41
3414 32 42
3415 32 43
3416 32 44
3417 32 45
3418 32 46
3419 32 47
3420 32 48
3421 32 49
3422 32 50
3423 32 51
3424 32 52
3425 32 53
3426 32 54
3427 32 55
3428 32 56
3429 32 57
3430 32 58
3431 32 59
3432 32 60
3433 32 61
3434 32 62
3435 32 63
3436 32 64
3437 32 65
3438 32 66
3439 32 67
3440 32 68
3441 32 69
3442 32 70
3443 32 71
3444 32 72
3445 32 73
3446 32 74
3447 32 75
3448 32 76
3449 32 77
3450 32 78
3451 32 79
3452 32 80
3453 32 81
3454 32 82
3455 32 83
3456 32 84
3457 32 85
3458 32 86
3459 32 87
3460 32 88
3461 32 89
3462 32 90
3463 32 91
3464 32 92
3465 32 93
3466 32 94
3467 32 95
3468 32 96
3469 32 97
3470 32 98
3471 32 99
3472 32 100
3473 32 101
3474 32 102
3475 32 103
3476 32 104
3477 32 105
3478 32 106
3479 32 107
3480 32 108
3481 32 109
3482 32 110
3483 32 111
3484 32 112
3485 32 113
3486 32 114
3487 32 115
3488 32 116
3489 32 117
3490 32 118
3491 32 119
3492 32 120
3493 32 121
3494 32 122
3495 32 123
3496 32 124
3497 32 125
3498 32 126
3499 32 127
3500 32 128
3501 32 129
3502 33 34
3503 33 35
3504 33 36
3505 33 37
3506 33 38
3507 33 39
3508 33 40
3509 33 41
3510 33 42
3511 33 43
3512 33 44
3513 33 45
3514 33 46
3515 33 47
3516 33 48
3517 33 49
3518 33 50
3519 33 51
3520 33 52
3521 33 53
3522 33 54
3523 33 55
3524 33 56
3525 33 57
3526 33 58
3527 33 59
3528 33 60
3529 33 61
3530 33 62
3531 33 63
3532 33 64
3533 33 65
3534 33 66
3535 33 67
3536 33 68
3537 33 69
3538 33 70
3539 33 71
3540 33 72
3541 33 73
3542 33 74
3543 33 75
3544 33 76
3545 33 77
3546 33 78
3547 33 79
3548 33 80
3549 33 81
3550 33 82
3551 33 83
3552 33 84
3553 33 85
3554 33 86
3555 33 87
3556 33 88
3557 33 89
3558 33 90
3559 33 91
3560 33 92
3561 33 93
3562 33 94
3563 33 95
3564 33 96
3565 33 97
3566 33 98
3567 33 99
3568 33 100
3569 33 101
3570 33 102
3571 33 103
3572 33 104
3573 33 105
3574 33 106
3575 33 107
3576 33 108
3577 33 109
3578 33 110
3579 33 111
3580 33 112
3581 33 113
3582 33 114
3583 33 115
3584 33 116
3585 33 117
3586 33 118
3587 33 119
3588 33 120
3589 33 121
3590 33 122
3591 33 123
3592 33 124
3593 33 125
3594 33 126
3595 33 127
3596 33 128
3597 33 129
3598 34 35
3599 34 36
3600 34 37
3601 34 38
3602 34 39
3603 34 40
3604 34 41
3605 34 42
3606 34 43
3607 34 44
3608 34 45
3609 34 46
3610 34 47
3611 34 48
3612 34 49
3613 34 50
3614 34 51
3615 34 52
3616 34 53
3617 34 54
3618 34 55
3619 34 56
3620 34 57
3621 34 58
3622 34 59
3623 34 60
3624 34 61
3625 34 62
3626 34 63
3627 34 64
3628 34 65
3629 34 66
3630 34 67
3631 34 68
3632 34 69
3633 34 70
3634 34 71
3635 34 72
3636 34 73
3637 34 74
3638 34 75
3639 34 76
3640 34 77
3641 34 78
3642 34 79
3643 34 80
3644 34 81
3645 34 82
3646 34 83
3647 34 84
3648 34 85
3649 34 86
3650 34 87
3651 34 88
3652 34 89
3653 34 90
3654 34 91
3655 34 92
3656 34 93
3657 34 94
3658 34 95
3659 34 96
3660 34 97
3661 34 98
3662 34 99
3663 34 100
3664 34 101
3665 34 102
3666 34 103
3667 34 104
3668 34 105
3669 34 106
3670 34 107
3671 34 108
3672 34 109
3673 34 110
3674 34 111
3675 34 112
3676 34 113
3677 34 114
3678 34 115
3679 34 116
3680 34 117
3681 34 118
3682 34 119
3683 34 120
3684 34 121
3685 34 122
3686 34 123
3687 34 124
3688 34 125
3689 34 126
3690 34 127
3691 34 128
3692 34 129
3693 35 36
3694 35 37
3695 35 38
3696 35 39
3697 35 40
3698 35 41
3699 35 42
3700 35 43
3701 35 44
3702 35 45
3703 35 46
3704 35 47
3705 35 48
3706 35 51
3707 35 52
3708 35 54
3709 35 55
3710 35 56
3711 35 57
3712 35 58
3713 35 59
3714 35 60
3715 35 61
3716 35 62
3717 35 63
3718 35 64
3719 35 65
3720 35 66
3721 35 67
3722 35 68
3723 35 69
3724 35 70
3725 35 71
3726 35 72
3727 35 73
3728 35 74
3729 35 75
3730 35 76
3731 35 77
3732 35 78
3733 35 79
3734 35 80
3735 35 81
3736 35 82
3737 35 83
3738 35 85
3739 35 86
3740 35 87
3741 35 88
3742 35 89
3743 35 90
3744 35 91
3745 35 92
3746 35 93
3747 35 94
3748 35 95
3749 35 96
3750 35 97
3751 35 98
3752 35 99
3753 35 100
3754 35 101
3755 35 102
3756 35 103
3757 35 104
3758 35 105
3759 35 106
3760 35 107
3761 35 109
3762 35 110
3763 35 111
3764 35 112
3765 35 113
3766 35 114
3767 35 115
3768 35 116
3769 35 117
3770 35 118
3771 35 119
3772 35 120
3773 35 121
3774 35 122
3775 35 123
3776 35 124
3777 35 125
3778 35 126
3779 35 127
3780 35 128
3781 35 129
3782 36 37
3783 36 38
3784 36 39
3785 36 40
3786 36 41
3787 36 42
3788 36 45
3789 36 46
3790 36 47
3791 36 48
3792 36 49
3793 36 50
3794 36 51
3795 36 52
3796 36 53
3797 36 54
3798 36 55
3799 36 56
3800 36 57
3801 36 58
3802 36 59
3803 36 60
3804 36 61
3805 36 62
3806 36 63
3807 36 64
3808 36 65
3809 36 66
3810 36 67
3811 36 68
3812 36 69
3813 36 70
3814 36 71
3815 36 72
3816 36 73
3817 36 74
3818 36 75
3819 36 76
3820 36 77
3821 36 78
3822 36 79
3823 36 80
3824 36 81
3825 36 82
3826 36 83
3827 36 84
3828 36 85
3829 36 86
3830 36 87
3831 36 88
3832 36 89
3833 36 90
3834 36 91
3835 36 92
3836 36 93
3837 36 94
3838 36 95
3839 36 96
3840 36 97
3841 36 98
3842 36 99
3843 36 100
3844 36 101
3845 36 102
3846 36 103
3847 36 104
3848 36 105
3849 36 106
3850 36 107
3851 36 108
3852 36 109
3853 36 110
3854 36 111
3855 36 112
3856 36 113
3857 36 114
3858 36 115
3859 36 116
3860 36 117
3861 36 118
3862 36 119
3863 36 120
3864 36 121
3865 36 122
3866 36 123
3867 36 124
3868 36 125
3869 36 126
3870 36 127
3871 36 128
3872 36 129
3873 37 38
3874 37 39
3875 37 40
3876 37 41
3877 37 42
3878 37 43
3879 37 44
3880 37 45
3881 37 46
3882 37 47
3883 37 48
3884 37 49
3885 37 50
3886 37 51
3887 37 52
3888 37 53
3889 37 54
3890 37 55
3891 37 56
3892 37 57
3893 37 58
3894 37 59
3895 37 60
3896 37 61
3897 37 62
3898 37 63
3899 37 64
3900 37 65
3901 37 66
3902 37 67
3903 37 68
3904 37 69
3905 37 70
3906 37 71
3907 37 72
3908 37 73
3909 37 74
3910 37 75
3911 37 76
3912 37 77
3913 37 78
3914 37 79
3915 37 80
3916 37 81
3917 37 82
3918 37 83
3919 37 84
3920 37 85
3921 37 86
3922 37 87
3923 37 88
3924 37 89
3925 37 90
3926 37 91
3927 37 92
3928 37 93
3929 37 94
3930 37 95
3931 37 96
3932 37 97
3933 37 98
3934 37 99
3935 37 100
3936 37 101
3937 37 102
3938 37 103
3939 37 104
3940 37 105
3941 37 106
3942 37 107
3943 37 108
3944 37 109
3945 37 110
3946 37 111
3947 37 112
3948 37 113
3949 37 114
3950 37 115
3951 37 116
3952 37 117
3953 37 118
3954 37 119
3955 37 120
3956 37 121
3957 37 122
3958 37 123
3959 37 124
3960 37 125
3961 37 126
3962 37 127
3963 37 128
3964 37 129
3965 38 39
3966 38 40
3967 38 41
3968 38 42
3969 38 43
3970 38 44
3971 38 45
3972 38 46
3973 38 47
3974 38 48
3975 38 49
3976 38 50
3977 38 51
3978 38 52
3979 38 53
3980 38 54
3981 38 55
3982 38 56
3983 38 57
3984 38 58
3985 38 59
3986 38 60
3987 38 61
3988 38 62
3989 38 63
3990 38 64
3991 38 65
3992 38 66
3993 38 67
3994 38 68
3995 38 69
3996 38 70
3997 38 71
3998 38 72
3999 38 73
4000 38 74
4001 38 75
4002 38 76
4003 38 77
4004 38 78
4005 38 79
4006 38 80
4007 38 81
4008 38 82
4009 38 83
4010 38 84
4011 38 85
4012 38 86
4013 38 87
4014 38 88
4015 38 89
4016 38 90
4017 38 91
4018 38 92
4019 38 93
4020 38 94
4021 38 95
4022 38 96
4023 38 97
4024 38 98
4025 38 99
4026 38 100
4027 38 101
4028 38 102
4029 38 103
4030 38 104
4031 38 105
4032 38 106
4033 38 107
4034 38 108
4035 38 109
4036 38 110
4037 38 111
4038 38 112
4039 38 113
4040 38 114
4041 38 115
4042 38 116
4043 38 117
4044 38 118
4045 38 119
4046 38 120
4047 38 121
4048 38 122
4049 38 123
4050 38 124
4051 38 125
4052 38 126
4053 38 127
4054 38 128
4055 38 129
4056 39 40
4057 39 41
4058 39 42
4059 39 43
4060 39 44
4061 39 45
4062 39 46
4063 39 47
4064 39 48
4065 39 49
4066 39 50
4067 39 51
4068 39 52
4069 39 53
4070 39 54
4071 39 55
4072 39 56
4073 39 57
4074 39 58
4075 39 59
4076 39 60
4077 39 61
4078 39 62
4079 39 63
4080 39 64
4081 39 65
4082 39 66
4083 39 67
4084 39 68
4085 39 69
4086 39 70
4087 39 71
4088 39 72
4089 39 73
4090 39 74
4091 39 75
4092 39 76
4093 39 77
4094 39 78
4095 39 79
4096 39 80
4097 39 81
4098 39 82
4099 39 83
4100 39 84
4101 39 85
4102 39 86
4103 39 87
4104 39 88
4105 39 89
4106 39 90
4107 39 91
4108 39 92
4109 39 93
4110 39 94
4111 39 95
4112 39 96
4113 39 97
4114 39 98
4115 39 99
4116 39 100
4117 39 101
4118 39 102
4119 39 103
4120 39 104
4121 39 105
4122 39 106
4123 39 107
4124 39 108
4125 39 109
4126 39 110
4127 39 111
4128 39 112
4129 39 113
4130 39 114
4131 39 115
4132 39 116
4133 39 117
4134 39 118
4135 39 119
4136 39 120
4137 39 121
4138 39 122
4139 39 123
4140 39 124
4141 39 125
4142 39 126
4143 39 127
4144 39 128
4145 39 129
4146 40 41
4147 40 42
4148 40 43
4149 40 44
4150 40 45
4151 40 46
4152 40 47
4153 40 48
4154 40 49
4155 40 50
4156 40 51
4157 40 52
4158 40 53
4159 40 54
4160 40 55
4161 40 56
4162 40 57
4163 40 58
4164 40 59
4165 40 60
4166 40 61
4167 40 62
4168 40 63
4169 40 64
4170 40 65
4171 40 66
4172 40 67
4173 40 68
4174 40 69
4175 40 70
4176 40 71
4177 40 72
4178 40 73
4179 40 74
4180 40 75
4181 40 76
4182 40 77
4183 40 78
4184 40 79
4185 40 80
4186 40 81
4187 40 82
4188 40 83
4189 40 84
4190 40 85
4191 40 86
4192 40 87
4193 40 88
4194 40 89
4195 40 90
4196 40 91
4197 40 92
4198 40 93
4199 40 94
4200 40 95
4201 40 96
4202 40 97
4203 40 98
4204 40 99
4205 40 100
4206 40 101
4207 40 102
4208 40 103
4209 40 104
4210 40 105
4211 40 106
4212 40 107
4213 40 108
4214 40 109
4215 40 110
4216 40 111
4217 40 112
4218 40 113
4219 40 114
4220 40 115
4221 40 116
4222 40 117
4223 40 118
4224 40 119
4225 40 120
4226 40 121
4227 40 122
4228 40 123
4229 40 124
4230 40 125
4231 40 126
4232 40 127
4233 40 128
4234 40 129
4235 41 42
4236 41 45
4237 41 46
4238 41 47
4239 41 48
4240 41 49
4241 41 50
4242 41 51
4243 41 52
4244 41 53
4245 41 54
4246 41 55
4247 41 56
4248 41 57
4249 41 58
4250 41 59
4251 41 60
4252 41 61
4253 41 62
4254 41 63
4255 41 64
4256 41 65
4257 41 66
4258 41 67
4259 41 68
4260 41 69
4261 41 70
4262 41 71
4263 41 72
4264 41 73
4265 41 74
4266 41 75
4267 41 76
4268 41 77
4269 41 78
4270 41 79
4271 41 80
4272 41 81
4273 41 82
4274 41 83
4275 41 84
4276 41 85
4277 41 86
4278 41 87
4279 41 88
4280 41 89
4281 41 90
4282 41 91
4283 41 92
4284 41 93
4285 41 94
4286 41 95
4287 41 96
4288 41 97
4289 41 98
4290 41 99
4291 41 100
4292 41 101
4293 41 102
4294 41 103
4295 41 104
4296 41 105
4297 41 106
4298 41 107
4299 41 108
4300 41 109
4301 41 110
4302 41 111
4303 41 112
4304 41 113
4305 41 114
4306 41 115
4307 41 116
4308 41 117
4309 41 118
4310 41 119
4311 41 120
4312 41 121
4313 41 122
4314 41 123
4315 41 124
4316 41 125
4317 41 126
4318 41 127
4319 41 128
4320 41 129
4321 42 43
4322 42 44
4323 42 45
4324 42 46
4325 42 47
4326 42 48
4327 42 49
4328 42 50
4329 42 51
4330 42 52
4331 42 53
4332 42 54
4333 42 55
4334 42 56
4335 42 57
4336 42 58
4337 42 59
4338 42 60
4339 42 61
4340 42 62
4341 42 63
4342 42 64
4343 42 65
4344 42 66
4345 42 67
4346 42 68
4347 42 69
4348 42 70
4349 42 71
4350 42 72
4351 42 73
4352 42 74
4353 42 75
4354 42 76
4355 42 77
4356 42 78
4357 42 79
4358 42 80
4359 42 81
4360 42 82
4361 42 83
4362 42 84
4363 42 85
4364 42 86
4365 42 87
4366 42 88
4367 42 89
4368 42 90
4369 42 91
4370 42 92
4371 42 93
4372 42 94
4373 42 95
4374 42 96
4375 42 97
4376 42 98
4377 42 99
4378 42 100
4379 42 101
4380 42 102
4381 42 103
4382 42 104
4383 42 105
4384 42 106
4385 42 107
4386 42 108
4387 42 109
4388 42 110
4389 42 111
4390 42 112
4391 42 113
4392 42 114
4393 42 115
4394 42 116
4395 42 117
4396 42 118
4397 42 119
4398 42 120
4399 42 121
4400 42 122
4401 42 123
4402 42 124
4403 42 125
4404 42 126
4405 42 127
4406 42 128
4407 42 129
4408 43 44
4409 43 45
4410 43 46
4411 43 47
4412 43 48
4413 43 50
4414 43 51
4415 43 52
4416 43 53
4417 43 54
4418 43 55
4419 43 56
4420 43 57
4421 43 58
4422 43 59
4423 43 60
4424 43 61
4425 43 62
4426 43 63
4427 43 64
4428 43 65
4429 43 66
4430 43 67
4431 43 68
4432 43 69
4433 43 70
4434 43 71
4435 43 72
4436 43 73
4437 43 74
4438 43 75
4439 43 76
4440 43 77
4441 43 78
4442 43 79
4443 43 80
4444 43 81
4445 43 82
4446 43 83
4447 43 84
4448 43 85
4449 43 86
4450 43 87
4451 43 88
4452 43 89
4453 43 90
4454 43 91
4455 43 92
4456 43 93
4457 43 94
4458 43 96
4459 43 97
4460 43 98
4461 43 99
4462 43 100
4463 43 101
4464 43 102
4465 43 103
4466 43 104
4467 43 105
4468 43 106
4469 43 107
4470 43 108
4471 43 109
4472 43 110
4473 43 111
4474 43 112
4475 43 113
4476 43 114
4477 43 115
4478 43 116
4479 43 117
4480 43 118
4481 43 119
4482 43 120
4483 43 121
4484 43 122
4485 43 123
4486 43 124
4487 43 125
4488 43 126
4489 43 127
4490 43 128
4491 43 129
4492 44 45
4493 44 46
4494 44 47
4495 44 48
4496 44 49
4497 44 50
4498 44 52
4499 44 54
4500 44 55
4501 44 56
4502 44 57
4503 44 59
4504 44 60
4505 44 61
4506 44 63
4507 44 65
4508 44 66
4509 44 67
4510 44 68
4511 44 69
4512 44 70
4513 44 71
4514 44 72
4515 44 73
4516 44 74
4517 44 75
4518 44 76
4519 44 77
4520 44 78
4521 44 79
4522 44 80
4523 44 81
4524 44 82
4525 44 83
4526 44 85
4527 44 86
4528 44 87
4529 44 88
4530 44 89
4531 44 90
4532 44 91
4533 44 92
4534 44 93
4535 44 94
4536 44 95
4537 44 96
4538 44 97
4539 44 98
4540 44 99
4541 44 100
4542 44 101
4543 44 103
4544 44 104
4545 44 105
4546 44 106
4547 44 107
4548 44 108
4549 44 109
4550 44 110
4551 44 111
4552 44 112
4553 44 114
4554 44 115
4555 44 116
4556 44 117
4557 44 118
4558 44 119
4559 44 120
4560 44 121
4561 44 122
4562 44 123
4563 44 124
4564 44 125
4565 44 126
4566 44 127
4567 44 128
4568 45 46
4569 45 47
4570 45 48
4571 45 49
4572 45 50
4573 45 51
4574 45 52
4575 45 53
4576 45 54
4577 45 55
4578 45 56
4579 45 57
4580 45 58
4581 45 60
4582 45 61
4583 45 62
4584 45 63
4585 45 64
4586 45 65
4587 45 66
4588 45 67
4589 45 68
4590 45 69
4591 45 70
4592 45 71
4593 45 72
4594 45 73
4595 45 74
4596 45 75
4597 45 76
4598 45 77
4599 45 78
4600 45 79
4601 45 80
4602 45 81
4603 45 82
4604 45 83
4605 45 84
4606 45 85
4607 45 86
4608 45 87
4609 45 88
4610 45 89
4611 45 90
4612 45 91
4613 45 92
4614 45 93
4615 45 94
4616 45 95
4617 45 96
4618 45 97
4619 45 98
4620 45 99
4621 45 100
4622 45 101
4623 45 102
4624 45 103
4625 45 104
4626 45 105
4627 45 106
4628 45 107
4629 45 108
4630 45 109
4631 45 110
4632 45 111
4633 45 112
4634 45 113
4635 45 114
4636 45 115
4637 45 116
4638 45 117
4639 45 118
4640 45 119
4641 45 120
4642 45 121
4643 45 122
4644 45 123
4645 45 124
4646 45 125
4647 45 126
4648 45 127
4649 45 128
4650 45 129
4651 46 47
4652 46 48
4653 46 49
4654 46 50
4655 46 51
4656 46 52
4657 46 53
4658 46 54
4659 46 55
4660 46 56
4661 46 57
4662 46 58
4663 46 59
4664 46 60
4665 46 61
4666 46 62
4667 46 63
4668 46 64
4669 46 65
4670 46 66
4671 46 67
4672 46 68
4673 46 69
4674 46 70
4675 46 71
4676 46 72
4677 46 73
4678 46 74
4679 46 75
4680 46 76
4681 46 77
4682 46 78
4683 46 79
4684 46 80
4685 46 81
4686 46 82
4687 46 83
4688 46 84
4689 46 85
4690 46 86
4691 46 87
4692 46 88
4693 46 89
4694 46 90
4695 46 91
4696 46 92
4697 46 93
4698 46 94
4699 46 95
4700 46 96
4701 46 97
4702 46 98
4703 46 99
4704 46 100
4705 46 101
4706 46 102
4707 46 103
4708 46 104
4709 46 105
4710 46 106
4711 46 107
4712 46 108
4713 46 109
4714 46 110
4715 46 111
4716 46 112
4717 46 113
4718 46 114
4719 46 115
4720 46 116
4721 46 117
4722 46 118
4723 46 119
4724 46 120
4725 46 121
4726 46 122
4727 46 123
4728 46 124
4729 46 125
4730 46 126
4731 46 127
4732 46 128
4733 46 129
4734 47 48
4735 47 49
4736 47 50
4737 47 51
4738 47 52
4739 47 53
4740 47 54
4741 47 55
4742 47 56
4743 47 57
4744 47 58
4745 47 59
4746 47 60
4747 47 61
4748 47 62
4749 47 63
4750 47 64
4751 47 65
4752 47 66
4753 47 67
4754 47 68
4755 47 69
4756 47 70
4757 47 71
4758 47 72
4759 47 73
4760 47 74
4761 47 75
4762 47 76
4763 47 77
4764 47 78
4765 47 79
4766 47 80
4767 47 81
4768 47 82
4769 47 83
4770 47 84
4771 47 85
4772 47 86
4773 47 87
4774 47 88
4775 47 89
4776 47 90
4777 47 91
4778 47 92
4779 47 93
4780 47 94
4781 47 95
4782 47 96
4783 47 97
4784 47 98
4785 47 99
4786 47 100
4787 47 101
4788 47 102
4789 47 103
4790 47 104
4791 47 105
4792 47 106
4793 47 107
4794 47 108
4795 47 109
4796 47 110
4797 47 111
4798 47 112
4799 47 113
4800 47 114
4801 47 115
4802 47 116
4803 47 117
4804 47 118
4805 47 119
4806 47 120
4807 47 121
4808 47 122
4809 47 123
4810 47 124
4811 47 125
4812 47 126
4813 47 127
4814 47 128
4815 47 129
4816 48 50
4817 48 51
4818 48 52
4819 48 54
4820 48 55
4821 48 56
4822 48 57
4823 48 58
4824 48 59
4825 48 60
4826 48 61
4827 48 62
4828 48 63
4829 48 64
4830 48 65
4831 48 66
4832 48 67
4833 48 68
4834 48 69
4835 48 70
4836 48 71
4837 48 72
4838 48 73
4839 48 74
4840 48 75
4841 48 76
4842 48 77
4843 48 78
4844 48 79
4845 48 80
4846 48 81
4847 48 82
4848 48 83
4849 48 85
4850 48 86
4851 48 87
4852 48 88
4853 48 89
4854 48 90
4855 48 91
4856 48 92
4857 48 93
4858 48 94
4859 48 95
4860 48 96
4861 48 97
4862 48 98
4863 48 99
4864 48 100
4865 48 101
4866 48 102
4867 48 103
4868 48 104
4869 48 105
4870 48 106
4871 48 107
4872 48 108
4873 48 109
4874 48 110
4875 48 111
4876 48 112
4877 48 113
4878 48 114
4879 48 115
4880 48 116
4881 48 117
4882 48 118
4883 48 119
4884 48 120
4885 48 121
4886 48 122
4887 48 123
4888 48 124
4889 48 125
4890 48 126
4891 48 127
4892 48 128
4893 48 129
4894 49 50
4895 49 51
4896 49 52
4897 49 53
4898 49 54
4899 49 55
4900 49 56
4901 49 57
4902 49 58
4903 49 59
4904 49 60
4905 49 61
4906 49 62
4907 49 63
4908 49 64
4909 49 65
4910 49 66
4911 49 67
4912 49 68
4913 49 69
4914 49 70
4915 49 71
4916 49 72
4917 49 73
4918 49 74
4919 49 75
4920 49 76
4921 49 78
4922 49 79
4923 49 80
4924 49 81
4925 49 82
4926 49 83
4927 49 84
4928 49 85
4929 49 86
4930 49 87
4931 49 88
4932 49 89
4933 49 90
4934 49 91
4935 49 92
4936 49 93
4937 49 94
4938 49 95
4939 49 96
4940 49 97
4941 49 98
4942 49 99
4943 49 100
4944 49 101
4945 49 102
4946 49 103
4947 49 104
4948 49 105
4949 49 106
4950 49 107
4951 49 108
4952 49 109
4953 49 110
4954 49 111
4955 49 112
4956 49 113
4957 49 114
4958 49 115
4959 49 116
4960 49 117
4961 49 118
4962 49 119
4963 49 120
4964 49 121
4965 49 122
4966 49 123
4967 49 124
4968 49 125
4969 49 126
4970 49 127
4971 49 128
4972 49 129
4973 50 51
4974 50 52
4975 50 54
4976 50 55
4977 50 56
4978 50 57
4979 50 58
4980 50 59
4981 50 60
4982 50 61
4983 50 62
4984 50 63
4985 50 64
4986 50 65
4987 50 66
4988 50 67
4989 50 68
4990 50 69
4991 50 71
4992 50 72
4993 50 73
4994 50 74
4995 50 75
4996 50 76
4997 50 78
4998 50 79
4999 50 80
5000 50 82
5001 50 83
5002 50 85
5003 50 86
5004 50 87
5005 50 88
5006 50 89
5007 50 90
5008 50 91
5009 50 92
5010 50 93
5011 50 94
5012 50 95
5013 50 96
5014 50 97
5015 50 98
5016 50 100
5017 50 101
5018 50 102
5019 50 103
5020 50 104
5021 50 105
5022 50 106
5023 50 107
5024 50 108
5025 50 109
5026 50 110
5027 50 111
5028 50 112
5029 50 113
5030 50 114
5031 50 115
5032 50 116
5033 50 117
5034 50 118
5035 50 119
5036 50 120
5037 50 121
5038 50 122
5039 50 123
5040 50 125
5041 50 126
5042 50 127
5043 50 128
5044 50 129
5045 51 52
5046 51 53
5047 51 54
5048 51 55
5049 51 56
5050 51 57
5051 51 58
5052 51 59
5053 51 60
5054 51 61
5055 51 62
5056 51 63
5057 51 64
5058 51 65
5059 51 66
5060 51 67
5061 51 68
5062 51 69
5063 51 71
5064 51 72
5065 51 73
5066 51 74
5067 51 75
5068 51 76
5069 51 77
5070 51 78
5071 51 79
5072 51 80
5073 51 81
5074 51 82
5075 51 83
5076 51 84
5077 51 85
5078 51 86
5079 51 87
5080 51 88
5081 51 89
5082 51 90
5083 51 91
5084 51 92
5085 51 93
5086 51 94
5087 51 95
5088 51 96
5089 51 97
5090 51 98
5091 51 99
5092 51 100
5093 51 101
5094 51 102
5095 51 103
5096 51 104
5097 51 105
5098 51 106
5099 51 107
5100 51 108
5101 51 109
5102 51 110
5103 51 111
5104 51 112
5105 51 113
5106 51 114
5107 51 115
5108 51 116
5109 51 117
5110 51 118
5111 51 119
5112 51 120
5113 51 121
5114 51 123
5115 51 124
5116 51 125
5117 51 126
5118 51 127
5119 51 128
5120 51 129
5121 52 53
5122 52 54
5123 52 55
5124 52 56
5125 52 57
5126 52 58
5127 52 59
5128 52 60
5129 52 61
5130 52 62
5131 52 63
5132 52 64
5133 52 65
5134 52 66
5135 52 67
5136 52 68
5137 52 69
5138 52 70
5139 52 71
5140 52 72
5141 52 73
5142 52 74
5143 52 75
5144 52 76
5145 52 77
5146 52 78
5147 52 79
5148 52 80
5149 52 81
5150 52 82
5151 52 83
5152 52 84
5153 52 85
5154 52 86
5155 52 87
5156 52 88
5157 52 89
5158 52 90
5159 52 91
5160 52 92
5161 52 93
5162 52 94
5163 52 95
5164 52 96
5165 52 97
5166 52 98
5167 52 99
5168 52 100
5169 52 101
5170 52 102
5171 52 103
5172 52 104
5173 52 105
5174 52 106
5175 52 107
5176 52 108
5177 52 109
5178 52 110
5179 52 111
5180 52 112
5181 52 113
5182 52 114
5183 52 115
5184 52 116
5185 52 117
5186 52 118
5187 52 119
5188 52 120
5189 52 121
5190 52 122
5191 52 123
5192 52 124
5193 52 125
5194 52 126
5195 52 127
5196 52 128
5197 52 129
5198 53 54
5199 53 55
5200 53 56
5201 53 57
5202 53 58
5203 53 59
5204 53 60
5205 53 61
5206 53 62
5207 53 63
5208 53 64
5209 53 65
5210 53 66
5211 53 67
5212 53 68
5213 53 69
5214 53 70
5215 53 71
5216 53 72
5217 53 73
5218 53 74
5219 53 75
5220 53 76
5221 53 78
5222 53 79
5223 53 80
5224 53 81
5225 53 82
5226 53 84
5227 53 85
5228 53 86
5229 53 87
5230 53 88
5231 53 89
5232 53 90
5233 53 91
5234 53 92
5235 53 93
5236 53 94
5237 53 95
5238 53 96
5239 53 97
5240 53 98
5241 53 99
5242 53 100
5243 53 101
5244 53 102
5245 53 103
5246 53 104
5247 53 105
5248 53 106
5249 53 107
5250 53 108
5251 53 109
5252 53 110
5253 53 111
5254 53 112
5255 53 113
5256 53 114
5257 53 115
5258 53 116
5259 53 117
5260 53 118
5261 53 119
5262 53 120
5263 53 121
5264 53 122
5265 53 123
5266 53 124
5267 53 125
5268 53 126
5269 53 127
5270 53 128
5271 53 129
5272 54 55
5273 54 56
5274 54 57
5275 54 58
5276 54 59
5277 54 60
5278 54 61
5279 54 62
5280 54 63
5281 54 64
5282 54 65
5283 54 66
5284 54 67
5285 54 68
5286 54 69
5287 54 70
5288 54 71
5289 54 72
5290 54 73
5291 54 74
5292 54 75
5293 54 76
5294 54 77
5295 54 78
5296 54 79
5297 54 80
5298 54 81
5299 54 82
5300 54 83
5301 54 84
5302 54 85
5303 54 86
5304 54 87
5305 54 88
5306 54 89
5307 54 90
5308 54 91
5309 54 92
5310 54 93
5311 54 94
5312 54 95
5313 54 96
5314 54 97
5315 54 98
5316 54 99
5317 54 100
5318 54 101
5319 54 102
5320 54 103
5321 54 104
5322 54 105
5323 54 106
5324 54 107
5325 54 108
5326 54 109
5327 54 110
5328 54 111
5329 54 112
5330 54 113
5331 54 114
5332 54 115
5333 54 116
5334 54 117
5335 54 118
5336 54 119
5337 54 120
5338 54 121
5339 54 122
5340 54 123
5341 54 124
5342 54 125
5343 54 126
5344 54 127
5345 54 128
5346 54 129
5347 55 56
5348 55 57
5349 55 58
5350 55 59
5351 55 60
5352 55 61
5353 55 62
5354 55 63
5355 55 64
5356 55 65
5357 55 66
5358 55 67
5359 55 68
5360 55 69
5361 55 70
5362 55 71
5363 55 72
5364 55 73
5365 55 74
5366 55 75
5367 55 76
5368 55 77
5369 55 78
5370 55 79
5371 55 80
5372 55 81
5373 55 82
5374 55 83
5375 55 84
5376 55 85
5377 55 86
5378 55 87
5379 55 88
5380 55 89
5381 55 90
5382 55 91
5383 55 92
5384 55 93
5385 55 94
5386 55 95
5387 55 96
5388 55 97
5389 55 98
5390 55 99
5391 55 100
5392 55 101
5393 55 102
5394 55 103
5395 55 104
5396 55 105
5397 55 106
5398 55 107
5399 55 108
5400 55 109
5401 55 110
5402 55 111
5403 55 112
5404 55 113
5405 55 114
5406 55 115
5407 55 116
5408 55 117
5409 55 118
5410 55 119
5411 55 120
5412 55 121
5413 55 122
5414 55 123
5415 55 124
5416 55 125
5417 55 126
5418 55 127
5419 55 128
5420 55 129
5421 56 57
5422 56 58
5423 56 59
5424 56 60
5425 56 61
5426 56 62
5427 56 63
5428 56 64
5429 56 65
5430 56 66
5431 56 67
5432 56 68
5433 56 69
5434 56 70
5435 56 71
5436 56 72
5437 56 73
5438 56 74
5439 56 75
5440 56 76
5441 56 77
5442 56 78
5443 56 79
5444 56 80
5445 56 81
5446 56 82
5447 56 83
5448 56 84
5449 56 85
5450 56 86
5451 56 87
5452 56 88
5453 56 89
5454 56 90
5455 56 91
5456 56 92
5457 56 93
5458 56 94
5459 56 95
5460 56 96
5461 56 97
5462 56 98
5463 56 99
5464 56 100
5465 56 101
5466 56 102
5467 56 103
5468 56 104
5469 56 105
5470 56 106
5471 56 107
5472 56 108
5473 56 109
5474 56 110
5475 56 111
5476 56 112
5477 56 113
5478 56 114
5479 56 115
5480 56 116
5481 56 117
5482 56 118
5483 56 119
5484 56 120
5485 56 121
5486 56 122
5487 56 123
5488 56 124
5489 56 125
5490 56 126
5491 56 127
5492 56 128
5493 56 129
5494 57 58
5495 57 59
5496 57 60
5497 57 61
5498 57 62
5499 57 63
5500 57 64
5501 57 65
5502 57 66
5503 57 67
5504 57 68
5505 57 69
5506 57 70
5507 57 71
5508 57 72
5509 57 73
5510 57 74
5511 57 75
5512 57 76
5513 57 77
5514 57 78
5515 57 79
5516 57 80
5517 57 81
5518 57 82
5519 57 83
5520 57 84
5521 57 85
5522 57 86
5523 57 87
5524 57 88
5525 57 89
5526 57 90
5527 57 91
5528 57 92
5529 57 93
5530 57 94
5531 57 95
5532 57 96
5533 57 97
5534 57 98
5535 57 99
5536 57 100
5537 57 101
5538 57 102
5539 57 103
5540 57 104
5541 57 105
5542 57 106
5543 57 107
5544 57 108
5545 57 109
5546 57 110
5547 57 111
5548 57 112
5549 57 113
5550 57 114
5551 57 115
5552 57 116
5553 57 117
5554 57 118
5555 57 120
5556 57 121
5557 57 122
5558 57 123
5559 57 124
5560 57 125
5561 57 126
5562 57 127
5563 57 128
5564 57 129
5565 58 59
5566 58 60
5567 58 61
5568 58 62
5569 58 63
5570 58 64
5571 58 65
5572 58 66
5573 58 67
5574 58 68
5575 58 69
5576 58 71
5577 58 72
5578 58 73
5579 58 74
5580 58 75
5581 58 76
5582 58 77
5583 58 78
5584 58 79
5585 58 80
5586 58 81
5587 58 82
5588 58 83
5589 58 84
5590 58 85
5591 58 86
5592 58 87
5593 58 88
5594 58 89
5595 58 90
5596 58 91
5597 58 92
5598 58 93
5599 58 94
5600 58 95
5601 58 96
5602 58 97
5603 58 98
5604 58 99
5605 58 100
5606 58 101
5607 58 102
5608 58 103
5609 58 104
5610 58 105
5611 58 106
5612 58 107
5613 58 108
5614 58 109
5615 58 110
5616 58 111
5617 58 112
5618 58 113
5619 58 114
5620 58 115
5621 58 116
5622 58 117
5623 58 118
5624 58 119
5625 58 120
5626 58 121
5627 58 123
5628 58 124
5629 58 125
5630 58 126
5631 58 127
5632 58 128
5633 58 129
5634 59 60
5635 59 61
5636 59 62
5637 59 63
5638 59 64
5639 59 65
5640 59 66
5641 59 67
5642 59 68
5643 59 69
5644 59 70
5645 59 71
5646 59 72
5647 59 73
5648 59 74
5649 59 75
5650 59 76
5651 59 77
5652 59 78
5653 59 79
5654 59 80
5655 59 81
5656 59 82
5657 59 83
5658 59 84
5659 59 85
5660 59 86
5661 59 87
5662 59 88
5663 59 89
5664 59 90
5665 59 91
5666 59 92
5667 59 93
5668 59 94
5669 59 95
5670 59 96
5671 59 97
5672 59 98
5673 59 99
5674 59 100
5675 59 101
5676 59 102
5677 59 103
5678 59 104
5679 59 105
5680 59 106
5681 59 107
5682 59 108
5683 59 109
5684 59 110
5685 59 111
5686 59 112
5687 59 113
5688 59 114
5689 59 115
5690 59 116
5691 59 117
5692 59 118
5693 59 119
5694 59 120
5695 59 121
5696 59 122
5697 59 123
5698 59 124
5699 59 125
5700 59 126
5701 59 127
5702 59 128
5703 59 129
5704 60 61
5705 60 62
5706 60 63
5707 60 64
5708 60 65
5709 60 66
5710 60 67
5711 60 68
5712 60 69
5713 60 70
5714 60 71
5715 60 72
5716 60 73
5717 60 74
5718 60 75
5719 60 76
5720 60 77
5721 60 78
5722 60 79
5723 60 80
5724 60 81
5725 60 82
5726 60 83
5727 60 84
5728 60 85
5729 60 86
5730 60 87
5731 60 88
5732 60 89
5733 60 90
5734 60 91
5735 60 92
5736 60 93
5737 60 94
5738 60 95
5739 60 96
5740 60 97
5741 60 98
5742 60 99
5743 60 100
5744 60 101
5745 60 102
5746 60 103
5747 60 104
5748 60 105
5749 60 106
5750 60 107
5751 60 108
5752 60 109
5753 60 110
5754 60 111
5755 60 112
5756 60 113
5757 60 114
5758 60 115
5759 60 116
5760 60 117
5761 60 118
5762 60 119
5763 60 120
5764 60 121
5765 60 122
5766 60 123
5767 60 124
5768 60 125
5769 60 126
5770 60 127
5771 60 128
5772 60 129
5773 61 62
5774 61 63
5775 61 64
5776 61 65
5777 61 66
5778 61 67
5779 61 68
5780 61 69
5781 61 70
5782 61 71
5783 61 72
5784 61 73
5785 61 74
5786 61 75
5787 61 76
5788 61 77
5789 61 78
5790 61 79
5791 61 80
5792 61 81
5793 61 82
5794 61 83
5795 61 84
5796 61 85
5797 61 86
5798 61 87
5799 61 88
5800 61 89
5801 61 90
5802 61 91
5803 61 92
5804 61 93
5805 61 94
5806 61 95
5807 61 96
5808 61 97
5809 61 98
5810 61 99
5811 61 100
5812 61 101
5813 61 102
5814 61 103
5815 61 104
5816 61 105
5817 61 106
5818 61 107
5819 61 108
5820 61 109
5821 61 110
5822 61 111
5823 61 112
5824 61 113
5825 61 114
5826 61 115
5827 61 116
5828 61 117
5829 61 118
5830 61 119
5831 61 120
5832 61 121
5833 61 122
5834 61 123
5835 61 124
5836 61 125
5837 61 126
5838 61 127
5839 61 128
5840 61 129
5841 62 63
5842 62 64
5843 62 65
5844 62 66
5845 62 67
5846 62 68
5847 62 69
5848 62 71
5849 62 72
5850 62 73
5851 62 74
5852 62 75
5853 62 76
5854 62 77
5855 62 78
5856 62 79
5857 62 80
5858 62 81
5859 62 82
5860 62 83
5861 62 84
5862 62 85
5863 62 86
5864 62 87
5865 62 88
5866 62 89
5867 62 90
5868 62 91
5869 62 92
5870 62 93
5871 62 94
5872 62 95
5873 62 96
5874 62 97
5875 62 98
5876 62 99
5877 62 100
5878 62 101
5879 62 102
5880 62 103
5881 62 104
5882 62 105
5883 62 106
5884 62 107
5885 62 108
5886 62 109
5887 62 110
5888 62 111
5889 62 112
5890 62 113
5891 62 114
5892 62 115
5893 62 116
5894 62 117
5895 62 118
5896 62 119
5897 62 120
5898 62 121
5899 62 123
5900 62 124
5901 62 125
5902 62 126
5903 62 127
5904 62 128
5905 62 129
5906 63 64
5907 63 65
5908 63 66
5909 63 67
5910 63 68
5911 63 69
5912 63 70
5913 63 71
5914 63 72
5915 63 73
5916 63 74
5917 63 75
5918 63 76
5919 63 77
5920 63 78
5921 63 79
5922 63 80
5923 63 81
5924 63 82
5925 63 83
5926 63 84
5927 63 85
5928 63 86
5929 63 87
5930 63 88
5931 63 89
5932 63 90
5933 63 91
5934 63 92
5935 63 93
5936 63 94
5937 63 95
5938 63 96
5939 63 97
5940 63 98
5941 63 99
5942 63 100
5943 63 101
5944 63 102
5945 63 103
5946 63 104
5947 63 105
5948 63 106
5949 63 107
5950 63 108
5951 63 109
5952 63 110
5953 63 111
5954 63 112
5955 63 113
5956 63 114
5957 63 115
5958 63 116
5959 63 117
5960 63 118
5961 63 119
5962 63 120
5963 63 121
5964 63 122
5965 63 123
5966 63 124
5967 63 125
5968 63 126
5969 63 127
5970 63 128
5971 63 129
5972 64 65
5973 64 66
5974 64 67
5975 64 68
5976 64 69
5977 64 71
5978 64 72
5979 64 73
5980 64 74
5981 64 75
5982 64 76
5983 64 77
5984 64 78
5985 64 79
5986 64 80
5987 64 81
5988 64 82
5989 64 83
5990 64 84
5991 64 85
5992 64 86
5993 64 87
5994 64 88
5995 64 89
5996 64 90
5997 64 91
5998 64 92
5999 64 93
6000 64 94
6001 64 95
6002 64 96
6003 64 97
6004 64 98
6005 64 99
6006 64 100
6007 64 101
6008 64 102
6009 64 103
6010 64 104
6011 64 105
6012 64 106
6013 64 107
6014 64 108
6015 64 109
6016 64 110
6017 64 111
6018 64 112
6019 64 113
6020 64 114
6021 64 115
6022 64 116
6023 64 117
6024 64 118
6025 64 119
6026 64 120
6027 64 121
6028 64 122
6029 64 123
6030 64 124
6031 64 125
6032 64 126
6033 64 127
6034 64 128
6035 64 129
6036 65 66
6037 65 67
6038 65 68
6039 65 69
6040 65 70
6041 65 71
6042 65 72
6043 65 73
6044 65 74
6045 65 75
6046 65 76
6047 65 77
6048 65 78
6049 65 79
6050 65 80
6051 65 81
6052 65 82
6053 65 83
6054 65 84
6055 65 85
6056 65 86
6057 65 87
6058 65 88
6059 65 89
6060 65 90
6061 65 91
6062 65 92
6063 65 93
6064 65 94
6065 65 95
6066 65 96
6067 65 97
6068 65 98
6069 65 99
6070 65 100
6071 65 101
6072 65 102
6073 65 103
6074 65 104
6075 65 105
6076 65 106
6077 65 107
6078 65 108
6079 65 109
6080 65 110
6081 65 111
6082 65 112
6083 65 113
6084 65 114
6085 65 115
6086 65 116
6087 65 117
6088 65 118
6089 65 119
6090 65 120
6091 65 121
6092 65 122
6093 65 123
6094 65 124
6095 65 125
6096 65 126
6097 65 127
6098 65 128
6099 65 129
6100 66 67
6101 66 68
6102 66 69
6103 66 70
6104 66 71
6105 66 72
6106 66 73
6107 66 74
6108 66 75
6109 66 76
6110 66 77
6111 66 78
6112 66 79
6113 66 80
6114 66 81
6115 66 82
6116 66 83
6117 66 84
6118 66 85
6119 66 86
6120 66 87
6121 66 88
6122 66 89
6123 66 90
6124 66 91
6125 66 92
6126 66 93
6127 66 94
6128 66 95
6129 66 96
6130 66 97
6131 66 98
6132 66 99
6133 66 100
6134 66 101
6135 66 102
6136 66 103
6137 66 104
6138 66 105
6139 66 106
6140 66 107
6141 66 108
6142 66 109
6143 66 110
6144 66 111
6145 66 112
6146 66 113
6147 66 114
6148 66 115
6149 66 116
6150 66 117
6151 66 118
6152 66 119
6153 66 120
6154 66 121
6155 66 122
6156 66 123
6157 66 124
6158 66 125
6159 66 126
6160 66 127
6161 66 128
6162 66 129
6163 67 68
6164 67 69
6165 67 70
6166 67 71
6167 67 72
6168 67 73
6169 67 74
6170 67 75
6171 67 76
6172 67 77
6173 67 78
6174 67 79
6175 67 80
6176 67 81
6177 67 82
6178 67 83
6179 67 84
6180 67 85
6181 67 86
6182 67 87
6183 67 88
6184 67 89
6185 67 90
6186 67 91
6187 67 92
6188 67 93
6189 67 94
6190 67 95
6191 67 96
6192 67 97
6193 67 98
6194 67 99
6195 67 100
6196 67 101
6197 67 102
6198 67 103
6199 67 104
6200 67 105
6201 67 106
6202 67 107
6203 67 108
6204 67 109
6205 67 110
6206 67 111
6207 67 112
6208 67 113
6209 67 114
6210 67 115
6211 67 116
6212 67 117
6213 67 118
6214 67 119
6215 67 120
6216 67 121
6217 67 122
6218 67 123
6219 67 124
6220 67 125
6221 67 126
6222 67 127
6223 67 128
6224 67 129
6225 68 69
6226 68 70
6227 68 71
6228 68 72
6229 68 73
6230 68 74
6231 68 75
6232 68 76
6233 68 77
6234 68 78
6235 68 79
6236 68 80
6237 68 81
6238 68 82
6239 68 83
6240 68 84
6241 68 85
6242 68 86
6243 68 87
6244 68 88
6245 68 89
6246 68 90
6247 68 91
6248 68 92
6249 68 93
6250 68 94
6251 68 95
6252 68 96
6253 68 97
6254 68 98
6255 68 99
6256 68 100
6257 68 101
6258 68 102
6259 68 103
6260 68 104
6261 68 105
6262 68 106
6263 68 107
6264 68 108
6265 68 109
6266 68 110
6267 68 111
6268 68 112
6269 68 113
6270 68 114
6271 68 115
6272 68 116
6273 68 117
6274 68 118
6275 68 119
6276 68 120
6277 68 121
6278 68 122
6279 68 123
6280 68 124
6281 68 125
6282 68 126
6283 68 127
6284 68 128
6285 68 129
6286 69 70
6287 69 71
6288 69 72
6289 69 73
6290 69 74
6291 69 75
6292 69 76
6293 69 77
6294 69 78
6295 69 79
6296 69 80
6297 69 81
6298 69 82
6299 69 83
6300 69 84
6301 69 85
6302 69 86
6303 69 87
6304 69 88
6305 69 89
6306 69 90
6307 69 91
6308 69 92
6309 69 93
6310 69 94
6311 69 95
6312 69 96
6313 69 97
6314 69 98
6315 69 99
6316 69 100
6317 69 101
6318 69 102
6319 69 103
6320 69 104
6321 69 105
6322 69 106
6323 69 107
6324 69 108
6325 69 109
6326 69 110
6327 69 111
6328 69 112
6329 69 113
6330 69 114
6331 69 115
6332 69 116
6333 69 117
6334 69 118
6335 69 119
6336 69 120
6337 69 121
6338 69 122
6339 69 123
6340 69 124
6341 69 125
6342 69 126
6343 69 127
6344 69 128
6345 69 129
6346 70 71
6347 70 72
6348 70 73
6349 70 74
6350 70 75
6351 70 76
6352 70 77
6353 70 78
6354 70 79
6355 70 80
6356 70 81
6357 70 82
6358 70 83
6359 70 84
6360 70 85
6361 70 86
6362 70 87
6363 70 88
6364 70 89
6365 70 90
6366 70 91
6367 70 92
6368 70 93
6369 70 94
6370 70 95
6371 70 96
6372 70 97
6373 70 98
6374 70 99
6375 70 100
6376 70 101
6377 70 102
6378 70 103
6379 70 104
6380 70 105
6381 70 106
6382 70 107
6383 70 108
6384 70 109
6385 70 110
6386 70 111
6387 70 112
6388 70 113
6389 70 114
6390 70 115
6391 70 116
6392 70 117
6393 70 118
6394 70 119
6395 70 120
6396 70 121
6397 70 122
6398 70 123
6399 70 124
6400 70 125
6401 70 126
6402 70 127
6403 70 128
6404 70 129
6405 71 72
6406 71 73
6407 71 74
6408 71 75
6409 71 76
6410 71 77
6411 71 78
6412 71 79
6413 71 80
6414 71 81
6415 71 82
6416 71 83
6417 71 84
6418 71 85
6419 71 86
6420 71 87
6421 71 88
6422 71 89
6423 71 90
6424 71 91
6425 71 92
6426 71 93
6427 71 94
6428 71 95
6429 71 96
6430 71 97
6431 71 98
6432 71 99
6433 71 100
6434 71 101
6435 71 102
6436 71 103
6437 71 104
6438 71 105
6439 71 106
6440 71 107
6441 71 108
6442 71 109
6443 71 110
6444 71 111
6445 71 112
6446 71 113
6447 71 114
6448 71 115
6449 71 116
6450 71 117
6451 71 118
6452 71 119
6453 71 120
6454 71 121
6455 71 122
6456 71 123
6457 71 124
6458 71 125
6459 71 126
6460 71 127
6461 71 128
6462 71 129
6463 72 73
6464 72 74
6465 72 75
6466 72 76
6467 72 77
6468 72 78
6469 72 79
6470 72 80
6471 72 81
6472 72 82
6473 72 83
6474 72 84
6475 72 85
6476 72 86
6477 72 87
6478 72 88
6479 72 89
6480 72 90
6481 72 91
6482 72 92
6483 72 93
6484 72 94
6485 72 95
6486 72 96
6487 72 97
6488 72 98
6489 72 99
6490 72 100
6491 72 101
6492 72 102
6493 72 103
6494 72 104
6495 72 105
6496 72 106
6497 72 107
6498 72 108
6499 72 109
6500 72 110
6501 72 111
6502 72 112
6503 72 113
6504 72 114
6505 72 115
6506 72 116
6507 72 117
6508 72 118
6509 72 119
6510 72 120
6511 72 121
6512 72 122
6513 72 123
6514 72 124
6515 72 125
6516 72 126
6517 72 127
6518 72 128
6519 72 129
6520 73 74
6521 73 75
6522 73 76
6523 73 77
6524 73 78
6525 73 79
6526 73 80
6527 73 81
6528 73 82
6529 73 83
6530 73 84
6531 73 85
6532 73 86
6533 73 87
6534 73 88
6535 73 89
6536 73 90
6537 73 91
6538 73 92
6539 73 93
6540 73 94
6541 73 95
6542 73 96
6543 73 97
6544 73 98
6545 73 99
6546 73 100
6547 73 101
6548 73 102
6549 73 103
6550 73 104
6551 73 105
6552 73 106
6553 73 107
6554 73 108
6555 73 109
6556 73 110
6557 73 111
6558 73 112
6559 73 113
6560 73 114
6561 73 115
6562 73 116
6563 73 117
6564 73 118
6565 73 119
6566 73 120
6567 73 121
6568 73 122
6569 73 123
6570 73 124
6571 73 125
6572 73 126
6573 73 127
6574 73 128
6575 73 129
6576 74 75
6577 74 76
6578 74 77
6579 74 78
6580 74 79
6581 74 80
6582 74 81
6583 74 82
6584 74 83
6585 74 84
6586 74 85
6587 74 86
6588 74 87
6589 74 88
6590 74 89
6591 74 90
6592 74 91
6593 74 92
6594 74 93
6595 74 94
6596 74 95
6597 74 96
6598 74 97
6599 74 98
6600 74 99
6601 74 100
6602 74 101
6603 74 102
6604 74 103
6605 74 104
6606 74 105
6607 74 106
6608 74 107
6609 74 108
6610 74 109
6611 74 110
6612 74 111
6613 74 112
6614 74 113
6615 74 114
6616 74 115
6617 74 116
6618 74 117
6619 74 118
6620 74 119
6621 74 120
6622 74 121
6623 74 122
6624 74 123
6625 74 124
6626 74 125
6627 74 126
6628 74 127
6629 74 128
6630 74 129
6631 75 76
6632 75 77
6633 75 78
6634 75 79
6635 75 80
6636 75 81
6637 75 82
6638 75 83
6639 75 84
6640 75 85
6641 75 86
6642 75 87
6643 75 88
6644 75 89
6645 75 90
6646 75 91
6647 75 92
6648 75 93
6649 75 94
6650 75 95
6651 75 96
6652 75 97
6653 75 98
6654 75 99
6655 75 100
6656 75 101
6657 75 102
6658 75 103
6659 75 104
6660 75 105
6661 75 106
6662 75 107
6663 75 108
6664 75 109
6665 75 110
6666 75 111
6667 75 112
6668 75 113
6669 75 114
6670 75 115
6671 75 116
6672 75 117
6673 75 118
6674 75 119
6675 75 120
6676 75 121
6677 75 122
6678 75 123
6679 75 124
6680 75 125
6681 75 126
6682 75 127
6683 75 128
6684 75 129
6685 76 77
6686 76 78
6687 76 79
6688 76 80
6689 76 81
6690 76 82
6691 76 83
6692 76 84
6693 76 85
6694 76 86
6695 76 87
6696 76 88
6697 76 89
6698 76 90
6699 76 91
6700 76 92
6701 76 93
6702 76 94
6703 76 95
6704 76 96
6705 76 97
6706 76 98
6707 76 99
6708 76 100
6709 76 101
6710 76 102
6711 76 103
6712 76 104
6713 76 105
6714 76 106
6715 76 107
6716 76 108
6717 76 109
6718 76 110
6719 76 111
6720 76 112
6721 76 113
6722 76 114
6723 76 115
6724 76 116
6725 76 117
6726 76 118
6727 76 119
6728 76 120
6729 76 121
6730 76 122
6731 76 123
6732 76 124
6733 76 125
6734 76 126
6735 76 127
6736 76 128
6737 76 129
6738 77 78
6739 77 79
6740 77 80
6741 77 81
6742 77 82
6743 77 83
6744 77 85
6745 77 86
6746 77 87
6747 77 88
6748 77 89
6749 77 90
6750 77 91
6751 77 92
6752 77 93
6753 77 94
6754 77 95
6755 77 96
6756 77 97
6757 77 98
6758 77 99
6759 77 100
6760 77 101
6761 77 102
6762 77 103
6763 77 104
6764 77 105
6765 77 106
6766 77 107
6767 77 108
6768 77 109
6769 77 110
6770 77 111
6771 77 112
6772 77 113
6773 77 114
6774 77 115
6775 77 116
6776 77 117
6777 77 118
6778 77 119
6779 77 120
6780 77 121
6781 77 122
6782 77 123
6783 77 124
6784 77 125
6785 77 126
6786 77 127
6787 77 128
6788 77 129
6789 78 79
6790 78 80
6791 78 81
6792 78 82
6793 78 83
6794 78 84
6795 78 85
6796 78 86
6797 78 87
6798 78 88
6799 78 89
6800 78 90
6801 78 91
6802 78 92
6803 78 93
6804 78 94
6805 78 95
6806 78 96
6807 78 97
6808 78 98
6809 78 99
6810 78 100
6811 78 101
6812 78 102
6813 78 103
6814 78 104
6815 78 105
6816 78 106
6817 78 107
6818 78 108
6819 78 109
6820 78 110
6821 78 111
6822 78 112
6823 78 113
6824 78 114
6825 78 115
6826 78 116
6827 78 117
6828 78 118
6829 78 119
6830 78 120
6831 78 121
6832 78 122
6833 78 123
6834 78 124
6835 78 125
6836 78 126
6837 78 127
6838 78 128
6839 78 129
6840 79 80
6841 79 81
6842 79 82
6843 79 83
6844 79 84
6845 79 85
6846 79 86
6847 79 87
6848 79 88
6849 79 89
6850 79 90
6851 79 91
6852 79 92
6853 79 93
6854 79 94
6855 79 95
6856 79 96
6857 79 97
6858 79 98
6859 79 99
6860 79 100
6861 79 101
6862 79 102
6863 79 103
6864 79 104
6865 79 105
6866 79 106
6867 79 107
6868 79 108
6869 79 109
6870 79 110
6871 79 111
6872 79 112
6873 79 113
6874 79 114
6875 79 115
6876 79 116
6877 79 117
6878 79 118
6879 79 119
6880 79 120
6881 79 121
6882 79 122
6883 79 123
6884 79 124
6885 79 125
6886 79 126
6887 79 127
6888 79 128
6889 79 129
6890 80 81
6891 80 82
6892 80 83
6893 80 84
6894 80 85
6895 80 86
6896 80 87
6897 80 88
6898 80 89
6899 80 90
6900 80 91
6901 80 92
6902 80 93
6903 80 94
6904 80 95
6905 80 96
6906 80 97
6907 80 98
6908 80 99
6909 80 100
6910 80 101
6911 80 102
6912 80 103
6913 80 104
6914 80 105
6915 80 106
6916 80 107
6917 80 108
6918 80 109
6919 80 110
6920 80 111
6921 80 112
6922 80 113
6923 80 114
6924 80 115
6925 80 116
6926 80 117
6927 80 118
6928 80 119
6929 80 120
6930 80 121
6931 80 122
6932 80 123
6933 80 124
6934 80 125
6935 80 126
6936 80 127
6937 80 128
6938 80 129
6939 81 82
6940 81 83
6941 81 84
6942 81 85
6943 81 86
6944 81 87
6945 81 88
6946 81 89
6947 81 90
6948 81 91
6949 81 92
6950 81 93
6951 81 94
6952 81 95
6953 81 96
6954 81 97
6955 81 98
6956 81 99
6957 81 100
6958 81 101
6959 81 102
6960 81 103
6961 81 104
6962 81 105
6963 81 106
6964 81 107
6965 81 108
6966 81 109
6967 81 110
6968 81 111
6969 81 112
6970 81 113
6971 81 114
6972 81 115
6973 81 116
6974 81 117
6975 81 118
6976 81 119
6977 81 120
6978 81 121
6979 81 122
6980 81 123
6981 81 124
6982 81 125
6983 81 126
6984 81 127
6985 81 128
6986 81 129
6987 82 83
6988 82 84
6989 82 85
6990 82 86
6991 82 87
6992 82 88
6993 82 89
6994 82 90
6995 82 91
6996 82 92
6997 82 93
6998 82 94
6999 82 95
7000 82 96
7001 82 97
7002 82 98
7003 82 99
7004 82 100
7005 82 101
7006 82 102
7007 82 103
7008 82 104
7009 82 105
7010 82 106
7011 82 107
7012 82 108
7013 82 109
7014 82 110
7015 82 111
7016 82 112
7017 82 113
7018 82 114
7019 82 115
7020 82 116
7021 82 117
7022 82 118
7023 82 119
7024 82 120
7025 82 121
7026 82 122
7027 82 123
7028 82 124
7029 82 125
7030 82 126
7031 82 127
7032 82 128
7033 82 129
7034 83 85
7035 83 86
7036 83 87
7037 83 88
7038 83 89
7039 83 90
7040 83 91
7041 83 92
7042 83 93
7043 83 94
7044 83 95
7045 83 96
7046 83 97
7047 83 98
7048 83 99
7049 83 100
7050 83 101
7051 83 102
7052 83 103
7053 83 104
7054 83 105
7055 83 106
7056 83 107
7057 83 108
7058 83 109
7059 83 110
7060 83 111
7061 83 112
7062 83 113
7063 83 114
7064 83 115
7065 83 116
7066 83 117
7067 83 118
7068 83 119
7069 83 120
7070 83 121
7071 83 122
7072 83 123
7073 83 124
7074 83 125
7075 83 126
7076 83 127
7077 83 128
7078 83 129
7079 84 85
7080 84 86
7081 84 87
7082 84 88
7083 84 89
7084 84 90
7085 84 91
7086 84 92
7087 84 93
7088 84 94
7089 84 95
7090 84 96
7091 84 97
7092 84 98
7093 84 99
7094 84 100
7095 84 101
7096 84 102
7097 84 103
7098 84 104
7099 84 105
7100 84 106
7101 84 107
7102 84 108
7103 84 109
7104 84 110
7105 84 111
7106 84 112
7107 84 113
7108 84 114
7109 84 115
7110 84 116
7111 84 117
7112 84 118
7113 84 119
7114 84 120
7115 84 121
7116 84 122
7117 84 123
7118 84 124
7119 84 125
7120 84 126
7121 84 127
7122 84 128
7123 84 129
7124 85 86
7125 85 87
7126 85 88
7127 85 89
7128 85 90
7129 85 91
7130 85 92
7131 85 93
7132 85 94
7133 85 95
7134 85 96
7135 85 97
7136 85 98
7137 85 99
7138 85 100
7139 85 101
7140 85 102
7141 85 103
7142 85 104
7143 85 105
7144 85 106
7145 85 107
7146 85 108
7147 85 109
7148 85 110
7149 85 111
7150 85 112
7151 85 113
7152 85 114
7153 85 115
7154 85 116
7155 85 117
7156 85 118
7157 85 119
7158 85 120
7159 85 121
7160 85 122
7161 85 123
7162 85 124
7163 85 125
7164 85 126
7165 85 127
7166 85 128
7167 85 129
7168 86 87
7169 86 88
7170 86 89
7171 86 90
7172 86 91
7173 86 92
7174 86 93
7175 86 94
7176 86 95
7177 86 96
7178 86 97
7179 86 98
7180 86 99
7181 86 100
7182 86 101
7183 86 102
7184 86 103
7185 86 104
7186 86 105
7187 86 106
7188 86 107
7189 86 108
7190 86 109
7191 86 110
7192 86 111
7193 86 112
7194 86 113
7195 86 114
7196 86 115
7197 86 116
7198 86 117
7199 86 118
7200 86 119
7201 86 120
7202 86 121
7203 86 122
7204 86 123
7205 86 124
7206 86 125
7207 86 126
7208 86 127
7209 86 128
7210 86 129
7211 87 88
7212 87 89
7213 87 90
7214 87 91
7215 87 92
7216 87 93
7217 87 94
7218 87 95
7219 87 96
7220 87 97
7221 87 98
7222 87 99
7223 87 100
7224 87 101
7225 87 102
7226 87 103
7227 87 104
7228 87 105
7229 87 106
7230 87 107
7231 87 108
7232 87 109
7233 87 110
7234 87 111
7235 87 112
7236 87 113
7237 87 114
7238 87 115
7239 87 116
7240 87 117
7241 87 118
7242 87 119
7243 87 120
7244 87 121
7245 87 122
7246 87 123
7247 87 124
7248 87 125
7249 87 126
7250 87 127
7251 87 128
7252 87 129
7253 88 89
7254 88 90
7255 88 91
7256 88 92
7257 88 93
7258 88 94
7259 88 95
7260 88 96
7261 88 97
7262 88 98
7263 88 99
7264 88 100
7265 88 101
7266 88 102
7267 88 103
7268 88 104
7269 88 105
7270 88 106
7271 88 107
7272 88 108
7273 88 109
7274 88 110
7275 88 111
7276 88 112
7277 88 113
7278 88 114
7279 88 115
7280 88 116
7281 88 117
7282 88 118
7283 88 119
7284 88 120
7285 88 121
7286 88 122
7287 88 123
7288 88 124
7289 88 125
7290 88 126
7291 88 127
7292 88 128
7293 88 129
7294 89 90
7295 89 91
7296 89 92
7297 89 93
7298 89 94
7299 89 95
7300 89 96
7301 89 97
7302 89 98
7303 89 99
7304 89 100
7305 89 101
7306 89 102
7307 89 103
7308 89 104
7309 89 105
7310 89 106
7311 89 107
7312 89 108
7313 89 109
7314 89 110
7315 89 111
7316 89 112
7317 89 113
7318 89 114
7319 89 115
7320 89 116
7321 89 117
7322 89 118
7323 89 119
7324 89 120
7325 89 121
7326 89 122
7327 89 123
7328 89 124
7329 89 125
7330 89 126
7331 89 127
7332 89 128
7333 89 129
7334 90 91
7335 90 92
7336 90 93
7337 90 94
7338 90 95
7339 90 96
7340 90 97
7341 90 98
7342 90 99
7343 90 100
7344 90 101
7345 90 102
7346 90 103
7347 90 104
7348 90 105
7349 90 106
7350 90 107
7351 90 108
7352 90 109
7353 90 110
7354 90 111
7355 90 112
7356 90 113
7357 90 114
7358 90 115
7359 90 116
7360 90 117
7361 90 118
7362 90 119
7363 90 120
7364 90 121
7365 90 122
7366 90 123
7367 90 124
7368 90 125
7369 90 126
7370 90 127
7371 90 128
7372 90 129
7373 91 92
7374 91 93
7375 91 94
7376 91 95
7377 91 96
7378 91 97
7379 91 98
7380 91 99
7381 91 100
7382 91 101
7383 91 102
7384 91 103
7385 91 104
7386 91 105
7387 91 106
7388 91 107
7389 91 108
7390 91 109
7391 91 110
7392 91 111
7393 91 112
7394 91 113
7395 91 114
7396 91 115
7397 91 116
7398 91 117
7399 91 118
7400 91 119
7401 91 120
7402 91 121
7403 91 122
7404 91 123
7405 91 124
7406 91 125
7407 91 126
7408 91 127
7409 91 128
7410 91 129
7411 92 93
7412 92 94
7413 92 95
7414 92 96
7415 92 97
7416 92 98
7417 92 99
7418 92 100
7419 92 101
7420 92 102
7421 92 103
7422 92 104
7423 92 105
7424 92 106
7425 92 107
7426 92 108
7427 92 109
7428 92 110
7429 92 111
7430 92 112
7431 92 113
7432 92 114
7433 92 115
7434 92 116
7435 92 117
7436 92 118
7437 92 119
7438 92 120
7439 92 121
7440 92 122
7441 92 123
7442 92 124
7443 92 125
7444 92 126
7445 92 127
7446 92 128
7447 92 129
7448 93 94
7449 93 95
7450 93 96
7451 93 97
7452 93 98
7453 93 99
7454 93 100
7455 93 101
7456 93 102
7457 93 103
7458 93 104
7459 93 105
7460 93 106
7461 93 107
7462 93 108
7463 93 109
7464 93 110
7465 93 111
7466 93 112
7467 93 113
7468 93 114
7469 93 115
7470 93 116
7471 93 117
7472 93 118
7473 93 119
7474 93 120
7475 93 121
7476 93 122
7477 93 123
7478 93 124
7479 93 125
7480 93 126
7481 93 127
7482 93 128
7483 93 129
7484 94 95
7485 94 96
7486 94 97
7487 94 98
7488 94 99
7489 94 100
7490 94 101
7491 94 102
7492 94 103
7493 94 104
7494 94 105
7495 94 106
7496 94 107
7497 94 108
7498 94 109
7499 94 110
7500 94 111
7501 94 112
7502 94 113
7503 94 114
7504 94 115
7505 94 116
7506 94 117
7507 94 118
7508 94 119
7509 94 120
7510 94 121
7511 94 122
7512 94 123
7513 94 124
7514 94 125
7515 94 126
7516 94 127
7517 94 128
7518 94 129
7519 95 96
7520 95 97
7521 95 98
7522 95 99
7523 95 100
7524 95 101
7525 95 102
7526 95 103
7527 95 104
7528 95 105
7529 95 106
7530 95 107
7531 95 108
7532 95 109
7533 95 110
7534 95 111
7535 95 112
7536 95 113
7537 95 114
7538 95 115
7539 95 116
7540 95 117
7541 95 118
7542 95 119
7543 95 120
7544 95 121
7545 95 122
7546 95 123
7547 95 124
7548 95 125
7549 95 126
7550 95 127
7551 95 128
7552 95 129
7553 96 97
7554 96 98
7555 96 99
7556 96 100
7557 96 101
7558 96 102
7559 96 103
7560 96 104
7561 96 105
7562 96 106
7563 96 107
7564 96 108
7565 96 109
7566 96 110
7567 96 111
7568 96 112
7569 96 113
7570 96 114
7571 96 115
7572 96 116
7573 96 117
7574 96 118
7575 96 119
7576 96 120
7577 96 121
7578 96 122
7579 96 123
7580 96 124
7581 96 125
7582 96 126
7583 96 127
7584 96 128
7585 96 129
7586 97 98
7587 97 99
7588 97 100
7589 97 101
7590 97 102
7591 97 103
7592 97 104
7593 97 105
7594 97 106
7595 97 107
7596 97 108
7597 97 109
7598 97 110
7599 97 111
7600 97 112
7601 97 113
7602 97 114
7603 97 115
7604 97 116
7605 97 117
7606 97 118
7607 97 119
7608 97 120
7609 97 121
7610 97 122
7611 97 123
7612 97 124
7613 97 125
7614 97 126
7615 97 127
7616 97 128
7617 97 129
7618 98 99
7619 98 100
7620 98 101
7621 98 102
7622 98 103
7623 98 104
7624 98 105
7625 98 106
7626 98 107
7627 98 108
7628 98 109
7629 98 110
7630 98 111
7631 98 112
7632 98 113
7633 98 114
7634 98 115
7635 98 116
7636 98 117
7637 98 118
7638 98 119
7639 98 120
7640 98 121
7641 98 122
7642 98 123
7643 98 124
7644 98 125
7645 98 126
7646 98 127
7647 98 128
7648 98 129
7649 99 100
7650 99 101
7651 99 102
7652 99 103
7653 99 104
7654 99 105
7655 99 106
7656 99 107
7657 99 108
7658 99 109
7659 99 110
7660 99 111
7661 99 112
7662 99 113
7663 99 114
7664 99 115
7665 99 116
7666 99 117
7667 99 118
7668 99 119
7669 99 120
7670 99 121
7671 99 122
7672 99 123
7673 99 124
7674 99 125
7675 99 126
7676 99 127
7677 99 128
7678 99 129
7679 100 101
7680 100 102
7681 100 103
7682 100 104
7683 100 105
7684 100 106
7685 100 107
7686 100 108
7687 100 109
7688 100 110
7689 100 111
7690 100 112
7691 100 113
7692 100 114
7693 100 115
7694 100 116
7695 100 117
7696 100 118
7697 100 119
7698 100 120
7699 100 121
7700 100 122
7701 100 123
7702 100 124
7703 100 125
7704 100 126
7705 100 127
7706 100 128
7707 100 129
7708 101 102
7709 101 103
7710 101 104
7711 101 105
7712 101 106
7713 101 107
7714 101 108
7715 101 109
7716 101 110
7717 101 111
7718 101 112
7719 101 113
7720 101 114
7721 101 115
7722 101 116
7723 101 117
7724 101 118
7725 101 119
7726 101 120
7727 101 121
7728 101 122
7729 101 123
7730 101 124
7731 101 125
7732 101 126
7733 101 127
7734 101 128
7735 101 129
7736 102 103
7737 102 104
7738 102 105
7739 102 106
7740 102 107
7741 102 108
7742 102 109
7743 102 110
7744 102 111
7745 102 112
7746 102 113
7747 102 114
7748 102 115
7749 102 116
7750 102 117
7751 102 118
7752 102 119
7753 102 120
7754 102 121
7755 102 122
7756 102 123
7757 102 124
7758 102 125
7759 102 126
7760 102 127
7761 102 128
7762 102 129
7763 103 104
7764 103 105
7765 103 106
7766 103 107
7767 103 108
7768 103 109
7769 103 110
7770 103 111
7771 103 112
7772 103 113
7773 103 114
7774 103 115
7775 103 116
7776 103 117
7777 103 118
7778 103 119
7779 103 120
7780 103 121
7781 103 122
7782 103 123
7783 103 124
7784 103 125
7785 103 126
7786 103 127
7787 103 128
7788 103 129
7789 104 105
7790 104 106
7791 104 107
7792 104 108
7793 104 109
7794 104 110
7795 104 111
7796 104 112
7797 104 113
7798 104 114
7799 104 115
7800 104 116
7801 104 117
7802 104 118
7803 104 119
7804 104 120
7805 104 121
7806 104 122
7807 104 123
7808 104 124
7809 104 125
7810 104 126
7811 104 127
7812 104 128
7813 104 129
7814 105 106
7815 105 107
7816 105 108
7817 105 109
7818 105 110
7819 105 111
7820 105 112
7821 105 113
7822 105 114
7823 105 115
7824 105 116
7825 105 117
7826 105 118
7827 105 119
7828 105 120
7829 105 121
7830 105 122
7831 105 123
7832 105 124
7833 105 125
7834 105 126
7835 105 127
7836 105 128
7837 105 129
7838 106 107
7839 106 108
7840 106 109
7841 106 110
7842 106 111
7843 106 112
7844 106 113
7845 106 114
7846 106 115
7847 106 116
7848 106 117
7849 106 118
7850 106 119
7851 106 120
7852 106 121
7853 106 122
7854 106 123
7855 106 124
7856 106 125
7857 106 126
7858 106 127
7859 106 128
7860 106 129
7861 107 108
7862 107 109
7863 107 110
7864 107 111
7865 107 112
7866 107 113
7867 107 114
7868 107 115
7869 107 116
7870 107 117
7871 107 118
7872 107 119
7873 107 120
7874 107 121
7875 107 122
7876 107 123
7877 107 124
7878 107 125
7879 107 126
7880 107 127
7881 107 128
7882 107 129
7883 108 109
7884 108 110
7885 108 111
7886 108 112
7887 108 113
7888 108 114
7889 108 115
7890 108 116
7891 108 117
7892 108 118
7893 108 119
7894 108 120
7895 108 121
7896 108 122
7897 108 123
7898 108 124
7899 108 125
7900 108 126
7901 108 127
7902 108 128
7903 108 129
7904 109 110
7905 109 111
7906 109 112
7907 109 113
7908 109 114
7909 109 115
7910 109 116
7911 109 117
7912 109 118
7913 109 119
7914 109 120
7915 109 121
7916 109 122
7917 109 123
7918 109 124
7919 109 125
7920 109 126
7921 109 127
7922 109 128
7923 109 129
7924 110 111
7925 110 112
7926 110 113
7927 110 114
7928 110 115
7929 110 116
7930 110 117
7931 110 118
7932 110 119
7933 110 120
7934 110 121
7935 110 122
7936 110 123
7937 110 124
7938 110 125
7939 110 126
7940 110 127
7941 110 128
7942 110 129
7943 111 112
7944 111 113
7945 111 114
7946 111 115
7947 111 116
7948 111 117
7949 111 118
7950 111 119
7951 111 120
7952 111 121
7953 111 122
7954 111 123
7955 111 124
7956 111 125
7957 111 126
7958 111 127
7959 111 128
7960 111 129
7961 112 113
7962 112 114
7963 112 115
7964 112 116
7965 112 117
7966 112 118
7967 112 119
7968 112 120
7969 112 121
7970 112 122
7971 112 123
7972 112 124
7973 112 125
7974 112 126
7975 112 127
7976 112 128
7977 112 129
7978 113 114
7979 113 115
7980 113 116
7981 113 117
7982 113 118
7983 113 119
7984 113 120
7985 113 121
7986 113 122
7987 113 123
7988 113 124
7989 113 125
7990 113 126
7991 113 127
7992 113 128
7993 113 129
7994 114 115
7995 114 116
7996 114 117
7997 114 118
7998 114 119
7999 114 120
8000 114 121
8001 114 122
8002 114 123
8003 114 124
8004 114 125
8005 114 126
8006 114 127
8007 114 128
8008 114 129
8009 115 116
8010 115 117
8011 115 118
8012 115 119
8013 115 120
8014 115 121
8015 115 122
8016 115 123
8017 115 124
8018 115 125
8019 115 126
8020 115 127
8021 115 128
8022 115 129
8023 116 117
8024 116 118
8025 116 119
8026 116 120
8027 116 121
8028 116 122
8029 116 123
8030 116 124
8031 116 125
8032 116 126
8033 116 127
8034 116 128
8035 116 129
8036 117 118
8037 117 119
8038 117 120
8039 117 121
8040 117 122
8041 117 123
8042 117 124
8043 117 125
8044 117 126
8045 117 127
8046 117 128
8047 117 129
8048 118 119
8049 118 120
8050 118 121
8051 118 122
8052 118 123
8053 118 124
8054 118 125
8055 118 126
8056 118 127
8057 118 128
8058 118 129
8059 119 120
8060 119 121
8061 119 122
8062 119 123
8063 119 124
8064 119 125
8065 119 126
8066 119 127
8067 119 128
8068 119 129
8069 120 121
8070 120 122
8071 120 123
8072 120 124
8073 120 125
8074 120 126
8075 120 127
8076 120 128
8077 120 129
8078 121 122
8079 121 123
8080 121 124
8081 121 125
8082 121 126
8083 121 127
8084 121 128
8085 121 129
8086 122 123
8087 122 124
8088 122 125
8089 122 126
8090 122 127
8091 122 128
8092 123 124
8093 123 125
8094 123 126
8095 123 127
8096 123 128
8097 123 129
8098 124 125
8099 124 126
8100 124 127
8101 124 128
8102 124 129
8103 125 126
8104 125 127
8105 125 128
8106 125 129
8107 126 127
8108 126 128
8109 126 129
8110 127 128
8111 127 129
8112 128 129
