1 1 75
2 3 7
3 3 10
4 3 11
5 3 24
6 3 30
7 3 36
8 3 37
9 3 40
10 3 42
11 3 44
12 3 46
13 3 51
14 3 52
15 3 54
16 3 61
17 3 85
18 3 86
19 3 88
20 3 89
21 3 90
22 3 92
23 3 96
24 3 100
25 3 101
26 3 112
27 3 118
28 3 119
29 3 122
30 3 124
31 3 130
32 4 16
33 4 20
34 4 21
35 4 25
36 4 26
37 4 31
38 4 34
39 4 64
40 4 128
41 5 29
42 5 57
43 5 66
44 5 111
45 6 15
46 6 18
47 6 23
48 6 24
49 6 37
50 6 38
51 6 43
52 6 49
53 6 52
54 6 55
55 6 57
56 6 58
57 6 59
58 6 60
59 6 61
60 6 65
61 6 66
62 6 70
63 6 71
64 6 74
65 6 81
66 6 85
67 6 89
68 6 94
69 6 96
70 6 97
71 6 100
72 6 107
73 6 109
74 6 110
75 6 113
76 6 118
77 6 119
78 6 131
79 6 133
80 7 11
81 7 15
82 7 22
83 7 24
84 7 36
85 7 38
86 7 40
87 7 44
88 7 45
89 7 46
90 7 49
91 7 51
92 7 52
93 7 54
94 7 61
95 7 65
96 7 70
97 7 76
98 7 85
99 7 86
100 7 88
101 7 89
102 7 90
103 7 93
104 7 96
105 7 97
106 7 100
107 7 101
108 7 104
109 7 115
110 7 118
111 7 119
112 7 121
113 7 124
114 7 130
115 7 139
116 8 135
117 9 106
118 10 11
119 10 24
120 10 30
121 10 36
122 10 37
123 10 40
124 10 42
125 10 44
126 10 46
127 10 51
128 10 52
129 10 54
130 10 61
131 10 85
132 10 86
133 10 88
134 10 89
135 10 90
136 10 92
137 10 96
138 10 101
139 10 112
140 10 118
141 10 119
142 10 122
143 10 124
144 10 130
145 11 24
146 11 30
147 11 36
148 11 37
149 11 38
150 11 40
151 11 41
152 11 42
153 11 44
154 11 46
155 11 49
156 11 51
157 11 52
158 11 54
159 11 61
160 11 65
161 11 70
162 11 85
163 11 86
164 11 88
165 11 89
166 11 90
167 11 92
168 11 96
169 11 100
170 11 101
171 11 112
172 11 115
173 11 118
174 11 119
175 11 122
176 11 124
177 11 130
178 11 139
179 13 24
180 13 37
181 13 43
182 13 52
183 13 79
184 13 85
185 13 91
186 13 127
187 15 18
188 15 19
189 15 23
190 15 24
191 15 28
192 15 32
193 15 35
194 15 36
195 15 37
196 15 38
197 15 39
198 15 43
199 15 46
200 15 49
201 15 50
202 15 51
203 15 52
204 15 55
205 15 57
206 15 58
207 15 59
208 15 60
209 15 61
210 15 65
211 15 66
212 15 70
213 15 71
214 15 74
215 15 79
216 15 81
217 15 82
218 15 85
219 15 88
220 15 89
221 15 90
222 15 91
223 15 94
224 15 96
225 15 97
226 15 100
227 15 103
228 15 105
229 15 107
230 15 109
231 15 110
232 15 111
233 15 113
234 15 115
235 15 118
236 15 119
237 15 121
238 15 131
239 15 133
240 15 134
241 15 139
242 16 20
243 16 21
244 16 26
245 16 31
246 16 34
247 16 64
248 16 128
249 17 123
250 18 19
251 18 23
252 18 24
253 18 28
254 18 32
255 18 37
256 18 38
257 18 52
258 18 55
259 18 57
260 18 58
261 18 59
262 18 60
263 18 65
264 18 66
265 18 70
266 18 71
267 18 74
268 18 79
269 18 81
270 18 85
271 18 89
272 18 91
273 18 94
274 18 100
275 18 103
276 18 107
277 18 109
278 18 110
279 18 111
280 18 113
281 18 118
282 18 121
283 18 131
284 18 133
285 18 139
286 19 23
287 19 28
288 19 32
289 19 38
290 19 39
291 19 50
292 19 52
293 19 55
294 19 59
295 19 71
296 19 74
297 19 79
298 19 81
299 19 85
300 19 91
301 19 94
302 19 103
303 19 107
304 19 109
305 19 110
306 19 118
307 20 21
308 20 25
309 20 26
310 20 31
311 20 34
312 20 64
313 20 128
314 21 25
315 21 26
316 21 31
317 21 34
318 21 64
319 21 128
320 22 45
321 22 93
322 22 104
323 22 115
324 23 24
325 23 28
326 23 32
327 23 36
328 23 37
329 23 38
330 23 39
331 23 43
332 23 46
333 23 50
334 23 51
335 23 52
336 23 55
337 23 57
338 23 58
339 23 59
340 23 60
341 23 61
342 23 65
343 23 66
344 23 70
345 23 71
346 23 74
347 23 79
348 23 81
349 23 82
350 23 85
351 23 90
352 23 91
353 23 94
354 23 96
355 23 97
356 23 100
357 23 103
358 23 105
359 23 107
360 23 109
361 23 110
362 23 111
363 23 113
364 23 118
365 23 131
366 23 133
367 23 134
368 23 139
369 24 28
370 24 32
371 24 35
372 24 36
373 24 37
374 24 38
375 24 39
376 24 40
377 24 43
378 24 44
379 24 46
380 24 49
381 24 50
382 24 51
383 24 52
384 24 55
385 24 57
386 24 58
387 24 59
388 24 60
389 24 61
390 24 65
391 24 66
392 24 70
393 24 71
394 24 74
395 24 79
396 24 81
397 24 82
398 24 85
399 24 86
400 24 88
401 24 89
402 24 90
403 24 91
404 24 92
405 24 94
406 24 96
407 24 97
408 24 100
409 24 101
410 24 103
411 24 105
412 24 107
413 24 109
414 24 110
415 24 111
416 24 113
417 24 115
418 24 118
419 24 119
420 24 121
421 24 124
422 24 127
423 24 130
424 24 131
425 24 133
426 24 134
427 24 139
428 25 26
429 25 31
430 25 34
431 25 64
432 25 125
433 25 128
434 26 31
435 26 34
436 26 64
437 26 128
438 27 35
439 27 39
440 27 57
441 27 58
442 27 65
443 27 66
444 27 70
445 27 111
446 27 118
447 27 134
448 28 32
449 28 37
450 28 46
451 28 50
452 28 51
453 28 52
454 28 55
455 28 59
456 28 71
457 28 74
458 28 79
459 28 81
460 28 85
461 28 90
462 28 91
463 28 94
464 28 100
465 28 103
466 28 107
467 28 109
468 28 110
469 28 113
470 28 118
471 28 139
472 29 35
473 29 39
474 29 57
475 29 58
476 29 66
477 29 100
478 29 111
479 30 36
480 30 38
481 30 40
482 30 41
483 30 42
484 30 46
485 30 51
486 30 54
487 30 70
488 30 86
489 30 90
490 30 92
491 30 96
492 30 112
493 30 118
494 30 124
495 30 130
496 30 139
497 31 34
498 31 64
499 31 128
500 32 50
501 32 52
502 32 55
503 32 59
504 32 71
505 32 74
506 32 79
507 32 81
508 32 85
509 32 91
510 32 94
511 32 103
512 32 107
513 32 109
514 32 110
515 32 113
516 32 139
517 34 64
518 34 128
519 35 39
520 35 57
521 35 58
522 35 65
523 35 66
524 35 70
525 35 111
526 35 118
527 35 134
528 36 37
529 36 38
530 36 40
531 36 41
532 36 42
533 36 44
534 36 46
535 36 49
536 36 51
537 36 52
538 36 54
539 36 55
540 36 57
541 36 58
542 36 59
543 36 60
544 36 61
545 36 65
546 36 66
547 36 70
548 36 74
549 36 85
550 36 86
551 36 88
552 36 89
553 36 90
554 36 92
555 36 96
556 36 97
557 36 100
558 36 101
559 36 107
560 36 109
561 36 110
562 36 112
563 36 115
564 36 118
565 36 119
566 36 122
567 36 124
568 36 130
569 36 133
570 36 139
571 37 38
572 37 39
573 37 43
574 37 44
575 37 46
576 37 51
577 37 52
578 37 54
579 37 55
580 37 57
581 37 58
582 37 59
583 37 60
584 37 61
585 37 65
586 37 66
587 37 70
588 37 71
589 37 74
590 37 79
591 37 81
592 37 85
593 37 88
594 37 89
595 37 90
596 37 91
597 37 92
598 37 94
599 37 96
600 37 97
601 37 100
602 37 101
603 37 105
604 37 107
605 37 109
606 37 110
607 37 111
608 37 113
609 37 118
610 37 119
611 37 121
612 37 127
613 37 130
614 37 131
615 37 133
616 37 139
617 38 42
618 38 44
619 38 45
620 38 46
621 38 49
622 38 51
623 38 52
624 38 54
625 38 55
626 38 57
627 38 58
628 38 59
629 38 60
630 38 61
631 38 65
632 38 66
633 38 70
634 38 71
635 38 81
636 38 82
637 38 85
638 38 88
639 38 89
640 38 90
641 38 94
642 38 96
643 38 97
644 38 100
645 38 101
646 38 105
647 38 107
648 38 109
649 38 110
650 38 115
651 38 118
652 38 119
653 38 121
654 38 122
655 38 133
656 38 139
657 39 51
658 39 52
659 39 55
660 39 57
661 39 58
662 39 59
663 39 60
664 39 61
665 39 65
666 39 66
667 39 70
668 39 74
669 39 85
670 39 89
671 39 90
672 39 94
673 39 97
674 39 100
675 39 107
676 39 109
677 39 110
678 39 111
679 39 118
680 39 133
681 39 134
682 39 139
683 40 41
684 40 42
685 40 44
686 40 46
687 40 49
688 40 51
689 40 54
690 40 61
691 40 65
692 40 70
693 40 86
694 40 88
695 40 89
696 40 90
697 40 92
698 40 96
699 40 97
700 40 101
701 40 102
702 40 112
703 40 115
704 40 118
705 40 119
706 40 122
707 40 124
708 40 130
709 40 133
710 40 139
711 41 46
712 41 51
713 41 86
714 41 90
715 41 96
716 41 124
717 42 46
718 42 51
719 42 86
720 42 90
721 42 92
722 42 112
723 42 118
724 42 122
725 42 124
726 42 130
727 43 52
728 43 55
729 43 59
730 43 60
731 43 61
732 43 85
733 43 89
734 43 94
735 43 97
736 43 100
737 43 107
738 43 109
739 43 110
740 43 113
741 43 118
742 43 127
743 43 131
744 43 133
745 43 139
746 44 46
747 44 51
748 44 52
749 44 54
750 44 58
751 44 61
752 44 65
753 44 66
754 44 70
755 44 82
756 44 85
757 44 86
758 44 88
759 44 89
760 44 90
761 44 92
762 44 96
763 44 101
764 44 105
765 44 112
766 44 118
767 44 119
768 44 124
769 44 130
770 44 133
771 44 139
772 45 93
773 45 104
774 45 115
775 45 118
776 45 119
777 45 139
778 46 49
779 46 51
780 46 52
781 46 54
782 46 55
783 46 59
784 46 61
785 46 65
786 46 70
787 46 74
788 46 82
789 46 85
790 46 86
791 46 88
792 46 89
793 46 90
794 46 92
795 46 94
796 46 96
797 46 97
798 46 100
799 46 101
800 46 107
801 46 109
802 46 110
803 46 112
804 46 115
805 46 118
806 46 119
807 46 122
808 46 124
809 46 130
810 46 133
811 46 139
812 48 67
813 48 116
814 49 51
815 49 52
816 49 53
817 49 54
818 49 60
819 49 61
820 49 65
821 49 70
822 49 82
823 49 85
824 49 88
825 49 89
826 49 90
827 49 100
828 49 105
829 49 107
830 49 115
831 49 118
832 49 119
833 49 121
834 49 133
835 49 139
836 50 52
837 50 55
838 50 59
839 50 74
840 50 79
841 50 81
842 50 85
843 50 91
844 50 94
845 50 103
846 50 107
847 50 109
848 50 110
849 50 113
850 50 129
851 51 52
852 51 54
853 51 55
854 51 57
855 51 58
856 51 59
857 51 60
858 51 61
859 51 65
860 51 66
861 51 70
862 51 74
863 51 76
864 51 82
865 51 85
866 51 86
867 51 88
868 51 89
869 51 90
870 51 92
871 51 94
872 51 96
873 51 97
874 51 100
875 51 101
876 51 107
877 51 109
878 51 110
879 51 112
880 51 115
881 51 118
882 51 119
883 51 122
884 51 124
885 51 130
886 51 133
887 51 139
888 52 55
889 52 57
890 52 58
891 52 59
892 52 60
893 52 61
894 52 65
895 52 66
896 52 70
897 52 71
898 52 74
899 52 79
900 52 81
901 52 82
902 52 85
903 52 88
904 52 89
905 52 90
906 52 91
907 52 92
908 52 94
909 52 96
910 52 97
911 52 100
912 52 101
913 52 103
914 52 105
915 52 107
916 52 109
917 52 110
918 52 111
919 52 112
920 52 113
921 52 115
922 52 118
923 52 119
924 52 121
925 52 127
926 52 130
927 52 131
928 52 133
929 52 134
930 52 139
931 53 61
932 53 83
933 53 89
934 53 105
935 53 119
936 53 139
937 54 61
938 54 65
939 54 70
940 54 85
941 54 86
942 54 88
943 54 89
944 54 90
945 54 92
946 54 96
947 54 100
948 54 101
949 54 112
950 54 115
951 54 118
952 54 119
953 54 124
954 54 130
955 54 133
956 54 139
957 55 57
958 55 58
959 55 59
960 55 60
961 55 61
962 55 65
963 55 66
964 55 70
965 55 71
966 55 74
967 55 79
968 55 81
969 55 82
970 55 85
971 55 89
972 55 90
973 55 91
974 55 94
975 55 96
976 55 97
977 55 100
978 55 101
979 55 103
980 55 105
981 55 107
982 55 109
983 55 110
984 55 111
985 55 113
986 55 118
987 55 119
988 55 131
989 55 133
990 55 134
991 55 139
992 56 95
993 57 58
994 57 59
995 57 60
996 57 61
997 57 65
998 57 66
999 57 70
1000 57 71
1001 57 74
1002 57 81
1003 57 82
1004 57 85
1005 57 88
1006 57 89
1007 57 90
1008 57 91
1009 57 94
1010 57 96
1011 57 97
1012 57 100
1013 57 103
1014 57 107
1015 57 109
1016 57 110
1017 57 111
1018 57 113
1019 57 118
1020 57 119
1021 57 131
1022 57 133
1023 57 134
1024 57 139
1025 58 59
1026 58 60
1027 58 65
1028 58 66
1029 58 70
1030 58 71
1031 58 74
1032 58 85
1033 58 90
1034 58 91
1035 58 94
1036 58 96
1037 58 97
1038 58 100
1039 58 107
1040 58 109
1041 58 110
1042 58 111
1043 58 113
1044 58 118
1045 58 119
1046 58 131
1047 58 133
1048 58 134
1049 58 139
1050 59 60
1051 59 61
1052 59 65
1053 59 66
1054 59 70
1055 59 71
1056 59 74
1057 59 79
1058 59 81
1059 59 82
1060 59 85
1061 59 90
1062 59 91
1063 59 94
1064 59 96
1065 59 97
1066 59 100
1067 59 103
1068 59 105
1069 59 107
1070 59 109
1071 59 110
1072 59 111
1073 59 113
1074 59 118
1075 59 131
1076 59 133
1077 59 134
1078 59 139
1079 60 61
1080 60 65
1081 60 66
1082 60 70
1083 60 71
1084 60 74
1085 60 81
1086 60 85
1087 60 89
1088 60 90
1089 60 94
1090 60 96
1091 60 97
1092 60 100
1093 60 105
1094 60 107
1095 60 109
1096 60 110
1097 60 113
1098 60 118
1099 60 119
1100 60 131
1101 60 133
1102 60 139
1103 61 65
1104 61 70
1105 61 81
1106 61 82
1107 61 83
1108 61 85
1109 61 86
1110 61 88
1111 61 89
1112 61 90
1113 61 92
1114 61 94
1115 61 96
1116 61 97
1117 61 100
1118 61 101
1119 61 103
1120 61 105
1121 61 107
1122 61 109
1123 61 110
1124 61 112
1125 61 113
1126 61 115
1127 61 118
1128 61 119
1129 61 121
1130 61 124
1131 61 130
1132 61 133
1133 61 139
1134 62 117
1135 62 126
1136 63 73
1137 63 78
1138 63 84
1139 63 98
1140 64 128
1141 65 66
1142 65 70
1143 65 71
1144 65 74
1145 65 81
1146 65 82
1147 65 85
1148 65 86
1149 65 88
1150 65 89
1151 65 90
1152 65 94
1153 65 96
1154 65 97
1155 65 100
1156 65 101
1157 65 105
1158 65 107
1159 65 109
1160 65 110
1161 65 111
1162 65 113
1163 65 115
1164 65 118
1165 65 119
1166 65 121
1167 65 122
1168 65 124
1169 65 131
1170 65 133
1171 65 134
1172 65 139
1173 66 70
1174 66 71
1175 66 74
1176 66 82
1177 66 85
1178 66 90
1179 66 91
1180 66 94
1181 66 96
1182 66 97
1183 66 100
1184 66 107
1185 66 109
1186 66 110
1187 66 111
1188 66 113
1189 66 118
1190 66 119
1191 66 131
1192 66 133
1193 66 134
1194 66 139
1195 67 116
1196 69 75
1197 70 71
1198 70 74
1199 70 81
1200 70 82
1201 70 83
1202 70 85
1203 70 86
1204 70 88
1205 70 89
1206 70 90
1207 70 91
1208 70 94
1209 70 96
1210 70 97
1211 70 100
1212 70 101
1213 70 105
1214 70 107
1215 70 109
1216 70 110
1217 70 111
1218 70 113
1219 70 115
1220 70 118
1221 70 119
1222 70 121
1223 70 124
1224 70 131
1225 70 133
1226 70 134
1227 70 139
1228 71 74
1229 71 79
1230 71 81
1231 71 85
1232 71 91
1233 71 94
1234 71 100
1235 71 103
1236 71 107
1237 71 109
1238 71 110
1239 71 111
1240 71 113
1241 71 118
1242 71 133
1243 71 139
1244 72 135
1245 73 78
1246 73 84
1247 73 98
1248 74 79
1249 74 81
1250 74 82
1251 74 85
1252 74 90
1253 74 91
1254 74 94
1255 74 96
1256 74 97
1257 74 100
1258 74 103
1259 74 107
1260 74 109
1261 74 110
1262 74 111
1263 74 113
1264 74 118
1265 74 119
1266 74 131
1267 74 133
1268 74 139
1269 76 86
1270 76 90
1271 76 97
1272 78 84
1273 78 98
1274 79 81
1275 79 85
1276 79 91
1277 79 94
1278 79 103
1279 79 107
1280 79 109
1281 79 110
1282 79 127
1283 81 85
1284 81 89
1285 81 91
1286 81 94
1287 81 103
1288 81 107
1289 81 109
1290 81 110
1291 81 113
1292 81 118
1293 81 131
1294 81 133
1295 82 89
1296 82 90
1297 82 94
1298 82 107
1299 82 110
1300 82 118
1301 82 119
1302 82 121
1303 82 139
1304 84 98
1305 85 86
1306 85 88
1307 85 89
1308 85 90
1309 85 91
1310 85 92
1311 85 94
1312 85 96
1313 85 97
1314 85 100
1315 85 101
1316 85 103
1317 85 105
1318 85 107
1319 85 109
1320 85 110
1321 85 112
1322 85 113
1323 85 115
1324 85 118
1325 85 119
1326 85 121
1327 85 127
1328 85 130
1329 85 131
1330 85 133
1331 85 134
1332 85 139
1333 86 88
1334 86 89
1335 86 90
1336 86 92
1337 86 96
1338 86 97
1339 86 100
1340 86 101
1341 86 102
1342 86 108
1343 86 112
1344 86 115
1345 86 118
1346 86 119
1347 86 122
1348 86 124
1349 86 130
1350 86 133
1351 86 136
1352 86 139
1353 88 89
1354 88 90
1355 88 92
1356 88 96
1357 88 100
1358 88 101
1359 88 107
1360 88 109
1361 88 110
1362 88 112
1363 88 115
1364 88 118
1365 88 119
1366 88 124
1367 88 130
1368 88 139
1369 89 90
1370 89 92
1371 89 94
1372 89 96
1373 89 97
1374 89 100
1375 89 101
1376 89 103
1377 89 105
1378 89 107
1379 89 109
1380 89 112
1381 89 113
1382 89 115
1383 89 118
1384 89 119
1385 89 121
1386 89 124
1387 89 130
1388 89 133
1389 89 134
1390 89 139
1391 90 92
1392 90 94
1393 90 96
1394 90 97
1395 90 100
1396 90 101
1397 90 107
1398 90 109
1399 90 110
1400 90 112
1401 90 115
1402 90 118
1403 90 119
1404 90 121
1405 90 122
1406 90 124
1407 90 130
1408 90 133
1409 90 139
1410 91 94
1411 91 96
1412 91 100
1413 91 103
1414 91 107
1415 91 109
1416 91 110
1417 91 113
1418 91 118
1419 91 127
1420 91 133
1421 91 139
1422 92 96
1423 92 101
1424 92 112
1425 92 119
1426 92 122
1427 92 124
1428 92 130
1429 93 104
1430 93 115
1431 93 119
1432 93 139
1433 94 96
1434 94 97
1435 94 100
1436 94 103
1437 94 107
1438 94 109
1439 94 110
1440 94 113
1441 94 118
1442 94 119
1443 94 131
1444 94 133
1445 94 139
1446 96 97
1447 96 100
1448 96 101
1449 96 107
1450 96 109
1451 96 110
1452 96 112
1453 96 115
1454 96 118
1455 96 119
1456 96 122
1457 96 124
1458 96 130
1459 96 133
1460 96 139
1461 97 100
1462 97 107
1463 97 109
1464 97 110
1465 97 113
1466 97 115
1467 97 118
1468 97 119
1469 97 121
1470 97 124
1471 97 131
1472 97 133
1473 97 139
1474 100 101
1475 100 107
1476 100 109
1477 100 110
1478 100 112
1479 100 113
1480 100 115
1481 100 118
1482 100 119
1483 100 121
1484 100 130
1485 100 131
1486 100 133
1487 100 134
1488 100 139
1489 101 107
1490 101 112
1491 101 115
1492 101 118
1493 101 119
1494 101 122
1495 101 124
1496 101 130
1497 101 139
1498 102 108
1499 102 120
1500 102 124
1501 102 136
1502 103 107
1503 103 109
1504 103 110
1505 103 113
1506 103 118
1507 103 133
1508 103 139
1509 104 115
1510 105 110
1511 105 118
1512 105 119
1513 105 121
1514 105 133
1515 105 139
1516 107 109
1517 107 110
1518 107 111
1519 107 113
1520 107 118
1521 107 119
1522 107 121
1523 107 131
1524 107 133
1525 107 134
1526 107 139
1527 108 120
1528 108 136
1529 109 110
1530 109 111
1531 109 113
1532 109 118
1533 109 119
1534 109 121
1535 109 131
1536 109 133
1537 109 134
1538 109 139
1539 110 111
1540 110 113
1541 110 118
1542 110 131
1543 110 133
1544 110 134
1545 110 139
1546 111 134
1547 112 118
1548 112 119
1549 112 122
1550 112 124
1551 112 130
1552 113 118
1553 113 129
1554 113 131
1555 113 133
1556 114 132
1557 115 118
1558 115 119
1559 115 121
1560 115 124
1561 115 139
1562 117 126
1563 118 119
1564 118 121
1565 118 130
1566 118 131
1567 118 133
1568 118 134
1569 118 139
1570 119 121
1571 119 130
1572 119 131
1573 119 133
1574 119 139
1575 120 136
1576 121 133
1577 121 139
1578 122 124
1579 122 130
1580 124 130
1581 124 139
1582 131 133
1583 133 139
