1 1 4
2 1 20
3 1 26
4 1 31
5 1 34
6 1 68
7 1 69
8 1 75
9 3 6
10 3 7
11 3 10
12 3 11
13 3 15
14 3 24
15 3 28
16 3 30
17 3 32
18 3 36
19 3 37
20 3 38
21 3 39
22 3 40
23 3 41
24 3 42
25 3 44
26 3 46
27 3 49
28 3 51
29 3 52
30 3 54
31 3 55
32 3 57
33 3 58
34 3 60
35 3 61
36 3 65
37 3 66
38 3 70
39 3 76
40 3 79
41 3 85
42 3 86
43 3 88
44 3 89
45 3 90
46 3 92
47 3 96
48 3 97
49 3 99
50 3 100
51 3 101
52 3 102
53 3 103
54 3 107
55 3 108
56 3 109
57 3 111
58 3 112
59 3 113
60 3 115
61 3 118
62 3 119
63 3 121
64 3 122
65 3 124
66 3 130
67 3 131
68 3 133
69 3 136
70 3 139
71 4 14
72 4 16
73 4 20
74 4 21
75 4 25
76 4 26
77 4 31
78 4 34
79 4 64
80 4 69
81 4 114
82 4 125
83 4 128
84 4 132
85 5 27
86 5 29
87 5 35
88 5 37
89 5 39
90 5 51
91 5 52
92 5 57
93 5 58
94 5 60
95 5 61
96 5 66
97 5 70
98 5 85
99 5 89
100 5 90
101 5 100
102 5 111
103 5 133
104 5 134
105 6 7
106 6 10
107 6 11
108 6 13
109 6 15
110 6 18
111 6 19
112 6 23
113 6 24
114 6 28
115 6 32
116 6 35
117 6 36
118 6 37
119 6 38
120 6 39
121 6 40
122 6 42
123 6 43
124 6 44
125 6 46
126 6 49
127 6 50
128 6 51
129 6 52
130 6 54
131 6 55
132 6 57
133 6 58
134 6 59
135 6 60
136 6 61
137 6 65
138 6 66
139 6 70
140 6 71
141 6 74
142 6 79
143 6 81
144 6 82
145 6 85
146 6 86
147 6 88
148 6 89
149 6 90
150 6 91
151 6 92
152 6 93
153 6 94
154 6 96
155 6 97
156 6 100
157 6 101
158 6 103
159 6 105
160 6 107
161 6 109
162 6 110
163 6 111
164 6 112
165 6 113
166 6 115
167 6 118
168 6 119
169 6 121
170 6 122
171 6 124
172 6 127
173 6 130
174 6 131
175 6 133
176 6 134
177 6 139
178 7 10
179 7 11
180 7 15
181 7 18
182 7 22
183 7 23
184 7 24
185 7 28
186 7 30
187 7 36
188 7 37
189 7 38
190 7 39
191 7 40
192 7 41
193 7 42
194 7 44
195 7 45
196 7 46
197 7 49
198 7 51
199 7 52
200 7 53
201 7 54
202 7 55
203 7 57
204 7 58
205 7 59
206 7 60
207 7 61
208 7 65
209 7 66
210 7 70
211 7 71
212 7 74
213 7 76
214 7 79
215 7 81
216 7 82
217 7 85
218 7 86
219 7 88
220 7 89
221 7 90
222 7 92
223 7 93
224 7 94
225 7 96
226 7 97
227 7 100
228 7 101
229 7 104
230 7 107
231 7 109
232 7 110
233 7 111
234 7 112
235 7 113
236 7 115
237 7 118
238 7 119
239 7 121
240 7 122
241 7 124
242 7 130
243 7 131
244 7 133
245 7 134
246 7 139
247 8 49
248 8 72
249 8 135
250 9 106
251 10 11
252 10 15
253 10 24
254 10 28
255 10 30
256 10 32
257 10 36
258 10 37
259 10 38
260 10 39
261 10 40
262 10 41
263 10 42
264 10 44
265 10 46
266 10 49
267 10 51
268 10 52
269 10 54
270 10 55
271 10 57
272 10 58
273 10 60
274 10 61
275 10 65
276 10 66
277 10 70
278 10 76
279 10 79
280 10 85
281 10 86
282 10 88
283 10 89
284 10 90
285 10 92
286 10 96
287 10 97
288 10 99
289 10 100
290 10 101
291 10 102
292 10 103
293 10 107
294 10 108
295 10 109
296 10 111
297 10 112
298 10 113
299 10 115
300 10 118
301 10 119
302 10 121
303 10 122
304 10 124
305 10 130
306 10 131
307 10 133
308 10 136
309 10 139
310 11 15
311 11 22
312 11 23
313 11 24
314 11 28
315 11 30
316 11 36
317 11 37
318 11 38
319 11 39
320 11 40
321 11 41
322 11 42
323 11 44
324 11 45
325 11 46
326 11 49
327 11 51
328 11 52
329 11 53
330 11 54
331 11 55
332 11 57
333 11 58
334 11 59
335 11 60
336 11 61
337 11 65
338 11 66
339 11 70
340 11 74
341 11 76
342 11 79
343 11 82
344 11 85
345 11 86
346 11 88
347 11 89
348 11 90
349 11 92
350 11 93
351 11 94
352 11 96
353 11 97
354 11 100
355 11 101
356 11 102
357 11 103
358 11 107
359 11 108
360 11 109
361 11 110
362 11 111
363 11 112
364 11 113
365 11 115
366 11 118
367 11 119
368 11 120
369 11 121
370 11 122
371 11 124
372 11 130
373 11 131
374 11 133
375 11 134
376 11 136
377 11 139
378 12 75
379 12 77
380 13 15
381 13 23
382 13 24
383 13 28
384 13 32
385 13 37
386 13 38
387 13 43
388 13 52
389 13 55
390 13 59
391 13 60
392 13 74
393 13 79
394 13 85
395 13 91
396 13 94
397 13 100
398 13 107
399 13 109
400 13 110
401 13 113
402 13 118
403 13 127
404 13 129
405 13 131
406 13 139
407 14 16
408 14 20
409 14 21
410 14 25
411 14 26
412 14 31
413 14 34
414 14 64
415 14 125
416 14 128
417 15 18
418 15 19
419 15 23
420 15 24
421 15 27
422 15 28
423 15 30
424 15 32
425 15 35
426 15 36
427 15 37
428 15 38
429 15 39
430 15 40
431 15 41
432 15 42
433 15 43
434 15 44
435 15 45
436 15 46
437 15 49
438 15 50
439 15 51
440 15 52
441 15 54
442 15 55
443 15 57
444 15 58
445 15 59
446 15 60
447 15 61
448 15 65
449 15 66
450 15 70
451 15 71
452 15 74
453 15 79
454 15 81
455 15 82
456 15 85
457 15 86
458 15 88
459 15 89
460 15 90
461 15 91
462 15 92
463 15 94
464 15 96
465 15 97
466 15 100
467 15 101
468 15 103
469 15 105
470 15 107
471 15 109
472 15 110
473 15 111
474 15 112
475 15 113
476 15 115
477 15 118
478 15 119
479 15 121
480 15 124
481 15 127
482 15 130
483 15 131
484 15 133
485 15 134
486 15 139
487 16 20
488 16 21
489 16 25
490 16 26
491 16 31
492 16 34
493 16 64
494 16 128
495 17 123
496 18 19
497 18 23
498 18 24
499 18 27
500 18 28
501 18 32
502 18 35
503 18 36
504 18 37
505 18 38
506 18 39
507 18 43
508 18 44
509 18 46
510 18 49
511 18 50
512 18 51
513 18 52
514 18 54
515 18 55
516 18 57
517 18 58
518 18 59
519 18 60
520 18 61
521 18 65
522 18 66
523 18 70
524 18 71
525 18 74
526 18 79
527 18 81
528 18 82
529 18 85
530 18 89
531 18 90
532 18 91
533 18 94
534 18 96
535 18 97
536 18 100
537 18 101
538 18 103
539 18 105
540 18 107
541 18 109
542 18 110
543 18 111
544 18 113
545 18 115
546 18 118
547 18 119
548 18 121
549 18 131
550 18 133
551 18 134
552 18 139
553 19 23
554 19 24
555 19 27
556 19 28
557 19 32
558 19 37
559 19 38
560 19 39
561 19 46
562 19 50
563 19 52
564 19 55
565 19 57
566 19 59
567 19 61
568 19 65
569 19 70
570 19 71
571 19 74
572 19 79
573 19 81
574 19 85
575 19 91
576 19 92
577 19 94
578 19 97
579 19 103
580 19 107
581 19 109
582 19 110
583 19 111
584 19 113
585 19 118
586 19 121
587 19 133
588 19 134
589 19 139
590 20 21
591 20 25
592 20 26
593 20 31
594 20 34
595 20 64
596 20 69
597 20 114
598 20 125
599 20 128
600 20 132
601 21 25
602 21 26
603 21 31
604 21 34
605 21 64
606 21 77
607 21 114
608 21 125
609 21 128
610 21 132
611 22 24
612 22 36
613 22 38
614 22 44
615 22 45
616 22 46
617 22 51
618 22 52
619 22 70
620 22 74
621 22 85
622 22 86
623 22 90
624 22 91
625 22 93
626 22 104
627 22 109
628 22 115
629 22 118
630 22 119
631 22 139
632 23 24
633 23 27
634 23 28
635 23 29
636 23 32
637 23 35
638 23 36
639 23 37
640 23 38
641 23 39
642 23 40
643 23 43
644 23 44
645 23 45
646 23 46
647 23 49
648 23 50
649 23 51
650 23 52
651 23 53
652 23 54
653 23 55
654 23 57
655 23 58
656 23 59
657 23 60
658 23 61
659 23 65
660 23 66
661 23 70
662 23 71
663 23 74
664 23 79
665 23 81
666 23 82
667 23 85
668 23 86
669 23 88
670 23 89
671 23 90
672 23 91
673 23 93
674 23 94
675 23 96
676 23 97
677 23 100
678 23 101
679 23 103
680 23 105
681 23 107
682 23 109
683 23 110
684 23 111
685 23 112
686 23 113
687 23 115
688 23 118
689 23 119
690 23 121
691 23 122
692 23 124
693 23 127
694 23 131
695 23 133
696 23 134
697 23 139
698 24 27
699 24 28
700 24 30
701 24 32
702 24 35
703 24 36
704 24 37
705 24 38
706 24 39
707 24 40
708 24 41
709 24 42
710 24 43
711 24 44
712 24 45
713 24 46
714 24 49
715 24 50
716 24 51
717 24 52
718 24 53
719 24 54
720 24 55
721 24 57
722 24 58
723 24 59
724 24 60
725 24 61
726 24 65
727 24 66
728 24 70
729 24 71
730 24 72
731 24 74
732 24 76
733 24 79
734 24 81
735 24 82
736 24 85
737 24 86
738 24 88
739 24 89
740 24 90
741 24 91
742 24 92
743 24 93
744 24 94
745 24 96
746 24 97
747 24 100
748 24 101
749 24 103
750 24 105
751 24 107
752 24 109
753 24 110
754 24 111
755 24 112
756 24 113
757 24 115
758 24 118
759 24 119
760 24 121
761 24 122
762 24 124
763 24 127
764 24 130
765 24 131
766 24 133
767 24 134
768 24 139
769 25 26
770 25 31
771 25 34
772 25 64
773 25 114
774 25 125
775 25 128
776 25 132
777 26 31
778 26 34
779 26 64
780 26 69
781 26 114
782 26 125
783 26 128
784 26 132
785 27 29
786 27 35
787 27 37
788 27 39
789 27 50
790 27 51
791 27 52
792 27 55
793 27 57
794 27 58
795 27 59
796 27 61
797 27 65
798 27 66
799 27 70
800 27 71
801 27 74
802 27 79
803 27 89
804 27 90
805 27 91
806 27 94
807 27 96
808 27 97
809 27 100
810 27 107
811 27 109
812 27 110
813 27 111
814 27 113
815 27 118
816 27 121
817 27 133
818 27 134
819 28 32
820 28 35
821 28 37
822 28 38
823 28 39
824 28 43
825 28 44
826 28 46
827 28 49
828 28 50
829 28 51
830 28 52
831 28 55
832 28 57
833 28 58
834 28 59
835 28 60
836 28 61
837 28 65
838 28 66
839 28 70
840 28 71
841 28 74
842 28 79
843 28 81
844 28 82
845 28 85
846 28 86
847 28 88
848 28 89
849 28 90
850 28 91
851 28 92
852 28 94
853 28 96
854 28 97
855 28 100
856 28 101
857 28 103
858 28 105
859 28 107
860 28 109
861 28 110
862 28 111
863 28 112
864 28 113
865 28 118
866 28 119
867 28 122
868 28 124
869 28 127
870 28 129
871 28 130
872 28 131
873 28 133
874 28 139
875 29 35
876 29 37
877 29 39
878 29 52
879 29 57
880 29 58
881 29 59
882 29 60
883 29 61
884 29 66
885 29 74
886 29 85
887 29 89
888 29 100
889 29 110
890 29 111
891 29 113
892 29 118
893 29 131
894 29 134
895 30 36
896 30 37
897 30 38
898 30 39
899 30 40
900 30 41
901 30 42
902 30 44
903 30 46
904 30 49
905 30 51
906 30 52
907 30 54
908 30 57
909 30 58
910 30 60
911 30 61
912 30 65
913 30 66
914 30 70
915 30 85
916 30 86
917 30 88
918 30 89
919 30 90
920 30 92
921 30 96
922 30 100
923 30 101
924 30 102
925 30 105
926 30 108
927 30 111
928 30 112
929 30 115
930 30 118
931 30 119
932 30 120
933 30 121
934 30 122
935 30 124
936 30 130
937 30 134
938 30 139
939 31 34
940 31 64
941 31 69
942 31 114
943 31 125
944 31 128
945 31 132
946 32 35
947 32 37
948 32 39
949 32 43
950 32 46
951 32 49
952 32 50
953 32 51
954 32 52
955 32 55
956 32 57
957 32 58
958 32 59
959 32 60
960 32 61
961 32 65
962 32 66
963 32 71
964 32 74
965 32 79
966 32 81
967 32 85
968 32 89
969 32 90
970 32 91
971 32 92
972 32 94
973 32 96
974 32 97
975 32 100
976 32 103
977 32 107
978 32 109
979 32 110
980 32 113
981 32 118
982 32 127
983 32 129
984 32 130
985 32 131
986 32 133
987 32 134
988 32 139
989 34 64
990 34 69
991 34 114
992 34 125
993 34 128
994 34 132
995 35 37
996 35 39
997 35 42
998 35 50
999 35 52
1000 35 55
1001 35 57
1002 35 58
1003 35 59
1004 35 61
1005 35 65
1006 35 66
1007 35 70
1008 35 71
1009 35 74
1010 35 79
1011 35 82
1012 35 85
1013 35 89
1014 35 91
1015 35 94
1016 35 100
1017 35 103
1018 35 107
1019 35 109
1020 35 110
1021 35 111
1022 35 113
1023 35 118
1024 35 121
1025 35 122
1026 35 131
1027 35 134
1028 35 139
1029 36 37
1030 36 38
1031 36 39
1032 36 40
1033 36 41
1034 36 42
1035 36 44
1036 36 45
1037 36 46
1038 36 49
1039 36 51
1040 36 52
1041 36 53
1042 36 54
1043 36 55
1044 36 57
1045 36 58
1046 36 59
1047 36 60
1048 36 61
1049 36 65
1050 36 66
1051 36 70
1052 36 71
1053 36 74
1054 36 76
1055 36 79
1056 36 82
1057 36 83
1058 36 85
1059 36 86
1060 36 88
1061 36 89
1062 36 90
1063 36 91
1064 36 92
1065 36 93
1066 36 94
1067 36 96
1068 36 97
1069 36 100
1070 36 101
1071 36 102
1072 36 105
1073 36 107
1074 36 108
1075 36 109
1076 36 110
1077 36 111
1078 36 112
1079 36 113
1080 36 115
1081 36 118
1082 36 119
1083 36 120
1084 36 121
1085 36 122
1086 36 124
1087 36 130
1088 36 131
1089 36 133
1090 36 134
1091 36 139
1092 37 38
1093 37 39
1094 37 40
1095 37 42
1096 37 43
1097 37 44
1098 37 45
1099 37 46
1100 37 49
1101 37 50
1102 37 51
1103 37 52
1104 37 54
1105 37 55
1106 37 57
1107 37 58
1108 37 59
1109 37 60
1110 37 61
1111 37 65
1112 37 66
1113 37 70
1114 37 71
1115 37 74
1116 37 76
1117 37 79
1118 37 81
1119 37 82
1120 37 85
1121 37 86
1122 37 88
1123 37 89
1124 37 90
1125 37 91
1126 37 92
1127 37 94
1128 37 96
1129 37 97
1130 37 100
1131 37 101
1132 37 102
1133 37 103
1134 37 105
1135 37 107
1136 37 109
1137 37 110
1138 37 111
1139 37 112
1140 37 113
1141 37 115
1142 37 118
1143 37 119
1144 37 121
1145 37 122
1146 37 124
1147 37 127
1148 37 129
1149 37 130
1150 37 131
1151 37 133
1152 37 134
1153 37 139
1154 38 39
1155 38 40
1156 38 41
1157 38 42
1158 38 43
1159 38 44
1160 38 45
1161 38 46
1162 38 49
1163 38 51
1164 38 52
1165 38 53
1166 38 54
1167 38 55
1168 38 57
1169 38 58
1170 38 59
1171 38 60
1172 38 61
1173 38 65
1174 38 66
1175 38 70
1176 38 71
1177 38 74
1178 38 76
1179 38 79
1180 38 81
1181 38 82
1182 38 85
1183 38 86
1184 38 88
1185 38 89
1186 38 90
1187 38 91
1188 38 92
1189 38 93
1190 38 94
1191 38 96
1192 38 97
1193 38 100
1194 38 101
1195 38 103
1196 38 104
1197 38 105
1198 38 107
1199 38 109
1200 38 110
1201 38 111
1202 38 112
1203 38 113
1204 38 115
1205 38 118
1206 38 119
1207 38 121
1208 38 122
1209 38 124
1210 38 127
1211 38 130
1212 38 131
1213 38 133
1214 38 134
1215 38 139
1216 39 44
1217 39 46
1218 39 49
1219 39 50
1220 39 51
1221 39 52
1222 39 55
1223 39 57
1224 39 58
1225 39 59
1226 39 60
1227 39 61
1228 39 65
1229 39 66
1230 39 70
1231 39 71
1232 39 74
1233 39 79
1234 39 81
1235 39 82
1236 39 85
1237 39 89
1238 39 90
1239 39 91
1240 39 94
1241 39 96
1242 39 97
1243 39 100
1244 39 101
1245 39 103
1246 39 105
1247 39 107
1248 39 109
1249 39 110
1250 39 111
1251 39 112
1252 39 113
1253 39 115
1254 39 118
1255 39 119
1256 39 121
1257 39 122
1258 39 124
1259 39 130
1260 39 131
1261 39 133
1262 39 134
1263 39 139
1264 40 41
1265 40 42
1266 40 44
1267 40 46
1268 40 49
1269 40 51
1270 40 52
1271 40 54
1272 40 55
1273 40 57
1274 40 58
1275 40 59
1276 40 60
1277 40 61
1278 40 65
1279 40 66
1280 40 70
1281 40 74
1282 40 76
1283 40 79
1284 40 82
1285 40 85
1286 40 86
1287 40 88
1288 40 89
1289 40 90
1290 40 92
1291 40 94
1292 40 96
1293 40 97
1294 40 100
1295 40 101
1296 40 102
1297 40 103
1298 40 107
1299 40 108
1300 40 109
1301 40 110
1302 40 112
1303 40 115
1304 40 118
1305 40 119
1306 40 120
1307 40 122
1308 40 124
1309 40 130
1310 40 131
1311 40 133
1312 40 136
1313 40 139
1314 41 42
1315 41 44
1316 41 46
1317 41 51
1318 41 52
1319 41 65
1320 41 70
1321 41 79
1322 41 86
1323 41 88
1324 41 90
1325 41 92
1326 41 96
1327 41 101
1328 41 102
1329 41 105
1330 41 108
1331 41 112
1332 41 115
1333 41 118
1334 41 119
1335 41 120
1336 41 121
1337 41 122
1338 41 124
1339 41 130
1340 41 136
1341 41 139
1342 42 44
1343 42 46
1344 42 51
1345 42 52
1346 42 54
1347 42 57
1348 42 58
1349 42 60
1350 42 61
1351 42 65
1352 42 66
1353 42 70
1354 42 79
1355 42 85
1356 42 86
1357 42 88
1358 42 89
1359 42 90
1360 42 92
1361 42 96
1362 42 97
1363 42 99
1364 42 100
1365 42 101
1366 42 108
1367 42 112
1368 42 113
1369 42 115
1370 42 118
1371 42 119
1372 42 122
1373 42 124
1374 42 130
1375 42 133
1376 42 134
1377 42 136
1378 42 139
1379 43 44
1380 43 49
1381 43 50
1382 43 52
1383 43 55
1384 43 57
1385 43 58
1386 43 59
1387 43 60
1388 43 61
1389 43 65
1390 43 66
1391 43 70
1392 43 71
1393 43 74
1394 43 79
1395 43 81
1396 43 82
1397 43 85
1398 43 89
1399 43 91
1400 43 94
1401 43 96
1402 43 97
1403 43 100
1404 43 103
1405 43 105
1406 43 107
1407 43 109
1408 43 110
1409 43 113
1410 43 118
1411 43 119
1412 43 121
1413 43 127
1414 43 131
1415 43 133
1416 43 134
1417 43 139
1418 44 45
1419 44 46
1420 44 49
1421 44 51
1422 44 52
1423 44 53
1424 44 54
1425 44 55
1426 44 57
1427 44 58
1428 44 59
1429 44 60
1430 44 61
1431 44 65
1432 44 66
1433 44 70
1434 44 74
1435 44 79
1436 44 82
1437 44 85
1438 44 86
1439 44 88
1440 44 89
1441 44 90
1442 44 92
1443 44 93
1444 44 94
1445 44 96
1446 44 97
1447 44 100
1448 44 101
1449 44 103
1450 44 105
1451 44 107
1452 44 109
1453 44 110
1454 44 112
1455 44 113
1456 44 115
1457 44 118
1458 44 119
1459 44 121
1460 44 122
1461 44 124
1462 44 130
1463 44 131
1464 44 133
1465 44 139
1466 45 46
1467 45 51
1468 45 52
1469 45 55
1470 45 57
1471 45 59
1472 45 61
1473 45 65
1474 45 70
1475 45 74
1476 45 82
1477 45 85
1478 45 86
1479 45 90
1480 45 93
1481 45 96
1482 45 97
1483 45 104
1484 45 105
1485 45 107
1486 45 109
1487 45 110
1488 45 115
1489 45 118
1490 45 119
1491 45 121
1492 45 133
1493 45 139
1494 46 49
1495 46 51
1496 46 52
1497 46 53
1498 46 54
1499 46 55
1500 46 57
1501 46 58
1502 46 59
1503 46 60
1504 46 61
1505 46 65
1506 46 66
1507 46 70
1508 46 71
1509 46 74
1510 46 76
1511 46 79
1512 46 81
1513 46 82
1514 46 85
1515 46 86
1516 46 88
1517 46 89
1518 46 90
1519 46 91
1520 46 92
1521 46 94
1522 46 96
1523 46 97
1524 46 100
1525 46 101
1526 46 102
1527 46 103
1528 46 105
1529 46 107
1530 46 108
1531 46 109
1532 46 110
1533 46 111
1534 46 112
1535 46 113
1536 46 115
1537 46 118
1538 46 119
1539 46 120
1540 46 121
1541 46 122
1542 46 124
1543 46 130
1544 46 131
1545 46 133
1546 46 134
1547 46 136
1548 46 139
1549 47 123
1550 48 67
1551 48 116
1552 48 138
1553 49 50
1554 49 51
1555 49 52
1556 49 53
1557 49 54
1558 49 55
1559 49 57
1560 49 58
1561 49 59
1562 49 60
1563 49 61
1564 49 65
1565 49 66
1566 49 70
1567 49 71
1568 49 72
1569 49 74
1570 49 81
1571 49 82
1572 49 83
1573 49 85
1574 49 86
1575 49 88
1576 49 89
1577 49 90
1578 49 91
1579 49 94
1580 49 96
1581 49 97
1582 49 100
1583 49 101
1584 49 103
1585 49 104
1586 49 105
1587 49 107
1588 49 109
1589 49 110
1590 49 112
1591 49 113
1592 49 115
1593 49 118
1594 49 119
1595 49 121
1596 49 124
1597 49 130
1598 49 133
1599 49 134
1600 49 139
1601 50 51
1602 50 52
1603 50 55
1604 50 57
1605 50 58
1606 50 59
1607 50 61
1608 50 65
1609 50 66
1610 50 70
1611 50 71
1612 50 74
1613 50 79
1614 50 81
1615 50 82
1616 50 85
1617 50 89
1618 50 90
1619 50 91
1620 50 94
1621 50 97
1622 50 100
1623 50 103
1624 50 107
1625 50 109
1626 50 110
1627 50 111
1628 50 113
1629 50 118
1630 50 129
1631 50 131
1632 50 133
1633 50 139
1634 51 52
1635 51 53
1636 51 54
1637 51 55
1638 51 57
1639 51 58
1640 51 59
1641 51 60
1642 51 61
1643 51 65
1644 51 66
1645 51 70
1646 51 71
1647 51 74
1648 51 76
1649 51 79
1650 51 81
1651 51 82
1652 51 85
1653 51 86
1654 51 88
1655 51 89
1656 51 90
1657 51 91
1658 51 92
1659 51 93
1660 51 94
1661 51 96
1662 51 97
1663 51 100
1664 51 101
1665 51 102
1666 51 103
1667 51 105
1668 51 107
1669 51 108
1670 51 109
1671 51 110
1672 51 111
1673 51 112
1674 51 113
1675 51 115
1676 51 118
1677 51 119
1678 51 120
1679 51 121
1680 51 122
1681 51 124
1682 51 130
1683 51 131
1684 51 133
1685 51 134
1686 51 136
1687 51 139
1688 52 54
1689 52 55
1690 52 57
1691 52 58
1692 52 59
1693 52 60
1694 52 61
1695 52 65
1696 52 66
1697 52 70
1698 52 71
1699 52 74
1700 52 76
1701 52 79
1702 52 81
1703 52 82
1704 52 85
1705 52 86
1706 52 88
1707 52 89
1708 52 90
1709 52 91
1710 52 92
1711 52 93
1712 52 94
1713 52 96
1714 52 97
1715 52 100
1716 52 101
1717 52 102
1718 52 103
1719 52 105
1720 52 107
1721 52 109
1722 52 110
1723 52 111
1724 52 112
1725 52 113
1726 52 115
1727 52 118
1728 52 119
1729 52 121
1730 52 122
1731 52 124
1732 52 127
1733 52 129
1734 52 130
1735 52 131
1736 52 133
1737 52 134
1738 52 139
1739 53 55
1740 53 59
1741 53 61
1742 53 65
1743 53 70
1744 53 82
1745 53 83
1746 53 89
1747 53 90
1748 53 96
1749 53 105
1750 53 107
1751 53 110
1752 53 115
1753 53 118
1754 53 119
1755 53 133
1756 53 139
1757 54 55
1758 54 59
1759 54 60
1760 54 61
1761 54 65
1762 54 70
1763 54 74
1764 54 76
1765 54 79
1766 54 82
1767 54 85
1768 54 86
1769 54 88
1770 54 89
1771 54 90
1772 54 92
1773 54 94
1774 54 96
1775 54 97
1776 54 100
1777 54 101
1778 54 102
1779 54 107
1780 54 108
1781 54 109
1782 54 110
1783 54 112
1784 54 113
1785 54 115
1786 54 118
1787 54 119
1788 54 121
1789 54 122
1790 54 124
1791 54 130
1792 54 131
1793 54 133
1794 54 139
1795 55 57
1796 55 58
1797 55 59
1798 55 60
1799 55 61
1800 55 65
1801 55 66
1802 55 70
1803 55 71
1804 55 74
1805 55 79
1806 55 81
1807 55 82
1808 55 85
1809 55 86
1810 55 88
1811 55 89
1812 55 90
1813 55 91
1814 55 92
1815 55 93
1816 55 94
1817 55 96
1818 55 97
1819 55 100
1820 55 101
1821 55 103
1822 55 105
1823 55 107
1824 55 109
1825 55 110
1826 55 111
1827 55 112
1828 55 113
1829 55 115
1830 55 118
1831 55 119
1832 55 121
1833 55 122
1834 55 124
1835 55 127
1836 55 130
1837 55 131
1838 55 133
1839 55 134
1840 55 139
1841 56 95
1842 57 58
1843 57 59
1844 57 60
1845 57 61
1846 57 65
1847 57 66
1848 57 70
1849 57 71
1850 57 74
1851 57 79
1852 57 81
1853 57 82
1854 57 85
1855 57 86
1856 57 88
1857 57 89
1858 57 90
1859 57 91
1860 57 92
1861 57 94
1862 57 96
1863 57 97
1864 57 100
1865 57 101
1866 57 103
1867 57 105
1868 57 107
1869 57 109
1870 57 110
1871 57 111
1872 57 112
1873 57 113
1874 57 115
1875 57 118
1876 57 119
1877 57 121
1878 57 122
1879 57 124
1880 57 130
1881 57 131
1882 57 133
1883 57 134
1884 57 139
1885 58 59
1886 58 60
1887 58 61
1888 58 65
1889 58 66
1890 58 70
1891 58 71
1892 58 74
1893 58 79
1894 58 81
1895 58 82
1896 58 85
1897 58 86
1898 58 88
1899 58 89
1900 58 90
1901 58 91
1902 58 92
1903 58 94
1904 58 96
1905 58 97
1906 58 100
1907 58 101
1908 58 103
1909 58 107
1910 58 109
1911 58 110
1912 58 111
1913 58 112
1914 58 113
1915 58 115
1916 58 118
1917 58 119
1918 58 121
1919 58 124
1920 58 130
1921 58 131
1922 58 133
1923 58 134
1924 58 139
1925 59 60
1926 59 61
1927 59 65
1928 59 66
1929 59 70
1930 59 71
1931 59 74
1932 59 79
1933 59 81
1934 59 82
1935 59 85
1936 59 86
1937 59 88
1938 59 89
1939 59 90
1940 59 91
1941 59 93
1942 59 94
1943 59 96
1944 59 97
1945 59 100
1946 59 101
1947 59 103
1948 59 105
1949 59 107
1950 59 109
1951 59 110
1952 59 111
1953 59 112
1954 59 113
1955 59 115
1956 59 118
1957 59 119
1958 59 121
1959 59 122
1960 59 124
1961 59 127
1962 59 131
1963 59 133
1964 59 134
1965 59 139
1966 60 61
1967 60 65
1968 60 66
1969 60 70
1970 60 71
1971 60 74
1972 60 76
1973 60 79
1974 60 81
1975 60 82
1976 60 85
1977 60 86
1978 60 88
1979 60 89
1980 60 90
1981 60 91
1982 60 92
1983 60 93
1984 60 94
1985 60 96
1986 60 97
1987 60 100
1988 60 101
1989 60 103
1990 60 105
1991 60 107
1992 60 109
1993 60 110
1994 60 111
1995 60 112
1996 60 113
1997 60 115
1998 60 118
1999 60 119
2000 60 121
2001 60 124
2002 60 127
2003 60 129
2004 60 130
2005 60 131
2006 60 133
2007 60 134
2008 60 139
2009 61 65
2010 61 66
2011 61 70
2012 61 71
2013 61 72
2014 61 74
2015 61 76
2016 61 79
2017 61 81
2018 61 82
2019 61 83
2020 61 85
2021 61 86
2022 61 88
2023 61 89
2024 61 90
2025 61 91
2026 61 92
2027 61 93
2028 61 94
2029 61 96
2030 61 97
2031 61 100
2032 61 101
2033 61 103
2034 61 105
2035 61 107
2036 61 109
2037 61 110
2038 61 111
2039 61 112
2040 61 113
2041 61 115
2042 61 118
2043 61 119
2044 61 121
2045 61 122
2046 61 124
2047 61 130
2048 61 131
2049 61 133
2050 61 134
2051 61 139
2052 62 117
2053 62 126
2054 63 73
2055 63 78
2056 63 84
2057 63 98
2058 64 114
2059 64 125
2060 64 128
2061 65 66
2062 65 70
2063 65 71
2064 65 72
2065 65 74
2066 65 76
2067 65 79
2068 65 81
2069 65 82
2070 65 83
2071 65 85
2072 65 86
2073 65 88
2074 65 89
2075 65 90
2076 65 91
2077 65 92
2078 65 93
2079 65 94
2080 65 96
2081 65 97
2082 65 100
2083 65 101
2084 65 103
2085 65 105
2086 65 107
2087 65 109
2088 65 110
2089 65 111
2090 65 112
2091 65 113
2092 65 115
2093 65 118
2094 65 119
2095 65 121
2096 65 122
2097 65 124
2098 65 130
2099 65 131
2100 65 133
2101 65 134
2102 65 139
2103 66 70
2104 66 71
2105 66 74
2106 66 79
2107 66 81
2108 66 82
2109 66 85
2110 66 86
2111 66 88
2112 66 89
2113 66 90
2114 66 91
2115 66 92
2116 66 94
2117 66 96
2118 66 97
2119 66 100
2120 66 101
2121 66 103
2122 66 107
2123 66 109
2124 66 110
2125 66 111
2126 66 112
2127 66 113
2128 66 115
2129 66 118
2130 66 119
2131 66 121
2132 66 124
2133 66 130
2134 66 131
2135 66 133
2136 66 134
2137 66 139
2138 67 116
2139 67 138
2140 68 69
2141 68 75
2142 69 75
2143 70 71
2144 70 72
2145 70 74
2146 70 76
2147 70 79
2148 70 81
2149 70 82
2150 70 83
2151 70 85
2152 70 86
2153 70 88
2154 70 89
2155 70 90
2156 70 91
2157 70 92
2158 70 93
2159 70 94
2160 70 96
2161 70 97
2162 70 100
2163 70 101
2164 70 103
2165 70 105
2166 70 107
2167 70 109
2168 70 110
2169 70 111
2170 70 112
2171 70 113
2172 70 115
2173 70 118
2174 70 119
2175 70 121
2176 70 122
2177 70 124
2178 70 130
2179 70 131
2180 70 133
2181 70 134
2182 70 135
2183 70 139
2184 71 74
2185 71 79
2186 71 81
2187 71 82
2188 71 85
2189 71 89
2190 71 90
2191 71 91
2192 71 94
2193 71 96
2194 71 97
2195 71 100
2196 71 103
2197 71 105
2198 71 107
2199 71 109
2200 71 110
2201 71 111
2202 71 113
2203 71 115
2204 71 118
2205 71 119
2206 71 121
2207 71 131
2208 71 133
2209 71 134
2210 71 139
2211 72 89
2212 72 97
2213 72 135
2214 73 78
2215 73 84
2216 73 98
2217 74 79
2218 74 81
2219 74 82
2220 74 85
2221 74 86
2222 74 88
2223 74 89
2224 74 90
2225 74 91
2226 74 94
2227 74 96
2228 74 97
2229 74 100
2230 74 101
2231 74 103
2232 74 105
2233 74 107
2234 74 109
2235 74 110
2236 74 111
2237 74 113
2238 74 115
2239 74 118
2240 74 119
2241 74 121
2242 74 124
2243 74 127
2244 74 131
2245 74 133
2246 74 134
2247 74 139
2248 75 77
2249 75 78
2250 76 85
2251 76 86
2252 76 88
2253 76 89
2254 76 90
2255 76 92
2256 76 96
2257 76 97
2258 76 100
2259 76 101
2260 76 112
2261 76 113
2262 76 115
2263 76 118
2264 76 122
2265 76 124
2266 76 130
2267 76 131
2268 76 133
2269 76 139
2270 78 84
2271 78 98
2272 79 81
2273 79 82
2274 79 85
2275 79 86
2276 79 88
2277 79 89
2278 79 90
2279 79 91
2280 79 92
2281 79 94
2282 79 96
2283 79 97
2284 79 100
2285 79 103
2286 79 107
2287 79 109
2288 79 110
2289 79 111
2290 79 112
2291 79 113
2292 79 118
2293 79 119
2294 79 122
2295 79 124
2296 79 127
2297 79 129
2298 79 130
2299 79 131
2300 79 133
2301 79 134
2302 79 139
2303 81 82
2304 81 85
2305 81 88
2306 81 89
2307 81 90
2308 81 91
2309 81 94
2310 81 96
2311 81 97
2312 81 100
2313 81 101
2314 81 103
2315 81 105
2316 81 107
2317 81 109
2318 81 110
2319 81 111
2320 81 113
2321 81 115
2322 81 118
2323 81 119
2324 81 121
2325 81 131
2326 81 133
2327 81 134
2328 81 139
2329 82 85
2330 82 86
2331 82 88
2332 82 89
2333 82 90
2334 82 91
2335 82 93
2336 82 94
2337 82 96
2338 82 97
2339 82 100
2340 82 101
2341 82 103
2342 82 105
2343 82 107
2344 82 109
2345 82 110
2346 82 111
2347 82 113
2348 82 115
2349 82 118
2350 82 119
2351 82 121
2352 82 122
2353 82 124
2354 82 131
2355 82 133
2356 82 134
2357 82 139
2358 83 89
2359 83 90
2360 83 97
2361 83 105
2362 83 118
2363 83 119
2364 83 139
2365 84 98
2366 85 86
2367 85 88
2368 85 89
2369 85 90
2370 85 91
2371 85 92
2372 85 93
2373 85 94
2374 85 96
2375 85 97
2376 85 100
2377 85 101
2378 85 103
2379 85 105
2380 85 107
2381 85 109
2382 85 110
2383 85 111
2384 85 112
2385 85 113
2386 85 115
2387 85 118
2388 85 119
2389 85 121
2390 85 122
2391 85 124
2392 85 127
2393 85 129
2394 85 130
2395 85 131
2396 85 133
2397 85 134
2398 85 139
2399 86 88
2400 86 89
2401 86 90
2402 86 92
2403 86 94
2404 86 96
2405 86 97
2406 86 100
2407 86 101
2408 86 102
2409 86 103
2410 86 107
2411 86 108
2412 86 109
2413 86 110
2414 86 112
2415 86 113
2416 86 115
2417 86 118
2418 86 119
2419 86 120
2420 86 121
2421 86 122
2422 86 124
2423 86 130
2424 86 131
2425 86 133
2426 86 136
2427 86 139
2428 88 89
2429 88 90
2430 88 91
2431 88 92
2432 88 93
2433 88 94
2434 88 96
2435 88 97
2436 88 100
2437 88 101
2438 88 102
2439 88 103
2440 88 105
2441 88 107
2442 88 108
2443 88 109
2444 88 110
2445 88 112
2446 88 113
2447 88 115
2448 88 118
2449 88 119
2450 88 120
2451 88 121
2452 88 122
2453 88 124
2454 88 130
2455 88 131
2456 88 133
2457 88 139
2458 89 90
2459 89 91
2460 89 92
2461 89 94
2462 89 96
2463 89 97
2464 89 100
2465 89 101
2466 89 103
2467 89 105
2468 89 107
2469 89 109
2470 89 110
2471 89 111
2472 89 112
2473 89 113
2474 89 115
2475 89 118
2476 89 119
2477 89 121
2478 89 122
2479 89 124
2480 89 130
2481 89 131
2482 89 133
2483 89 134
2484 89 139
2485 90 91
2486 90 92
2487 90 93
2488 90 94
2489 90 96
2490 90 97
2491 90 100
2492 90 101
2493 90 102
2494 90 103
2495 90 105
2496 90 107
2497 90 108
2498 90 109
2499 90 110
2500 90 111
2501 90 112
2502 90 113
2503 90 115
2504 90 118
2505 90 119
2506 90 120
2507 90 121
2508 90 122
2509 90 124
2510 90 130
2511 90 131
2512 90 133
2513 90 134
2514 90 136
2515 90 139
2516 91 94
2517 91 96
2518 91 97
2519 91 100
2520 91 101
2521 91 103
2522 91 105
2523 91 107
2524 91 109
2525 91 110
2526 91 111
2527 91 113
2528 91 118
2529 91 119
2530 91 121
2531 91 127
2532 91 129
2533 91 131
2534 91 133
2535 91 134
2536 91 139
2537 92 96
2538 92 97
2539 92 99
2540 92 100
2541 92 101
2542 92 102
2543 92 103
2544 92 108
2545 92 109
2546 92 112
2547 92 113
2548 92 115
2549 92 118
2550 92 119
2551 92 121
2552 92 122
2553 92 124
2554 92 130
2555 92 131
2556 92 133
2557 92 136
2558 92 139
2559 93 94
2560 93 96
2561 93 100
2562 93 104
2563 93 107
2564 93 110
2565 93 113
2566 93 115
2567 93 118
2568 93 119
2569 93 131
2570 93 133
2571 93 139
2572 94 96
2573 94 97
2574 94 100
2575 94 101
2576 94 103
2577 94 105
2578 94 107
2579 94 109
2580 94 110
2581 94 111
2582 94 112
2583 94 113
2584 94 115
2585 94 118
2586 94 119
2587 94 121
2588 94 122
2589 94 124
2590 94 127
2591 94 131
2592 94 133
2593 94 134
2594 94 139
2595 96 97
2596 96 100
2597 96 101
2598 96 102
2599 96 103
2600 96 107
2601 96 108
2602 96 109
2603 96 110
2604 96 111
2605 96 112
2606 96 113
2607 96 115
2608 96 118
2609 96 119
2610 96 121
2611 96 122
2612 96 124
2613 96 130
2614 96 131
2615 96 133
2616 96 134
2617 96 139
2618 97 100
2619 97 101
2620 97 102
2621 97 103
2622 97 105
2623 97 107
2624 97 109
2625 97 110
2626 97 111
2627 97 112
2628 97 113
2629 97 115
2630 97 118
2631 97 119
2632 97 121
2633 97 122
2634 97 124
2635 97 130
2636 97 131
2637 97 133
2638 97 134
2639 97 139
2640 99 112
2641 99 122
2642 99 130
2643 100 101
2644 100 103
2645 100 105
2646 100 107
2647 100 109
2648 100 110
2649 100 111
2650 100 112
2651 100 113
2652 100 115
2653 100 118
2654 100 119
2655 100 121
2656 100 122
2657 100 124
2658 100 127
2659 100 129
2660 100 130
2661 100 131
2662 100 133
2663 100 134
2664 100 139
2665 101 102
2666 101 105
2667 101 107
2668 101 108
2669 101 109
2670 101 110
2671 101 112
2672 101 113
2673 101 115
2674 101 118
2675 101 119
2676 101 120
2677 101 121
2678 101 122
2679 101 124
2680 101 130
2681 101 131
2682 101 133
2683 101 134
2684 101 139
2685 102 108
2686 102 112
2687 102 120
2688 102 122
2689 102 124
2690 102 130
2691 102 136
2692 102 139
2693 103 107
2694 103 109
2695 103 110
2696 103 111
2697 103 112
2698 103 113
2699 103 118
2700 103 119
2701 103 124
2702 103 129
2703 103 130
2704 103 131
2705 103 133
2706 103 139
2707 104 115
2708 104 118
2709 104 119
2710 105 107
2711 105 109
2712 105 110
2713 105 113
2714 105 118
2715 105 119
2716 105 121
2717 105 131
2718 105 133
2719 105 139
2720 107 109
2721 107 110
2722 107 111
2723 107 112
2724 107 113
2725 107 115
2726 107 118
2727 107 119
2728 107 121
2729 107 122
2730 107 124
2731 107 127
2732 107 129
2733 107 130
2734 107 131
2735 107 133
2736 107 134
2737 107 139
2738 108 112
2739 108 120
2740 108 122
2741 108 124
2742 108 130
2743 108 136
2744 109 110
2745 109 111
2746 109 112
2747 109 113
2748 109 115
2749 109 118
2750 109 119
2751 109 121
2752 109 124
2753 109 127
2754 109 129
2755 109 130
2756 109 131
2757 109 133
2758 109 134
2759 109 139
2760 110 111
2761 110 112
2762 110 113
2763 110 115
2764 110 118
2765 110 119
2766 110 121
2767 110 122
2768 110 124
2769 110 127
2770 110 131
2771 110 133
2772 110 134
2773 110 139
2774 111 112
2775 111 113
2776 111 115
2777 111 118
2778 111 119
2779 111 130
2780 111 131
2781 111 133
2782 111 134
2783 111 139
2784 112 113
2785 112 115
2786 112 118
2787 112 119
2788 112 120
2789 112 122
2790 112 124
2791 112 130
2792 112 131
2793 112 133
2794 112 134
2795 112 139
2796 113 115
2797 113 118
2798 113 119
2799 113 121
2800 113 122
2801 113 127
2802 113 129
2803 113 130
2804 113 131
2805 113 133
2806 113 134
2807 113 139
2808 114 125
2809 114 128
2810 114 132
2811 115 118
2812 115 119
2813 115 121
2814 115 122
2815 115 124
2816 115 130
2817 115 131
2818 115 133
2819 115 134
2820 115 139
2821 116 138
2822 117 126
2823 118 119
2824 118 121
2825 118 122
2826 118 124
2827 118 127
2828 118 130
2829 118 131
2830 118 133
2831 118 134
2832 118 135
2833 118 139
2834 119 121
2835 119 122
2836 119 124
2837 119 130
2838 119 131
2839 119 133
2840 119 134
2841 119 139
2842 120 124
2843 120 136
2844 121 124
2845 121 130
2846 121 131
2847 121 133
2848 121 139
2849 122 124
2850 122 130
2851 122 131
2852 122 133
2853 122 136
2854 122 139
2855 124 130
2856 124 131
2857 124 133
2858 124 136
2859 124 139
2860 125 128
2861 125 132
2862 127 129
2863 127 131
2864 127 139
2865 128 132
2866 129 131
2867 129 133
2868 130 131
2869 130 133
2870 130 136
2871 130 139
2872 131 133
2873 131 134
2874 131 139
2875 133 134
2876 133 139
2877 134 139
