1 32 54
2 13 108
3 18 121
4 75 104
5 63 76
6 29 44
7 33 41
8 72 92
9 54 92
10 1 64
11 22 117
12 26 120
13 27 122
14 46 127
15 5 84
16 6 98
17 45 61
18 10 97
19 49 58
20 12 138
21 92 120
22 59 97
23 45 78
24 32 77
25 90 130
26 57 59
27 38 119
28 75 97
29 4 35
30 95 98
31 44 138
32 63 117
33 48 77
34 33 34
35 36 41
36 1 89
37 78 89
38 61 63
39 79 85
40 112 121
41 38 140
42 77 95
43 66 93
44 49 51
45 35 96
46 55 125
47 96 114
48 24 132
49 64 107
50 45 71
51 1 33
52 57 60
53 75 102
54 95 107
55 8 45
56 7 15
57 44 129
58 63 114
59 100 102
60 12 90
61 72 74
62 129 133
63 41 43
64 79 82
65 108 117
66 71 131
67 38 135
68 76 78
69 42 74
70 136 139
71 49 52
72 67 94
73 55 122
74 40 124
75 3 112
76 24 139
77 23 109
78 120 127
79 33 67
80 14 95
81 70 72
82 74 135
83 57 69
84 3 129
85 4 17
86 100 109
87 63 123
88 29 55
89 68 118
90 16 20
91 72 113
92 27 65
93 52 127
94 15 117
95 17 43
96 5 79
97 10 26
98 30 89
99 13 63
100 108 131
101 1 130
102 40 99
103 23 106
104 8 76
105 65 109
106 87 137
107 18 93
108 1 51
109 3 134
110 44 119
111 28 134
112 104 111
113 68 125
114 72 120
115 36 70
116 54 56
117 61 74
118 9 60
119 34 44
120 52 70
121 109 115
122 19 119
123 42 60
124 5 72
125 105 129
126 72 129
127 55 72
128 40 106
129 4 112
130 60 117
131 26 133
132 64 112
133 65 102
134 33 93
135 89 104
136 71 72
137 74 137
138 39 99
139 4 7
140 99 131
141 46 51
142 11 127
143 12 71
144 69 114
145 37 89
146 58 62
147 52 77
148 19 124
149 37 42
150 76 123
151 24 113
152 25 101
153 6 65
154 10 12
155 105 138
156 13 49
157 72 136
158 18 60
159 97 128
160 8 122
161 26 140
162 65 127
163 32 96
164 50 54
165 14 48
166 57 88
167 21 66
168 4 14
169 26 63
170 99 136
171 124 128
172 16 121
173 19 20
174 131 133
175 97 98
176 9 46
177 51 90
178 16 136
179 20 125
180 24 120
181 25 110
182 6 56
183 10 55
184 14 136
185 38 50
186 23 113
187 65 112
188 122 131
189 14 59
190 18 70
191 1 6
192 110 111
193 22 75
194 44 92
195 7 104
196 12 117
197 2 63
198 5 18
199 98 107
200 62 93
201 30 42
202 24 127
203 25 119
204 6 51
205 49 73
206 38 53
207 43 58
208 8 104
209 64 69
210 29 99
211 122 138
212 33 96
213 1 31
214 57 106
215 5 138
216 121 133
217 11 98
218 12 108
219 51 59
220 69 109
221 37 116
222 2 54
223 93 119
224 22 61
225 62 68
226 29 133
227 30 45
228 34 48
229 41 130
230 13 92
231 106 117
232 35 51
233 18 41
234 38 44
235 4 84
236 8 111
237 65 66
238 58 99
239 21 93
240 22 69
241 7 94
242 12 107
243 30 133
244 17 112
245 2 49
246 93 112
247 41 122
248 94 102
249 9 65
250 27 59
251 100 134
252 47 52
253 118 120
254 34 75
255 21 132
256 25 65
257 45 126
258 66 133
259 102 113
260 13 85
261 75 81
262 38 39
263 28 73
264 53 127
265 57 116
266 21 102
267 44 73
268 27 131
269 46 86
270 126 128
271 36 104
272 37 102
273 2 8
274 94 105
275 41 99
276 5 13
277 122 126
278 30 31
279 87 90
280 3 59
281 77 96
282 82 109
283 45 119
284 101 106
285 102 104
286 13 78
287 74 76
288 40 52
289 3 72
290 4 90
291 7 63
292 45 136
293 53 120
294 54 126
295 1 98
296 21 111
297 39 53
298 78 112
299 7 76
300 123 140
301 15 60
302 126 139
303 2 3
304 9 115
305 119 120
306 66 100
307 123 125
308 34 93
309 52 55
310 18 131
311 46 134
312 32 43
313 31 45
314 106 110
315 75 79
316 40 59
317 4 65
318 11 49
319 57 134
320 39 50
321 78 123
322 44 63
323 56 74
324 2 26
325 9 116
326 10 74
327 56 57
328 6 22
329 28 39
330 32 34
331 31 42
332 107 109
333 35 47
334 38 72
335 42 135
336 60 61
337 8 11
338 116 130
339 36 54
340 54 72
341 2 98
342 22 97
343 44 54
344 48 49
345 88 104
346 19 71
347 62 107
348 10 117
349 66 118
350 92 108
351 114 129
352 59 93
353 25 93
354 6 9
355 43 135
356 82 86
357 32 57
358 71 120
359 93 139
360 40 41
361 4 55
362 11 47
363 70 133
364 54 67
365 1 117
366 22 120
367 26 119
368 27 111
369 44 45
370 36 140
371 9 102
372 10 124
373 66 113
374 102 133
375 86 116
376 92 107
377 96 110
378 32 48
379 75 114
380 38 122
381 39 72
382 22 128
383 42 137
384 11 36
385 16 41
386 2 116
387 22 115
388 8 136
389 26 126
390 36 139
391 9 111
392 66 72
393 12 140
394 13 26
395 34 97
396 91 112
397 127 140
398 40 136
399 8 81
400 65 128
401 32 55
402 13 107
403 38 125
404 21 27
405 4 37
406 95 100
407 44 140
408 11 93
409 29 43
410 104 116
411 33 40
412 92 128
413 2 79
414 41 56
415 59 130
416 27 125
417 103 117
418 52 99
419 15 25
420 38 138
421 58 131
422 5 83
423 12 139
424 20 59
425 3 5
426 59 96
427 8 88
428 13 100
429 18 113
430 57 58
431 75 96
432 95 109
433 43 123
434 7 17
435 63 116
436 36 42
437 129 131
438 61 62
439 26 64
440 79 84
441 104 138
442 103 114
443 17 56
444 76 80
445 5 92
446 45 53
447 49 50
448 12 130
449 67 88
450 92 112
451 55 124
452 111 131
453 3 10
454 24 133
455 64 108
456 45 70
457 120 121
458 18 104
459 39 119
460 95 106
461 44 130
462 7 14
463 100 103
464 105 116
465 33 58
466 16 30
467 72 75
468 124 125
469 1 81
470 2 65
471 129 132
472 41 42
473 5 52
474 26 75
475 27 75
476 12 42
477 103 107
478 112 113
479 38 132
480 76 79
481 5 69
482 6 93
483 136 140
484 23 108
485 8 70
486 65 107
487 120 128
488 70 73
489 18 99
490 4 18
491 100 110
492 28 136
493 29 54
494 12 82
495 48 124
496 68 119
497 104 105
498 36 88
499 5 61
500 15 116
501 108 109
502 77 80
503 60 136
504 6 84
505 10 27
506 13 62
507 91 92
508 1 129
509 60 127
510 23 101
511 62 128
512 121 127
513 87 136
514 89 102
515 18 90
516 4 25
517 63 99
518 28 135
519 12 73
520 68 126
521 72 121
522 61 73
523 26 93
524 119 136
525 30 54
526 88 89
527 52 71
528 109 114
529 42 61
530 67 79
531 13 55
532 31 93
533 72 130
534 3 97
535 4 113
536 64 113
537 65 101
538 14 46
539 1 11
540 80 81
541 99 130
542 7 117
543 63 104
544 46 48
545 105 111
546 69 113
547 53 130
548 36 78
549 37 88
550 93 107
551 5 47
552 9 36
553 27 94
554 119 129
555 51 84
556 34 36
557 37 41
558 20 119
559 76 116
560 133 139
561 10 13
562 30 72
563 14 134
564 18 61
565 8 123
566 50 55
567 14 49
568 89 112
569 4 15
570 43 92
571 26 60
572 7 114
573 44 102
574 48 97
575 16 122
576 53 139
577 2 37
578 93 100
579 131 132
580 30 32
581 16 137
582 25 109
583 10 52
584 101 117
585 18 52
586 3 111
587 39 131
588 64 79
589 14 56
590 53 99
591 18 71
592 1 5
593 68 107
594 2 60
595 78 132
596 62 66
597 30 43
598 34 54
599 23 24
600 6 48
601 135 137
602 49 72
603 31 72
604 38 42
605 3 84
606 40 64
607 43 61
608 8 105
609 65 72
610 1 30
611 21 83
612 7 96
613 12 109
614 30 131
615 68 82
616 69 108
617 36 123
618 19 37
619 2 55
620 37 115
621 55 137
622 75 128
623 5 26
624 98 99
625 62 69
626 9 95
627 16 135
628 15 81
629 34 49
630 41 129
631 82 120
632 101 103
633 106 114
634 107 128
635 35 50
636 18 38
637 38 45
638 40 71
639 4 85
640 48 135
641 11 13
642 90 123
643 7 89
644 47 70
645 36 98
646 2 14
647 94 103
648 9 64
649 10 94
650 100 135
651 47 55
652 118 121
653 87 92
654 125 137
655 21 131
656 25 64
657 82 115
658 45 125
659 13 84
660 14 98
661 35 59
662 40 78
663 3 66
664 53 126
665 22 93
666 19 51
667 2 9
668 10 89
669 47 60
670 122 127
671 21 140
672 59 73
673 6 37
674 101 105
675 102 105
676 31 39
677 40 53
678 3 75
679 8 30
680 45 135
681 32 132
682 53 71
683 26 27
684 44 65
685 46 94
686 126 136
687 19 56
688 42 123
689 5 117
690 119 123
691 123 124
692 132 136
693 43 136
694 28 41
695 32 44
696 13 70
697 31 44
698 50 122
699 106 111
700 18 19
701 75 78
702 20 136
703 40 60
704 4 66
705 11 48
706 70 136
707 57 133
708 39 45
709 22 111
710 44 56
711 83 111
712 48 59
713 66 124
714 31 132
715 35 65
716 91 108
717 56 58
718 59 71
719 6 23
720 82 92
721 28 32
722 32 35
723 13 127
724 107 108
725 17 132
726 42 132
727 60 62
728 8 12
729 116 131
730 63 83
731 53 73
732 36 55
733 2 99
734 39 42
735 22 102
736 44 55
737 27 105
738 48 50
739 2 18
740 5 103
741 62 104
742 66 119
743 102 131
744 92 109
745 3 17
746 43 134
747 6 14
748 82 87
749 32 58
750 13 120
751 93 138
752 40 42
753 4 48
754 7 37
755 9 139
756 11 46
757 16 51
758 72 80
759 1 116
760 26 116
761 9 20
762 27 110
763 47 99
764 88 112
765 16 66
766 20 71
767 5 96
768 61 131
769 67 100
770 30 120
771 86 117
772 139 140
773 20 54
774 3 22
775 40 130
776 96 111
777 32 49
778 13 113
779 93 131
780 4 63
781 22 129
782 9 140
783 63 65
784 29 81
785 67 130
786 36 37
787 54 91
788 2 117
789 92 138
790 22 112
791 8 137
792 26 127
793 13 136
794 41 71
795 5 105
796 30 99
797 13 25
798 35 116
799 91 115
800 20 61
801 96 102
802 32 72
803 13 106
804 14 72
805 75 106
806 21 26
807 118 140
808 63 78
809 48 72
810 29 42
811 104 117
812 36 44
813 54 82
814 2 76
815 129 137
816 59 133
817 78 84
818 103 116
819 41 72
820 5 82
821 45 59
822 49 56
823 12 132
824 13 18
825 67 82
826 3 4
827 59 99
828 8 89
829 138 139
830 1 46
831 75 99
832 80 118
833 44 132
834 7 16
835 63 119
836 118 135
837 29 35
838 36 43
839 129 130
840 26 65
841 9 15
842 27 117
843 84 130
844 104 139
845 12 44
846 103 109
847 117 128
848 17 63
849 112 123
850 38 130
851 76 81
852 10 22
853 92 113
854 55 127
855 25 56
856 64 109
857 120 122
858 49 130
859 33 72
860 90 139
861 44 131
862 63 124
863 48 70
864 124 126
865 16 31
866 72 76
867 56 134
868 1 80
869 5 51
870 79 92
871 12 43
872 103 106
873 112 114
874 38 133
875 42 72
876 111 139
877 3 114
878 23 111
879 65 106
880 33 65
881 14 93
882 74 133
883 4 19
884 100 111
885 28 137
886 48 125
887 104 106
888 68 112
889 33 50
890 37 85
891 2 89
892 5 60
893 51 73
894 108 110
895 113 125
896 5 77
897 63 140
898 60 120
899 8 78
900 62 129
901 117 121
902 120 136
903 121 126
904 87 139
905 1 49
906 74 140
907 4 26
908 26 43
909 44 113
910 63 98
911 11 120
912 12 74
913 68 127
914 124 140
915 72 122
916 2 80
917 22 23
918 5 37
919 61 72
920 88 90
921 106 140
922 109 113
923 76 126
924 42 58
925 25 98
926 6 76
927 60 128
928 67 78
929 30 70
930 13 54
931 72 131
932 55 74
933 40 108
934 4 114
935 60 119
936 26 131
937 64 114
938 65 100
939 50 61
940 33 83
941 71 74
942 18 82
943 1 10
944 58 77
945 80 82
946 99 133
947 46 49
948 11 113
949 12 65
950 105 110
951 69 112
952 124 139
953 53 129
954 37 71
955 93 106
956 58 60
957 97 111
958 5 46
959 61 65
960 9 43
961 19 126
962 37 40
963 24 115
964 25 107
965 6 71
966 133 138
967 30 73
968 14 135
969 26 138
970 11 25
971 50 52
972 1 3
973 4 8
974 25 133
975 26 61
976 48 98
977 69 121
978 128 138
979 93 99
980 131 135
981 98 110
982 62 88
983 30 33
984 34 60
985 17 28
986 76 108
987 77 122
988 42 44
989 6 62
990 101 116
991 13 40
992 38 48
993 39 130
994 4 96
995 1 4
996 57 103
997 76 133
998 51 52
999 16 114
1000 128 129
1001 2 61
1002 22 56
1003 78 133
1004 30 40
1005 16 129
1006 34 55
1007 24 65
1008 23 27
1009 6 49
1010 25 117
1011 135 136
1012 10 60
1013 31 75
1014 18 44
1015 38 43
1016 11 23
1017 29 97
1018 122 136
1019 110 116
1020 57 104
1021 22 64
1022 12 110
1023 69 107
1024 36 100
1025 37 114
1026 2 52
1027 55 136
1028 41 119
1029 75 131
1030 78 140
1031 93 117
1032 9 94
1033 86 92
1034 15 80
1035 41 128
1036 25 126
1037 101 102
1038 40 72
1039 23 129
1040 8 17
1041 43 53
1042 134 140
1043 11 12
1044 1 22
1045 44 76
1046 27 140
1047 121 140
1048 12 101
1049 17 118
1050 19 45
1051 2 15
1052 37 123
1053 55 129
1054 94 100
1055 27 61
1056 10 95
1057 118 126
1058 47 54
1059 86 87
1060 87 95
1061 15 89
1062 41 137
1063 82 112
1064 45 124
1065 10 46
1066 101 111
1067 35 58
1068 91 137
1069 75 83
1070 4 93
1071 134 135
1072 28 75
1073 73 137
1074 58 104
1075 115 121
1076 7 81
1077 123 137
1078 2 6
1079 94 111
1080 5 11
1081 62 116
1082 10 70
1083 66 107
1084 119 125
1085 122 124
1086 35 82
1087 3 61
1088 21 139
1089 59 72
1090 6 26
1091 101 104
1092 102 110
1093 31 38
1094 13 76
1095 17 137
1096 18 25
1097 40 54
1098 53 70
1099 54 124
1100 1 96
1101 39 55
1102 114 116
1103 78 118
1104 79 108
1105 46 95
1106 11 139
1107 5 116
1108 6 130
1109 61 119
1110 9 113
1111 10 65
1112 62 127
1113 67 112
1114 119 122
1115 18 129
1116 132 137
1117 43 139
1118 28 42
1119 32 45
1120 13 69
1121 106 108
1122 35 40
1123 91 135
1124 40 61
1125 4 67
1126 11 51
1127 70 137
1128 1 121
1129 21 118
1130 39 44
1131 78 121
1132 79 117
1133 44 57
1134 7 71
1135 48 60
1136 11 128
1137 69 79
1138 42 99
1139 62 102
1140 10 72
1141 31 135
1142 56 59
1143 59 70
1144 81 85
1145 28 33
1146 32 36
1147 13 126
1148 107 111
1149 74 124
1150 38 78
1151 42 133
1152 60 63
1153 8 13
1154 28 80
1155 11 40
1156 90 92
1157 53 72
1158 54 78
1159 1 114
1160 2 96
1161 44 48
1162 27 104
1163 48 51
1164 88 106
1165 24 60
1166 5 102
1167 61 137
1168 62 105
1169 66 116
1170 92 110
1171 20 40
1172 59 95
1173 60 71
1174 6 15
1175 82 84
1176 32 59
1177 75 127
1178 40 43
1179 21 23
1180 4 49
1181 113 128
1182 8 52
1183 8 131
1184 9 27
1185 26 117
1186 47 98
1187 5 111
1188 6 119
1189 9 100
1190 30 121
1191 34 100
1192 127 129
1193 40 131
1194 3 25
1195 28 55
1196 32 50
1197 70 99
1198 18 125
1199 38 120
1200 4 56
1201 7 29
1202 63 64
1203 118 138
1204 29 80
1205 36 38
1206 1 76
1207 2 114
1208 22 113
1209 78 82
1210 8 138
1211 26 124
1212 17 76
1213 58 134
1214 76 92
1215 5 104
1216 9 109
1217 30 96
1218 15 131
1219 55 104
1220 3 30
1221 8 83
1222 13 105
1223 75 109
1224 21 25
1225 95 102
1226 80 112
1227 7 26
1228 48 73
1229 11 95
1230 29 41
1231 36 45
1232 1 69
1233 2 77
1234 59 132
1235 78 85
1236 27 127
1237 13 128
1238 15 27
1239 38 136
1240 42 71
1241 5 81
1242 6 97
1243 45 58
1244 92 123
1245 55 97
1246 3 7
1247 59 98
1248 24 128
1249 13 98
1250 75 98
1251 95 111
1252 118 132
1253 63 118
1254 29 34
1255 105 113
1256 56 128
1257 1 94
1258 78 92
1259 26 78
1260 9 14
1261 27 116
1262 104 140
1263 12 45
1264 103 108
1265 71 135
1266 38 131
1267 58 136
1268 76 82
1269 5 90
1270 34 113
1271 55 126
1272 59 123
1273 25 63
1274 120 123
1275 49 129
1276 33 79
1277 57 65
1278 7 8
1279 11 77
1280 124 127
1281 72 77
1282 56 135
1283 22 26
1284 5 50
1285 81 129
1286 12 36
1287 112 115
1288 113 123
1289 5 67
1290 6 83
1291 66 83
1292 111 138
1293 3 117
1294 60 98
1295 23 110
1296 64 101
1297 65 105
1298 120 130
1299 33 64
1300 1 63
1301 3 130
1302 21 52
1303 44 123
1304 100 104
1305 63 100
1306 48 126
1307 104 107
1308 68 113
1309 73 74
1310 5 59
1311 27 66
1312 12 35
1313 108 111
1314 20 99
1315 113 124
1316 77 78
1317 5 76
1318 133 135
1319 4 116
1320 8 79
1321 117 120
1322 65 98
1323 120 137
1324 84 119
1325 121 125
1326 87 138
1327 1 48
1328 28 129
1329 11 123
1330 46 47
1331 68 120
1332 72 123
1333 36 65
1334 2 81
1335 61 71
1336 119 138
1337 30 52
1338 88 91
1339 51 81
1340 15 127
1341 19 120
1342 113 117
1343 24 109
1344 42 59
1345 60 129
1346 30 71
1347 13 53
1348 72 132
1349 60 112
1350 8 118
1351 26 128
1352 64 115
1353 89 109
1354 1 9
1355 80 83
1356 25 131
1357 99 132
1358 7 119
1359 46 54
1360 105 109
1361 68 103
1362 36 72
1363 58 61
1364 97 110
1365 7 132
1366 52 72
1367 17 26
1368 19 129
1369 76 118
1370 24 116
1371 133 137
1372 10 11
1373 13 46
1374 18 59
1375 3 104
1376 39 132
1377 23 117
1378 25 27
1379 26 139
1380 28 96
1381 32 99
1382 50 53
1383 14 55
1384 90 108
1385 1 2
1386 4 9
1387 26 58
1388 7 108
1389 48 99
1390 29 31
1391 69 120
1392 16 124
1393 37 79
1394 2 35
1395 93 98
1396 131 134
1397 98 111
1398 62 89
1399 30 38
1400 34 61
1401 17 19
1402 20 120
1403 42 45
1404 6 63
1405 101 115
1406 110 131
1407 38 49
1408 3 81
1409 4 97
1410 64 65
1411 65 117
1412 18 69
1413 110 114
1414 57 102
1415 58 92
1416 76 134
1417 51 55
1418 17 123
1419 128 130
1420 37 72
1421 93 123
1422 78 138
1423 29 137
1424 86 90
1425 16 130
1426 17 20
1427 76 100
1428 24 66
1429 23 26
1430 6 54
1431 25 116
1432 135 139
1433 10 61
1434 13 32
1435 38 40
1436 43 63
1437 134 138
1438 29 96
1439 122 137
1440 2 130
1441 57 111
1442 22 65
1443 83 85
1444 12 111
1445 17 124
1446 73 111
1447 19 39
1448 55 139
1449 93 116
1450 94 98
1451 9 93
1452 54 138
1453 55 56
1454 41 135
1455 59 61
1456 102 125
1457 49 71
1458 13 89
1459 35 52
1460 75 93
1461 43 52
1462 8 18
1463 65 71
1464 28 77
1465 32 136
1466 73 135
1467 54 99
1468 12 102
1469 30 136
1470 36 108
1471 19 44
1472 61 100
1473 27 60
1474 118 127
1475 47 49
1476 34 70
1477 125 135
1478 21 129
1479 41 136
1480 77 100
1481 10 47
1482 66 128
1483 101 110
1484 102 116
1485 31 56
1486 40 48
1487 43 45
1488 45 140
1489 53 124
1490 54 122
1491 73 136
1492 39 57
1493 78 108
1494 79 102
1495 98 128
1496 7 80
1497 47 73
1498 126 135
1499 2 7
1500 5 10
1501 62 117
1502 119 124
1503 122 125
1504 3 60
1505 21 138
1506 59 75
1507 28 44
1508 102 111
1509 107 112
1510 20 131
1511 40 55
1512 4 69
1513 45 133
1514 29 75
1515 32 134
1516 14 26
1517 89 91
1518 54 125
1519 57 130
1520 39 54
1521 114 117
1522 79 111
1523 123 129
1524 52 131
1525 56 70
1526 37 108
1527 2 30
1528 93 95
1529 77 133
1530 9 112
1531 10 78
1532 137 139
1533 123 126
1534 87 108
1535 34 88
1536 35 90
1537 89 130
1538 3 37
1539 132 138
1540 23 62
1541 6 18
1542 43 138
1543 81 83
1544 28 43
1545 32 46
1546 50 120
1547 106 109
1548 17 129
1549 89 92
1550 53 78
1551 22 109
1552 26 96
1553 44 58
1554 48 61
1555 69 78
1556 56 77
1557 2 25
1558 137 140
1559 67 120
1560 31 134
1561 89 139
1562 52 57
1563 91 110
1564 56 60
1565 43 131
1566 81 84
1567 82 90
1568 28 34
1569 49 99
1570 32 37
1571 13 125
1572 107 110
1573 75 121
1574 4 75
1575 42 130
1576 8 14
1577 63 93
1578 28 81
1579 29 93
1580 70 129
1581 36 49
1582 1 113
1583 2 97
1584 54 79
1585 21 126
1586 44 49
1587 48 52
1588 88 107
1589 24 61
1590 5 101
1591 61 136
1592 62 110
1593 9 98
1594 66 117
1595 20 41
1596 96 106
1597 59 94
1598 82 85
1599 28 57
1600 68 128
1601 38 70
1602 21 22
1603 40 44
1604 8 53
1605 16 53
1606 59 137
1607 22 127
1608 8 132
1609 16 68
1610 5 110
1611 6 116
1612 61 129
1613 9 107
1614 66 76
1615 30 126
1616 87 123
1617 91 124
1618 92 102
1619 127 128
1620 96 97
1621 23 69
1622 6 7
1623 84 85
1624 13 111
1625 7 28
1626 63 67
1627 118 139
1628 29 47
1629 104 112
1630 22 118
1631 78 83
1632 8 139
1633 26 125
1634 27 121
1635 13 134
1636 15 29
1637 56 98
1638 58 135
1639 9 108
1640 10 98
1641 92 125
1642 8 84
1643 13 104
1644 14 78
1645 90 135
1646 21 24
1647 95 97
1648 7 21
1649 63 72
1650 48 74
1651 11 94
1652 29 40
1653 36 46
1654 1 68
1655 41 61
1656 59 135
1657 26 68
1658 27 126
1659 12 55
1660 15 26
1661 71 137
1662 5 80
1663 45 57
1664 66 94
1665 12 134
1666 92 116
1667 3 6
1668 24 129
1669 64 104
1670 45 74
1671 4 47
1672 95 110
1673 8 42
1674 7 18
1675 44 134
1676 63 113
1677 29 33
1678 118 133
1679 56 129
1680 1 93
1681 2 69
1682 78 93
1683 79 81
1684 9 13
1685 27 119
1686 84 140
1687 12 46
1688 103 111
1689 17 61
1690 71 134
1691 58 137
1692 76 83
1693 24 25
1694 5 89
1695 6 89
1696 49 55
1697 35 100
1698 55 121
1699 40 121
1700 3 15
1701 24 136
1702 25 62
1703 60 100
1704 116 121
1705 120 124
1706 28 29
1707 32 88
1708 33 78
1709 1 37
1710 21 42
1711 4 22
1712 63 126
1713 48 120
1714 29 58
1715 12 86
1716 33 63
1717 72 78
1718 36 92
1719 56 136
1720 22 27
1721 5 49
1722 52 124
1723 15 104
1724 108 113
1725 112 116
1726 5 66
1727 6 80
1728 63 129
1729 3 116
1730 60 99
1731 23 105
1732 65 104
1733 120 131
1734 121 123
1735 32 95
1736 74 131
1737 57 73
1738 63 103
1739 11 69
1740 104 108
1741 33 48
1742 125 127
1743 36 91
1744 37 83
1745 61 77
1746 9 63
1747 27 69
1748 30 50
1749 106 131
1750 19 114
1751 113 115
1752 42 49
1753 5 75
1754 6 75
1755 80 132
1756 133 134
1757 31 81
1758 4 117
1759 60 122
1760 23 102
1761 26 134
1762 121 124
1763 89 107
1764 70 71
1765 18 89
1766 28 130
1767 105 107
1768 68 121
1769 69 117
1770 72 124
1771 54 60
1772 37 92
1773 93 111
1774 5 35
1775 61 70
1776 88 92
1777 109 111
1778 19 123
1779 113 116
1780 42 56
1781 25 96
1782 6 66
1783 60 130
1784 62 63
1785 72 133
1786 40 110
1787 3 98
1788 60 113
1789 26 129
1790 64 116
1791 50 59
1792 89 108
1793 1 8
1794 58 75
1795 80 84
1796 43 88
1797 99 135
1798 7 118
1799 46 55
1800 12 67
1801 105 108
1802 124 133
1803 72 99
1804 54 55
1805 37 69
1806 93 104
1807 97 109
1808 119 130
1809 30 60
1810 51 89
1811 34 35
1812 15 71
1813 17 25
1814 52 73
1815 19 128
1816 76 119
1817 24 117
1818 133 136
1819 13 45
1820 14 133
1821 31 71
1822 18 56
1823 40 85
1824 23 116
1825 8 126
1826 25 26
1827 28 97
1828 122 132
1829 85 112
1830 32 100
1831 76 136
1832 4 10
1833 25 139
1834 26 59
1835 7 111
1836 11 104
1837 29 30
1838 69 103
1839 16 125
1840 53 136
1841 128 140
1842 37 78
1843 93 97
1844 97 102
1845 34 58
1846 17 18
1847 20 121
1848 6 60
1849 82 133
1850 13 38
1851 14 140
1852 18 51
1853 110 128
1854 38 54
1855 3 80
1856 4 98
1857 43 57
1858 64 66
1859 65 116
1860 128 135
1861 11 16
1862 33 99
1863 90 116
1864 18 66
1865 1 26
1866 57 101
1867 58 93
1868 109 131
1869 25 140
1870 121 128
1871 11 97
1872 12 113
1873 51 54
1874 128 131
1875 2 59
1876 75 140
1877 4 128
1878 5 30
1879 22 62
1880 62 65
1881 78 139
1882 97 127
1883 29 136
1884 86 91
1885 16 131
1886 25 123
1887 135 138
1888 18 42
1889 38 41
1890 3 89
1891 8 108
1892 134 139
1893 33 100
1894 1 19
1895 57 110
1896 58 100
1897 83 84
1898 121 137
1899 12 104
1900 30 134
1901 36 102
1902 19 38
1903 37 112
1904 75 133
1905 5 7
1906 9 92
1907 29 129
1908 55 59
1909 3 49
1910 41 134
1911 59 60
1912 25 124
1913 6 46
1914 102 114
1915 49 70
1916 13 88
1917 106 113
1918 35 55
1919 75 92
1920 40 74
1921 3 94
1922 4 80
1923 43 55
1924 65 70
1925 11 14
1926 32 137
1927 73 134
1928 110 125
1929 44 78
1930 7 90
1931 12 103
1932 30 137
1933 69 82
1934 36 109
1935 55 131
1936 61 99
1937 62 115
1938 9 69
1939 10 93
1940 27 63
1941 47 48
1942 66 110
1943 118 124
1944 87 89
1945 54 130
1946 3 54
1947 21 128
1948 77 99
1949 25 69
1950 132 133
1951 10 44
1952 101 109
1953 102 117
1954 31 59
1955 14 97
1956 126 127
1957 91 139
1958 40 49
1959 43 44
1960 8 26
1961 45 139
1962 65 95
1963 115 123
1964 7 83
1965 47 72
1966 123 139
1967 16 89
1968 126 132
1969 2 4
1970 94 109
1971 5 9
1972 64 128
1973 9 78
1974 118 119
1975 86 108
1976 3 63
1977 59 74
1978 132 140
1979 28 45
1980 102 108
1981 32 40
1982 13 74
1983 14 104
1984 31 32
1985 107 115
1986 40 56
1987 3 76
1988 11 60
1989 32 135
1990 89 90
1991 21 107
1992 39 49
1993 26 102
1994 7 72
1995 44 60
1996 123 128
1997 16 80
1998 56 71
1999 19 61
2000 37 107
2001 93 94
2002 6 128
2003 137 138
2004 86 103
2005 91 104
2006 132 139
2007 81 82
2008 46 138
2009 102 103
2010 32 47
2011 31 41
2012 40 63
2013 4 77
2014 2 103
2015 78 127
2016 44 59
2017 83 112
2018 46 100
2019 47 94
2020 2 22
2021 94 95
2022 66 123
2023 31 129
2024 35 66
2025 56 61
2026 114 130
2027 60 74
2028 43 130
2029 6 10
2030 82 91
2031 28 35
2032 32 38
2033 13 124
2034 42 131
2035 8 15
2036 70 134
2037 1 112
2038 44 50
2039 27 106
2040 46 111
2041 48 53
2042 51 96
2043 2 17
2044 24 62
2045 6 114
2046 61 135
2047 9 97
2048 66 114
2049 87 125
2050 35 75
2051 92 104
2052 3 18
2053 96 107
2054 60 65
2055 28 58
2056 13 117
2057 38 71
2058 40 45
2059 4 51
2060 8 54
2061 63 69
2062 72 83
2063 2 121
2064 59 136
2065 8 133
2066 9 25
2067 13 140
2068 88 115
2069 15 23
2070 6 117
2071 61 128
2072 10 120
2073 66 77
2074 34 98
2075 127 131
2076 40 133
2077 96 98
2078 65 131
2079 32 52
2080 13 110
2081 53 55
2082 18 123
2083 74 108
2084 93 128
2085 38 126
2086 7 31
2087 63 66
2088 118 136
2089 104 113
2090 1 66
2091 2 112
2092 41 59
2093 22 119
2094 59 129
2095 78 80
2096 8 140
2097 26 122
2098 27 120
2099 104 128
2100 13 133
2101 17 66
2102 58 132
2103 5 86
2104 66 68
2105 31 124
2106 91 116
2107 20 56
2108 8 85
2109 32 75
2110 13 103
2111 18 114
2112 21 39
2113 95 96
2114 8 36
2115 44 136
2116 63 75
2117 48 75
2118 29 39
2119 2 75
2120 59 134
2121 26 69
2122 9 11
2123 27 113
2124 104 135
2125 17 59
2126 71 136
2127 76 85
2128 45 56
2129 49 61
2130 13 15
2131 92 117
2132 55 99
2133 3 9
2134 59 100
2135 8 92
2136 45 73
2137 71 99
2138 57 62
2139 38 104
2140 75 100
2141 8 43
2142 63 112
2143 29 32
2144 12 88
2145 104 127
2146 36 86
2147 2 66
2148 129 135
2149 5 55
2150 79 80
2151 26 76
2152 9 12
2153 103 110
2154 15 98
2155 38 129
2156 24 26
2157 6 94
2158 136 137
2159 45 49
2160 49 54
2161 67 92
2162 31 98
2163 55 120
2164 3 14
2165 96 119
2166 24 137
2167 25 61
2168 45 66
2169 28 30
2170 120 125
2171 33 77
2172 70 74
2173 38 99
2174 4 23
2175 63 121
2176 48 121
2177 12 87
2178 68 116
2179 16 18
2180 72 79
2181 2 93
2182 22 24
2183 5 48
2184 52 125
2185 108 114
2186 112 117
2187 113 121
2188 77 83
2189 42 55
2190 6 81
2191 63 128
2192 3 119
2193 8 74
2194 65 111
2195 121 122
2196 57 72
2197 4 30
2198 43 109
2199 100 106
2200 63 102
2201 104 109
2202 12 78
2203 68 115
2204 33 55
2205 125 126
2206 54 58
2207 37 82
2208 2 84
2209 26 94
2210 9 62
2211 27 68
2212 15 112
2213 109 117
2214 113 114
2215 6 72
2216 105 131
2217 60 123
2218 65 96
2219 89 106
2220 4 5
2221 99 129
2222 11 125
2223 12 69
2224 105 106
2225 69 116
2226 73 113
2227 36 67
2228 2 47
2229 93 110
2230 5 34
2231 27 93
2232 30 58
2233 106 139
2234 109 110
2235 37 44
2236 20 116
2237 10 14
2238 105 132
2239 55 71
2240 64 117
2241 14 50
2242 58 72
2243 80 85
2244 46 52
2245 69 125
2246 58 59
2247 61 94
2248 7 134
2249 30 61
2250 52 74
2251 15 70
2252 19 131
2253 20 115
2254 76 112
2255 25 104
2256 13 44
2257 14 138
2258 31 70
2259 18 57
2260 38 60
2261 40 86
2262 4 100
2263 23 119
2264 8 127
2265 28 98
2266 122 133
2267 85 127
2268 50 51
2269 89 116
2270 18 72
2271 57 99
2272 76 137
2273 4 11
2274 26 56
2275 12 123
2276 68 104
2277 69 102
2278 16 126
2279 73 99
2280 93 96
2281 131 136
2282 98 109
2283 34 59
2284 19 136
2285 20 122
2286 24 125
2287 25 113
2288 6 61
2289 42 43
2290 135 140
2291 10 48
2292 101 113
2293 38 55
2294 3 83
2295 4 99
2296 43 56
2297 8 102
2298 64 67
2299 122 140
2300 33 98
2301 14 60
2302 1 25
2303 76 128
2304 22 76
2305 7 103
2306 2 56
2307 4 129
2308 22 63
2309 98 100
2310 29 135
2311 30 47
2312 86 88
2313 34 50
2314 15 84
2315 55 61
2316 76 102
2317 77 112
2318 6 52
2319 82 125
2320 10 59
2321 35 49
2322 18 43
2323 38 46
2324 134 136
2325 90 124
2326 2 128
2327 57 109
2328 21 95
2329 43 78
2330 121 136
2331 12 105
2332 30 135
2333 69 104
2334 19 41
2335 2 51
2336 94 96
2337 5 6
2338 118 122
2339 10 83
2340 34 77
2341 15 93
2342 125 140
2343 54 136
2344 3 48
2345 21 134
2346 41 133
2347 6 47
2348 82 116
2349 50 77
2350 31 61
2351 35 54
2352 40 75
2353 3 65
2354 4 81
2355 65 69
2356 73 133
2357 22 94
2358 43 71
2359 27 129
2360 68 69
2361 69 81
2362 55 130
2363 2 10
2364 61 98
2365 62 112
2366 9 68
2367 27 62
2368 118 125
2369 47 51
2370 87 88
2371 132 134
2372 25 68
2373 45 121
2374 101 108
2375 102 106
2376 13 80
2377 31 58
2378 107 125
2379 91 138
2380 40 50
2381 45 138
2382 28 70
2383 32 129
2384 54 120
2385 57 127
2386 39 59
2387 78 114
2388 44 70
2389 47 75
2390 16 90
2391 126 133
2392 56 65
2393 2 5
2394 62 123
2395 9 77
2396 100 138
2397 66 102
2398 119 126
2399 122 123
2400 34 95
2401 35 87
2402 52 53
2403 3 62
2404 21 136
2405 59 77
2406 6 25
2407 82 102
2408 102 109
2409 49 119
2410 32 41
2411 35 36
2412 18 20
2413 75 77
2414 40 57
2415 3 79
2416 45 131
2417 28 93
2418 65 87
2419 53 67
2420 21 106
2421 114 115
2422 44 61
2423 48 56
2424 126 140
2425 19 60
2426 10 76
2427 52 60
2428 20 37
2429 43 140
2430 46 139
2431 13 66
2432 31 40
2433 106 107
2434 17 135
2435 38 74
2436 113 139
2437 4 78
2438 116 128
2439 8 9
2440 11 52
2441 16 57
2442 70 140
2443 1 126
2444 2 100
2445 39 41
2446 78 124
2447 12 13
2448 88 102
2449 16 72
2450 17 94
2451 24 56
2452 62 101
2453 87 103
2454 52 59
2455 56 62
2456 20 44
2457 60 75
2458 25 95
2459 6 11
2460 43 133
2461 32 39
2462 13 123
2463 74 123
2464 22 139
2465 42 128
2466 9 134
2467 70 135
2468 90 91
2469 54 77
2470 1 119
2471 22 122
2472 27 109
2473 48 54
2474 51 99
2475 36 130
2476 20 68
2477 41 89
2478 24 63
2479 61 134
2480 62 108
2481 66 115
2482 31 137
2483 87 124
2484 82 83
2485 28 59
2486 13 116
2487 88 139
2488 71 119
2489 93 134
2490 4 60
2491 63 68
2492 29 84
2493 16 55
2494 1 72
2495 41 49
2496 8 134
2497 26 112
2498 27 98
2499 13 139
2500 88 116
2501 15 22
2502 17 72
2503 5 108
2504 30 124
2505 87 117
2506 34 99
2507 127 130
2508 111 115
2509 3 26
2510 96 99
2511 60 89
2512 65 130
2513 32 53
2514 13 109
2515 50 99
2516 53 54
2517 4 59
2518 80 124
2519 7 30
2520 63 77
2521 118 137
2522 29 45
2523 104 114
2524 1 65
2525 2 113
2526 41 58
2527 22 116
2528 59 128
2529 78 81
2530 26 123
2531 95 139
2532 103 123
2533 13 132
2534 56 100
2535 20 74
2536 66 69
2537 49 59
2538 116 117
2539 138 140
2540 13 102
2541 14 76
2542 95 99
2543 8 37
2544 7 23
2545 44 137
2546 99 100
2547 29 38
2548 118 128
2549 33 35
2550 16 37
2551 36 40
2552 2 72
2553 26 66
2554 9 10
2555 117 131
2556 104 136
2557 12 49
2558 5 94
2559 6 100
2560 45 55
2561 49 60
2562 67 86
2563 13 14
2564 40 116
2565 3 8
2566 24 131
2567 8 93
2568 45 72
2569 84 101
2570 33 75
2571 57 61
2572 95 104
2573 8 44
2574 44 128
2575 63 115
2576 72 73
2577 56 131
2578 129 134
2579 5 54
2580 79 83
2581 26 77
2582 9 51
2583 10 131
2584 12 40
2585 103 105
2586 108 116
2587 76 77
2588 24 27
2589 5 71
2590 136 138
2591 83 133
2592 49 53
2593 30 81
2594 67 95
2595 108 139
2596 24 138
2597 25 60
2598 120 126
2599 28 31
2600 14 94
2601 74 134
2602 57 70
2603 4 16
2604 115 133
2605 63 120
2606 48 122
2607 11 78
2608 68 117
2609 16 19
2610 72 112
2611 2 90
2612 41 45
2613 22 25
2614 5 63
2615 79 88
2616 9 52
2617 113 120
2618 83 138
2619 35 111
2620 8 75
2621 65 110
2622 120 133
2623 89 96
2624 58 71
2625 4 31
2626 100 107
2627 104 110
2628 12 79
2629 68 124
2630 72 119
2631 54 59
2632 37 81
2633 5 56
2634 61 75
2635 30 48
2636 106 129
2637 51 77
2638 34 47
2639 109 116
2640 13 57
2641 72 128
2642 55 73
2643 4 119
2644 60 116
2645 65 103
2646 120 140
2647 87 135
2648 71 73
2649 74 136
2650 39 96
2651 4 6
2652 46 50
2653 11 124
2654 12 70
2655 69 115
2656 124 136
2657 36 76
2658 37 90
2659 93 109
2660 97 106
2661 17 38
2662 19 125
2663 37 43
2664 76 122
2665 25 102
2666 10 15
2667 30 74
2668 14 128
2669 55 70
2670 38 58
2671 40 80
2672 8 121
2673 28 100
2674 89 114
2675 90 96
2676 18 78
2677 1 14
2678 58 73
2679 25 128
2680 26 62
2681 7 112
2682 99 137
2683 46 53
2684 11 117
2685 69 124
2686 16 120
2687 72 101
2688 93 102
2689 97 99
2690 7 129
2691 30 34
2692 20 124
2693 130 131
2694 24 119
2695 6 59
2696 10 54
2697 30 77
2698 13 43
2699 14 139
2700 38 61
2701 39 129
2702 65 113
2703 28 99
2704 51 130
2705 1 7
2706 58 80
2707 76 138
2708 5 130
2709 44 99
2710 12 116
2711 72 108
2712 37 76
2713 97 100
2714 78 134
2715 62 92
2716 34 56
2717 77 118
2718 25 112
2719 13 36
2720 18 49
2721 38 52
2722 43 59
2723 64 68
2724 11 18
2725 29 100
2726 33 97
2727 14 61
2728 90 114
2729 110 113
2730 22 77
2731 43 72
2732 12 115
2733 69 110
2734 4 130
2735 22 60
2736 30 44
2737 86 89
2738 16 133
2739 34 51
2740 55 60
2741 41 131
2742 10 56
2743 13 93
2744 106 116
2745 35 48
2746 38 47
2747 134 137
2748 65 67
2749 90 125
2750 73 131
2751 1 17
2752 2 129
2753 57 108
2754 21 94
2755 22 68
2756 43 65
2757 27 139
2758 12 106
2759 30 132
2760 69 87
2761 17 113
2762 19 40
2763 2 48
2764 55 132
2765 93 113
2766 94 97
2767 61 104
2768 27 56
2769 118 123
2770 47 53
2771 34 74
2772 125 139
2773 112 128
2774 3 51
2775 59 62
2776 25 66
2777 82 117
2778 50 74
2779 31 60
2780 64 82
2781 65 68
2782 28 72
2783 33 115
2784 14 15
2785 73 132
2786 57 117
2787 115 116
2788 78 104
2789 44 72
2790 7 84
2791 27 128
2792 47 77
2793 36 111
2794 19 49
2795 2 11
2796 41 124
2797 5 14
2798 62 113
2799 47 50
2800 87 91
2801 35 81
2802 3 56
2803 77 97
2804 132 135
2805 82 108
2806 101 107
2807 102 107
2808 4 89
2809 43 46
2810 65 93
2811 28 71
2812 32 130
2813 53 121
2814 54 121
2815 114 121
2816 78 115
2817 44 71
2818 7 77
2819 47 74
2820 12 24
2821 17 99
2822 126 138
2823 37 96
2824 77 137
2825 119 121
2826 66 103
2827 47 59
2828 52 54
2829 35 86
2830 18 130
2831 6 30
2832 28 47
2833 32 42
2834 50 124
2835 107 117
2836 70 123
2837 75 76
2838 3 78
2839 45 130
2840 65 86
2841 11 62
2842 29 72
2843 70 138
2844 57 135
2845 21 105
2846 22 105
2847 79 104
2848 83 109
2849 123 130
2850 88 96
2851 9 117
2852 66 126
2853 20 38
2854 6 17
2855 32 33
2856 31 43
2857 17 134
2858 74 113
2859 42 134
2860 8 10
2861 11 55
2862 36 53
2863 54 75
2864 57 136
2865 39 40
2866 22 96
2867 44 53
2868 11 132
2869 62 106
2870 10 116
2871 66 121
2872 31 131
2873 35 68
2874 56 63
2875 20 45
2876 25 94
2877 6 8
2878 43 132
2879 45 99
2880 82 89
2881 49 96
2882 74 120
2883 38 66
2884 39 80
2885 4 54
2886 42 129
2887 16 49
2888 2 124
2889 8 128
2890 48 55
2891 6 112
2892 62 109
2893 66 112
2894 30 122
2895 31 136
2896 35 77
2897 96 109
2898 74 99
2899 93 133
2900 39 73
2901 4 61
2902 22 131
2903 42 136
2904 72 85
2905 78 79
2906 8 135
2907 26 113
2908 13 138
2909 9 104
2910 13 27
2911 87 116
2912 34 96
2913 96 100
2914 8 80
2915 65 129
