1 14 74
2 38 124
3 4 36
4 95 101
5 29 44
6 67 137
7 104 115
8 33 41
9 73 82
10 54 92
11 1 64
12 2 78
13 129 139
14 41 57
15 59 131
16 78 86
17 12 59
18 88 124
19 51 112
20 103 122
21 56 101
22 58 130
23 41 74
24 42 88
25 5 84
26 76 88
27 45 61
28 49 58
29 12 138
30 13 20
31 31 126
32 67 80
33 35 123
34 92 120
35 111 123
36 116 118
37 85 87
38 32 77
39 70 94
40 53 62
41 18 112
42 1 40
43 57 59
44 38 119
45 71 100
46 90 130
47 80 116
48 43 120
49 44 138
50 95 98
51 99 103
52 48 77
53 29 37
54 118 129
55 33 34
56 36 41
57 1 89
58 2 73
59 129 140
60 78 89
61 61 63
62 79 85
63 81 139
64 117 130
65 84 128
66 12 50
67 103 115
68 51 121
69 71 138
70 76 87
71 42 67
72 45 54
73 49 51
74 12 129
75 31 103
76 67 89
77 35 96
78 55 125
79 111 128
80 3 11
81 116 125
82 45 71
83 49 140
84 33 74
85 70 81
86 71 93
87 18 107
88 1 33
89 57 60
90 39 116
91 4 42
92 8 45
93 44 129
94 100 102
95 11 72
96 29 62
97 33 59
98 69 135
99 72 74
100 36 80
101 1 82
102 2 64
103 56 132
104 129 133
105 79 82
106 26 74
107 9 50
108 117 139
109 12 41
110 51 126
111 71 131
112 56 115
113 37 63
114 20 89
115 38 135
116 76 78
117 77 88
118 5 70
119 80 137
120 136 139
121 45 47
122 66 84
123 49 52
124 1 137
125 55 122
126 8 69
127 45 64
128 49 133
129 85 89
130 33 67
131 14 95
132 70 72
133 71 90
134 1 58
135 74 135
136 21 55
137 39 109
138 80 98
139 43 118
140 44 120
141 100 109
142 63 123
143 115 132
144 29 55
145 12 81
146 33 60
147 16 20
148 69 128
149 36 95
150 37 87
151 2 91
152 41 44
153 27 65
154 12 32
155 51 71
156 35 129
157 56 122
158 37 56
159 77 81
160 42 53
161 80 128
162 31 85
163 91 93
164 1 130
165 37 137
166 55 115
167 60 126
168 23 106
169 117 123
170 120 134
171 84 116
172 85 98
173 32 82
174 33 68
175 87 137
176 89 103
177 1 51
178 57 78
179 39 106
180 80 89
181 44 119
182 28 134
183 29 48
184 12 72
185 104 111
186 69 137
187 73 78
188 36 70
189 37 80
190 2 82
191 54 56
192 9 60
193 119 137
194 30 49
195 51 76
196 34 44
197 76 124
198 24 106
199 5 72
200 6 78
201 42 60
202 63 139
203 80 135
204 67 76
205 30 64
206 31 82
207 72 129
208 55 72
209 60 117
210 8 115
211 64 112
212 84 115
213 50 63
214 90 102
215 71 72
216 74 137
217 4 7
218 43 100
219 99 131
220 63 105
221 46 51
222 12 71
223 124 137
224 73 119
225 2 45
226 58 62
227 5 32
228 61 67
229 9 37
230 27 95
231 119 134
232 30 56
233 51 85
234 34 39
235 37 42
236 130 137
237 6 65
238 133 140
239 10 12
240 85 131
241 31 91
242 72 136
243 55 65
244 38 59
245 3 103
246 39 139
247 40 81
248 8 122
249 64 119
250 84 122
251 85 116
252 50 54
253 90 97
254 80 87
255 26 63
256 7 115
257 44 101
258 46 58
259 11 116
260 48 96
261 69 123
262 124 128
263 73 120
264 128 136
265 19 20
266 2 36
267 37 66
268 93 101
269 97 98
270 5 41
271 131 133
272 9 46
273 30 35
274 103 140
275 20 125
276 76 114
277 77 124
278 42 46
279 25 110
280 82 137
281 10 55
282 49 80
283 85 140
284 13 42
285 31 64
286 40 88
287 39 128
288 23 113
289 28 124
290 11 28
291 122 131
292 32 103
293 51 133
294 1 6
295 2 140
296 110 111
297 96 132
298 22 75
299 5 129
300 46 61
301 48 103
302 50 128
303 131 138
304 61 85
305 27 45
306 30 42
307 103 133
308 52 83
309 17 23
310 19 138
311 77 117
312 23 25
313 6 51
314 81 114
315 82 128
316 49 73
317 50 89
318 31 73
319 74 83
320 55 87
321 3 85
322 43 58
323 65 73
324 28 123
325 122 138
326 32 126
327 51 138
328 53 109
329 109 128
330 1 31
331 2 135
332 58 88
333 76 130
334 5 138
335 121 133
336 11 98
337 68 81
338 51 59
339 36 122
340 128 134
341 93 119
342 41 113
343 5 27
344 27 34
345 10 86
346 29 133
347 30 45
348 86 94
349 103 130
350 34 48
351 55 63
352 76 96
353 41 130
354 82 123
355 66 138
356 49 66
357 50 80
358 102 126
359 107 129
360 35 51
361 74 90
362 75 88
363 38 44
364 40 70
365 4 84
366 23 135
367 43 51
368 65 66
369 29 124
370 33 121
371 73 130
372 54 108
373 57 115
374 22 69
375 98 138
376 43 64
377 44 82
378 83 89
379 47 71
380 68 88
381 69 86
382 36 97
383 55 135
384 2 49
385 94 102
386 41 122
387 9 65
388 118 120
389 47 52
390 87 93
391 125 138
392 3 50
393 77 103
394 6 45
395 45 126
396 10 32
397 66 133
398 49 123
399 13 85
400 31 63
401 106 124
402 35 56
403 75 81
404 38 39
405 3 67
406 65 91
407 28 73
408 29 117
409 54 103
410 39 60
411 115 119
412 44 73
413 7 87
414 47 76
415 12 98
416 68 71
417 15 55
418 126 128
419 2 8
420 42 115
421 64 140
422 27 48
423 10 88
424 47 61
425 30 31
426 122 126
427 125 131
428 35 80
429 41 140
430 77 96
431 25 74
432 6 36
433 50 66
434 31 36
435 74 76
436 75 86
437 38 94
438 3 72
439 40 52
440 112 125
441 45 136
442 28 64
443 11 56
444 32 131
445 14 23
446 57 125
447 58 117
448 39 53
449 115 124
450 44 64
451 7 76
452 46 89
453 11 137
454 47 85
455 68 78
456 69 88
457 15 60
458 126 139
459 56 67
460 19 57
461 2 3
462 77 136
463 5 118
464 119 120
465 66 100
466 47 58
467 123 125
468 34 93
469 35 89
470 52 55
471 20 24
472 3 32
473 6 31
474 79 128
475 28 40
476 49 117
477 13 71
478 31 45
479 70 120
480 35 38
481 106 110
482 75 79
483 40 59
484 4 65
485 45 129
486 65 85
487 11 49
488 29 71
489 53 65
490 54 113
491 57 134
492 58 124
493 44 63
494 48 58
495 47 82
496 123 133
497 56 74
498 37 104
499 41 109
500 77 129
501 102 139
502 67 119
503 31 133
504 34 84
505 35 94
506 52 62
507 56 57
508 20 39
509 3 41
510 60 78
511 79 137
512 81 87
513 28 39
514 49 110
515 32 34
516 50 116
517 107 109
518 70 115
519 35 47
520 74 126
521 38 72
522 60 61
523 116 130
524 8 11
525 7 45
526 29 64
527 70 130
528 53 74
529 54 72
530 1 124
531 90 94
532 104 109
533 21 113
534 26 108
535 7 66
536 44 54
537 48 49
538 11 135
539 83 117
540 69 74
541 36 133
542 5 120
543 62 107
544 66 118
545 67 124
546 102 130
547 31 130
548 87 97
549 35 71
550 91 98
551 3 46
552 114 129
553 6 9
554 82 86
555 49 103
556 32 57
557 38 67
558 40 41
559 116 137
560 8 50
561 99 115
562 48 89
563 29 89
564 34 132
565 70 133
566 36 61
567 54 67
568 2 125
569 8 129
570 44 45
571 83 122
572 47 96
573 51 101
574 16 65
575 36 140
576 56 88
577 42 87
578 61 132
579 27 28
580 102 133
581 86 116
582 127 135
583 40 129
584 111 116
585 59 82
586 32 48
587 18 127
588 93 132
589 38 122
590 42 137
591 99 120
592 48 80
593 11 36
594 29 82
595 67 131
596 72 86
597 92 137
598 2 116
599 41 55
600 8 136
601 9 30
602 46 117
603 12 61
604 13 137
605 33 128
606 88 118
607 15 16
608 103 124
609 41 64
610 66 72
611 12 140
612 13 26
613 127 140
614 92 98
615 55 110
616 111 125
617 3 28
618 96 101
619 23 65
620 45 84
621 65 128
622 32 55
623 14 75
624 95 100
625 80 126
626 8 32
627 48 87
628 29 43
629 47 129
630 67 136
631 33 40
632 73 81
633 1 71
634 129 138
635 41 56
636 78 87
637 46 124
638 47 118
639 12 52
640 103 117
641 51 115
642 15 25
643 38 138
644 58 131
645 41 73
646 42 89
647 76 89
648 45 60
649 66 67
650 49 57
651 13 19
652 34 120
653 35 122
654 3 5
655 60 82
656 116 119
657 8 88
658 45 77
659 84 88
660 49 138
661 85 86
662 53 61
663 57 58
664 38 116
665 75 96
666 80 117
667 44 139
668 99 102
669 100 120
670 118 134
671 11 82
672 29 36
673 2 70
674 129 131
675 78 94
676 61 62
677 79 84
678 117 129
679 84 129
680 12 51
681 51 120
682 108 127
683 71 133
684 37 53
685 20 83
686 58 138
687 76 80
688 42 64
689 77 94
690 45 53
691 49 50
692 12 130
693 67 88
694 40 118
695 3 10
696 60 105
697 116 126
698 45 70
699 120 121
700 49 131
701 33 73
702 14 85
703 70 86
704 18 104
705 1 32
706 57 67
707 8 46
708 44 130
709 63 125
710 100 103
711 29 61
712 33 58
713 69 134
714 72 75
715 124 125
716 56 133
717 2 65
718 129 132
719 41 42
720 5 52
721 117 138
722 9 49
723 84 136
724 12 42
725 103 107
726 51 65
727 71 130
728 56 116
729 37 62
730 38 132
731 76 79
732 77 87
733 42 75
734 5 69
735 112 113
736 136 140
737 45 46
738 66 85
739 1 136
740 55 117
741 3 115
742 59 126
743 23 108
744 120 128
745 49 132
746 85 88
747 33 66
748 14 92
749 70 73
750 71 85
751 3 128
752 115 135
753 44 121
754 28 136
755 104 105
756 12 82
757 33 51
758 16 21
759 36 88
760 2 88
761 79 90
762 9 58
763 27 64
764 12 33
765 51 70
766 52 120
767 108 109
768 19 113
769 37 39
770 77 80
771 42 50
772 5 78
773 6 84
774 80 129
775 10 27
776 83 140
777 67 70
778 31 84
779 91 92
780 1 129
781 40 100
782 3 120
783 59 119
784 117 122
785 62 128
786 64 122
787 120 135
788 84 117
789 121 127
790 87 136
791 71 82
792 115 140
793 80 90
794 43 110
795 26 42
796 44 112
797 28 135
798 48 115
799 12 73
800 33 52
801 72 121
802 73 77
803 36 71
804 54 57
805 2 83
806 5 38
807 61 73
808 9 35
809 119 136
810 30 54
811 88 89
812 52 71
813 15 125
814 35 137
815 109 114
816 42 61
817 60 135
818 6 79
819 30 65
820 31 93
821 72 130
822 92 93
823 60 118
824 62 139
825 64 113
826 65 101
827 84 124
828 50 60
829 87 129
830 90 103
831 71 75
832 1 11
833 58 76
834 80 81
835 43 103
836 26 53
837 44 111
838 46 48
839 12 64
840 105 111
841 124 138
842 73 118
843 37 88
844 58 63
845 22 41
846 5 47
847 61 66
848 9 36
849 119 129
850 30 57
851 51 84
852 34 36
853 37 41
854 76 116
855 130 134
856 133 139
857 10 13
858 85 130
859 31 90
860 72 137
861 55 64
862 38 56
863 40 82
864 23 123
865 65 126
866 85 115
867 50 55
868 33 85
869 1 12
870 58 87
871 5 135
872 99 139
873 46 59
874 11 119
875 124 129
876 72 103
877 53 139
878 73 127
879 19 23
880 2 37
881 37 65
882 93 100
883 128 137
884 131 132
885 30 32
886 76 115
887 42 47
888 25 109
889 6 57
890 10 52
891 49 87
892 31 67
893 38 51
894 40 89
895 28 125
896 11 31
897 48 137
898 32 120
899 51 132
900 85 124
901 89 121
902 122 128
903 109 134
904 1 5
905 76 132
906 5 128
907 46 66
908 121 131
909 12 118
910 50 129
911 51 53
912 16 113
913 69 99
914 36 124
915 37 74
916 2 60
917 94 117
918 61 84
919 62 66
920 27 44
921 29 139
922 103 132
923 34 54
924 17 22
925 77 116
926 23 24
927 6 48
928 82 129
929 135 137
930 101 126
931 49 72
932 50 86
933 31 72
934 74 80
935 55 86
936 40 64
937 23 137
938 43 61
939 65 129
940 65 72
941 28 116
942 48 128
943 122 139
944 33 103
945 53 108
946 1 30
947 2 132
948 57 105
949 76 131
950 5 137
951 43 74
952 44 84
953 121 132
954 68 82
955 51 58
956 128 135
957 55 137
958 2 55
959 75 128
960 93 118
961 98 99
962 61 109
963 27 37
964 29 132
965 34 49
966 15 81
967 55 62
968 112 139
969 41 129
970 81 106
971 101 103
972 66 139
973 49 65
974 50 81
975 31 49
976 107 128
977 74 91
978 38 45
979 3 93
980 40 71
981 43 50
982 8 16
983 64 93
984 28 115
985 48 135
986 32 118
987 33 120
988 73 129
989 57 114
990 78 103
991 43 67
992 44 83
993 7 89
994 83 88
995 46 76
996 12 100
997 68 89
998 69 85
999 15 41
1000 37 124
1001 94 103
1002 41 121
1003 9 64
1004 27 58
1005 118 121
1006 47 55
1007 34 72
1008 125 137
1009 41 138
1010 81 99
1011 82 115
1012 10 33
1013 66 130
1014 49 122
1015 50 72
1016 31 62
1017 102 118
1018 35 59
1019 75 80
1020 40 78
1021 3 66
1022 65 90
1023 28 74
1024 29 116
1025 73 138
1026 54 100
1027 57 123
1028 39 63
1029 114 124
1030 115 118
1031 7 86
1032 46 87
1033 16 102
1034 15 54
1035 126 129
1036 2 9
1037 5 12
1038 9 73
1039 10 89
1040 27 51
1041 47 60
1042 66 106
1043 122 127
1044 34 67
1045 125 130
1046 3 58
1047 21 140
1048 59 73
1049 6 37
1050 49 115
1051 50 67
1052 13 77
1053 14 101
1054 31 39
1055 18 24
1056 74 77
1057 40 53
1058 3 75
1059 45 135
1060 28 65
1061 29 77
1062 65 83
1063 32 132
1064 14 20
1065 39 52
1066 22 84
1067 115 127
1068 44 65
1069 11 136
1070 47 84
1071 68 79
1072 69 71
1073 52 129
1074 15 63
1075 126 136
1076 77 135
1077 5 117
1078 61 120
1079 64 132
1080 119 123
1081 66 101
1082 123 124
1083 86 96
1084 20 25
1085 59 78
1086 132 136
1087 6 28
1088 79 131
1089 28 41
1090 46 135
1091 13 70
1092 31 44
1093 70 121
1094 17 131
1095 18 19
1096 35 41
1097 75 78
1098 40 60
1099 91 132
1100 106 111
1101 116 132
1102 45 128
1103 28 88
1104 65 84
1105 53 64
1106 1 122
1107 58 125
1108 39 45
1109 44 56
1110 7 68
1111 48 59
1112 47 93
1113 123 132
1114 88 98
1115 2 27
1116 77 128
1117 61 113
1118 66 124
1119 67 118
1120 31 132
1121 34 85
1122 35 65
1123 52 63
1124 56 58
1125 59 71
1126 43 129
1127 6 23
1128 81 86
1129 45 104
1130 28 32
1131 82 92
1132 49 109
1133 32 35
1134 13 127
1135 88 128
1136 107 108
1137 35 46
1138 38 73
1139 60 62
1140 116 131
1141 8 12
1142 9 130
1143 28 87
1144 11 41
1145 29 95
1146 34 138
1147 70 131
1148 90 95
1149 36 55
1150 54 73
1151 39 42
1152 22 102
1153 44 55
1154 48 50
1155 47 90
1156 69 73
1157 56 82
1158 41 85
1159 42 109
1160 5 103
1161 6 127
1162 61 138
1163 9 124
1164 62 104
1165 87 96
1166 91 101
1167 60 70
1168 82 87
1169 28 63
1170 49 102
1171 32 58
1172 88 135
1173 71 123
1174 38 64
1175 40 42
1176 4 48
1177 116 138
1178 8 51
1179 99 114
1180 29 88
1181 16 51
1182 34 133
1183 72 80
1184 54 64
1185 1 116
1186 2 122
1187 8 130
1188 44 46
1189 46 115
1190 51 100
1191 56 89
1192 96 100
1193 61 131
1194 27 31
1195 66 78
1196 139 140
1197 31 138
1198 86 117
1199 34 103
1200 87 121
1201 127 134
1202 92 100
1203 20 54
1204 59 85
1205 32 49
1206 50 103
1207 70 98
1208 18 124
1209 75 117
1210 4 63
1211 80 120
1212 8 58
1213 63 65
1214 67 130
1215 72 87
1216 36 37
1217 2 117
1218 41 54
1219 59 140
1220 8 137
1221 9 29
1222 26 127
1223 46 122
1224 88 119
1225 33 135
1226 51 109
1227 15 19
1228 52 101
1229 41 71
1230 66 73
1231 67 109
1232 13 25
1233 31 115
1234 34 126
1235 35 116
1236 86 140
1237 87 118
1238 55 105
1239 91 115
1240 3 31
1241 92 99
1242 60 84
1243 23 64
1244 8 82
1245 96 102
1246 45 83
1247 111 124
1248 32 72
1249 13 106
1250 70 101
1251 21 26
1252 95 103
1253 80 127
1254 8 33
1255 100 114
1256 63 78
1257 48 72
1258 29 42
1259 47 128
1260 67 139
1261 33 47
1262 118 140
1263 72 94
1264 73 80
1265 36 44
1266 1 70
1267 2 76
1268 129 137
1269 41 63
1270 59 133
1271 78 84
1272 117 135
1273 46 125
1274 47 113
1275 103 116
1276 88 126
1277 15 24
1278 56 103
1279 58 128
1280 76 90
1281 5 82
1282 45 59
1283 49 56
1284 13 18
1285 86 135
1286 34 121
1287 3 4
1288 60 83
1289 23 89
1290 8 89
1291 45 76
1292 84 89
1293 49 137
1294 138 139
1295 13 99
1296 90 128
1297 53 60
1298 18 110
1299 1 46
1300 75 99
1301 38 117
1302 4 45
1303 80 118
1304 8 40
1305 44 132
1306 118 135
1307 11 85
1308 12 93
1309 29 35
1310 47 137
1311 16 24
1312 105 114
1313 36 43
1314 2 71
1315 129 130
1316 79 87
1317 117 128
1318 84 130
1319 47 126
1320 12 44
1321 104 139
1322 51 123
1323 71 132
1324 56 110
1325 37 52
1326 38 130
1327 58 139
1328 76 81
1329 42 65
1330 77 93
1331 112 123
1332 45 52
1333 83 129
1334 37 133
1335 3 13
1336 59 120
1337 116 127
1338 117 119
1339 64 109
1340 45 69
1341 120 122
1342 84 96
1343 49 130
1344 32 70
1345 33 72
1346 14 90
1347 70 87
1348 85 94
1349 18 105
1350 57 66
1351 115 129
1352 8 47
1353 7 9
1354 44 131
1355 48 70
1356 11 74
1357 12 84
1358 29 60
1359 33 57
1360 105 123
1361 72 76
1362 124 126
1363 36 82
1364 2 94
1365 117 137
1366 9 48
1367 84 137
1368 12 43
1369 103 106
1370 51 64
1371 15 110
1372 109 127
1373 56 117
1374 37 61
1375 38 133
1376 112 114
1377 77 86
1378 5 68
1379 6 82
1380 66 82
1381 40 126
1382 3 114
1383 111 139
1384 8 71
1385 64 100
1386 120 129
1387 33 65
1388 70 78
1389 71 84
1390 38 103
1391 39 111
1392 4 19
1393 80 100
1394 115 134
1395 28 137
1396 29 53
1397 12 83
1398 104 106
1399 33 50
1400 16 22
1401 72 115
1402 73 75
1403 36 89
1404 37 85
1405 2 89
1406 26 83
1407 9 57
1408 10 137
1409 27 67
1410 12 34
1411 106 133
1412 51 73
1413 35 131
1414 108 110
1415 56 124
1416 37 38
1417 77 79
1418 42 51
1419 5 77
1420 6 85
1421 60 137
1422 80 130
1423 31 87
1424 91 95
1425 55 77
1426 40 101
1427 59 118
1428 60 120
1429 117 121
1430 65 99
1431 120 136
1432 84 118
1433 85 96
1434 32 84
1435 121 126
1436 89 101
1437 71 77
1438 1 49
1439 74 140
1440 58 66
1441 80 91
1442 43 97
1443 44 113
1444 28 128
1445 48 116
1446 12 74
1447 68 127
1448 69 119
1449 124 140
1450 72 122
1451 73 76
1452 36 64
1453 54 62
1454 2 80
1455 94 129
1456 22 23
1457 5 37
1458 61 72
1459 9 34
1460 119 139
1461 30 55
1462 88 90
1463 51 78
1464 52 64
1465 35 136
1466 109 113
1467 37 47
1468 20 105
1469 76 126
1470 130 140
1471 42 58
1472 60 128
1473 72 131
1474 92 94
1475 55 74
1476 3 96
1477 60 119
1478 23 125
1479 8 117
1480 64 114
1481 65 100
1482 50 61
1483 87 128
1484 90 100
1485 71 74
1486 1 10
1487 58 77
1488 80 82
1489 7 116
1490 63 107
1491 46 49
1492 11 113
1493 105 110
1494 124 139
1495 73 117
1496 37 71
1497 2 43
1498 58 60
1499 5 46
1500 61 65
1501 119 128
1502 30 62
1503 51 87
1504 34 37
1505 52 79
1506 37 40
1507 20 112
1508 76 117
1509 130 135
1510 6 71
1511 82 140
1512 133 138
1513 85 129
1514 72 138
1515 55 67
1516 40 83
1517 39 133
1518 8 124
1519 28 103
1520 122 134
1521 50 52
1522 33 84
1523 89 119
1524 1 3
1525 58 84
1526 4 8
1527 46 56
1528 11 118
1529 12 120
1530 50 135
1531 124 130
1532 73 126
1533 36 118
1534 19 22
1535 2 34
1536 37 64
1537 93 99
1538 128 138
1539 78 130
1540 131 135
1541 9 44
1542 30 33
1543 34 60
1544 52 86
1545 77 122
1546 42 44
1547 25 108
1548 82 135
1549 85 138
1550 31 66
1551 18 53
1552 74 86
1553 55 88
1554 38 48
1555 40 90
1556 65 118
1557 28 126
1558 11 30
1559 85 123
1560 32 121
1561 51 135
1562 89 120
1563 122 129
1564 1 4
1565 2 138
1566 76 133
1567 44 94
1568 46 67
1569 121 130
1570 12 119
1571 68 84
1572 51 52
1573 128 129
1574 37 73
1575 2 61
1576 131 140
1577 62 67
1578 27 47
1579 29 138
1580 30 40
1581 103 135
1582 34 55
1583 17 21
1584 77 115
1585 24 65
1586 6 49
1587 81 112
1588 82 126
1589 135 136
1590 50 87
1591 74 81
1592 38 43
1593 3 87
1594 40 65
1595 43 60
1596 65 79
1597 28 117
1598 48 129
1599 122 136
1600 51 140
1601 53 107
1602 54 107
1603 1 29
1604 2 133
1605 22 64
1606 44 85
1607 7 99
1608 46 74
1609 121 139
1610 68 83
1611 51 61
1612 16 105
1613 36 100
1614 55 136
1615 2 52
1616 41 119
1617 78 140
1618 27 36
1619 10 84
1620 29 131
1621 55 57
1622 76 98
1623 25 126
1624 81 105
1625 82 121
1626 101 102
1627 49 64
1628 50 78
1629 13 90
1630 31 48
1631 18 39
1632 74 88
1633 75 90
1634 43 53
1635 134 140
1636 11 12
1637 29 122
1638 32 119
1639 73 128
1640 57 113
1641 78 100
1642 43 66
1643 44 76
1644 7 88
1645 98 136
1646 46 77
1647 47 65
1648 12 101
1649 68 90
1650 69 84
1651 121 140
1652 55 129
1653 94 100
1654 41 120
1655 61 101
1656 9 71
1657 27 61
1658 118 126
1659 47 54
1660 86 87
1661 34 73
1662 125 136
1663 3 52
1664 41 137
1665 24 79
1666 77 101
1667 6 35
1668 66 131
1669 50 73
1670 13 83
1671 31 57
1672 35 58
1673 75 83
1674 64 85
1675 65 89
1676 134 135
1677 29 115
1678 14 18
1679 53 125
1680 54 101
1681 73 137
1682 39 62
1683 114 125
1684 78 111
1685 115 121
1686 7 81
1687 46 84
1688 12 28
1689 123 137
1690 15 49
1691 126 134
1692 2 6
1693 5 11
1694 61 126
1695 98 114
1696 9 72
1697 119 125
1698 66 107
1699 47 63
1700 122 124
1701 34 64
1702 35 82
1703 125 129
1704 3 61
1705 59 72
1706 45 117
1707 10 41
1708 49 114
1709 50 64
1710 31 38
1711 107 113
1712 18 25
1713 40 54
1714 3 74
1715 4 68
1716 8 31
1717 65 82
1718 28 66
1719 11 58
1720 32 133
1721 14 21
1722 58 115
1723 39 55
1724 115 126
1725 78 118
1726 44 66
1727 7 78
1728 47 87
1729 12 27
1730 68 72
1731 69 70
1732 126 137
1733 5 116
1734 61 119
1735 64 133
1736 119 122
1737 123 127
1738 89 131
1739 35 91
1740 20 26
1741 59 65
1742 132 137
1743 6 29
1744 82 98
1745 45 110
1746 46 132
1747 13 69
1748 14 109
1749 31 47
1750 35 40
1751 106 108
1752 74 117
1753 38 87
1754 40 61
1755 116 133
1756 28 89
1757 70 137
1758 1 121
1759 58 122
1760 39 44
1761 44 57
1762 7 71
1763 48 60
1764 11 128
1765 123 135
1766 69 79
1767 52 137
1768 56 76
1769 42 99
1770 9 122
1771 10 72
1772 66 125
1773 67 121
1774 31 135
1775 89 132
1776 34 82
1777 35 64
1778 52 56
1779 56 59
1780 59 70
1781 60 72
1782 81 85
1783 82 93
1784 28 33
1785 32 36
1786 88 129
1787 107 111
1788 74 124
1789 60 63
1790 116 140
1791 8 13
1792 7 47
1793 9 129
1794 28 80
1795 70 128
1796 90 92
1797 36 48
1798 2 96
1799 21 127
1800 26 106
1801 44 48
1802 83 119
1803 48 51
1804 69 72
1805 36 135
1806 41 84
1807 62 105
1808 66 116
1809 67 126
1810 31 140
1811 86 115
1812 35 73
1813 91 100
1814 20 40
1815 60 71
1816 82 84
1817 28 56
1818 32 59
1819 88 136
1820 14 127
1821 71 122
1822 74 103
1823 75 127
1824 40 43
1825 21 23
1826 4 49
1827 116 139
1828 8 52
1829 99 117
1830 11 33
1831 29 87
1832 34 130
1833 72 81
1834 54 65
1835 1 75
1836 8 131
1837 9 27
1838 27 97
1839 44 47
1840 104 107
1841 15 21
1842 42 85
1843 27 30
1844 10 122
1845 31 117
1846 86 138
1847 34 100
1848 87 120
1849 127 129
1850 92 101
1851 59 84
1852 60 94
1853 23 74
1854 28 55
1855 70 99
1856 71 115
1857 18 125
1858 38 120
1859 39 74
1860 80 121
1861 8 59
1862 118 138
1863 63 64
1864 48 82
1865 11 38
1866 67 133
1867 72 88
1868 36 38
1869 1 76
1870 41 53
1871 22 113
1872 78 82
1873 8 138
1874 9 28
1875 27 102
1876 103 126
1877 15 18
1878 42 92
1879 10 101
1880 66 70
1881 13 24
1882 35 119
1883 40 138
1884 96 103
1885 60 85
1886 32 73
1887 21 25
1888 39 67
1889 95 102
1890 8 34
1891 100 115
1892 48 73
1893 29 41
1894 47 131
1895 33 46
1896 73 87
1897 36 45
1898 1 69
1899 92 130
1900 129 136
1901 41 62
1902 59 132
1903 78 85
1904 117 134
1905 84 132
1906 47 112
1907 103 119
1908 51 117
1909 38 136
1910 58 129
1911 76 91
1912 42 71
1913 5 81
1914 45 58
1915 49 63
1916 12 133
1917 13 17
1918 67 85
1919 34 118
1920 35 124
1921 3 7
1922 60 108
1923 25 54
1924 45 75
1925 84 90
1926 49 136
1927 32 64
1928 70 93
1929 53 59
1930 90 129
1931 4 46
1932 80 119
1933 8 41
1934 44 133
1935 118 132
1936 48 64
1937 11 84
1938 12 94
1939 29 34
1940 33 39
1941 16 25
1942 105 113
1943 73 88
1944 36 84
1945 56 128
1946 2 68
1947 79 86
1948 84 131
1949 12 45
1950 51 122
1951 71 135
1952 37 51
1953 76 82
1954 42 78
1955 45 51
1956 83 128
1957 66 88
1958 31 96
1959 55 126
1960 40 120
1961 3 12
1962 96 117
1963 60 107
1964 25 63
1965 116 120
1966 64 110
1967 45 68
1968 117 118
1969 120 123
1970 49 129
1971 32 71
1972 85 93
1973 70 84
1974 71 94
1975 1 38
1976 57 65
1977 115 128
1978 7 8
1979 48 71
1980 11 77
1981 12 85
1982 29 59
1983 33 56
1984 124 127
1985 72 77
1986 36 83
1987 56 135
1988 22 26
1989 5 50
1990 117 136
1991 84 138
1992 12 36
1993 51 67
1994 52 115
1995 15 105
1996 108 112
1997 56 118
1998 19 106
1999 37 60
2000 112 115
2001 77 85
2002 42 73
2003 80 140
2004 55 119
2005 59 112
2006 8 72
2007 117 127
2008 120 130
2009 32 94
2010 33 64
2011 89 99
2012 70 79
2013 71 87
2014 1 63
2015 38 100
2016 3 130
2017 115 137
2018 80 101
2019 28 138
2020 29 52
2021 11 66
2022 12 76
2023 33 49
2024 16 23
2025 48 126
2026 72 116
2027 73 74
2028 37 84
2029 2 86
2030 27 66
2031 12 35
2032 51 72
2033 52 122
2034 35 130
2035 108 111
2036 56 125
2037 77 78
2038 42 48
2039 5 76
2040 60 138
2041 80 131
2042 133 135
2043 31 86
2044 91 94
2045 1 135
2046 60 121
2047 23 103
2048 117 120
2049 64 124
2050 65 98
2051 120 137
2052 84 119
2053 121 125
2054 32 85
2055 33 89
2056 89 100
2057 71 76
2058 58 67
2059 4 27
2060 44 114
2061 28 129
2062 46 47
2063 12 75
2064 48 117
2065 69 118
2066 73 115
2067 54 63
2068 94 134
2069 5 36
2070 61 71
2071 26 91
2072 9 33
2073 119 138
2074 30 52
2075 88 91
2076 34 43
2077 52 65
2078 109 112
2079 37 46
2080 20 106
2081 76 127
2082 24 109
2083 42 59
2084 60 129
2085 85 135
2086 72 132
2087 92 95
2088 3 99
2089 60 112
2090 8 118
2091 62 137
2092 84 126
2093 50 58
2094 33 82
2095 87 131
2096 90 101
2097 1 9
2098 96 137
2099 80 83
2100 44 105
2101 63 106
2102 46 54
2103 105 109
2104 69 127
2105 124 132
2106 72 98
2107 53 128
2108 36 72
2109 73 116
2110 2 40
2111 58 61
2112 61 64
2113 119 131
2114 30 63
2115 17 26
2116 76 118
2117 130 132
2118 25 106
2119 6 68
2120 133 137
2121 10 11
2122 85 128
2123 31 68
2124 72 139
2125 55 66
2126 40 84
2127 23 117
2128 64 74
2129 65 124
2130 122 135
2131 50 53
2132 51 129
2133 18 74
2134 1 2
2135 109 139
2136 58 85
2137 4 9
2138 5 133
2139 43 94
2140 46 57
2141 29 31
2142 12 121
2143 50 132
2144 68 110
2145 124 131
2146 36 119
2147 19 25
2148 2 35
2149 93 98
2150 128 139
2151 97 103
2152 98 111
2153 131 134
2154 27 41
2155 30 38
2156 103 137
2157 34 61
2158 17 19
2159 77 121
2160 42 45
2161 6 63
2162 82 132
2163 49 85
2164 85 137
2165 31 77
2166 18 50
2167 74 87
2168 38 49
2169 3 81
2170 64 65
2171 65 117
2172 28 127
2173 48 139
2174 85 122
2175 32 122
2176 1 27
2177 43 87
2178 46 64
2179 121 129
2180 68 85
2181 51 55
2182 36 126
2183 37 72
2184 2 58
2185 128 130
2186 22 57
2187 5 31
2188 61 82
2189 62 64
2190 9 84
2191 27 46
2192 98 102
2193 29 137
2194 30 41
2195 86 90
2196 15 74
2197 17 20
2198 76 100
2199 77 114
2200 23 26
2201 135 139
2202 10 61
2203 49 78
2204 31 74
2205 74 94
2206 55 80
2207 38 40
2208 3 86
2209 40 66
2210 43 63
2211 64 88
2212 65 78
2213 28 118
2214 122 137
2215 134 138
2216 90 126
2217 53 106
2218 1 28
2219 2 130
2220 58 103
2221 22 65
2222 78 98
2223 7 98
2224 83 85
2225 121 138
2226 11 103
2227 51 60
2228 16 106
2229 94 98
2230 41 118
2231 27 39
2232 29 130
2233 86 93
2234 55 56
2235 76 99
2236 41 135
2237 59 61
2238 6 41
2239 82 118
2240 10 36
2241 49 71
2242 13 89
2243 31 51
2244 106 112
2245 35 52
2246 74 89
2247 40 73
2248 43 52
2249 65 71
2250 28 77
2251 29 121
2252 33 126
2253 53 115
2254 73 135
2255 57 112
2256 78 101
2257 44 77
2258 7 91
2259 101 140
2260 46 82
2261 47 64
2262 68 91
2263 37 122
2264 2 12
2265 55 128
2266 94 101
2267 61 100
2268 100 129
2269 47 49
2270 87 94
2271 34 70
2272 125 135
2273 20 21
2274 41 136
2275 77 100
2276 6 32
2277 66 128
2278 49 120
2279 50 70
2280 13 82
2281 31 56
2282 106 123
2283 35 61
2284 75 82
2285 40 48
2286 43 45
2287 65 88
2288 28 68
2289 33 119
2290 14 19
2291 73 136
2292 58 105
2293 39 57
2294 22 83
2295 115 120
2296 7 80
2297 83 99
2298 46 85
2299 47 73
2300 12 29
2301 123 136
2302 52 132
2303 126 135
2304 5 10
2305 10 71
2306 119 124
2307 47 62
2308 122 125
2309 125 128
2310 6 27
2311 28 44
2312 46 130
2313 49 113
2314 50 65
2315 13 75
2316 31 33
2317 107 112
2318 18 22
2319 74 75
2320 91 129
2321 38 93
2322 40 55
2323 4 69
2324 7 56
2325 28 67
2326 14 26
2327 54 125
2328 58 112
2329 39 54
2330 22 106
2331 78 119
2332 44 67
2333 7 73
2334 11 138
2335 123 129
2336 68 73
2337 16 95
2338 52 131
2339 56 70
2340 93 95
2341 5 115
2342 61 118
2343 137 139
2344 123 126
2345 34 88
2346 114 138
2347 59 64
2348 132 138
2349 81 83
2350 45 109
2351 28 43
2352 46 133
2353 32 46
2354 13 68
2355 31 46
2356 50 120
2357 70 127
2358 106 109
2359 20 138
2360 38 84
2361 40 62
2362 116 134
2363 11 50
2364 1 120
2365 2 102
2366 57 139
2367 39 47
2368 22 109
2369 44 58
2370 7 70
2371 48 61
2372 11 131
2373 123 134
2374 88 100
2375 69 78
2376 56 77
2377 41 82
2378 24 54
2379 5 124
2380 10 73
2381 66 122
2382 67 120
2383 137 140
2384 87 101
2385 52 57
2386 35 67
2387 56 60
2388 59 89
2389 60 73
2390 81 84
2391 28 34
2392 32 37
2393 50 115
2394 88 130
2395 70 118
2396 71 124
2397 107 110
2398 4 75
2399 8 14
2400 34 136
2401 70 129
2402 90 93
2403 36 49
2404 54 79
2405 26 107
2406 44 49
2407 48 52
2408 47 100
2409 56 84
2410 62 110
2411 66 117
2412 102 129
2413 87 98
2414 89 140
2415 91 103
2416 59 94
2417 60 64
2418 6 12
2419 82 85
2420 28 57
2421 32 60
2422 68 128
2423 88 137
2424 71 117
2425 74 100
2426 38 70
2427 21 22
2428 22 140
2429 40 44
2430 9 137
2431 11 32
2432 34 131
2433 72 82
2434 36 56
2435 1 74
2436 2 120
2437 41 51
2438 83 127
2439 46 113
2440 47 109
2441 33 140
2442 15 20
2443 42 82
2444 61 129
2445 66 76
2446 31 116
2447 91 124
2448 92 102
2449 127 128
2450 111 113
2451 96 97
2452 59 87
2453 23 69
2454 6 7
2455 45 88
2456 28 48
2457 65 140
2458 84 85
2459 32 51
2460 50 101
2461 70 96
2462 38 121
2463 39 69
2464 4 57
2465 8 60
2466 118 139
2467 63 67
2468 11 89
2469 29 47
2470 47 133
2471 67 132
2472 104 112
2473 72 89
2474 36 39
2475 1 67
2476 2 115
2477 41 52
2478 78 83
2479 46 120
2480 12 56
2481 88 121
2482 33 133
2483 52 103
2484 103 121
2485 58 135
2486 76 93
2487 5 87
2488 66 71
2489 13 23
2490 34 124
2491 35 118
2492 127 137
2493 20 63
2494 8 84
2495 32 74
2496 14 78
2497 21 24
2498 4 32
2499 39 66
2500 95 97
2501 8 35
2502 100 124
2503 118 130
2504 48 74
2505 29 40
2506 73 86
2507 36 46
2508 1 68
2509 2 74
2510 41 61
2511 59 135
2512 78 90
2513 26 68
2514 117 133
2515 84 133
2516 47 115
2517 12 55
2518 103 118
2519 51 116
2520 15 26
2521 71 137
2522 76 84
2523 42 68
2524 5 80
2525 45 57
2526 49 62
2527 13 16
2528 31 122
2529 34 119
2530 86 133
2531 3 6
2532 59 101
2533 60 109
2534 25 53
2535 45 74
2536 13 97
2537 70 82
2538 53 58
2539 71 96
2540 57 63
2541 39 123
2542 4 47
2543 118 133
2544 63 113
2545 48 65
2546 11 87
2547 29 33
2548 47 139
2549 33 38
2550 16 26
2551 105 112
2552 36 85
2553 56 129
2554 2 69
2555 78 93
2556 79 81
2557 10 133
2558 84 140
2559 47 120
2560 12 46
2561 51 125
2562 52 117
2563 56 112
2564 37 50
2565 38 128
2566 76 83
2567 77 91
2568 24 25
2569 5 89
2570 6 89
2571 42 79
2572 45 50
2573 83 131
2574 66 89
2575 49 55
2576 96 118
2577 60 100
2578 116 121
2579 45 67
2580 28 29
2581 120 124
2582 49 128
2583 70 85
2584 71 89
2585 90 137
2586 1 37
2587 57 64
2588 21 42
2589 4 22
2590 115 131
2591 44 125
2592 7 11
2593 28 140
2594 11 76
2595 12 86
2596 29 58
2597 33 63
2598 16 17
2599 48 120
2600 72 78
2601 56 136
2602 41 47
2603 81 128
2604 10 140
2605 12 37
2606 51 66
2607 108 113
2608 109 125
2609 56 119
2610 37 59
2611 77 84
2612 42 54
2613 5 66
2614 60 140
2615 10 31
2616 66 80
2617 83 136
2618 55 118
2619 3 116
2620 23 105
2621 8 73
2622 117 126
2623 120 131
2624 121 123
2625 85 101
2626 33 71
2627 87 140
2628 70 76
2629 71 86
2630 89 98
2631 74 131
2632 115 136
2633 28 139
2634 11 69
2635 12 77
2636 29 51
2637 33 48
2638 69 140
2639 72 117
2640 104 108
2641 125 127
2642 2 87
2643 61 77
2644 26 81
2645 9 63
2646 119 140
2647 52 123
2648 35 133
2649 56 126
2650 42 49
2651 80 132
2652 6 75
2653 133 134
2654 40 103
2655 60 122
2656 23 102
2657 65 97
2658 120 138
2659 121 124
2660 32 86
2661 33 88
2662 14 42
2663 70 71
2664 71 79
2665 87 133
2666 58 64
2667 80 93
2668 44 115
2669 63 108
2670 28 130
2671 11 122
2672 12 68
2673 48 118
2674 69 117
2675 105 107
2676 72 124
2677 54 60
2678 2 46
2679 5 35
2680 61 70
2681 9 32
2682 119 133
2683 30 53
2684 51 80
2685 52 66
2686 35 138
2687 109 111
2688 37 45
2689 130 138
2690 42 56
2691 60 130
2692 62 63
2693 30 68
2694 31 94
2695 72 133
2696 55 68
2697 40 110
2698 3 98
2699 60 113
2700 23 127
2701 8 119
2702 85 119
2703 50 59
2704 87 130
2705 90 98
2706 1 8
2707 80 84
2708 43 88
2709 46 55
2710 11 115
2711 12 67
2712 48 109
2713 68 96
2714 105 108
2715 72 99
2716 124 133
2717 36 73
2718 54 55
2719 2 41
2720 9 41
2721 119 130
2722 30 60
2723 51 89
2724 34 35
2725 17 25
2726 52 73
2727 76 119
2728 77 127
2729 130 133
2730 25 105
2731 6 69
2732 82 138
2733 133 136
2734 49 83
2735 31 71
2736 72 140
2737 18 56
2738 40 85
2739 25 26
2740 8 126
2741 65 115
2742 11 27
2743 122 132
2744 32 100
2745 51 128
2746 58 82
2747 4 10
2748 46 62
2749 29 30
2750 12 122
2751 48 100
2752 50 133
2753 16 125
2754 73 124
2755 19 24
2756 2 32
2757 93 97
2758 131 137
2759 97 102
2760 78 128
2761 61 88
2762 98 108
2763 9 82
2764 30 39
2765 103 136
2766 51 94
2767 34 58
2768 17 18
2769 52 80
2770 23 28
2771 82 133
2772 10 51
2773 49 84
2774 85 136
2775 31 76
2776 74 84
2777 43 57
2778 64 66
2779 65 116
2780 28 120
2781 85 121
2782 51 137
2783 89 126
2784 18 66
2785 2 136
2786 76 135
2787 43 86
2788 44 88
2789 7 100
2790 46 65
2791 121 128
2792 68 86
2793 51 54
2794 69 96
2795 73 101
2796 128 131
2797 37 119
2798 2 59
2799 5 30
2800 98 103
2801 62 65
2802 27 33
2803 29 136
2804 30 46
2805 86 91
2806 103 129
2807 76 101
2808 82 124
2809 135 138
2810 10 58
2811 101 123
2812 49 77
2813 50 85
2814 13 95
2815 102 123
2816 107 140
2817 18 42
2818 110 139
2819 55 83
2820 38 41
2821 3 89
2822 40 67
2823 23 138
2824 43 62
2825 64 89
2826 65 77
2827 28 119
2828 48 131
2829 134 139
2830 53 105
2831 54 105
2832 2 131
2833 57 110
2834 58 100
2835 78 99
2836 44 87
2837 27 137
2838 83 84
2839 46 72
2840 121 137
2841 30 134
2842 51 63
2843 55 138
2844 94 99
2845 5 7
2846 27 38
2847 10 82
2848 29 129
2849 54 139
2850 55 59
2851 59 60
2852 6 46
2853 82 119
2854 10 37
2855 49 70
2856 50 76
2857 31 50
2858 106 113
2859 35 55
2860 43 55
2861 64 80
2862 65 70
2863 29 120
2864 32 137
2865 53 114
2866 21 89
2867 83 93
2868 47 67
2869 12 103
2870 69 82
2871 15 42
2872 55 131
2873 41 126
2874 9 69
2875 27 63
2876 66 110
2877 47 48
2878 118 124
2879 87 89
2880 34 71
2881 125 134
2882 20 22
2883 77 99
2884 132 133
2885 6 33
2886 66 129
2887 102 117
2888 50 71
2889 13 81
2890 14 97
2891 31 59
2892 35 60
2893 91 139
2894 106 120
2895 75 85
2896 40 49
2897 126 127
2898 43 44
2899 64 87
2900 32 128
2901 33 118
2902 14 16
2903 57 120
2904 58 118
2905 39 56
2906 78 109
2907 83 98
2908 46 90
2909 47 72
2910 123 139
2911 52 133
2912 126 132
2913 56 64
2914 2 4
2915 5 9
2916 6 137
2917 61 124
2918 27 52
2919 10 68
2920 66 105
2921 47 57
2922 118 119
2923 119 127
2924 35 84
2925 59 74
2926 132 140
2927 6 24
2928 79 135
2929 45 115
2930 28 45
2931 46 131
2932 49 112
2933 50 126
2934 13 74
2935 31 32
2936 81 89
2937 35 37
2938 18 23
2939 91 128
2940 38 82
2941 3 76
2942 40 56
2943 65 80
2944 32 135
2945 53 68
2946 54 114
2947 57 129
2948 58 113
2949 39 49
2950 44 60
2951 7 72
2952 46 93
2953 123 128
2954 68 74
2955 56 71
2956 2 31
2957 93 94
2958 77 132
2959 5 114
2960 61 117
2961 62 125
2962 9 119
2963 64 135
2964 137 138
2965 86 103
2966 34 89
2967 35 93
2968 59 67
2969 24 95
2970 132 139
2971 81 82
2972 82 96
2973 28 36
2974 102 103
2975 49 105
2976 32 47
2977 31 41
2978 50 121
2979 70 124
2980 35 42
2981 74 115
2982 38 85
2983 40 63
2984 116 135
2985 120 125
2986 7 48
2987 29 67
2988 2 103
2989 58 120
2990 39 46
2991 44 59
2992 7 65
2993 46 100
2994 11 130
2995 48 62
2996 88 101
2997 69 77
2998 17 95
2999 56 78
3000 2 22
3001 94 95
3002 6 123
3003 10 118
3004 66 123
3005 67 123
3006 31 129
3007 87 100
3008 34 80
3009 35 66
3010 52 58
3011 56 61
3012 89 138
3013 91 97
3014 3 45
3015 59 88
3016 60 74
3017 6 10
3018 28 35
3019 32 38
3020 50 112
3021 88 131
3022 70 119
3023 71 127
3024 74 122
3025 38 76
3026 4 52
3027 22 138
3028 9 135
3029 28 82
3030 34 137
3031 36 50
3032 2 126
3033 26 104
3034 44 50
3035 83 121
3036 48 53
3037 47 103
3038 33 138
3039 36 129
3040 56 85
3041 42 104
3042 61 135
3043 102 134
3044 91 102
3045 60 65
3046 65 138
3047 28 58
3048 50 107
3049 71 116
3050 74 101
3051 38 71
3052 40 45
3053 4 51
3054 48 93
3055 11 35
3056 29 85
3057 34 128
3058 1 73
3059 2 121
3060 41 50
3061 8 133
3062 26 115
3063 46 118
3064 88 115
3065 33 131
3066 51 105
3067 15 23
3068 36 136
3069 41 67
3070 61 128
3071 66 77
3072 13 29
3073 31 119
3074 86 136
3075 127 131
3076 92 103
3077 20 49
3078 3 27
3079 40 133
3080 60 88
3081 25 42
3082 96 98
3083 111 112
3084 45 87
3085 28 49
3086 65 131
3087 84 86
3088 32 52
3089 53 55
3090 18 123
3091 38 126
3092 4 58
3093 8 61
3094 7 31
3095 63 66
3096 48 84
3097 11 88
3098 29 46
3099 47 132
3100 33 43
3101 100 118
3102 104 113
3103 118 136
3104 92 133
3105 41 59
3106 59 129
3107 78 80
3108 8 140
3109 47 117
3110 103 120
3111 88 122
3112 33 132
3113 51 110
3114 58 132
3115 76 94
3116 42 90
3117 5 86
3118 45 63
3119 67 110
3120 30 102
3121 13 22
3122 31 124
3123 86 131
3124 127 136
3125 40 140
3126 60 87
3127 45 80
3128 65 132
3129 70 88
3130 90 132
3131 1 42
3132 39 125
3133 4 33
3134 95 96
3135 8 36
3136 44 136
3137 63 75
3138 99 101
3139 11 81
3140 29 39
3141 100 125
3142 33 44
3143 16 36
3144 118 131
3145 73 85
3146 36 47
3147 41 60
3148 78 91
3149 117 132
3150 9 11
3151 47 114
3152 12 48
3153 71 136
3154 76 85
3155 42 69
3156 45 56
3157 49 61
3158 67 87
3159 13 15
3160 34 116
3161 35 126
3162 111 134
3163 3 9
3164 59 100
3165 60 110
3166 45 73
3167 32 66
3168 13 96
3169 70 83
3170 53 57
3171 18 109
3172 1 35
3173 57 62
3174 39 122
3175 8 43
3176 7 13
3177 44 135
3178 48 66
3179 11 86
3180 12 88
3181 29 32
3182 33 37
3183 63 112
3184 104 127
3185 73 94
3186 36 86
3187 56 130
3188 2 66
3189 129 135
3190 79 80
3191 9 12
3192 10 130
3193 47 123
3194 12 47
3195 108 123
3196 71 129
3197 37 49
3198 38 129
3199 77 90
3200 24 26
3201 5 88
3202 136 137
3203 45 49
3204 66 86
3205 49 54
3206 37 130
3207 55 120
3208 59 125
3209 116 122
3210 64 96
3211 45 66
3212 28 30
3213 84 99
3214 49 135
3215 32 89
3216 33 77
3217 14 89
3218 70 74
3219 71 88
3220 85 91
3221 1 36
3222 4 23
3223 80 96
3224 44 126
3225 7 10
3226 29 57
3227 12 87
3228 69 130
3229 16 18
3230 72 79
3231 56 137
3232 1 85
3233 2 93
3234 41 46
3235 22 24
3236 79 89
3237 12 38
3238 108 114
3239 56 120
3240 37 58
3241 77 83
3242 42 55
3243 5 65
3244 10 28
3245 1 140
3246 55 113
3247 40 97
3248 8 74
3249 117 125
3250 120 132
3251 121 122
3252 85 100
3253 32 80
3254 33 70
3255 70 77
3256 71 81
3257 74 128
3258 58 70
3259 115 139
3260 43 109
3261 44 117
3262 100 106
3263 28 132
3264 11 68
3265 12 78
3266 29 50
3267 33 55
3268 48 112
3269 68 115
3270 69 139
3271 54 58
3272 37 82
3273 2 84
3274 72 118
3275 125 126
3276 5 57
3277 61 76
3278 9 62
3279 27 68
3280 30 51
3281 51 74
3282 34 46
3283 15 112
3284 35 132
3285 52 68
3286 20 109
3287 113 114
3288 42 62
3289 5 74
3290 60 132
3291 63 137
3292 67 74
3293 30 66
3294 31 80
3295 1 133
3296 55 78
3297 3 124
3298 64 126
3299 65 96
3300 120 139
3301 32 87
3302 87 132
3303 71 78
3304 74 139
3305 57 81
3306 58 65
3307 4 5
3308 80 94
3309 26 54
3310 99 129
3311 63 111
3312 28 131
3313 12 69
3314 105 106
3315 36 67
3316 54 61
3317 2 47
3318 94 132
3319 5 34
3320 119 132
3321 30 58
3322 88 93
3323 106 139
3324 34 41
3325 52 67
3326 109 110
3327 37 44
3328 76 121
3329 130 139
3330 42 57
3331 60 131
3332 6 67
3333 49 89
3334 85 133
3335 31 89
3336 18 62
3337 55 71
3338 3 101
3339 60 114
3340 23 126
3341 8 120
3342 84 120
3343 85 118
3344 50 56
3345 33 80
3346 90 99
3347 18 81
3348 58 72
3349 4 12
3350 80 85
3351 46 52
3352 11 114
3353 12 124
3354 48 110
3355 69 125
3356 124 134
3357 73 122
3358 36 74
3359 37 68
3360 2 38
3361 58 59
3362 93 103
3363 30 61
3364 51 88
3365 17 24
3366 77 126
3367 6 58
3368 49 82
3369 31 70
3370 38 60
3371 39 134
3372 40 86
3373 23 119
3374 122 133
3375 50 51
3376 51 131
3377 89 116
3378 58 83
3379 76 137
3380 4 11
3381 5 131
3382 43 80
3383 46 63
3384 50 130
3385 37 77
3386 2 33
3387 93 96
3388 94 118
3389 97 101
3390 98 109
3391 61 87
3392 131 136
3393 30 36
3394 103 139
3395 34 59
3396 77 119
3397 24 125
3398 25 113
3399 6 61
3400 42 43
3401 82 130
3402 74 85
3403 38 55
3404 43 56
3405 64 67
3406 65 75
3407 28 121
3408 122 140
3409 32 124
3410 51 136
3411 90 117
3412 110 112
3413 2 137
3414 76 128
3415 5 140
3416 43 73
3417 44 89
3418 121 135
3419 68 87
3420 51 57
3421 73 100
3422 128 132
3423 37 118
3424 2 56
3425 22 63
3426 5 29
3427 61 80
3428 78 136
3429 27 32
3430 98 100
3431 29 135
3432 30 47
3433 86 88
3434 103 128
3435 55 61
3436 6 52
3437 102 120
3438 50 82
3439 31 52
3440 35 49
3441 55 82
3442 38 46
3443 3 88
3444 43 49
3445 64 90
3446 65 76
3447 48 132
3448 29 126
3449 134 136
3450 32 115
3451 53 104
3452 110 123
3453 2 128
3454 57 109
3455 21 95
3456 78 96
3457 43 78
3458 44 80
3459 83 87
3460 46 73
3461 121 136
3462 51 62
3463 55 133
3464 2 51
3465 94 96
3466 41 116
3467 22 54
3468 5 6
3469 9 67
3470 27 57
3471 100 132
3472 118 122
3473 34 77
3474 55 58
3475 3 48
3476 41 133
3477 59 63
3478 6 47
3479 81 110
3480 82 116
3481 10 34
3482 66 135
3483 50 77
3484 31 61
3485 106 126
3486 35 54
3487 43 54
3488 29 119
3489 32 138
3490 33 124
3491 53 113
3492 73 133
3493 115 117
3494 7 85
3495 46 80
3496 47 66
3497 68 69
3498 69 81
3499 15 53
3500 126 130
3501 37 120
3502 2 10
3503 55 130
3504 41 125
3505 9 68
3506 27 62
3507 66 111
3508 47 51
3509 118 125
3510 87 88
3511 34 68
3512 125 133
3513 18 138
3514 20 23
3515 77 98
3516 132 134
3517 102 106
3518 49 126
3519 31 58
3520 35 63
3521 91 138
3522 74 78
3523 75 84
3524 38 88
3525 3 70
3526 40 50
3527 43 47
3528 7 61
3529 65 94
3530 28 70
3531 32 129
3532 33 117
3533 14 17
3534 58 119
3535 115 122
3536 79 96
3537 44 70
3538 27 134
3539 46 91
3540 12 31
3541 68 76
3542 123 138
3543 15 50
3544 126 133
3545 56 65
3546 2 5
3547 77 138
3548 5 8
3549 61 123
3550 62 123
3551 9 77
3552 10 69
3553 64 129
3554 47 56
3555 100 138
3556 119 126
3557 122 123
3558 52 53
3559 59 77
3560 23 35
3561 81 88
3562 45 114
3563 28 46
3564 46 128
3565 49 119
3566 32 41
3567 31 35
3568 107 114
3569 70 122
3570 35 36
3571 18 20
3572 75 77
3573 40 57
3574 45 131
3575 65 87
3576 11 63
3577 29 73
3578 14 24
3579 53 67
3580 57 128
3581 58 126
3582 21 106
3583 39 48
3584 78 117
3585 44 61
3586 48 56
3587 11 140
3588 47 80
3589 68 75
3590 126 140
3591 56 72
3592 2 28
3593 77 131
3594 5 113
3595 61 116
3596 9 118
3597 67 117
3598 86 100
3599 89 128
3600 52 60
3601 59 66
3602 60 76
3603 43 140
3604 28 37
3605 50 118
3606 31 40
3607 106 107
3608 35 45
3609 4 78
3610 116 128
3611 8 9
3612 28 84
3613 29 66
3614 70 140
3615 36 52
3616 1 126
3617 2 100
3618 54 74
3619 39 41
3620 58 121
3621 78 124
3622 26 110
3623 44 52
3624 48 63
3625 11 133
3626 47 89
3627 69 76
3628 2 23
3629 42 110
3630 5 122
3631 10 119
3632 66 120
3633 67 122
3634 102 140
3635 31 128
3636 89 137
3637 52 59
3638 91 96
3639 56 62
3640 20 44
3641 23 49
3642 6 11
3643 82 88
3644 28 60
3645 32 39
3646 88 132
3647 70 116
3648 71 126
3649 74 123
3650 75 123
3651 4 53
3652 8 48
3653 70 135
3654 90 91
3655 36 51
3656 1 119
3657 79 127
3658 26 105
3659 44 51
3660 48 54
3661 33 137
3662 36 130
3663 41 89
3664 42 105
3665 66 115
3666 31 137
3667 87 124
3668 35 74
3669 127 133
3670 59 80
3671 60 66
3672 82 83
3673 45 93
3674 28 59
3675 71 119
3676 74 98
3677 93 134
3678 40 46
3679 8 55
3680 11 34
3681 29 84
3682 67 129
3683 34 129
3684 72 84
3685 36 58
3686 1 72
3687 2 118
3688 54 68
3689 41 49
3690 22 125
3691 46 119
3692 88 116
3693 33 130
3694 15 22
3695 36 137
3696 19 83
3697 41 66
3698 66 74
3699 31 118
3700 86 137
3701 87 117
3702 35 115
3703 92 96
3704 20 50
3705 96 99
3706 60 89
3707 45 86
3708 28 50
3709 84 87
3710 14 69
3711 53 54
3712 100 119
3713 118 137
3714 48 85
3715 29 45
3716 47 135
3717 104 114
3718 33 42
3719 92 134
3720 41 58
3721 78 81
3722 27 123
3723 46 126
3724 47 116
3725 12 58
3726 51 113
3727 20 74
3728 58 133
3729 5 85
3730 45 62
3731 49 59
3732 12 137
3733 13 21
3734 86 128
3735 34 122
3736 127 139
3737 111 120
3738 60 80
3739 116 117
3740 8 86
3741 45 79
3742 84 94
3743 13 102
3744 70 89
3745 53 63
3746 71 101
3747 1 41
3748 38 118
3749 39 124
3750 95 99
3751 80 115
3752 8 37
3753 99 100
3754 118 128
3755 29 38
3756 33 35
3757 73 84
3758 36 40
3759 2 72
3760 78 88
3761 26 66
3762 9 10
3763 117 131
3764 84 135
3765 47 125
3766 12 49
3767 104 136
3768 51 118
3769 37 55
3770 112 120
3771 58 140
3772 76 86
3773 42 66
3774 45 55
3775 49 60
3776 30 110
3777 13 14
3778 31 100
3779 92 118
3780 111 129
3781 3 8
3782 116 124
3783 84 101
3784 32 67
3785 70 80
3786 53 56
3787 18 106
3788 1 34
3789 57 61
3790 71 98
3791 90 140
3792 43 126
3793 8 44
3794 7 12
3795 63 115
3796 48 67
3797 11 73
3798 12 89
3799 29 63
3800 33 36
3801 100 101
3802 72 73
3803 73 93
3804 36 87
3805 56 131
3806 2 67
3807 129 134
3808 79 83
3809 26 77
3810 9 51
3811 117 140
3812 47 122
3813 12 40
3814 15 109
3815 71 128
3816 37 48
3817 112 127
3818 76 77
3819 77 89
3820 42 77
3821 5 71
3822 80 136
3823 136 138
3824 45 48
3825 66 87
3826 49 53
3827 108 139
3828 1 138
3829 37 129
3830 3 113
3831 23 82
3832 8 68
3833 116 123
3834 45 65
3835 28 31
3836 120 126
3837 85 90
3838 33 76
3839 70 75
3840 71 91
3841 115 133
3842 80 97
3843 26 37
3844 48 122
3845 11 78
3846 12 80
3847 29 56
3848 33 61
3849 16 19
3850 68 117
3851 69 129
3852 36 94
3853 1 84
3854 56 138
3855 41 45
3856 22 25
3857 5 63
3858 79 88
3859 9 52
3860 10 138
3861 52 126
3862 15 106
3863 109 123
3864 37 57
3865 77 82
3866 42 52
3867 5 64
3868 10 29
3869 1 131
3870 3 118
3871 59 117
3872 60 125
3873 117 124
3874 120 133
3875 71 80
3876 74 129
3877 57 79
3878 58 71
3879 115 138
3880 80 88
3881 44 118
3882 100 107
3883 28 133
3884 11 71
3885 12 79
3886 29 49
3887 33 54
3888 48 113
3889 72 119
3890 73 79
3891 54 59
3892 104 110
3893 2 85
3894 5 56
3895 9 61
3896 30 48
3897 106 129
3898 51 77
3899 34 47
3900 35 135
3901 20 110
3902 42 63
3903 5 73
3904 60 133
3905 30 67
3906 31 83
3907 72 128
3908 55 73
3909 65 103
3910 120 140
3911 50 62
3912 87 135
3913 71 73
3914 74 136
3915 3 140
3916 4 6
3917 43 101
3918 26 55
3919 99 128
3920 63 110
3921 46 50
3922 11 124
3923 12 70
3924 124 136
3925 72 126
3926 36 76
3927 37 90
3928 2 44
3929 5 33
3930 61 68
3931 9 38
3932 119 135
3933 30 59
3934 88 94
3935 51 82
3936 34 38
3937 19 125
3938 37 43
3939 76 122
3940 130 136
3941 6 64
3942 85 132
3943 105 139
3944 31 88
3945 72 135
3946 18 63
3947 55 70
3948 38 58
3949 3 100
3950 40 80
3951 97 129
3952 64 118
3953 28 100
3954 84 121
3955 85 117
3956 50 57
3957 33 87
3958 90 96
3959 58 73
3960 80 86
3961 26 62
3962 44 100
3963 99 137
3964 46 53
3965 69 124
3966 124 135
3967 73 121
3968 19 21
3969 37 67
3970 93 102
3971 94 140
3972 97 99
3973 5 42
3974 9 47
3975 30 34
3976 130 131
3977 25 111
3978 82 136
3979 31 65
3980 18 54
3981 38 61
3982 39 129
3983 40 87
3984 64 77
3985 11 29
3986 85 126
3987 122 130
3988 51 130
3989 1 7
3990 58 80
3991 21 76
3992 22 74
3993 5 130
3994 43 83
3995 76 138
3996 46 60
3997 50 131
3998 69 101
3999 19 26
4000 94 119
4001 131 139
4002 97 100
4003 61 86
4004 27 42
4005 30 37
4006 103 138
4007 34 56
4008 52 82
4009 77 118
4010 24 126
4011 10 49
4012 74 82
4013 55 84
4014 38 52
4015 40 94
4016 43 59
4017 8 103
4018 65 74
4019 28 122
4020 51 139
4021 89 124
4022 53 110
4023 109 129
4024 110 113
4025 57 107
4026 21 85
4027 43 72
4028 101 135
4029 46 71
4030 121 134
4031 68 80
4032 51 56
4033 36 121
4034 128 133
4035 41 114
4036 5 28
4037 78 137
4038 98 101
4039 27 35
4040 30 44
4041 86 89
4042 103 131
4043 55 60
4044 76 103
4045 41 131
4046 24 69
4047 82 122
4048 49 67
4049 50 83
4050 31 55
4051 35 48
4052 74 93
4053 75 89
4054 38 47
4055 3 91
4056 43 48
4057 134 137
4058 65 67
4059 48 133
4060 32 116
4061 33 122
4062 73 131
4063 54 111
4064 2 129
4065 43 65
4066 83 86
4067 69 87
4068 37 126
4069 2 48
4070 55 132
4071 41 123
4072 94 97
4073 98 124
4074 9 66
4075 27 56
4076 100 133
4077 47 53
4078 118 123
4079 34 74
4080 125 139
4081 41 132
4082 59 62
4083 82 117
4084 10 35
4085 66 132
4086 50 74
4087 31 60
4088 106 127
4089 35 57
4090 40 76
4091 3 64
4092 28 72
4093 29 118
4094 33 115
4095 14 15
4096 53 112
4097 73 132
4098 58 109
4099 39 61
4100 115 116
4101 44 72
4102 47 77
4103 68 70
4104 69 80
4105 17 106
4106 126 131
4107 2 11
4108 41 124
4109 42 114
4110 62 113
4111 9 75
4112 27 49
4113 47 50
4114 125 132
4115 54 128
4116 132 135
4117 45 120
4118 10 42
4119 102 107
4120 49 125
4121 13 79
4122 31 37
4123 35 62
4124 18 26
4125 74 79
4126 75 87
4127 38 89
4128 40 51
4129 43 46
4130 8 28
4131 45 137
4132 28 71
4133 65 93
4134 32 130
4135 33 116
4136 14 22
4137 39 58
4138 115 125
4139 78 115
4140 79 99
4141 44 71
4142 46 88
4143 68 77
4144 69 89
4145 52 135
4146 126 138
4147 56 66
4148 77 137
4149 5 119
4150 61 122
4151 64 130
4152 100 139
4153 119 121
4154 66 103
4155 47 59
4156 86 98
4157 52 54
4158 3 33
4159 59 76
4160 6 30
4161 28 47
4162 46 129
4163 49 118
4164 50 124
4165 31 34
4166 35 39
4167 18 21
4168 74 118
4169 75 76
4170 38 80
4171 3 78
4172 4 64
4173 40 58
4174 65 86
4175 28 94
4176 14 25
4177 70 138
4178 53 66
4179 54 112
4180 39 51
4181 44 62
4182 48 57
4183 123 130
4184 56 73
4185 2 29
4186 41 110
4187 77 130
4188 61 115
4189 66 126
4190 102 138
4191 86 101
4192 89 135
4193 34 87
4194 52 61
4195 3 38
4196 60 77
4197 28 38
4198 32 33
4199 31 43
4200 35 44
4201 113 138
4202 116 129
4203 8 10
4204 7 50
4205 28 85
4206 29 65
4207 34 140
4208 26 111
4209 44 53
4210 11 132
4211 47 88
4212 88 103
4213 69 75
4214 36 132
4215 56 80
4216 9 126
4217 67 125
4218 31 131
4219 86 124
4220 35 68
4221 91 99
4222 56 63
4223 3 47
4224 6 8
4225 82 89
4226 28 61
4227 32 56
4228 50 110
4229 70 117
4230 71 121
4231 74 120
4232 38 66
4233 116 136
4234 8 49
4235 9 133
4236 48 88
4237 34 135
4238 70 132
4239 36 60
4240 1 118
4241 2 124
4242 54 66
4243 22 123
4244 48 55
4245 33 136
4246 36 131
4247 56 87
4248 61 133
4249 62 109
4250 27 29
4251 67 98
4252 31 136
4253 86 119
4254 35 77
4255 127 132
4256 60 67
4257 28 52
4258 32 63
4259 50 105
4260 88 140
4261 71 118
4262 18 126
4263 74 99
4264 93 133
4265 40 47
4266 8 56
4267 11 37
4268 29 83
4269 67 128
4270 72 85
4271 36 59
4272 1 79
4273 2 119
4274 54 69
4275 41 48
4276 59 138
4277 78 79
4278 8 135
4279 9 31
4280 26 113
4281 46 116
4282 47 110
4283 12 60
4284 88 117
4285 33 129
4286 15 17
4287 36 138
4288 41 65
4289 30 125
4290 87 116
4291 34 96
4292 92 97
4293 40 135
4294 3 29
4295 111 114
4296 25 40
4297 45 85
4298 28 51
