1 50 96
2 95 101
3 7 25
4 63 76
5 100 112
6 29 44
7 104 115
8 33 41
9 73 82
10 92 135
11 2 78
12 129 139
13 22 117
14 78 86
15 26 120
16 27 122
17 46 127
18 13 131
19 56 101
20 76 88
21 42 88
22 45 61
23 49 58
24 13 20
25 31 126
26 35 123
27 127 138
28 92 120
29 55 100
30 111 123
31 59 97
32 60 81
33 116 118
34 8 87
35 84 95
36 85 87
37 13 101
38 70 94
39 53 62
40 18 112
41 71 100
42 57 59
43 75 97
44 39 127
45 4 35
46 80 116
47 95 98
48 44 138
49 7 22
50 99 103
51 48 77
52 11 83
53 29 37
54 100 127
55 118 129
56 73 91
57 36 41
58 1 89
59 129 140
60 78 89
61 61 63
62 79 85
63 103 115
64 15 103
65 20 82
66 76 87
67 77 95
68 42 67
69 6 101
70 10 104
71 49 51
72 67 89
73 35 96
74 37 135
75 3 11
76 96 114
77 24 132
78 116 125
79 8 94
80 45 71
81 84 102
82 33 74
83 14 84
84 18 107
85 1 33
86 57 60
87 75 102
88 39 116
89 4 42
90 80 107
91 95 107
92 44 129
93 99 108
94 100 102
95 48 68
96 105 117
97 16 29
98 72 74
99 36 80
100 1 82
101 2 64
102 129 133
103 41 43
104 5 53
105 79 82
106 117 139
107 9 50
108 10 128
109 27 72
110 103 104
111 15 108
112 108 117
113 77 88
114 24 28
115 5 70
116 136 139
117 45 47
118 10 19
119 49 52
120 67 94
121 3 112
122 59 127
123 24 139
124 8 69
125 64 98
126 120 127
127 84 109
128 85 89
129 33 67
130 70 72
131 18 98
132 57 69
133 39 109
134 4 17
135 80 98
136 44 120
137 100 109
138 12 81
139 33 60
140 16 20
141 2 91
142 41 44
143 5 62
144 79 91
145 26 85
146 27 65
147 10 139
148 106 135
149 51 71
150 15 117
151 109 122
152 113 127
153 77 81
154 24 99
155 5 79
156 42 53
157 10 26
158 67 71
159 30 89
160 35 110
161 91 93
162 108 131
163 59 116
164 8 76
165 120 134
166 84 116
167 85 98
168 32 82
169 89 103
170 71 83
171 18 93
172 1 51
173 58 68
174 3 134
175 4 24
176 80 89
177 28 134
178 11 70
179 104 111
180 54 56
181 37 80
182 2 82
183 61 74
184 26 92
185 27 70
186 119 137
187 51 76
188 34 44
189 15 114
190 35 134
191 52 70
192 109 115
193 20 111
194 24 106
195 5 72
196 42 60
197 80 135
198 67 76
199 55 72
200 4 112
201 60 117
202 84 115
203 85 107
204 50 63
205 89 104
206 90 102
207 71 72
208 18 84
209 57 87
210 58 79
211 4 7
212 99 131
213 46 51
214 11 127
215 12 71
216 68 100
217 124 137
218 37 89
219 93 108
220 58 62
221 94 138
222 97 105
223 61 67
224 119 134
225 88 95
226 34 39
227 15 123
228 52 77
229 37 42
230 20 118
231 76 123
232 130 137
233 24 113
234 25 101
235 6 65
236 133 140
237 10 12
238 49 95
239 55 65
240 3 103
241 8 122
242 85 116
243 50 54
244 33 86
245 89 113
246 90 97
247 1 13
248 57 88
249 4 14
250 80 87
251 25 135
252 7 115
253 46 58
254 11 116
255 124 128
256 128 136
257 19 20
258 93 101
259 131 133
260 22 35
261 97 98
262 7 128
263 30 35
264 51 90
265 20 125
266 76 114
267 25 110
268 40 88
269 4 102
270 25 31
271 8 97
272 122 131
273 85 125
274 90 104
275 53 100
276 109 135
277 1 6
278 2 140
279 57 97
280 76 139
281 110 111
282 44 92
283 46 61
284 11 109
285 69 100
286 73 97
287 37 75
288 2 63
289 94 116
290 131 138
291 5 18
292 98 107
293 27 45
294 30 42
295 17 23
296 76 105
297 77 117
298 23 25
299 81 114
300 10 62
301 49 73
302 50 89
303 13 35
304 55 87
305 40 95
306 3 85
307 4 109
308 8 104
309 64 69
310 65 73
311 11 21
312 122 138
313 32 126
314 33 96
315 90 115
316 53 109
317 21 84
318 7 97
319 101 134
320 46 68
321 11 98
322 121 133
323 51 59
324 37 116
325 2 54
326 41 113
327 4 131
328 5 27
329 22 61
330 62 68
331 9 88
332 10 86
333 27 34
334 86 94
335 34 48
336 15 86
337 55 63
338 76 96
339 25 120
340 81 107
341 82 123
342 101 120
343 49 66
344 106 117
345 35 51
346 74 90
347 40 70
348 4 84
349 43 51
350 8 111
351 65 66
352 28 114
353 1 16
354 57 115
355 21 93
356 22 69
357 78 102
358 98 138
359 7 94
360 27 138
361 83 89
362 47 71
363 37 125
364 2 49
365 93 112
366 41 122
367 4 138
368 22 52
369 94 102
370 97 117
371 9 65
372 10 81
373 27 59
374 47 52
375 100 134
376 118 120
377 87 93
378 34 75
379 15 95
380 125 138
381 41 139
382 24 77
383 81 108
384 82 114
385 102 113
386 50 75
387 13 85
388 35 56
389 75 81
390 38 39
391 4 83
392 8 22
393 57 116
394 21 102
395 78 105
396 79 101
397 83 94
398 47 76
399 12 98
400 68 71
401 19 48
402 2 8
403 94 105
404 24 37
405 5 13
406 61 96
407 98 116
408 27 48
409 10 88
410 47 61
411 30 31
412 86 104
413 87 90
414 122 126
415 35 80
416 125 131
417 24 84
418 81 101
419 82 109
420 101 106
421 102 104
422 50 66
423 13 78
424 14 100
425 31 36
426 17 139
427 74 76
428 4 90
429 29 78
430 14 23
431 1 98
432 21 111
433 22 87
434 78 112
435 79 98
436 83 103
437 11 137
438 12 25
439 47 85
440 123 140
441 15 60
442 126 139
443 56 67
444 2 3
445 41 100
446 77 136
447 6 140
448 119 120
449 47 58
450 123 125
451 86 99
452 52 55
453 35 89
454 18 131
455 132 136
456 20 24
457 59 79
458 24 91
459 25 83
460 6 31
461 81 94
462 82 100
463 28 40
464 49 117
465 32 43
466 13 71
467 14 111
468 31 45
469 17 140
470 35 38
471 106 110
472 107 116
473 7 52
474 28 95
475 29 71
476 89 95
477 1 123
478 2 107
479 21 104
480 22 110
481 79 107
482 26 101
483 7 69
484 83 108
485 48 58
486 47 82
487 12 16
488 88 97
489 123 133
490 56 74
491 19 62
492 2 26
493 5 127
494 6 135
495 87 104
496 52 62
497 35 94
498 91 109
499 56 57
500 59 68
501 25 84
502 6 22
503 81 87
504 82 95
505 28 39
506 32 34
507 13 64
508 14 118
509 31 42
510 17 133
511 50 116
512 107 109
513 39 90
514 60 61
515 8 11
516 7 45
517 9 131
518 90 94
519 53 74
520 54 72
521 2 98
522 21 113
523 22 97
524 39 43
525 79 112
526 26 108
527 83 117
528 48 49
529 11 135
530 12 15
531 88 104
532 69 74
533 19 71
534 2 21
535 6 126
536 9 125
537 10 117
538 87 97
539 91 98
540 92 108
541 60 69
542 25 93
543 6 9
544 82 86
545 13 121
546 38 67
547 40 41
548 8 50
549 7 42
550 99 115
551 48 89
552 29 89
553 34 132
554 54 67
555 21 122
556 22 120
557 95 135
558 9 21
559 88 111
560 56 88
561 41 95
562 5 97
563 6 113
564 9 102
565 27 28
566 67 101
567 86 116
568 35 76
569 91 123
570 92 107
571 127 135
572 40 129
573 3 23
574 59 82
575 96 110
576 111 116
577 32 48
578 13 114
579 50 102
580 70 109
581 71 113
582 18 127
583 95 127
584 8 57
585 63 70
586 29 82
587 1 78
588 41 55
589 27 100
590 46 117
591 52 100
592 15 16
593 17 78
594 6 104
595 9 111
596 10 103
597 66 72
598 12 140
599 13 26
600 35 117
601 91 112
602 92 98
603 127 140
604 40 136
605 3 28
606 96 101
607 8 81
608 50 97
609 70 100
610 21 27
611 95 100
612 8 32
613 7 24
614 44 140
615 100 113
616 11 93
617 29 43
618 104 116
619 33 40
620 73 81
621 2 79
622 129 138
623 41 56
624 78 87
625 26 121
626 104 131
627 103 117
628 13 130
629 15 25
630 17 71
631 56 102
632 20 84
633 76 89
634 41 73
635 42 89
636 45 60
637 10 110
638 66 67
639 49 57
640 12 139
641 13 19
642 31 121
643 34 120
644 35 122
645 67 83
646 3 5
647 59 96
648 60 82
649 8 88
650 45 77
651 84 88
652 85 86
653 13 100
654 14 82
655 53 61
656 18 113
657 57 58
658 21 36
659 39 126
660 80 117
661 95 109
662 8 39
663 7 17
664 99 102
665 100 120
666 11 82
667 12 92
668 29 36
669 104 123
670 105 115
671 118 134
672 73 90
673 36 42
674 1 88
675 2 70
676 129 131
677 78 94
678 61 62
679 79 84
680 103 114
681 15 102
682 56 109
683 20 83
684 6 90
685 45 53
686 49 50
687 67 88
688 92 112
689 37 134
690 40 118
691 3 10
692 96 115
693 111 131
694 8 95
695 45 70
696 120 121
697 84 103
698 85 95
699 14 85
700 90 138
701 18 104
702 57 67
703 21 45
704 4 43
705 80 108
706 95 106
707 99 111
708 7 14
709 100 103
710 48 69
711 11 75
712 12 91
713 105 116
714 33 58
715 16 30
716 72 75
717 1 81
718 2 65
719 129 132
720 41 42
721 5 52
722 79 93
723 81 131
724 9 49
725 27 75
726 103 107
727 51 65
728 56 116
729 112 113
730 76 79
731 24 29
732 5 69
733 42 75
734 136 140
735 10 16
736 83 135
737 35 104
738 55 117
739 40 125
740 24 140
741 120 128
742 84 110
743 85 88
744 70 73
745 71 85
746 18 99
747 1 57
748 57 68
749 38 102
750 39 108
751 4 18
752 80 99
753 26 35
754 100 110
755 28 136
756 29 54
757 12 82
758 104 105
759 33 51
760 16 21
761 36 88
762 2 88
763 5 61
764 79 90
765 26 82
766 9 58
767 27 64
768 51 70
769 15 116
770 108 109
771 109 121
772 37 39
773 20 97
774 24 100
775 42 50
776 67 70
777 13 62
778 91 92
779 37 136
780 40 100
781 55 114
782 120 135
783 121 127
784 84 117
785 85 97
786 89 102
787 71 82
788 1 50
789 57 77
790 58 69
791 3 137
792 4 25
793 39 101
794 43 110
795 26 42
796 80 90
797 73 77
798 54 57
799 37 95
800 61 73
801 26 93
802 9 35
803 27 89
804 119 136
805 88 89
806 34 45
807 15 125
808 52 71
809 109 114
810 20 104
811 76 125
812 24 107
813 25 99
814 6 79
815 13 55
816 92 93
817 55 75
818 4 113
819 8 116
820 85 106
821 50 60
822 89 111
823 90 103
824 71 75
825 18 85
826 1 11
827 58 76
828 80 81
829 7 117
830 46 48
831 105 111
832 124 138
833 37 88
834 93 107
835 58 63
836 22 41
837 5 47
838 61 66
839 97 104
840 119 129
841 34 36
842 15 122
843 19 127
844 20 119
845 37 41
846 76 116
847 24 114
848 25 100
849 130 134
850 133 139
851 10 13
852 31 90
853 14 134
854 55 64
855 40 82
856 3 102
857 39 138
858 97 135
859 8 123
860 64 72
861 85 115
862 50 55
863 89 112
864 90 110
865 18 76
866 1 12
867 57 95
868 58 87
869 4 15
870 25 134
871 7 114
872 46 59
873 124 129
874 128 137
875 19 23
876 93 100
877 94 114
878 131 132
879 22 32
880 61 91
881 30 32
882 16 137
883 17 29
884 24 121
885 25 109
886 82 134
887 10 52
888 101 117
889 50 95
890 13 41
891 14 137
892 31 67
893 55 89
894 38 51
895 3 111
896 4 103
897 40 89
898 8 98
899 28 125
900 29 105
901 122 128
902 90 105
903 53 99
904 18 71
905 1 5
906 57 96
907 76 132
908 46 66
909 11 108
910 12 118
911 121 131
912 51 53
913 72 110
914 73 96
915 36 124
916 37 74
917 93 125
918 94 117
919 4 133
920 5 17
921 22 59
922 61 84
923 27 44
924 62 66
925 98 104
926 30 43
927 16 128
928 17 22
929 76 106
930 77 116
931 23 24
932 6 48
933 25 118
934 81 113
935 135 137
936 49 72
937 38 42
938 3 84
939 4 110
940 23 137
941 64 70
942 65 72
943 28 116
944 11 20
945 122 139
946 32 127
947 33 103
948 90 112
949 58 89
950 76 131
951 22 67
952 43 74
953 46 69
954 11 101
955 12 109
956 121 132
957 51 58
958 128 135
959 41 112
960 97 115
961 5 26
962 98 99
963 62 69
964 27 37
965 10 87
966 86 95
967 34 49
968 15 81
969 55 62
970 76 97
971 41 129
972 24 71
973 25 127
974 77 109
975 81 106
976 82 120
977 101 103
978 102 127
979 49 65
980 50 81
981 13 91
982 31 49
983 106 114
984 18 38
985 38 45
986 3 93
987 4 85
988 8 16
989 11 13
990 32 118
991 1 23
992 57 114
993 78 103
994 43 67
995 7 89
996 83 88
997 46 76
998 47 70
999 12 100
1000 30 138
1001 68 89
1002 17 119
1003 2 14
1004 94 103
1005 4 139
1006 22 53
1007 97 116
1008 62 76
1009 27 58
1010 10 94
1011 100 135
1012 47 55
1013 118 121
1014 87 92
1015 125 137
1016 15 94
1017 21 131
1018 41 138
1019 6 34
1020 81 99
1021 82 115
1022 102 118
1023 50 72
1024 13 84
1025 14 98
1026 18 33
1027 4 92
1028 28 74
1029 33 113
1030 54 100
1031 1 104
1032 21 101
1033 78 110
1034 79 100
1035 83 97
1036 47 79
1037 12 99
1038 126 129
1039 37 101
1040 2 9
1041 94 110
1042 24 38
1043 5 12
1044 98 117
1045 27 51
1046 10 89
1047 47 60
1048 122 127
1049 86 105
1050 34 67
1051 35 83
1052 18 137
1053 125 130
1054 21 140
1055 59 73
1056 6 37
1057 81 100
1058 82 106
1059 10 40
1060 101 105
1061 102 105
1062 50 67
1063 13 77
1064 14 101
1065 31 39
1066 18 24
1067 74 77
1068 4 91
1069 7 62
1070 29 77
1071 32 132
1072 14 20
1073 53 71
1074 1 97
1075 21 110
1076 78 113
1077 79 109
1078 44 65
1079 83 102
1080 12 26
1081 69 71
1082 15 63
1083 126 136
1084 56 68
1085 19 56
1086 24 45
1087 5 117
1088 61 120
1089 9 114
1090 119 123
1091 67 113
1092 123 124
1093 86 96
1094 35 88
1095 18 128
1096 20 25
1097 24 92
1098 25 82
1099 6 28
1100 79 131
1101 81 93
1102 28 41
1103 82 101
1104 49 116
1105 32 44
1106 31 44
1107 14 108
1108 106 111
1109 35 41
1110 18 19
1111 74 116
1112 40 60
1113 39 92
1114 116 132
1115 7 55
1116 89 94
1117 53 64
1118 2 104
1119 39 45
1120 22 111
1121 79 106
1122 26 98
1123 83 111
1124 48 59
1125 12 17
1126 88 98
1127 123 132
1128 56 75
1129 19 65
1130 77 128
1131 42 98
1132 6 132
1133 61 113
1134 9 123
1135 62 97
1136 31 132
1137 87 107
1138 52 63
1139 89 133
1140 91 108
1141 56 58
1142 3 40
1143 59 71
1144 60 79
1145 25 91
1146 6 23
1147 81 86
1148 82 92
1149 28 32
1150 114 135
1151 49 109
1152 32 35
1153 13 127
1154 50 117
1155 107 108
1156 38 73
1157 60 62
1158 116 131
1159 11 41
1160 34 138
1161 90 95
1162 53 73
1163 54 73
1164 1 115
1165 2 99
1166 21 112
1167 22 102
1168 39 42
1169 26 109
1170 9 19
1171 83 116
1172 48 50
1173 47 90
1174 88 105
1175 69 73
1176 36 134
1177 19 70
1178 2 18
1179 56 82
1180 6 127
1181 62 104
1182 10 114
1183 102 131
1184 30 113
1185 86 114
1186 87 96
1187 91 101
1188 92 109
1189 3 17
1190 96 104
1191 60 70
1192 25 92
1193 6 14
1194 82 87
1195 28 63
1196 49 102
1197 50 108
1198 13 120
1199 88 135
1200 40 42
1201 39 82
1202 95 113
1203 113 129
1204 8 51
1205 7 37
1206 9 139
1207 99 114
1208 29 88
1209 16 51
1210 53 82
1211 54 64
1212 1 116
1213 22 121
1214 95 134
1215 8 130
1216 9 20
1217 26 116
1218 83 125
1219 88 112
1220 51 100
1221 56 89
1222 20 71
1223 5 96
1224 6 118
1225 9 101
1226 10 125
1227 27 31
1228 67 100
1229 139 140
1230 31 138
1231 86 117
1232 35 79
1233 92 100
1234 3 22
1235 96 111
1236 32 49
1237 13 113
1238 70 98
1239 93 131
1240 22 129
1241 95 126
1242 8 58
1243 9 140
1244 63 65
1245 29 81
1246 16 42
1247 36 37
1248 92 138
1249 2 117
1250 22 112
1251 51 109
1252 15 19
1253 17 77
1254 56 96
1255 9 110
1256 10 100
1257 66 73
1258 67 109
1259 13 25
1260 34 126
1261 35 116
1262 91 115
1263 92 99
1264 96 102
1265 8 82
1266 13 106
1267 18 119
1268 21 26
1269 4 38
1270 95 103
1271 7 27
1272 100 114
1273 48 72
1274 11 92
1275 29 42
1276 104 117
1277 118 140
1278 16 33
1279 36 44
1280 2 76
1281 129 137
1282 78 84
1283 117 135
1284 47 113
1285 103 116
1286 15 24
1287 20 85
1288 42 70
1289 5 82
1290 45 59
1291 10 111
1292 49 56
1293 12 132
1294 13 18
1295 67 82
1296 34 121
1297 35 125
1298 86 135
1299 55 102
1300 3 4
1301 59 99
1302 96 125
1303 23 89
1304 8 89
1305 84 89
1306 138 139
1307 32 79
1308 13 99
1309 14 83
1310 90 128
1311 53 60
1312 18 110
1313 39 121
1314 4 45
1315 95 108
1316 8 40
1317 7 16
1318 99 105
1319 100 121
1320 29 35
1321 12 93
1322 105 114
1323 118 135
1324 16 24
1325 73 89
1326 36 43
1327 1 95
1328 2 71
1329 129 130
1330 78 95
1331 79 87
1332 9 15
1333 10 135
1334 103 109
1335 20 92
1336 76 81
1337 6 91
1338 45 52
1339 10 22
1340 67 91
1341 12 131
1342 35 98
1343 92 113
1344 37 133
1345 3 13
1346 96 116
1347 8 64
1348 64 109
1349 45 69
1350 120 122
1351 84 96
1352 85 94
1353 32 70
1354 57 66
1355 39 118
1356 4 20
1357 80 109
1358 8 47
1359 7 9
1360 99 110
1361 48 70
1362 29 60
1363 12 84
1364 16 31
1365 72 76
1366 36 82
1367 1 80
1368 2 94
1369 5 51
1370 79 92
1371 9 48
1372 27 74
1373 103 106
1374 51 64
1375 37 61
1376 20 91
1377 112 114
1378 5 68
1379 6 82
1380 10 17
1381 35 107
1382 108 134
1383 55 116
1384 40 126
1385 3 114
1386 59 113
1387 60 97
1388 8 71
1389 120 129
1390 84 111
1391 85 103
1392 18 96
1393 57 75
1394 3 131
1395 4 19
1396 39 111
1397 80 100
1398 100 111
1399 11 67
1400 12 83
1401 104 106
1402 16 22
1403 73 75
1404 36 89
1405 2 89
1406 5 60
1407 26 83
1408 27 67
1409 10 137
1410 51 73
1411 108 110
1412 37 38
1413 20 98
1414 113 125
1415 24 101
1416 5 77
1417 6 85
1418 42 51
1419 10 24
1420 67 73
1421 13 61
1422 91 95
1423 55 77
1424 3 123
1425 8 78
1426 120 136
1427 121 126
1428 85 96
1429 33 90
1430 89 101
1431 71 77
1432 18 91
1433 57 76
1434 58 66
1435 39 100
1436 4 26
1437 80 91
1438 11 120
1439 124 140
1440 73 76
1441 54 62
1442 2 80
1443 61 72
1444 26 90
1445 119 139
1446 88 90
1447 52 64
1448 17 34
1449 35 136
1450 109 113
1451 20 105
1452 130 140
1453 24 108
1454 6 76
1455 30 70
1456 13 54
1457 105 135
1458 92 94
1459 55 74
1460 3 96
1461 4 114
1462 8 117
1463 26 131
1464 85 105
1465 50 61
1466 89 110
1467 90 100
1468 71 74
1469 18 82
1470 1 10
1471 58 77
1472 80 82
1473 43 102
1474 26 50
1475 46 49
1476 11 113
1477 105 110
1478 73 117
1479 36 79
1480 93 106
1481 58 60
1482 97 111
1483 5 46
1484 61 65
1485 119 128
1486 34 37
1487 15 69
1488 37 40
1489 20 112
1490 76 117
1491 130 135
1492 25 107
1493 6 71
1494 133 138
1495 13 47
1496 14 135
1497 55 67
1498 38 57
1499 39 133
1500 4 121
1501 97 134
1502 64 73
1503 11 25
1504 29 111
1505 50 52
1506 85 114
1507 122 134
1508 90 111
1509 1 3
1510 4 8
1511 25 133
1512 7 109
1513 46 56
1514 11 118
1515 12 120
1516 68 109
1517 124 130
1518 19 22
1519 37 64
1520 93 99
1521 94 115
1522 131 135
1523 5 23
1524 98 110
1525 30 33
1526 76 108
1527 24 122
1528 25 108
1529 6 62
1530 42 44
1531 81 127
1532 82 135
1533 101 116
1534 50 92
1535 18 53
1536 55 88
1537 38 48
1538 3 110
1539 4 96
1540 40 90
1541 25 29
1542 8 99
1543 28 126
1544 122 129
1545 85 123
1546 32 121
1547 89 120
1548 90 118
1549 1 4
1550 58 95
1551 76 133
1552 7 106
1553 46 67
1554 11 111
1555 12 119
1556 121 130
1557 51 52
1558 16 114
1559 128 129
1560 131 140
1561 5 16
1562 98 105
1563 62 67
1564 9 85
1565 27 47
1566 30 40
1567 103 135
1568 17 21
1569 76 107
1570 25 117
1571 81 112
1572 10 60
1573 101 125
1574 50 87
1575 31 75
1576 107 138
1577 55 81
1578 38 43
1579 4 111
1580 8 106
1581 64 71
1582 11 23
1583 29 97
1584 32 112
1585 122 136
1586 90 113
1587 1 29
1588 57 104
1589 110 116
1590 21 82
1591 46 74
1592 11 100
1593 12 110
1594 121 139
1595 51 61
1596 73 104
1597 36 100
1598 93 117
1599 94 125
1600 97 114
1601 5 25
1602 61 108
1603 62 74
1604 27 36
1605 10 84
1606 86 92
1607 15 80
1608 55 57
1609 76 98
1610 6 40
1611 81 105
1612 10 39
1613 101 102
1614 49 64
1615 31 48
1616 106 115
1617 3 92
1618 4 86
1619 8 17
1620 134 140
1621 28 76
1622 11 12
1623 54 98
1624 1 22
1625 57 113
1626 110 127
1627 22 91
1628 78 100
1629 7 88
1630 27 140
1631 46 77
1632 47 65
1633 12 101
1634 83 91
1635 121 140
1636 19 45
1637 2 15
1638 94 100
1639 98 123
1640 61 101
1641 62 77
1642 9 71
1643 10 95
1644 27 61
1645 47 54
1646 118 126
1647 86 87
1648 87 95
1649 125 136
1650 15 89
1651 112 131
1652 21 130
1653 77 101
1654 24 79
1655 6 35
1656 81 98
1657 82 112
1658 101 111
1659 50 73
1660 13 83
1661 14 99
1662 18 30
1663 40 79
1664 4 93
1665 8 24
1666 134 135
1667 65 89
1668 29 115
1669 14 18
1670 21 100
1671 22 82
1672 78 111
1673 79 103
1674 98 131
1675 83 96
1676 126 134
1677 37 100
1678 94 111
1679 24 39
1680 5 11
1681 6 139
1682 62 116
1683 27 50
1684 98 114
1685 119 125
1686 47 63
1687 122 124
1688 86 110
1689 125 129
1690 35 82
1691 18 134
1692 21 139
1693 59 72
1694 24 86
1695 6 26
1696 81 91
1697 45 117
1698 82 107
1699 101 104
1700 102 110
1701 50 64
1702 13 76
1703 14 106
1704 31 38
1705 17 137
1706 18 25
1707 107 113
1708 20 130
1709 8 31
1710 7 57
1711 11 58
1712 32 133
1713 14 21
1714 53 70
1715 1 96
1716 2 110
1717 21 109
1718 22 85
1719 114 116
1720 79 108
1721 83 105
1722 46 95
1723 11 139
1724 68 72
1725 69 70
1726 126 137
1727 56 69
1728 19 59
1729 37 109
1730 5 116
1731 61 119
1732 9 113
1733 10 65
1734 119 122
1735 123 127
1736 86 97
1737 87 109
1738 18 129
1739 20 26
1740 59 65
1741 132 137
1742 25 81
1743 81 92
1744 82 98
1745 28 42
1746 32 45
1747 106 108
1748 14 109
1749 17 130
1750 35 40
1751 91 135
1752 20 137
1753 28 89
1754 11 51
1755 89 93
1756 21 118
1757 22 108
1758 39 44
1759 79 117
1760 26 99
1761 7 71
1762 83 110
1763 48 60
1764 11 128
1765 12 18
1766 88 99
1767 123 135
1768 56 76
1769 19 64
1770 2 24
1771 6 133
1772 62 102
1773 9 122
1774 31 135
1775 86 120
1776 52 56
1777 87 106
1778 89 132
1779 56 59
1780 91 111
1781 59 70
1782 60 72
1783 6 20
1784 81 85
1785 82 93
1786 28 33
1787 32 36
1788 107 111
1789 60 63
1790 8 13
1791 90 92
1792 53 72
1793 1 114
1794 2 96
1795 21 127
1796 22 103
1797 79 114
1798 26 106
1799 9 18
1800 48 51
1801 88 106
1802 69 72
1803 17 82
1804 36 135
1805 19 73
1806 2 19
1807 24 60
1808 86 115
1809 87 99
1810 35 73
1811 91 100
1812 92 110
1813 3 16
1814 96 105
1815 60 71
1816 6 15
1817 82 84
1818 50 109
1819 14 127
1820 40 43
1821 21 23
1822 95 112
1823 116 139
1824 8 52
1825 9 138
1826 99 117
1827 11 33
1828 72 81
1829 53 81
1830 54 65
1831 21 120
1832 79 123
1833 8 131
1834 47 98
1835 88 113
1836 15 21
1837 27 30
1838 10 122
1839 34 100
1840 91 125
1841 92 101
1842 127 129
1843 40 131
1844 3 25
1845 60 94
1846 25 36
1847 50 100
1848 13 112
1849 18 125
1850 75 116
1851 22 134
1852 99 122
1853 7 29
1854 63 64
1855 100 116
1856 118 138
1857 72 88
1858 36 38
1859 1 76
1860 2 114
1861 54 88
1862 41 53
1863 22 113
1864 78 82
1865 27 102
1866 13 135
1867 52 102
1868 15 18
1869 56 97
1870 76 92
1871 41 70
1872 6 110
1873 9 109
1874 10 101
1875 66 70
1876 67 108
1877 13 24
1878 87 113
1879 15 131
1880 91 114
1881 55 104
1882 40 138
1883 96 103
1884 8 83
1885 70 90
1886 75 109
1887 21 25
1888 95 102
1889 80 112
1890 7 26
1891 63 73
1892 48 73
1893 11 95
1894 29 41
1895 67 138
1896 100 115
1897 73 87
1898 36 45
1899 129 136
1900 78 85
1901 26 71
1902 27 127
1903 117 134
1904 17 69
1905 56 104
1906 76 91
1907 41 79
1908 5 81
1909 10 108
1910 49 63
1911 13 17
1912 34 118
1913 35 124
1914 55 97
1915 40 113
1916 59 98
1917 8 90
1918 84 90
1919 13 98
1920 14 80
1921 53 59
1922 18 111
1923 71 97
1924 75 98
1925 95 111
1926 8 41
1927 7 19
1928 99 104
1929 48 64
1930 11 84
1931 29 34
1932 100 122
1933 33 39
1934 16 25
1935 105 113
1936 73 88
1937 1 94
1938 78 92
1939 79 86
1940 9 14
1941 10 132
1942 84 131
1943 103 108
1944 15 96
1945 17 62
1946 37 51
1947 20 93
1948 76 82
1949 5 90
1950 6 88
1951 10 23
1952 67 90
1953 35 101
1954 92 114
1955 37 132
1956 3 12
1957 96 117
1958 24 135
1959 120 123
1960 84 97
1961 85 93
1962 14 91
1963 18 102
1964 57 65
1965 21 43
1966 4 21
1967 39 113
1968 80 110
1969 7 8
1970 48 71
1971 12 85
1972 124 127
1973 72 77
1974 1 87
1975 22 26
1976 5 50
1977 79 95
1978 9 55
1979 27 77
1980 84 138
1981 51 67
1982 108 112
1983 112 115
1984 20 100
1985 113 123
1986 24 31
1987 5 67
1988 6 83
1989 42 73
1990 35 106
1991 108 135
1992 40 127
1993 60 98
1994 8 72
1995 117 127
1996 120 130
1997 84 104
1998 85 102
1999 89 99
2000 57 74
2001 38 100
2002 80 101
2003 43 107
2004 26 33
2005 100 104
2006 63 100
2007 28 138
2008 104 107
2009 16 23
2010 72 116
2011 73 74
2012 36 90
2013 2 86
2014 5 59
2015 26 80
2016 12 35
2017 51 72
2018 108 111
2019 20 99
2020 24 102
2021 5 76
2022 80 131
2023 133 135
2024 10 25
2025 67 72
2026 13 60
2027 91 94
2028 1 135
2029 55 76
2030 3 122
2031 4 116
2032 8 79
2033 65 98
2034 120 137
2035 121 125
2036 85 111
2037 33 89
2038 89 100
2039 71 76
2040 18 88
2041 58 67
2042 3 139
2043 80 92
2044 28 129
2045 11 123
2046 46 47
2047 48 117
2048 54 63
2049 2 81
2050 61 71
2051 26 91
2052 119 138
2053 88 91
2054 52 65
2055 15 127
2056 35 139
2057 109 112
2058 20 106
2059 76 127
2060 113 117
2061 24 109
2062 25 97
2063 85 135
2064 13 53
2065 92 95
2066 55 69
2067 40 109
2068 3 99
2069 26 128
2070 85 104
2071 32 108
2072 50 58
2073 89 109
2074 90 101
2075 18 83
2076 1 9
2077 57 84
2078 58 74
2079 80 83
2080 25 131
2081 43 89
2082 46 54
2083 11 112
2084 105 109
2085 124 132
2086 72 98
2087 73 116
2088 37 70
2089 93 105
2090 58 61
2091 97 110
2092 61 64
2093 119 131
2094 52 72
2095 17 26
2096 20 113
2097 76 118
2098 130 132
2099 24 116
2100 25 106
2101 133 137
2102 10 11
2103 55 66
2104 3 104
2105 39 132
2106 25 27
2107 8 125
2108 26 139
2109 64 74
2110 11 24
2111 29 110
2112 50 53
2113 33 107
2114 85 113
2115 90 108
2116 122 135
2117 109 139
2118 1 2
2119 57 93
2120 4 9
2121 25 132
2122 7 108
2123 46 57
2124 29 31
2125 128 139
2126 19 25
2127 93 98
2128 94 112
2129 131 134
2130 97 103
2131 5 22
2132 61 89
2133 62 89
2134 9 83
2135 27 41
2136 78 131
2137 98 111
2138 30 38
2139 15 77
2140 17 19
2141 20 120
2142 76 109
2143 24 123
2144 23 29
2145 25 115
2146 42 45
2147 101 115
2148 50 93
2149 110 131
2150 38 49
2151 3 81
2152 4 97
2153 8 100
2154 64 65
2155 11 17
2156 29 103
2157 32 122
2158 89 127
2159 53 97
2160 18 69
2161 110 114
2162 57 102
2163 76 134
2164 96 135
2165 46 64
2166 11 110
2167 12 112
2168 51 55
2169 16 115
2170 73 102
2171 36 126
2172 128 130
2173 4 135
2174 98 102
2175 61 82
2176 62 64
2177 27 46
2178 30 41
2179 86 90
2180 16 130
2181 17 20
2182 76 100
2183 23 26
2184 25 116
2185 82 127
2186 135 139
2187 50 84
2188 13 32
2189 38 40
2190 3 86
2191 4 104
2192 8 107
2193 64 88
2194 134 138
2195 28 118
2196 11 22
2197 122 137
2198 32 113
2199 110 117
2200 21 81
2201 78 98
2202 44 86
2203 83 85
2204 46 75
2205 11 103
2206 12 111
2207 101 131
2208 51 60
2209 121 138
2210 37 113
2211 93 116
2212 94 98
2213 41 118
2214 22 48
2215 5 24
2216 97 113
2217 62 75
2218 27 39
2219 10 85
2220 86 93
2221 15 83
2222 55 56
2223 76 99
2224 41 135
2225 59 61
2226 25 125
2227 6 41
2228 81 104
2229 102 125
2230 49 71
2231 13 89
2232 106 112
2233 74 89
2234 3 95
2235 23 128
2236 8 18
2237 65 71
2238 28 77
2239 11 15
2240 32 136
2241 54 99
2242 1 21
2243 22 88
2244 78 101
2245 83 90
2246 47 64
2247 12 102
2248 37 122
2249 2 12
2250 94 101
2251 41 127
2252 61 100
2253 9 70
2254 10 92
2255 27 60
2256 47 49
2257 118 127
2258 87 94
2259 34 70
2260 15 88
2261 18 140
2262 125 135
2263 20 21
2264 77 100
2265 24 80
2266 6 32
2267 81 97
2268 45 123
2269 82 113
2270 66 128
2271 101 110
2272 50 70
2273 13 82
2274 14 96
2275 102 116
2276 75 82
2277 20 132
2278 4 94
2279 43 45
2280 8 25
2281 14 19
2282 1 110
2283 21 99
2284 22 83
2285 78 108
2286 79 102
2287 26 30
2288 27 132
2289 44 68
2290 83 99
2291 47 73
2292 123 136
2293 16 88
2294 15 48
2295 126 135
2296 19 53
2297 2 7
2298 94 108
2299 24 40
2300 5 10
2301 98 115
2302 9 79
2303 10 71
2304 27 53
2305 47 62
2306 119 124
2307 86 111
2308 122 125
2309 34 65
2310 35 85
2311 18 135
2312 21 138
2313 59 75
2314 25 79
2315 6 27
2316 81 90
2317 82 104
2318 28 44
2319 102 111
2320 49 113
2321 50 65
2322 13 75
2323 14 107
2324 31 33
2325 107 112
2326 18 22
2327 74 75
2328 20 131
2329 7 56
2330 28 67
2331 32 134
2332 14 26
2333 89 91
2334 53 69
2335 2 111
2336 57 130
2337 114 117
2338 22 106
2339 79 111
2340 7 73
2341 83 104
2342 12 20
2343 68 73
2344 123 129
2345 56 70
2346 19 58
2347 37 108
2348 93 95
2349 5 115
2350 6 131
2351 137 139
2352 67 115
2353 123 126
2354 86 102
2355 87 108
2356 35 90
2357 91 105
2358 59 64
2359 24 94
2360 25 80
2361 6 18
2362 43 138
2363 81 83
2364 28 43
2365 82 99
2366 132 138
2367 106 109
2368 14 114
2369 17 129
2370 35 43
2371 116 134
2372 7 49
2373 28 90
2374 11 50
2375 29 68
2376 89 92
2377 1 120
2378 2 102
2379 21 117
2380 22 109
2381 79 116
2382 26 96
2383 83 113
2384 48 61
2385 11 131
2386 12 19
2387 47 95
2388 88 100
2389 123 134
2390 17 88
2391 56 77
2392 19 67
2393 2 25
2394 6 122
2395 137 140
2396 31 134
2397 87 101
2398 52 57
2399 35 67
2400 91 110
2401 56 60
2402 59 89
2403 60 73
2404 25 89
2405 6 21
2406 79 138
2407 45 102
2408 28 34
2409 81 84
2410 82 90
2411 32 37
2412 13 125
2413 14 117
2414 50 115
2415 107 110
2416 8 14
2417 9 128
2418 16 62
2419 34 136
2420 90 93
2421 1 113
2422 22 100
2423 79 125
2424 26 107
2425 9 17
2426 48 52
2427 47 100
2428 88 107
2429 51 97
2430 17 81
2431 56 84
2432 2 16
2433 5 101
2434 6 125
2435 10 112
2436 66 117
2437 67 97
2438 86 112
2439 87 98
2440 91 103
2441 92 111
2442 3 19
2443 96 106
2444 60 64
2445 6 12
2446 82 85
2447 49 100
2448 74 100
2449 38 70
2450 21 22
2451 22 140
2452 40 44
2453 95 115
2454 8 53
2455 9 137
2456 99 116
2457 113 135
2458 16 53
2459 54 70
2460 2 120
2461 41 51
2462 22 127
2463 26 114
2464 9 26
2465 46 113
2466 47 109
2467 88 114
2468 51 102
2469 15 20
2470 56 91
2471 6 116
2472 10 123
2473 66 76
2474 67 102
2475 31 116
2476 35 113
2477 127 128
2478 92 102
2479 40 132
2480 3 24
2481 96 97
2482 60 95
2483 111 113
2484 6 7
2485 28 48
2486 84 85
2487 50 101
2488 13 111
2489 14 71
2490 18 122
2491 21 31
2492 22 135
2493 8 60
2494 7 28
2495 63 67
2496 99 125
2497 11 89
2498 29 47
2499 100 117
2500 104 112
2501 118 139
2502 72 89
2503 53 89
2504 36 39
2505 1 67
2506 22 118
2507 78 83
2508 8 139
2509 26 125
2510 13 134
2511 88 121
2512 56 98
2513 76 93
2514 6 111
2515 9 108
2516 10 98
2517 66 71
2518 13 23
2519 31 125
2520 87 112
2521 35 118
2522 91 117
2523 40 139
2524 84 92
2525 32 74
2526 13 104
2527 90 135
2528 18 117
2529 21 24
2530 95 97
2531 80 113
2532 7 21
2533 63 72
2534 48 74
2535 11 94
2536 29 40
2537 118 130
2538 33 45
2539 41 61
2540 78 90
2541 27 126
2542 47 115
2543 51 116
2544 15 26
2545 20 87
2546 76 84
2547 6 102
2548 45 57
2549 10 109
2550 49 62
2551 12 134
2552 13 16
2553 31 122
2554 15 139
2555 35 127
2556 92 116
2557 55 96
2558 111 135
2559 3 6
2560 59 101
2561 60 109
2562 8 91
2563 45 74
2564 84 91
2565 14 81
2566 53 58
2567 57 63
2568 95 110
2569 80 104
2570 99 107
2571 7 18
2572 118 133
2573 48 65
2574 11 87
2575 29 33
2576 105 112
2577 33 38
2578 16 26
2579 73 95
2580 1 93
2581 78 93
2582 79 81
2583 26 79
2584 9 13
2585 103 111
2586 52 117
2587 15 99
2588 108 122
2589 76 83
2590 24 25
2591 5 89
2592 6 89
2593 45 50
2594 10 20
2595 49 55
2596 35 100
2597 92 115
2598 40 121
2599 3 15
2600 60 100
2601 23 80
2602 8 66
2603 45 67
2604 28 29
2605 84 98
2606 85 92
2607 32 88
2608 120 124
2609 14 88
2610 71 89
2611 18 103
2612 57 64
2613 4 22
2614 80 111
2615 7 11
2616 16 17
2617 36 92
2618 2 92
2619 5 49
2620 79 94
2621 26 86
2622 27 76
2623 51 66
2624 15 104
2625 108 113
2626 109 125
2627 112 116
2628 20 101
2629 113 122
2630 24 96
2631 5 66
2632 30 90
2633 35 109
2634 3 116
2635 8 73
2636 120 131
2637 84 105
2638 85 101
2639 32 95
2640 89 98
2641 70 76
2642 18 94
2643 1 62
2644 57 73
2645 80 102
2646 100 105
2647 28 139
2648 11 69
2649 104 108
2650 118 132
2651 33 48
2652 125 127
2653 2 87
2654 5 58
2655 61 77
2656 26 81
2657 114 115
2658 119 140
2659 30 50
2660 106 131
2661 51 75
2662 15 113
2663 35 133
2664 109 118
2665 113 115
2666 24 103
2667 5 75
2668 133 134
2669 67 75
2670 3 125
2671 4 117
2672 8 112
2673 120 138
2674 121 124
2675 84 112
2676 85 110
2677 89 107
2678 70 71
2679 71 79
2680 18 89
2681 1 55
2682 57 82
2683 58 64
2684 80 93
2685 105 107
2686 69 117
2687 73 114
2688 54 60
2689 37 92
2690 93 111
2691 94 135
2692 61 70
2693 26 88
2694 27 90
2695 119 133
2696 88 92
2697 34 40
2698 52 66
2699 109 111
2700 37 45
2701 113 116
2702 76 120
2703 24 110
2704 25 96
2705 62 63
2706 49 90
2707 55 68
2708 60 113
2709 50 59
2710 89 108
2711 90 98
2712 18 80
2713 1 8
2714 58 75
2715 80 84
2716 26 48
2717 99 135
2718 46 55
2719 105 108
2720 124 133
2721 54 55
2722 37 69
2723 93 104
2724 97 109
2725 61 95
2726 119 130
2727 51 89
2728 34 35
2729 15 71
2730 17 25
2731 52 73
2732 20 114
2733 130 133
2734 24 117
2735 6 69
2736 82 138
2737 133 136
2738 13 45
2739 55 93
2740 3 107
2741 4 123
2742 39 135
2743 25 26
2744 64 75
2745 122 132
2746 85 112
2747 32 100
2748 33 106
2749 89 117
2750 90 109
2751 18 75
2752 57 92
2753 76 136
2754 21 78
2755 4 10
2756 25 139
2757 7 111
2758 46 62
2759 11 104
2760 12 122
2761 29 30
2762 36 112
2763 19 24
2764 93 97
2765 94 113
2766 128 140
2767 22 39
2768 5 21
2769 97 102
2770 98 108
2771 9 82
2772 27 40
2773 131 137
2774 30 39
2775 16 140
2776 15 76
2777 17 18
2778 20 121
2779 76 110
2780 25 114
2781 81 125
2782 10 51
2783 101 114
2784 50 90
2785 14 140
2786 18 51
2787 3 80
2788 8 101
2789 64 66
2790 11 16
2791 29 102
2792 32 123
2793 90 116
2794 53 96
2795 109 131
2796 1 26
2797 57 101
2798 76 135
2799 110 115
2800 22 79
2801 25 140
2802 7 100
2803 46 65
2804 11 97
2805 12 113
2806 51 54
2807 36 127
2808 22 62
2809 98 103
2810 9 91
2811 27 33
2812 29 136
2813 86 91
2814 15 85
2815 76 101
2816 25 123
2817 135 138
2818 101 123
2819 102 123
2820 49 77
2821 50 85
2822 13 95
2823 18 42
2824 74 95
2825 38 41
2826 3 89
2827 4 105
2828 8 108
2829 134 139
2830 65 77
2831 1 19
2832 58 100
2833 21 80
2834 22 70
2835 78 99
2836 83 84
2837 46 72
2838 11 102
2839 12 104
2840 51 63
2841 93 115
2842 94 99
2843 22 49
2844 5 7
2845 97 112
2846 62 72
2847 27 38
2848 10 82
2849 29 129
2850 34 76
2851 15 82
2852 55 59
2853 21 135
2854 41 134
2855 59 60
2856 81 111
2857 102 114
2858 49 70
2859 50 76
2860 13 88
2861 31 50
2862 106 113
2863 35 55
2864 3 94
2865 4 80
2866 8 19
2867 65 70
2868 11 14
2869 29 120
2870 53 114
2871 1 20
2872 21 89
2873 22 89
2874 78 106
2875 83 93
2876 47 67
2877 12 103
2878 19 47
2879 2 13
2880 37 121
2881 41 126
2882 24 34
2883 94 106
2884 61 99
2885 9 69
2886 10 93
2887 27 63
2888 47 48
2889 118 124
2890 87 89
2891 34 71
2892 15 91
2893 125 134
2894 20 22
2895 24 81
2896 132 133
2897 81 96
2898 82 110
2899 101 109
2900 102 117
2901 50 71
2902 13 81
2903 126 127
2904 4 95
2905 43 44
2906 8 26
2907 28 69
2908 29 113
2909 14 16
2910 1 109
2911 57 120
2912 114 123
2913 78 109
2914 79 97
2915 83 98
2916 47 72
2917 123 139
2918 16 89
2919 17 109
2920 126 132
2921 56 64
2922 19 52
2923 2 4
2924 94 109
2925 5 9
2926 98 112
2927 64 128
2928 27 52
2929 118 119
2930 119 127
2931 47 57
2932 86 108
2933 35 84
2934 21 137
2935 59 74
2936 24 88
2937 25 78
2938 6 24
2939 79 135
2940 81 89
2941 28 45
2942 82 105
2943 102 108
2944 32 40
2945 31 32
2946 14 104
2947 107 115
2948 18 23
2949 20 140
2950 3 76
2951 28 92
2952 32 135
2953 89 90
2954 53 68
2955 1 102
2956 2 108
2957 58 113
2958 78 116
2959 79 110
2960 26 102
2961 83 107
2962 12 21
2963 68 74
2964 123 128
2965 56 71
2966 19 61
2967 93 94
2968 24 48
2969 5 114
2970 6 128
2971 61 117
2972 9 119
2973 10 79
2974 137 138
2975 86 103
2976 87 111
2977 91 104
2978 59 67
2979 24 95
2980 132 139
2981 6 19
2982 81 82
2983 82 96
2984 28 36
2985 102 103
2986 13 67
2987 31 41
2988 35 42
2989 74 115
2990 20 139
2991 39 89
2992 116 135
2993 7 48
2994 11 53
2995 29 67
2996 16 56
2997 53 77
2998 1 127
2999 2 103
3000 7 65
3001 83 112
3002 46 100
3003 48 62
3004 88 101
3005 69 77
3006 19 66
3007 2 22
3008 94 95
3009 6 123
3010 62 100
3011 9 120
3012 10 118
3013 87 100
3014 52 58
3015 89 138
3016 91 97
3017 56 61
3018 60 74
3019 25 88
3020 6 10
3021 82 91
3022 28 35
3023 49 98
3024 32 38
3025 88 131
3026 22 138
3027 95 117
3028 8 15
3029 9 135
3030 11 42
3031 29 92
3032 34 137
3033 54 76
3034 1 112
3035 21 125
3036 22 101
3037 26 104
3038 9 16
3039 48 53
3040 88 108
3041 36 129
3042 19 75
3043 2 17
3044 6 114
3045 9 97
3046 10 113
3047 102 134
3048 67 96
3049 86 113
3050 35 75
3051 91 102
3052 92 104
3053 3 18
3054 96 107
3055 60 65
3056 6 13
3057 13 117
3058 14 125
3059 88 138
3060 74 101
3061 75 113
3062 40 45
3063 39 79
3064 93 135
3065 42 138
3066 95 114
3067 8 54
3068 7 38
3069 63 69
3070 113 134
3071 11 35
3072 132 140
3073 54 71
3074 1 73
3075 41 50
3076 95 131
3077 8 133
3078 9 25
3079 88 115
3080 15 23
3081 36 136
3082 41 67
3083 5 109
3084 6 117
3085 9 106
3086 10 120
3087 66 77
3088 127 131
3089 92 103
3090 55 109
3091 40 133
3092 96 98
3093 111 112
3094 28 49
3095 84 86
3096 50 98
3097 13 110
3098 53 55
3099 18 123
3100 22 132
3101 8 61
3102 7 31
3103 63 66
3104 100 118
3105 11 88
3106 29 46
3107 104 113
3108 33 43
3109 118 136
3110 53 88
3111 2 112
3112 78 80
3113 8 140
3114 26 122
3115 27 120
3116 47 117
3117 12 57
3118 13 133
3119 76 94
3120 10 99
3121 66 68
3122 13 22
3123 87 115
3124 35 121
3125 91 116
3126 40 140
3127 8 85
3128 84 93
3129 32 75
3130 13 103
3131 90 132
3132 18 114
3133 21 39
3134 4 33
3135 80 114
3136 95 96
3137 8 36
3138 7 20
3139 63 75
3140 48 75
3141 11 81
3142 29 39
3143 99 101
3144 33 44
3145 100 125
3146 118 131
3147 73 85
3148 54 81
3149 78 91
3150 9 11
3151 27 113
3152 104 135
3153 103 113
3154 15 101
3155 19 94
3156 20 80
3157 76 85
3158 45 56
3159 10 106
3160 49 61
3161 12 135
3162 13 15
3163 35 126
3164 92 117
3165 55 99
3166 3 9
3167 59 100
3168 96 112
3169 8 92
3170 45 73
3171 84 100
3172 13 96
3173 14 86
3174 53 57
3175 18 109
3176 1 35
3177 57 62
3178 75 100
3179 21 32
3180 39 122
3181 80 105
3182 95 105
3183 44 135
3184 7 13
3185 99 106
3186 48 66
3187 11 86
3188 12 88
3189 29 32
3190 33 37
3191 104 127
3192 2 66
3193 129 135
3194 5 55
3195 79 80
3196 9 12
3197 27 118
3198 103 110
3199 15 98
3200 17 60
3201 56 113
3202 108 123
3203 20 95
3204 24 26
3205 6 94
3206 136 137
3207 45 49
3208 10 21
3209 49 54
3210 35 103
3211 108 138
3212 1 139
3213 40 122
3214 3 14
3215 60 101
3216 116 122
3217 8 67
3218 120 125
3219 28 30
3220 84 99
3221 85 91
3222 32 89
3223 33 77
3224 14 89
3225 70 74
3226 18 100
3227 57 71
3228 21 41
3229 4 23
3230 80 96
3231 11 79
3232 12 87
3233 68 116
3234 16 18
3235 1 85
3236 2 93
3237 22 24
3238 5 48
3239 79 89
3240 26 87
3241 9 53
3242 81 135
3243 51 69
3244 15 107
3245 17 53
3246 108 114
3247 37 58
3248 20 102
3249 112 117
3250 77 83
3251 42 55
3252 67 69
3253 55 113
3254 8 74
3255 117 125
3256 120 132
3257 121 122
3258 84 106
3259 85 100
3260 32 80
3261 33 70
3262 89 97
3263 70 77
3264 1 61
3265 57 72
3266 58 70
3267 3 132
3268 4 30
3269 80 103
3270 100 106
3271 28 132
3272 29 50
3273 104 109
3274 125 126
3275 54 58
3276 37 82
3277 2 84
3278 5 57
3279 61 76
3280 26 94
3281 9 62
3282 27 68
3283 51 74
3284 52 68
3285 15 112
3286 35 132
3287 109 117
3288 20 109
3289 113 114
3290 24 104
3291 5 74
3292 67 74
3293 8 113
3294 26 135
3295 120 139
3296 84 113
3297 85 109
3298 87 132
3299 89 106
3300 18 86
3301 57 81
3302 58 65
3303 4 5
3304 80 94
3305 11 125
3306 105 106
3307 73 113
3308 54 61
3309 2 47
3310 93 110
3311 94 132
3312 97 107
3313 61 69
3314 26 89
3315 7 137
3316 9 39
3317 119 132
3318 88 93
3319 51 83
3320 34 41
3321 52 67
3322 109 110
3323 37 44
3324 20 116
3325 130 139
3326 24 111
3327 25 103
3328 10 14
3329 49 89
3330 14 131
3331 55 71
3332 40 111
3333 3 101
3334 4 125
3335 8 120
3336 50 56
3337 33 80
3338 89 115
3339 90 99
3340 18 81
3341 1 15
3342 58 72
3343 4 12
3344 80 85
3345 25 129
3346 99 134
3347 46 52
3348 11 114
3349 93 103
3350 58 59
3351 52 74
3352 17 24
3353 76 112
3354 24 118
3355 25 104
3356 31 70
3357 38 60
3358 3 106
3359 4 100
3360 39 134
3361 8 127
3362 64 76
3363 11 26
3364 122 133
3365 50 51
3366 89 116
3367 90 106
3368 53 102
3369 57 99
3370 4 11
3371 5 131
3372 46 63
3373 11 107
3374 12 123
3375 48 101
3376 73 99
3377 36 113
3378 2 33
3379 93 96
3380 131 136
3381 97 101
3382 5 20
3383 98 109
3384 62 95
3385 9 81
3386 27 43
3387 30 36
3388 15 79
3389 20 122
3390 76 111
3391 24 125
3392 25 113
3393 42 43
3394 135 140
3395 10 48
3396 101 113
3397 49 75
3398 50 91
3399 38 55
3400 3 83
3401 4 99
3402 23 140
3403 64 67
3404 65 75
3405 11 19
3406 29 101
3407 122 140
3408 33 98
3409 89 125
3410 90 117
3411 18 67
3412 1 25
3413 57 100
3414 110 112
3415 22 76
3416 7 103
3417 46 70
3418 11 96
3419 12 114
3420 121 135
3421 51 57
3422 15 39
3423 73 100
3424 36 120
3425 37 118
3426 94 121
3427 5 29
3428 98 100
3429 62 70
3430 27 32
3431 86 88
3432 15 84
3433 55 61
3434 76 102
3435 25 122
3436 6 52
3437 81 117
3438 82 125
3439 101 122
3440 49 76
3441 50 82
3442 13 94
3443 18 43
3444 55 82
3445 3 88
3446 4 106
3447 43 49
3448 8 109
3449 134 136
3450 65 76
3451 1 18
3452 57 109
3453 110 123
3454 78 96
3455 27 136
3456 83 87
3457 46 73
3458 47 69
3459 12 105
3460 121 136
3461 51 62
3462 73 109
3463 93 114
3464 94 96
3465 5 6
3466 62 73
3467 9 67
3468 10 83
3469 27 57
3470 100 132
3471 118 122
3472 125 140
3473 55 58
3474 21 134
3475 41 133
3476 59 63
3477 23 45
3478 6 47
3479 81 110
3480 82 116
3481 10 34
3482 102 115
3483 49 69
3484 50 77
3485 13 87
3486 107 132
3487 75 95
3488 4 81
3489 64 81
3490 65 69
3491 32 138
3492 53 113
3493 54 97
3494 1 107
3495 58 108
3496 21 88
3497 115 117
3498 78 107
3499 98 135
3500 27 129
3501 83 92
3502 101 138
3503 47 66
3504 12 96
3505 68 69
3506 126 130
3507 19 46
3508 2 10
3509 94 107
3510 41 125
3511 24 35
3512 5 15
3513 61 98
3514 27 62
3515 100 131
3516 118 125
3517 47 51
3518 86 106
3519 87 88
3520 125 133
3521 20 23
3522 24 82
3523 132 134
3524 81 103
3525 82 111
3526 101 108
3527 102 106
3528 50 68
3529 13 80
3530 14 102
3531 107 125
3532 20 134
3533 4 88
3534 8 27
3535 45 138
3536 28 70
3537 29 112
3538 32 129
3539 14 17
3540 1 108
3541 21 97
3542 78 114
3543 79 96
3544 7 82
3545 27 134
3546 83 101
3547 47 75
3548 123 138
3549 68 76
3550 126 133
3551 56 65
3552 19 55
3553 2 5
3554 5 8
3555 61 123
3556 98 113
3557 27 55
3558 10 69
3559 119 126
3560 47 56
3561 122 123
3562 86 109
3563 52 53
3564 35 87
3565 18 133
3566 59 77
3567 24 89
3568 6 25
3569 79 134
3570 81 88
3571 82 102
3572 102 109
3573 32 41
3574 13 73
3575 31 35
3576 107 114
3577 35 36
3578 18 20
3579 91 131
3580 75 77
3581 3 79
3582 45 131
3583 14 24
3584 53 67
3585 2 109
3586 21 106
3587 22 104
3588 78 117
3589 79 105
3590 26 103
3591 7 75
3592 83 106
3593 46 98
3594 48 56
3595 12 22
3596 68 75
3597 123 131
3598 126 140
3599 56 72
3600 19 60
3601 5 113
3602 6 129
3603 61 116
3604 9 118
3605 10 76
3606 86 100
3607 87 110
3608 52 60
3609 91 107
3610 3 39
3611 59 66
3612 60 76
3613 25 86
3614 6 16
3615 82 97
3616 28 37
3617 49 104
3618 31 40
3619 14 112
3620 106 107
3621 35 45
3622 113 139
3623 39 88
3624 4 78
3625 7 51
3626 16 57
3627 53 76
3628 54 74
3629 2 100
3630 39 41
3631 26 110
3632 83 115
3633 48 63
3634 47 89
3635 12 13
3636 88 102
3637 69 76
3638 56 79
3639 19 69
3640 2 23
3641 41 80
3642 6 120
3643 9 127
3644 87 103
3645 52 59
3646 91 96
3647 56 62
3648 114 131
3649 60 75
3650 25 95
3651 6 11
3652 82 88
3653 28 60
3654 32 39
3655 13 123
3656 14 123
3657 50 113
3658 70 116
3659 22 139
3660 95 116
3661 99 113
3662 7 40
3663 11 45
3664 90 91
3665 54 77
3666 22 122
3667 79 127
3668 26 105
3669 27 109
3670 48 54
3671 47 102
3672 88 109
3673 51 99
3674 19 74
3675 5 99
3676 102 135
3677 67 99
3678 35 74
3679 127 133
3680 92 105
3681 3 21
3682 96 108
3683 60 66
3684 25 32
3685 82 83
3686 50 104
3687 13 116
3688 74 98
3689 95 125
3690 8 55
3691 7 33
3692 63 68
3693 11 34
3694 29 84
3695 16 55
3696 54 68
3697 22 125
3698 8 134
3699 9 24
3700 26 112
3701 13 139
3702 51 104
3703 88 116
3704 15 22
3705 56 93
3706 5 108
3707 6 106
3708 66 74
3709 31 118
3710 87 117
3711 15 135
3712 92 96
3713 40 134
3714 3 26
3715 96 99
3716 60 89
3717 23 71
3718 111 115
3719 84 87
3720 50 99
3721 13 109
3722 70 102
3723 53 54
3724 18 120
3725 22 133
3726 95 122
3727 8 62
3728 118 137
3729 63 77
3730 11 91
3731 29 45
3732 104 114
3733 33 42
3734 2 113
3735 22 116
3736 78 81
3737 95 139
3738 26 123
3739 47 116
3740 88 123
3741 51 113
3742 17 65
3743 56 100
3744 76 95
3745 41 75
3746 6 109
3747 10 96
3748 66 69
3749 49 59
3750 12 137
3751 13 21
3752 30 103
3753 31 127
3754 15 140
3755 34 122
3756 67 81
3757 55 101
3758 87 114
3759 127 139
3760 116 117
3761 8 86
3762 84 94
3763 138 140
3764 32 76
3765 13 102
3766 70 89
3767 53 63
3768 71 101
3769 95 99
3770 80 115
3771 8 37
3772 7 23
3773 44 137
3774 48 76
3775 11 80
3776 29 38
3777 63 74
3778 99 100
3779 118 128
3780 36 40
3781 2 72
3782 78 88
3783 117 131
3784 9 10
3785 103 112
3786 20 81
3787 76 86
3788 41 76
3789 6 100
3790 45 55
3791 49 60
3792 12 128
3793 13 14
3794 31 100
3795 35 97
3796 55 98
3797 40 116
3798 3 8
3799 96 113
3800 24 131
3801 8 93
3802 45 72
3803 84 101
3804 32 67
3805 53 56
3806 18 106
3807 71 98
3808 57 61
3809 95 104
3810 80 106
3811 99 109
3812 7 12
3813 100 101
3814 48 67
3815 12 89
3816 33 36
3817 72 73
3818 1 83
3819 129 134
3820 5 54
3821 79 83
3822 27 73
3823 10 131
3824 103 105
3825 52 119
3826 15 109
3827 71 128
3828 56 114
3829 37 48
3830 20 88
3831 76 77
3832 77 89
3833 108 116
3834 5 71
3835 6 95
3836 136 138
3837 45 48
3838 10 18
3839 49 53
3840 67 95
3841 35 102
3842 37 129
3843 3 113
3844 24 138
3845 60 102
3846 116 123
3847 120 126
3848 28 31
3849 84 108
3850 85 90
3851 14 94
3852 70 75
3853 18 101
3854 1 59
3855 57 70
3856 21 40
3857 4 16
3858 39 114
3859 80 97
3860 100 108
3861 12 80
3862 68 117
3863 16 19
3864 1 84
3865 2 90
3866 41 45
3867 22 25
3868 5 63
3869 79 88
3870 26 84
3871 9 52
3872 51 68
3873 15 106
3874 17 52
3875 108 115
3876 37 57
3877 20 103
3878 113 120
3879 24 98
3880 5 64
3881 67 68
3882 35 111
3883 1 131
3884 37 138
3885 59 117
3886 8 75
3887 62 130
3888 120 133
3889 84 107
3890 85 99
3891 33 69
3892 89 96
3893 57 79
3894 58 71
3895 3 135
3896 80 88
3897 100 107
3898 11 71
3899 12 79
3900 104 110
3901 73 79
3902 54 59
3903 5 56
3904 61 75
3905 9 61
3906 51 77
3907 52 69
3908 35 135
3909 109 116
3910 19 116
3911 20 110
3912 5 73
3913 6 73
3914 67 77
3915 13 57
3916 55 73
3917 3 127
3918 60 116
3919 8 114
3920 120 140
3921 28 109
3922 84 114
3923 85 108
3924 50 62
3925 87 135
3926 89 105
3927 71 73
3928 18 87
3929 1 53
3930 3 140
3931 4 6
3932 80 95
3933 46 50
3934 124 136
3935 37 90
3936 93 109
3937 97 106
3938 61 68
3939 62 82
3940 119 135
3941 88 94
3942 51 82
3943 34 38
3944 15 120
3945 35 140
3946 52 76
3947 37 43
3948 76 122
3949 130 136
3950 24 112
3951 25 102
3952 10 15
3953 13 50
3954 14 128
3955 55 70
3956 40 80
3957 3 100
3958 39 136
3959 28 100
3960 85 117
3961 50 57
3962 89 114
3963 90 96
3964 18 78
3965 1 14
3966 57 89
3967 58 73
3968 4 13
3969 80 86
3970 46 53
3971 12 125
3972 68 98
3973 124 135
3974 72 101
3975 19 21
3976 37 67
3977 93 102
3978 97 99
3979 61 93
3980 9 47
3981 52 75
3982 15 65
3983 76 113
3984 130 131
3985 25 111
3986 14 139
3987 55 95
3988 3 109
3989 39 129
3990 8 96
3991 64 77
3992 29 107
3993 122 130
3994 89 123
3995 90 107
3996 1 7
3997 57 98
3998 76 138
3999 25 137
4000 46 60
4001 12 116
4002 73 98
4003 19 26
4004 37 76
4005 131 139
4006 97 100
4007 5 19
4008 61 86
4009 98 106
4010 9 80
4011 27 42
4012 30 37
4013 15 78
4014 20 123
4015 76 104
4016 25 112
4017 81 115
4018 82 131
4019 101 112
4020 49 74
4021 13 36
4022 74 82
4023 3 82
4024 8 103
4025 64 68
4026 65 74
4027 28 122
4028 11 18
4029 29 100
4030 32 125
4031 90 114
4032 53 110
4033 1 24
4034 110 113
4035 58 91
4036 21 85
4037 7 102
4038 101 135
4039 46 71
4040 11 99
4041 121 134
4042 51 56
4043 17 120
4044 128 133
4045 94 126
4046 97 125
4047 98 101
4048 62 71
4049 9 89
4050 27 35
4051 30 44
4052 86 89
4053 103 131
4054 52 89
4055 55 60
4056 76 103
4057 24 69
4058 6 53
4059 81 116
4060 49 67
4061 50 83
4062 13 93
4063 106 116
4064 75 89
4065 40 69
4066 3 91
4067 43 48
4068 8 110
4069 65 67
4070 28 113
4071 90 125
4072 1 17
4073 57 108
4074 78 97
4075 7 95
4076 83 86
4077 47 68
4078 16 109
4079 17 113
4080 37 126
4081 93 113
4082 94 97
4083 41 123
4084 22 55
4085 27 56
4086 10 80
4087 118 123
4088 47 53
4089 125 139
4090 21 133
4091 41 132
4092 24 76
4093 59 62
4094 81 109
4095 82 117
4096 102 112
4097 49 68
4098 50 74
4099 13 86
4100 31 60
4101 107 135
4102 35 57
4103 18 35
4104 40 76
4105 4 82
4106 8 21
4107 65 68
4108 32 139
4109 14 15
4110 1 106
4111 57 117
4112 58 109
4113 115 116
4114 78 104
4115 43 70
4116 7 84
4117 83 95
4118 47 77
4119 12 97
4120 68 70
4121 16 100
4122 126 131
4123 19 49
4124 2 11
4125 94 104
4126 5 14
4127 61 97
4128 62 113
4129 9 75
4130 10 91
4131 27 49
4132 47 50
4133 86 107
4134 87 91
4135 34 69
4136 35 81
4137 18 139
4138 54 128
4139 112 135
4140 125 132
4141 132 135
4142 6 39
4143 81 102
4144 82 108
4145 101 107
4146 102 107
4147 50 69
4148 13 79
4149 14 103
4150 31 37
4151 18 26
4152 20 135
4153 4 89
4154 8 28
4155 7 60
4156 11 57
4157 29 79
4158 14 22
4159 1 99
4160 58 116
4161 21 96
4162 78 115
4163 79 99
4164 26 29
4165 44 71
4166 83 100
4167 47 74
4168 12 24
4169 68 77
4170 17 99
4171 126 138
4172 56 66
4173 19 54
4174 9 76
4175 27 54
4176 100 139
4177 47 59
4178 86 98
4179 34 92
4180 35 86
4181 52 54
4182 59 76
4183 24 90
4184 25 76
4185 81 95
4186 82 103
4187 32 42
4188 13 72
4189 14 110
4190 31 34
4191 107 117
4192 18 21
4193 75 76
4194 3 78
4195 7 53
4196 11 62
4197 14 25
4198 53 66
4199 1 100
4200 2 106
4201 79 104
4202 26 100
4203 7 74
4204 83 109
4205 48 57
4206 47 83
4207 12 23
4208 88 96
4209 123 130
4210 16 82
4211 56 73
4212 19 63
4213 6 134
4214 61 115
4215 9 117
4216 62 99
4217 102 138
4218 67 116
4219 86 101
4220 87 105
4221 52 61
4222 35 95
4223 89 135
4224 91 106
4225 59 69
4226 60 77
4227 25 85
4228 6 17
4229 82 94
4230 28 38
4231 32 33
4232 31 43
4233 14 113
4234 50 119
4235 35 44
4236 74 113
4237 38 75
4238 39 91
4239 4 79
4240 113 138
4241 8 10
4242 7 50
4243 11 55
4244 29 65
4245 34 140
4246 53 75
4247 54 75
4248 1 125
4249 2 101
4250 39 40
4251 79 113
4252 26 111
4253 7 67
4254 83 114
4255 12 14
4256 88 103
4257 69 75
4258 16 73
4259 19 68
4260 2 20
4261 6 121
4262 10 116
4263 87 102
4264 91 99
4265 56 63
4266 60 68
4267 25 94
4268 6 8
4269 82 89
4270 13 122
4271 14 120
4272 70 117
4273 88 133
4274 113 131
4275 39 80
4276 8 49
4277 7 43
4278 9 133
4279 99 112
4280 54 66
4281 1 118
4282 21 123
4283 22 123
4284 26 118
4285 9 22
4286 83 123
4287 48 55
4288 47 97
4289 88 110
4290 51 98
4291 56 87
4292 19 77
4293 5 98
4294 6 112
4295 62 109
4296 9 103
4297 10 127
4298 27 29
4299 67 98
4300 102 132
4301 31 136
4302 127 132
4303 92 106
4304 20 52
4305 3 20
4306 59 83
4307 60 67
4308 25 39
4309 96 109
4310 111 117
4311 88 140
4312 14 67
4313 74 99
4314 113 132
4315 22 131
4316 63 71
4317 53 93
4318 54 69
4319 1 79
4320 92 136
4321 59 138
4322 22 114
4323 78 79
4324 8 135
4325 26 113
4326 46 116
4327 13 138
4328 88 117
4329 16 71
4330 15 17
4331 36 138
4332 6 107
4333 9 104
4334 10 102
4335 66 75
4336 31 113
4337 87 116
4338 35 114
4339 91 113
4340 92 97
4341 40 135
4342 96 100
4343 59 104
4344 60 90
4345 25 40
4346 8 80
4347 111 114
