1 32 54
2 13 108
3 14 74
4 71 111
5 74 106
6 75 104
7 21 28
8 4 36
9 39 70
10 80 125
11 8 63
12 7 25
13 95 101
14 99 126
15 47 134
16 67 137
17 100 112
18 33 41
19 16 47
20 72 92
21 73 82
22 54 92
23 92 135
24 104 115
25 129 139
26 41 57
27 95 138
28 78 86
29 27 122
30 104 130
31 12 59
32 88 124
33 103 122
34 15 30
35 19 91
36 20 75
37 76 88
38 45 61
39 49 58
40 13 20
41 86 129
42 91 118
43 92 120
44 127 138
45 111 123
46 96 123
47 116 118
48 84 95
49 85 87
50 32 77
51 13 101
52 14 77
53 90 130
54 53 62
55 71 100
56 57 59
57 75 97
58 4 35
59 95 98
60 99 103
61 7 22
62 100 127
63 48 77
64 104 122
65 118 129
66 33 34
67 73 91
68 36 41
69 129 140
70 78 89
71 61 63
72 26 67
73 79 85
74 81 139
75 84 128
76 104 137
77 103 115
78 117 130
79 17 57
80 108 126
81 19 96
82 20 82
83 37 54
84 76 87
85 42 67
86 77 95
87 112 121
88 45 54
89 66 93
90 49 51
91 67 89
92 35 96
93 92 119
94 37 135
95 111 128
96 3 11
97 96 114
98 60 104
99 116 125
100 84 102
101 32 68
102 33 74
103 71 93
104 1 33
105 57 60
106 75 102
107 4 42
108 80 107
109 43 113
110 95 107
111 7 15
112 99 108
113 48 68
114 11 72
115 12 90
116 100 102
117 33 59
118 16 29
119 72 74
120 73 92
121 36 80
122 1 82
123 105 117
124 129 133
125 41 43
126 79 82
127 81 140
128 117 139
129 12 41
130 103 104
131 108 117
132 71 131
133 37 63
134 38 135
135 76 78
136 77 88
137 24 28
138 80 137
139 6 92
140 136 139
141 45 47
142 10 19
143 66 84
144 49 52
145 83 132
146 108 132
147 1 137
148 111 137
149 3 112
150 24 139
151 8 69
152 64 98
153 45 64
154 120 127
155 84 109
156 85 89
157 33 67
158 71 90
159 74 135
160 57 69
161 21 55
162 4 17
163 80 98
164 43 118
165 115 132
166 100 109
167 105 126
168 68 118
169 33 60
170 16 20
171 72 113
172 36 95
173 41 44
174 22 30
175 79 91
176 81 133
177 27 65
178 10 139
179 12 32
180 106 135
181 109 122
182 37 56
183 112 119
184 113 127
185 77 81
186 42 53
187 5 79
188 6 87
189 80 128
190 10 26
191 108 131
192 91 93
193 1 130
194 117 123
195 120 134
196 84 116
197 32 82
198 33 68
199 87 137
200 89 103
201 71 83
202 58 68
203 3 134
204 4 24
205 80 89
206 26 45
207 28 134
208 33 53
209 72 120
210 73 78
211 36 70
212 54 56
213 2 82
214 94 131
215 119 137
216 34 44
217 17 44
218 52 70
219 109 115
220 19 119
221 76 124
222 42 60
223 5 72
224 6 78
225 60 134
226 80 135
227 105 129
228 31 82
229 72 129
230 55 72
231 8 115
232 28 110
233 84 115
234 85 107
235 50 63
236 33 93
237 87 134
238 89 104
239 71 72
240 90 102
241 74 137
242 4 7
243 99 131
244 7 122
245 46 51
246 11 127
247 68 100
248 124 137
249 53 131
250 36 77
251 73 119
252 93 108
253 58 62
254 94 138
255 22 40
256 5 32
257 61 67
258 97 105
259 7 139
260 119 134
261 88 95
262 106 137
263 34 39
264 52 77
265 19 124
266 37 42
267 76 123
268 130 137
269 133 140
270 10 12
271 85 131
272 30 75
273 105 138
274 72 136
275 55 65
276 38 59
277 4 127
278 97 128
279 65 127
280 84 122
281 85 116
282 50 54
283 33 86
284 89 113
285 90 97
286 1 13
287 76 140
288 4 14
289 80 87
290 46 58
291 11 116
292 124 128
293 72 102
294 73 120
295 128 136
296 19 20
297 2 36
298 37 66
299 93 101
300 22 35
301 97 98
302 131 133
303 103 140
304 16 136
305 17 30
306 34 62
307 20 125
308 76 114
309 77 124
310 42 46
311 81 121
312 82 137
313 10 55
314 101 118
315 49 80
316 50 94
317 31 64
318 14 136
319 85 140
320 18 55
321 38 50
322 3 108
323 25 31
324 11 28
325 85 125
326 122 131
327 14 59
328 89 122
329 90 104
330 109 135
331 1 6
332 110 111
333 76 139
334 96 132
335 22 75
336 43 82
337 7 104
338 46 61
339 50 128
340 68 106
341 16 112
342 72 109
343 73 97
344 19 29
345 75 136
346 93 126
347 131 138
348 4 132
349 5 18
350 78 135
351 97 123
352 98 107
353 103 133
354 34 57
355 17 23
356 52 83
357 19 138
358 76 105
359 77 117
360 24 127
361 23 25
362 25 119
363 81 114
364 82 128
365 10 62
366 101 127
367 50 89
368 107 136
369 74 83
370 55 87
371 38 53
372 110 135
373 43 58
374 64 69
375 28 123
376 11 21
377 122 138
378 90 115
379 109 128
380 1 31
381 110 118
382 76 130
383 22 66
384 44 91
385 101 134
386 46 68
387 121 133
388 12 108
389 30 130
390 51 59
391 16 119
392 17 127
393 73 106
394 36 122
395 128 134
396 75 129
397 93 119
398 41 113
399 94 127
400 5 27
401 61 110
402 62 68
403 9 88
404 97 124
405 107 125
406 103 130
407 86 94
408 16 134
409 34 48
410 55 63
411 112 138
412 76 96
413 77 110
414 25 120
415 6 42
416 81 107
417 82 123
418 101 120
419 102 126
420 49 66
421 50 80
422 31 54
423 106 117
424 107 129
425 35 51
426 18 41
427 74 90
428 75 88
429 38 44
430 3 90
431 40 70
432 43 51
433 65 66
434 28 114
435 29 124
436 48 134
437 32 117
438 90 122
439 53 118
440 73 130
441 1 16
442 110 121
443 22 69
444 78 102
445 43 64
446 44 82
447 98 138
448 83 89
449 55 135
450 75 134
451 93 112
452 94 102
453 97 117
454 98 125
455 27 59
456 100 134
457 118 120
458 47 52
459 87 93
460 125 138
461 112 129
462 3 50
463 77 103
464 24 77
465 81 108
466 82 114
467 10 32
468 102 113
469 31 63
470 106 124
471 107 134
472 35 56
473 75 81
474 38 39
475 40 77
476 8 22
477 28 73
478 33 114
479 73 139
480 39 60
481 114 127
482 78 105
483 79 101
484 98 133
485 115 119
486 83 94
487 101 136
488 30 140
489 126 128
490 36 104
491 2 8
492 94 105
493 41 99
494 5 13
495 98 116
496 27 48
497 47 61
498 30 31
499 86 104
500 87 90
501 34 66
502 122 126
503 18 136
504 125 131
505 77 96
506 81 101
507 82 109
508 101 106
509 102 104
510 50 66
511 31 36
512 107 127
513 17 139
514 18 27
515 74 76
516 75 86
517 40 52
518 3 72
519 4 90
520 91 140
521 8 29
522 65 92
523 29 78
524 14 23
525 73 140
526 1 98
527 39 53
528 22 87
529 78 112
530 79 98
531 44 64
532 114 118
533 83 103
534 115 124
535 11 137
536 12 25
537 68 78
538 123 140
539 16 92
540 17 98
541 126 139
542 2 3
543 77 136
544 5 118
545 9 115
546 10 67
547 119 120
548 47 58
549 123 125
550 86 99
551 52 55
552 132 136
553 20 24
554 43 137
555 6 31
556 79 128
557 81 94
558 28 40
559 82 100
560 32 43
561 31 45
562 50 125
563 106 110
564 17 140
565 35 38
566 74 119
567 75 79
568 40 59
569 91 133
570 4 65
571 107 116
572 122 135
573 11 49
574 14 30
575 89 95
576 53 65
577 54 113
578 1 123
579 39 50
580 22 110
581 78 123
582 79 107
583 44 63
584 83 108
585 48 58
586 47 82
587 12 16
588 88 97
589 115 120
590 123 133
591 2 26
592 77 129
593 42 101
594 6 135
595 10 74
596 102 139
597 86 122
598 87 104
599 52 62
600 89 134
601 91 109
602 56 57
603 114 134
604 59 68
605 60 78
606 23 58
607 6 22
608 79 137
609 81 87
610 82 95
611 32 34
612 13 64
613 14 118
614 31 42
615 35 47
616 107 109
617 74 126
618 38 72
619 113 137
620 60 61
621 116 130
622 8 11
623 16 59
624 90 94
625 36 54
626 39 43
627 79 112
628 44 54
629 83 117
630 48 49
631 12 15
632 88 104
633 16 74
634 17 92
635 36 133
636 66 118
637 102 130
638 31 130
639 86 125
640 87 97
641 91 98
642 92 108
643 20 46
644 114 129
645 60 69
646 6 9
647 82 86
648 32 57
649 68 133
650 88 134
651 70 106
652 71 120
653 74 121
654 75 125
655 38 67
656 40 41
657 4 55
658 22 137
659 93 139
660 8 50
661 9 132
662 95 118
663 48 89
664 11 47
665 99 115
666 116 137
667 16 50
668 34 132
669 53 83
670 36 61
671 1 117
672 54 67
673 70 133
674 95 135
675 79 121
676 44 45
677 9 21
678 83 122
679 88 111
680 19 76
681 5 97
682 6 113
683 61 132
684 27 28
685 66 113
686 102 133
687 31 139
688 86 116
689 87 126
690 91 123
691 92 107
692 127 135
693 20 53
694 96 110
695 45 91
696 32 48
697 50 102
698 71 113
699 74 96
700 75 114
701 93 132
702 95 127
703 99 120
704 7 35
705 63 70
706 11 36
707 29 82
708 72 86
709 53 92
710 92 137
711 41 55
712 22 115
713 95 140
714 8 136
715 9 30
716 47 105
717 103 124
718 13 137
719 33 128
720 52 100
721 15 16
722 88 118
723 20 77
724 41 64
725 5 106
726 9 111
727 66 72
728 13 26
729 87 119
730 91 112
731 92 98
732 55 110
733 20 60
734 3 28
735 96 101
736 60 91
737 23 65
738 111 125
739 127 140
740 45 84
741 65 128
742 32 55
743 14 75
744 70 100
745 71 110
746 18 118
747 74 107
748 75 107
749 21 27
750 39 65
751 80 126
752 95 100
753 44 140
754 7 24
755 100 113
756 104 116
757 33 40
758 16 32
759 72 93
760 73 81
761 92 128
762 129 138
763 41 56
764 78 87
765 47 118
766 103 117
767 88 125
768 104 131
769 52 99
770 15 25
771 19 90
772 76 89
773 45 60
774 66 67
775 49 57
776 13 19
777 86 134
778 92 121
779 20 59
780 3 5
781 96 124
782 60 82
783 111 122
784 8 88
785 116 119
786 84 88
787 85 86
788 32 78
789 14 82
790 90 131
791 53 61
792 71 103
793 1 47
794 57 58
795 75 96
796 4 44
797 80 117
798 95 109
799 99 102
800 7 17
801 100 120
802 118 134
803 11 82
804 104 123
805 105 115
806 16 39
807 73 90
808 36 42
809 1 88
810 54 84
811 129 131
812 78 94
813 61 62
814 79 84
815 81 138
816 10 134
817 84 129
818 104 138
819 103 114
820 117 129
821 108 127
822 71 133
823 37 53
824 112 122
825 76 80
826 77 94
827 42 64
828 6 90
829 45 53
830 49 50
831 12 130
832 30 108
833 92 112
834 40 118
835 3 10
836 96 115
837 111 131
838 116 126
839 64 108
840 45 70
841 120 121
842 84 103
843 85 95
844 32 69
845 33 73
846 90 138
847 71 92
848 1 32
849 57 67
850 95 106
851 80 108
852 8 46
853 7 14
854 99 111
855 48 69
856 11 75
857 100 103
858 105 116
859 33 58
860 16 30
861 72 75
862 124 125
863 2 65
864 129 132
865 41 42
866 79 93
867 81 131
868 27 75
869 10 129
870 84 136
871 117 138
872 103 107
873 51 65
874 52 113
875 108 118
876 71 130
877 19 104
878 37 62
879 38 132
880 76 79
881 24 29
882 5 69
883 77 87
884 80 138
885 45 46
886 10 16
887 83 135
888 136 140
889 30 87
890 108 133
891 1 136
892 55 117
893 111 136
894 64 99
895 120 128
896 84 110
897 49 132
898 85 88
899 33 66
900 14 92
901 71 85
902 74 132
903 57 68
904 4 18
905 80 99
906 115 135
907 26 35
908 100 110
909 28 136
910 11 64
911 12 82
912 48 124
913 33 51
914 16 21
915 68 119
916 72 114
917 104 105
918 105 125
919 2 88
920 22 31
921 79 90
922 26 82
923 27 64
924 81 132
925 106 132
926 51 70
927 17 42
928 108 109
929 109 121
930 19 113
931 20 97
932 37 39
933 77 80
934 42 50
935 80 129
936 113 126
937 10 27
938 83 140
939 67 70
940 91 92
941 55 114
942 40 100
943 60 127
944 8 77
945 117 122
946 120 135
947 121 127
948 84 117
949 85 97
950 32 83
951 33 91
952 14 39
953 87 136
954 71 82
955 18 90
956 89 102
957 57 77
958 58 69
959 3 137
960 4 25
961 80 90
962 115 140
963 26 42
964 28 135
965 33 52
966 72 121
967 73 77
968 54 57
969 37 95
970 94 128
971 119 136
972 88 89
973 34 45
974 15 125
975 35 137
976 109 114
977 19 118
978 113 119
979 76 125
980 42 61
981 60 135
982 6 79
983 105 128
984 72 130
985 92 93
986 55 75
987 3 97
988 4 113
989 60 118
990 64 113
991 84 124
992 85 106
993 50 60
994 33 92
995 87 129
996 89 111
997 71 75
998 90 103
999 1 11
1000 80 81
1001 99 130
1002 46 48
1003 48 106
1004 68 101
1005 124 138
1006 72 96
1007 53 130
1008 36 78
1009 73 118
1010 93 107
1011 58 63
1012 94 139
1013 97 104
1014 5 47
1015 61 66
1016 119 129
1017 30 57
1018 34 36
1019 17 36
1020 19 127
1021 20 119
1022 37 41
1023 76 116
1024 130 134
1025 133 139
1026 10 13
1027 85 130
1028 105 137
1029 14 134
1030 72 137
1031 55 64
1032 38 56
1033 97 135
1034 8 123
1035 64 72
1036 28 102
1037 84 123
1038 85 115
1039 50 55
1040 89 112
1041 90 110
1042 1 12
1043 4 15
1044 5 135
1045 99 139
1046 46 59
1047 124 129
1048 16 122
1049 72 103
1050 73 127
1051 128 137
1052 19 23
1053 37 65
1054 93 100
1055 94 114
1056 22 32
1057 5 40
1058 61 91
1059 131 132
1060 30 32
1061 16 137
1062 17 29
1063 34 63
1064 52 85
1065 19 132
1066 76 115
1067 77 123
1068 42 47
1069 81 120
1070 82 134
1071 101 117
1072 85 139
1073 13 41
1074 14 137
1075 31 67
1076 55 89
1077 38 51
1078 3 111
1079 25 30
1080 11 31
1081 85 124
1082 122 128
1083 33 110
1084 89 121
1085 90 105
1086 53 99
1087 109 134
1088 1 5
1089 57 96
1090 76 132
1091 96 133
1092 22 72
1093 46 66
1094 11 108
1095 12 118
1096 68 107
1097 51 53
1098 16 113
1099 72 110
1100 73 96
1101 36 124
1102 19 28
1103 75 139
1104 93 125
1105 94 117
1106 22 59
1107 5 17
1108 78 132
1109 62 66
1110 27 44
1111 97 122
1112 98 104
1113 103 132
1114 34 54
1115 17 22
1116 76 106
1117 77 116
1118 23 24
1119 25 118
1120 81 113
1121 82 129
1122 10 63
1123 101 126
1124 49 72
1125 50 86
1126 13 34
1127 107 139
1128 135 137
1129 74 80
1130 55 86
1131 38 42
1132 40 64
1133 110 132
1134 43 61
1135 64 70
1136 28 116
1137 11 20
1138 122 139
1139 90 112
1140 1 30
1141 110 119
1142 76 131
1143 5 137
1144 101 133
1145 46 69
1146 121 132
1147 51 58
1148 15 32
1149 73 105
1150 128 135
1151 2 55
1152 75 128
1153 93 118
1154 4 140
1155 5 26
1156 94 124
1157 62 69
1158 97 115
1159 10 87
1160 113 135
1161 29 132
1162 86 95
1163 16 135
1164 34 49
1165 52 91
1166 55 62
1167 112 139
1168 76 97
1169 77 109
1170 25 127
1171 81 106
1172 82 120
1173 101 103
1174 102 127
1175 49 65
1176 31 49
1177 106 114
1178 107 128
1179 35 50
1180 74 91
1181 75 91
1182 38 45
1183 23 134
1184 8 16
1185 43 50
1186 28 115
1187 11 13
1188 48 135
1189 32 118
1190 90 123
1191 53 117
1192 73 129
1193 1 23
1194 110 126
1195 22 90
1196 78 103
1197 43 67
1198 98 139
1199 83 88
1200 47 70
1201 68 89
1202 17 119
1203 55 134
1204 2 14
1205 94 103
1206 4 139
1207 22 53
1208 97 116
1209 98 122
1210 100 135
1211 118 121
1212 47 55
1213 87 92
1214 125 137
1215 112 130
1216 3 53
1217 77 102
1218 23 46
1219 81 99
1220 82 115
1221 10 33
1222 102 118
1223 31 62
1224 14 98
1225 106 125
1226 35 59
1227 18 33
1228 107 121
1229 75 80
1230 3 66
1231 8 23
1232 28 74
1233 33 113
1234 73 138
1235 54 100
1236 1 104
1237 39 63
1238 114 124
1239 78 110
1240 79 100
1241 98 130
1242 27 130
1243 83 97
1244 115 118
1245 47 79
1246 16 102
1247 17 104
1248 126 129
1249 37 101
1250 2 9
1251 94 110
1252 128 131
1253 5 12
1254 98 117
1255 10 89
1256 66 106
1257 47 60
1258 122 127
1259 86 105
1260 125 130
1261 18 137
1262 54 134
1263 21 140
1264 81 100
1265 82 106
1266 10 40
1267 101 105
1268 102 105
1269 50 67
1270 13 77
1271 31 39
1272 107 126
1273 18 24
1274 74 77
1275 40 53
1276 3 75
1277 8 30
1278 28 65
1279 11 59
1280 29 77
1281 32 132
1282 14 20
1283 1 97
1284 39 52
1285 114 119
1286 78 113
1287 79 109
1288 26 27
1289 44 65
1290 83 102
1291 115 127
1292 11 136
1293 12 26
1294 47 84
1295 68 79
1296 16 93
1297 17 97
1298 126 136
1299 56 68
1300 77 135
1301 64 132
1302 10 64
1303 66 101
1304 119 123
1305 123 124
1306 86 96
1307 20 25
1308 114 140
1309 24 92
1310 23 60
1311 6 28
1312 25 82
1313 79 131
1314 28 41
1315 46 135
1316 81 93
1317 32 44
1318 31 44
1319 14 108
1320 82 101
1321 35 41
1322 18 19
1323 74 116
1324 75 78
1325 20 136
1326 40 60
1327 4 66
1328 91 132
1329 116 132
1330 118 137
1331 28 88
1332 14 31
1333 89 94
1334 53 64
1335 1 122
1336 21 119
1337 22 111
1338 39 45
1339 78 120
1340 44 56
1341 79 106
1342 83 111
1343 48 59
1344 12 17
1345 88 98
1346 123 132
1347 17 90
1348 19 65
1349 2 27
1350 77 128
1351 6 132
1352 61 113
1353 9 123
1354 10 75
1355 102 136
1356 86 123
1357 87 107
1358 52 63
1359 35 65
1360 89 133
1361 56 58
1362 91 108
1363 20 32
1364 114 135
1365 6 23
1366 79 136
1367 81 86
1368 28 32
1369 82 92
1370 32 35
1371 50 117
1372 14 119
1373 70 112
1374 17 132
1375 35 46
1376 74 127
1377 88 128
1378 107 108
1379 113 136
1380 60 62
1381 116 131
1382 8 12
1383 9 130
1384 28 87
1385 11 41
1386 90 95
1387 53 73
1388 36 55
1389 1 115
1390 54 73
1391 39 42
1392 79 115
1393 44 55
1394 9 19
1395 83 116
1396 48 50
1397 88 105
1398 16 75
1399 36 134
1400 2 18
1401 9 124
1402 102 131
1403 30 113
1404 86 114
1405 87 96
1406 35 70
1407 91 101
1408 92 109
1409 3 17
1410 96 104
1411 60 70
1412 6 14
1413 82 87
1414 32 58
1415 68 134
1416 88 135
1417 71 123
1418 74 102
1419 93 138
1420 38 64
1421 40 42
1422 95 113
1423 113 129
1424 116 138
1425 99 114
1426 48 90
1427 34 133
1428 72 80
1429 36 62
1430 54 64
1431 2 122
1432 21 121
1433 95 134
1434 79 120
1435 8 130
1436 9 20
1437 44 46
1438 83 125
1439 47 99
1440 88 112
1441 51 100
1442 16 66
1443 19 79
1444 96 100
1445 6 118
1446 27 31
1447 10 125
1448 67 100
1449 139 140
1450 86 117
1451 87 121
1452 91 122
1453 92 100
1454 127 134
1455 20 54
1456 3 22
1457 96 111
1458 111 119
1459 23 75
1460 32 49
1461 71 112
1462 74 97
1463 75 117
1464 93 131
1465 95 126
1466 80 120
1467 8 58
1468 9 140
1469 99 123
1470 11 39
1471 16 42
1472 72 87
1473 53 91
1474 36 37
1475 1 77
1476 54 91
1477 92 138
1478 41 54
1479 22 112
1480 9 29
1481 47 104
1482 103 127
1483 88 119
1484 52 101
1485 15 19
1486 17 77
1487 19 84
1488 20 78
1489 13 25
1490 86 140
1491 87 118
1492 91 115
1493 92 99
1494 111 124
1495 3 31
1496 96 102
1497 8 82
1498 45 83
1499 65 135
1500 32 72
1501 14 72
1502 70 101
1503 71 105
1504 74 104
1505 75 106
1506 21 26
1507 39 64
1508 80 127
1509 95 103
1510 7 27
1511 100 114
1512 48 72
1513 104 117
1514 118 140
1515 33 47
1516 16 33
1517 72 94
1518 73 80
1519 36 44
1520 54 82
1521 92 129
1522 129 137
1523 41 63
1524 59 133
1525 78 84
1526 117 135
1527 27 124
1528 104 132
1529 103 116
1530 88 126
1531 52 108
1532 19 93
1533 76 90
1534 42 70
1535 5 82
1536 45 59
1537 49 56
1538 12 132
1539 13 18
1540 86 135
1541 35 125
1542 92 122
1543 55 102
1544 111 133
1545 3 4
1546 96 125
1547 25 55
1548 84 89
1549 49 137
1550 32 79
1551 13 99
1552 138 139
1553 90 128
1554 53 60
1555 71 102
1556 75 99
1557 95 108
1558 80 118
1559 8 40
1560 7 16
1561 44 132
1562 48 79
1563 29 35
1564 47 137
1565 100 121
1566 104 124
1567 16 24
1568 105 114
1569 73 89
1570 36 43
1571 129 130
1572 78 95
1573 79 87
1574 81 137
1575 9 15
1576 117 128
1577 84 130
1578 104 139
1579 103 109
1580 108 120
1581 71 132
1582 19 98
1583 37 52
1584 76 81
1585 77 93
1586 42 65
1587 112 123
1588 45 52
1589 10 22
1590 66 91
1591 83 129
1592 30 109
1593 34 112
1594 92 113
1595 55 127
1596 111 130
1597 3 13
1598 96 116
1599 24 134
1600 116 127
1601 8 64
1602 117 119
1603 45 69
1604 120 122
1605 84 96
1606 85 94
1607 32 70
1608 33 72
1609 14 90
1610 90 139
1611 71 95
1612 57 66
1613 4 20
1614 80 109
1615 115 129
1616 99 110
1617 7 9
1618 63 124
1619 48 70
1620 105 123
1621 33 57
1622 16 31
1623 72 76
1624 124 126
1625 79 92
1626 26 72
1627 81 130
1628 117 137
1629 84 137
1630 103 106
1631 51 64
1632 15 110
1633 17 48
1634 108 119
1635 19 107
1636 37 61
1637 109 127
1638 77 86
1639 24 30
1640 42 72
1641 6 82
1642 80 139
1643 112 114
1644 10 17
1645 83 134
1646 108 134
1647 111 139
1648 120 129
1649 84 111
1650 85 103
1651 32 93
1652 33 65
1653 14 93
1654 71 84
1655 74 133
1656 4 19
1657 80 100
1658 115 134
1659 44 122
1660 100 111
1661 104 106
1662 105 124
1663 68 112
1664 33 50
1665 16 22
1666 72 115
1667 73 75
1668 36 89
1669 22 28
1670 10 137
1671 106 133
1672 52 121
1673 15 119
1674 108 110
1675 109 120
1676 37 38
1677 113 125
1678 77 79
1679 42 51
1680 5 77
1681 60 137
1682 80 130
1683 10 24
1684 91 95
1685 40 101
1686 117 121
1687 120 136
1688 121 126
1689 84 118
1690 85 96
1691 32 84
1692 14 36
1693 87 139
1694 71 77
1695 89 101
1696 74 140
1697 58 66
1698 3 136
1699 4 26
1700 80 91
1701 44 113
1702 7 127
1703 28 128
1704 68 127
1705 124 140
1706 72 122
1707 73 76
1708 36 64
1709 54 62
1710 94 129
1711 22 23
1712 119 139
1713 30 55
1714 88 90
1715 106 140
1716 34 42
1717 52 64
1718 109 113
1719 37 47
1720 113 118
1721 76 126
1722 130 140
1723 42 58
1724 6 76
1725 105 135
1726 72 131
1727 92 94
1728 28 104
1729 84 125
1730 85 105
1731 50 61
1732 33 83
1733 87 128
1734 89 110
1735 71 74
1736 18 82
1737 1 10
1738 90 100
1739 96 136
1740 80 82
1741 26 50
1742 99 133
1743 46 49
1744 48 107
1745 68 102
1746 124 139
1747 73 117
1748 36 79
1749 93 106
1750 58 60
1751 94 136
1752 97 111
1753 61 65
1754 119 128
1755 34 37
1756 17 27
1757 37 40
1758 76 117
1759 130 135
1760 6 71
1761 82 140
1762 133 138
1763 85 129
1764 105 136
1765 31 69
1766 72 138
1767 55 67
1768 38 57
1769 39 133
1770 97 134
1771 11 25
1772 85 114
1773 50 52
1774 33 84
1775 14 54
1776 89 119
1777 90 111
1778 109 140
1779 1 3
1780 122 134
1781 4 8
1782 5 134
1783 99 138
1784 46 56
1785 11 118
1786 124 130
1787 16 123
1788 72 104
1789 73 126
1790 36 118
1791 19 22
1792 37 64
1793 93 99
1794 94 115
1795 128 138
1796 5 23
1797 78 130
1798 98 110
1799 7 130
1800 131 135
1801 34 60
1802 15 66
1803 17 28
1804 20 127
1805 76 108
1806 77 122
1807 24 122
1808 25 108
1809 42 44
1810 81 127
1811 82 135
1812 101 116
1813 85 138
1814 31 66
1815 74 86
1816 55 88
1817 38 48
1818 110 130
1819 25 29
1820 8 99
1821 65 118
1822 11 30
1823 29 104
1824 32 121
1825 85 123
1826 89 120
1827 90 118
1828 122 129
1829 109 133
1830 1 4
1831 76 133
1832 96 134
1833 46 67
1834 121 130
1835 51 52
1836 72 111
1837 73 103
1838 128 129
1839 19 31
1840 75 138
1841 93 124
1842 94 122
1843 4 134
1844 5 16
1845 22 56
1846 61 83
1847 62 67
1848 78 133
1849 97 121
1850 98 105
1851 103 135
1852 34 55
1853 15 75
1854 17 21
1855 19 140
1856 76 107
1857 77 115
1858 24 65
1859 23 27
1860 81 112
1861 82 126
1862 135 136
1863 10 60
1864 101 125
1865 31 75
1866 107 138
1867 74 81
1868 110 133
1869 38 43
1870 3 87
1871 23 136
1872 43 60
1873 11 23
1874 122 136
1875 32 112
1876 33 102
1877 90 113
1878 1 29
1879 110 116
1880 5 136
1881 43 77
1882 101 132
1883 121 139
1884 68 83
1885 51 61
1886 73 104
1887 55 136
1888 75 131
1889 93 117
1890 94 125
1891 97 114
1892 5 25
1893 78 140
1894 27 36
1895 86 92
1896 34 78
1897 15 80
1898 55 57
1899 112 140
1900 76 98
1901 77 108
1902 24 72
1903 81 105
1904 82 121
1905 101 102
1906 102 124
1907 49 64
1908 50 78
1909 13 90
1910 106 115
1911 107 131
1912 35 53
1913 74 88
1914 75 90
1915 110 140
1916 3 92
1917 43 53
1918 8 17
1919 134 140
1920 28 76
1921 11 12
1922 33 127
1923 90 120
1924 73 128
1925 1 22
1926 110 127
1927 22 91
1928 78 100
1929 43 66
1930 98 136
1931 83 91
1932 121 140
1933 47 65
1934 30 139
1935 15 40
1936 17 118
1937 36 99
1938 2 15
1939 94 100
1940 42 118
1941 98 123
1942 100 128
1943 118 126
1944 47 54
1945 86 87
1946 87 95
1947 125 136
1948 112 131
1949 77 101
1950 23 41
1951 6 35
1952 81 98
1953 82 112
1954 10 46
1955 101 111
1956 102 119
1957 50 73
1958 31 57
1959 106 122
1960 107 120
1961 35 58
1962 18 30
1963 91 137
1964 75 83
1965 4 93
1966 8 24
1967 134 135
1968 28 75
1969 33 112
1970 14 18
1971 73 137
1972 54 101
1973 1 111
1974 39 62
1975 22 82
1976 78 111
1977 79 103
1978 98 131
1979 114 125
1980 83 96
1981 89 105
1982 47 78
1983 12 28
1984 115 121
1985 123 137
1986 126 134
1987 36 106
1988 37 100
1989 2 6
1990 94 111
1991 42 113
1992 5 11
1993 6 139
1994 98 114
1995 9 72
1996 10 70
1997 66 107
1998 47 63
1999 119 125
2000 86 110
2001 122 124
2002 34 64
2003 125 129
2004 54 135
2005 59 72
2006 25 72
2007 6 26
2008 79 133
2009 45 117
2010 81 91
2011 82 107
2012 101 104
2013 50 64
2014 31 38
2015 102 110
2016 107 113
2017 17 137
2018 18 25
2019 20 130
2020 3 74
2021 40 54
2022 8 31
2023 7 57
2024 65 82
2025 32 133
2026 14 21
2027 53 70
2028 1 96
2029 39 55
2030 114 116
2031 78 118
2032 79 108
2033 44 66
2034 115 126
2035 83 105
2036 11 139
2037 12 27
2038 69 70
2039 126 137
2040 56 69
2041 19 59
2042 37 109
2043 77 134
2044 5 116
2045 6 130
2046 10 65
2047 119 122
2048 123 127
2049 86 97
2050 87 109
2051 34 91
2052 89 131
2053 20 26
2054 59 65
2055 132 137
2056 6 29
2057 79 130
2058 81 92
2059 82 98
2060 32 45
2061 13 69
2062 31 47
2063 106 108
2064 17 130
2065 35 40
2066 74 117
2067 91 135
2068 20 137
2069 40 61
2070 107 118
2071 116 133
2072 28 89
2073 11 51
2074 14 28
2075 89 93
2076 57 132
2077 39 44
2078 22 108
2079 78 121
2080 79 117
2081 44 57
2082 83 110
2083 48 60
2084 47 92
2085 12 18
2086 88 99
2087 123 135
2088 52 137
2089 2 24
2090 24 53
2091 42 99
2092 6 133
2093 61 112
2094 9 122
2095 10 72
2096 102 137
2097 118 136
2098 86 120
2099 87 106
2100 52 56
2101 35 64
2102 89 132
2103 56 59
2104 91 111
2105 114 132
2106 59 70
2107 60 72
2108 6 20
2109 79 139
2110 81 85
2111 28 33
2112 82 93
2113 32 36
2114 88 129
2115 14 116
2116 70 113
2117 71 125
2118 107 111
2119 74 124
2120 60 63
2121 116 140
2122 8 13
2123 34 139
2124 90 92
2125 53 72
2126 36 48
2127 21 127
2128 79 114
2129 44 48
2130 9 18
2131 27 104
2132 48 51
2133 47 101
2134 83 119
2135 88 106
2136 16 76
2137 17 82
2138 36 135
2139 19 73
2140 2 19
2141 61 137
2142 102 128
2143 67 126
2144 30 118
2145 86 115
2146 87 99
2147 91 100
2148 92 110
2149 3 16
2150 96 105
2151 23 77
2152 6 15
2153 82 84
2154 49 101
2155 32 59
2156 88 136
2157 14 127
2158 71 122
2159 74 103
2160 75 127
2161 38 65
2162 21 23
2163 40 43
2164 93 137
2165 95 112
2166 99 117
2167 113 128
2168 63 91
2169 48 91
2170 116 139
2171 34 130
2172 72 81
2173 36 63
2174 1 75
2175 54 65
2176 92 140
2177 95 129
2178 79 123
2179 44 47
2180 9 27
2181 27 97
2182 83 124
2183 88 113
2184 15 21
2185 17 75
2186 6 119
2187 27 30
2188 10 122
2189 66 79
2190 13 31
2191 86 138
2192 87 120
2193 91 125
2194 92 101
2195 127 129
2196 20 55
2197 3 25
2198 111 118
2199 28 55
2200 32 50
2201 50 100
2202 70 99
2203 71 115
2204 106 111
2205 74 110
2206 75 116
2207 93 130
2208 22 134
2209 80 121
2210 95 121
2211 8 59
2212 7 29
2213 63 64
2214 99 122
2215 100 116
2216 67 133
2217 118 138
2218 72 88
2219 53 90
2220 36 38
2221 1 76
2222 92 139
2223 41 53
2224 78 82
2225 9 28
2226 103 126
2227 88 120
2228 33 134
2229 15 18
2230 19 87
2231 76 92
2232 41 70
2233 5 104
2234 10 101
2235 66 70
2236 13 24
2237 87 113
2238 34 127
2239 91 114
2240 92 124
2241 111 127
2242 3 30
2243 96 103
2244 65 134
2245 90 134
2246 71 104
2247 74 105
2248 75 109
2249 21 25
2250 4 39
2251 39 67
2252 80 112
2253 8 34
2254 7 26
2255 95 102
2256 100 115
2257 29 41
2258 47 131
2259 104 118
2260 33 46
2261 16 34
2262 72 95
2263 73 87
2264 36 45
2265 54 83
2266 2 77
2267 92 130
2268 41 62
2269 129 136
2270 78 85
2271 117 134
2272 84 132
2273 47 112
2274 103 119
2275 88 127
2276 104 133
2277 15 27
2278 19 92
2279 20 86
2280 45 58
2281 10 108
2282 49 63
2283 13 17
2284 86 132
2285 34 118
2286 92 123
2287 111 132
2288 3 7
2289 96 126
2290 84 90
2291 32 64
2292 70 93
2293 53 59
2294 90 129
2295 75 98
2296 4 46
2297 80 119
2298 95 111
2299 99 104
2300 7 19
2301 100 122
2302 48 64
2303 104 125
2304 105 113
2305 118 132
2306 33 39
2307 16 25
2308 73 88
2309 78 92
2310 79 86
2311 81 136
2312 9 14
2313 10 132
2314 84 131
2315 47 121
2316 103 108
2317 104 140
2318 15 96
2319 17 62
2320 71 135
2321 37 51
2322 20 93
2323 76 82
2324 77 92
2325 42 78
2326 5 90
2327 108 121
2328 112 124
2329 45 51
2330 10 23
2331 83 128
2332 30 82
2333 108 136
2334 92 114
2335 3 12
2336 96 117
2337 116 120
2338 8 65
2339 117 118
2340 45 68
2341 120 123
2342 84 97
2343 85 93
2344 33 79
2345 90 136
2346 71 94
2347 57 65
2348 39 113
2349 4 21
2350 80 110
2351 115 128
2352 7 8
2353 105 122
2354 33 56
2355 124 127
2356 72 77
2357 1 87
2358 22 26
2359 79 95
2360 81 129
2361 27 77
2362 117 136
2363 84 138
2364 51 67
2365 17 55
2366 108 112
2367 109 126
2368 37 60
2369 112 115
2370 113 123
2371 77 85
2372 24 31
2373 80 140
2374 10 30
2375 66 83
2376 83 137
2377 108 135
2378 111 138
2379 117 127
2380 64 101
2381 120 130
2382 84 104
2383 85 102
2384 104 112
2385 33 64
2386 89 99
2387 70 79
2388 71 87
2389 18 97
2390 74 130
2391 38 100
2392 3 130
2393 4 28
2394 80 101
2395 115 137
2396 100 104
2397 63 100
2398 11 66
2399 104 107
2400 68 113
2401 33 49
2402 16 23
2403 72 116
2404 73 74
2405 36 90
2406 22 29
2407 5 59
2408 106 130
2409 15 118
2410 108 111
2411 109 119
2412 19 115
2413 113 124
2414 77 78
2415 42 48
2416 80 131
2417 133 135
2418 10 25
2419 13 60
2420 91 94
2421 55 76
2422 3 122
2423 4 116
2424 97 139
2425 117 120
2426 120 137
2427 121 125
2428 84 119
2429 85 111
2430 32 85
2431 33 89
2432 87 138
2433 89 100
2434 71 76
2435 18 88
2436 57 83
2437 58 67
2438 3 139
2439 4 27
2440 80 92
2441 28 129
2442 46 47
2443 72 123
2444 73 115
2445 36 65
2446 54 63
2447 94 134
2448 5 36
2449 27 91
2450 119 138
2451 88 91
2452 34 43
2453 17 33
2454 52 65
2455 109 112
2456 19 120
2457 37 46
2458 76 127
2459 113 117
2460 25 97
2461 6 77
2462 49 91
2463 85 135
2464 105 134
2465 72 132
2466 92 95
2467 55 69
2468 4 115
2469 60 112
2470 97 140
2471 8 118
2472 84 126
2473 85 104
2474 32 108
2475 33 82
2476 14 44
2477 50 58
2478 87 131
2479 89 109
2480 1 9
2481 90 101
2482 96 137
2483 80 83
2484 99 132
2485 46 54
2486 105 109
2487 68 103
2488 124 132
2489 72 98
2490 53 128
2491 36 72
2492 37 70
2493 73 116
2494 58 61
2495 93 105
2496 94 137
2497 97 110
2498 61 64
2499 27 80
2500 119 131
2501 52 72
2502 17 26
2503 19 129
2504 76 118
2505 130 132
2506 133 137
2507 10 11
2508 85 128
2509 14 132
2510 72 139
2511 55 66
2512 38 62
2513 3 104
2514 39 132
2515 97 133
2516 25 27
2517 8 125
2518 28 96
2519 11 24
2520 85 113
2521 32 99
2522 33 107
2523 14 55
2524 50 53
2525 89 118
2526 90 108
2527 1 2
2528 109 139
2529 96 128
2530 4 9
2531 44 96
2532 7 108
2533 46 57
2534 29 31
2535 48 99
2536 124 131
2537 72 105
2538 73 125
2539 128 139
2540 19 25
2541 2 35
2542 93 98
2543 94 112
2544 97 103
2545 5 22
2546 61 89
2547 78 131
2548 98 111
2549 131 134
2550 103 137
2551 16 139
2552 15 77
2553 17 19
2554 34 61
2555 19 134
2556 76 109
2557 77 121
2558 42 45
2559 23 29
2560 81 126
2561 82 132
2562 10 50
2563 101 115
2564 85 137
2565 31 77
2566 74 87
2567 110 131
2568 38 49
2569 40 91
2570 4 97
2571 25 28
2572 64 65
2573 28 127
2574 11 17
2575 85 122
2576 33 108
2577 89 127
2578 90 119
2579 109 132
2580 1 27
2581 2 139
2582 76 134
2583 96 135
2584 22 78
2585 110 114
2586 46 64
2587 121 129
2588 51 55
2589 16 115
2590 17 123
2591 73 102
2592 128 130
2593 19 30
2594 93 123
2595 94 123
2596 97 120
2597 5 31
2598 78 138
2599 62 64
2600 98 102
2601 29 137
2602 30 41
2603 86 90
2604 103 134
2605 16 130
2606 15 74
2607 17 20
2608 34 52
2609 112 113
2610 76 100
2611 77 114
2612 24 66
2613 23 26
2614 81 119
2615 82 127
2616 135 139
2617 101 124
2618 102 122
2619 50 84
2620 31 74
2621 74 94
2622 55 80
2623 38 40
2624 40 66
2625 110 138
2626 23 139
2627 43 63
2628 134 138
2629 28 118
2630 11 22
2631 122 137
2632 33 101
2633 90 126
2634 1 28
2635 2 130
2636 110 117
2637 22 65
2638 78 98
2639 83 85
2640 101 131
2641 121 138
2642 51 60
2643 73 111
2644 36 101
2645 55 139
2646 2 53
2647 75 130
2648 41 118
2649 93 116
2650 5 24
2651 94 98
2652 97 113
2653 9 93
2654 10 85
2655 86 93
2656 15 83
2657 55 56
2658 76 99
2659 59 61
2660 77 107
2661 81 104
2662 82 118
2663 10 36
2664 102 125
2665 31 51
2666 106 112
2667 107 130
2668 35 52
2669 74 89
2670 75 93
2671 43 52
2672 8 18
2673 28 77
2674 11 15
2675 90 121
2676 73 135
2677 54 99
2678 1 21
2679 57 112
2680 110 124
2681 22 88
2682 78 101
2683 43 69
2684 98 137
2685 83 90
2686 101 140
2687 47 64
2688 30 136
2689 68 91
2690 16 97
2691 17 117
2692 36 108
2693 2 12
2694 94 101
2695 98 120
2696 100 129
2697 118 127
2698 47 49
2699 87 94
2700 34 70
2701 125 135
2702 18 140
2703 112 132
2704 20 21
2705 3 55
2706 77 100
2707 6 32
2708 81 97
2709 82 113
2710 101 110
2711 102 116
2712 50 70
2713 13 82
2714 106 123
2715 107 123
2716 35 61
2717 18 31
2718 91 136
2719 75 82
2720 40 48
2721 43 45
2722 8 25
2723 14 19
2724 73 136
2725 21 99
2726 22 83
2727 39 57
2728 78 108
2729 26 30
2730 44 68
2731 79 102
2732 83 99
2733 47 73
2734 12 29
2735 98 128
2736 123 136
2737 16 88
2738 15 48
2739 52 132
2740 36 107
2741 126 135
2742 2 7
2743 94 108
2744 77 140
2745 5 10
2746 6 136
2747 98 115
2748 100 136
2749 119 124
2750 47 62
2751 122 125
2752 86 111
2753 34 65
2754 125 128
2755 54 132
2756 20 28
2757 6 27
2758 79 132
2759 81 90
2760 82 104
2761 102 111
2762 49 113
2763 50 65
2764 31 33
2765 107 112
2766 17 136
2767 18 22
2768 74 75
2769 91 129
2770 40 55
2771 3 77
2772 4 69
2773 32 134
2774 14 26
2775 89 91
2776 53 69
2777 54 125
2778 2 111
2779 39 54
2780 114 117
2781 78 119
2782 79 111
2783 44 67
2784 83 104
2785 47 86
2786 12 20
2787 123 129
2788 56 70
2789 2 30
2790 93 95
2791 77 133
2792 10 78
2793 137 139
2794 123 126
2795 86 102
2796 87 108
2797 89 130
2798 35 90
2799 20 27
2800 114 138
2801 59 64
2802 132 138
2803 6 18
2804 81 83
2805 82 99
2806 32 46
2807 31 46
2808 106 109
2809 35 43
2810 91 134
2811 74 114
2812 40 62
2813 116 134
2814 28 90
2815 11 50
2816 14 29
2817 89 92
2818 53 78
2819 39 47
2820 78 126
2821 79 116
2822 44 58
2823 83 113
2824 48 61
2825 12 19
2826 88 100
2827 123 134
2828 17 88
2829 2 25
2830 9 121
2831 10 73
2832 137 140
2833 31 134
2834 86 121
2835 34 83
2836 35 67
2837 52 57
2838 56 60
2839 87 101
2840 89 139
2841 91 110
2842 114 133
2843 23 55
2844 6 21
2845 79 138
2846 81 84
2847 82 90
2848 49 99
2849 32 37
2850 13 125
2851 14 117
2852 70 118
2853 71 124
2854 88 130
2855 74 125
2856 75 121
2857 107 110
2858 4 75
2859 8 14
2860 9 128
2861 90 93
2862 118 139
2863 36 49
2864 1 113
2865 2 97
2866 79 125
2867 44 49
2868 9 17
2869 83 118
2870 48 52
2871 47 100
2872 88 107
2873 16 77
2874 19 72
2875 2 16
2876 41 91
2877 9 98
2878 10 112
2879 102 129
2880 30 119
2881 86 112
2882 87 98
2883 34 106
2884 35 72
2885 89 140
2886 91 103
2887 92 111
2888 3 19
2889 96 106
2890 60 64
2891 23 76
2892 6 12
2893 82 85
2894 65 139
2895 28 57
2896 49 100
2897 32 60
2898 13 118
2899 50 106
2900 88 137
2901 71 117
2902 74 100
2903 75 126
2904 38 70
2905 21 22
2906 4 50
2907 40 44
2908 93 136
2909 8 53
2910 9 137
2911 95 115
2912 48 92
2913 11 32
2914 99 116
2915 16 53
2916 34 131
2917 72 82
2918 36 56
2919 1 74
2920 2 120
2921 54 70
2922 41 51
2923 22 127
2924 59 137
2925 79 122
2926 95 128
2927 9 26
2928 83 127
2929 88 114
2930 15 20
2931 17 74
2932 56 91
2933 13 30
2934 86 139
2935 34 101
2936 15 133
2937 87 123
2938 91 124
2939 92 102
2940 111 113
2941 3 24
2942 96 97
2943 127 128
2944 6 7
2945 84 85
2946 32 51
2947 50 101
2948 14 71
2949 71 114
2950 74 111
2951 75 119
2952 93 129
2953 21 31
2954 4 57
2955 39 69
2956 80 122
2957 8 60
2958 7 28
2959 63 67
2960 95 120
2961 29 47
2962 47 133
2963 99 125
2964 100 117
2965 16 44
2966 72 89
2967 53 89
2968 36 39
2969 54 89
2970 92 132
2971 41 52
2972 22 118
2973 78 83
2974 95 137
2975 8 139
2976 47 106
2977 103 121
2978 13 134
2979 33 133
2980 88 121
2981 15 29
2982 19 86
2983 58 135
2984 41 69
2985 76 93
2986 5 87
2987 9 108
2988 30 97
2989 13 23
2990 86 130
2991 87 112
2992 15 130
2993 35 118
2994 91 117
2995 55 107
2996 92 125
2997 96 120
2998 59 108
2999 111 126
3000 127 137
3001 84 92
3002 13 104
3003 70 91
3004 71 107
3005 90 135
3006 75 108
3007 21 24
3008 4 32
3009 39 66
3010 80 113
3011 8 35
3012 7 21
3013 95 97
3014 100 124
3015 104 119
3016 118 130
3017 33 45
3018 16 35
3019 73 86
3020 36 46
3021 92 131
3022 2 74
3023 41 61
3024 78 90
3025 117 133
3026 107 119
3027 84 133
3028 104 134
3029 103 118
3030 15 26
3031 71 137
3032 38 137
3033 76 84
3034 42 68
3035 6 102
3036 45 57
3037 10 109
3038 66 94
3039 49 62
3040 12 134
3041 13 16
3042 30 104
3043 31 122
3044 34 119
3045 86 133
3046 92 116
3047 55 96
3048 111 135
3049 3 6
3050 96 127
3051 84 91
3052 32 65
3053 70 82
3054 53 58
3055 57 63
3056 75 101
3057 4 47
3058 95 110
3059 99 107
3060 7 18
3061 100 123
3062 48 65
3063 47 139
3064 104 126
3065 105 112
3066 33 38
3067 16 26
3068 118 133
3069 73 95
3070 1 93
3071 121 131
3072 78 93
3073 79 81
3074 9 13
3075 84 140
3076 103 111
3077 15 99
3078 71 134
3079 108 122
3080 37 50
3081 112 125
3082 76 83
3083 77 91
3084 24 25
3085 6 89
3086 45 50
3087 10 20
3088 83 131
3089 49 55
3090 35 100
3091 108 137
3092 92 115
3093 55 121
3094 111 140
3095 3 15
3096 116 121
3097 8 66
3098 45 67
3099 28 29
3100 84 98
3101 85 92
3102 120 124
3103 33 78
3104 14 88
3105 90 137
3106 71 89
3107 57 64
3108 21 42
3109 4 22
3110 39 112
3111 80 111
3112 26 39
3113 7 11
3114 44 125
3115 28 140
3116 115 131
3117 105 121
3118 33 63
3119 16 17
3120 72 78
3121 36 92
3122 2 92
3123 41 47
3124 22 27
3125 79 94
3126 81 128
3127 84 139
3128 51 66
3129 52 124
3130 15 104
3131 108 113
3132 109 125
3133 19 109
3134 37 59
3135 112 116
3136 77 84
3137 42 54
3138 113 122
3139 10 31
3140 83 136
3141 30 90
3142 31 104
3143 108 128
3144 55 118
3145 40 96
3146 23 105
3147 117 126
3148 131 140
3149 120 131
3150 121 123
3151 84 105
3152 85 101
3153 14 35
3154 87 140
3155 71 86
3156 89 98
3157 1 62
3158 74 131
3159 4 29
3160 80 102
3161 115 136
3162 100 105
3163 28 139
3164 11 69
3165 12 77
3166 68 114
3167 33 48
3168 104 108
3169 72 117
3170 125 127
3171 36 91
3172 61 77
3173 27 69
3174 114 115
3175 119 140
3176 106 131
3177 109 118
3178 113 115
3179 42 49
3180 80 132
3181 133 134
3182 13 59
3183 1 134
3184 55 79
3185 97 138
3186 120 138
3187 121 124
3188 84 112
3189 85 110
3190 87 133
3191 89 107
3192 71 79
3193 1 55
3194 74 138
3195 58 64
3196 80 93
3197 28 130
3198 11 122
3199 48 118
3200 105 107
3201 72 124
3202 53 134
3203 36 66
3204 54 60
3205 73 114
3206 93 111
3207 94 135
3208 5 35
3209 61 70
3210 27 90
3211 119 133
3212 88 92
3213 106 138
3214 34 40
3215 17 32
3216 52 66
3217 109 111
3218 19 123
3219 37 45
3220 76 120
3221 113 116
3222 42 56
3223 60 130
3224 130 138
3225 62 63
3226 49 90
3227 85 134
3228 105 133
3229 14 130
3230 72 133
3231 55 68
3232 97 131
3233 60 113
3234 23 127
3235 8 119
3236 84 127
3237 85 119
3238 50 59
3239 14 45
3240 87 130
3241 89 108
3242 90 98
3243 1 8
3244 96 138
3245 80 84
3246 99 135
3247 7 118
3248 46 55
3249 11 115
3250 105 108
3251 124 133
3252 72 99
3253 73 123
3254 54 55
3255 37 69
3256 93 104
3257 22 44
3258 5 44
3259 97 109
3260 119 130
3261 34 35
3262 17 25
3263 76 119
3264 77 127
3265 130 133
3266 6 69
3267 82 138
3268 133 136
3269 49 83
3270 72 140
3271 38 63
3272 4 123
3273 97 132
3274 23 116
3275 25 26
3276 26 136
3277 28 97
3278 11 27
3279 85 112
3280 122 132
3281 33 106
3282 89 117
3283 90 109
3284 18 75
3285 109 138
3286 58 82
3287 76 136
3288 4 10
3289 5 132
3290 96 129
3291 26 59
3292 99 140
3293 46 62
3294 29 30
3295 12 122
3296 50 133
3297 72 106
3298 73 124
3299 36 112
3300 19 24
3301 93 97
3302 94 113
3303 128 140
3304 22 39
3305 5 21
3306 78 128
3307 97 102
3308 9 82
3309 27 40
3310 98 108
3311 131 137
3312 103 136
3313 16 140
3314 17 18
3315 34 58
3316 52 80
3317 19 137
3318 76 110
3319 77 120
3320 23 28
3321 81 125
3322 82 133
3323 101 114
3324 85 136
3325 14 140
3326 74 84
3327 55 90
3328 38 54
3329 110 128
3330 43 57
3331 64 66
3332 28 120
3333 11 16
3334 85 121
3335 33 99
3336 89 126
3337 90 116
3338 109 131
3339 1 26
3340 2 136
3341 57 101
3342 21 87
3343 22 79
3344 76 135
3345 25 140
3346 110 115
3347 46 65
3348 11 97
3349 121 128
3350 51 54
3351 15 36
3352 17 122
3353 36 127
3354 73 101
3355 2 59
3356 75 140
3357 93 122
3358 94 120
3359 5 30
3360 78 139
3361 62 65
3362 97 127
3363 98 103
3364 29 136
3365 103 129
3366 86 91
3367 34 53
3368 15 85
3369 76 101
3370 77 113
3371 81 118
3372 82 124
3373 135 138
3374 10 58
3375 101 123
3376 49 77
3377 102 123
3378 31 53
3379 106 118
3380 107 140
3381 74 95
3382 55 83
3383 38 41
3384 110 139
3385 43 62
3386 134 139
3387 28 119
3388 33 100
3389 90 127
3390 1 19
3391 110 122
3392 78 99
3393 27 137
3394 83 84
3395 101 130
3396 121 137
3397 12 104
3398 30 134
3399 51 63
3400 16 107
3401 15 45
3402 17 115
3403 36 102
3404 68 93
3405 2 50
3406 73 110
3407 75 133
3408 22 49
3409 5 7
3410 93 115
3411 94 99
3412 9 92
3413 10 82
3414 97 112
3415 98 126
3416 55 59
3417 21 135
3418 59 60
3419 77 106
3420 25 124
3421 81 111
3422 82 119
3423 10 37
3424 66 134
3425 49 70
3426 102 114
3427 31 50
3428 106 113
3429 107 133
3430 35 55
3431 75 92
3432 43 55
3433 8 19
3434 64 80
3435 65 70
3436 28 78
3437 11 14
3438 32 137
3439 73 134
3440 1 20
3441 110 125
3442 78 106
3443 43 68
3444 98 134
3445 7 90
3446 83 93
3447 101 139
3448 47 67
3449 30 137
3450 16 98
3451 36 109
3452 55 131
3453 2 13
3454 94 106
3455 98 121
3456 61 99
3457 64 137
3458 100 130
3459 118 124
3460 47 48
3461 87 89
3462 125 134
3463 112 133
3464 20 22
3465 77 99
3466 132 133
3467 81 96
3468 82 110
3469 10 44
3470 101 109
3471 102 117
3472 31 59
3473 14 97
3474 106 120
3475 35 60
3476 18 28
3477 91 139
3478 75 85
3479 38 91
3480 40 49
3481 107 122
3482 126 127
3483 43 44
3484 8 26
3485 33 118
3486 14 16
3487 1 109
3488 39 56
3489 114 123
3490 78 109
3491 79 97
3492 26 31
3493 44 69
3494 83 98
3495 98 129
3496 47 72
3497 12 30
3498 113 130
3499 69 91
3500 123 139
3501 126 132
3502 56 64
3503 2 4
3504 94 109
3505 77 139
3506 5 9
3507 6 137
3508 98 112
3509 100 137
3510 118 119
3511 119 127
3512 47 57
3513 86 108
3514 34 94
3515 20 29
3516 132 140
3517 6 24
3518 79 135
3519 81 89
3520 82 105
3521 102 108
3522 32 40
3523 31 32
3524 107 115
3525 35 37
3526 18 23
3527 91 128
3528 20 140
3529 40 56
3530 45 132
3531 28 92
3532 32 135
3533 14 27
3534 89 90
3535 53 68
3536 58 113
3537 21 107
3538 39 49
3539 78 116
3540 79 110
3541 44 60
3542 7 72
3543 83 107
3544 12 21
3545 68 74
3546 123 128
3547 2 31
3548 93 94
3549 77 132
3550 64 135
3551 9 119
3552 10 79
3553 137 138
3554 86 103
3555 87 111
3556 34 89
3557 89 129
3558 91 104
3559 20 36
3560 114 139
3561 132 139
3562 23 57
3563 6 19
3564 79 140
3565 81 82
3566 28 36
3567 82 96
3568 102 103
3569 32 47
3570 31 41
3571 14 115
3572 50 121
3573 35 42
3574 74 115
3575 20 139
3576 40 63
3577 4 77
3578 116 135
3579 11 53
3580 53 77
3581 54 117
3582 1 127
3583 39 46
3584 78 127
3585 79 119
3586 44 59
3587 7 65
3588 83 112
3589 46 100
3590 47 94
3591 48 62
3592 88 101
3593 16 87
3594 2 22
3595 94 95
3596 6 123
3597 62 100
3598 9 120
3599 86 126
3600 87 100
3601 52 58
3602 35 66
3603 89 138
3604 56 61
3605 91 97
3606 114 130
3607 60 74
3608 6 10
3609 82 91
3610 45 101
3611 32 38
3612 50 112
3613 14 122
3614 88 131
3615 71 127
3616 74 122
3617 75 120
3618 22 138
3619 95 117
3620 8 15
3621 7 41
3622 28 82
3623 11 42
3624 34 137
3625 53 86
3626 36 50
3627 79 124
3628 44 50
3629 9 16
3630 83 121
3631 48 53
3632 88 108
3633 51 96
3634 16 78
3635 19 75
3636 2 17
3637 9 97
3638 10 113
3639 102 134
3640 86 113
3641 87 125
3642 34 107
3643 91 102
3644 92 104
3645 3 18
3646 96 107
3647 60 65
3648 6 13
3649 45 94
3650 32 61
3651 50 107
3652 88 138
3653 71 116
3654 74 101
3655 75 113
3656 40 45
3657 39 79
3658 93 135
3659 95 114
3660 113 134
3661 8 54
3662 9 136
3663 63 69
3664 99 119
3665 11 35
3666 16 54
3667 72 83
3668 36 57
3669 1 73
3670 41 50
3671 22 124
3672 95 131
3673 9 25
3674 27 99
3675 83 126
3676 47 108
3677 88 115
3678 33 131
3679 36 136
3680 41 67
3681 67 105
3682 30 127
3683 13 29
3684 86 136
3685 87 122
3686 15 132
3687 91 127
3688 92 103
3689 55 109
3690 111 112
3691 3 27
3692 96 98
3693 127 131
3694 84 86
3695 32 52
3696 68 136
3697 53 55
3698 71 109
3699 74 108
3700 75 118
3701 93 128
3702 21 30
3703 4 58
3704 22 132
3705 39 68
3706 80 123
3707 7 31
3708 63 66
3709 95 123
3710 11 88
3711 47 132
3712 99 124
3713 33 43
3714 100 118
3715 72 90
3716 104 113
3717 1 66
3718 92 133
3719 41 59
3720 95 136
3721 78 80
3722 8 140
3723 47 117
3724 12 57
3725 88 122
3726 33 132
3727 52 96
3728 15 28
3729 103 120
3730 104 128
3731 19 89
3732 76 94
3733 41 68
3734 6 108
3735 45 63
3736 66 68
3737 67 110
3738 13 22
3739 86 131
3740 34 125
3741 35 121
3742 87 115
3743 91 116
3744 55 106
3745 92 126
3746 96 121
3747 111 121
3748 127 136
3749 8 85
3750 84 93
3751 14 79
3752 90 132
3753 71 106
3754 75 111
3755 38 113
3756 95 96
3757 80 114
3758 8 36
3759 7 20
3760 44 136
3761 99 101
3762 100 125
3763 104 120
3764 118 131
3765 33 44
3766 16 36
3767 73 85
3768 36 47
3769 1 91
3770 2 75
3771 41 60
3772 78 91
3773 117 132
3774 9 11
3775 84 134
3776 47 114
3777 12 48
3778 103 113
3779 104 135
3780 15 101
3781 17 59
3782 71 136
3783 108 124
3784 76 85
3785 42 69
3786 45 56
3787 49 61
3788 13 15
3789 15 138
3790 92 117
3791 55 99
3792 111 134
3793 3 9
3794 96 112
3795 45 73
3796 84 100
3797 32 66
3798 13 96
3799 53 57
3800 71 99
3801 57 62
3802 75 100
3803 95 105
3804 80 105
3805 99 106
3806 7 13
3807 48 66
3808 104 127
3809 105 119
3810 33 37
3811 16 27
3812 73 94
3813 1 92
3814 2 66
3815 129 135
3816 5 55
3817 79 80
3818 9 12
3819 10 130
3820 27 118
3821 47 123
3822 12 47
3823 103 110
3824 52 118
3825 108 123
3826 71 129
3827 56 113
3828 37 49
3829 112 126
3830 77 90
3831 24 26
3832 136 137
3833 45 49
3834 10 21
3835 66 86
3836 49 54
3837 83 130
3838 108 138
3839 1 139
3840 3 14
3841 96 119
3842 60 101
3843 116 122
3844 64 96
3845 45 66
3846 28 30
3847 84 99
3848 85 91
3849 32 89
3850 33 77
3851 120 125
3852 71 88
3853 1 36
3854 4 23
3855 80 96
3856 115 130
3857 7 10
3858 29 57
3859 105 120
3860 33 62
3861 16 18
3862 72 79
3863 36 93
3864 2 93
3865 41 46
3866 22 24
3867 79 89
3868 81 135
3869 51 69
3870 108 114
3871 109 124
3872 19 108
3873 37 58
3874 112 117
3875 77 83
3876 42 55
3877 113 121
3878 10 28
3879 83 139
3880 67 69
3881 35 108
3882 108 129
3883 1 140
3884 55 113
3885 117 125
3886 120 132
3887 121 122
3888 84 106
3889 85 100
3890 32 80
3891 33 70
3892 89 97
3893 70 77
3894 71 81
3895 74 128
3896 57 72
3897 58 70
3898 4 30
3899 80 103
3900 115 139
3901 44 117
3902 100 106
3903 104 109
3904 12 78
3905 33 55
3906 125 126
3907 72 118
3908 36 68
3909 37 82
3910 54 58
3911 5 57
3912 106 128
3913 34 46
3914 52 68
3915 109 117
3916 19 117
3917 113 114
3918 42 62
3919 60 132
3920 6 72
3921 80 133
3922 63 137
3923 105 131
3924 13 58
3925 118 135
3926 4 118
3927 97 137
3928 23 97
3929 120 139
3930 28 108
3931 84 113
3932 85 109
3933 87 132
3934 89 106
3935 71 78
3936 74 139
3937 58 65
3938 21 59
3939 4 5
3940 80 94
3941 99 129
3942 105 106
3943 72 125
3944 53 133
3945 54 61
3946 73 113
3947 93 110
3948 94 132
3949 97 107
3950 61 69
3951 7 137
3952 119 132
3953 88 93
3954 106 139
3955 34 41
3956 15 121
3957 52 67
3958 109 110
3959 19 122
3960 20 116
3961 37 44
3962 76 121
3963 42 57
3964 130 139
3965 10 14
3966 85 133
3967 105 132
3968 72 134
3969 18 62
3970 39 137
3971 97 130
3972 28 107
3973 84 120
3974 85 118
3975 32 110
3976 33 80
3977 14 50
3978 50 56
3979 89 115
3980 90 99
3981 1 15
3982 96 139
3983 4 12
3984 80 85
3985 43 91
3986 99 134
3987 46 52
3988 12 124
3989 124 134
3990 72 100
3991 73 122
3992 37 68
3993 93 103
3994 58 59
3995 22 45
3996 97 108
3997 7 134
3998 27 82
3999 17 24
4000 19 131
4001 20 115
4002 76 112
4003 77 126
4004 81 123
4005 82 139
4006 49 82
4007 30 76
4008 31 70
4009 18 57
4010 55 92
4011 38 60
4012 39 134
4013 23 119
4014 8 127
4015 26 137
4016 11 26
4017 29 108
4018 32 101
4019 50 51
4020 14 53
4021 85 127
4022 89 116
4023 18 72
4024 90 106
4025 57 99
4026 76 137
4027 96 130
4028 4 11
4029 109 137
4030 46 63
4031 48 101
4032 68 104
4033 72 107
4034 73 99
4035 36 113
4036 19 27
4037 93 96
4038 94 118
4039 131 136
4040 22 36
4041 5 20
4042 78 129
4043 97 101
4044 98 109
4045 103 139
4046 34 59
4047 15 79
4048 19 136
4049 20 122
4050 76 111
4051 77 119
4052 42 43
4053 23 31
4054 81 124
4055 82 130
4056 135 140
4057 10 48
4058 101 113
4059 50 91
4060 74 85
4061 55 85
4062 38 55
4063 110 129
4064 23 140
4065 43 56
4066 64 67
4067 11 19
4068 85 120
4069 32 124
4070 122 140
4071 89 125
4072 90 117
4073 109 130
4074 1 25
4075 2 137
4076 76 128
4077 110 112
4078 5 140
4079 44 89
4080 46 70
4081 121 135
4082 51 57
4083 16 117
4084 73 100
4085 128 132
4086 55 140
4087 93 121
4088 94 121
4089 22 63
4090 5 29
4091 78 136
4092 62 70
4093 9 90
4094 97 126
4095 98 100
4096 30 47
4097 86 88
4098 103 128
4099 16 132
4100 34 50
4101 55 61
4102 112 136
4103 76 102
4104 77 112
4105 81 117
4106 82 125
4107 10 59
4108 101 122
4109 102 120
4110 50 82
4111 106 119
4112 35 49
4113 74 92
4114 55 82
4115 38 46
4116 3 88
4117 40 68
4118 110 136
4119 43 49
4120 64 90
4121 134 136
4122 48 132
4123 33 123
4124 90 124
4125 1 18
4126 110 123
4127 58 101
4128 78 96
4129 98 140
4130 27 136
4131 83 87
4132 101 129
4133 47 69
4134 121 136
4135 51 62
4136 16 108
4137 15 44
4138 73 109
4139 55 133
4140 75 132
4141 93 114
4142 94 96
4143 4 136
4144 5 6
4145 22 54
4146 97 119
4147 98 127
4148 100 132
4149 118 122
4150 34 77
4151 125 140
4152 55 58
4153 59 63
4154 24 75
4155 77 105
4156 6 47
4157 81 110
4158 82 116
4159 102 115
4160 49 69
4161 50 77
4162 31 61
4163 106 126
4164 107 132
4165 35 54
4166 112 127
4167 75 95
4168 23 130
4169 8 20
4170 43 54
4171 28 79
4172 29 119
4173 53 113
4174 73 133
4175 1 107
4176 57 118
4177 22 94
4178 78 107
4179 98 135
4180 115 117
4181 83 92
4182 101 138
4183 47 66
4184 68 69
4185 126 130
4186 2 10
4187 94 107
4188 42 117
4189 5 15
4190 100 131
4191 10 90
4192 47 51
4193 86 106
4194 87 88
4195 34 68
4196 125 133
4197 112 134
4198 20 23
4199 122 133
4200 77 98
4201 132 134
4202 81 103
4203 82 111
4204 101 108
4205 102 106
4206 50 68
4207 13 80
4208 31 58
4209 106 121
4210 35 63
4211 18 29
4212 74 78
4213 75 84
4214 20 134
4215 40 50
4216 4 88
4217 91 138
4218 43 47
4219 8 27
4220 65 94
4221 33 117
4222 14 17
4223 1 108
4224 21 97
4225 39 59
4226 78 114
4227 79 96
4228 26 28
4229 7 82
4230 44 70
4231 83 101
4232 114 120
4233 12 31
4234 115 122
4235 123 138
4236 16 90
4237 17 108
4238 126 133
4239 56 65
4240 19 55
4241 2 5
4242 77 138
4243 5 8
4244 98 113
4245 9 77
4246 10 69
4247 100 138
4248 47 56
4249 119 126
4250 86 109
4251 122 123
4252 52 53
4253 20 30
4254 6 25
4255 79 134
4256 81 88
4257 82 102
4258 102 109
4259 32 41
4260 31 35
4261 107 114
4262 35 36
4263 18 20
4264 91 131
4265 75 77
4266 40 57
4267 28 93
4268 11 63
4269 14 24
4270 53 67
4271 39 48
4272 22 104
4273 78 117
4274 79 105
4275 44 61
4276 7 75
4277 83 106
4278 48 56
4279 11 140
4280 12 22
4281 47 80
4282 123 131
4283 15 59
4284 126 140
4285 2 28
4286 77 131
4287 5 113
4288 9 118
4289 86 100
4290 87 110
4291 34 86
4292 52 60
4293 89 128
4294 91 107
4295 114 136
4296 59 66
4297 6 16
4298 82 97
4299 50 118
4300 31 40
4301 106 107
4302 35 45
4303 74 112
4304 113 139
4305 4 78
4306 116 128
4307 8 9
4308 16 57
4309 36 52
4310 39 41
4311 78 124
4312 79 118
4313 44 52
4314 83 115
4315 46 101
4316 47 89
4317 12 13
4318 48 63
4319 88 102
4320 16 72
4321 2 23
4322 5 122
4323 9 127
4324 10 119
4325 102 140
4326 86 127
4327 87 103
4328 52 59
4329 35 69
4330 89 137
4331 56 62
4332 91 96
4333 20 44
4334 114 131
4335 6 11
4336 82 88
4337 32 39
4338 50 113
4339 14 123
4340 88 132
4341 71 126
4342 74 123
4343 75 123
4344 113 140
4345 4 53
4346 22 139
4347 95 116
4348 99 113
4349 9 134
4350 11 45
4351 34 134
4352 90 91
4353 36 51
4354 1 119
4355 2 127
4356 54 77
4357 22 122
4358 95 133
4359 79 127
4360 44 51
4361 9 23
4362 83 120
4363 48 54
4364 47 102
4365 88 109
4366 33 137
4367 16 79
4368 19 74
4369 6 115
4370 61 134
4371 102 135
4372 86 118
4373 87 124
4374 91 121
4375 92 105
4376 127 133
4377 3 21
4378 59 80
4379 60 66
4380 82 83
4381 28 59
4382 32 62
4383 88 139
4384 14 66
4385 71 119
4386 74 98
4387 75 112
4388 38 68
4389 40 46
4390 4 60
4391 22 130
4392 93 134
4393 8 55
4394 95 125
4395 63 68
4396 99 118
4397 113 133
4398 16 55
4399 72 84
4400 53 94
4401 36 58
4402 1 72
4403 2 118
4404 54 68
4405 41 49
4406 95 130
4407 9 24
4408 88 116
4409 33 130
4410 51 104
4411 15 22
4412 17 72
4413 36 137
4414 41 66
4415 42 80
4416 5 108
4417 13 28
4418 31 118
4419 86 137
4420 87 117
4421 91 126
4422 92 96
4423 55 108
4424 111 115
4425 3 26
4426 96 99
4427 127 130
4428 28 50
4429 84 87
4430 32 53
4431 50 99
4432 14 69
4433 53 54
4434 71 108
4435 74 109
4436 75 105
4437 21 29
4438 4 59
4439 22 133
4440 80 124
4441 8 62
4442 7 30
4443 63 77
4444 95 122
4445 47 135
4446 99 127
4447 100 119
4448 33 42
4449 104 114
4450 72 91
4451 73 83
4452 92 134
4453 41 58
4454 22 116
4455 78 81
4456 95 139
4457 104 129
4458 103 123
4459 88 123
4460 15 31
4461 56 100
4462 76 95
4463 42 91
4464 6 109
4465 45 62
4466 66 69
4467 49 59
4468 12 137
4469 13 21
4470 31 127
4471 67 81
4472 86 128
4473 87 114
4474 91 119
4475 55 101
4476 92 127
4477 96 122
4478 111 120
4479 127 139
4480 116 117
4481 84 94
4482 138 140
4483 90 133
4484 53 63
4485 71 101
4486 75 110
4487 38 118
4488 39 124
4489 95 99
4490 80 115
4491 8 37
4492 7 23
4493 99 100
4494 100 126
4495 104 121
4496 118 128
4497 33 35
4498 73 84
4499 36 40
4500 1 90
4501 2 72
4502 78 88
4503 26 66
4504 117 131
4505 84 135
4506 104 136
4507 103 112
4508 108 125
4509 71 139
4510 37 55
4511 112 120
4512 76 86
4513 42 66
4514 45 55
4515 66 92
4516 49 60
4517 13 14
4518 108 140
4519 92 118
4520 111 129
4521 3 8
4522 96 113
4523 23 85
4524 116 124
4525 84 101
4526 32 67
4527 90 140
4528 53 56
4529 71 98
4530 57 61
4531 75 103
4532 4 41
4533 80 106
4534 95 104
4535 8 44
4536 7 12
4537 99 109
4538 100 101
4539 105 118
4540 33 36
4541 16 28
4542 72 73
4543 73 93
4544 129 134
4545 79 83
4546 117 140
4547 103 105
4548 108 116
4549 71 128
4550 19 102
4551 20 88
4552 37 48
4553 76 77
4554 24 27
4555 77 89
4556 6 95
4557 80 136
4558 45 48
4559 10 18
4560 83 133
4561 49 53
4562 136 138
4563 108 139
4564 3 113
4565 23 82
4566 116 123
4567 45 65
4568 28 31
4569 84 108
4570 85 90
4571 32 90
4572 120 126
4573 1 59
4574 57 70
4575 38 96
4576 74 134
4577 4 16
4578 80 97
4579 115 133
4580 26 37
4581 100 108
4582 48 122
4583 105 127
4584 33 61
4585 16 19
4586 72 112
4587 36 94
4588 41 45
4589 22 25
4590 79 88
4591 81 134
4592 106 134
4593 51 68
4594 108 115
4595 109 123
4596 19 111
4597 20 103
4598 37 57
4599 77 82
4600 42 52
4601 5 64
4602 112 118
4603 113 120
4604 10 29
4605 83 138
4606 30 88
4607 35 111
4608 108 130
4609 55 112
4610 3 118
4611 8 75
4612 117 124
4613 120 133
4614 84 107
4615 85 99
4616 33 69
4617 14 33
4618 89 96
4619 71 80
4620 74 129
4621 57 79
4622 39 107
4623 4 31
4624 80 88
4625 115 138
4626 44 118
4627 100 107
4628 48 113
4629 104 110
4630 33 54
4631 72 119
4632 73 79
4633 36 69
4634 54 59
4635 94 130
4636 106 129
4637 34 47
4638 52 69
4639 109 116
4640 20 110
4641 42 63
4642 80 134
4643 105 130
4644 13 57
4645 72 128
4646 1 132
4647 55 73
4648 3 127
4649 4 119
4650 97 136
4651 120 140
4652 28 109
4653 84 114
4654 85 108
4655 32 104
4656 33 94
4657 14 40
4658 50 62
4659 71 73
4660 87 135
4661 1 53
4662 57 80
4663 74 136
4664 3 140
4665 4 6
4666 80 95
4667 43 101
4668 26 55
4669 44 109
4670 99 128
4671 46 50
4672 48 104
4673 124 136
4674 72 126
4675 53 132
4676 73 112
4677 37 90
4678 93 109
4679 94 133
4680 97 106
4681 61 68
4682 62 82
4683 7 136
4684 119 135
4685 30 59
4686 88 94
4687 106 136
4688 34 38
4689 19 125
4690 20 117
4691 37 43
4692 76 122
4693 130 136
4694 10 15
4695 85 132
4696 30 74
4697 105 139
4698 72 135
4699 55 70
4700 38 58
4701 97 129
4702 23 121
4703 64 118
4704 65 120
4705 84 121
4706 85 117
4707 50 57
4708 89 114
4709 90 96
4710 1 14
4711 96 140
4712 4 13
4713 80 86
4714 26 62
4715 44 100
4716 99 137
4717 46 53
4718 124 135
4719 72 101
4720 73 121
4721 19 21
4722 37 67
4723 93 102
4724 94 140
4725 5 42
4726 27 85
4727 17 31
4728 19 130
4729 76 113
4730 77 125
4731 24 119
4732 130 131
4733 81 122
4734 82 136
4735 101 119
4736 30 77
4737 31 65
4738 105 140
4739 38 61
4740 8 96
4741 64 77
4742 65 113
4743 11 29
4744 85 126
4745 32 102
4746 33 104
4747 89 123
4748 90 107
4749 53 101
4750 109 136
4751 1 7
4752 122 130
4753 76 138
4754 21 76
4755 22 74
4756 5 130
4757 25 137
4758 96 131
4759 46 60
4760 50 131
4761 16 127
4762 72 108
4763 73 98
4764 19 26
4765 93 127
4766 94 119
4767 131 139
4768 22 37
4769 5 19
4770 78 134
4771 97 100
4772 98 106
4773 103 138
4774 34 56
4775 52 82
4776 19 139
4777 20 123
4778 77 118
4779 23 30
4780 81 115
4781 82 131
4782 10 49
4783 101 112
4784 13 36
4785 107 137
4786 74 82
4787 55 84
4788 38 52
4789 3 82
4790 4 108
4791 110 134
4792 43 59
4793 64 68
4794 28 122
4795 11 18
4796 89 124
4797 90 114
4798 53 110
4799 109 129
4800 1 24
4801 2 134
4802 58 91
4803 21 85
4804 22 77
4805 76 129
4806 110 113
4807 44 90
4808 101 135
4809 121 134
4810 51 56
4811 16 118
4812 73 107
4813 128 133
4814 2 57
4815 93 120
4816 94 126
4817 4 130
4818 5 28
4819 78 137
4820 97 125
4821 27 35
4822 98 101
4823 103 131
4824 86 89
4825 34 51
4826 55 60
4827 112 137
4828 76 103
4829 77 111
4830 81 116
4831 82 122
4832 101 121
4833 102 121
4834 49 67
4835 50 83
4836 31 55
4837 106 116
4838 35 48
4839 74 93
4840 75 89
4841 38 47
4842 3 91
4843 40 69
4844 110 137
4845 43 48
4846 64 91
4847 65 67
4848 28 113
4849 134 137
4850 90 125
4851 73 131
4852 1 17
4853 110 120
4854 78 97
4855 43 65
4856 27 139
4857 83 86
4858 101 128
4859 47 68
4860 16 109
4861 15 47
4862 73 108
4863 55 132
4864 75 135
4865 93 113
4866 94 97
4867 22 55
4868 98 124
4869 100 133
4870 118 123
4871 47 53
4872 34 74
4873 125 139
4874 112 128
4875 77 104
4876 6 44
4877 81 109
4878 82 117
4879 10 35
4880 66 132
4881 49 68
4882 102 112
4883 31 60
4884 106 127
4885 107 135
4886 35 57
4887 75 94
4888 4 82
4889 8 21
4890 29 118
4891 14 15
4892 53 112
4893 73 132
4894 39 61
4895 114 126
4896 78 104
4897 43 70
4898 44 72
4899 98 132
4900 83 95
4901 101 137
4902 115 116
4903 68 70
4904 69 80
4905 126 131
4906 2 11
4907 94 104
4908 5 14
4909 98 119
4910 62 113
4911 9 75
4912 100 140
4913 47 50
4914 86 107
4915 87 91
4916 34 69
4917 125 132
4918 112 135
4919 77 97
4920 132 135
4921 25 75
4922 81 102
4923 82 108
4924 101 107
4925 102 107
4926 50 69
4927 107 124
4928 35 62
4929 18 26
4930 74 79
4931 75 87
4932 40 51
4933 114 122
4934 43 46
4935 8 28
4936 11 57
4937 14 22
4938 39 58
4939 114 121
4940 78 115
4941 79 99
4942 26 29
4943 7 77
4944 83 100
4945 115 125
4946 47 74
4947 12 24
4948 68 77
4949 16 91
4950 126 138
4951 56 66
4952 77 137
4953 5 119
4954 9 76
4955 27 54
4956 100 139
4957 47 59
4958 119 121
4959 86 98
4960 52 54
4961 20 31
4962 3 33
4963 115 123
4964 25 76
4965 6 30
4966 79 129
4967 81 95
4968 28 47
4969 82 103
4970 49 118
4971 32 42
4972 31 34
4973 107 117
4974 35 39
4975 18 21
4976 74 118
4977 75 76
4978 40 58
4979 91 130
4980 4 64
4981 14 25
4982 53 66
4983 57 135
4984 39 51
4985 78 122
4986 79 104
4987 44 62
4988 83 109
4989 48 57
4990 47 83
4991 12 23
4992 88 96
4993 123 130
4994 16 82
4995 2 29
4996 77 130
4997 24 50
4998 6 134
4999 9 117
5000 10 77
5001 102 138
5002 86 101
5003 87 105
5004 52 61
5005 89 135
5006 91 106
5007 114 137
5008 59 69
5009 60 77
5010 23 59
5011 6 17
5012 82 94
5013 32 33
5014 31 43
5015 50 119
5016 17 134
5017 35 44
5018 74 113
5019 113 138
5020 39 91
5021 116 129
5022 8 10
5023 28 85
5024 11 55
5025 36 53
5026 1 125
5027 39 40
5028 78 125
5029 79 113
5030 44 53
5031 83 114
5032 11 132
5033 12 14
5034 88 103
5035 17 93
5036 36 132
5037 2 20
5038 30 115
5039 86 124
5040 87 102
5041 34 110
5042 35 68
5043 89 136
5044 56 63
5045 114 128
5046 59 90
5047 60 68
5048 6 8
5049 82 89
5050 45 99
5051 49 96
5052 32 56
5053 50 110
5054 68 132
5055 88 133
5056 71 121
5057 74 120
5058 75 122
5059 38 66
5060 93 140
5061 22 136
5062 95 119
5063 113 131
5064 8 49
5065 99 112
5066 116 136
5067 11 44
5068 29 90
5069 34 135
5070 53 84
5071 36 60
5072 1 118
5073 54 66
5074 95 132
5075 79 126
5076 26 118
5077 9 22
5078 27 108
5079 48 55
5080 83 123
5081 88 110
5082 33 136
5083 19 77
5084 61 133
5085 27 29
5086 10 127
5087 102 132
5088 30 122
5089 86 119
5090 87 127
5091 91 120
5092 92 106
5093 127 132
5094 111 117
5095 3 20
5096 96 109
5097 60 67
5098 45 92
5099 32 63
5100 88 140
5101 71 118
5102 74 99
5103 75 115
5104 38 69
5105 40 47
5106 93 133
5107 95 124
5108 113 132
5109 99 121
5110 48 95
5111 72 85
5112 36 59
5113 1 79
5114 54 69
5115 92 136
5116 41 48
5117 59 138
5118 78 79
5119 9 31
5120 47 110
5121 103 125
5122 88 117
5123 15 17
5124 19 82
5125 41 65
5126 5 107
5127 6 107
5128 13 27
5129 87 116
5130 15 134
5131 91 113
5132 92 97
5133 111 114
5134 3 29
5135 59 104
5136 60 90
5137 8 80
