1 39 70
2 80 125
3 100 112
4 29 44
5 104 115
6 33 41
7 104 130
8 52 98
9 15 30
10 76 88
11 86 129
12 85 87
13 71 100
14 75 97
15 4 35
16 95 98
17 8 38
18 99 103
19 118 129
20 61 63
21 84 128
22 17 57
23 71 138
24 108 126
25 37 54
26 112 121
27 40 117
28 3 11
29 84 102
30 70 81
31 16 29
32 73 92
33 2 64
34 79 82
35 26 74
36 117 139
37 12 41
38 103 104
39 45 47
40 83 132
41 49 52
42 1 137
43 120 127
44 49 133
45 1 58
46 21 55
47 115 132
48 44 120
49 11 65
50 105 126
51 81 133
52 77 81
53 10 26
54 67 71
55 91 93
56 33 68
57 87 137
58 80 89
59 29 48
60 104 111
61 33 53
62 5 39
63 9 60
64 119 137
65 52 70
66 109 115
67 76 124
68 42 60
69 5 72
70 80 135
71 85 107
72 14 41
73 89 104
74 71 72
75 4 7
76 99 131
77 94 138
78 61 67
79 88 95
80 37 42
81 13 49
82 97 128
83 26 140
84 84 122
85 50 54
86 46 58
87 73 120
88 2 36
89 93 101
90 22 35
91 97 98
92 103 140
93 82 137
94 49 80
95 31 64
96 25 31
97 11 28
98 1 6
99 21 75
100 96 132
101 44 92
102 7 104
103 78 135
104 30 42
105 34 57
106 77 117
107 6 51
108 81 114
109 10 62
110 101 127
111 110 135
112 43 58
113 90 115
114 53 109
115 110 118
116 76 130
117 15 33
118 19 34
119 5 27
120 62 68
121 86 94
122 52 90
123 76 96
124 18 41
125 75 88
126 38 44
127 65 66
128 28 114
129 32 117
130 98 138
131 47 71
132 75 134
133 94 102
134 41 122
135 98 125
136 27 59
137 118 120
138 47 52
139 112 129
140 3 50
141 41 139
142 23 47
143 107 134
144 3 67
145 64 83
146 73 139
147 79 101
148 83 94
149 126 128
150 2 8
151 82 109
152 102 104
153 31 36
154 11 56
155 21 111
156 115 124
157 78 112
158 7 76
159 77 136
160 24 44
161 10 67
162 20 24
163 6 31
164 81 94
165 91 133
166 29 71
167 53 65
168 39 50
169 123 133
170 19 62
171 42 101
172 9 116
173 86 122
174 89 134
175 52 62
176 56 57
177 28 39
178 32 34
179 38 72
180 113 137
181 4 72
182 42 135
183 8 11
184 88 104
185 17 92
186 41 86
187 3 46
188 60 69
189 23 51
190 88 134
191 70 106
192 74 121
193 93 139
194 40 41
195 16 50
196 70 133
197 36 61
198 79 121
199 26 119
200 83 122
201 16 65
202 102 133
203 92 107
204 96 110
205 11 36
206 92 137
207 30 98
208 87 119
209 91 112
210 20 60
211 111 125
212 39 65
213 80 126
214 100 113
215 29 43
216 104 116
217 33 40
218 104 131
219 52 99
220 15 25
221 56 102
222 76 89
223 66 67
224 86 134
225 85 86
226 71 103
227 75 96
228 4 44
229 95 109
230 8 39
231 99 102
232 118 134
233 61 62
234 84 129
235 17 56
236 71 133
237 108 127
238 37 53
239 112 122
240 3 10
241 84 103
242 70 86
243 16 30
244 2 65
245 79 93
246 26 75
247 117 138
248 12 42
249 103 107
250 45 46
251 83 135
252 55 117
253 120 128
254 49 132
255 1 57
256 21 54
257 115 135
258 11 64
259 105 125
260 81 132
261 77 80
262 10 27
263 67 70
264 91 92
265 33 91
266 87 136
267 80 90
268 33 52
269 5 38
270 9 35
271 119 136
272 52 71
273 109 114
274 113 119
275 76 125
276 42 61
277 85 106
278 14 46
279 89 111
280 71 75
281 99 130
282 94 139
283 61 66
284 17 36
285 37 41
286 13 48
287 40 82
288 97 135
289 64 72
290 84 123
291 50 55
292 26 60
293 46 59
294 73 127
295 36 117
296 2 37
297 93 100
298 22 32
299 82 134
300 49 87
301 31 67
302 11 31
303 1 5
304 58 94
305 96 133
306 7 107
307 78 132
308 30 43
309 34 54
310 77 116
311 24 64
312 6 48
313 81 113
314 101 126
315 110 132
316 43 61
317 90 112
318 53 108
319 110 119
320 76 131
321 15 32
322 19 37
323 5 26
324 62 69
325 86 95
326 52 91
327 76 97
328 18 38
329 75 91
330 8 16
331 98 139
332 47 70
333 94 103
334 41 121
335 98 122
336 27 58
337 118 121
338 47 55
339 112 130
340 3 53
341 41 138
342 23 46
343 50 72
344 107 121
345 3 66
346 73 138
347 79 100
348 83 97
349 16 102
350 126 129
351 2 9
352 35 83
353 21 140
354 82 106
355 102 105
356 49 115
357 31 39
358 11 59
359 21 110
360 115 127
361 78 113
362 44 65
363 7 79
364 77 135
365 24 45
366 10 64
367 20 25
368 114 140
369 6 28
370 81 93
371 91 132
372 29 70
373 53 64
374 39 45
375 123 132
376 52 136
377 19 65
378 86 123
379 89 133
380 52 63
381 56 58
382 28 32
383 32 35
384 113 136
385 8 12
386 28 87
387 88 105
388 17 83
389 41 85
390 3 17
391 60 70
392 23 50
393 88 135
394 70 107
395 74 102
396 93 138
397 40 42
398 16 51
399 36 62
400 79 120
401 26 116
402 83 125
403 16 66
404 139 140
405 92 100
406 96 111
407 25 37
408 7 34
409 11 39
410 92 138
411 87 118
412 91 115
413 20 61
414 111 124
415 39 64
416 80 127
417 100 114
418 29 42
419 104 117
420 33 47
421 104 132
422 52 108
423 15 24
424 19 93
425 76 90
426 42 70
427 86 135
428 15 137
429 71 102
430 75 99
431 38 117
432 4 45
433 95 108
434 8 40
435 99 105
436 118 135
437 47 137
438 84 130
439 17 63
440 71 132
441 108 120
442 37 52
443 112 123
444 3 13
445 117 119
446 84 96
447 70 87
448 16 31
449 79 92
450 26 72
451 117 137
452 12 43
453 103 106
454 83 134
455 55 116
456 120 129
457 1 56
458 21 53
459 115 134
460 44 122
461 11 67
462 105 124
463 77 79
464 10 24
465 91 95
466 33 90
467 87 139
468 80 91
469 124 140
470 5 37
471 9 34
472 119 139
473 52 64
474 109 113
475 113 118
476 76 126
477 42 58
478 65 100
479 85 105
480 14 47
481 89 110
482 71 74
483 99 133
484 37 71
485 94 136
486 61 65
487 17 27
488 13 47
489 97 134
490 26 138
491 50 52
492 26 61
493 46 56
494 73 126
495 2 34
496 93 99
497 22 33
498 82 135
499 31 66
500 25 29
501 11 30
502 1 4
503 58 95
504 21 73
505 96 134
506 44 94
507 7 106
508 128 129
509 78 133
510 30 40
511 34 55
512 77 115
513 24 65
514 6 49
515 81 112
516 10 60
517 101 125
518 110 133
519 43 60
520 90 113
521 53 107
522 110 116
523 15 35
524 19 36
525 5 25
526 86 92
527 76 98
528 18 39
529 75 90
530 8 17
531 98 136
532 47 65
533 94 100
534 41 120
535 98 123
536 27 61
537 118 126
538 47 54
539 112 131
540 3 52
541 41 137
542 23 41
543 13 83
544 107 120
545 40 79
546 3 69
547 73 137
548 79 103
549 83 96
550 12 28
551 126 134
552 2 6
553 59 72
554 25 72
555 79 133
556 82 107
557 102 110
558 49 114
559 31 38
560 11 58
561 58 115
562 115 126
563 78 118
564 44 66
565 7 78
566 68 72
567 77 134
568 24 46
569 10 65
570 87 109
571 20 26
572 6 29
573 81 92
574 91 135
575 20 137
576 29 69
577 53 79
578 123 135
579 19 64
580 86 120
581 89 132
582 52 56
583 56 59
584 28 33
585 32 36
586 71 125
587 8 13
588 88 106
589 17 82
590 41 84
591 3 16
592 88 136
593 70 104
594 74 103
595 93 137
596 16 52
597 36 63
598 79 123
599 83 124
600 16 67
601 31 117
602 92 101
603 25 36
604 7 29
605 11 38
606 92 139
607 78 82
608 6 110
609 87 113
610 91 114
611 20 62
612 111 127
613 90 134
614 39 67
615 80 112
616 100 115
617 29 41
618 104 118
619 33 46
620 104 133
621 52 109
622 15 27
623 76 91
624 42 71
625 86 132
626 32 64
627 71 97
628 75 98
629 4 46
630 95 111
631 8 41
632 99 104
633 118 132
634 84 131
635 17 62
636 71 135
637 108 121
638 37 51
639 112 124
640 108 136
641 3 12
642 117 118
643 84 97
644 70 84
645 26 38
646 36 83
647 22 26
648 79 95
649 26 73
650 117 136
651 12 36
652 83 137
653 55 119
654 120 130
655 1 63
656 21 52
657 115 137
658 11 66
659 77 78
660 10 25
661 67 72
662 91 94
663 33 89
664 87 138
665 57 83
666 80 92
667 53 135
668 5 36
669 9 33
670 119 138
671 52 65
672 109 112
673 113 117
674 76 127
675 42 59
676 85 135
677 85 104
678 14 44
679 89 109
680 18 83
681 99 132
682 37 70
683 94 137
684 61 64
685 13 46
686 97 133
687 26 139
688 50 53
689 26 58
690 46 57
691 73 125
692 2 35
693 93 98
694 22 38
695 97 103
696 103 137
697 82 132
698 55 91
699 25 28
700 11 17
701 1 27
702 58 92
703 21 72
704 96 135
705 44 95
706 7 101
707 128 130
708 78 138
709 30 41
710 34 52
711 77 114
712 24 66
713 6 54
714 81 119
715 10 61
716 101 124
717 110 138
718 134 138
719 33 101
720 90 126
721 53 106
722 110 117
723 15 34
724 19 39
725 5 24
726 86 93
727 15 83
728 76 99
729 18 36
730 75 93
731 8 18
732 65 71
733 98 137
734 47 64
735 17 117
736 94 101
737 41 127
738 98 120
739 27 60
740 118 127
741 47 49
742 112 132
743 41 136
744 23 40
745 50 70
746 107 123
747 40 48
748 3 68
749 73 136
750 22 83
751 79 102
752 26 30
753 83 99
754 12 29
755 126 135
756 2 7
757 21 138
758 79 132
759 82 104
760 102 111
761 31 33
762 7 56
763 11 61
764 21 108
765 78 119
766 44 67
767 7 73
768 77 133
769 24 47
770 6 131
771 87 108
772 91 105
773 20 27
774 114 138
775 6 18
776 81 83
777 91 134
778 29 68
779 53 78
780 39 47
781 123 134
782 52 138
783 19 67
784 9 121
785 137 140
786 86 121
787 89 139
788 52 57
789 56 60
790 28 34
791 32 37
792 14 117
793 71 124
794 75 121
795 42 130
796 8 14
797 47 100
798 88 107
799 41 91
800 3 19
801 60 64
802 88 137
803 70 105
804 74 100
805 93 136
806 16 53
807 36 56
808 79 122
809 26 114
810 83 127
811 16 68
812 92 102
813 96 97
814 25 43
815 21 31
816 7 28
817 48 83
818 1 67
819 92 132
820 78 83
821 20 72
822 58 135
823 87 112
824 91 117
825 20 63
826 111 126
827 90 135
828 39 66
829 80 113
830 100 124
831 63 72
832 29 40
833 104 119
834 104 134
835 52 110
836 15 26
837 38 137
838 76 84
839 42 68
840 86 133
841 32 65
842 71 96
843 75 101
844 4 47
845 95 110
846 8 42
847 99 107
848 118 133
849 84 140
850 47 120
851 17 61
852 71 134
853 108 122
854 37 50
855 112 125
856 108 137
857 3 15
858 84 98
859 70 85
860 26 39
861 16 17
862 22 27
863 79 94
864 26 86
865 12 37
866 83 136
867 120 131
868 1 62
869 21 51
870 115 136
871 11 69
872 125 127
873 30 50
874 87 133
875 80 93
876 53 134
877 5 35
878 9 32
879 119 133
880 52 66
881 109 111
882 113 116
883 76 120
884 42 56
885 62 63
886 85 134
887 65 122
888 85 119
889 14 45
890 89 108
891 99 135
892 37 69
893 27 83
894 17 25
895 13 45
896 97 132
897 26 136
898 26 59
899 46 62
900 73 124
901 2 32
902 93 97
903 22 39
904 97 102
905 103 136
906 16 140
907 82 133
908 49 84
909 55 90
910 11 16
911 1 26
912 58 93
913 44 88
914 7 100
915 128 131
916 78 139
917 30 46
918 34 53
919 77 113
920 24 67
921 6 55
922 81 118
923 10 58
924 101 123
925 110 139
926 43 62
927 134 139
928 33 100
929 90 127
930 110 122
931 19 38
932 5 7
933 62 72
934 18 37
935 75 92
936 8 19
937 65 70
938 32 137
939 98 134
940 47 67
941 94 106
942 41 126
943 98 121
944 27 63
945 118 124
946 47 48
947 112 133
948 3 54
949 23 43
950 50 71
951 107 122
952 40 49
953 3 71
954 79 97
955 26 31
956 83 98
957 12 30
958 126 132
959 2 4
960 21 137
961 79 135
962 82 105
963 102 108
964 49 112
965 31 32
966 35 37
967 7 59
968 11 60
969 21 107
970 78 116
971 44 60
972 7 72
973 77 132
974 24 48
975 67 114
976 87 111
977 91 104
978 20 36
979 114 139
980 6 19
981 81 82
982 29 67
983 39 46
984 19 66
985 86 126
986 89 138
987 52 58
988 56 61
989 28 35
990 32 38
991 75 120
992 4 52
993 95 117
994 8 15
995 88 108
996 41 90
997 3 18
998 60 65
999 88 138
1000 70 110
1001 74 101
1002 93 135
1003 40 45
1004 16 54
1005 36 57
1006 26 115
1007 83 126
1008 16 69
1009 92 103
1010 96 98
1011 25 42
1012 21 30
1013 7 31
1014 1 66
1015 92 133
1016 78 80
1017 87 115
1018 91 116
1019 20 56
1020 111 121
1021 90 132
1022 80 114
1023 100 125
1024 29 39
1025 104 120
1026 33 44
1027 9 11
1028 104 135
1029 52 111
1030 76 85
1031 42 69
1032 32 66
1033 71 99
1034 75 100
1035 4 40
1036 95 105
1037 99 106
1038 108 123
1039 71 129
1040 37 49
1041 112 126
1042 108 138
1043 3 14
1044 23 83
1045 84 99
1046 70 74
1047 26 36
1048 16 18
1049 36 93
1050 22 24
1051 79 89
1052 26 87
1053 12 38
1054 83 139
1055 120 132
1056 1 61
1057 58 70
1058 21 50
1059 115 139
1060 44 117
1061 11 68
1062 125 126
1063 54 58
1064 30 51
1065 34 46
1066 6 72
1067 30 66
1068 105 131
1069 87 132
1070 80 94
1071 53 133
1072 5 34
1073 9 39
1074 119 132
1075 52 67
1076 109 110
1077 19 122
1078 76 121
1079 42 57
1080 85 133
1081 18 62
1082 85 118
1083 14 50
1084 89 115
1085 4 12
1086 99 134
1087 37 68
1088 61 94
1089 17 24
1090 26 137
1091 50 51
1092 26 56
1093 46 63
1094 73 99
1095 93 96
1096 22 36
1097 97 101
1098 103 139
1099 82 130
1100 135 140
1101 49 75
1102 55 85
1103 11 19
1104 1 25
1105 21 86
1106 44 89
1107 7 103
1108 128 132
1109 78 136
1110 30 47
1111 34 50
1112 77 112
1113 24 68
1114 6 52
1115 81 117
1116 10 59
1117 101 122
1118 110 136
1119 43 49
1120 134 136
1121 90 124
1122 53 104
1123 110 123
1124 15 44
1125 19 41
1126 5 6
1127 9 67
1128 100 132
1129 18 34
1130 75 95
1131 8 20
1132 65 69
1133 98 135
1134 47 66
1135 94 107
1136 41 125
1137 98 118
1138 27 62
1139 118 125
1140 47 51
1141 112 134
1142 3 57
1143 23 42
1144 50 68
1145 107 125
1146 74 78
1147 40 50
1148 3 70
1149 79 96
1150 26 28
1151 83 101
1152 12 31
1153 126 133
1154 2 5
1155 21 136
1156 79 134
1157 82 102
1158 102 109
1159 49 119
1160 31 35
1161 35 36
1162 7 58
1163 11 63
1164 1 101
1165 78 117
1166 44 61
1167 7 75
1168 77 131
1169 24 49
1170 87 110
1171 91 107
1172 20 37
1173 114 136
1174 6 16
1175 29 66
1176 53 76
1177 39 41
1178 19 69
1179 86 127
1180 89 137
1181 52 59
1182 32 39
1183 75 123
1184 113 140
1185 4 53
1186 95 116
1187 8 48
1188 99 113
1189 28 83
1190 95 133
1191 47 102
1192 88 109
1193 41 89
1194 127 133
1195 3 21
1196 60 66
1197 88 139
1198 70 111
1199 74 98
1200 93 134
1201 40 46
1202 16 55
1203 36 58
1204 26 112
1205 16 70
1206 92 96
1207 96 99
1208 25 41
1209 21 29
1210 1 65
1211 92 134
1212 78 81
1213 6 109
1214 87 114
1215 91 119
1216 20 57
1217 111 120
1218 138 140
1219 90 133
1220 80 115
1221 100 126
1222 29 38
1223 104 121
1224 33 35
1225 9 10
1226 104 136
1227 52 104
1228 76 86
1229 42 66
1230 32 67
1231 71 98
1232 75 103
1233 4 41
1234 95 104
1235 99 109
1236 17 51
1237 71 128
1238 108 116
1239 37 48
1240 112 127
1241 108 139
1242 84 108
1243 70 75
1244 74 134
1245 26 37
1246 16 19
1247 22 25
1248 79 88
1249 26 84
1250 12 39
1251 106 134
1252 83 138
1253 55 112
1254 120 133
1255 1 60
1256 58 71
1257 21 49
1258 115 138
1259 44 118
1260 11 71
1261 54 59
1262 30 48
1263 34 47
1264 30 67
1265 105 130
1266 87 135
1267 80 95
1268 124 136
1269 53 132
1270 9 38
1271 119 135
1272 52 76
1273 76 122
1274 85 132
1275 18 63
1276 38 58
1277 28 100
1278 85 117
1279 14 51
1280 89 114
1281 4 13
1282 99 137
1283 37 67
1284 94 140
1285 61 93
1286 17 31
1287 13 43
1288 40 87
1289 26 57
1290 46 60
1291 73 98
1292 2 62
1293 93 127
1294 22 37
1295 97 100
1296 103 138
1297 82 131
1298 11 18
1299 1 24
1300 7 102
1301 101 135
1302 128 133
1303 78 137
1304 30 44
1305 34 51
1306 77 111
1307 24 69
1308 6 53
1309 81 116
1310 10 56
1311 101 121
1312 110 137
1313 43 48
1314 134 137
1315 90 125
1316 53 119
1317 110 120
1318 43 65
1319 15 47
1320 19 40
1321 9 66
1322 100 133
1323 18 35
1324 75 94
1325 8 21
1326 65 68
1327 28 72
1328 14 15
1329 98 132
1330 47 77
1331 94 104
1332 41 124
1333 98 119
1334 27 49
1335 47 50
1336 112 135
1337 23 37
1338 50 69
1339 107 124
1340 74 79
1341 40 51
1342 79 99
1343 26 29
1344 83 100
1345 12 24
1346 126 138
1347 79 129
1348 82 103
1349 31 34
1350 35 39
1351 7 53
1352 11 62
1353 78 122
1354 7 74
1355 48 57
1356 77 130
1357 24 50
1358 87 105
1359 91 106
1360 20 38
1361 114 137
1362 6 17
1363 29 65
1364 53 75
1365 39 40
1366 19 68
1367 9 126
1368 86 124
1369 89 136
1370 28 61
1371 32 56
1372 75 122
1373 38 66
1374 113 131
1375 4 54
1376 95 119
1377 8 49
1378 99 112
1379 95 132
1380 88 110
1381 41 88
1382 27 29
1383 127 132
1384 3 20
1385 60 67
1386 88 140
1387 70 108
1388 74 99
1389 93 133
1390 40 47
1391 16 40
1392 36 59
1393 26 113
1394 12 60
1395 103 125
1396 16 71
1397 92 97
1398 96 100
1399 25 40
1400 21 28
1401 7 25
1402 11 90
1403 1 64
1404 92 135
1405 129 139
1406 78 86
1407 6 98
1408 91 118
1409 20 58
1410 111 123
1411 90 130
1412 57 59
1413 80 116
1414 100 127
1415 29 37
1416 104 122
1417 33 34
1418 104 137
1419 52 105
1420 15 103
1421 76 87
1422 42 67
1423 5 93
1424 32 68
1425 71 93
1426 75 102
1427 4 42
1428 95 107
1429 99 108
1430 27 72
1431 17 50
1432 71 131
1433 108 117
1434 108 132
1435 40 124
1436 84 109
1437 70 72
1438 74 135
1439 26 34
1440 16 20
1441 22 30
1442 79 91
1443 26 85
1444 12 32
1445 106 135
1446 1 130
1447 55 115
1448 120 134
1449 1 51
1450 58 68
1451 21 48
1452 44 119
1453 7 125
1454 11 70
1455 54 56
1456 30 49
1457 34 44
1458 30 64
1459 105 129
1460 87 134
1461 90 102
1462 124 137
1463 53 131
1464 5 32
1465 62 83
1466 9 37
1467 119 134
1468 76 123
1469 133 140
1470 85 131
1471 18 60
1472 38 59
1473 85 116
1474 14 48
1475 89 113
1476 4 14
1477 99 136
1478 37 66
1479 131 133
1480 51 90
1481 17 30
1482 13 42
1483 46 61
1484 16 112
1485 73 97
1486 93 126
1487 22 58
1488 97 123
1489 103 133
1490 82 128
1491 11 21
1492 1 31
1493 58 88
1494 21 84
1495 7 97
1496 101 134
1497 128 134
1498 10 86
1499 30 45
1500 34 48
1501 77 110
1502 24 70
1503 6 42
1504 81 107
1505 10 57
1506 101 120
1507 43 51
1508 33 121
1509 90 122
1510 53 118
1511 110 121
1512 43 64
1513 15 46
1514 19 43
1515 9 65
1516 100 134
1517 18 32
1518 75 81
1519 38 39
1520 4 83
1521 8 22
1522 98 133
1523 47 76
1524 94 105
1525 41 99
1526 98 116
1527 27 48
1528 47 61
1529 122 126
1530 3 59
1531 41 140
1532 23 36
1533 50 66
1534 107 127
1535 74 76
1536 40 52
1537 3 72
1538 73 140
1539 79 98
1540 83 103
1541 12 25
1542 126 139
1543 2 3
1544 79 128
1545 82 100
1546 49 117
1547 31 45
1548 106 110
1549 35 38
1550 7 52
1551 11 49
1552 58 124
1553 21 104
1554 78 123
1555 7 69
1556 48 58
1557 77 129
1558 24 51
1559 87 104
1560 91 109
1561 20 39
1562 114 134
1563 6 22
1564 81 87
1565 9 131
1566 29 64
1567 90 94
1568 53 74
1569 39 43
1570 19 71
1571 9 125
1572 86 125
1573 28 62
1574 32 57
1575 71 120
1576 75 125
1577 38 67
1578 113 130
1579 4 55
1580 95 118
1581 8 50
1582 99 115
1583 95 135
1584 88 111
1585 51 101
1586 41 95
1587 27 28
1588 127 135
1589 3 23
1590 23 72
1591 70 109
1592 74 96
1593 93 132
1594 16 41
1595 26 126
1596 46 117
1597 12 61
1598 103 124
1599 35 117
1600 92 98
1601 96 101
1602 25 47
1603 21 27
1604 7 24
1605 1 71
1606 92 128
1607 129 138
1608 78 87
1609 58 131
1610 67 83
1611 20 59
1612 111 122
1613 90 131
1614 53 61
1615 57 58
1616 80 117
1617 100 120
1618 29 36
1619 104 123
1620 104 138
1621 76 80
1622 42 64
1623 85 95
1624 32 69
1625 14 85
1626 71 92
1627 4 43
1628 95 106
1629 8 46
1630 99 111
1631 41 42
1632 84 136
1633 51 65
1634 17 49
1635 71 130
1636 108 118
1637 37 62
1638 112 113
1639 108 133
1640 84 110
1641 70 73
1642 74 132
1643 16 21
1644 22 31
1645 79 90
1646 12 33
1647 106 132
1648 83 140
1649 120 135
1650 1 50
1651 58 69
1652 21 63
1653 115 140
1654 7 124
1655 54 57
1656 30 54
1657 34 45
1658 20 104
1659 30 65
1660 105 128
1661 87 129
1662 90 103
1663 80 81
1664 124 138
1665 53 130
1666 5 47
1667 9 36
1668 119 129
1669 52 78
1670 76 116
1671 133 139
1672 85 130
1673 18 61
1674 85 115
1675 14 49
1676 89 112
1677 4 15
1678 99 139
1679 37 65
1680 94 114
1681 131 132
1682 17 29
1683 13 41
1684 22 72
1685 46 66
1686 121 131
1687 73 96
1688 36 124
1689 2 60
1690 93 125
1691 22 59
1692 97 122
1693 103 132
1694 82 129
1695 135 137
1696 49 72
1697 31 72
1698 55 86
1699 11 20
1700 1 30
1701 58 89
1702 21 83
1703 7 96
1704 101 133
1705 30 131
1706 128 135
1707 34 49
1708 77 109
1709 24 71
1710 6 43
1711 81 106
1712 10 38
1713 101 103
1714 43 50
1715 90 123
1716 110 126
1717 43 67
1718 15 41
1719 19 42
1720 9 64
1721 100 135
1722 18 33
1723 75 80
1724 8 23
1725 98 130
1726 47 79
1727 94 110
1728 41 98
1729 98 117
1730 27 51
1731 47 60
1732 122 127
1733 3 58
1734 23 39
1735 50 67
1736 107 126
1737 74 77
1738 40 53
1739 79 109
1740 26 27
1741 83 102
1742 69 71
1743 126 136
1744 79 131
1745 82 101
1746 49 116
1747 31 44
1748 106 111
1749 35 41
1750 116 132
1751 7 55
1752 11 48
1753 21 119
1754 78 120
1755 44 56
1756 7 68
1757 48 59
1758 77 128
1759 24 52
1760 87 107
1761 91 108
1762 20 32
1763 114 135
1764 6 23
1765 81 86
1766 9 130
1767 63 83
1768 90 95
1769 53 73
1770 39 42
1771 9 19
1772 19 70
1773 9 124
1774 86 114
1775 28 63
1776 32 58
1777 71 123
1778 75 124
1779 38 64
1780 113 129
1781 4 48
1782 95 113
1783 8 51
1784 99 114
1785 95 134
1786 47 99
1787 88 112
1788 41 94
1789 27 31
1790 127 134
1791 3 22
1792 70 98
1793 74 97
1794 93 131
1795 16 42
1796 36 37
1797 2 117
1798 12 62
1799 103 127
1800 92 99
1801 96 102
1802 21 26
1803 7 27
1804 48 72
1805 1 70
1806 92 129
1807 129 137
1808 78 84
1809 20 85
1810 111 133
1811 138 139
1812 90 128
1813 53 60
1814 80 118
1815 100 121
1816 29 35
1817 104 124
1818 9 15
1819 104 139
1820 52 107
1821 76 81
1822 42 65
1823 8 64
1824 85 94
1825 32 70
1826 71 95
1827 4 20
1828 8 47
1829 99 110
1830 84 137
1831 51 64
1832 17 48
1833 108 119
1834 37 61
1835 112 114
1836 108 134
1837 84 111
1838 70 78
1839 74 133
1840 26 32
1841 12 83
1842 16 22
1843 73 75
1844 22 28
1845 12 34
1846 106 133
1847 120 136
1848 1 49
1849 21 62
1850 44 113
1851 7 127
1852 54 62
1853 7 140
1854 30 55
1855 34 42
1856 105 135
1857 33 83
1858 87 128
1859 90 100
1860 80 82
1861 124 139
1862 53 129
1863 5 46
1864 9 43
1865 119 128
1866 52 79
1867 15 69
1868 76 117
1869 133 138
1870 85 129
1871 18 58
1872 38 57
1873 122 134
1874 85 114
1875 32 98
1876 14 54
1877 89 119
1878 109 140
1879 4 8
1880 99 138
1881 37 64
1882 94 115
1883 131 135
1884 98 110
1885 17 28
1886 13 40
1887 74 86
1888 46 67
1889 121 130
1890 73 103
1891 2 61
1892 93 124
1893 22 56
1894 97 121
1895 103 135
1896 25 117
1897 82 126
1898 135 136
1899 49 79
1900 11 23
1901 1 29
1902 58 102
1903 21 82
1904 7 99
1905 101 132
1906 68 83
1907 78 140
1908 77 108
1909 24 72
1910 6 40
1911 81 105
1912 10 39
1913 101 102
1914 110 140
1915 43 53
1916 134 140
1917 90 120
1918 53 116
1919 110 127
1920 43 66
1921 15 40
1922 19 45
1923 9 71
1924 100 128
1925 86 87
1926 18 30
1927 75 83
1928 8 24
1929 14 18
1930 98 131
1931 47 78
1932 94 111
1933 41 97
1934 98 114
1935 27 50
1936 47 63
1937 122 124
1938 3 61
1939 23 38
1940 50 64
1941 107 113
1942 17 137
1943 40 54
1944 79 108
1945 83 105
1946 12 27
1947 69 70
1948 16 94
1949 126 137
1950 59 65
1951 79 130
1952 82 98
1953 49 107
1954 31 47
1955 106 108
1956 35 40
1957 116 133
1958 11 51
1959 58 122
1960 78 121
1961 7 71
1962 11 128
1963 24 53
1964 10 72
1965 87 106
1966 91 111
1967 20 33
1968 114 132
1969 6 20
1970 81 85
1971 9 129
1972 90 92
1973 53 72
1974 9 18
1975 42 106
1976 86 115
1977 32 59
1978 75 127
1979 38 65
1980 113 128
1981 4 49
1982 95 112
1983 8 52
1984 99 117
1985 95 129
1986 47 98
1987 88 113
1988 41 93
1989 27 30
1990 13 31
1991 127 129
1992 3 25
1993 70 99
1994 74 110
1995 93 130
1996 16 43
1997 36 38
1998 26 124
1999 12 63
2000 103 126
2001 92 124
2002 55 104
2003 96 103
2004 21 25
2005 7 26
2006 54 83
2007 1 69
2008 92 130
2009 129 136
2010 78 85
2011 58 129
2012 111 132
2013 90 129
2014 80 119
2015 100 122
2016 29 34
2017 104 125
2018 33 39
2019 9 14
2020 104 140
2021 52 116
2022 38 131
2023 76 82
2024 8 65
2025 85 93
2026 32 71
2027 71 94
2028 4 21
2029 84 138
2030 51 67
2031 17 55
2032 108 112
2033 37 60
2034 112 115
2035 108 135
2036 117 127
2037 84 104
2038 70 79
2039 74 130
2040 26 33
2041 16 23
2042 73 74
2043 22 29
2044 26 80
2045 12 35
2046 106 130
2047 1 135
2048 120 137
2049 1 48
2050 58 67
2051 21 61
2052 7 126
2053 54 63
2054 30 52
2055 34 43
2056 30 71
2057 105 134
2058 87 131
2059 90 101
2060 80 83
2061 124 132
2062 53 128
2063 5 45
2064 9 42
2065 119 131
2066 52 72
2067 15 68
2068 76 118
2069 133 137
2070 85 128
2071 18 59
2072 38 62
2073 122 135
2074 85 113
2075 14 55
2076 89 118
2077 109 139
2078 4 9
2079 94 112
2080 131 134
2081 98 111
2082 27 41
2083 17 19
2084 23 29
2085 13 39
2086 74 87
2087 64 65
2088 46 64
2089 121 129
2090 73 102
2091 2 58
2092 93 123
2093 22 57
2094 97 120
2095 103 134
2096 82 127
2097 135 139
2098 102 122
2099 11 22
2100 1 28
2101 21 81
2102 78 98
2103 44 86
2104 7 98
2105 101 131
2106 10 85
2107 77 107
2108 6 41
2109 81 104
2110 10 36
2111 43 52
2112 33 126
2113 90 121
2114 53 115
2115 110 124
2116 43 69
2117 15 43
2118 19 44
2119 42 119
2120 9 70
2121 100 129
2122 18 31
2123 75 82
2124 8 25
2125 28 68
2126 14 19
2127 98 128
2128 47 73
2129 94 108
2130 98 115
2131 27 53
2132 47 62
2133 122 125
2134 3 60
2135 23 33
2136 50 65
2137 107 112
2138 74 75
2139 40 55
2140 79 111
2141 83 104
2142 12 20
2143 2 30
2144 93 95
2145 59 64
2146 82 99
2147 31 46
2148 106 109
2149 35 43
2150 116 134
2151 7 49
2152 11 50
2153 78 126
2154 7 70
2155 48 61
2156 24 54
2157 87 101
2158 34 83
2159 91 110
2160 20 34
2161 114 133
2162 6 21
2163 81 84
2164 90 93
2165 53 87
2166 33 139
2167 19 72
2168 66 117
2169 86 112
2170 89 140
2171 28 57
2172 32 60
2173 71 117
2174 75 126
2175 38 70
2176 113 135
2177 4 50
2178 95 115
2179 99 116
2180 41 51
2181 95 128
2182 88 114
2183 41 92
2184 13 30
2185 127 128
2186 3 24
2187 23 69
2188 84 85
2189 70 96
2190 74 111
2191 93 129
2192 36 39
2193 26 125
2194 12 56
2195 103 121
2196 92 125
2197 96 120
2198 25 44
2199 1 43
2200 21 24
2201 7 21
2202 1 68
2203 92 131
2204 78 90
2205 20 87
2206 111 135
2207 57 63
2208 80 104
2209 100 123
2210 29 33
2211 104 126
2212 33 38
2213 52 117
2214 19 100
2215 76 83
2216 8 66
2217 28 29
2218 85 92
2219 71 89
2220 38 98
2221 4 22
2222 41 47
2223 84 139
2224 51 66
2225 17 54
2226 108 113
2227 37 59
2228 112 116
2229 108 128
2230 117 126
2231 121 123
2232 84 105
2233 70 76
2234 74 131
2235 26 46
2236 26 81
2237 106 131
2238 120 138
2239 1 55
2240 58 64
2241 7 121
2242 105 107
2243 54 60
2244 34 40
2245 6 66
2246 30 68
2247 105 133
2248 87 130
2249 90 98
2250 80 84
2251 124 133
2252 5 44
2253 9 41
2254 119 130
2255 52 73
2256 15 71
2257 76 119
2258 133 136
2259 18 56
2260 38 63
2261 122 132
2262 85 112
2263 14 52
2264 89 117
2265 109 138
2266 4 10
2267 99 140
2268 94 113
2269 131 137
2270 98 108
2271 27 40
2272 17 18
2273 23 28
2274 13 38
2275 74 84
2276 64 66
2277 46 65
2278 121 128
2279 73 101
2280 2 59
2281 93 122
2282 22 62
2283 97 127
2284 103 129
2285 16 131
2286 82 124
2287 135 138
2288 102 123
2289 31 53
2290 106 118
2291 1 19
2292 58 100
2293 21 80
2294 78 99
2295 44 87
2296 7 93
2297 101 130
2298 77 106
2299 6 46
2300 81 111
2301 10 37
2302 43 55
2303 53 114
2304 110 125
2305 43 68
2306 15 42
2307 19 47
2308 9 69
2309 100 130
2310 132 133
2311 18 28
2312 75 85
2313 8 26
2314 28 69
2315 14 16
2316 98 129
2317 47 72
2318 94 109
2319 41 103
2320 98 112
2321 27 52
2322 118 119
2323 47 57
2324 3 63
2325 23 32
2326 107 115
2327 40 56
2328 79 110
2329 26 102
2330 83 107
2331 12 21
2332 2 31
2333 93 94
2334 59 67
2335 79 140
2336 82 96
2337 102 103
2338 31 41
2339 35 42
2340 116 135
2341 11 53
2342 58 120
2343 21 116
2344 78 127
2345 7 65
2346 48 62
2347 24 55
2348 87 100
2349 91 97
2350 20 35
2351 114 130
2352 6 10
2353 9 16
2354 33 138
2355 42 104
2356 86 113
2357 28 58
2358 32 61
2359 71 116
2360 75 113
2361 113 134
2362 38 71
2363 4 51
2364 42 138
2365 95 114
2366 8 54
2367 99 119
2368 41 50
2369 95 131
2370 88 115
2371 41 67
2372 13 29
2373 127 131
2374 3 27
2375 23 68
2376 84 86
2377 70 97
2378 74 108
2379 93 128
2380 26 122
2381 12 57
2382 103 120
2383 92 126
2384 55 106
2385 96 121
2386 1 42
2387 21 39
2388 7 20
2389 78 91
2390 6 103
2391 67 87
2392 111 134
2393 53 57
2394 57 62
2395 80 105
2396 29 32
2397 104 127
2398 5 55
2399 9 12
2400 52 118
2401 56 113
2402 136 137
2403 8 67
2404 28 30
2405 85 91
2406 71 88
2407 4 23
2408 41 46
2409 51 69
2410 17 53
2411 108 114
2412 112 117
2413 108 129
2414 117 125
2415 121 122
2416 84 106
2417 70 77
2418 74 128
2419 36 68
2420 26 94
2421 106 128
2422 120 139
2423 1 54
2424 58 65
2425 21 59
2426 7 120
2427 105 106
2428 54 61
2429 7 137
2430 30 58
2431 34 41
2432 6 67
2433 10 14
2434 30 69
2435 105 132
2436 90 99
2437 80 85
2438 124 134
2439 5 43
2440 9 40
2441 52 74
2442 15 70
2443 76 112
2444 18 57
2445 38 60
2446 28 98
2447 122 133
2448 85 127
2449 14 53
2450 89 116
2451 18 72
2452 109 137
2453 4 11
2454 94 118
2455 131 136
2456 98 109
2457 27 43
2458 23 31
2459 13 37
2460 74 85
2461 3 83
2462 64 67
2463 46 70
2464 121 135
2465 16 117
2466 73 100
2467 2 56
2468 93 121
2469 22 63
2470 97 126
2471 103 128
2472 55 61
2473 82 125
2474 102 120
2475 31 52
2476 106 119
2477 35 49
2478 1 18
2479 21 95
2480 78 96
2481 7 92
2482 101 129
2483 10 83
2484 125 140
2485 77 105
2486 6 47
2487 81 110
2488 10 34
2489 43 54
2490 43 71
2491 15 53
2492 19 46
2493 42 117
2494 5 15
2495 9 68
2496 100 131
2497 86 106
2498 132 134
2499 14 102
2500 18 29
2501 75 84
2502 8 27
2503 65 94
2504 28 70
2505 14 17
2506 98 113
2507 27 55
2508 47 56
2509 122 123
2510 3 62
2511 23 35
2512 107 114
2513 70 122
2514 40 57
2515 79 105
2516 26 103
2517 83 106
2518 12 22
2519 16 81
2520 126 140
2521 59 66
2522 82 97
2523 49 104
2524 31 40
2525 106 107
2526 35 45
2527 116 128
2528 11 52
2529 21 115
2530 78 124
2531 44 52
2532 48 63
2533 24 56
2534 87 103
2535 91 96
2536 20 44
2537 114 131
2538 6 11
2539 90 91
2540 53 85
2541 9 23
2542 86 118
2543 28 59
2544 32 62
2545 14 66
2546 71 119
2547 75 112
2548 38 68
2549 113 133
2550 4 60
2551 95 125
2552 8 55
2553 99 118
2554 41 49
2555 95 130
2556 88 116
2557 17 72
2558 41 66
2559 13 28
2560 127 130
2561 3 26
2562 23 71
2563 84 87
2564 74 109
2565 16 46
2566 73 83
2567 26 123
2568 12 58
2569 103 123
2570 45 62
2571 49 59
2572 92 127
2573 55 101
2574 96 122
2575 25 50
2576 116 117
2577 1 41
2578 21 38
2579 44 137
2580 7 23
2581 78 88
2582 6 100
2583 111 129
2584 90 140
2585 53 56
2586 57 61
2587 80 106
2588 100 101
2589 29 63
2590 33 36
2591 5 54
2592 9 51
2593 19 102
2594 76 77
2595 5 71
2596 80 136
2597 136 138
2598 66 87
2599 8 68
2600 28 31
2601 85 90
2602 71 91
2603 4 16
2604 51 68
2605 17 52
2606 108 115
2607 37 57
2608 112 118
2609 108 130
2610 117 124
2611 84 107
2612 74 129
2613 26 44
2614 73 79
2615 36 69
2616 26 95
2617 106 129
2618 31 83
2619 120 140
2620 1 53
2621 58 78
2622 21 58
2623 7 123
2624 7 136
2625 30 59
2626 34 38
2627 20 117
2628 6 64
2629 10 15
2630 105 139
2631 33 87
2632 90 96
2633 80 86
2634 124 135
2635 19 21
2636 5 42
2637 9 47
2638 52 75
2639 15 65
2640 19 130
2641 76 113
2642 18 54
2643 38 61
2644 65 113
2645 122 130
2646 85 126
2647 89 123
2648 109 136
2649 75 137
2650 94 119
2651 131 139
2652 98 106
2653 27 42
2654 23 30
2655 13 36
2656 107 137
2657 74 82
2658 64 68
2659 46 71
2660 121 134
2661 16 118
2662 73 107
2663 2 57
2664 93 120
2665 22 60
2666 97 125
2667 103 131
2668 55 60
2669 82 122
2670 102 121
2671 49 67
2672 31 55
2673 106 116
2674 35 48
2675 1 17
2676 58 98
2677 78 97
2678 7 95
2679 101 128
2680 125 139
2681 77 104
2682 6 44
2683 81 109
2684 10 35
2685 33 115
2686 53 112
2687 114 126
2688 39 61
2689 43 70
2690 15 52
2691 19 49
2692 5 14
2693 100 140
2694 86 107
2695 132 135
2696 75 87
2697 8 28
2698 65 93
2699 28 71
2700 14 22
2701 47 74
2702 41 101
2703 27 54
2704 47 59
2705 3 33
2706 23 34
2707 13 72
2708 107 117
2709 70 123
2710 74 118
2711 40 58
2712 70 138
2713 79 104
2714 26 100
2715 83 109
2716 12 23
2717 2 29
2718 102 138
2719 59 69
2720 82 94
2721 49 111
2722 31 43
2723 35 44
2724 116 129
2725 7 50
2726 11 55
2727 21 114
2728 78 125
2729 44 53
2730 7 67
2731 24 57
2732 87 102
2733 91 99
2734 20 45
2735 114 128
2736 6 8
2737 53 84
2738 9 22
2739 9 103
2740 86 119
2741 28 52
2742 32 63
2743 14 67
2744 71 118
2745 75 115
2746 113 132
2747 38 69
2748 4 61
2749 95 124
2750 8 56
2751 99 121
2752 41 48
2753 47 110
2754 88 117
2755 41 65
2756 13 27
2757 3 29
2758 23 70
2759 70 103
2760 74 106
2761 16 47
2762 73 82
2763 22 117
2764 12 59
2765 103 122
2766 45 61
2767 49 58
2768 92 120
2769 96 123
2770 116 118
2771 49 139
2772 1 40
2773 21 37
2774 7 22
2775 129 140
2776 78 89
2777 81 139
2778 77 95
2779 111 128
2780 33 74
2781 57 60
2782 80 107
2783 100 102
2784 29 62
2785 33 59
2786 5 53
2787 52 112
2788 76 78
2789 5 70
2790 80 137
2791 136 139
2792 8 69
2793 85 89
2794 71 90
2795 4 17
2796 41 44
2797 27 65
2798 51 71
2799 17 43
2800 37 56
2801 112 119
2802 13 63
2803 108 131
2804 40 99
2805 117 123
2806 84 116
2807 26 45
2808 12 72
2809 73 78
2810 36 70
2811 55 72
2812 1 52
2813 58 79
2814 21 57
2815 44 110
2816 7 122
2817 58 62
2818 7 139
2819 30 56
2820 34 39
2821 6 65
2822 10 12
2823 105 138
2824 90 97
2825 76 140
2826 80 87
2827 124 128
2828 53 140
2829 19 20
2830 9 46
2831 52 84
2832 15 64
2833 76 114
2834 42 46
2835 85 140
2836 18 55
2837 38 50
2838 28 124
2839 122 131
2840 85 125
2841 14 59
2842 89 122
2843 109 135
2844 75 136
2845 94 116
2846 131 138
2847 98 107
2848 17 23
2849 23 25
2850 13 35
2851 107 136
2852 74 83
2853 64 69
2854 22 66
2855 46 68
2856 121 133
2857 73 106
2858 36 122
2859 2 54
2860 93 119
2861 22 61
2862 97 124
2863 103 130
2864 16 134
2865 82 123
2866 102 126
2867 49 66
2868 31 54
2869 106 117
2870 35 51
2871 1 16
2872 58 99
2873 21 93
2874 78 102
2875 7 94
2876 87 93
2877 125 138
2878 77 103
2879 6 45
2880 81 108
2881 10 32
2882 29 117
2883 33 114
2884 53 127
2885 39 60
2886 114 127
2887 15 55
2888 19 48
2889 42 115
2890 5 13
2891 9 74
2892 86 104
2893 18 27
2894 75 86
2895 8 29
2896 28 64
2897 32 131
2898 14 23
2899 47 85
2900 17 98
2901 41 100
2902 47 58
2903 3 32
2904 23 61
2905 13 71
2906 107 116
2907 70 120
2908 74 119
2909 40 59
2910 70 139
2911 79 107
2912 26 101
2913 83 108
2914 12 16
2915 16 83
2916 2 26
2917 102 139
2918 35 94
2919 59 68
2920 79 137
2921 82 95
2922 49 110
2923 31 42
2924 35 47
2925 116 130
2926 11 54
2927 54 72
2928 21 113
2929 7 66
2930 48 49
2931 24 58
2932 10 117
2933 87 97
2934 91 98
2935 20 46
2936 114 129
2937 6 9
2938 39 83
2939 53 83
2940 9 21
2941 19 76
2942 86 116
2943 28 53
2944 32 48
2945 14 64
2946 75 114
2947 38 122
2948 4 62
2949 42 137
2950 95 127
2951 8 57
2952 99 120
2953 41 55
2954 95 140
2955 88 118
2956 41 64
2957 127 140
2958 3 28
2959 23 65
2960 70 100
2961 74 107
2962 16 32
2963 73 81
2964 26 121
2965 46 124
2966 12 52
2967 103 117
2968 45 60
2969 49 57
2970 92 121
2971 55 103
2972 96 124
2973 25 48
2974 116 119
2975 49 138
2976 1 47
2977 21 36
2978 7 17
2979 105 115
2980 129 131
2981 78 94
2982 81 138
2983 20 83
2984 77 94
2985 111 131
2986 33 73
2987 90 138
2988 57 67
2989 80 108
2990 100 103
2991 29 61
2992 33 58
2993 124 125
2994 5 52
2995 9 49
2996 76 79
2997 5 69
2998 80 138
2999 136 140
3000 85 88
3001 32 92
3002 71 85
3003 4 18
3004 27 64
3005 51 70
3006 17 42
3007 108 109
3008 37 39
3009 13 62
3010 117 122
3011 121 127
3012 84 117
3013 26 42
3014 73 77
3015 36 71
3016 26 93
3017 92 93
3018 1 11
3019 58 76
3020 21 56
3021 7 117
3022 105 111
3023 58 63
3024 7 138
3025 30 57
3026 34 36
3027 6 70
3028 30 72
3029 105 137
3030 90 110
3031 124 129
3032 53 139
3033 19 23
3034 5 40
3035 9 45
3036 52 85
3037 15 67
3038 76 115
3039 42 47
3040 85 139
3041 18 52
3042 38 51
3043 122 128
3044 85 124
3045 14 56
3046 89 121
3047 18 71
3048 109 134
3049 51 53
3050 75 139
3051 94 117
3052 98 104
3053 27 44
3054 17 22
3055 23 24
3056 13 34
3057 107 139
3058 74 80
3059 40 64
3060 64 70
3061 22 67
3062 46 69
3063 121 132
3064 16 104
3065 73 105
3066 55 137
3067 2 55
3068 93 118
3069 22 50
3070 97 115
3071 82 120
3072 102 127
3073 49 65
3074 31 49
3075 106 114
3076 35 50
3077 11 13
3078 1 23
3079 21 92
3080 78 103
3081 7 89
3082 87 92
3083 34 72
3084 125 137
3085 77 102
3086 6 34
3087 81 99
3088 39 63
3089 114 124
3090 15 54
3091 19 51
3092 42 112
3093 5 12
3094 86 105
3095 18 24
3096 8 30
3097 28 65
3098 14 20
3099 41 107
3100 3 35
3101 23 60
3102 107 119
3103 70 121
3104 74 116
3105 70 136
3106 79 106
3107 26 98
3108 83 111
3109 12 17
3110 2 27
3111 102 136
3112 35 65
3113 59 71
3114 79 136
3115 82 92
3116 35 46
3117 116 131
3118 7 44
3119 11 41
3120 1 115
3121 21 112
3122 44 55
3123 48 50
3124 24 59
3125 87 96
3126 91 101
3127 20 47
3128 6 14
3129 53 82
3130 9 20
3131 86 117
3132 28 54
3133 32 49
3134 14 65
3135 71 112
3136 75 117
3137 4 63
3138 95 126
3139 8 58
3140 99 123
3141 41 54
3142 47 104
3143 88 119
3144 41 71
3145 3 31
3146 23 64
3147 70 101
3148 74 104
3149 16 33
3150 73 80
3151 36 44
3152 26 70
3153 117 135
3154 12 53
3155 103 116
3156 45 59
3157 49 56
3158 92 122
3159 55 102
3160 96 125
3161 25 55
3162 49 137
3163 1 46
3164 21 35
3165 7 16
3166 105 114
3167 129 130
3168 78 95
3169 81 137
3170 20 92
3171 77 93
3172 10 22
3173 111 130
3174 33 72
3175 90 139
3176 57 66
3177 80 109
3178 29 60
3179 33 57
3180 124 126
3181 5 51
3182 109 127
3183 42 72
3184 5 68
3185 80 139
3186 8 71
3187 85 103
3188 32 93
3189 38 103
3190 4 19
3191 28 137
3192 27 67
3193 17 41
3194 108 110
3195 37 38
3196 13 61
3197 117 121
3198 121 126
3199 84 118
3200 74 140
3201 26 43
3202 73 76
3203 36 64
3204 22 23
3205 26 90
3206 106 140
3207 130 140
3208 92 94
3209 55 74
3210 1 10
3211 58 77
3212 21 71
3213 96 136
3214 44 104
3215 7 116
3216 105 110
3217 7 133
3218 30 62
3219 34 37
3220 6 71
3221 105 136
3222 90 111
3223 124 130
3224 53 138
3225 19 22
3226 5 23
3227 9 44
3228 52 86
3229 15 66
3230 76 108
3231 42 44
3232 85 138
3233 18 53
3234 38 48
3235 122 129
3236 85 123
3237 14 57
3238 89 120
3239 18 68
3240 109 133
3241 51 52
3242 75 138
3243 94 122
3244 131 140
3245 98 105
3246 27 47
3247 17 21
3248 23 27
3249 13 33
3250 107 138
3251 74 81
3252 40 65
3253 64 71
3254 22 64
3255 121 139
3256 73 104
3257 2 52
3258 93 117
3259 22 51
3260 97 114
3261 55 57
3262 82 121
3263 102 124
3264 49 64
3265 31 48
3266 106 115
3267 11 12
3268 1 22
3269 78 100
3270 44 76
3271 7 88
3272 24 32
3273 87 95
3274 125 136
3275 77 101
3276 6 35
3277 81 98
3278 10 46
3279 101 111
3280 91 137
3281 134 135
3282 33 112
3283 53 125
3284 39 62
3285 114 125
3286 123 137
3287 15 49
3288 19 50
3289 5 11
3290 9 72
3291 119 125
3292 86 110
3293 18 25
3294 38 92
3295 4 68
3296 8 31
3297 28 66
3298 14 21
3299 3 34
3300 23 63
3301 13 69
3302 107 118
3303 70 126
3304 74 117
3305 40 61
3306 70 137
3307 79 117
3308 26 99
3309 83 110
3310 12 18
3311 16 85
3312 2 24
3313 102 137
3314 35 64
3315 79 139
3316 82 93
3317 116 140
3318 7 47
3319 11 40
3320 21 127
3321 44 48
3322 48 51
3323 24 60
3324 87 99
3325 91 100
3326 20 40
3327 6 15
3328 53 81
3329 9 27
3330 15 21
3331 86 138
3332 28 55
3333 32 50
3334 14 70
3335 71 115
3336 75 116
3337 4 56
3338 95 121
3339 8 59
3340 99 122
3341 118 138
3342 41 53
3343 47 107
3344 88 120
3345 41 70
3346 13 24
3347 3 30
3348 23 67
3349 70 90
3350 74 105
3351 16 34
3352 73 87
3353 36 45
3354 26 71
3355 117 134
3356 12 54
3357 103 119
3358 45 58
3359 49 63
3360 92 123
3361 55 97
3362 96 126
3363 21 34
3364 7 19
3365 48 64
3366 105 113
3367 78 92
3368 81 136
3369 77 92
3370 10 23
3371 90 136
3372 57 65
3373 80 110
3374 29 59
3375 124 127
3376 5 50
3377 9 55
3378 52 115
3379 109 126
3380 113 123
3381 5 67
3382 80 140
3383 8 72
3384 85 102
3385 14 34
3386 89 99
3387 71 87
3388 4 28
3389 27 66
3390 51 72
3391 17 40
3392 108 111
3393 13 60
3394 97 139
3395 117 120
3396 121 125
3397 84 119
3398 26 40
3399 46 47
3400 73 115
3401 36 65
3402 26 91
3403 92 95
3404 55 69
3405 1 9
3406 58 74
3407 21 70
3408 96 137
3409 7 119
3410 105 109
3411 58 61
3412 7 132
3413 30 63
3414 6 68
3415 10 11
3416 90 108
3417 29 31
3418 124 131
3419 53 137
3420 5 22
3421 76 109
3422 42 45
3423 85 137
3424 18 50
3425 38 49
3426 65 117
3427 85 122
3428 14 62
3429 89 127
3430 18 69
3431 109 132
3432 51 55
3433 37 72
3434 94 123
3435 98 102
3436 27 46
3437 17 20
3438 23 26
3439 13 32
3440 74 94
3441 40 66
3442 22 65
3443 83 85
3444 121 138
3445 73 111
3446 55 139
3447 2 53
3448 93 116
3449 22 48
3450 97 113
3451 55 56
3452 59 61
3453 82 118
3454 102 125
3455 49 71
3456 31 51
3457 106 112
3458 35 52
3459 11 15
3460 1 21
3461 58 110
3462 21 90
3463 78 101
3464 44 77
3465 7 91
3466 101 140
3467 24 33
3468 87 94
3469 34 70
3470 125 135
3471 20 21
3472 77 100
3473 6 32
3474 81 97
3475 10 47
3476 101 110
3477 91 136
3478 43 45
3479 53 124
3480 39 57
3481 114 122
3482 123 136
3483 52 132
3484 15 48
3485 19 53
3486 5 10
3487 100 136
3488 119 124
3489 86 111
3490 28 44
3491 18 22
3492 38 93
3493 4 69
3494 28 67
3495 14 26
3496 89 91
3497 41 105
3498 3 37
3499 23 62
3500 13 68
3501 70 127
3502 74 114
3503 40 62
3504 79 116
3505 26 96
3506 83 113
3507 12 19
3508 2 25
3509 35 67
3510 79 138
3511 82 90
3512 49 99
3513 11 43
3514 21 126
3515 44 49
3516 48 52
3517 24 61
3518 87 98
3519 91 103
3520 20 41
3521 6 12
3522 9 137
3523 53 80
3524 9 26
3525 15 20
3526 86 139
3527 28 48
3528 32 51
3529 14 71
3530 71 114
3531 75 119
3532 4 57
3533 95 120
3534 8 60
3535 99 125
3536 118 139
3537 41 52
3538 95 137
3539 88 121
3540 17 67
3541 41 69
3542 13 23
3543 127 137
3544 23 66
3545 84 92
3546 70 91
3547 16 35
3548 73 86
3549 36 46
3550 26 68
3551 117 133
3552 12 55
3553 103 118
3554 49 62
3555 92 116
3556 96 127
3557 25 53
3558 1 44
3559 21 33
3560 48 65
3561 105 112
3562 78 93
3563 20 94
3564 58 137
3565 77 91
3566 10 20
3567 30 83
3568 111 140
3569 90 137
3570 57 64
3571 80 111
3572 29 58
3573 33 63
3574 5 49
3575 52 124
3576 15 104
3577 109 125
3578 113 122
3579 42 54
3580 5 66
3581 85 101
3582 14 35
3583 89 98
3584 4 29
3585 27 69
3586 17 47
3587 13 59
3588 97 138
3589 26 134
3590 121 124
3591 84 112
3592 70 71
3593 74 138
3594 26 41
3595 12 68
3596 73 114
3597 36 66
3598 2 46
3599 93 111
3600 26 88
3601 106 138
3602 130 138
3603 55 68
3604 1 8
3605 21 69
3606 96 138
3607 7 118
3608 105 108
3609 7 135
3610 30 60
3611 34 35
3612 77 127
3613 24 117
3614 6 69
3615 33 106
3616 90 109
3617 53 103
3618 76 136
3619 29 30
3620 53 136
3621 19 24
3622 5 21
3623 52 80
3624 76 110
3625 85 136
3626 18 51
3627 38 54
3628 28 120
3629 85 121
3630 89 126
3631 18 66
3632 109 131
3633 51 54
3634 75 140
3635 94 120
3636 98 103
3637 27 33
3638 107 140
3639 74 95
3640 40 67
3641 22 70
3642 83 84
3643 46 72
3644 121 137
3645 16 107
3646 73 110
3647 55 138
3648 2 50
3649 93 115
3650 22 49
3651 97 112
3652 55 59
3653 21 135
3654 82 119
3655 102 114
3656 49 70
3657 31 50
3658 106 113
3659 35 55
3660 11 14
3661 1 20
3662 21 89
3663 78 106
3664 7 90
3665 101 139
3666 24 34
3667 10 93
3668 87 89
3669 34 71
3670 125 134
3671 20 22
3672 77 99
3673 6 33
3674 81 96
3675 10 44
3676 101 109
3677 91 139
3678 43 44
3679 53 123
3680 39 56
3681 114 123
3682 123 139
3683 52 133
3684 15 51
3685 56 64
3686 19 52
3687 5 9
3688 100 137
3689 119 127
3690 86 108
3691 132 140
3692 28 45
3693 32 40
3694 14 104
3695 18 23
3696 4 70
3697 28 92
3698 14 27
3699 89 90
3700 47 81
3701 41 104
3702 61 117
3703 3 36
3704 23 57
3705 13 67
3706 70 124
3707 74 115
3708 40 63
3709 16 56
3710 79 119
3711 83 112
3712 16 87
3713 2 22
3714 35 66
3715 82 91
3716 49 98
3717 7 41
3718 11 42
3719 21 125
3720 24 62
3721 10 113
3722 87 125
3723 91 102
3724 20 42
3725 6 13
3726 63 69
3727 53 95
3728 9 25
3729 15 23
3730 42 83
3731 86 136
3732 28 49
3733 32 52
3734 14 68
3735 71 109
3736 75 118
3737 4 58
3738 95 123
3739 8 61
3740 99 124
3741 118 136
3742 41 59
3743 95 136
3744 47 117
3745 88 122
3746 41 68
3747 13 22
3748 127 136
3749 84 93
3750 70 88
3751 16 36
3752 73 85
3753 36 47
3754 26 69
3755 117 132
3756 12 48
3757 103 113
3758 45 56
3759 49 61
3760 92 117
3761 96 112
3762 1 35
3763 21 32
3764 48 66
3765 105 119
3766 129 135
3767 77 90
3768 24 26
3769 10 21
3770 57 71
3771 80 96
3772 29 57
3773 33 62
3774 5 48
3775 9 53
3776 109 124
3777 113 121
3778 42 55
3779 5 65
3780 85 100
3781 14 32
3782 89 97
3783 71 81
3784 4 30
3785 27 68
3786 17 46
3787 13 58
3788 97 137
3789 26 135
3790 84 113
3791 74 139
3792 12 69
3793 73 113
3794 36 67
3795 2 47
3796 93 110
3797 22 42
3798 97 107
3799 26 89
3800 106 139
3801 130 139
3802 55 71
3803 1 15
3804 58 72
3805 21 68
3806 96 139
3807 7 113
3808 58 59
3809 7 134
3810 30 61
3811 77 126
3812 6 58
3813 81 123
3814 33 105
3815 90 106
3816 53 102
3817 76 137
3818 19 27
3819 5 20
3820 52 81
3821 76 111
3822 42 43
3823 18 48
3824 38 55
3825 122 140
3826 85 120
3827 32 124
3828 14 60
3829 89 125
3830 18 67
3831 109 130
3832 51 57
3833 94 121
3834 41 115
3835 98 100
3836 27 32
3837 112 136
3838 74 92
3839 40 68
3840 22 71
3841 83 87
3842 121 136
3843 73 109
3844 55 133
3845 2 51
3846 93 114
3847 22 54
3848 97 119
3849 21 134
3850 59 63
3851 25 67
3852 82 116
3853 102 115
3854 49 69
3855 31 61
3856 106 126
3857 35 54
3858 21 88
3859 115 117
3860 78 107
3861 7 85
3862 101 138
3863 68 69
3864 24 35
3865 10 90
3866 87 88
3867 34 68
3868 125 133
3869 20 23
3870 77 98
3871 6 38
3872 81 103
3873 10 45
3874 101 108
3875 91 138
3876 43 47
3877 53 122
3878 39 59
3879 114 120
3880 123 138
3881 52 134
3882 15 50
3883 56 65
3884 19 55
3885 5 8
3886 100 138
3887 119 126
3888 86 109
3889 52 53
3890 28 46
3891 32 41
3892 18 20
3893 75 77
3894 38 83
3895 4 71
3896 14 24
3897 41 111
3898 3 39
3899 23 56
3900 13 66
3901 70 125
3902 74 112
3903 16 57
3904 70 140
3905 36 52
3906 79 118
3907 26 110
3908 83 115
3909 12 13
3910 16 72
3911 2 23
3912 102 140
3913 35 69
3914 82 88
3915 7 40
3916 11 45
3917 1 119
3918 21 124
3919 44 51
3920 48 54
3921 20 68
3922 24 63
3923 87 124
3924 91 121
3925 20 43
3926 63 68
3927 9 24
3928 33 130
3929 15 22
3930 19 83
3931 86 137
3932 28 50
3933 32 53
3934 14 69
3935 71 108
3936 75 105
3937 4 59
3938 95 122
3939 8 62
3940 99 127
3941 118 137
3942 47 135
3943 41 58
3944 95 139
3945 88 123
3946 17 65
3947 41 75
3948 13 21
3949 127 139
3950 84 94
3951 70 89
3952 16 37
3953 73 84
3954 36 40
3955 2 72
3956 26 66
3957 117 131
3958 12 49
3959 103 112
3960 45 55
3961 92 118
3962 96 113
3963 116 124
3964 45 72
3965 1 34
3966 21 47
3967 48 67
3968 11 73
3969 105 118
3970 1 83
3971 129 134
3972 77 89
3973 24 27
3974 10 18
3975 57 70
3976 80 97
3977 100 108
3978 29 56
3979 33 61
3980 9 52
3981 15 106
3982 109 123
3983 113 120
3984 42 52
3985 5 64
3986 85 99
3987 89 96
3988 71 80
3989 4 31
3990 94 130
3991 27 71
3992 17 45
3993 13 57
3994 97 136
3995 26 132
3996 84 114
3997 50 62
3998 74 136
3999 26 55
4000 46 50
4001 12 70
4002 73 112
4003 2 44
4004 93 109
4005 22 43
4006 97 106
4007 106 136
4008 130 136
4009 55 70
4010 1 14
4011 21 67
4012 96 140
4013 44 100
4014 7 112
4015 11 117
4016 7 129
4017 30 34
4018 20 124
4019 77 125
4020 6 59
4021 81 122
4022 10 54
4023 101 119
4024 105 140
4025 90 107
4026 53 101
4027 76 138
4028 43 83
4029 19 26
4030 5 19
4031 52 82
4032 76 104
4033 18 49
4034 38 52
4035 14 61
4036 89 124
4037 18 64
4038 109 129
4039 51 56
4040 17 120
4041 94 126
4042 41 114
4043 98 101
4044 27 35
4045 112 137
4046 41 131
4047 50 83
4048 74 93
4049 40 69
4050 73 131
4051 22 68
4052 83 86
4053 73 108
4054 2 48
4055 93 113
4056 22 55
4057 97 118
4058 21 133
4059 59 62
4060 25 66
4061 82 117
4062 102 112
4063 49 68
4064 31 60
4065 106 127
4066 35 57
4067 1 106
4068 21 103
4069 115 116
4070 78 104
4071 44 72
4072 7 84
4073 101 137
4074 68 70
4075 24 36
4076 87 91
4077 34 69
4078 125 132
4079 77 97
4080 24 83
4081 6 39
4082 81 102
4083 10 42
4084 101 107
4085 43 46
4086 53 121
4087 39 58
4088 114 121
4089 52 135
4090 15 61
4091 56 66
4092 19 54
4093 100 139
4094 119 121
4095 86 98
4096 52 54
4097 28 47
4098 32 42
4099 18 21
4100 75 76
4101 4 64
4102 65 86
4103 14 25
4104 47 83
4105 88 96
4106 41 110
4107 3 38
4108 23 59
4109 13 65
4110 70 114
4111 74 113
4112 16 58
4113 36 53
4114 79 113
4115 26 111
4116 83 114
4117 12 14
4118 2 20
4119 35 68
4120 25 94
4121 82 89
4122 116 136
4123 7 43
4124 11 44
4125 54 66
4126 21 123
4127 20 69
4128 87 127
4129 91 120
4130 20 52
4131 111 117
4132 63 71
4133 29 83
4134 9 31
4135 33 129
4136 15 17
4137 9 104
4138 28 51
4139 32 54
4140 75 104
4141 38 124
4142 4 36
4143 95 101
4144 8 63
4145 99 126
4146 41 57
4147 95 138
4148 88 124
4149 17 64
4150 41 74
4151 13 20
4152 127 138
4153 84 95
4154 70 94
4155 16 38
4156 73 91
4157 36 41
4158 79 85
4159 26 67
4160 117 130
4161 12 50
4162 103 115
4163 49 51
4164 92 119
4165 96 114
4166 116 125
4167 45 71
4168 1 33
4169 21 46
4170 7 15
4171 48 68
4172 11 72
4173 105 117
4174 129 133
4175 81 140
4176 77 88
4177 24 28
4178 10 19
4179 111 137
4180 33 67
4181 57 69
4182 80 98
4183 100 109
4184 29 55
4185 5 62
4186 9 59
4187 52 127
4188 15 117
4189 109 122
4190 113 127
4191 42 53
4192 80 128
4193 85 98
4194 14 38
4195 89 103
4196 71 83
4197 4 24
4198 94 131
4199 27 70
4200 13 56
4201 26 133
4202 84 115
4203 50 63
4204 74 137
4205 26 52
4206 46 51
4207 12 71
4208 73 119
4209 2 45
4210 93 108
4211 22 40
4212 97 105
4213 106 137
4214 130 137
4215 49 95
4216 55 65
4217 1 13
4218 58 86
4219 21 66
4220 7 115
4221 72 102
4222 128 136
4223 7 128
4224 30 35
4225 34 62
4226 77 124
4227 6 56
4228 81 121
4229 10 55
4230 101 118
4231 90 104
4232 110 111
4233 76 139
4234 19 29
4235 5 18
4236 52 83
4237 76 105
4238 18 46
4239 38 53
4240 122 138
4241 18 65
4242 109 128
4243 51 59
4244 75 129
4245 94 127
4246 41 113
4247 27 34
4248 112 138
4249 41 130
4250 107 129
4251 74 90
4252 40 70
4253 73 130
4254 22 69
4255 83 89
4256 16 110
4257 55 135
4258 2 49
4259 93 112
4260 22 52
4261 97 117
4262 21 132
4263 25 65
4264 82 114
4265 102 113
4266 49 123
4267 31 63
4268 106 124
4269 21 102
4270 115 119
4271 78 105
4272 7 87
4273 101 136
4274 68 71
4275 24 37
4276 30 31
4277 87 90
4278 34 66
4279 125 131
4280 77 96
4281 6 36
4282 81 101
4283 10 43
4284 101 106
4285 91 140
4286 53 120
4287 39 53
4288 114 118
4289 123 140
4290 52 128
4291 56 67
4292 19 57
4293 119 120
4294 123 125
4295 86 99
4296 52 55
4297 28 40
4298 32 43
4299 75 79
4300 4 65
4301 65 85
4302 28 95
4303 14 30
4304 89 95
4305 88 97
4306 41 109
4307 3 41
4308 23 58
4309 13 64
4310 107 109
4311 70 115
4312 74 126
4313 60 61
4314 16 59
4315 70 130
4316 36 54
4317 79 112
4318 26 108
4319 83 117
4320 12 15
4321 2 21
4322 102 130
4323 35 71
4324 92 108
4325 82 86
4326 45 98
4327 116 137
4328 7 42
4329 11 47
4330 54 67
4331 1 117
4332 44 45
4333 20 70
4334 87 126
4335 91 123
4336 20 53
4337 111 116
4338 39 72
4339 53 92
4340 9 30
4341 52 100
4342 15 16
4343 66 72
4344 32 55
4345 71 110
4346 75 107
4347 4 37
4348 95 100
4349 8 32
4350 47 118
4351 88 125
4352 17 71
4353 71 140
4354 41 73
4355 13 19
4356 3 5
4357 84 88
4358 70 95
4359 16 39
4360 73 90
4361 36 42
4362 2 70
4363 79 84
4364 26 64
4365 117 129
4366 12 51
4367 103 114
4368 45 53
4369 49 50
4370 92 112
4371 96 115
4372 25 57
4373 116 126
4374 45 70
4375 120 121
4376 1 32
4377 21 45
4378 7 14
4379 48 69
4380 105 116
4381 129 132
4382 81 131
4383 77 87
4384 24 29
4385 6 93
4386 10 16
4387 111 136
4388 33 66
4389 57 68
4390 80 99
4391 100 110
4392 29 54
4393 104 105
4394 33 51
4395 5 61
4396 9 58
4397 52 120
4398 109 121
4399 19 113
4400 113 126
4401 42 50
4402 80 129
4403 85 97
4404 32 83
4405 14 39
4406 89 102
4407 71 82
4408 4 25
4409 94 128
4410 88 89
4411 17 35
4412 26 130
4413 84 124
4414 50 60
4415 26 53
4416 46 48
4417 12 64
4418 73 118
4419 2 42
4420 93 107
4421 22 41
4422 97 104
4423 130 134
4424 55 64
4425 1 12
4426 58 87
4427 21 65
4428 7 114
4429 128 137
4430 7 131
4431 30 32
4432 34 63
4433 20 126
4434 77 123
4435 6 57
4436 81 120
4437 10 52
4438 101 117
4439 90 105
4440 53 99
4441 76 132
4442 19 28
4443 5 17
4444 62 66
4445 52 92
4446 15 72
4447 76 106
4448 18 47
4449 38 42
4450 65 72
4451 122 139
4452 51 58
4453 75 128
4454 94 124
4455 41 112
4456 98 99
4457 27 37
4458 112 139
4459 41 129
4460 107 128
4461 74 91
4462 40 71
4463 73 129
4464 83 88
4465 16 111
4466 2 14
4467 22 53
4468 97 116
4469 21 131
4470 82 115
4471 102 118
4472 31 62
4473 106 125
4474 35 59
4475 21 101
4476 115 118
4477 78 110
4478 44 74
4479 7 86
4480 24 38
4481 34 67
4482 125 130
4483 6 37
4484 81 100
4485 10 40
4486 101 105
4487 53 71
4488 39 52
4489 114 119
4490 52 129
4491 15 63
4492 56 68
4493 19 56
4494 5 117
4495 119 123
4496 123 124
4497 86 96
4498 132 136
4499 28 41
4500 32 44
4501 18 19
4502 75 78
4503 4 66
4504 14 31
4505 89 94
4506 47 93
4507 88 98
4508 41 108
4509 3 40
4510 23 53
4511 88 128
4512 107 108
4513 70 112
4514 74 127
4515 60 62
4516 16 60
4517 70 131
4518 36 55
4519 79 115
4520 26 109
4521 83 116
4522 2 18
4523 102 131
4524 92 109
4525 96 104
4526 82 87
4527 49 102
4528 116 138
4529 7 37
4530 11 46
4531 54 64
4532 21 121
4533 44 46
4534 20 71
4535 87 121
4536 91 122
4537 20 54
4538 111 119
4539 80 120
4540 63 65
4541 53 91
4542 9 29
4543 33 135
4544 52 101
4545 15 19
4546 9 110
4547 86 140
4548 15 128
4549 32 72
4550 14 72
4551 71 105
4552 75 106
4553 4 38
4554 95 103
4555 8 33
4556 118 140
4557 41 63
4558 88 126
4559 17 70
4560 41 72
4561 13 18
4562 3 4
4563 84 89
4564 70 92
4565 16 24
4566 73 89
4567 36 43
4568 2 71
4569 79 87
4570 26 65
4571 117 128
4572 12 44
4573 103 109
4574 83 129
4575 92 113
4576 96 116
4577 25 56
4578 116 127
4579 120 122
4580 49 130
4581 1 39
4582 115 129
4583 44 131
4584 7 9
4585 105 123
4586 81 130
4587 77 86
4588 24 30
4589 10 17
4590 111 139
4591 33 65
4592 80 100
4593 100 111
4594 29 53
4595 104 106
4596 33 50
4597 5 60
4598 9 57
4599 52 121
4600 15 119
4601 109 120
4602 113 125
4603 42 51
4604 80 130
4605 85 96
4606 14 36
4607 89 101
4608 71 77
4609 4 26
4610 94 129
4611 61 72
4612 88 90
4613 17 34
4614 37 47
4615 13 54
4616 26 131
4617 84 125
4618 50 61
4619 26 50
4620 46 49
4621 12 65
4622 73 117
4623 2 43
4624 93 106
4625 22 46
4626 97 111
4627 130 135
4628 82 140
4629 49 93
4630 31 69
4631 55 67
4632 11 25
4633 1 3
4634 21 64
4635 44 103
4636 7 109
4637 128 138
4638 78 130
4639 7 130
4640 30 33
4641 34 60
4642 77 122
4643 6 62
4644 81 127
4645 10 53
4646 101 116
4647 110 130
4648 33 109
4649 90 118
4650 76 133
4651 19 31
4652 5 16
4653 62 67
4654 9 85
4655 76 107
4656 18 44
4657 38 43
4658 122 136
4659 51 61
4660 75 131
4661 94 125
4662 27 36
4663 112 140
4664 41 128
4665 107 131
4666 74 88
4667 40 72
4668 73 128
4669 83 91
4670 121 140
4671 2 15
4672 21 130
4673 82 112
4674 102 119
4675 49 121
4676 31 57
4677 106 122
4678 35 58
4679 58 104
4680 21 100
4681 115 121
4682 78 111
4683 7 81
4684 24 39
4685 10 70
4686 34 64
4687 125 129
4688 6 26
4689 81 91
4690 101 104
4691 53 70
4692 39 55
4693 114 116
4694 52 130
4695 15 62
4696 56 69
4697 19 59
4698 119 122
4699 123 127
4700 86 97
4701 89 131
4702 132 137
4703 28 42
4704 32 45
4705 4 67
4706 14 28
4707 89 93
4708 47 92
4709 88 99
4710 41 83
4711 3 43
4712 60 72
4713 23 52
4714 88 129
4715 107 111
4716 70 113
4717 74 124
4718 16 61
4719 70 128
4720 36 48
4721 79 114
4722 26 106
4723 83 119
4724 69 72
4725 16 76
4726 2 19
4727 102 128
4728 92 110
4729 96 105
4730 82 84
4731 45 96
4732 49 101
4733 21 23
4734 116 139
4735 7 36
4736 11 33
4737 54 65
4738 92 140
4739 21 120
4740 44 47
4741 20 64
4742 6 119
4743 10 122
4744 87 120
4745 91 125
4746 20 55
4747 111 118
4748 80 121
4749 100 116
4750 63 64
4751 9 28
4752 52 102
4753 15 18
4754 76 92
4755 66 70
4756 8 83
4757 71 104
4758 75 109
4759 4 39
4760 95 102
4761 8 34
4762 47 131
4763 41 62
4764 84 132
4765 88 127
4766 17 69
4767 41 79
4768 13 17
4769 84 90
4770 70 93
4771 16 25
4772 73 88
4773 2 68
4774 79 86
4775 26 78
4776 12 45
4777 103 108
4778 45 51
4779 83 128
4780 92 114
4781 96 117
4782 25 63
4783 116 120
4784 45 68
4785 120 123
4786 49 129
4787 1 38
4788 21 43
4789 115 128
4790 44 124
4791 48 71
4792 105 122
4793 81 129
4794 77 85
4795 24 31
4796 6 83
4797 10 30
4798 30 85
4799 111 138
4800 33 64
4801 80 101
4802 100 104
4803 29 52
4804 104 107
4805 33 49
4806 5 59
4807 9 56
4808 109 119
4809 113 124
4810 42 48
4811 80 131
4812 133 135
4813 85 111
4814 14 37
4815 89 100
4816 71 76
4817 4 27
4818 94 134
4819 61 71
4820 88 91
4821 17 33
4822 37 46
4823 97 140
4824 26 128
4825 84 126
4826 50 58
4827 26 51
4828 46 54
4829 12 66
4830 73 116
4831 36 72
4832 2 40
4833 93 105
4834 22 47
4835 97 110
4836 130 132
4837 49 92
4838 31 68
4839 55 66
4840 11 24
4841 1 2
4842 58 85
4843 21 79
4844 96 128
4845 7 108
4846 128 139
4847 78 131
4848 30 38
4849 34 61
4850 20 120
4851 77 121
4852 6 63
4853 81 126
4854 10 50
4855 101 115
4856 110 131
4857 33 108
4858 90 119
4859 53 97
4860 110 114
4861 76 134
4862 15 37
4863 19 30
4864 5 31
4865 62 64
4866 86 90
4867 76 100
4868 38 40
4869 122 137
4870 51 60
4871 75 130
4872 94 98
4873 41 118
4874 27 39
4875 41 135
4876 107 130
4877 74 89
4878 73 135
4879 83 90
4880 69 83
4881 2 12
4882 21 129
4883 25 70
4884 82 113
4885 102 116
4886 49 120
4887 31 56
4888 106 123
4889 35 61
4890 58 105
4891 21 99
4892 115 120
4893 78 108
4894 44 68
4895 7 80
4896 77 140
4897 24 40
4898 10 71
4899 34 65
4900 125 128
4901 20 28
4902 6 27
4903 81 90
4904 91 129
4905 53 69
4906 39 54
4907 114 117
4908 123 129
4909 52 131
4910 15 57
4911 56 70
4912 19 58
4913 137 139
4914 123 126
4915 86 102
4916 89 130
4917 132 138
4918 32 46
4919 14 29
4920 89 92
4921 88 100
4922 41 82
4923 3 42
4924 23 55
4925 88 130
4926 107 110
4927 70 118
4928 74 125
4929 16 62
4930 70 129
4931 36 49
4932 79 125
4933 26 107
4934 83 118
4935 16 77
4936 2 16
4937 102 129
4938 35 72
4939 92 111
4940 96 106
4941 25 34
4942 82 85
4943 49 100
4944 21 22
4945 11 32
4946 20 65
4947 87 123
4948 91 124
4949 20 48
4950 111 113
4951 6 7
4952 39 69
4953 80 122
4954 100 117
4955 63 67
4956 29 47
4957 104 112
4958 53 89
4959 52 103
4960 15 29
4961 19 86
4962 76 93
4963 66 71
4964 86 130
4965 71 107
4966 75 108
4967 4 32
4968 95 97
4969 8 35
4970 118 130
4971 84 133
4972 47 115
4973 17 68
4974 71 137
4975 41 78
4976 13 16
4977 3 6
4978 84 91
4979 70 82
4980 16 26
4981 73 95
4982 36 85
4983 2 69
4984 79 81
4985 26 79
4986 12 46
4987 103 111
4988 45 50
4989 83 131
4990 49 55
4991 92 115
4992 96 118
4993 25 62
4994 116 121
4995 45 67
4996 120 124
4997 49 128
4998 1 37
4999 21 42
5000 115 131
5001 7 11
5002 105 121
5003 81 128
5004 77 84
5005 10 31
5006 33 71
5007 87 140
5008 80 102
5009 100 105
5010 29 51
5011 104 108
5012 33 48
5013 5 58
5014 119 140
5015 52 123
5016 109 118
5017 113 115
5018 42 49
5019 80 132
5020 133 134
5021 85 110
5022 14 42
5023 89 107
5024 71 79
5025 94 135
5026 61 70
5027 88 92
5028 17 32
5029 37 45
5030 13 52
5031 97 131
5032 26 129
5033 84 127
5034 50 59
5035 46 55
5036 12 67
5037 73 123
5038 93 104
5039 22 44
5040 97 109
5041 130 133
5042 82 138
5043 49 83
5044 31 71
5045 55 93
5046 11 27
5047 58 82
5048 21 78
5049 96 129
5050 7 111
5051 128 140
5052 78 128
5053 30 39
5054 34 58
5055 77 120
5056 6 60
5057 81 125
5058 10 51
5059 101 114
5060 110 128
5061 43 57
5062 33 99
5063 90 116
5064 110 115
5065 76 135
5066 15 36
5067 19 33
5068 5 30
5069 62 65
5070 86 91
5071 76 101
5072 18 42
5073 38 41
5074 28 119
5075 51 63
5076 75 133
5077 94 99
5078 41 117
5079 98 126
5080 27 38
5081 3 49
5082 41 134
5083 107 133
5084 73 134
5085 83 93
5086 46 83
5087 2 13
5088 21 128
5089 25 69
5090 82 110
5091 102 117
5092 49 127
5093 31 59
5094 106 120
5095 126 127
5096 35 60
5097 1 109
5098 58 118
5099 21 98
5100 115 123
5101 78 109
5102 7 83
5103 77 139
5104 24 41
5105 10 68
5106 20 29
5107 6 24
5108 81 89
5109 91 128
5110 53 68
5111 39 49
5112 123 128
5113 52 140
5114 56 71
5115 19 61
5116 42 102
5117 9 119
5118 137 138
5119 86 103
5120 89 129
5121 132 139
5122 28 36
5123 32 47
5124 47 94
5125 88 101
5126 94 95
5127 41 81
5128 3 45
5129 23 54
5130 88 131
5131 70 119
5132 74 122
5133 16 63
5134 70 134
5135 36 50
5136 79 124
5137 26 104
5138 83 121
5139 16 78
5140 2 17
5141 102 134
5142 92 104
5143 96 107
5144 25 33
5145 7 38
5146 11 35
5147 72 83
5148 54 71
5149 20 66
5150 6 117
5151 87 122
5152 91 127
5153 20 49
5154 111 112
5155 53 55
5156 39 68
5157 80 123
5158 100 118
5159 29 46
5160 104 113
5161 53 88
5162 104 128
5163 15 28
5164 76 94
5165 66 68
5166 86 131
5167 75 111
5168 4 33
5169 95 96
5170 8 36
5171 99 101
5172 118 131
5173 84 134
5174 17 59
5175 71 136
5176 108 124
5177 41 77
5178 13 15
5179 84 100
5180 70 83
5181 16 27
5182 73 94
5183 36 86
5184 2 66
5185 79 80
5186 26 76
5187 12 47
5188 103 110
5189 45 49
5190 83 130
5191 49 54
5192 55 120
5193 96 119
5194 25 61
5195 116 122
5196 45 66
5197 120 125
5198 49 135
5199 1 36
5200 21 41
5201 115 130
5202 44 126
5203 7 10
5204 105 120
5205 81 135
5206 20 102
5207 77 83
5208 10 28
5209 67 69
5210 57 72
5211 80 103
5212 100 106
5213 29 50
5214 104 109
5215 5 57
5216 52 68
5217 109 117
5218 19 117
5219 113 114
5220 42 62
5221 80 133
5222 85 109
5223 14 43
5224 89 106
5225 71 78
5226 4 5
5227 99 129
5228 94 132
5229 61 69
5230 88 93
5231 51 83
5232 17 39
5233 37 44
5234 13 51
5235 97 130
5236 84 120
5237 50 56
5238 26 49
5239 46 52
5240 73 122
5241 2 38
5242 22 45
5243 97 108
5244 82 139
5245 49 82
5246 31 70
5247 11 26
5248 58 83
5249 21 77
5250 96 130
5251 44 98
5252 7 110
5253 78 129
5254 30 36
5255 34 59
5256 77 119
5257 6 61
5258 81 124
5259 10 48
5260 101 113
5261 110 129
5262 43 56
5263 90 117
5264 53 111
5265 110 112
5266 76 128
5267 15 39
5268 19 32
5269 5 29
5270 9 90
5271 86 88
5272 52 88
5273 76 102
5274 18 43
5275 38 46
5276 98 140
5277 47 69
5278 51 62
5279 75 132
5280 94 96
5281 41 116
5282 98 127
5283 27 57
5284 118 122
5285 3 48
5286 41 133
5287 23 45
5288 107 132
5289 3 65
5290 73 133
5291 83 92
5292 126 130
5293 55 130
5294 2 10
5295 25 68
5296 82 111
5297 102 106
5298 31 58
5299 106 121
5300 35 63
5301 7 61
5302 115 122
5303 78 114
5304 44 70
5305 7 82
5306 77 138
5307 24 42
5308 10 69
5309 20 30
5310 6 25
5311 81 88
5312 91 131
5313 53 67
5314 39 48
5315 114 115
5316 123 131
5317 15 59
5318 42 103
5319 86 100
5320 89 128
5321 28 37
5322 113 139
5323 88 102
5324 41 80
5325 23 49
5326 88 132
5327 70 116
5328 74 123
5329 16 48
5330 70 135
5331 36 51
5332 79 127
5333 26 105
5334 83 120
5335 16 79
5336 102 135
5337 92 105
5338 96 108
5339 82 83
5340 7 33
5341 11 34
5342 54 68
5343 1 72
5344 20 67
5345 87 117
5346 91 126
5347 20 50
5348 111 115
5349 39 71
5350 80 124
5351 100 119
5352 29 45
5353 104 114
5354 33 42
5355 104 129
5356 15 31
5357 76 95
5358 66 69
5359 86 128
5360 71 101
5361 75 110
5362 4 34
5363 95 99
5364 8 37
5365 118 128
5366 99 100
5367 47 140
5368 84 135
5369 17 58
5370 108 125
5371 37 55
5372 112 120
5373 41 76
5374 13 14
5375 108 140
5376 3 8
5377 84 101
5378 70 80
5379 16 28
5380 73 93
5381 2 67
5382 79 83
5383 26 77
5384 117 140
5385 12 40
5386 103 105
5387 45 48
5388 83 133
5389 49 53
5390 25 60
5391 116 123
5392 45 65
5393 120 126
5394 1 59
5395 21 40
5396 115 133
5397 105 127
5398 81 134
5399 20 103
5400 77 82
5401 10 29
5402 67 68
5403 33 69
5404 80 88
5405 100 107
5406 29 49
5407 104 110
5408 33 54
5409 5 56
5410 9 61
5411 52 69
5412 15 115
5413 109 116
5414 42 63
5415 80 134
5416 85 108
5417 14 40
5418 89 105
5419 71 73
5420 4 6
5421 99 128
5422 94 133
5423 61 68
5424 88 94
5425 17 38
5426 37 43
5427 13 50
5428 97 129
5429 84 121
5430 50 57
5431 46 53
5432 73 121
5433 2 39
5434 93 102
5435 22 34
5436 97 99
5437 130 131
5438 82 136
5439 49 81
5440 31 65
5441 11 29
5442 1 7
5443 21 76
5444 96 131
5445 7 105
5446 78 134
5447 30 37
5448 34 56
5449 77 118
5450 6 50
5451 81 115
5452 10 49
5453 101 112
5454 110 134
5455 43 59
5456 90 114
5457 53 110
5458 110 113
5459 76 129
5460 43 72
5461 15 38
5462 19 35
5463 62 71
5464 9 89
5465 86 89
5466 52 89
5467 76 103
5468 18 40
5469 75 89
5470 38 47
5471 65 67
5472 28 113
5473 47 68
5474 75 135
5475 94 97
5476 41 123
5477 98 124
5478 27 56
5479 118 123
5480 47 53
5481 112 128
5482 3 51
5483 41 132
5484 23 44
5485 107 135
5486 3 64
5487 73 132
5488 83 95
5489 16 100
5490 126 131
5491 2 11
5492 82 108
5493 102 107
5494 31 37
5495 35 62
5496 7 60
5497 11 57
5498 115 125
5499 78 115
5500 7 77
5501 77 137
5502 24 43
5503 10 66
5504 20 31
5505 6 30
5506 81 95
5507 91 130
5508 29 72
5509 53 66
5510 39 51
5511 123 130
5512 15 58
5513 19 63
5514 9 117
5515 86 101
5516 89 135
5517 28 38
5518 32 33
5519 113 138
5520 8 10
5521 88 103
5522 41 87
5523 3 47
5524 60 68
5525 23 48
5526 88 133
5527 70 117
5528 74 120
5529 93 140
5530 16 49
5531 70 132
5532 36 60
5533 79 126
5534 26 118
5535 83 123
5536 16 64
5537 102 132
5538 92 106
5539 96 109
5540 59 83
5541 25 39
5542 7 32
5543 11 37
5544 54 69
5545 92 136
5546 78 79
5547 87 116
5548 91 113
5549 20 51
5550 111 114
