1 1 3
2 1 4
3 1 5
4 1 12
5 1 14
6 1 15
7 1 16
8 1 17
9 1 18
10 1 20
11 1 23
12 1 28
13 1 29
14 1 30
15 1 31
16 1 32
17 1 34
18 1 38
19 1 41
20 1 47
21 1 48
22 1 50
23 1 54
24 1 56
25 1 58
26 1 60
27 1 61
28 1 63
29 1 64
30 1 65
31 1 71
32 1 72
33 1 74
34 1 78
35 1 79
36 1 81
37 1 82
38 1 85
39 1 86
40 1 87
41 1 88
42 1 89
43 1 90
44 1 91
45 1 92
46 1 94
47 1 97
48 1 98
49 1 99
50 1 100
51 1 101
52 1 102
53 1 104
54 1 105
55 1 107
56 1 108
57 1 109
58 1 110
59 1 113
60 1 114
61 1 116
62 1 117
63 1 119
64 1 121
65 1 123
66 1 127
67 1 129
68 1 131
69 1 132
70 1 136
71 1 137
72 1 138
73 1 139
74 1 140
75 1 141
76 2 19
77 2 21
78 2 24
79 2 33
80 2 35
81 2 40
82 2 44
83 2 52
84 2 53
85 2 68
86 2 70
87 2 73
88 2 76
89 2 77
90 2 80
91 2 95
92 2 115
93 2 118
94 2 122
95 2 125
96 2 135
97 3 4
98 3 5
99 3 12
100 3 14
101 3 15
102 3 16
103 3 17
104 3 18
105 3 20
106 3 23
107 3 28
108 3 29
109 3 30
110 3 32
111 3 34
112 3 38
113 3 41
114 3 47
115 3 48
116 3 50
117 3 54
118 3 56
119 3 58
120 3 60
121 3 61
122 3 63
123 3 64
124 3 65
125 3 71
126 3 72
127 3 74
128 3 78
129 3 79
130 3 81
131 3 82
132 3 85
133 3 86
134 3 87
135 3 88
136 3 89
137 3 90
138 3 91
139 3 92
140 3 94
141 3 97
142 3 98
143 3 99
144 3 100
145 3 101
146 3 102
147 3 104
148 3 105
149 3 107
150 3 108
151 3 109
152 3 110
153 3 113
154 3 114
155 3 116
156 3 117
157 3 119
158 3 121
159 3 123
160 3 127
161 3 129
162 3 131
163 3 132
164 3 136
165 3 137
166 3 138
167 3 139
168 3 140
169 3 141
170 4 5
171 4 12
172 4 14
173 4 15
174 4 16
175 4 17
176 4 18
177 4 20
178 4 23
179 4 28
180 4 29
181 4 30
182 4 32
183 4 34
184 4 38
185 4 41
186 4 47
187 4 48
188 4 54
189 4 56
190 4 58
191 4 60
192 4 61
193 4 63
194 4 64
195 4 65
196 4 71
197 4 72
198 4 74
199 4 78
200 4 79
201 4 81
202 4 82
203 4 85
204 4 86
205 4 87
206 4 88
207 4 89
208 4 90
209 4 91
210 4 92
211 4 94
212 4 97
213 4 98
214 4 99
215 4 100
216 4 101
217 4 102
218 4 104
219 4 105
220 4 107
221 4 108
222 4 109
223 4 110
224 4 113
225 4 114
226 4 116
227 4 117
228 4 119
229 4 121
230 4 123
231 4 127
232 4 129
233 4 131
234 4 132
235 4 136
236 4 137
237 4 138
238 4 139
239 4 140
240 4 141
241 5 12
242 5 14
243 5 15
244 5 16
245 5 17
246 5 18
247 5 20
248 5 23
249 5 28
250 5 29
251 5 30
252 5 32
253 5 34
254 5 38
255 5 41
256 5 47
257 5 48
258 5 54
259 5 56
260 5 58
261 5 60
262 5 61
263 5 63
264 5 64
265 5 65
266 5 71
267 5 72
268 5 74
269 5 78
270 5 79
271 5 81
272 5 82
273 5 85
274 5 86
275 5 87
276 5 88
277 5 89
278 5 90
279 5 91
280 5 92
281 5 94
282 5 97
283 5 98
284 5 99
285 5 100
286 5 101
287 5 102
288 5 104
289 5 105
290 5 107
291 5 108
292 5 109
293 5 110
294 5 113
295 5 114
296 5 116
297 5 117
298 5 119
299 5 121
300 5 123
301 5 127
302 5 129
303 5 131
304 5 132
305 5 136
306 5 137
307 5 138
308 5 139
309 5 140
310 5 141
311 6 7
312 6 22
313 6 39
314 6 43
315 6 111
316 7 11
317 7 22
318 7 39
319 7 43
320 7 111
321 7 143
322 8 10
323 8 25
324 8 62
325 8 67
326 8 128
327 8 144
328 9 37
329 9 46
330 9 112
331 9 120
332 10 13
333 10 26
334 10 27
335 10 45
336 10 62
337 10 67
338 10 69
339 10 124
340 10 128
341 10 133
342 10 144
343 11 22
344 11 96
345 11 106
346 11 143
347 12 14
348 12 15
349 12 16
350 12 17
351 12 18
352 12 20
353 12 23
354 12 28
355 12 29
356 12 30
357 12 32
358 12 34
359 12 38
360 12 41
361 12 47
362 12 48
363 12 54
364 12 56
365 12 58
366 12 60
367 12 61
368 12 63
369 12 64
370 12 65
371 12 71
372 12 72
373 12 74
374 12 78
375 12 79
376 12 81
377 12 82
378 12 85
379 12 86
380 12 87
381 12 88
382 12 89
383 12 90
384 12 91
385 12 92
386 12 94
387 12 97
388 12 98
389 12 99
390 12 100
391 12 101
392 12 102
393 12 104
394 12 105
395 12 107
396 12 108
397 12 109
398 12 110
399 12 113
400 12 114
401 12 116
402 12 117
403 12 119
404 12 121
405 12 123
406 12 127
407 12 129
408 12 131
409 12 132
410 12 136
411 12 137
412 12 138
413 12 139
414 12 140
415 12 141
416 13 25
417 13 26
418 13 27
419 13 45
420 13 67
421 13 69
422 13 124
423 13 144
424 14 15
425 14 16
426 14 17
427 14 18
428 14 20
429 14 23
430 14 28
431 14 29
432 14 30
433 14 31
434 14 32
435 14 34
436 14 38
437 14 41
438 14 47
439 14 48
440 14 50
441 14 54
442 14 56
443 14 58
444 14 60
445 14 61
446 14 63
447 14 64
448 14 65
449 14 71
450 14 72
451 14 74
452 14 78
453 14 79
454 14 81
455 14 82
456 14 85
457 14 86
458 14 87
459 14 88
460 14 89
461 14 90
462 14 91
463 14 92
464 14 94
465 14 97
466 14 98
467 14 99
468 14 100
469 14 101
470 14 102
471 14 104
472 14 105
473 14 107
474 14 108
475 14 109
476 14 110
477 14 113
478 14 114
479 14 116
480 14 117
481 14 119
482 14 121
483 14 123
484 14 127
485 14 129
486 14 131
487 14 132
488 14 136
489 14 137
490 14 138
491 14 139
492 14 140
493 14 141
494 15 16
495 15 17
496 15 18
497 15 20
498 15 23
499 15 28
500 15 29
501 15 30
502 15 32
503 15 34
504 15 38
505 15 41
506 15 47
507 15 48
508 15 54
509 15 56
510 15 58
511 15 60
512 15 61
513 15 63
514 15 64
515 15 65
516 15 71
517 15 72
518 15 74
519 15 78
520 15 79
521 15 81
522 15 82
523 15 85
524 15 86
525 15 87
526 15 88
527 15 89
528 15 90
529 15 91
530 15 92
531 15 94
532 15 97
533 15 98
534 15 99
535 15 100
536 15 101
537 15 102
538 15 104
539 15 105
540 15 107
541 15 108
542 15 109
543 15 110
544 15 113
545 15 114
546 15 116
547 15 117
548 15 119
549 15 121
550 15 123
551 15 127
552 15 129
553 15 131
554 15 132
555 15 136
556 15 137
557 15 138
558 15 139
559 15 140
560 15 141
561 16 17
562 16 18
563 16 20
564 16 23
565 16 28
566 16 29
567 16 30
568 16 32
569 16 34
570 16 38
571 16 41
572 16 47
573 16 48
574 16 54
575 16 56
576 16 58
577 16 60
578 16 61
579 16 63
580 16 64
581 16 65
582 16 71
583 16 72
584 16 74
585 16 78
586 16 79
587 16 81
588 16 82
589 16 85
590 16 86
591 16 87
592 16 88
593 16 89
594 16 90
595 16 91
596 16 92
597 16 94
598 16 97
599 16 98
600 16 99
601 16 100
602 16 101
603 16 102
604 16 104
605 16 105
606 16 107
607 16 108
608 16 109
609 16 110
610 16 113
611 16 114
612 16 116
613 16 117
614 16 119
615 16 121
616 16 123
617 16 127
618 16 129
619 16 131
620 16 132
621 16 136
622 16 137
623 16 138
624 16 139
625 16 140
626 16 141
627 17 18
628 17 20
629 17 23
630 17 28
631 17 29
632 17 30
633 17 32
634 17 34
635 17 38
636 17 41
637 17 47
638 17 48
639 17 54
640 17 56
641 17 58
642 17 60
643 17 61
644 17 63
645 17 64
646 17 65
647 17 71
648 17 72
649 17 74
650 17 78
651 17 79
652 17 81
653 17 82
654 17 85
655 17 86
656 17 87
657 17 88
658 17 89
659 17 90
660 17 91
661 17 92
662 17 94
663 17 97
664 17 98
665 17 99
666 17 100
667 17 101
668 17 102
669 17 104
670 17 105
671 17 107
672 17 108
673 17 109
674 17 110
675 17 113
676 17 114
677 17 116
678 17 117
679 17 119
680 17 121
681 17 123
682 17 127
683 17 129
684 17 131
685 17 132
686 17 136
687 17 137
688 17 138
689 17 139
690 17 140
691 17 141
692 18 20
693 18 23
694 18 28
695 18 29
696 18 30
697 18 32
698 18 34
699 18 38
700 18 41
701 18 47
702 18 48
703 18 50
704 18 54
705 18 56
706 18 58
707 18 60
708 18 61
709 18 63
710 18 64
711 18 65
712 18 71
713 18 72
714 18 74
715 18 78
716 18 79
717 18 81
718 18 82
719 18 85
720 18 86
721 18 87
722 18 88
723 18 89
724 18 90
725 18 91
726 18 92
727 18 94
728 18 97
729 18 98
730 18 99
731 18 100
732 18 101
733 18 102
734 18 104
735 18 105
736 18 107
737 18 108
738 18 109
739 18 110
740 18 113
741 18 114
742 18 116
743 18 117
744 18 119
745 18 121
746 18 123
747 18 127
748 18 129
749 18 131
750 18 132
751 18 136
752 18 137
753 18 138
754 18 139
755 18 140
756 18 141
757 19 21
758 19 24
759 19 33
760 19 40
761 19 44
762 19 52
763 19 53
764 19 68
765 19 70
766 19 73
767 19 76
768 19 77
769 19 80
770 19 93
771 19 95
772 19 115
773 19 118
774 19 122
775 19 125
776 19 135
777 20 23
778 20 28
779 20 29
780 20 30
781 20 32
782 20 34
783 20 38
784 20 41
785 20 47
786 20 48
787 20 54
788 20 56
789 20 58
790 20 60
791 20 61
792 20 63
793 20 64
794 20 65
795 20 71
796 20 72
797 20 74
798 20 78
799 20 79
800 20 81
801 20 82
802 20 85
803 20 86
804 20 87
805 20 88
806 20 89
807 20 90
808 20 91
809 20 92
810 20 94
811 20 97
812 20 98
813 20 99
814 20 100
815 20 101
816 20 102
817 20 104
818 20 105
819 20 107
820 20 108
821 20 109
822 20 110
823 20 113
824 20 114
825 20 116
826 20 117
827 20 119
828 20 121
829 20 123
830 20 127
831 20 129
832 20 131
833 20 132
834 20 136
835 20 137
836 20 138
837 20 139
838 20 140
839 20 141
840 21 24
841 21 33
842 21 35
843 21 40
844 21 44
845 21 49
846 21 52
847 21 53
848 21 68
849 21 70
850 21 73
851 21 76
852 21 77
853 21 80
854 21 93
855 21 95
856 21 115
857 21 118
858 21 122
859 21 125
860 21 135
861 22 39
862 22 43
863 22 111
864 22 143
865 23 28
866 23 29
867 23 30
868 23 32
869 23 34
870 23 38
871 23 41
872 23 47
873 23 48
874 23 54
875 23 56
876 23 58
877 23 60
878 23 61
879 23 63
880 23 64
881 23 65
882 23 71
883 23 72
884 23 74
885 23 78
886 23 79
887 23 81
888 23 82
889 23 85
890 23 86
891 23 87
892 23 88
893 23 89
894 23 90
895 23 91
896 23 92
897 23 94
898 23 97
899 23 98
900 23 99
901 23 100
902 23 101
903 23 102
904 23 104
905 23 105
906 23 107
907 23 108
908 23 109
909 23 110
910 23 113
911 23 114
912 23 116
913 23 117
914 23 119
915 23 121
916 23 123
917 23 127
918 23 129
919 23 131
920 23 132
921 23 136
922 23 137
923 23 138
924 23 139
925 23 140
926 23 141
927 24 33
928 24 35
929 24 40
930 24 44
931 24 52
932 24 53
933 24 68
934 24 70
935 24 73
936 24 76
937 24 77
938 24 80
939 24 95
940 24 115
941 24 118
942 24 122
943 24 125
944 24 135
945 25 26
946 25 27
947 25 45
948 25 67
949 25 69
950 25 124
951 25 144
952 26 27
953 26 45
954 26 67
955 26 69
956 26 124
957 26 144
958 27 45
959 27 67
960 27 69
961 27 124
962 27 144
963 28 29
964 28 30
965 28 32
966 28 34
967 28 38
968 28 41
969 28 47
970 28 48
971 28 54
972 28 56
973 28 58
974 28 60
975 28 61
976 28 63
977 28 64
978 28 65
979 28 71
980 28 72
981 28 74
982 28 78
983 28 79
984 28 81
985 28 82
986 28 85
987 28 86
988 28 87
989 28 88
990 28 89
991 28 90
992 28 91
993 28 92
994 28 94
995 28 97
996 28 98
997 28 99
998 28 100
999 28 101
1000 28 102
1001 28 104
1002 28 105
1003 28 107
1004 28 108
1005 28 109
1006 28 110
1007 28 113
1008 28 114
1009 28 116
1010 28 117
1011 28 119
1012 28 121
1013 28 123
1014 28 127
1015 28 129
1016 28 131
1017 28 132
1018 28 136
1019 28 137
1020 28 138
1021 28 139
1022 28 140
1023 28 141
1024 29 30
1025 29 32
1026 29 34
1027 29 38
1028 29 41
1029 29 47
1030 29 48
1031 29 54
1032 29 56
1033 29 58
1034 29 60
1035 29 61
1036 29 63
1037 29 64
1038 29 65
1039 29 71
1040 29 72
1041 29 74
1042 29 78
1043 29 79
1044 29 81
1045 29 82
1046 29 85
1047 29 86
1048 29 88
1049 29 89
1050 29 90
1051 29 91
1052 29 92
1053 29 94
1054 29 97
1055 29 98
1056 29 99
1057 29 100
1058 29 101
1059 29 102
1060 29 104
1061 29 105
1062 29 107
1063 29 108
1064 29 110
1065 29 113
1066 29 114
1067 29 116
1068 29 117
1069 29 119
1070 29 121
1071 29 123
1072 29 127
1073 29 129
1074 29 132
1075 29 136
1076 29 137
1077 29 138
1078 29 139
1079 29 140
1080 29 141
1081 30 32
1082 30 34
1083 30 38
1084 30 41
1085 30 47
1086 30 48
1087 30 54
1088 30 56
1089 30 58
1090 30 60
1091 30 61
1092 30 63
1093 30 64
1094 30 65
1095 30 71
1096 30 72
1097 30 74
1098 30 78
1099 30 79
1100 30 81
1101 30 82
1102 30 85
1103 30 86
1104 30 87
1105 30 88
1106 30 89
1107 30 90
1108 30 91
1109 30 92
1110 30 94
1111 30 97
1112 30 98
1113 30 99
1114 30 100
1115 30 101
1116 30 102
1117 30 104
1118 30 105
1119 30 107
1120 30 108
1121 30 109
1122 30 110
1123 30 113
1124 30 114
1125 30 116
1126 30 117
1127 30 119
1128 30 121
1129 30 123
1130 30 127
1131 30 129
1132 30 131
1133 30 132
1134 30 136
1135 30 137
1136 30 138
1137 30 139
1138 30 140
1139 30 141
1140 31 47
1141 31 48
1142 31 60
1143 31 65
1144 31 97
1145 31 98
1146 31 101
1147 31 108
1148 31 114
1149 31 121
1150 31 131
1151 31 138
1152 31 141
1153 32 34
1154 32 38
1155 32 41
1156 32 47
1157 32 48
1158 32 54
1159 32 56
1160 32 58
1161 32 60
1162 32 61
1163 32 63
1164 32 64
1165 32 65
1166 32 71
1167 32 72
1168 32 74
1169 32 78
1170 32 79
1171 32 81
1172 32 82
1173 32 85
1174 32 86
1175 32 87
1176 32 88
1177 32 89
1178 32 90
1179 32 91
1180 32 92
1181 32 94
1182 32 97
1183 32 98
1184 32 99
1185 32 100
1186 32 101
1187 32 102
1188 32 104
1189 32 105
1190 32 107
1191 32 108
1192 32 109
1193 32 110
1194 32 113
1195 32 114
1196 32 116
1197 32 117
1198 32 119
1199 32 121
1200 32 123
1201 32 127
1202 32 129
1203 32 131
1204 32 132
1205 32 136
1206 32 137
1207 32 138
1208 32 139
1209 32 140
1210 32 141
1211 33 35
1212 33 40
1213 33 44
1214 33 49
1215 33 52
1216 33 53
1217 33 68
1218 33 70
1219 33 73
1220 33 76
1221 33 77
1222 33 80
1223 33 93
1224 33 95
1225 33 115
1226 33 118
1227 33 122
1228 33 125
1229 33 135
1230 34 38
1231 34 41
1232 34 47
1233 34 48
1234 34 54
1235 34 56
1236 34 58
1237 34 60
1238 34 61
1239 34 63
1240 34 64
1241 34 65
1242 34 71
1243 34 72
1244 34 74
1245 34 78
1246 34 79
1247 34 81
1248 34 82
1249 34 85
1250 34 86
1251 34 87
1252 34 88
1253 34 89
1254 34 90
1255 34 91
1256 34 92
1257 34 94
1258 34 97
1259 34 98
1260 34 99
1261 34 100
1262 34 101
1263 34 102
1264 34 104
1265 34 105
1266 34 107
1267 34 108
1268 34 109
1269 34 110
1270 34 113
1271 34 114
1272 34 116
1273 34 117
1274 34 119
1275 34 121
1276 34 123
1277 34 127
1278 34 129
1279 34 131
1280 34 132
1281 34 136
1282 34 137
1283 34 138
1284 34 139
1285 34 140
1286 34 141
1287 35 44
1288 35 49
1289 35 52
1290 35 53
1291 35 68
1292 35 70
1293 35 73
1294 35 76
1295 35 77
1296 35 80
1297 35 93
1298 35 95
1299 35 115
1300 35 118
1301 35 122
1302 35 125
1303 35 135
1304 36 55
1305 36 126
1306 37 46
1307 37 112
1308 37 120
1309 38 41
1310 38 47
1311 38 48
1312 38 54
1313 38 56
1314 38 58
1315 38 60
1316 38 61
1317 38 63
1318 38 64
1319 38 65
1320 38 71
1321 38 72
1322 38 74
1323 38 78
1324 38 79
1325 38 81
1326 38 82
1327 38 85
1328 38 86
1329 38 87
1330 38 88
1331 38 89
1332 38 90
1333 38 91
1334 38 92
1335 38 94
1336 38 97
1337 38 98
1338 38 99
1339 38 100
1340 38 101
1341 38 102
1342 38 104
1343 38 105
1344 38 107
1345 38 108
1346 38 109
1347 38 110
1348 38 113
1349 38 114
1350 38 116
1351 38 117
1352 38 119
1353 38 121
1354 38 123
1355 38 127
1356 38 129
1357 38 131
1358 38 132
1359 38 136
1360 38 137
1361 38 138
1362 38 139
1363 38 140
1364 38 141
1365 39 43
1366 39 111
1367 40 44
1368 40 52
1369 40 53
1370 40 68
1371 40 70
1372 40 73
1373 40 76
1374 40 77
1375 40 80
1376 40 95
1377 40 115
1378 40 118
1379 40 122
1380 40 125
1381 40 135
1382 41 47
1383 41 48
1384 41 54
1385 41 56
1386 41 58
1387 41 60
1388 41 61
1389 41 63
1390 41 64
1391 41 65
1392 41 71
1393 41 72
1394 41 74
1395 41 78
1396 41 79
1397 41 81
1398 41 82
1399 41 85
1400 41 86
1401 41 87
1402 41 88
1403 41 89
1404 41 90
1405 41 91
1406 41 92
1407 41 94
1408 41 97
1409 41 98
1410 41 99
1411 41 100
1412 41 101
1413 41 102
1414 41 104
1415 41 105
1416 41 107
1417 41 108
1418 41 109
1419 41 110
1420 41 113
1421 41 114
1422 41 116
1423 41 117
1424 41 119
1425 41 121
1426 41 123
1427 41 127
1428 41 129
1429 41 131
1430 41 132
1431 41 136
1432 41 137
1433 41 138
1434 41 139
1435 41 140
1436 41 141
1437 43 111
1438 44 49
1439 44 52
1440 44 53
1441 44 68
1442 44 70
1443 44 73
1444 44 76
1445 44 77
1446 44 80
1447 44 93
1448 44 95
1449 44 115
1450 44 118
1451 44 122
1452 44 125
1453 44 135
1454 45 67
1455 45 69
1456 45 124
1457 45 128
1458 45 144
1459 46 84
1460 46 103
1461 46 112
1462 46 120
1463 47 48
1464 47 54
1465 47 56
1466 47 58
1467 47 60
1468 47 61
1469 47 63
1470 47 64
1471 47 65
1472 47 71
1473 47 72
1474 47 74
1475 47 78
1476 47 79
1477 47 81
1478 47 82
1479 47 85
1480 47 86
1481 47 87
1482 47 88
1483 47 89
1484 47 90
1485 47 91
1486 47 92
1487 47 94
1488 47 97
1489 47 98
1490 47 99
1491 47 100
1492 47 101
1493 47 102
1494 47 104
1495 47 105
1496 47 107
1497 47 108
1498 47 109
1499 47 110
1500 47 113
1501 47 114
1502 47 116
1503 47 117
1504 47 119
1505 47 121
1506 47 123
1507 47 127
1508 47 129
1509 47 131
1510 47 132
1511 47 136
1512 47 137
1513 47 138
1514 47 139
1515 47 140
1516 47 141
1517 48 54
1518 48 56
1519 48 58
1520 48 60
1521 48 61
1522 48 63
1523 48 64
1524 48 65
1525 48 71
1526 48 72
1527 48 74
1528 48 78
1529 48 79
1530 48 81
1531 48 82
1532 48 85
1533 48 86
1534 48 87
1535 48 88
1536 48 89
1537 48 90
1538 48 91
1539 48 92
1540 48 94
1541 48 97
1542 48 98
1543 48 99
1544 48 100
1545 48 101
1546 48 102
1547 48 104
1548 48 105
1549 48 107
1550 48 108
1551 48 109
1552 48 110
1553 48 113
1554 48 114
1555 48 116
1556 48 117
1557 48 119
1558 48 121
1559 48 123
1560 48 127
1561 48 129
1562 48 131
1563 48 132
1564 48 136
1565 48 137
1566 48 138
1567 48 139
1568 48 140
1569 48 141
1570 49 52
1571 49 73
1572 49 93
1573 49 118
1574 49 135
1575 50 60
1576 50 64
1577 50 65
1578 50 74
1579 50 92
1580 50 94
1581 50 97
1582 50 98
1583 50 99
1584 50 104
1585 50 113
1586 50 121
1587 50 138
1588 50 141
1589 52 53
1590 52 68
1591 52 70
1592 52 73
1593 52 76
1594 52 77
1595 52 80
1596 52 93
1597 52 95
1598 52 109
1599 52 115
1600 52 118
1601 52 122
1602 52 125
1603 52 135
1604 53 68
1605 53 70
1606 53 73
1607 53 76
1608 53 77
1609 53 80
1610 53 93
1611 53 95
1612 53 115
1613 53 118
1614 53 122
1615 53 125
1616 53 135
1617 54 56
1618 54 58
1619 54 60
1620 54 61
1621 54 63
1622 54 64
1623 54 65
1624 54 71
1625 54 72
1626 54 74
1627 54 78
1628 54 79
1629 54 81
1630 54 82
1631 54 85
1632 54 86
1633 54 87
1634 54 88
1635 54 89
1636 54 90
1637 54 91
1638 54 92
1639 54 94
1640 54 97
1641 54 98
1642 54 99
1643 54 100
1644 54 101
1645 54 102
1646 54 104
1647 54 105
1648 54 107
1649 54 108
1650 54 109
1651 54 110
1652 54 113
1653 54 114
1654 54 116
1655 54 117
1656 54 119
1657 54 121
1658 54 123
1659 54 127
1660 54 129
1661 54 131
1662 54 132
1663 54 136
1664 54 137
1665 54 138
1666 54 139
1667 54 140
1668 54 141
1669 55 126
1670 56 58
1671 56 60
1672 56 61
1673 56 63
1674 56 64
1675 56 65
1676 56 71
1677 56 72
1678 56 74
1679 56 78
1680 56 79
1681 56 81
1682 56 82
1683 56 85
1684 56 86
1685 56 87
1686 56 88
1687 56 89
1688 56 90
1689 56 91
1690 56 92
1691 56 94
1692 56 97
1693 56 98
1694 56 99
1695 56 100
1696 56 101
1697 56 102
1698 56 104
1699 56 105
1700 56 107
1701 56 108
1702 56 109
1703 56 110
1704 56 113
1705 56 114
1706 56 116
1707 56 117
1708 56 119
1709 56 121
1710 56 123
1711 56 127
1712 56 129
1713 56 131
1714 56 132
1715 56 136
1716 56 137
1717 56 138
1718 56 139
1719 56 140
1720 56 141
1721 58 60
1722 58 61
1723 58 63
1724 58 64
1725 58 65
1726 58 71
1727 58 72
1728 58 74
1729 58 78
1730 58 79
1731 58 81
1732 58 82
1733 58 85
1734 58 86
1735 58 87
1736 58 88
1737 58 89
1738 58 90
1739 58 91
1740 58 92
1741 58 94
1742 58 97
1743 58 98
1744 58 99
1745 58 100
1746 58 101
1747 58 102
1748 58 104
1749 58 105
1750 58 107
1751 58 108
1752 58 109
1753 58 110
1754 58 113
1755 58 114
1756 58 116
1757 58 117
1758 58 119
1759 58 121
1760 58 123
1761 58 127
1762 58 129
1763 58 131
1764 58 132
1765 58 136
1766 58 137
1767 58 138
1768 58 139
1769 58 140
1770 58 141
1771 60 61
1772 60 63
1773 60 64
1774 60 65
1775 60 71
1776 60 72
1777 60 74
1778 60 78
1779 60 79
1780 60 81
1781 60 82
1782 60 85
1783 60 86
1784 60 87
1785 60 88
1786 60 89
1787 60 90
1788 60 91
1789 60 92
1790 60 94
1791 60 97
1792 60 98
1793 60 99
1794 60 100
1795 60 101
1796 60 102
1797 60 104
1798 60 105
1799 60 107
1800 60 108
1801 60 109
1802 60 110
1803 60 113
1804 60 114
1805 60 116
1806 60 117
1807 60 119
1808 60 121
1809 60 123
1810 60 127
1811 60 129
1812 60 131
1813 60 132
1814 60 136
1815 60 137
1816 60 138
1817 60 139
1818 60 140
1819 60 141
1820 61 63
1821 61 64
1822 61 65
1823 61 71
1824 61 72
1825 61 74
1826 61 78
1827 61 79
1828 61 81
1829 61 82
1830 61 85
1831 61 86
1832 61 87
1833 61 88
1834 61 89
1835 61 90
1836 61 91
1837 61 92
1838 61 94
1839 61 97
1840 61 98
1841 61 99
1842 61 100
1843 61 101
1844 61 102
1845 61 104
1846 61 105
1847 61 107
1848 61 108
1849 61 109
1850 61 110
1851 61 113
1852 61 114
1853 61 116
1854 61 117
1855 61 119
1856 61 121
1857 61 123
1858 61 127
1859 61 129
1860 61 131
1861 61 132
1862 61 136
1863 61 137
1864 61 138
1865 61 139
1866 61 140
1867 61 141
1868 62 67
1869 62 128
1870 62 133
1871 62 144
1872 63 64
1873 63 65
1874 63 71
1875 63 72
1876 63 74
1877 63 78
1878 63 79
1879 63 81
1880 63 82
1881 63 85
1882 63 86
1883 63 87
1884 63 88
1885 63 89
1886 63 90
1887 63 91
1888 63 92
1889 63 94
1890 63 97
1891 63 98
1892 63 99
1893 63 100
1894 63 101
1895 63 102
1896 63 104
1897 63 105
1898 63 107
1899 63 108
1900 63 109
1901 63 110
1902 63 113
1903 63 114
1904 63 116
1905 63 117
1906 63 119
1907 63 121
1908 63 123
1909 63 127
1910 63 129
1911 63 131
1912 63 132
1913 63 136
1914 63 137
1915 63 138
1916 63 139
1917 63 140
1918 63 141
1919 64 65
1920 64 71
1921 64 72
1922 64 73
1923 64 74
1924 64 78
1925 64 79
1926 64 81
1927 64 82
1928 64 85
1929 64 86
1930 64 87
1931 64 88
1932 64 89
1933 64 90
1934 64 91
1935 64 92
1936 64 94
1937 64 97
1938 64 98
1939 64 99
1940 64 100
1941 64 101
1942 64 102
1943 64 104
1944 64 105
1945 64 107
1946 64 108
1947 64 109
1948 64 110
1949 64 113
1950 64 114
1951 64 116
1952 64 117
1953 64 119
1954 64 121
1955 64 123
1956 64 127
1957 64 129
1958 64 131
1959 64 132
1960 64 136
1961 64 137
1962 64 138
1963 64 139
1964 64 140
1965 64 141
1966 65 71
1967 65 72
1968 65 74
1969 65 78
1970 65 79
1971 65 81
1972 65 82
1973 65 85
1974 65 86
1975 65 87
1976 65 88
1977 65 89
1978 65 90
1979 65 91
1980 65 92
1981 65 94
1982 65 97
1983 65 98
1984 65 99
1985 65 100
1986 65 101
1987 65 102
1988 65 104
1989 65 105
1990 65 107
1991 65 108
1992 65 109
1993 65 110
1994 65 113
1995 65 114
1996 65 116
1997 65 117
1998 65 119
1999 65 121
2000 65 123
2001 65 127
2002 65 129
2003 65 131
2004 65 132
2005 65 136
2006 65 137
2007 65 138
2008 65 139
2009 65 140
2010 65 141
2011 67 69
2012 67 124
2013 67 128
2014 67 133
2015 67 144
2016 68 70
2017 68 73
2018 68 76
2019 68 77
2020 68 80
2021 68 93
2022 68 95
2023 68 115
2024 68 118
2025 68 122
2026 68 125
2027 68 135
2028 69 124
2029 69 144
2030 70 73
2031 70 76
2032 70 77
2033 70 80
2034 70 93
2035 70 95
2036 70 115
2037 70 118
2038 70 122
2039 70 125
2040 70 135
2041 71 72
2042 71 74
2043 71 78
2044 71 79
2045 71 81
2046 71 82
2047 71 85
2048 71 86
2049 71 87
2050 71 88
2051 71 89
2052 71 90
2053 71 91
2054 71 92
2055 71 94
2056 71 97
2057 71 98
2058 71 99
2059 71 100
2060 71 101
2061 71 102
2062 71 104
2063 71 105
2064 71 107
2065 71 108
2066 71 109
2067 71 110
2068 71 113
2069 71 114
2070 71 116
2071 71 117
2072 71 119
2073 71 121
2074 71 123
2075 71 127
2076 71 129
2077 71 131
2078 71 132
2079 71 136
2080 71 137
2081 71 138
2082 71 139
2083 71 140
2084 71 141
2085 72 74
2086 72 78
2087 72 79
2088 72 81
2089 72 82
2090 72 85
2091 72 86
2092 72 87
2093 72 88
2094 72 89
2095 72 90
2096 72 91
2097 72 92
2098 72 94
2099 72 97
2100 72 98
2101 72 99
2102 72 100
2103 72 101
2104 72 102
2105 72 104
2106 72 105
2107 72 107
2108 72 108
2109 72 109
2110 72 110
2111 72 113
2112 72 114
2113 72 116
2114 72 117
2115 72 119
2116 72 121
2117 72 123
2118 72 127
2119 72 129
2120 72 131
2121 72 132
2122 72 136
2123 72 137
2124 72 138
2125 72 139
2126 72 140
2127 72 141
2128 73 76
2129 73 77
2130 73 80
2131 73 93
2132 73 95
2133 73 115
2134 73 118
2135 73 122
2136 73 125
2137 73 135
2138 74 78
2139 74 79
2140 74 81
2141 74 82
2142 74 85
2143 74 86
2144 74 87
2145 74 88
2146 74 89
2147 74 90
2148 74 91
2149 74 92
2150 74 94
2151 74 97
2152 74 98
2153 74 99
2154 74 100
2155 74 101
2156 74 102
2157 74 104
2158 74 105
2159 74 107
2160 74 108
2161 74 109
2162 74 110
2163 74 113
2164 74 114
2165 74 116
2166 74 117
2167 74 119
2168 74 121
2169 74 123
2170 74 127
2171 74 129
2172 74 131
2173 74 132
2174 74 136
2175 74 137
2176 74 138
2177 74 139
2178 74 140
2179 74 141
2180 75 134
2181 75 142
2182 76 77
2183 76 80
2184 76 95
2185 76 115
2186 76 118
2187 76 122
2188 76 125
2189 76 135
2190 77 80
2191 77 95
2192 77 115
2193 77 118
2194 77 122
2195 77 125
2196 77 135
2197 78 79
2198 78 81
2199 78 82
2200 78 85
2201 78 86
2202 78 87
2203 78 88
2204 78 89
2205 78 90
2206 78 91
2207 78 92
2208 78 94
2209 78 97
2210 78 98
2211 78 99
2212 78 100
2213 78 101
2214 78 102
2215 78 104
2216 78 105
2217 78 107
2218 78 108
2219 78 109
2220 78 110
2221 78 113
2222 78 114
2223 78 116
2224 78 117
2225 78 119
2226 78 121
2227 78 123
2228 78 127
2229 78 129
2230 78 131
2231 78 132
2232 78 136
2233 78 137
2234 78 138
2235 78 139
2236 78 140
2237 78 141
2238 79 81
2239 79 82
2240 79 85
2241 79 86
2242 79 87
2243 79 88
2244 79 89
2245 79 90
2246 79 91
2247 79 92
2248 79 94
2249 79 97
2250 79 98
2251 79 99
2252 79 100
2253 79 101
2254 79 102
2255 79 104
2256 79 105
2257 79 107
2258 79 108
2259 79 109
2260 79 110
2261 79 113
2262 79 114
2263 79 116
2264 79 117
2265 79 119
2266 79 121
2267 79 123
2268 79 127
2269 79 129
2270 79 131
2271 79 132
2272 79 136
2273 79 137
2274 79 138
2275 79 139
2276 79 140
2277 79 141
2278 80 93
2279 80 95
2280 80 115
2281 80 118
2282 80 122
2283 80 125
2284 80 135
2285 81 82
2286 81 85
2287 81 86
2288 81 87
2289 81 88
2290 81 89
2291 81 90
2292 81 91
2293 81 92
2294 81 94
2295 81 97
2296 81 98
2297 81 99
2298 81 100
2299 81 101
2300 81 102
2301 81 104
2302 81 105
2303 81 107
2304 81 108
2305 81 109
2306 81 110
2307 81 113
2308 81 114
2309 81 116
2310 81 117
2311 81 119
2312 81 121
2313 81 123
2314 81 127
2315 81 129
2316 81 131
2317 81 132
2318 81 136
2319 81 137
2320 81 138
2321 81 139
2322 81 140
2323 81 141
2324 82 85
2325 82 86
2326 82 87
2327 82 88
2328 82 89
2329 82 90
2330 82 91
2331 82 92
2332 82 94
2333 82 97
2334 82 98
2335 82 99
2336 82 100
2337 82 101
2338 82 102
2339 82 104
2340 82 105
2341 82 107
2342 82 108
2343 82 109
2344 82 110
2345 82 113
2346 82 114
2347 82 116
2348 82 117
2349 82 119
2350 82 121
2351 82 123
2352 82 127
2353 82 129
2354 82 131
2355 82 132
2356 82 136
2357 82 137
2358 82 138
2359 82 139
2360 82 140
2361 82 141
2362 83 130
2363 85 86
2364 85 87
2365 85 88
2366 85 89
2367 85 90
2368 85 91
2369 85 92
2370 85 94
2371 85 97
2372 85 98
2373 85 99
2374 85 100
2375 85 101
2376 85 102
2377 85 104
2378 85 105
2379 85 107
2380 85 108
2381 85 109
2382 85 110
2383 85 113
2384 85 114
2385 85 116
2386 85 117
2387 85 119
2388 85 121
2389 85 123
2390 85 127
2391 85 129
2392 85 131
2393 85 132
2394 85 136
2395 85 137
2396 85 138
2397 85 139
2398 85 140
2399 85 141
2400 86 87
2401 86 88
2402 86 89
2403 86 90
2404 86 91
2405 86 92
2406 86 94
2407 86 97
2408 86 98
2409 86 99
2410 86 100
2411 86 101
2412 86 102
2413 86 104
2414 86 105
2415 86 107
2416 86 108
2417 86 109
2418 86 110
2419 86 113
2420 86 114
2421 86 116
2422 86 117
2423 86 119
2424 86 121
2425 86 123
2426 86 127
2427 86 129
2428 86 131
2429 86 132
2430 86 136
2431 86 137
2432 86 138
2433 86 139
2434 86 140
2435 86 141
2436 87 88
2437 87 89
2438 87 90
2439 87 91
2440 87 92
2441 87 94
2442 87 97
2443 87 98
2444 87 99
2445 87 100
2446 87 101
2447 87 102
2448 87 104
2449 87 105
2450 87 107
2451 87 108
2452 87 109
2453 87 110
2454 87 113
2455 87 114
2456 87 116
2457 87 117
2458 87 119
2459 87 121
2460 87 123
2461 87 127
2462 87 129
2463 87 131
2464 87 132
2465 87 136
2466 87 137
2467 87 138
2468 87 139
2469 87 140
2470 87 141
2471 88 89
2472 88 90
2473 88 91
2474 88 92
2475 88 94
2476 88 97
2477 88 98
2478 88 99
2479 88 100
2480 88 101
2481 88 102
2482 88 104
2483 88 105
2484 88 107
2485 88 108
2486 88 109
2487 88 110
2488 88 113
2489 88 114
2490 88 116
2491 88 117
2492 88 119
2493 88 121
2494 88 123
2495 88 127
2496 88 129
2497 88 131
2498 88 132
2499 88 136
2500 88 137
2501 88 138
2502 88 139
2503 88 140
2504 88 141
2505 89 90
2506 89 91
2507 89 92
2508 89 94
2509 89 97
2510 89 98
2511 89 99
2512 89 100
2513 89 101
2514 89 102
2515 89 104
2516 89 105
2517 89 107
2518 89 108
2519 89 109
2520 89 110
2521 89 113
2522 89 114
2523 89 116
2524 89 117
2525 89 119
2526 89 121
2527 89 123
2528 89 127
2529 89 129
2530 89 131
2531 89 132
2532 89 136
2533 89 137
2534 89 138
2535 89 139
2536 89 140
2537 89 141
2538 90 91
2539 90 92
2540 90 94
2541 90 97
2542 90 98
2543 90 99
2544 90 100
2545 90 101
2546 90 102
2547 90 104
2548 90 105
2549 90 107
2550 90 108
2551 90 109
2552 90 110
2553 90 113
2554 90 114
2555 90 116
2556 90 117
2557 90 119
2558 90 121
2559 90 123
2560 90 127
2561 90 129
2562 90 132
2563 90 136
2564 90 137
2565 90 138
2566 90 139
2567 90 140
2568 90 141
2569 91 92
2570 91 94
2571 91 97
2572 91 98
2573 91 99
2574 91 100
2575 91 101
2576 91 102
2577 91 104
2578 91 105
2579 91 107
2580 91 108
2581 91 109
2582 91 110
2583 91 113
2584 91 114
2585 91 116
2586 91 117
2587 91 119
2588 91 121
2589 91 123
2590 91 127
2591 91 129
2592 91 132
2593 91 136
2594 91 137
2595 91 138
2596 91 139
2597 91 140
2598 91 141
2599 92 94
2600 92 97
2601 92 98
2602 92 99
2603 92 100
2604 92 101
2605 92 102
2606 92 104
2607 92 105
2608 92 107
2609 92 108
2610 92 109
2611 92 110
2612 92 113
2613 92 114
2614 92 116
2615 92 117
2616 92 119
2617 92 121
2618 92 123
2619 92 127
2620 92 129
2621 92 131
2622 92 132
2623 92 136
2624 92 137
2625 92 138
2626 92 139
2627 92 140
2628 92 141
2629 93 95
2630 93 118
2631 93 122
2632 93 125
2633 93 135
2634 94 97
2635 94 98
2636 94 99
2637 94 100
2638 94 101
2639 94 102
2640 94 104
2641 94 105
2642 94 107
2643 94 108
2644 94 109
2645 94 110
2646 94 113
2647 94 114
2648 94 116
2649 94 117
2650 94 119
2651 94 121
2652 94 123
2653 94 127
2654 94 129
2655 94 131
2656 94 132
2657 94 136
2658 94 137
2659 94 138
2660 94 139
2661 94 140
2662 94 141
2663 95 115
2664 95 118
2665 95 122
2666 95 125
2667 95 135
2668 96 106
2669 96 143
2670 97 98
2671 97 99
2672 97 100
2673 97 101
2674 97 102
2675 97 104
2676 97 105
2677 97 107
2678 97 108
2679 97 109
2680 97 110
2681 97 113
2682 97 114
2683 97 116
2684 97 117
2685 97 119
2686 97 121
2687 97 123
2688 97 127
2689 97 129
2690 97 131
2691 97 132
2692 97 136
2693 97 137
2694 97 138
2695 97 139
2696 97 140
2697 97 141
2698 98 99
2699 98 100
2700 98 101
2701 98 102
2702 98 104
2703 98 105
2704 98 107
2705 98 108
2706 98 109
2707 98 110
2708 98 113
2709 98 114
2710 98 116
2711 98 117
2712 98 119
2713 98 121
2714 98 123
2715 98 127
2716 98 129
2717 98 131
2718 98 132
2719 98 136
2720 98 137
2721 98 138
2722 98 139
2723 98 140
2724 98 141
2725 99 100
2726 99 101
2727 99 102
2728 99 104
2729 99 105
2730 99 107
2731 99 108
2732 99 109
2733 99 110
2734 99 113
2735 99 114
2736 99 116
2737 99 117
2738 99 119
2739 99 121
2740 99 123
2741 99 127
2742 99 129
2743 99 131
2744 99 132
2745 99 136
2746 99 137
2747 99 138
2748 99 139
2749 99 140
2750 99 141
2751 100 101
2752 100 102
2753 100 104
2754 100 105
2755 100 107
2756 100 108
2757 100 109
2758 100 110
2759 100 113
2760 100 114
2761 100 116
2762 100 117
2763 100 119
2764 100 121
2765 100 123
2766 100 127
2767 100 129
2768 100 131
2769 100 132
2770 100 136
2771 100 137
2772 100 138
2773 100 139
2774 100 140
2775 100 141
2776 101 102
2777 101 104
2778 101 105
2779 101 107
2780 101 108
2781 101 109
2782 101 110
2783 101 113
2784 101 114
2785 101 116
2786 101 117
2787 101 119
2788 101 121
2789 101 123
2790 101 127
2791 101 129
2792 101 131
2793 101 132
2794 101 136
2795 101 137
2796 101 138
2797 101 139
2798 101 140
2799 101 141
2800 102 104
2801 102 105
2802 102 107
2803 102 108
2804 102 109
2805 102 110
2806 102 113
2807 102 114
2808 102 116
2809 102 117
2810 102 119
2811 102 121
2812 102 123
2813 102 127
2814 102 129
2815 102 131
2816 102 132
2817 102 136
2818 102 137
2819 102 138
2820 102 139
2821 102 140
2822 102 141
2823 104 105
2824 104 107
2825 104 108
2826 104 109
2827 104 110
2828 104 113
2829 104 114
2830 104 116
2831 104 117
2832 104 119
2833 104 121
2834 104 123
2835 104 127
2836 104 129
2837 104 131
2838 104 132
2839 104 136
2840 104 137
2841 104 138
2842 104 139
2843 104 140
2844 104 141
2845 105 107
2846 105 108
2847 105 109
2848 105 110
2849 105 113
2850 105 114
2851 105 116
2852 105 117
2853 105 119
2854 105 121
2855 105 123
2856 105 127
2857 105 129
2858 105 131
2859 105 132
2860 105 136
2861 105 137
2862 105 138
2863 105 139
2864 105 140
2865 105 141
2866 106 143
2867 107 108
2868 107 109
2869 107 110
2870 107 113
2871 107 114
2872 107 116
2873 107 117
2874 107 119
2875 107 121
2876 107 123
2877 107 127
2878 107 129
2879 107 131
2880 107 132
2881 107 136
2882 107 137
2883 107 138
2884 107 139
2885 107 140
2886 107 141
2887 108 109
2888 108 110
2889 108 113
2890 108 114
2891 108 116
2892 108 117
2893 108 119
2894 108 121
2895 108 123
2896 108 127
2897 108 129
2898 108 131
2899 108 132
2900 108 136
2901 108 137
2902 108 138
2903 108 139
2904 108 140
2905 108 141
2906 109 110
2907 109 113
2908 109 114
2909 109 116
2910 109 117
2911 109 119
2912 109 121
2913 109 123
2914 109 127
2915 109 129
2916 109 131
2917 109 132
2918 109 136
2919 109 137
2920 109 138
2921 109 139
2922 109 140
2923 109 141
2924 110 113
2925 110 114
2926 110 116
2927 110 117
2928 110 119
2929 110 121
2930 110 123
2931 110 127
2932 110 129
2933 110 131
2934 110 132
2935 110 136
2936 110 137
2937 110 138
2938 110 139
2939 110 140
2940 110 141
2941 112 120
2942 113 114
2943 113 116
2944 113 117
2945 113 119
2946 113 121
2947 113 123
2948 113 127
2949 113 129
2950 113 131
2951 113 132
2952 113 136
2953 113 137
2954 113 138
2955 113 139
2956 113 140
2957 113 141
2958 114 116
2959 114 117
2960 114 119
2961 114 121
2962 114 123
2963 114 127
2964 114 129
2965 114 131
2966 114 132
2967 114 136
2968 114 137
2969 114 138
2970 114 139
2971 114 140
2972 114 141
2973 115 118
2974 115 122
2975 115 125
2976 115 135
2977 116 117
2978 116 119
2979 116 121
2980 116 123
2981 116 127
2982 116 129
2983 116 131
2984 116 132
2985 116 136
2986 116 137
2987 116 138
2988 116 139
2989 116 140
2990 116 141
2991 117 119
2992 117 121
2993 117 123
2994 117 127
2995 117 129
2996 117 131
2997 117 132
2998 117 136
2999 117 137
3000 117 138
3001 117 139
3002 117 140
3003 117 141
3004 118 122
3005 118 125
3006 118 135
3007 119 121
3008 119 123
3009 119 127
3010 119 129
3011 119 131
3012 119 132
3013 119 136
3014 119 137
3015 119 138
3016 119 139
3017 119 140
3018 119 141
3019 121 123
3020 121 127
3021 121 129
3022 121 131
3023 121 132
3024 121 136
3025 121 137
3026 121 138
3027 121 139
3028 121 140
3029 121 141
3030 122 125
3031 122 135
3032 123 127
3033 123 129
3034 123 131
3035 123 132
3036 123 136
3037 123 137
3038 123 138
3039 123 139
3040 123 140
3041 123 141
3042 124 144
3043 125 135
3044 127 129
3045 127 132
3046 127 136
3047 127 137
3048 127 138
3049 127 139
3050 127 140
3051 127 141
3052 128 133
3053 129 131
3054 129 132
3055 129 136
3056 129 137
3057 129 138
3058 129 139
3059 129 140
3060 129 141
3061 131 132
3062 131 136
3063 131 137
3064 131 138
3065 131 139
3066 131 140
3067 131 141
3068 132 136
3069 132 137
3070 132 138
3071 132 139
3072 132 140
3073 132 141
3074 134 142
3075 136 137
3076 136 138
3077 136 139
3078 136 140
3079 136 141
3080 137 138
3081 137 139
3082 137 140
3083 137 141
3084 138 139
3085 138 140
3086 138 141
3087 139 140
3088 139 141
3089 140 141
