1 1 27
2 1 79
3 2 3
4 2 29
5 2 48
6 2 50
7 2 58
8 2 71
9 2 95
10 2 103
11 2 113
12 2 115
13 2 116
14 2 121
15 2 131
16 2 149
17 3 15
18 3 20
19 3 23
20 3 29
21 3 31
22 3 37
23 3 38
24 3 39
25 3 41
26 3 47
27 3 48
28 3 49
29 3 50
30 3 58
31 3 60
32 3 62
33 3 71
34 3 80
35 3 82
36 3 86
37 3 95
38 3 101
39 3 103
40 3 104
41 3 113
42 3 115
43 3 116
44 3 121
45 3 131
46 3 132
47 3 134
48 3 139
49 3 148
50 3 149
51 4 5
52 4 32
53 4 40
54 4 53
55 4 84
56 4 91
57 4 93
58 4 105
59 4 117
60 4 123
61 4 124
62 4 129
63 4 133
64 4 137
65 4 140
66 4 151
67 4 154
68 4 157
69 5 32
70 5 53
71 5 84
72 5 91
73 5 93
74 5 105
75 5 114
76 5 117
77 5 123
78 5 124
79 5 129
80 5 133
81 5 137
82 5 140
83 5 151
84 5 154
85 5 157
86 6 7
87 6 9
88 6 12
89 6 13
90 6 14
91 6 22
92 6 34
93 6 35
94 6 59
95 6 65
96 6 69
97 6 74
98 6 75
99 6 76
100 6 88
101 6 92
102 6 94
103 6 96
104 6 100
105 6 102
106 6 119
107 6 120
108 6 122
109 6 127
110 6 145
111 6 150
112 6 152
113 6 156
114 6 158
115 6 159
116 7 12
117 7 13
118 7 14
119 7 21
120 7 22
121 7 34
122 7 35
123 7 59
124 7 74
125 7 75
126 7 88
127 7 92
128 7 94
129 7 96
130 7 100
131 7 119
132 7 127
133 7 145
134 7 156
135 7 158
136 8 45
137 8 66
138 8 67
139 8 70
140 8 125
141 8 135
142 8 146
143 9 12
144 9 13
145 9 14
146 9 22
147 9 35
148 9 46
149 9 59
150 9 69
151 9 75
152 9 88
153 9 94
154 9 96
155 9 102
156 9 119
157 9 120
158 9 122
159 9 127
160 9 150
161 9 152
162 9 156
163 9 158
164 9 159
165 10 28
166 10 52
167 10 72
168 10 97
169 10 111
170 12 13
171 12 14
172 12 22
173 12 34
174 12 35
175 12 59
176 12 65
177 12 69
178 12 74
179 12 75
180 12 76
181 12 88
182 12 92
183 12 94
184 12 96
185 12 100
186 12 102
187 12 119
188 12 120
189 12 122
190 12 127
191 12 145
192 12 150
193 12 152
194 12 156
195 12 158
196 12 159
197 13 14
198 13 22
199 13 34
200 13 35
201 13 59
202 13 65
203 13 69
204 13 74
205 13 75
206 13 76
207 13 88
208 13 92
209 13 94
210 13 96
211 13 100
212 13 102
213 13 119
214 13 120
215 13 122
216 13 127
217 13 145
218 13 150
219 13 152
220 13 156
221 13 158
222 13 159
223 14 22
224 14 34
225 14 35
226 14 59
227 14 65
228 14 69
229 14 74
230 14 75
231 14 76
232 14 88
233 14 92
234 14 94
235 14 96
236 14 100
237 14 102
238 14 119
239 14 120
240 14 122
241 14 127
242 14 145
243 14 150
244 14 152
245 14 156
246 14 158
247 14 159
248 15 18
249 15 23
250 15 37
251 15 47
252 15 58
253 15 60
254 15 62
255 15 71
256 15 80
257 15 82
258 15 86
259 15 95
260 15 101
261 15 103
262 15 104
263 15 115
264 15 116
265 15 121
266 15 134
267 15 136
268 15 139
269 15 148
270 16 18
271 16 62
272 16 77
273 16 80
274 16 82
275 16 101
276 16 104
277 16 136
278 16 139
279 16 148
280 17 147
281 18 61
282 18 62
283 18 77
284 18 80
285 18 82
286 18 85
287 18 101
288 18 104
289 18 136
290 18 139
291 18 142
292 18 147
293 18 148
294 20 29
295 20 37
296 20 38
297 20 48
298 20 49
299 20 58
300 20 71
301 20 95
302 20 103
303 20 113
304 20 115
305 20 116
306 20 121
307 20 126
308 20 131
309 21 34
310 21 74
311 22 34
312 22 35
313 22 59
314 22 65
315 22 69
316 22 74
317 22 75
318 22 76
319 22 88
320 22 92
321 22 94
322 22 96
323 22 100
324 22 102
325 22 119
326 22 120
327 22 122
328 22 127
329 22 145
330 22 150
331 22 152
332 22 156
333 22 158
334 22 159
335 23 37
336 23 47
337 23 58
338 23 60
339 23 62
340 23 71
341 23 80
342 23 82
343 23 86
344 23 95
345 23 101
346 23 103
347 23 104
348 23 115
349 23 116
350 23 121
351 23 134
352 23 139
353 23 148
354 24 51
355 24 54
356 24 55
357 24 112
358 24 118
359 24 128
360 24 130
361 25 73
362 25 90
363 26 79
364 26 153
365 27 79
366 28 52
367 28 72
368 28 97
369 28 111
370 29 37
371 29 38
372 29 48
373 29 49
374 29 50
375 29 58
376 29 62
377 29 71
378 29 80
379 29 95
380 29 101
381 29 103
382 29 104
383 29 113
384 29 115
385 29 116
386 29 121
387 29 126
388 29 131
389 29 149
390 30 32
391 30 93
392 30 151
393 30 157
394 31 47
395 31 58
396 31 71
397 31 95
398 31 103
399 31 115
400 31 116
401 31 121
402 31 132
403 32 53
404 32 84
405 32 91
406 32 93
407 32 105
408 32 114
409 32 123
410 32 124
411 32 129
412 32 133
413 32 137
414 32 140
415 32 151
416 32 157
417 33 52
418 33 64
419 33 72
420 33 143
421 34 35
422 34 59
423 34 74
424 34 75
425 34 88
426 34 92
427 34 94
428 34 96
429 34 100
430 34 119
431 34 127
432 34 145
433 34 156
434 34 158
435 35 59
436 35 69
437 35 74
438 35 75
439 35 88
440 35 92
441 35 94
442 35 96
443 35 100
444 35 102
445 35 119
446 35 120
447 35 122
448 35 127
449 35 145
450 35 150
451 35 152
452 35 156
453 35 158
454 35 159
455 36 57
456 36 78
457 36 83
458 36 98
459 37 38
460 37 39
461 37 47
462 37 48
463 37 49
464 37 58
465 37 60
466 37 62
467 37 71
468 37 80
469 37 82
470 37 86
471 37 95
472 37 101
473 37 103
474 37 104
475 37 113
476 37 115
477 37 116
478 37 121
479 37 131
480 37 132
481 37 134
482 37 139
483 37 148
484 38 48
485 38 49
486 38 58
487 38 71
488 38 95
489 38 103
490 38 113
491 38 115
492 38 116
493 38 121
494 38 131
495 39 47
496 39 58
497 39 71
498 39 95
499 39 103
500 39 115
501 39 116
502 39 121
503 39 132
504 40 43
505 40 84
506 40 91
507 40 108
508 40 117
509 40 123
510 40 137
511 40 140
512 40 151
513 40 154
514 41 116
515 41 121
516 41 131
517 43 108
518 43 109
519 43 117
520 43 141
521 43 154
522 44 63
523 44 118
524 44 128
525 45 57
526 45 66
527 45 67
528 45 70
529 45 78
530 45 83
531 45 98
532 45 125
533 45 135
534 45 146
535 46 102
536 46 152
537 46 159
538 47 58
539 47 60
540 47 62
541 47 71
542 47 80
543 47 82
544 47 86
545 47 95
546 47 101
547 47 103
548 47 113
549 47 115
550 47 116
551 47 121
552 47 131
553 47 132
554 47 134
555 47 139
556 47 148
557 48 49
558 48 50
559 48 58
560 48 71
561 48 95
562 48 103
563 48 113
564 48 115
565 48 116
566 48 121
567 48 131
568 48 149
569 49 58
570 49 71
571 49 95
572 49 103
573 49 113
574 49 115
575 49 116
576 49 121
577 49 131
578 50 58
579 50 71
580 50 95
581 50 103
582 50 113
583 50 115
584 50 116
585 50 121
586 50 131
587 50 149
588 51 54
589 51 55
590 51 112
591 51 118
592 51 128
593 51 130
594 52 64
595 52 72
596 52 97
597 52 111
598 52 143
599 53 84
600 53 91
601 53 93
602 53 105
603 53 123
604 53 124
605 53 129
606 53 133
607 53 137
608 53 140
609 53 151
610 53 157
611 54 112
612 54 130
613 55 112
614 55 130
615 57 78
616 57 83
617 57 98
618 58 60
619 58 62
620 58 71
621 58 80
622 58 82
623 58 86
624 58 95
625 58 101
626 58 103
627 58 104
628 58 113
629 58 115
630 58 116
631 58 121
632 58 131
633 58 132
634 58 134
635 58 139
636 58 148
637 58 149
638 59 65
639 59 69
640 59 74
641 59 75
642 59 76
643 59 88
644 59 92
645 59 94
646 59 96
647 59 100
648 59 102
649 59 119
650 59 120
651 59 122
652 59 127
653 59 145
654 59 150
655 59 152
656 59 156
657 59 158
658 59 159
659 60 62
660 60 71
661 60 80
662 60 82
663 60 86
664 60 95
665 60 101
666 60 103
667 60 104
668 60 115
669 60 116
670 60 121
671 60 134
672 60 139
673 60 148
674 61 62
675 61 80
676 61 101
677 61 104
678 61 136
679 61 142
680 62 71
681 62 77
682 62 80
683 62 82
684 62 85
685 62 86
686 62 95
687 62 101
688 62 103
689 62 104
690 62 113
691 62 115
692 62 116
693 62 121
694 62 131
695 62 134
696 62 136
697 62 139
698 62 142
699 62 147
700 62 148
701 63 118
702 63 128
703 64 72
704 64 143
705 65 76
706 65 88
707 65 92
708 65 94
709 65 96
710 65 119
711 65 127
712 65 145
713 65 156
714 65 158
715 66 67
716 66 70
717 66 125
718 66 135
719 66 146
720 67 70
721 67 125
722 67 135
723 67 146
724 68 87
725 68 106
726 68 110
727 68 138
728 69 75
729 69 88
730 69 92
731 69 94
732 69 96
733 69 102
734 69 119
735 69 120
736 69 122
737 69 127
738 69 145
739 69 150
740 69 152
741 69 156
742 69 158
743 69 159
744 70 125
745 70 135
746 70 146
747 71 80
748 71 82
749 71 86
750 71 95
751 71 101
752 71 103
753 71 104
754 71 113
755 71 115
756 71 116
757 71 121
758 71 131
759 71 132
760 71 134
761 71 139
762 71 148
763 71 149
764 72 97
765 72 111
766 72 143
767 73 90
768 74 75
769 74 88
770 74 92
771 74 94
772 74 96
773 74 100
774 74 119
775 74 127
776 74 145
777 74 156
778 74 158
779 75 88
780 75 92
781 75 94
782 75 96
783 75 102
784 75 119
785 75 120
786 75 122
787 75 127
788 75 145
789 75 150
790 75 152
791 75 156
792 75 158
793 75 159
794 76 88
795 76 92
796 76 94
797 76 96
798 76 119
799 76 127
800 76 145
801 76 156
802 76 158
803 77 80
804 77 82
805 77 101
806 77 104
807 77 136
808 77 139
809 77 148
810 78 83
811 78 98
812 79 153
813 80 82
814 80 85
815 80 86
816 80 95
817 80 101
818 80 103
819 80 104
820 80 113
821 80 115
822 80 116
823 80 121
824 80 131
825 80 134
826 80 136
827 80 139
828 80 142
829 80 147
830 80 148
831 82 86
832 82 95
833 82 101
834 82 103
835 82 104
836 82 115
837 82 116
838 82 121
839 82 134
840 82 136
841 82 139
842 82 148
843 83 98
844 84 91
845 84 93
846 84 105
847 84 117
848 84 123
849 84 124
850 84 129
851 84 133
852 84 137
853 84 140
854 84 151
855 84 154
856 84 157
857 85 101
858 85 104
859 85 136
860 85 147
861 86 95
862 86 101
863 86 103
864 86 104
865 86 115
866 86 116
867 86 121
868 86 134
869 86 139
870 86 148
871 87 106
872 87 110
873 87 138
874 88 92
875 88 94
876 88 96
877 88 100
878 88 102
879 88 119
880 88 120
881 88 122
882 88 127
883 88 145
884 88 150
885 88 152
886 88 156
887 88 158
888 88 159
889 91 93
890 91 105
891 91 117
892 91 123
893 91 124
894 91 129
895 91 133
896 91 137
897 91 140
898 91 151
899 91 154
900 91 157
901 92 94
902 92 96
903 92 119
904 92 120
905 92 122
906 92 127
907 92 145
908 92 150
909 92 156
910 92 158
911 93 105
912 93 114
913 93 123
914 93 124
915 93 129
916 93 133
917 93 137
918 93 140
919 93 151
920 93 155
921 93 157
922 94 96
923 94 100
924 94 102
925 94 119
926 94 120
927 94 122
928 94 127
929 94 145
930 94 150
931 94 152
932 94 156
933 94 158
934 94 159
935 95 101
936 95 103
937 95 104
938 95 113
939 95 115
940 95 116
941 95 121
942 95 131
943 95 132
944 95 134
945 95 139
946 95 148
947 95 149
948 96 100
949 96 102
950 96 119
951 96 120
952 96 122
953 96 127
954 96 145
955 96 150
956 96 152
957 96 156
958 96 158
959 96 159
960 97 111
961 100 127
962 100 156
963 100 158
964 101 103
965 101 104
966 101 113
967 101 115
968 101 116
969 101 121
970 101 131
971 101 134
972 101 136
973 101 139
974 101 142
975 101 147
976 101 148
977 102 119
978 102 120
979 102 122
980 102 127
981 102 150
982 102 152
983 102 156
984 102 158
985 102 159
986 103 104
987 103 113
988 103 115
989 103 116
990 103 121
991 103 131
992 103 132
993 103 134
994 103 139
995 103 148
996 103 149
997 104 113
998 104 115
999 104 116
1000 104 121
1001 104 131
1002 104 134
1003 104 136
1004 104 139
1005 104 142
1006 104 147
1007 104 148
1008 105 114
1009 105 123
1010 105 124
1011 105 133
1012 105 137
1013 105 140
1014 105 151
1015 105 157
1016 106 110
1017 106 138
1018 108 117
1019 108 141
1020 108 154
1021 109 117
1022 109 141
1023 109 154
1024 110 138
1025 112 118
1026 112 128
1027 112 130
1028 113 115
1029 113 116
1030 113 121
1031 113 131
1032 113 149
1033 114 133
1034 114 151
1035 114 157
1036 115 116
1037 115 121
1038 115 126
1039 115 131
1040 115 132
1041 115 134
1042 115 139
1043 115 148
1044 115 149
1045 116 121
1046 116 131
1047 116 132
1048 116 134
1049 116 139
1050 116 148
1051 116 149
1052 117 123
1053 117 137
1054 117 140
1055 117 141
1056 117 151
1057 117 154
1058 118 128
1059 118 130
1060 119 120
1061 119 122
1062 119 127
1063 119 145
1064 119 150
1065 119 152
1066 119 156
1067 119 158
1068 119 159
1069 120 122
1070 120 127
1071 120 145
1072 120 150
1073 120 152
1074 120 156
1075 120 158
1076 120 159
1077 121 131
1078 121 132
1079 121 134
1080 121 139
1081 121 148
1082 121 149
1083 122 127
1084 122 145
1085 122 150
1086 122 152
1087 122 156
1088 122 158
1089 122 159
1090 123 124
1091 123 129
1092 123 133
1093 123 137
1094 123 140
1095 123 151
1096 123 154
1097 123 157
1098 124 133
1099 124 137
1100 124 140
1101 124 151
1102 124 157
1103 125 135
1104 125 146
1105 127 145
1106 127 150
1107 127 152
1108 127 156
1109 127 158
1110 127 159
1111 128 130
1112 129 133
1113 129 137
1114 129 140
1115 129 151
1116 129 157
1117 131 149
1118 133 137
1119 133 140
1120 133 151
1121 133 157
1122 134 139
1123 134 148
1124 135 146
1125 136 139
1126 136 142
1127 136 147
1128 136 148
1129 137 140
1130 137 151
1131 137 154
1132 137 157
1133 139 148
1134 140 151
1135 140 154
1136 140 157
1137 141 154
1138 145 150
1139 145 156
1140 145 158
1141 150 152
1142 150 156
1143 150 158
1144 150 159
1145 151 154
1146 151 157
1147 152 156
1148 152 158
1149 152 159
1150 156 158
1151 156 159
1152 158 159
