1 1 27
2 1 79
3 2 3
4 2 8
5 2 11
6 2 18
7 2 29
8 2 37
9 2 38
10 2 48
11 2 50
12 2 58
13 2 61
14 2 62
15 2 66
16 2 67
17 2 70
18 2 71
19 2 80
20 2 85
21 2 87
22 2 95
23 2 101
24 2 103
25 2 104
26 2 113
27 2 115
28 2 116
29 2 121
30 2 125
31 2 131
32 2 135
33 2 136
34 2 142
35 2 146
36 2 147
37 2 149
38 3 4
39 3 5
40 3 6
41 3 8
42 3 10
43 3 11
44 3 12
45 3 13
46 3 14
47 3 15
48 3 16
49 3 18
50 3 19
51 3 20
52 3 22
53 3 23
54 3 24
55 3 25
56 3 28
57 3 29
58 3 31
59 3 35
60 3 37
61 3 38
62 3 39
63 3 40
64 3 41
65 3 43
66 3 44
67 3 45
68 3 47
69 3 48
70 3 49
71 3 50
72 3 51
73 3 52
74 3 53
75 3 55
76 3 57
77 3 58
78 3 59
79 3 60
80 3 61
81 3 62
82 3 63
83 3 65
84 3 66
85 3 67
86 3 68
87 3 70
88 3 71
89 3 72
90 3 73
91 3 75
92 3 76
93 3 78
94 3 80
95 3 82
96 3 83
97 3 84
98 3 85
99 3 86
100 3 87
101 3 88
102 3 91
103 3 92
104 3 94
105 3 95
106 3 96
107 3 97
108 3 98
109 3 99
110 3 101
111 3 103
112 3 104
113 3 106
114 3 110
115 3 111
116 3 112
117 3 113
118 3 115
119 3 116
120 3 117
121 3 118
122 3 119
123 3 121
124 3 123
125 3 125
126 3 126
127 3 127
128 3 128
129 3 130
130 3 131
131 3 132
132 3 134
133 3 135
134 3 136
135 3 137
136 3 138
137 3 139
138 3 140
139 3 142
140 3 145
141 3 146
142 3 147
143 3 148
144 3 149
145 3 151
146 3 154
147 3 156
148 3 158
149 4 5
150 4 15
151 4 24
152 4 25
153 4 30
154 4 32
155 4 37
156 4 40
157 4 43
158 4 47
159 4 51
160 4 53
161 4 55
162 4 58
163 4 60
164 4 62
165 4 71
166 4 73
167 4 80
168 4 84
169 4 89
170 4 90
171 4 91
172 4 93
173 4 95
174 4 101
175 4 103
176 4 105
177 4 107
178 4 109
179 4 112
180 4 114
181 4 115
182 4 116
183 4 117
184 4 118
185 4 121
186 4 123
187 4 124
188 4 128
189 4 129
190 4 130
191 4 133
192 4 137
193 4 140
194 4 141
195 4 151
196 4 154
197 4 157
198 5 10
199 5 15
200 5 24
201 5 25
202 5 30
203 5 32
204 5 37
205 5 40
206 5 43
207 5 47
208 5 51
209 5 52
210 5 53
211 5 58
212 5 68
213 5 71
214 5 72
215 5 73
216 5 84
217 5 87
218 5 89
219 5 90
220 5 91
221 5 93
222 5 95
223 5 98
224 5 103
225 5 105
226 5 106
227 5 107
228 5 109
229 5 110
230 5 112
231 5 114
232 5 115
233 5 116
234 5 117
235 5 121
236 5 123
237 5 124
238 5 129
239 5 130
240 5 133
241 5 137
242 5 140
243 5 141
244 5 151
245 5 154
246 5 157
247 6 7
248 6 8
249 6 9
250 6 12
251 6 13
252 6 14
253 6 15
254 6 18
255 6 21
256 6 22
257 6 24
258 6 34
259 6 35
260 6 37
261 6 39
262 6 44
263 6 46
264 6 47
265 6 51
266 6 57
267 6 58
268 6 59
269 6 63
270 6 65
271 6 66
272 6 67
273 6 68
274 6 69
275 6 70
276 6 71
277 6 74
278 6 75
279 6 76
280 6 78
281 6 83
282 6 87
283 6 88
284 6 92
285 6 94
286 6 95
287 6 96
288 6 100
289 6 101
290 6 102
291 6 103
292 6 106
293 6 110
294 6 112
295 6 115
296 6 116
297 6 118
298 6 119
299 6 120
300 6 121
301 6 122
302 6 125
303 6 127
304 6 128
305 6 130
306 6 132
307 6 135
308 6 136
309 6 138
310 6 145
311 6 146
312 6 150
313 6 152
314 6 156
315 6 158
316 6 159
317 7 9
318 7 12
319 7 13
320 7 14
321 7 21
322 7 22
323 7 34
324 7 35
325 7 36
326 7 57
327 7 59
328 7 65
329 7 68
330 7 69
331 7 71
332 7 74
333 7 75
334 7 76
335 7 83
336 7 87
337 7 88
338 7 92
339 7 94
340 7 96
341 7 98
342 7 100
343 7 102
344 7 103
345 7 106
346 7 110
347 7 115
348 7 119
349 7 120
350 7 122
351 7 127
352 7 138
353 7 145
354 7 150
355 7 152
356 7 156
357 7 158
358 7 159
359 8 11
360 8 12
361 8 13
362 8 14
363 8 15
364 8 22
365 8 23
366 8 29
367 8 35
368 8 36
369 8 37
370 8 45
371 8 47
372 8 48
373 8 50
374 8 52
375 8 57
376 8 58
377 8 59
378 8 60
379 8 62
380 8 66
381 8 67
382 8 70
383 8 71
384 8 72
385 8 75
386 8 78
387 8 80
388 8 82
389 8 83
390 8 86
391 8 88
392 8 94
393 8 95
394 8 96
395 8 98
396 8 101
397 8 103
398 8 106
399 8 113
400 8 115
401 8 116
402 8 121
403 8 125
404 8 127
405 8 131
406 8 134
407 8 135
408 8 139
409 8 146
410 8 148
411 8 156
412 8 158
413 9 12
414 9 13
415 9 14
416 9 22
417 9 34
418 9 35
419 9 46
420 9 59
421 9 65
422 9 69
423 9 74
424 9 75
425 9 76
426 9 88
427 9 92
428 9 94
429 9 96
430 9 100
431 9 102
432 9 119
433 9 120
434 9 122
435 9 127
436 9 145
437 9 150
438 9 152
439 9 156
440 9 158
441 9 159
442 10 11
443 10 18
444 10 24
445 10 25
446 10 28
447 10 29
448 10 36
449 10 37
450 10 38
451 10 45
452 10 48
453 10 51
454 10 52
455 10 54
456 10 57
457 10 58
458 10 62
459 10 71
460 10 72
461 10 73
462 10 78
463 10 80
464 10 83
465 10 95
466 10 97
467 10 98
468 10 101
469 10 103
470 10 104
471 10 111
472 10 112
473 10 113
474 10 115
475 10 116
476 10 118
477 10 121
478 10 128
479 10 130
480 10 131
481 10 136
482 11 29
483 11 36
484 11 45
485 11 48
486 11 50
487 11 52
488 11 56
489 11 57
490 11 58
491 11 66
492 11 67
493 11 68
494 11 70
495 11 71
496 11 72
497 11 78
498 11 83
499 11 95
500 11 98
501 11 103
502 11 106
503 11 110
504 11 113
505 11 115
506 11 116
507 11 121
508 11 125
509 11 131
510 11 135
511 11 138
512 11 146
513 12 13
514 12 14
515 12 15
516 12 18
517 12 21
518 12 22
519 12 24
520 12 34
521 12 35
522 12 37
523 12 39
524 12 44
525 12 46
526 12 47
527 12 51
528 12 57
529 12 58
530 12 59
531 12 63
532 12 65
533 12 66
534 12 67
535 12 68
536 12 69
537 12 70
538 12 71
539 12 74
540 12 75
541 12 76
542 12 78
543 12 83
544 12 87
545 12 88
546 12 92
547 12 94
548 12 95
549 12 96
550 12 100
551 12 101
552 12 102
553 12 103
554 12 106
555 12 110
556 12 112
557 12 115
558 12 116
559 12 118
560 12 119
561 12 120
562 12 121
563 12 122
564 12 125
565 12 127
566 12 128
567 12 130
568 12 132
569 12 135
570 12 136
571 12 138
572 12 145
573 12 146
574 12 150
575 12 152
576 12 156
577 12 158
578 12 159
579 13 14
580 13 15
581 13 18
582 13 21
583 13 22
584 13 24
585 13 34
586 13 35
587 13 37
588 13 39
589 13 44
590 13 46
591 13 47
592 13 51
593 13 57
594 13 58
595 13 59
596 13 63
597 13 65
598 13 66
599 13 67
600 13 68
601 13 69
602 13 70
603 13 71
604 13 74
605 13 75
606 13 76
607 13 78
608 13 83
609 13 87
610 13 88
611 13 92
612 13 94
613 13 95
614 13 96
615 13 100
616 13 101
617 13 102
618 13 103
619 13 106
620 13 110
621 13 112
622 13 115
623 13 116
624 13 118
625 13 119
626 13 120
627 13 121
628 13 122
629 13 125
630 13 127
631 13 128
632 13 130
633 13 132
634 13 135
635 13 136
636 13 138
637 13 145
638 13 146
639 13 150
640 13 152
641 13 156
642 13 158
643 13 159
644 14 15
645 14 18
646 14 21
647 14 22
648 14 24
649 14 34
650 14 35
651 14 37
652 14 39
653 14 44
654 14 46
655 14 47
656 14 51
657 14 57
658 14 58
659 14 59
660 14 63
661 14 65
662 14 66
663 14 67
664 14 68
665 14 69
666 14 70
667 14 71
668 14 74
669 14 75
670 14 76
671 14 78
672 14 83
673 14 87
674 14 88
675 14 92
676 14 94
677 14 95
678 14 96
679 14 100
680 14 101
681 14 102
682 14 103
683 14 106
684 14 110
685 14 112
686 14 115
687 14 116
688 14 118
689 14 119
690 14 120
691 14 121
692 14 122
693 14 125
694 14 127
695 14 128
696 14 130
697 14 132
698 14 135
699 14 136
700 14 138
701 14 145
702 14 146
703 14 150
704 14 152
705 14 156
706 14 158
707 14 159
708 15 16
709 15 18
710 15 19
711 15 20
712 15 22
713 15 23
714 15 24
715 15 25
716 15 29
717 15 30
718 15 31
719 15 32
720 15 37
721 15 39
722 15 40
723 15 41
724 15 43
725 15 47
726 15 51
727 15 55
728 15 57
729 15 58
730 15 59
731 15 60
732 15 62
733 15 66
734 15 67
735 15 68
736 15 70
737 15 71
738 15 77
739 15 78
740 15 79
741 15 80
742 15 82
743 15 83
744 15 84
745 15 86
746 15 87
747 15 88
748 15 91
749 15 93
750 15 94
751 15 95
752 15 96
753 15 98
754 15 99
755 15 101
756 15 103
757 15 104
758 15 106
759 15 110
760 15 112
761 15 113
762 15 115
763 15 116
764 15 117
765 15 121
766 15 123
767 15 125
768 15 126
769 15 127
770 15 130
771 15 131
772 15 132
773 15 134
774 15 135
775 15 136
776 15 137
777 15 138
778 15 139
779 15 140
780 15 146
781 15 148
782 15 151
783 15 154
784 15 156
785 15 157
786 15 158
787 16 18
788 16 29
789 16 37
790 16 48
791 16 58
792 16 60
793 16 61
794 16 62
795 16 71
796 16 77
797 16 80
798 16 82
799 16 95
800 16 101
801 16 103
802 16 104
803 16 113
804 16 115
805 16 116
806 16 121
807 16 131
808 16 136
809 16 139
810 16 142
811 16 148
812 17 18
813 17 61
814 17 62
815 17 80
816 17 85
817 17 101
818 17 104
819 17 136
820 17 142
821 17 147
822 18 22
823 18 29
824 18 37
825 18 38
826 18 48
827 18 52
828 18 58
829 18 59
830 18 60
831 18 61
832 18 62
833 18 71
834 18 72
835 18 77
836 18 80
837 18 82
838 18 85
839 18 88
840 18 94
841 18 95
842 18 96
843 18 101
844 18 103
845 18 104
846 18 113
847 18 115
848 18 116
849 18 121
850 18 127
851 18 131
852 18 136
853 18 139
854 18 142
855 18 147
856 18 148
857 18 149
858 18 156
859 18 158
860 19 31
861 19 37
862 19 39
863 19 47
864 19 58
865 19 60
866 19 71
867 19 80
868 19 82
869 19 86
870 19 95
871 19 101
872 19 103
873 19 115
874 19 116
875 19 121
876 19 132
877 19 139
878 20 29
879 20 37
880 20 38
881 20 41
882 20 47
883 20 48
884 20 49
885 20 58
886 20 60
887 20 62
888 20 71
889 20 80
890 20 82
891 20 86
892 20 95
893 20 101
894 20 103
895 20 104
896 20 113
897 20 115
898 20 116
899 20 121
900 20 126
901 20 131
902 20 139
903 20 148
904 21 22
905 21 34
906 21 35
907 21 36
908 21 57
909 21 59
910 21 68
911 21 69
912 21 74
913 21 75
914 21 83
915 21 87
916 21 88
917 21 92
918 21 94
919 21 96
920 21 106
921 21 110
922 21 120
923 21 122
924 21 127
925 21 138
926 21 150
927 21 156
928 21 158
929 22 24
930 22 34
931 22 35
932 22 37
933 22 39
934 22 44
935 22 46
936 22 47
937 22 51
938 22 57
939 22 58
940 22 59
941 22 63
942 22 65
943 22 66
944 22 67
945 22 68
946 22 69
947 22 70
948 22 71
949 22 74
950 22 75
951 22 76
952 22 78
953 22 83
954 22 87
955 22 88
956 22 92
957 22 94
958 22 95
959 22 96
960 22 100
961 22 101
962 22 102
963 22 103
964 22 106
965 22 110
966 22 112
967 22 115
968 22 116
969 22 118
970 22 119
971 22 120
972 22 121
973 22 122
974 22 125
975 22 127
976 22 128
977 22 130
978 22 132
979 22 135
980 22 136
981 22 138
982 22 145
983 22 146
984 22 150
985 22 152
986 22 156
987 22 158
988 22 159
989 23 24
990 23 31
991 23 37
992 23 39
993 23 47
994 23 51
995 23 55
996 23 58
997 23 60
998 23 62
999 23 66
1000 23 67
1001 23 68
1002 23 70
1003 23 71
1004 23 80
1005 23 82
1006 23 86
1007 23 95
1008 23 98
1009 23 101
1010 23 103
1011 23 104
1012 23 106
1013 23 110
1014 23 112
1015 23 113
1016 23 115
1017 23 116
1018 23 117
1019 23 121
1020 23 125
1021 23 130
1022 23 131
1023 23 132
1024 23 134
1025 23 135
1026 23 138
1027 23 139
1028 23 146
1029 23 148
1030 23 154
1031 24 25
1032 24 26
1033 24 28
1034 24 30
1035 24 32
1036 24 37
1037 24 40
1038 24 43
1039 24 44
1040 24 47
1041 24 51
1042 24 52
1043 24 53
1044 24 54
1045 24 55
1046 24 57
1047 24 58
1048 24 59
1049 24 60
1050 24 62
1051 24 63
1052 24 65
1053 24 68
1054 24 71
1055 24 72
1056 24 73
1057 24 76
1058 24 78
1059 24 79
1060 24 80
1061 24 82
1062 24 83
1063 24 84
1064 24 87
1065 24 88
1066 24 90
1067 24 91
1068 24 93
1069 24 94
1070 24 95
1071 24 96
1072 24 97
1073 24 98
1074 24 99
1075 24 101
1076 24 103
1077 24 106
1078 24 107
1079 24 109
1080 24 110
1081 24 111
1082 24 112
1083 24 115
1084 24 116
1085 24 117
1086 24 118
1087 24 119
1088 24 121
1089 24 123
1090 24 127
1091 24 128
1092 24 129
1093 24 130
1094 24 134
1095 24 137
1096 24 138
1097 24 139
1098 24 140
1099 24 145
1100 24 148
1101 24 151
1102 24 153
1103 24 154
1104 24 156
1105 24 157
1106 24 158
1107 25 28
1108 25 30
1109 25 32
1110 25 37
1111 25 40
1112 25 43
1113 25 47
1114 25 51
1115 25 52
1116 25 53
1117 25 55
1118 25 58
1119 25 71
1120 25 72
1121 25 73
1122 25 84
1123 25 90
1124 25 91
1125 25 93
1126 25 95
1127 25 97
1128 25 99
1129 25 103
1130 25 108
1131 25 109
1132 25 111
1133 25 112
1134 25 115
1135 25 116
1136 25 117
1137 25 118
1138 25 121
1139 25 123
1140 25 128
1141 25 129
1142 25 130
1143 25 137
1144 25 140
1145 25 151
1146 25 154
1147 25 157
1148 26 44
1149 26 63
1150 26 79
1151 26 99
1152 26 112
1153 26 118
1154 26 128
1155 26 130
1156 26 153
1157 27 45
1158 27 79
1159 28 29
1160 28 37
1161 28 48
1162 28 51
1163 28 52
1164 28 54
1165 28 58
1166 28 71
1167 28 72
1168 28 95
1169 28 97
1170 28 103
1171 28 111
1172 28 112
1173 28 115
1174 28 116
1175 28 118
1176 28 121
1177 28 128
1178 28 130
1179 28 131
1180 29 37
1181 29 38
1182 29 45
1183 29 48
1184 29 49
1185 29 50
1186 29 52
1187 29 58
1188 29 61
1189 29 62
1190 29 66
1191 29 67
1192 29 68
1193 29 70
1194 29 71
1195 29 72
1196 29 80
1197 29 82
1198 29 85
1199 29 87
1200 29 95
1201 29 97
1202 29 101
1203 29 103
1204 29 104
1205 29 106
1206 29 110
1207 29 111
1208 29 113
1209 29 115
1210 29 116
1211 29 121
1212 29 125
1213 29 126
1214 29 131
1215 29 135
1216 29 136
1217 29 138
1218 29 142
1219 29 146
1220 29 147
1221 29 148
1222 29 149
1223 30 32
1224 30 40
1225 30 43
1226 30 44
1227 30 51
1228 30 53
1229 30 55
1230 30 63
1231 30 68
1232 30 73
1233 30 84
1234 30 91
1235 30 93
1236 30 99
1237 30 106
1238 30 107
1239 30 109
1240 30 110
1241 30 112
1242 30 117
1243 30 118
1244 30 123
1245 30 128
1246 30 129
1247 30 130
1248 30 137
1249 30 138
1250 30 140
1251 30 151
1252 30 154
1253 30 157
1254 31 37
1255 31 39
1256 31 47
1257 31 58
1258 31 60
1259 31 62
1260 31 71
1261 31 80
1262 31 82
1263 31 86
1264 31 95
1265 31 101
1266 31 103
1267 31 115
1268 31 116
1269 31 121
1270 31 132
1271 31 134
1272 31 139
1273 31 148
1274 32 40
1275 32 43
1276 32 44
1277 32 51
1278 32 53
1279 32 55
1280 32 63
1281 32 68
1282 32 73
1283 32 84
1284 32 87
1285 32 89
1286 32 91
1287 32 93
1288 32 99
1289 32 105
1290 32 106
1291 32 107
1292 32 109
1293 32 110
1294 32 112
1295 32 114
1296 32 117
1297 32 118
1298 32 123
1299 32 124
1300 32 128
1301 32 129
1302 32 130
1303 32 133
1304 32 137
1305 32 138
1306 32 140
1307 32 141
1308 32 151
1309 32 154
1310 32 155
1311 32 157
1312 33 52
1313 33 64
1314 33 72
1315 33 143
1316 34 35
1317 34 36
1318 34 57
1319 34 59
1320 34 65
1321 34 68
1322 34 69
1323 34 71
1324 34 74
1325 34 75
1326 34 76
1327 34 83
1328 34 87
1329 34 88
1330 34 92
1331 34 94
1332 34 96
1333 34 98
1334 34 100
1335 34 102
1336 34 103
1337 34 106
1338 34 110
1339 34 115
1340 34 119
1341 34 120
1342 34 122
1343 34 127
1344 34 138
1345 34 145
1346 34 150
1347 34 152
1348 34 156
1349 34 158
1350 34 159
1351 35 37
1352 35 39
1353 35 43
1354 35 47
1355 35 53
1356 35 58
1357 35 59
1358 35 65
1359 35 66
1360 35 67
1361 35 68
1362 35 69
1363 35 70
1364 35 71
1365 35 74
1366 35 75
1367 35 76
1368 35 87
1369 35 88
1370 35 92
1371 35 94
1372 35 95
1373 35 96
1374 35 100
1375 35 102
1376 35 103
1377 35 106
1378 35 110
1379 35 115
1380 35 116
1381 35 119
1382 35 120
1383 35 121
1384 35 122
1385 35 125
1386 35 127
1387 35 132
1388 35 135
1389 35 138
1390 35 145
1391 35 146
1392 35 150
1393 35 152
1394 35 156
1395 35 158
1396 35 159
1397 36 45
1398 36 48
1399 36 52
1400 36 57
1401 36 66
1402 36 67
1403 36 68
1404 36 70
1405 36 72
1406 36 74
1407 36 78
1408 36 83
1409 36 87
1410 36 98
1411 36 106
1412 36 110
1413 36 125
1414 36 135
1415 36 138
1416 36 146
1417 37 38
1418 37 39
1419 37 40
1420 37 41
1421 37 43
1422 37 44
1423 37 47
1424 37 48
1425 37 49
1426 37 50
1427 37 51
1428 37 52
1429 37 53
1430 37 55
1431 37 57
1432 37 58
1433 37 59
1434 37 60
1435 37 61
1436 37 62
1437 37 63
1438 37 65
1439 37 66
1440 37 67
1441 37 68
1442 37 70
1443 37 71
1444 37 72
1445 37 75
1446 37 76
1447 37 78
1448 37 80
1449 37 82
1450 37 83
1451 37 84
1452 37 86
1453 37 87
1454 37 88
1455 37 91
1456 37 94
1457 37 95
1458 37 96
1459 37 97
1460 37 98
1461 37 99
1462 37 101
1463 37 103
1464 37 104
1465 37 106
1466 37 110
1467 37 111
1468 37 112
1469 37 113
1470 37 115
1471 37 116
1472 37 119
1473 37 121
1474 37 123
1475 37 125
1476 37 126
1477 37 127
1478 37 128
1479 37 130
1480 37 131
1481 37 132
1482 37 134
1483 37 135
1484 37 136
1485 37 137
1486 37 138
1487 37 139
1488 37 140
1489 37 145
1490 37 146
1491 37 148
1492 37 151
1493 37 156
1494 37 158
1495 38 48
1496 38 49
1497 38 50
1498 38 52
1499 38 58
1500 38 62
1501 38 71
1502 38 72
1503 38 80
1504 38 95
1505 38 101
1506 38 103
1507 38 104
1508 38 113
1509 38 115
1510 38 116
1511 38 121
1512 38 126
1513 38 131
1514 38 136
1515 38 149
1516 39 47
1517 39 58
1518 39 59
1519 39 60
1520 39 62
1521 39 71
1522 39 75
1523 39 80
1524 39 82
1525 39 86
1526 39 88
1527 39 94
1528 39 95
1529 39 96
1530 39 101
1531 39 103
1532 39 115
1533 39 116
1534 39 121
1535 39 127
1536 39 132
1537 39 134
1538 39 139
1539 39 148
1540 39 156
1541 39 158
1542 40 43
1543 40 47
1544 40 51
1545 40 53
1546 40 55
1547 40 58
1548 40 60
1549 40 62
1550 40 71
1551 40 73
1552 40 80
1553 40 81
1554 40 82
1555 40 84
1556 40 91
1557 40 92
1558 40 93
1559 40 95
1560 40 99
1561 40 101
1562 40 103
1563 40 105
1564 40 106
1565 40 108
1566 40 109
1567 40 112
1568 40 115
1569 40 116
1570 40 117
1571 40 119
1572 40 121
1573 40 123
1574 40 129
1575 40 130
1576 40 137
1577 40 139
1578 40 140
1579 40 141
1580 40 151
1581 40 154
1582 40 157
1583 41 47
1584 41 58
1585 41 62
1586 41 71
1587 41 95
1588 41 103
1589 41 113
1590 41 115
1591 41 116
1592 41 121
1593 41 126
1594 41 131
1595 42 108
1596 42 141
1597 43 47
1598 43 51
1599 43 53
1600 43 55
1601 43 58
1602 43 68
1603 43 71
1604 43 73
1605 43 75
1606 43 81
1607 43 84
1608 43 87
1609 43 91
1610 43 93
1611 43 95
1612 43 99
1613 43 103
1614 43 106
1615 43 107
1616 43 108
1617 43 109
1618 43 110
1619 43 112
1620 43 115
1621 43 116
1622 43 117
1623 43 121
1624 43 123
1625 43 129
1626 43 130
1627 43 137
1628 43 140
1629 43 141
1630 43 151
1631 43 154
1632 43 157
1633 44 47
1634 44 51
1635 44 53
1636 44 55
1637 44 58
1638 44 59
1639 44 63
1640 44 71
1641 44 88
1642 44 93
1643 44 94
1644 44 95
1645 44 96
1646 44 99
1647 44 103
1648 44 112
1649 44 115
1650 44 116
1651 44 118
1652 44 119
1653 44 121
1654 44 127
1655 44 128
1656 44 130
1657 44 151
1658 44 153
1659 44 156
1660 44 157
1661 44 158
1662 45 48
1663 45 52
1664 45 57
1665 45 58
1666 45 66
1667 45 67
1668 45 70
1669 45 71
1670 45 72
1671 45 73
1672 45 78
1673 45 79
1674 45 83
1675 45 90
1676 45 95
1677 45 98
1678 45 103
1679 45 106
1680 45 113
1681 45 115
1682 45 116
1683 45 121
1684 45 125
1685 45 131
1686 45 135
1687 45 146
1688 46 59
1689 46 69
1690 46 88
1691 46 92
1692 46 94
1693 46 96
1694 46 102
1695 46 120
1696 46 122
1697 46 127
1698 46 150
1699 46 152
1700 46 156
1701 46 158
1702 46 159
1703 47 51
1704 47 53
1705 47 55
1706 47 57
1707 47 58
1708 47 59
1709 47 60
1710 47 62
1711 47 63
1712 47 65
1713 47 66
1714 47 67
1715 47 68
1716 47 70
1717 47 71
1718 47 73
1719 47 75
1720 47 76
1721 47 78
1722 47 80
1723 47 82
1724 47 83
1725 47 84
1726 47 86
1727 47 87
1728 47 88
1729 47 90
1730 47 91
1731 47 94
1732 47 95
1733 47 96
1734 47 98
1735 47 99
1736 47 101
1737 47 103
1738 47 104
1739 47 106
1740 47 109
1741 47 110
1742 47 112
1743 47 113
1744 47 115
1745 47 116
1746 47 118
1747 47 119
1748 47 121
1749 47 123
1750 47 125
1751 47 126
1752 47 127
1753 47 128
1754 47 129
1755 47 130
1756 47 131
1757 47 132
1758 47 134
1759 47 135
1760 47 137
1761 47 138
1762 47 139
1763 47 140
1764 47 145
1765 47 146
1766 47 148
1767 47 151
1768 47 156
1769 47 158
1770 48 49
1771 48 50
1772 48 52
1773 48 58
1774 48 61
1775 48 62
1776 48 66
1777 48 67
1778 48 68
1779 48 70
1780 48 71
1781 48 72
1782 48 80
1783 48 82
1784 48 85
1785 48 87
1786 48 95
1787 48 97
1788 48 98
1789 48 101
1790 48 103
1791 48 104
1792 48 106
1793 48 110
1794 48 111
1795 48 113
1796 48 115
1797 48 116
1798 48 121
1799 48 125
1800 48 126
1801 48 131
1802 48 135
1803 48 136
1804 48 138
1805 48 142
1806 48 146
1807 48 147
1808 48 148
1809 48 149
1810 49 58
1811 49 71
1812 49 95
1813 49 103
1814 49 113
1815 49 115
1816 49 116
1817 49 121
1818 49 126
1819 49 131
1820 50 52
1821 50 58
1822 50 61
1823 50 62
1824 50 66
1825 50 67
1826 50 68
1827 50 70
1828 50 71
1829 50 72
1830 50 80
1831 50 85
1832 50 87
1833 50 95
1834 50 101
1835 50 103
1836 50 104
1837 50 106
1838 50 110
1839 50 113
1840 50 115
1841 50 116
1842 50 121
1843 50 125
1844 50 131
1845 50 135
1846 50 138
1847 50 142
1848 50 146
1849 50 147
1850 50 149
1851 51 52
1852 51 53
1853 51 54
1854 51 55
1855 51 57
1856 51 58
1857 51 59
1858 51 60
1859 51 62
1860 51 63
1861 51 65
1862 51 68
1863 51 71
1864 51 72
1865 51 73
1866 51 76
1867 51 78
1868 51 80
1869 51 82
1870 51 83
1871 51 84
1872 51 87
1873 51 88
1874 51 90
1875 51 91
1876 51 93
1877 51 94
1878 51 95
1879 51 96
1880 51 97
1881 51 98
1882 51 99
1883 51 101
1884 51 103
1885 51 106
1886 51 107
1887 51 109
1888 51 110
1889 51 111
1890 51 112
1891 51 115
1892 51 116
1893 51 117
1894 51 118
1895 51 119
1896 51 121
1897 51 123
1898 51 127
1899 51 128
1900 51 129
1901 51 130
1902 51 134
1903 51 137
1904 51 138
1905 51 139
1906 51 140
1907 51 145
1908 51 148
1909 51 151
1910 51 154
1911 51 156
1912 51 157
1913 51 158
1914 52 54
1915 52 57
1916 52 58
1917 52 62
1918 52 64
1919 52 66
1920 52 67
1921 52 70
1922 52 71
1923 52 72
1924 52 73
1925 52 78
1926 52 80
1927 52 83
1928 52 95
1929 52 97
1930 52 98
1931 52 101
1932 52 103
1933 52 104
1934 52 111
1935 52 112
1936 52 113
1937 52 115
1938 52 116
1939 52 118
1940 52 121
1941 52 125
1942 52 128
1943 52 130
1944 52 131
1945 52 135
1946 52 136
1947 52 143
1948 52 146
1949 53 55
1950 53 58
1951 53 63
1952 53 68
1953 53 71
1954 53 73
1955 53 75
1956 53 84
1957 53 87
1958 53 89
1959 53 90
1960 53 91
1961 53 93
1962 53 95
1963 53 99
1964 53 103
1965 53 105
1966 53 106
1967 53 107
1968 53 108
1969 53 109
1970 53 110
1971 53 112
1972 53 114
1973 53 115
1974 53 116
1975 53 117
1976 53 118
1977 53 121
1978 53 123
1979 53 124
1980 53 128
1981 53 129
1982 53 130
1983 53 133
1984 53 137
1985 53 140
1986 53 141
1987 53 151
1988 53 154
1989 53 157
1990 54 72
1991 54 97
1992 54 111
1993 54 112
1994 54 130
1995 55 57
1996 55 58
1997 55 60
1998 55 62
1999 55 63
2000 55 71
2001 55 73
2002 55 78
2003 55 80
2004 55 82
2005 55 83
2006 55 84
2007 55 86
2008 55 91
2009 55 93
2010 55 95
2011 55 98
2012 55 99
2013 55 103
2014 55 107
2015 55 109
2016 55 112
2017 55 115
2018 55 116
2019 55 117
2020 55 118
2021 55 121
2022 55 123
2023 55 128
2024 55 129
2025 55 130
2026 55 134
2027 55 137
2028 55 139
2029 55 140
2030 55 151
2031 55 154
2032 55 157
2033 57 58
2034 57 59
2035 57 60
2036 57 62
2037 57 66
2038 57 67
2039 57 68
2040 57 70
2041 57 71
2042 57 72
2043 57 73
2044 57 74
2045 57 78
2046 57 80
2047 57 82
2048 57 83
2049 57 87
2050 57 88
2051 57 94
2052 57 95
2053 57 96
2054 57 98
2055 57 99
2056 57 101
2057 57 103
2058 57 106
2059 57 110
2060 57 112
2061 57 115
2062 57 116
2063 57 121
2064 57 125
2065 57 127
2066 57 130
2067 57 135
2068 57 138
2069 57 139
2070 57 146
2071 57 151
2072 57 156
2073 57 158
2074 58 59
2075 58 60
2076 58 61
2077 58 62
2078 58 63
2079 58 65
2080 58 66
2081 58 67
2082 58 68
2083 58 70
2084 58 71
2085 58 72
2086 58 73
2087 58 75
2088 58 76
2089 58 78
2090 58 80
2091 58 82
2092 58 83
2093 58 84
2094 58 85
2095 58 86
2096 58 87
2097 58 88
2098 58 91
2099 58 92
2100 58 94
2101 58 95
2102 58 96
2103 58 97
2104 58 98
2105 58 99
2106 58 101
2107 58 103
2108 58 104
2109 58 106
2110 58 110
2111 58 111
2112 58 112
2113 58 113
2114 58 115
2115 58 116
2116 58 117
2117 58 118
2118 58 119
2119 58 121
2120 58 123
2121 58 125
2122 58 126
2123 58 127
2124 58 128
2125 58 129
2126 58 130
2127 58 131
2128 58 132
2129 58 134
2130 58 135
2131 58 136
2132 58 137
2133 58 138
2134 58 139
2135 58 140
2136 58 142
2137 58 145
2138 58 146
2139 58 147
2140 58 148
2141 58 149
2142 58 151
2143 58 154
2144 58 156
2145 58 158
2146 59 63
2147 59 65
2148 59 66
2149 59 67
2150 59 68
2151 59 69
2152 59 70
2153 59 71
2154 59 74
2155 59 75
2156 59 76
2157 59 78
2158 59 83
2159 59 87
2160 59 88
2161 59 92
2162 59 94
2163 59 95
2164 59 96
2165 59 100
2166 59 101
2167 59 102
2168 59 103
2169 59 106
2170 59 110
2171 59 112
2172 59 115
2173 59 116
2174 59 118
2175 59 119
2176 59 120
2177 59 121
2178 59 122
2179 59 125
2180 59 127
2181 59 128
2182 59 130
2183 59 132
2184 59 135
2185 59 136
2186 59 138
2187 59 145
2188 59 146
2189 59 150
2190 59 152
2191 59 156
2192 59 158
2193 59 159
2194 60 62
2195 60 66
2196 60 67
2197 60 68
2198 60 70
2199 60 71
2200 60 78
2201 60 80
2202 60 82
2203 60 83
2204 60 84
2205 60 86
2206 60 91
2207 60 95
2208 60 98
2209 60 99
2210 60 101
2211 60 103
2212 60 104
2213 60 106
2214 60 110
2215 60 112
2216 60 113
2217 60 115
2218 60 116
2219 60 121
2220 60 123
2221 60 125
2222 60 129
2223 60 130
2224 60 131
2225 60 132
2226 60 134
2227 60 135
2228 60 136
2229 60 137
2230 60 138
2231 60 139
2232 60 140
2233 60 146
2234 60 148
2235 61 62
2236 61 71
2237 61 77
2238 61 80
2239 61 82
2240 61 85
2241 61 95
2242 61 101
2243 61 103
2244 61 104
2245 61 113
2246 61 115
2247 61 116
2248 61 121
2249 61 131
2250 61 136
2251 61 139
2252 61 142
2253 61 147
2254 61 148
2255 62 66
2256 62 67
2257 62 68
2258 62 70
2259 62 71
2260 62 72
2261 62 77
2262 62 78
2263 62 79
2264 62 80
2265 62 82
2266 62 83
2267 62 84
2268 62 85
2269 62 86
2270 62 87
2271 62 91
2272 62 95
2273 62 98
2274 62 99
2275 62 101
2276 62 103
2277 62 104
2278 62 110
2279 62 112
2280 62 113
2281 62 115
2282 62 116
2283 62 117
2284 62 121
2285 62 123
2286 62 125
2287 62 126
2288 62 130
2289 62 131
2290 62 132
2291 62 134
2292 62 135
2293 62 136
2294 62 137
2295 62 138
2296 62 139
2297 62 140
2298 62 142
2299 62 146
2300 62 147
2301 62 148
2302 62 149
2303 62 154
2304 63 71
2305 63 88
2306 63 93
2307 63 94
2308 63 95
2309 63 96
2310 63 99
2311 63 103
2312 63 112
2313 63 115
2314 63 116
2315 63 118
2316 63 119
2317 63 121
2318 63 127
2319 63 128
2320 63 130
2321 63 151
2322 63 153
2323 63 156
2324 63 157
2325 63 158
2326 64 72
2327 64 143
2328 65 68
2329 65 69
2330 65 71
2331 65 74
2332 65 75
2333 65 76
2334 65 87
2335 65 88
2336 65 92
2337 65 94
2338 65 95
2339 65 96
2340 65 100
2341 65 102
2342 65 103
2343 65 106
2344 65 110
2345 65 112
2346 65 115
2347 65 116
2348 65 119
2349 65 120
2350 65 121
2351 65 122
2352 65 127
2353 65 130
2354 65 138
2355 65 145
2356 65 150
2357 65 152
2358 65 156
2359 65 158
2360 65 159
2361 66 67
2362 66 70
2363 66 71
2364 66 72
2365 66 75
2366 66 78
2367 66 80
2368 66 82
2369 66 83
2370 66 86
2371 66 88
2372 66 94
2373 66 95
2374 66 96
2375 66 98
2376 66 101
2377 66 103
2378 66 106
2379 66 113
2380 66 115
2381 66 116
2382 66 121
2383 66 125
2384 66 127
2385 66 131
2386 66 134
2387 66 135
2388 66 139
2389 66 146
2390 66 148
2391 66 156
2392 66 158
2393 67 70
2394 67 71
2395 67 72
2396 67 75
2397 67 78
2398 67 80
2399 67 82
2400 67 83
2401 67 86
2402 67 88
2403 67 94
2404 67 95
2405 67 96
2406 67 98
2407 67 101
2408 67 103
2409 67 106
2410 67 113
2411 67 115
2412 67 116
2413 67 121
2414 67 125
2415 67 127
2416 67 131
2417 67 134
2418 67 135
2419 67 139
2420 67 146
2421 67 148
2422 67 156
2423 67 158
2424 68 69
2425 68 71
2426 68 74
2427 68 75
2428 68 76
2429 68 78
2430 68 80
2431 68 82
2432 68 83
2433 68 86
2434 68 87
2435 68 88
2436 68 92
2437 68 93
2438 68 94
2439 68 95
2440 68 96
2441 68 98
2442 68 99
2443 68 101
2444 68 103
2445 68 104
2446 68 106
2447 68 110
2448 68 112
2449 68 113
2450 68 115
2451 68 116
2452 68 119
2453 68 120
2454 68 121
2455 68 122
2456 68 127
2457 68 129
2458 68 130
2459 68 131
2460 68 134
2461 68 138
2462 68 139
2463 68 145
2464 68 148
2465 68 150
2466 68 156
2467 68 157
2468 68 158
2469 69 74
2470 69 75
2471 69 76
2472 69 87
2473 69 88
2474 69 92
2475 69 94
2476 69 96
2477 69 100
2478 69 102
2479 69 106
2480 69 110
2481 69 119
2482 69 120
2483 69 122
2484 69 127
2485 69 138
2486 69 145
2487 69 150
2488 69 152
2489 69 156
2490 69 158
2491 69 159
2492 70 71
2493 70 72
2494 70 75
2495 70 78
2496 70 80
2497 70 82
2498 70 83
2499 70 86
2500 70 88
2501 70 94
2502 70 95
2503 70 96
2504 70 98
2505 70 101
2506 70 103
2507 70 106
2508 70 113
2509 70 115
2510 70 116
2511 70 121
2512 70 125
2513 70 127
2514 70 131
2515 70 134
2516 70 135
2517 70 139
2518 70 146
2519 70 148
2520 70 156
2521 70 158
2522 71 72
2523 71 73
2524 71 74
2525 71 75
2526 71 76
2527 71 78
2528 71 80
2529 71 82
2530 71 83
2531 71 84
2532 71 85
2533 71 86
2534 71 87
2535 71 88
2536 71 90
2537 71 91
2538 71 92
2539 71 94
2540 71 95
2541 71 96
2542 71 97
2543 71 98
2544 71 99
2545 71 100
2546 71 101
2547 71 103
2548 71 104
2549 71 106
2550 71 109
2551 71 110
2552 71 111
2553 71 112
2554 71 113
2555 71 115
2556 71 116
2557 71 117
2558 71 118
2559 71 119
2560 71 121
2561 71 123
2562 71 125
2563 71 126
2564 71 127
2565 71 128
2566 71 129
2567 71 130
2568 71 131
2569 71 132
2570 71 134
2571 71 135
2572 71 136
2573 71 137
2574 71 138
2575 71 139
2576 71 140
2577 71 142
2578 71 145
2579 71 146
2580 71 147
2581 71 148
2582 71 149
2583 71 151
2584 71 154
2585 71 156
2586 71 158
2587 72 73
2588 72 78
2589 72 80
2590 72 83
2591 72 95
2592 72 97
2593 72 98
2594 72 101
2595 72 103
2596 72 104
2597 72 111
2598 72 112
2599 72 113
2600 72 115
2601 72 116
2602 72 118
2603 72 121
2604 72 125
2605 72 128
2606 72 130
2607 72 131
2608 72 135
2609 72 136
2610 72 143
2611 72 146
2612 73 78
2613 73 83
2614 73 84
2615 73 90
2616 73 91
2617 73 93
2618 73 95
2619 73 103
2620 73 109
2621 73 112
2622 73 116
2623 73 117
2624 73 118
2625 73 121
2626 73 123
2627 73 128
2628 73 129
2629 73 130
2630 73 137
2631 73 140
2632 73 151
2633 73 154
2634 73 157
2635 74 75
2636 74 76
2637 74 83
2638 74 87
2639 74 88
2640 74 92
2641 74 94
2642 74 96
2643 74 98
2644 74 100
2645 74 102
2646 74 103
2647 74 106
2648 74 110
2649 74 115
2650 74 119
2651 74 120
2652 74 122
2653 74 127
2654 74 138
2655 74 145
2656 74 150
2657 74 152
2658 74 156
2659 74 158
2660 74 159
2661 75 76
2662 75 87
2663 75 88
2664 75 92
2665 75 94
2666 75 95
2667 75 96
2668 75 100
2669 75 102
2670 75 103
2671 75 106
2672 75 110
2673 75 115
2674 75 116
2675 75 119
2676 75 120
2677 75 121
2678 75 122
2679 75 125
2680 75 127
2681 75 135
2682 75 138
2683 75 145
2684 75 146
2685 75 150
2686 75 152
2687 75 156
2688 75 158
2689 75 159
2690 76 88
2691 76 92
2692 76 94
2693 76 95
2694 76 96
2695 76 100
2696 76 102
2697 76 106
2698 76 110
2699 76 112
2700 76 115
2701 76 116
2702 76 119
2703 76 120
2704 76 121
2705 76 122
2706 76 127
2707 76 130
2708 76 138
2709 76 145
2710 76 150
2711 76 152
2712 76 156
2713 76 158
2714 76 159
2715 77 80
2716 77 82
2717 77 101
2718 77 104
2719 77 136
2720 77 139
2721 77 148
2722 78 80
2723 78 82
2724 78 83
2725 78 88
2726 78 94
2727 78 95
2728 78 96
2729 78 98
2730 78 99
2731 78 101
2732 78 103
2733 78 106
2734 78 110
2735 78 112
2736 78 115
2737 78 116
2738 78 121
2739 78 125
2740 78 127
2741 78 130
2742 78 135
2743 78 139
2744 78 146
2745 78 151
2746 78 156
2747 78 158
2748 79 99
2749 79 112
2750 79 130
2751 79 153
2752 80 82
2753 80 83
2754 80 84
2755 80 85
2756 80 86
2757 80 87
2758 80 91
2759 80 95
2760 80 98
2761 80 99
2762 80 101
2763 80 103
2764 80 104
2765 80 106
2766 80 110
2767 80 112
2768 80 113
2769 80 115
2770 80 116
2771 80 117
2772 80 121
2773 80 123
2774 80 125
2775 80 129
2776 80 130
2777 80 131
2778 80 132
2779 80 134
2780 80 135
2781 80 136
2782 80 137
2783 80 138
2784 80 139
2785 80 140
2786 80 142
2787 80 146
2788 80 147
2789 80 148
2790 80 149
2791 80 151
2792 80 154
2793 81 109
2794 81 117
2795 81 154
2796 82 83
2797 82 86
2798 82 87
2799 82 95
2800 82 98
2801 82 101
2802 82 103
2803 82 104
2804 82 106
2805 82 110
2806 82 112
2807 82 113
2808 82 115
2809 82 116
2810 82 121
2811 82 125
2812 82 130
2813 82 131
2814 82 132
2815 82 134
2816 82 135
2817 82 136
2818 82 138
2819 82 139
2820 82 142
2821 82 146
2822 82 148
2823 83 87
2824 83 88
2825 83 94
2826 83 95
2827 83 96
2828 83 98
2829 83 99
2830 83 101
2831 83 103
2832 83 106
2833 83 110
2834 83 112
2835 83 115
2836 83 116
2837 83 121
2838 83 125
2839 83 127
2840 83 130
2841 83 135
2842 83 138
2843 83 139
2844 83 146
2845 83 151
2846 83 156
2847 83 158
2848 84 89
2849 84 90
2850 84 91
2851 84 93
2852 84 95
2853 84 101
2854 84 103
2855 84 105
2856 84 107
2857 84 109
2858 84 112
2859 84 114
2860 84 115
2861 84 116
2862 84 117
2863 84 118
2864 84 121
2865 84 123
2866 84 124
2867 84 128
2868 84 129
2869 84 130
2870 84 133
2871 84 137
2872 84 140
2873 84 141
2874 84 151
2875 84 154
2876 84 157
2877 85 95
2878 85 101
2879 85 103
2880 85 104
2881 85 113
2882 85 115
2883 85 116
2884 85 121
2885 85 131
2886 85 136
2887 85 142
2888 85 147
2889 86 95
2890 86 98
2891 86 101
2892 86 103
2893 86 104
2894 86 106
2895 86 110
2896 86 113
2897 86 115
2898 86 116
2899 86 121
2900 86 125
2901 86 131
2902 86 132
2903 86 134
2904 86 135
2905 86 138
2906 86 139
2907 86 146
2908 86 148
2909 87 88
2910 87 93
2911 87 94
2912 87 95
2913 87 96
2914 87 98
2915 87 99
2916 87 101
2917 87 103
2918 87 104
2919 87 106
2920 87 110
2921 87 112
2922 87 113
2923 87 115
2924 87 116
2925 87 120
2926 87 121
2927 87 122
2928 87 127
2929 87 129
2930 87 130
2931 87 131
2932 87 138
2933 87 145
2934 87 150
2935 87 156
2936 87 157
2937 87 158
2938 88 92
2939 88 94
2940 88 95
2941 88 96
2942 88 100
2943 88 101
2944 88 102
2945 88 103
2946 88 106
2947 88 110
2948 88 112
2949 88 115
2950 88 116
2951 88 118
2952 88 119
2953 88 120
2954 88 121
2955 88 122
2956 88 125
2957 88 127
2958 88 128
2959 88 130
2960 88 132
2961 88 135
2962 88 136
2963 88 138
2964 88 145
2965 88 146
2966 88 150
2967 88 152
2968 88 156
2969 88 158
2970 88 159
2971 89 91
2972 89 93
2973 89 105
2974 89 114
2975 89 123
2976 89 124
2977 89 129
2978 89 133
2979 89 137
2980 89 140
2981 89 151
2982 89 157
2983 90 91
2984 90 103
2985 90 112
2986 90 115
2987 90 123
2988 90 130
2989 90 137
2990 90 140
2991 90 151
2992 91 93
2993 91 95
2994 91 101
2995 91 103
2996 91 105
2997 91 107
2998 91 109
2999 91 112
3000 91 114
3001 91 115
3002 91 116
3003 91 117
3004 91 118
3005 91 121
3006 91 123
3007 91 124
3008 91 128
3009 91 129
3010 91 130
3011 91 133
3012 91 137
3013 91 140
3014 91 141
3015 91 151
3016 91 154
3017 91 157
3018 92 94
3019 92 95
3020 92 96
3021 92 100
3022 92 102
3023 92 106
3024 92 110
3025 92 116
3026 92 119
3027 92 120
3028 92 121
3029 92 122
3030 92 127
3031 92 138
3032 92 144
3033 92 145
3034 92 150
3035 92 152
3036 92 156
3037 92 158
3038 92 159
3039 93 99
3040 93 105
3041 93 106
3042 93 107
3043 93 109
3044 93 110
3045 93 112
3046 93 114
3047 93 117
3048 93 118
3049 93 123
3050 93 124
3051 93 128
3052 93 129
3053 93 130
3054 93 133
3055 93 137
3056 93 138
3057 93 140
3058 93 141
3059 93 151
3060 93 154
3061 93 155
3062 93 157
3063 94 95
3064 94 96
3065 94 100
3066 94 101
3067 94 102
3068 94 103
3069 94 106
3070 94 110
3071 94 112
3072 94 115
3073 94 116
3074 94 118
3075 94 119
3076 94 120
3077 94 121
3078 94 122
3079 94 125
3080 94 127
3081 94 128
3082 94 130
3083 94 132
3084 94 135
3085 94 136
3086 94 138
3087 94 145
3088 94 146
3089 94 150
3090 94 152
3091 94 156
3092 94 158
3093 94 159
3094 95 96
3095 95 97
3096 95 98
3097 95 99
3098 95 101
3099 95 103
3100 95 104
3101 95 106
3102 95 109
3103 95 110
3104 95 111
3105 95 112
3106 95 113
3107 95 115
3108 95 116
3109 95 117
3110 95 118
3111 95 119
3112 95 121
3113 95 123
3114 95 125
3115 95 126
3116 95 127
3117 95 128
3118 95 130
3119 95 131
3120 95 132
3121 95 134
3122 95 135
3123 95 136
3124 95 137
3125 95 138
3126 95 139
3127 95 140
3128 95 142
3129 95 145
3130 95 146
3131 95 147
3132 95 148
3133 95 149
3134 95 151
3135 95 154
3136 95 156
3137 95 158
3138 96 100
3139 96 101
3140 96 102
3141 96 103
3142 96 106
3143 96 110
3144 96 112
3145 96 115
3146 96 116
3147 96 118
3148 96 119
3149 96 120
3150 96 121
3151 96 122
3152 96 125
3153 96 127
3154 96 128
3155 96 130
3156 96 132
3157 96 135
3158 96 136
3159 96 138
3160 96 145
3161 96 146
3162 96 150
3163 96 152
3164 96 156
3165 96 158
3166 96 159
3167 97 103
3168 97 111
3169 97 112
3170 97 115
3171 97 116
3172 97 118
3173 97 121
3174 97 128
3175 97 130
3176 97 131
3177 98 99
3178 98 101
3179 98 103
3180 98 106
3181 98 110
3182 98 112
3183 98 115
3184 98 116
3185 98 121
3186 98 125
3187 98 130
3188 98 134
3189 98 135
3190 98 138
3191 98 139
3192 98 146
3193 98 148
3194 98 151
3195 99 103
3196 99 104
3197 99 106
3198 99 109
3199 99 110
3200 99 112
3201 99 113
3202 99 115
3203 99 116
3204 99 117
3205 99 118
3206 99 121
3207 99 128
3208 99 129
3209 99 130
3210 99 131
3211 99 138
3212 99 153
3213 99 154
3214 99 157
3215 100 102
3216 100 103
3217 100 106
3218 100 119
3219 100 120
3220 100 122
3221 100 127
3222 100 145
3223 100 150
3224 100 152
3225 100 156
3226 100 158
3227 100 159
3228 101 103
3229 101 104
3230 101 106
3231 101 110
3232 101 112
3233 101 113
3234 101 115
3235 101 116
3236 101 121
3237 101 123
3238 101 125
3239 101 127
3240 101 130
3241 101 131
3242 101 132
3243 101 134
3244 101 135
3245 101 136
3246 101 137
3247 101 138
3248 101 139
3249 101 140
3250 101 142
3251 101 146
3252 101 147
3253 101 148
3254 101 156
3255 101 158
3256 102 119
3257 102 120
3258 102 122
3259 102 127
3260 102 145
3261 102 150
3262 102 152
3263 102 156
3264 102 158
3265 102 159
3266 103 104
3267 103 106
3268 103 110
3269 103 111
3270 103 112
3271 103 113
3272 103 115
3273 103 116
3274 103 117
3275 103 118
3276 103 119
3277 103 121
3278 103 123
3279 103 125
3280 103 126
3281 103 127
3282 103 128
3283 103 129
3284 103 130
3285 103 131
3286 103 132
3287 103 134
3288 103 135
3289 103 136
3290 103 137
3291 103 138
3292 103 139
3293 103 140
3294 103 142
3295 103 146
3296 103 147
3297 103 148
3298 103 149
3299 103 151
3300 103 154
3301 103 156
3302 103 158
3303 104 110
3304 104 113
3305 104 115
3306 104 116
3307 104 121
3308 104 131
3309 104 132
3310 104 134
3311 104 136
3312 104 138
3313 104 139
3314 104 142
3315 104 147
3316 104 148
3317 104 149
3318 105 114
3319 105 123
3320 105 124
3321 105 129
3322 105 133
3323 105 137
3324 105 140
3325 105 151
3326 105 157
3327 106 109
3328 106 110
3329 106 112
3330 106 113
3331 106 115
3332 106 116
3333 106 119
3334 106 120
3335 106 121
3336 106 122
3337 106 125
3338 106 127
3339 106 129
3340 106 130
3341 106 131
3342 106 134
3343 106 135
3344 106 138
3345 106 139
3346 106 145
3347 106 146
3348 106 150
3349 106 151
3350 106 156
3351 106 157
3352 106 158
3353 107 109
3354 107 112
3355 107 123
3356 107 129
3357 107 130
3358 107 137
3359 107 140
3360 107 151
3361 107 157
3362 108 117
3363 108 141
3364 108 154
3365 109 112
3366 109 117
3367 109 123
3368 109 129
3369 109 130
3370 109 137
3371 109 140
3372 109 141
3373 109 151
3374 109 154
3375 109 157
3376 110 112
3377 110 113
3378 110 115
3379 110 116
3380 110 119
3381 110 120
3382 110 121
3383 110 122
3384 110 127
3385 110 129
3386 110 130
3387 110 131
3388 110 134
3389 110 138
3390 110 139
3391 110 145
3392 110 148
3393 110 150
3394 110 156
3395 110 157
3396 110 158
3397 111 112
3398 111 115
3399 111 116
3400 111 118
3401 111 121
3402 111 128
3403 111 130
3404 111 131
3405 112 115
3406 112 116
3407 112 117
3408 112 118
3409 112 119
3410 112 121
3411 112 123
3412 112 127
3413 112 128
3414 112 129
3415 112 130
3416 112 134
3417 112 137
3418 112 138
3419 112 139
3420 112 140
3421 112 145
3422 112 148
3423 112 151
3424 112 153
3425 112 154
3426 112 156
3427 112 157
3428 112 158
3429 113 115
3430 113 116
3431 113 121
3432 113 125
3433 113 126
3434 113 131
3435 113 134
3436 113 135
3437 113 136
3438 113 138
3439 113 139
3440 113 142
3441 113 146
3442 113 147
3443 113 148
3444 113 149
3445 114 123
3446 114 124
3447 114 129
3448 114 133
3449 114 137
3450 114 140
3451 114 151
3452 114 157
3453 115 116
3454 115 119
3455 115 121
3456 115 123
3457 115 125
3458 115 126
3459 115 127
3460 115 129
3461 115 130
3462 115 131
3463 115 132
3464 115 134
3465 115 135
3466 115 136
3467 115 137
3468 115 138
3469 115 139
3470 115 140
3471 115 141
3472 115 142
3473 115 145
3474 115 146
3475 115 147
3476 115 148
3477 115 149
3478 115 151
3479 115 156
3480 115 158
3481 116 117
3482 116 118
3483 116 119
3484 116 121
3485 116 123
3486 116 125
3487 116 126
3488 116 127
3489 116 128
3490 116 130
3491 116 131
3492 116 132
3493 116 134
3494 116 135
3495 116 136
3496 116 137
3497 116 138
3498 116 139
3499 116 140
3500 116 142
3501 116 145
3502 116 146
3503 116 147
3504 116 148
3505 116 149
3506 116 151
3507 116 154
3508 116 156
3509 116 158
3510 117 118
3511 117 121
3512 117 123
3513 117 128
3514 117 129
3515 117 130
3516 117 133
3517 117 134
3518 117 137
3519 117 139
3520 117 140
3521 117 141
3522 117 151
3523 117 154
3524 117 157
3525 118 119
3526 118 121
3527 118 123
3528 118 127
3529 118 128
3530 118 130
3531 118 137
3532 118 140
3533 118 151
3534 118 153
3535 118 154
3536 118 156
3537 118 157
3538 118 158
3539 119 120
3540 119 121
3541 119 122
3542 119 127
3543 119 128
3544 119 130
3545 119 138
3546 119 144
3547 119 145
3548 119 150
3549 119 152
3550 119 156
3551 119 158
3552 119 159
3553 120 122
3554 120 127
3555 120 138
3556 120 145
3557 120 150
3558 120 152
3559 120 156
3560 120 158
3561 120 159
3562 121 123
3563 121 125
3564 121 126
3565 121 127
3566 121 128
3567 121 130
3568 121 131
3569 121 132
3570 121 134
3571 121 135
3572 121 136
3573 121 137
3574 121 138
3575 121 139
3576 121 140
3577 121 142
3578 121 145
3579 121 146
3580 121 147
3581 121 148
3582 121 149
3583 121 151
3584 121 154
3585 121 156
3586 121 158
3587 122 127
3588 122 138
3589 122 145
3590 122 150
3591 122 152
3592 122 156
3593 122 158
3594 122 159
3595 123 124
3596 123 128
3597 123 129
3598 123 130
3599 123 133
3600 123 137
3601 123 140
3602 123 141
3603 123 151
3604 123 154
3605 123 157
3606 124 129
3607 124 133
3608 124 137
3609 124 140
3610 124 151
3611 124 157
3612 125 127
3613 125 131
3614 125 134
3615 125 135
3616 125 139
3617 125 146
3618 125 148
3619 125 156
3620 125 158
3621 126 131
3622 127 128
3623 127 130
3624 127 132
3625 127 135
3626 127 136
3627 127 138
3628 127 145
3629 127 146
3630 127 150
3631 127 152
3632 127 156
3633 127 158
3634 127 159
3635 128 130
3636 128 137
3637 128 140
3638 128 151
3639 128 153
3640 128 154
3641 128 156
3642 128 157
3643 128 158
3644 129 130
3645 129 133
3646 129 137
3647 129 138
3648 129 140
3649 129 141
3650 129 151
3651 129 154
3652 129 157
3653 130 134
3654 130 137
3655 130 138
3656 130 139
3657 130 140
3658 130 145
3659 130 148
3660 130 151
3661 130 153
3662 130 154
3663 130 156
3664 130 157
3665 130 158
3666 131 134
3667 131 135
3668 131 136
3669 131 138
3670 131 139
3671 131 142
3672 131 146
3673 131 147
3674 131 148
3675 131 149
3676 132 134
3677 132 139
3678 132 148
3679 132 156
3680 132 158
3681 133 137
3682 133 140
3683 133 151
3684 133 154
3685 133 155
3686 133 157
3687 134 135
3688 134 138
3689 134 139
3690 134 146
3691 134 148
3692 134 154
3693 135 139
3694 135 146
3695 135 148
3696 135 156
3697 135 158
3698 136 139
3699 136 142
3700 136 147
3701 136 148
3702 136 149
3703 136 156
3704 136 158
3705 137 140
3706 137 141
3707 137 151
3708 137 154
3709 137 157
3710 138 139
3711 138 145
3712 138 148
3713 138 150
3714 138 156
3715 138 157
3716 138 158
3717 139 146
3718 139 148
3719 139 154
3720 140 141
3721 140 151
3722 140 154
3723 140 157
3724 141 151
3725 141 154
3726 141 157
3727 142 147
3728 142 148
3729 145 150
3730 145 152
3731 145 156
3732 145 158
3733 145 159
3734 146 148
3735 146 156
3736 146 158
3737 147 149
3738 150 152
3739 150 156
3740 150 158
3741 150 159
3742 151 154
3743 151 155
3744 151 157
3745 152 156
3746 152 158
3747 152 159
3748 154 157
3749 155 157
3750 156 158
3751 156 159
3752 158 159
