1 88 147
2 74 106
3 21 28
4 22 154
5 80 125
6 95 101
7 8 63
8 99 126
9 63 76
10 29 44
11 33 41
12 1 64
13 92 135
14 59 131
15 78 86
16 27 122
17 104 130
18 12 59
19 103 122
20 15 30
21 17 64
22 42 88
23 5 84
24 61 151
25 80 155
26 63 151
27 10 97
28 30 100
29 13 20
30 108 150
31 96 123
32 60 81
33 116 118
34 45 78
35 65 154
36 138 141
37 85 87
38 32 77
39 88 154
40 57 59
41 93 151
42 95 98
43 99 103
44 7 22
45 100 127
46 11 83
47 29 37
48 104 122
49 33 34
50 16 38
51 34 144
52 36 41
53 2 73
54 131 160
55 78 89
56 61 63
57 26 67
58 79 85
59 84 128
60 11 160
61 17 57
62 76 87
63 5 93
64 66 93
65 49 51
66 158 160
67 108 141
68 37 135
69 111 128
70 3 11
71 62 145
72 140 144
73 90 141
74 71 93
75 1 33
76 57 60
77 74 156
78 21 46
79 4 42
80 95 107
81 43 113
82 7 15
83 100 102
84 16 29
85 72 74
86 129 133
87 94 145
88 41 43
89 5 53
90 78 160
91 26 74
92 7 156
93 79 82
94 84 143
95 103 104
96 106 156
97 108 117
98 38 135
99 77 88
100 24 28
101 80 137
102 136 139
103 45 47
104 66 84
105 49 52
106 67 94
107 31 108
108 86 147
109 15 157
110 55 122
111 111 137
112 59 127
113 8 69
114 120 127
115 84 109
116 85 89
117 140 143
118 14 95
119 70 72
120 74 135
121 57 69
122 38 97
123 3 129
124 4 17
125 63 123
126 105 126
127 69 128
128 16 20
129 37 87
130 129 158
131 41 44
132 79 91
133 9 59
134 15 117
135 56 122
136 112 119
137 58 159
138 77 81
139 24 99
140 5 79
141 42 53
142 80 128
143 82 156
144 10 26
145 83 141
146 67 71
147 30 89
148 31 85
149 15 154
150 91 93
151 40 99
152 3 121
153 111 150
154 120 134
155 84 116
156 87 137
157 18 93
158 58 68
159 3 134
160 4 24
161 21 48
162 80 89
163 99 154
164 115 141
165 28 134
166 11 70
167 29 48
168 33 53
169 72 120
170 54 56
171 2 82
172 94 131
173 5 39
174 61 74
175 26 92
176 117 157
177 119 137
178 84 157
179 30 49
180 16 154
181 34 44
182 109 115
183 60 134
184 80 135
185 82 151
186 67 76
187 55 72
188 3 126
189 23 99
190 26 133
191 85 107
192 87 134
193 90 102
194 71 72
195 18 84
196 1 52
197 57 87
198 109 149
199 21 57
200 4 7
201 5 159
202 43 100
203 99 131
204 7 122
205 115 146
206 46 51
207 12 71
208 69 114
209 72 127
210 37 89
211 93 108
212 58 62
213 94 138
214 97 105
215 5 32
216 61 67
217 131 156
218 27 95
219 34 39
220 37 42
221 76 123
222 24 113
223 60 157
224 135 152
225 10 12
226 83 155
227 31 91
228 107 154
229 1 156
230 55 65
231 40 81
232 3 103
233 62 141
234 85 116
235 89 113
236 1 13
237 21 66
238 4 14
239 5 152
240 80 87
241 26 63
242 44 101
243 12 126
244 124 128
245 142 148
246 56 160
247 19 20
248 2 36
249 94 141
250 131 133
251 97 98
252 5 41
253 7 128
254 154 155
255 30 35
256 52 84
257 76 114
258 77 124
259 42 46
260 135 145
261 83 160
262 14 136
263 91 160
264 1 149
265 55 94
266 38 50
267 4 102
268 97 153
269 26 151
270 134 156
271 28 124
272 122 131
273 87 148
274 89 122
275 109 135
276 146 147
277 57 97
278 21 75
279 22 75
280 96 132
281 25 136
282 50 128
283 68 106
284 124 159
285 2 63
286 93 126
287 78 135
288 98 107
289 119 148
290 30 42
291 103 133
292 52 83
293 15 73
294 17 23
295 130 155
296 23 25
297 6 51
298 81 114
299 135 142
300 85 149
301 50 89
302 18 46
303 38 53
304 4 109
305 23 142
306 64 69
307 65 73
308 28 123
309 29 99
310 134 151
311 53 109
312 18 65
313 73 153
314 57 106
315 76 130
316 21 84
317 22 66
318 110 118
319 44 91
320 121 133
321 68 81
322 128 134
323 93 119
324 41 113
325 22 61
326 97 124
327 62 68
328 100 159
329 137 147
330 30 45
331 86 94
332 103 130
333 34 48
334 55 63
335 41 130
336 6 42
337 81 107
338 82 123
339 10 57
340 102 126
341 50 80
342 106 117
343 14 154
344 144 149
345 35 51
346 74 90
347 38 44
348 43 51
349 26 153
350 64 92
351 65 66
352 29 124
353 2 158
354 21 93
355 22 69
356 25 154
357 83 89
358 46 79
359 11 155
360 69 86
361 41 122
362 22 52
363 98 125
364 61 103
365 100 134
366 10 81
367 137 148
368 47 52
369 87 93
370 15 95
371 19 152
372 132 153
373 25 65
374 6 45
375 81 108
376 155 159
377 106 124
378 110 145
379 38 39
380 3 67
381 8 22
382 64 83
383 65 91
384 122 156
385 70 153
386 2 153
387 58 106
388 115 119
389 98 133
390 7 87
391 27 131
392 46 86
393 83 94
394 12 98
395 68 71
396 15 55
397 126 128
398 55 156
399 2 8
400 41 99
401 42 115
402 5 13
403 61 96
404 64 140
405 27 48
406 77 143
407 122 126
408 30 31
409 125 131
410 3 59
411 114 148
412 23 36
413 82 109
414 101 106
415 102 104
416 85 160
417 31 36
418 18 27
419 74 76
420 110 152
421 40 52
422 3 72
423 4 90
424 29 78
425 70 144
426 39 53
427 96 160
428 78 112
429 98 156
430 114 118
431 7 76
432 27 152
433 47 85
434 12 25
435 104 160
436 16 92
437 15 60
438 52 128
439 56 67
440 2 3
441 41 100
442 61 121
443 62 121
444 10 67
445 123 125
446 125 156
447 35 89
448 20 24
449 114 143
450 59 79
451 24 91
452 79 128
453 81 94
454 82 100
455 32 43
456 31 45
457 68 151
458 106 110
459 35 38
460 107 116
461 141 146
462 38 81
463 70 139
464 58 124
465 39 50
466 79 107
467 83 108
468 123 133
469 56 74
470 77 129
471 24 51
472 42 101
473 153 158
474 62 96
475 137 143
476 34 84
477 91 109
478 56 57
479 40 147
480 59 68
481 25 84
482 79 137
483 81 87
484 138 150
485 49 110
486 32 34
487 13 64
488 31 42
489 68 158
490 35 47
491 70 115
492 74 126
493 91 154
494 107 109
495 42 135
496 60 61
497 8 11
498 9 131
499 90 94
500 145 150
501 54 72
502 2 98
503 39 43
504 95 158
505 8 154
506 83 117
507 48 49
508 12 15
509 13 151
510 69 74
511 88 104
512 6 126
513 62 107
514 64 145
515 102 130
516 67 124
517 12 158
518 139 148
519 89 143
520 91 98
521 92 108
522 127 158
523 20 46
524 60 69
525 25 93
526 6 9
527 43 135
528 82 86
529 138 145
530 70 106
531 143 160
532 40 41
533 113 130
534 116 137
535 9 132
536 48 89
537 29 89
538 16 50
539 53 83
540 54 67
541 1 117
542 44 45
543 9 21
544 83 122
545 154 160
546 88 111
547 16 65
548 71 158
549 19 76
550 42 87
551 61 132
552 136 144
553 27 28
554 10 124
555 102 133
556 139 141
557 31 139
558 86 116
559 111 116
560 96 110
561 32 48
562 88 141
563 70 109
564 93 132
565 4 62
566 116 144
567 8 57
568 99 120
569 63 70
570 67 131
571 16 41
572 53 92
573 57 153
574 8 136
575 26 126
576 10 148
577 27 100
578 104 156
579 12 61
580 88 118
581 103 124
582 52 100
583 106 160
584 71 151
585 36 139
586 56 95
587 61 157
588 10 103
589 66 72
590 30 98
591 13 26
592 86 143
593 87 119
594 91 112
595 96 101
596 60 91
597 23 65
598 8 81
599 45 84
600 65 128
601 50 97
602 88 148
603 21 27
604 95 100
605 80 126
606 7 24
607 63 79
608 118 143
609 29 43
610 33 40
611 92 128
612 59 130
613 78 87
614 10 159
615 104 131
616 52 99
617 42 89
618 5 83
619 6 99
620 66 67
621 3 5
622 96 124
623 25 48
624 116 119
625 84 88
626 49 138
627 85 86
628 88 155
629 57 58
630 4 44
631 95 109
632 99 102
633 7 17
634 48 78
635 29 36
636 69 157
637 36 42
638 129 131
639 59 155
640 78 94
641 79 84
642 26 64
643 81 138
644 10 134
645 17 56
646 37 53
647 76 80
648 77 94
649 80 147
650 45 53
651 10 105
652 63 159
653 49 50
654 15 151
655 35 99
656 3 10
657 8 95
658 120 121
659 140 145
660 90 138
661 74 157
662 57 67
663 3 155
664 95 106
665 7 14
666 100 103
667 11 75
668 124 125
669 16 30
670 72 75
671 36 81
672 1 81
673 92 150
674 94 150
675 41 42
676 129 132
677 5 52
678 79 93
679 156 160
680 103 107
681 106 157
682 17 49
683 108 118
684 19 104
685 77 87
686 24 29
687 5 69
688 6 93
689 80 138
690 45 46
691 63 132
692 83 135
693 136 140
694 30 87
695 86 144
696 15 156
697 1 136
698 39 159
699 62 153
700 120 128
701 85 88
702 32 92
703 70 73
704 1 57
705 57 68
706 21 54
707 4 18
708 80 99
709 118 144
710 63 122
711 48 124
712 11 64
713 12 82
714 104 105
715 33 51
716 16 21
717 105 125
718 5 61
719 79 90
720 26 82
721 10 136
722 52 120
723 17 42
724 108 109
725 56 123
726 37 39
727 113 126
728 58 156
729 77 80
730 42 50
731 5 78
732 80 129
733 82 157
734 67 70
735 105 159
736 31 84
737 72 155
738 91 92
739 111 145
740 3 120
741 121 127
742 84 117
743 71 82
744 1 50
745 2 160
746 58 69
747 21 63
748 4 25
749 80 90
750 115 140
751 26 42
752 7 124
753 44 112
754 33 52
755 54 57
756 94 128
757 61 73
758 26 93
759 103 153
760 88 89
761 34 45
762 109 114
763 113 119
764 83 149
765 92 93
766 55 75
767 3 97
768 26 130
769 84 124
770 14 46
771 89 111
772 71 75
773 109 148
774 1 11
775 143 147
776 58 76
777 115 149
778 80 81
779 99 130
780 63 104
781 46 48
782 12 64
783 142 146
784 75 157
785 58 63
786 93 107
787 4 151
788 5 47
789 22 41
790 61 66
791 94 139
792 97 104
793 131 159
794 51 84
795 34 36
796 52 78
797 37 41
798 130 134
799 60 158
800 82 143
801 135 155
802 10 13
803 83 154
804 85 130
805 55 64
806 3 102
807 23 123
808 64 72
809 85 115
810 14 49
811 89 112
812 143 152
813 109 141
814 1 12
815 57 95
816 58 87
817 21 65
818 4 15
819 5 135
820 26 60
821 124 129
822 16 122
823 142 149
824 53 139
825 19 23
826 94 114
827 131 132
828 5 40
829 7 131
830 30 32
831 52 85
832 15 67
833 112 157
834 77 123
835 42 47
836 82 134
837 135 144
838 10 52
839 101 117
840 1 148
841 38 51
842 40 89
843 4 103
844 97 152
845 8 98
846 64 79
847 120 156
848 122 128
849 73 151
850 1 5
851 57 96
852 76 132
853 96 133
854 121 131
855 30 152
856 50 129
857 51 53
858 16 113
859 124 152
860 19 28
861 2 60
862 93 125
863 94 117
864 22 59
865 5 17
866 97 122
867 62 66
868 98 104
869 30 43
870 103 132
871 89 160
872 16 128
873 17 22
874 52 92
875 112 148
876 41 152
877 23 24
878 6 48
879 81 113
880 82 129
881 10 63
882 135 137
883 85 148
884 74 80
885 38 42
886 40 64
887 4 110
888 26 159
889 64 70
890 65 72
891 11 20
892 54 106
893 1 30
894 2 132
895 57 105
896 76 131
897 22 67
898 96 156
899 152 158
900 44 84
901 121 132
902 68 82
903 124 151
904 16 104
905 126 151
906 128 135
907 2 55
908 5 26
909 6 152
910 62 69
911 9 95
912 78 143
913 98 99
914 137 146
915 34 49
916 52 91
917 18 151
918 55 62
919 112 139
920 77 109
921 25 127
922 6 43
923 82 120
924 101 103
925 50 81
926 31 49
927 144 150
928 35 50
929 75 91
930 38 45
931 42 160
932 23 134
933 8 16
934 43 50
935 11 13
936 53 117
937 1 23
938 2 159
939 21 92
940 44 83
941 27 141
942 83 88
943 11 154
944 69 85
945 126 158
946 55 134
947 2 14
948 41 121
949 78 150
950 61 102
951 62 76
952 137 155
953 87 92
954 18 142
955 3 53
956 114 154
957 23 46
958 25 64
959 155 158
960 13 84
961 106 125
962 40 78
963 4 92
964 64 84
965 122 157
966 33 113
967 1 104
968 39 63
969 115 118
970 98 130
971 27 130
972 69 94
973 15 54
974 126 129
975 2 9
976 5 12
977 61 127
978 62 119
979 98 117
980 102 158
981 122 127
982 31 150
983 125 130
984 3 58
985 59 73
986 25 73
987 6 37
988 101 105
989 102 105
990 31 39
991 18 24
992 74 77
993 40 53
994 4 91
995 42 146
996 45 135
997 28 65
998 14 20
999 54 127
1000 57 124
1001 39 52
1002 114 119
1003 78 113
1004 79 109
1005 26 27
1006 47 84
1007 69 71
1008 16 93
1009 15 63
1010 56 68
1011 77 135
1012 5 117
1013 61 120
1014 10 64
1015 123 124
1016 35 88
1017 18 128
1018 54 153
1019 20 25
1020 24 92
1021 81 93
1022 46 135
1023 32 44
1024 31 44
1025 107 119
1026 141 145
1027 35 41
1028 18 19
1029 91 132
1030 110 160
1031 147 150
1032 39 92
1033 4 66
1034 7 55
1035 9 153
1036 118 160
1037 89 94
1038 70 136
1039 39 45
1040 83 111
1041 123 132
1042 56 75
1043 19 65
1044 77 128
1045 24 52
1046 6 132
1047 64 155
1048 9 123
1049 137 142
1050 153 157
1051 87 107
1052 34 85
1053 91 108
1054 56 58
1055 59 71
1056 25 91
1057 6 23
1058 81 86
1059 82 92
1060 32 35
1061 68 159
1062 88 128
1063 70 112
1064 35 46
1065 107 108
1066 74 127
1067 4 73
1068 60 62
1069 8 12
1070 9 130
1071 32 146
1072 145 149
1073 54 73
1074 39 42
1075 95 153
1076 79 115
1077 8 155
1078 27 105
1079 83 116
1080 48 50
1081 151 155
1082 69 73
1083 71 160
1084 42 109
1085 6 127
1086 64 146
1087 9 124
1088 102 131
1089 67 127
1090 12 159
1091 30 113
1092 31 141
1093 91 101
1094 92 109
1095 96 104
1096 59 92
1097 60 70
1098 23 50
1099 6 14
1100 25 92
1101 82 87
1102 28 63
1103 49 102
1104 88 135
1105 70 107
1106 71 123
1107 75 124
1108 40 42
1109 39 82
1110 93 138
1111 42 143
1112 113 129
1113 99 114
1114 116 138
1115 29 88
1116 67 157
1117 53 82
1118 54 64
1119 57 151
1120 95 134
1121 44 46
1122 9 20
1123 83 125
1124 47 99
1125 13 143
1126 88 112
1127 16 66
1128 71 153
1129 42 84
1130 61 131
1131 136 145
1132 139 140
1133 31 138
1134 127 134
1135 20 54
1136 111 119
1137 60 93
1138 32 49
1139 50 103
1140 70 98
1141 74 97
1142 93 131
1143 39 75
1144 95 126
1145 116 145
1146 8 58
1147 63 65
1148 48 81
1149 67 130
1150 32 160
1151 16 42
1152 72 87
1153 53 91
1154 36 37
1155 92 138
1156 2 117
1157 12 62
1158 13 136
1159 33 135
1160 88 119
1161 103 127
1162 42 95
1163 61 156
1164 66 73
1165 30 99
1166 31 115
1167 86 140
1168 87 118
1169 37 147
1170 20 61
1171 96 102
1172 59 106
1173 60 84
1174 25 46
1175 8 82
1176 88 149
1177 74 104
1178 21 26
1179 22 152
1180 95 103
1181 7 27
1182 118 140
1183 11 92
1184 29 42
1185 33 47
1186 72 94
1187 36 44
1188 78 84
1189 81 144
1190 10 156
1191 104 132
1192 15 24
1193 6 96
1194 12 132
1195 13 18
1196 108 144
1197 3 4
1198 96 125
1199 65 152
1200 84 89
1201 138 139
1202 70 92
1203 90 128
1204 99 105
1205 48 79
1206 29 35
1207 69 156
1208 16 24
1209 36 43
1210 2 71
1211 129 130
1212 59 154
1213 148 154
1214 79 87
1215 26 65
1216 9 15
1217 10 135
1218 81 137
1219 84 130
1220 37 52
1221 38 130
1222 76 81
1223 77 93
1224 5 91
1225 6 91
1226 80 148
1227 45 52
1228 83 129
1229 67 91
1230 31 97
1231 108 143
1232 92 113
1233 55 127
1234 3 13
1235 59 120
1236 117 119
1237 120 122
1238 85 94
1239 140 146
1240 71 95
1241 74 154
1242 57 66
1243 3 154
1244 4 20
1245 80 109
1246 115 129
1247 99 110
1248 7 9
1249 63 124
1250 105 123
1251 124 126
1252 72 76
1253 5 51
1254 79 92
1255 26 72
1256 7 158
1257 10 142
1258 81 130
1259 103 106
1260 17 48
1261 35 154
1262 108 119
1263 112 114
1264 38 133
1265 77 86
1266 24 30
1267 133 159
1268 136 141
1269 10 17
1270 83 134
1271 30 84
1272 86 145
1273 15 159
1274 1 143
1275 111 139
1276 8 71
1277 120 129
1278 84 111
1279 71 84
1280 57 75
1281 38 103
1282 3 131
1283 11 67
1284 29 53
1285 104 106
1286 33 50
1287 16 22
1288 105 124
1289 73 75
1290 36 89
1291 37 85
1292 129 156
1293 22 28
1294 10 137
1295 106 133
1296 17 41
1297 37 38
1298 77 79
1299 42 51
1300 5 77
1301 61 160
1302 83 143
1303 67 73
1304 105 158
1305 13 61
1306 31 87
1307 72 156
1308 91 95
1309 111 144
1310 39 151
1311 60 120
1312 23 100
1313 121 126
1314 32 84
1315 14 36
1316 143 149
1317 18 91
1318 109 154
1319 57 76
1320 58 66
1321 39 100
1322 4 26
1323 80 91
1324 43 97
1325 115 143
1326 28 128
1327 68 127
1328 72 122
1329 73 76
1330 54 62
1331 131 153
1332 22 23
1333 5 37
1334 61 72
1335 119 139
1336 88 90
1337 34 42
1338 15 124
1339 109 113
1340 37 47
1341 113 118
1342 6 76
1343 83 148
1344 105 135
1345 92 94
1346 55 74
1347 3 96
1348 8 117
1349 26 131
1350 14 47
1351 87 128
1352 71 74
1353 109 147
1354 1 10
1355 143 146
1356 80 82
1357 99 133
1358 46 49
1359 12 65
1360 69 112
1361 72 97
1362 142 147
1363 56 155
1364 58 60
1365 131 158
1366 5 46
1367 61 65
1368 62 81
1369 7 133
1370 9 43
1371 154 158
1372 34 37
1373 15 69
1374 17 27
1375 52 79
1376 37 40
1377 54 160
1378 60 159
1379 135 154
1380 55 67
1381 3 105
1382 97 134
1383 23 122
1384 8 124
1385 64 73
1386 134 155
1387 29 111
1388 122 134
1389 50 52
1390 89 119
1391 143 155
1392 109 140
1393 1 3
1394 146 150
1395 21 64
1396 4 8
1397 25 133
1398 26 61
1399 44 103
1400 50 135
1401 124 130
1402 16 123
1403 72 104
1404 19 22
1405 93 99
1406 94 115
1407 131 135
1408 78 130
1409 98 110
1410 62 88
1411 7 130
1412 30 33
1413 17 28
1414 130 158
1415 77 122
1416 42 44
1417 101 116
1418 49 86
1419 50 92
1420 85 138
1421 18 53
1422 38 48
1423 4 96
1424 97 159
1425 25 29
1426 122 129
1427 89 120
1428 1 4
1429 76 133
1430 21 73
1431 22 73
1432 96 134
1433 121 130
1434 68 84
1435 51 52
1436 124 153
1437 53 147
1438 128 129
1439 2 61
1440 93 124
1441 94 122
1442 97 121
1443 5 16
1444 98 105
1445 62 67
1446 119 150
1447 30 40
1448 103 135
1449 15 75
1450 17 21
1451 76 107
1452 77 115
1453 24 65
1454 23 27
1455 6 49
1456 81 112
1457 63 160
1458 10 60
1459 82 126
1460 85 147
1461 50 87
1462 13 33
1463 135 136
1464 38 43
1465 64 71
1466 73 159
1467 1 29
1468 74 160
1469 22 64
1470 43 77
1471 44 85
1472 7 99
1473 69 107
1474 16 105
1475 73 104
1476 75 131
1477 93 117
1478 94 125
1479 78 140
1480 62 74
1481 100 153
1482 10 84
1483 137 145
1484 29 131
1485 86 92
1486 55 57
1487 112 140
1488 41 128
1489 77 108
1490 132 156
1491 6 40
1492 82 121
1493 101 102
1494 102 124
1495 50 78
1496 31 48
1497 35 53
1498 43 53
1499 8 17
1500 11 12
1501 1 22
1502 2 156
1503 58 97
1504 21 91
1505 149 150
1506 83 91
1507 46 77
1508 11 157
1509 69 84
1510 126 159
1511 36 99
1512 2 15
1513 98 123
1514 10 95
1515 86 87
1516 40 160
1517 23 41
1518 101 111
1519 13 83
1520 106 122
1521 110 151
1522 40 79
1523 3 69
1524 8 24
1525 134 135
1526 28 75
1527 67 160
1528 14 18
1529 2 151
1530 57 122
1531 58 104
1532 78 111
1533 98 131
1534 46 84
1535 12 28
1536 69 93
1537 126 134
1538 94 111
1539 41 97
1540 24 39
1541 5 11
1542 42 113
1543 77 141
1544 98 114
1545 102 159
1546 122 124
1547 125 129
1548 3 61
1549 59 72
1550 23 38
1551 6 26
1552 81 91
1553 101 104
1554 31 38
1555 18 25
1556 3 74
1557 9 151
1558 28 66
1559 14 21
1560 70 150
1561 143 144
1562 54 124
1563 2 110
1564 39 55
1565 114 116
1566 78 118
1567 79 108
1568 68 72
1569 69 70
1570 56 69
1571 55 151
1572 77 134
1573 24 46
1574 6 130
1575 153 155
1576 9 113
1577 123 127
1578 87 109
1579 35 91
1580 20 26
1581 59 65
1582 6 29
1583 79 130
1584 81 92
1585 28 42
1586 82 98
1587 157 159
1588 32 45
1589 13 69
1590 31 47
1591 107 118
1592 35 40
1593 141 144
1594 38 87
1595 4 67
1596 9 152
1597 89 93
1598 53 79
1599 145 147
1600 58 122
1601 39 44
1602 78 121
1603 151 157
1604 26 99
1605 12 18
1606 13 156
1607 69 79
1608 123 135
1609 56 76
1610 2 24
1611 24 53
1612 42 99
1613 6 133
1614 62 102
1615 9 122
1616 137 141
1617 153 156
1618 67 121
1619 103 160
1620 139 145
1621 56 59
1622 59 70
1623 60 72
1624 25 90
1625 81 85
1626 82 93
1627 138 148
1628 32 36
1629 107 111
1630 74 124
1631 38 78
1632 113 143
1633 4 74
1634 60 63
1635 116 140
1636 8 13
1637 9 129
1638 67 151
1639 34 139
1640 90 92
1641 145 148
1642 36 48
1643 79 114
1644 8 156
1645 26 106
1646 44 48
1647 48 51
1648 83 119
1649 123 156
1650 151 154
1651 69 72
1652 16 76
1653 41 84
1654 42 106
1655 6 124
1656 62 105
1657 139 150
1658 31 140
1659 86 115
1660 89 141
1661 127 152
1662 20 40
1663 96 105
1664 59 95
1665 60 71
1666 23 77
1667 79 144
1668 82 84
1669 75 127
1670 40 43
1671 21 23
1672 4 49
1673 39 77
1674 95 112
1675 99 117
1676 113 128
1677 63 91
1678 48 91
1679 29 87
1680 116 139
1681 16 52
1682 53 81
1683 54 65
1684 1 75
1685 2 123
1686 92 140
1687 44 47
1688 27 97
1689 104 151
1690 13 142
1691 88 113
1692 16 67
1693 20 64
1694 41 93
1695 61 130
1696 136 146
1697 10 122
1698 67 103
1699 12 151
1700 86 138
1701 139 143
1702 35 78
1703 127 129
1704 111 118
1705 3 25
1706 60 94
1707 45 89
1708 32 50
1709 50 100
1710 88 143
1711 93 130
1712 39 74
1713 95 121
1714 80 121
1715 8 59
1716 99 122
1717 63 64
1718 29 80
1719 36 38
1720 57 159
1721 148 149
1722 41 53
1723 78 82
1724 103 126
1725 17 76
1726 42 92
1727 6 110
1728 61 155
1729 66 70
1730 13 24
1731 86 141
1732 87 113
1733 89 159
1734 37 146
1735 96 103
1736 23 67
1737 46 160
1738 88 150
1739 14 73
1740 71 104
1741 74 105
1742 21 25
1743 39 67
1744 95 102
1745 7 26
1746 63 73
1747 11 95
1748 29 41
1749 33 46
1750 36 45
1751 92 130
1752 57 160
1753 78 85
1754 104 133
1755 17 69
1756 56 104
1757 41 79
1758 5 81
1759 12 133
1760 13 17
1761 108 145
1762 3 7
1763 96 126
1764 25 54
1765 84 90
1766 140 148
1767 71 97
1768 4 46
1769 80 119
1770 99 104
1771 11 84
1772 29 34
1773 104 125
1774 33 39
1775 16 25
1776 2 68
1777 148 155
1778 59 157
1779 78 92
1780 79 86
1781 117 143
1782 9 14
1783 10 132
1784 108 121
1785 37 51
1786 38 131
1787 77 92
1788 42 78
1789 45 51
1790 63 153
1791 83 128
1792 3 12
1793 59 123
1794 25 63
1795 117 118
1796 62 148
1797 120 123
1798 85 93
1799 140 147
1800 70 84
1801 74 155
1802 57 65
1803 3 157
1804 4 21
1805 26 38
1806 7 8
1807 63 127
1808 105 122
1809 124 127
1810 36 83
1811 1 87
1812 92 144
1813 94 148
1814 22 26
1815 5 50
1816 106 155
1817 35 157
1818 108 112
1819 112 115
1820 113 123
1821 77 85
1822 24 31
1823 80 140
1824 82 160
1825 63 134
1826 83 137
1827 136 142
1828 30 85
1829 86 150
1830 15 158
1831 1 142
1832 3 117
1833 24 142
1834 60 98
1835 62 159
1836 120 130
1837 87 141
1838 90 147
1839 71 87
1840 57 74
1841 38 100
1842 3 130
1843 4 28
1844 115 137
1845 100 104
1846 29 52
1847 33 49
1848 16 23
1849 73 74
1850 37 84
1851 119 141
1852 108 111
1853 109 119
1854 113 124
1855 77 78
1856 42 48
1857 6 74
1858 82 155
1859 10 25
1860 67 72
1861 72 157
1862 91 94
1863 55 76
1864 3 122
1865 121 125
1866 84 119
1867 85 111
1868 32 85
1869 14 37
1870 87 138
1871 71 76
1872 143 148
1873 57 83
1874 58 67
1875 21 61
1876 5 147
1877 80 92
1878 7 126
1879 46 47
1880 53 135
1881 54 63
1882 94 134
1883 59 160
1884 131 152
1885 5 36
1886 61 71
1887 26 91
1888 117 154
1889 30 52
1890 88 91
1891 103 155
1892 34 43
1893 109 112
1894 37 46
1895 113 117
1896 60 129
1897 6 77
1898 49 91
1899 85 135
1900 86 160
1901 105 134
1902 55 69
1903 23 124
1904 26 128
1905 62 137
1906 14 44
1907 89 109
1908 109 146
1909 1 9
1910 57 84
1911 58 74
1912 76 144
1913 5 156
1914 80 83
1915 99 132
1916 11 112
1917 124 132
1918 142 144
1919 56 156
1920 58 61
1921 94 137
1922 4 145
1923 5 45
1924 61 64
1925 97 110
1926 154 159
1927 15 68
1928 17 26
1929 130 132
1930 82 141
1931 135 149
1932 10 11
1933 83 156
1934 49 92
1935 12 160
1936 30 78
1937 85 128
1938 55 66
1939 40 84
1940 97 133
1941 25 27
1942 134 152
1943 120 151
1944 11 24
1945 85 113
1946 32 99
1947 50 53
1948 89 118
1949 159 160
1950 143 154
1951 109 139
1952 1 2
1953 57 93
1954 76 143
1955 26 58
1956 48 99
1957 29 31
1958 124 131
1959 16 124
1960 53 137
1961 19 25
1962 94 112
1963 131 134
1964 97 103
1965 5 22
1966 98 111
1967 62 89
1968 27 41
1969 30 38
1970 52 87
1971 17 19
1972 19 134
1973 130 159
1974 77 121
1975 42 45
1976 23 29
1977 60 151
1978 79 160
1979 82 132
1980 101 115
1981 135 146
1982 85 137
1983 107 148
1984 38 49
1985 40 91
1986 25 28
1987 8 100
1988 64 65
1989 120 158
1990 28 127
1991 11 17
1992 85 122
1993 53 97
1994 18 69
1995 110 114
1996 57 102
1997 76 134
1998 121 129
1999 53 146
2000 128 130
2001 94 123
2002 97 120
2003 78 138
2004 98 102
2005 62 64
2006 119 145
2007 156 157
2008 30 41
2009 86 90
2010 103 134
2011 16 130
2012 17 20
2013 18 154
2014 34 52
2015 112 150
2016 24 66
2017 23 26
2018 81 119
2019 135 139
2020 10 61
2021 102 122
2022 50 84
2023 144 145
2024 38 40
2025 4 104
2026 97 151
2027 26 157
2028 45 154
2029 11 22
2030 90 126
2031 73 158
2032 54 104
2033 1 28
2034 57 111
2035 110 117
2036 21 81
2037 22 65
2038 96 158
2039 151 153
2040 44 86
2041 83 85
2042 22 48
2043 5 24
2044 6 158
2045 62 75
2046 78 141
2047 97 113
2048 137 144
2049 55 56
2050 112 141
2051 76 99
2052 59 61
2053 24 73
2054 77 107
2055 6 41
2056 102 125
2057 85 155
2058 50 79
2059 31 51
2060 14 153
2061 72 160
2062 35 52
2063 106 112
2064 3 95
2065 23 128
2066 8 18
2067 43 52
2068 45 147
2069 65 71
2070 11 15
2071 53 115
2072 1 21
2073 2 157
2074 83 90
2075 11 156
2076 12 102
2077 68 91
2078 69 83
2079 126 156
2080 55 128
2081 2 12
2082 77 147
2083 78 148
2084 61 100
2085 62 114
2086 64 136
2087 10 92
2088 47 49
2089 87 94
2090 20 21
2091 3 55
2092 25 70
2093 82 113
2094 106 123
2095 110 148
2096 40 48
2097 43 45
2098 122 155
2099 70 156
2100 54 122
2101 39 57
2102 78 108
2103 7 80
2104 46 85
2105 69 92
2106 126 135
2107 37 99
2108 94 108
2109 24 40
2110 98 115
2111 6 136
2112 61 125
2113 64 143
2114 102 156
2115 122 125
2116 31 144
2117 86 111
2118 125 128
2119 35 85
2120 20 28
2121 59 75
2122 6 27
2123 81 90
2124 31 33
2125 14 107
2126 107 112
2127 141 150
2128 18 22
2129 74 75
2130 38 93
2131 4 69
2132 28 67
2133 11 61
2134 70 151
2135 1 103
2136 92 160
2137 39 54
2138 114 117
2139 78 119
2140 79 111
2141 46 92
2142 12 20
2143 68 73
2144 123 129
2145 16 95
2146 15 57
2147 52 131
2148 56 70
2149 77 133
2150 6 131
2151 62 124
2152 153 154
2153 137 139
2154 123 126
2155 87 108
2156 34 88
2157 89 130
2158 125 153
2159 54 159
2160 20 27
2161 59 64
2162 79 141
2163 81 83
2164 49 106
2165 32 46
2166 31 46
2167 106 109
2168 70 127
2169 35 43
2170 141 143
2171 157 158
2172 38 84
2173 113 149
2174 4 76
2175 9 159
2176 63 84
2177 14 29
2178 89 92
2179 53 78
2180 145 146
2181 39 47
2182 151 156
2183 26 96
2184 83 113
2185 123 134
2186 13 155
2187 69 78
2188 24 54
2189 42 96
2190 6 122
2191 62 103
2192 10 73
2193 137 140
2194 67 120
2195 139 144
2196 89 139
2197 91 110
2198 56 60
2199 3 42
2200 60 73
2201 79 138
2202 81 84
2203 82 90
2204 138 149
2205 49 99
2206 32 37
2207 68 153
2208 14 117
2209 88 130
2210 71 124
2211 107 110
2212 93 143
2213 4 75
2214 42 130
2215 116 141
2216 8 14
2217 29 93
2218 90 93
2219 53 87
2220 36 49
2221 2 97
2222 95 155
2223 8 157
2224 9 17
2225 44 49
2226 48 52
2227 47 100
2228 83 118
2229 88 107
2230 51 97
2231 16 77
2232 123 159
2233 41 91
2234 24 61
2235 42 107
2236 102 129
2237 67 97
2238 12 153
2239 86 112
2240 127 155
2241 92 111
2242 112 160
2243 20 41
2244 96 106
2245 59 94
2246 60 64
2247 23 76
2248 79 147
2249 82 85
2250 49 100
2251 88 137
2252 40 44
2253 3 160
2254 4 50
2255 21 22
2256 113 135
2257 8 53
2258 116 148
2259 48 92
2260 29 86
2261 67 159
2262 54 70
2263 92 141
2264 41 51
2265 8 132
2266 27 96
2267 88 114
2268 52 152
2269 15 20
2270 71 155
2271 20 65
2272 41 92
2273 61 129
2274 136 147
2275 10 123
2276 66 76
2277 139 142
2278 127 128
2279 92 102
2280 20 48
2281 3 24
2282 59 87
2283 96 97
2284 111 113
2285 6 7
2286 28 48
2287 84 85
2288 32 51
2289 88 144
2290 4 57
2291 80 122
2292 95 120
2293 8 60
2294 7 28
2295 63 67
2296 48 83
2297 29 47
2298 67 132
2299 99 125
2300 116 147
2301 34 154
2302 118 139
2303 53 89
2304 36 39
2305 1 67
2306 57 158
2307 94 160
2308 41 52
2309 148 150
2310 78 83
2311 26 125
2312 103 121
2313 17 67
2314 42 93
2315 5 87
2316 10 98
2317 66 71
2318 12 143
2319 105 160
2320 87 112
2321 91 117
2322 20 63
2323 96 120
2324 45 81
2325 84 92
2326 138 142
2327 93 154
2328 21 24
2329 95 97
2330 80 113
2331 7 21
2332 63 72
2333 29 40
2334 33 45
2335 16 35
2336 36 46
2337 92 131
2338 78 90
2339 81 150
2340 151 160
2341 27 126
2342 104 134
2343 15 26
2344 5 80
2345 66 94
2346 108 146
2347 62 146
2348 84 91
2349 140 149
2350 90 142
2351 1 44
2352 57 63
2353 3 151
2354 95 110
2355 99 107
2356 7 18
2357 48 65
2358 11 87
2359 12 95
2360 29 33
2361 33 38
2362 16 26
2363 69 154
2364 73 95
2365 104 126
2366 92 154
2367 94 146
2368 59 156
2369 78 93
2370 79 81
2371 81 143
2372 9 13
2373 17 61
2374 37 50
2375 77 91
2376 24 25
2377 5 89
2378 42 79
2379 80 150
2380 45 50
2381 83 131
2382 31 99
2383 35 100
2384 108 137
2385 111 140
2386 3 15
2387 59 122
2388 114 160
2389 25 62
2390 62 149
2391 120 124
2392 84 98
2393 49 128
2394 32 88
2395 85 92
2396 90 137
2397 57 64
2398 3 156
2399 4 22
2400 21 42
2401 80 111
2402 26 39
2403 7 11
2404 16 17
2405 92 145
2406 94 149
2407 41 47
2408 22 27
2409 79 94
2410 8 160
2411 7 152
2412 27 76
2413 81 128
2414 108 113
2415 112 116
2416 113 122
2417 77 84
2418 80 141
2419 6 80
2420 136 143
2421 155 160
2422 66 80
2423 72 151
2424 15 153
2425 1 141
2426 111 149
2427 23 105
2428 62 156
2429 120 131
2430 121 123
2431 70 76
2432 90 144
2433 1 62
2434 57 73
2435 3 133
2436 4 29
2437 100 105
2438 11 69
2439 29 51
2440 50 152
2441 33 48
2442 125 127
2443 119 140
2444 30 50
2445 103 157
2446 106 131
2447 109 118
2448 113 115
2449 58 155
2450 42 49
2451 80 132
2452 133 134
2453 67 75
2454 30 93
2455 105 156
2456 111 146
2457 3 125
2458 4 117
2459 60 122
2460 26 134
2461 62 135
2462 121 124
2463 84 112
2464 32 86
2465 14 42
2466 70 71
2467 71 79
2468 89 107
2469 57 82
2470 58 64
2471 21 60
2472 115 145
2473 80 93
2474 43 99
2475 26 41
2476 99 158
2477 28 130
2478 12 68
2479 69 117
2480 72 124
2481 54 60
2482 75 153
2483 93 111
2484 94 135
2485 131 155
2486 61 70
2487 30 53
2488 88 92
2489 16 158
2490 34 40
2491 109 111
2492 37 45
2493 62 63
2494 49 90
2495 105 133
2496 107 153
2497 55 68
2498 3 98
2499 23 127
2500 85 119
2501 87 130
2502 89 108
2503 18 80
2504 1 8
2505 57 91
2506 58 75
2507 21 69
2508 76 145
2509 5 155
2510 80 84
2511 26 48
2512 99 135
2513 115 150
2514 12 67
2515 124 133
2516 142 145
2517 73 123
2518 54 55
2519 5 44
2520 61 95
2521 62 87
2522 9 41
2523 154 156
2524 84 160
2525 34 35
2526 15 71
2527 17 25
2528 19 128
2529 112 153
2530 130 133
2531 60 153
2532 82 138
2533 135 148
2534 85 143
2535 40 85
2536 39 135
2537 97 132
2538 25 26
2539 8 126
2540 64 75
2541 134 153
2542 122 132
2543 85 112
2544 32 100
2545 33 106
2546 87 155
2547 89 117
2548 109 138
2549 146 148
2550 57 92
2551 96 129
2552 4 10
2553 26 59
2554 44 97
2555 29 30
2556 124 156
2557 72 106
2558 53 136
2559 19 24
2560 37 78
2561 75 151
2562 93 97
2563 94 113
2564 5 21
2565 78 128
2566 62 94
2567 9 82
2568 10 160
2569 97 102
2570 98 108
2571 30 39
2572 17 18
2573 112 144
2574 76 110
2575 130 156
2576 23 28
2577 135 141
2578 101 114
2579 49 84
2580 157 160
2581 107 151
2582 64 66
2583 120 159
2584 33 99
2585 89 126
2586 18 66
2587 1 26
2588 76 135
2589 152 154
2590 121 128
2591 124 155
2592 128 131
2593 2 59
2594 93 122
2595 97 127
2596 5 30
2597 98 103
2598 62 65
2599 27 33
2600 100 156
2601 119 144
2602 156 158
2603 30 46
2604 86 91
2605 103 129
2606 34 53
2607 112 151
2608 77 113
2609 24 67
2610 25 123
2611 6 55
2612 81 118
2613 82 124
2614 135 138
2615 102 123
2616 49 77
2617 50 85
2618 31 53
2619 14 151
2620 88 160
2621 144 146
2622 18 42
2623 74 95
2624 38 41
2625 26 154
2626 48 131
2627 33 100
2628 73 157
2629 2 131
2630 96 159
2631 44 87
2632 7 93
2633 83 84
2634 53 154
2635 4 143
2636 5 7
2637 61 106
2638 62 72
2639 27 38
2640 10 82
2641 98 126
2642 100 155
2643 15 82
2644 55 59
2645 59 60
2646 132 158
2647 25 124
2648 6 46
2649 81 111
2650 82 119
2651 85 154
2652 31 50
2653 14 158
2654 4 80
2655 23 131
2656 64 80
2657 65 70
2658 11 14
2659 1 20
2660 2 154
2661 98 134
2662 44 78
2663 27 142
2664 83 93
2665 46 83
2666 11 159
2667 2 13
2668 78 149
2669 98 121
2670 62 115
2671 100 130
2672 29 154
2673 47 48
2674 87 89
2675 125 134
2676 15 91
2677 20 22
2678 21 128
2679 77 99
2680 132 133
2681 25 69
2682 6 33
2683 101 109
2684 13 81
2685 106 120
2686 126 127
2687 18 28
2688 40 49
2689 4 95
2690 23 152
2691 8 26
2692 43 44
2693 45 139
2694 122 152
2695 54 123
2696 57 120
2697 39 56
2698 78 109
2699 98 129
2700 46 90
2701 69 91
2702 124 160
2703 15 51
2704 126 132
2705 56 64
2706 2 4
2707 94 109
2708 24 41
2709 5 9
2710 61 124
2711 62 122
2712 98 112
2713 10 68
2714 118 119
2715 31 147
2716 86 108
2717 125 159
2718 15 160
2719 35 84
2720 54 133
2721 114 144
2722 59 74
2723 79 135
2724 81 89
2725 32 40
2726 31 32
2727 107 115
2728 141 149
2729 35 37
2730 18 23
2731 110 156
2732 39 160
2733 4 70
2734 11 60
2735 32 135
2736 89 90
2737 70 148
2738 1 102
2739 39 49
2740 78 116
2741 26 102
2742 7 72
2743 83 107
2744 121 156
2745 47 81
2746 12 21
2747 68 74
2748 123 128
2749 36 147
2750 56 71
2751 93 94
2752 24 48
2753 42 102
2754 6 128
2755 137 138
2756 87 111
2757 34 89
2758 59 67
2759 79 140
2760 81 82
2761 102 103
2762 32 47
2763 141 142
2764 35 42
2765 91 153
2766 38 85
2767 4 77
2768 42 152
2769 9 158
2770 39 46
2771 95 157
2772 79 119
2773 8 151
2774 26 97
2775 27 149
2776 46 100
2777 83 112
2778 123 153
2779 13 154
2780 151 159
2781 41 81
2782 6 123
2783 9 120
2784 67 123
2785 139 147
2786 89 138
2787 91 97
2788 54 151
2789 56 61
2790 60 74
2791 23 54
2792 79 149
2793 82 91
2794 46 141
2795 138 146
2796 32 38
2797 70 119
2798 71 127
2799 74 122
2800 75 120
2801 39 86
2802 4 52
2803 42 131
2804 95 117
2805 8 15
2806 7 41
2807 29 92
2808 67 153
2809 53 86
2810 36 50
2811 54 76
2812 8 158
2813 27 106
2814 44 50
2815 48 53
2816 123 158
2817 88 108
2818 71 157
2819 36 129
2820 2 17
2821 24 62
2822 42 104
2823 9 97
2824 102 134
2825 67 96
2826 12 154
2827 89 147
2828 92 104
2829 20 42
2830 60 65
2831 88 138
2832 91 151
2833 40 45
2834 116 149
2835 63 69
2836 48 93
2837 29 85
2838 67 158
2839 16 54
2840 54 71
2841 1 73
2842 92 142
2843 41 50
2844 95 131
2845 81 155
2846 88 115
2847 33 131
2848 16 69
2849 17 73
2850 126 160
2851 20 66
2852 42 83
2853 5 109
2854 61 128
2855 136 148
2856 10 120
2857 12 145
2858 15 132
2859 127 131
2860 111 112
2861 96 98
2862 45 87
2863 84 86
2864 32 52
2865 50 98
2866 88 145
2867 71 109
2868 93 128
2869 38 126
2870 21 30
2871 39 68
2872 80 123
2873 95 123
2874 8 61
2875 99 124
2876 63 66
2877 48 84
2878 29 46
2879 33 43
2880 53 88
2881 57 157
2882 59 129
2883 78 80
2884 26 122
2885 12 57
2886 103 120
2887 20 73
2888 76 94
2889 5 86
2890 61 153
2891 136 155
2892 66 68
2893 67 110
2894 12 136
2895 13 22
2896 87 115
2897 91 116
2898 96 121
2899 23 93
2900 84 93
2901 138 143
2902 71 106
2903 1 42
2904 74 151
2905 95 96
2906 99 101
2907 7 20
2908 63 75
2909 11 81
2910 29 39
2911 104 120
2912 33 44
2913 36 47
2914 1 91
2915 2 75
2916 59 134
2917 78 91
2918 81 149
2919 9 11
2920 84 134
2921 41 77
2922 80 144
2923 10 106
2924 13 15
2925 86 154
2926 92 117
2927 3 9
2928 25 52
2929 140 150
2930 88 159
2931 90 143
2932 18 109
2933 57 62
2934 39 122
2935 95 105
2936 99 106
2937 7 13
2938 118 154
2939 29 32
2940 33 37
2941 16 27
2942 1 92
2943 129 135
2944 94 147
2945 59 159
2946 79 80
2947 26 76
2948 9 12
2949 10 130
2950 117 141
2951 103 110
2952 106 158
2953 15 98
2954 37 49
2955 38 129
2956 77 90
2957 24 26
2958 5 88
2959 136 137
2960 45 49
2961 63 155
2962 83 130
2963 55 120
2964 111 143
2965 3 14
2966 25 61
2967 8 67
2968 120 125
2969 49 135
2970 32 89
2971 33 77
2972 85 91
2973 70 74
2974 90 150
2975 140 141
2976 74 153
2977 57 71
2978 38 99
2979 3 159
2980 4 23
2981 21 41
2982 47 147
2983 105 120
2984 50 158
2985 16 18
2986 92 146
2987 94 154
2988 41 46
2989 22 24
2990 5 48
2991 79 89
2992 81 135
2993 7 155
2994 9 53
2995 10 141
2996 106 153
2997 51 69
2998 108 114
2999 112 117
3000 77 83
3001 24 97
3002 5 65
3003 133 156
3004 67 69
3005 30 91
3006 86 148
3007 37 139
3008 111 148
3009 39 155
3010 62 157
3011 120 132
3012 121 122
3013 87 143
3014 71 81
3015 74 128
3016 57 72
3017 58 70
3018 21 50
3019 3 132
3020 4 30
3021 39 104
3022 99 152
3023 100 106
3024 115 139
3025 118 148
3026 11 68
3027 29 50
3028 104 109
3029 125 126
3030 54 58
3031 61 76
3032 117 159
3033 153 160
3034 119 143
3035 30 51
3036 16 152
3037 34 46
3038 109 117
3039 56 127
3040 60 132
3041 80 133
3042 82 153
3043 67 74
3044 72 159
3045 3 124
3046 60 123
3047 84 113
3048 85 109
3049 32 87
3050 143 150
3051 58 65
3052 76 155
3053 4 5
3054 80 94
3055 115 144
3056 26 54
3057 99 129
3058 28 131
3059 105 106
3060 68 122
3061 142 143
3062 109 145
3063 54 61
3064 56 151
3065 22 42
3066 5 34
3067 61 69
3068 84 154
3069 88 93
3070 34 41
3071 37 44
3072 60 131
3073 10 14
3074 49 89
3075 85 133
3076 31 89
3077 55 71
3078 111 154
3079 97 130
3080 23 126
3081 62 143
3082 14 50
3083 89 115
3084 1 15
3085 146 154
3086 58 72
3087 76 146
3088 4 12
3089 5 154
3090 80 85
3091 99 134
3092 7 113
3093 28 154
3094 46 52
3095 12 124
3096 124 134
3097 142 150
3098 53 142
3099 73 122
3100 58 59
3101 94 143
3102 5 43
3103 61 94
3104 7 134
3105 154 157
3106 17 24
3107 112 154
3108 77 126
3109 13 44
3110 18 57
3111 3 106
3112 97 155
3113 64 76
3114 120 153
3115 134 158
3116 11 26
3117 122 133
3118 50 51
3119 14 53
3120 87 154
3121 109 137
3122 146 149
3123 58 83
3124 76 137
3125 4 11
3126 96 130
3127 26 56
3128 7 110
3129 11 107
3130 50 130
3131 68 104
3132 16 126
3133 124 157
3134 19 27
3135 94 118
3136 4 154
3137 5 20
3138 97 101
3139 62 95
3140 98 109
3141 119 154
3142 30 36
3143 77 119
3144 42 43
3145 82 130
3146 135 140
3147 50 91
3148 107 150
3149 18 48
3150 3 83
3151 4 99
3152 97 156
3153 65 75
3154 11 19
3155 87 147
3156 89 125
3157 53 111
3158 18 67
3159 1 25
3160 73 155
3161 76 128
3162 96 153
3163 110 112
3164 152 155
3165 44 89
3166 128 132
3167 22 63
3168 5 29
3169 97 126
3170 62 70
3171 98 100
3172 119 147
3173 156 159
3174 29 135
3175 30 47
3176 86 88
3177 34 50
3178 15 84
3179 18 152
3180 35 160
3181 55 61
3182 25 122
3183 6 52
3184 81 117
3185 82 125
3186 10 59
3187 102 120
3188 85 144
3189 31 52
3190 107 143
3191 144 147
3192 35 49
3193 74 92
3194 110 136
3195 38 46
3196 4 106
3197 23 133
3198 26 155
3199 43 49
3200 62 160
3201 65 76
3202 122 151
3203 70 160
3204 1 18
3205 25 148
3206 83 87
3207 11 153
3208 126 155
3209 36 103
3210 77 152
3211 4 136
3212 22 54
3213 6 156
3214 61 105
3215 62 73
3216 78 147
3217 100 132
3218 29 128
3219 137 150
3220 15 93
3221 55 58
3222 112 143
3223 3 48
3224 59 63
3225 24 75
3226 25 67
3227 132 159
3228 155 157
3229 50 77
3230 106 126
3231 4 81
3232 23 130
3233 8 20
3234 65 69
3235 122 158
3236 32 138
3237 70 155
3238 54 97
3239 2 155
3240 115 117
3241 78 107
3242 83 92
3243 46 80
3244 11 158
3245 68 69
3246 69 81
3247 16 99
3248 126 130
3249 2 10
3250 94 107
3251 5 15
3252 6 151
3253 61 98
3254 9 68
3255 27 62
3256 102 155
3257 47 51
3258 31 149
3259 87 88
3260 125 133
3261 20 23
3262 3 57
3263 114 150
3264 132 134
3265 23 42
3266 25 68
3267 82 111
3268 101 108
3269 102 106
3270 91 138
3271 40 50
3272 3 70
3273 4 88
3274 43 47
3275 122 153
3276 14 17
3277 70 146
3278 54 120
3279 57 127
3280 39 59
3281 78 114
3282 98 158
3283 26 28
3284 27 134
3285 46 91
3286 11 151
3287 68 76
3288 15 50
3289 126 133
3290 56 65
3291 55 155
3292 2 5
3293 77 138
3294 24 42
3295 5 8
3296 61 123
3297 122 123
3298 31 146
3299 86 109
3300 52 53
3301 35 87
3302 125 158
3303 3 62
3304 23 35
3305 81 88
3306 82 102
3307 102 109
3308 32 41
3309 31 35
3310 107 114
3311 70 122
3312 35 36
3313 18 20
3314 91 131
3315 141 148
3316 38 83
3317 147 149
3318 11 63
3319 122 160
3320 14 24
3321 53 67
3322 1 101
3323 39 48
3324 95 151
3325 98 153
3326 114 115
3327 26 103
3328 12 22
3329 68 75
3330 123 131
3331 15 59
3332 56 72
3333 77 131
3334 42 103
3335 5 113
3336 64 152
3337 87 110
3338 89 128
3339 91 107
3340 127 151
3341 59 66
3342 60 76
3343 6 16
3344 79 143
3345 68 156
3346 31 40
3347 35 45
3348 8 9
3349 9 157
3350 48 160
3351 70 140
3352 36 52
3353 54 74
3354 39 41
3355 95 156
3356 79 118
3357 44 52
3358 151 158
3359 83 115
3360 47 89
3361 12 13
3362 123 152
3363 69 76
3364 75 160
3365 41 80
3366 42 110
3367 67 122
3368 12 156
3369 139 146
3370 34 81
3371 127 156
3372 56 62
3373 20 44
3374 3 44
3375 21 154
3376 60 75
3377 23 49
3378 79 148
3379 82 88
3380 46 146
3381 138 147
3382 32 39
3383 50 113
3384 68 155
3385 70 116
3386 75 123
3387 38 77
3388 93 141
3389 116 143
3390 9 134
3391 29 91
3392 16 48
3393 53 85
3394 36 51
3395 95 133
3396 8 159
3397 26 105
3398 44 51
3399 88 109
3400 51 99
3401 19 74
3402 41 89
3403 61 134
3404 9 96
3405 10 126
3406 12 155
3407 31 137
3408 89 146
3409 127 133
3410 3 21
3411 60 66
3412 82 83
3413 28 59
3414 88 139
3415 70 111
3416 93 134
3417 20 154
3418 39 78
3419 40 46
3420 113 133
3421 116 150
3422 8 55
3423 63 68
3424 29 84
3425 67 129
3426 54 68
3427 92 143
3428 57 155
3429 41 49
3430 95 130
3431 81 154
3432 8 134
3433 9 24
3434 88 116
3435 52 154
3436 15 22
3437 20 67
3438 5 108
3439 61 159
3440 136 149
3441 66 74
3442 67 104
3443 12 146
3444 13 28
3445 86 137
3446 34 99
3447 87 117
3448 89 155
3449 127 130
3450 20 50
3451 3 26
3452 111 115
3453 79 154
3454 45 86
3455 84 87
3456 32 53
3457 50 99
3458 14 69
3459 88 146
3460 93 159
3461 21 29
3462 39 71
3463 80 124
3464 95 122
3465 118 137
3466 48 85
3467 11 91
3468 29 45
3469 67 134
3470 57 156
3471 78 81
3472 81 147
3473 26 123
3474 27 123
3475 104 129
3476 103 123
3477 52 97
3478 42 91
3479 5 85
3480 10 96
3481 66 69
3482 30 103
3483 13 21
3484 86 128
3485 87 114
3486 96 122
3487 60 80
3488 23 92
3489 26 160
3490 116 117
3491 84 94
3492 138 140
3493 1 41
3494 93 152
3495 22 156
3496 95 99
3497 99 100
3498 100 126
3499 63 74
3500 11 80
3501 29 38
3502 104 121
3503 33 35
3504 34 147
3505 53 160
3506 36 40
3507 59 153
3508 78 88
3509 81 148
3510 9 10
3511 84 135
3512 52 104
3513 77 160
3514 5 94
3515 6 100
3516 13 14
3517 31 100
3518 108 140
3519 3 8
3520 25 59
3521 62 144
3522 65 156
3523 90 140
3524 74 159
3525 57 61
3526 3 153
3527 95 104
3528 44 128
3529 7 12
3530 99 109
3531 100 101
3532 11 73
3533 33 36
3534 16 28
3535 72 73
3536 56 131
3537 92 148
3538 2 67
3539 94 144
3540 59 158
3541 129 134
3542 79 83
3543 26 77
3544 81 141
3545 10 131
3546 103 105
3547 106 159
3548 108 116
3549 37 48
3550 38 134
3551 58 151
3552 76 77
3553 24 27
3554 77 89
3555 6 95
3556 136 138
3557 45 48
3558 49 53
3559 30 81
3560 67 95
3561 86 146
3562 108 139
3563 39 157
3564 59 124
3565 25 60
3566 8 68
3567 62 155
3568 120 126
3569 85 90
3570 140 142
3571 70 75
3572 71 91
3573 74 134
3574 57 70
3575 3 158
3576 4 16
3577 118 146
3578 16 19
3579 92 147
3580 41 45
3581 22 25
3582 5 63
3583 59 151
3584 79 88
3585 7 154
3586 106 134
3587 108 115
3588 112 118
3589 77 82
3590 42 52
3591 80 143
3592 82 159
3593 63 131
3594 10 29
3595 83 138
3596 67 68
3597 30 88
3598 86 149
3599 72 153
3600 15 155
3601 60 125
3602 8 75
3603 62 130
3604 120 133
3605 84 107
3606 32 81
3607 18 92
3608 58 71
3609 80 88
3610 28 133
3611 11 71
3612 29 49
3613 48 113
3614 104 110
3615 54 59
3616 37 81
3617 94 130
3618 61 75
3619 26 95
3620 9 61
3621 30 48
3622 103 159
3623 34 47
3624 109 116
3625 58 153
3626 80 134
3627 105 130
3628 31 83
3629 55 73
3630 3 127
3631 24 152
3632 85 108
3633 87 135
3634 71 73
3635 109 150
3636 1 53
3637 74 136
3638 76 148
3639 143 145
3640 4 6
3641 26 55
3642 44 109
3643 99 128
3644 28 156
3645 11 124
3646 46 50
3647 68 123
3648 72 126
3649 55 160
3650 2 44
3651 75 155
3652 93 109
3653 94 133
3654 5 33
3655 61 68
3656 97 106
3657 84 155
3658 88 94
3659 34 38
3660 37 43
3661 58 160
3662 76 122
3663 60 156
3664 10 15
3665 158 159
3666 107 155
3667 18 63
3668 55 70
3669 3 100
3670 97 129
3671 85 117
3672 87 156
3673 89 114
3674 109 143
3675 1 14
3676 146 155
3677 58 73
3678 21 67
3679 4 13
3680 5 153
3681 25 128
3682 26 62
3683 44 100
3684 80 86
3685 46 53
3686 11 117
3687 124 135
3688 16 120
3689 53 141
3690 19 21
3691 94 140
3692 62 85
3693 7 129
3694 30 34
3695 19 130
3696 130 131
3697 77 125
3698 60 155
3699 135 150
3700 101 119
3701 85 141
3702 13 43
3703 107 144
3704 18 54
3705 40 87
3706 134 159
3707 122 130
3708 87 149
3709 53 101
3710 18 73
3711 1 7
3712 96 131
3713 26 57
3714 44 99
3715 30 154
3716 124 158
3717 16 127
3718 19 26
3719 2 62
3720 94 119
3721 97 100
3722 5 19
3723 98 106
3724 119 149
3725 29 141
3726 30 37
3727 77 118
3728 23 30
3729 6 50
3730 81 115
3731 82 131
3732 101 112
3733 135 143
3734 85 150
3735 31 78
3736 18 49
3737 38 52
3738 3 82
3739 64 68
3740 65 74
3741 28 122
3742 11 18
3743 29 100
3744 33 97
3745 87 146
3746 89 124
3747 53 110
3748 18 64
3749 1 24
3750 5 139
3751 25 146
3752 152 156
3753 121 134
3754 128 133
3755 2 57
3756 93 120
3757 97 125
3758 5 28
3759 6 154
3760 62 71
3761 78 137
3762 98 101
3763 119 146
3764 30 44
3765 86 89
3766 103 131
3767 16 133
3768 34 51
3769 18 153
3770 52 89
3771 55 60
3772 112 137
3773 77 111
3774 24 69
3775 6 53
3776 82 122
3777 102 121
3778 85 159
3779 144 148
3780 35 48
3781 38 47
3782 3 91
3783 43 48
3784 64 91
3785 65 67
3786 1 17
3787 21 94
3788 44 81
3789 27 139
3790 83 86
3791 46 78
3792 11 152
3793 12 106
3794 68 95
3795 69 87
3796 126 152
3797 93 113
3798 78 144
3799 61 104
3800 98 124
3801 10 80
3802 137 149
3803 47 53
3804 59 62
3805 60 160
3806 25 66
3807 81 109
3808 82 117
3809 155 156
3810 68 160
3811 75 94
3812 8 21
3813 45 144
3814 65 68
3815 122 159
3816 32 139
3817 14 15
3818 87 160
3819 1 106
3820 95 160
3821 98 132
3822 25 156
3823 115 116
3824 27 128
3825 46 81
3826 11 145
3827 68 70
3828 69 80
3829 16 100
3830 126 131
3831 2 11
3832 41 124
3833 5 14
3834 98 119
3835 62 113
3836 10 91
3837 47 50
3838 86 107
3839 125 132
3840 35 81
3841 18 139
3842 114 151
3843 23 37
3844 25 75
3845 101 107
3846 31 37
3847 18 26
3848 91 141
3849 38 89
3850 40 51
3851 113 152
3852 43 46
3853 8 28
3854 11 57
3855 29 79
3856 14 22
3857 1 99
3858 114 121
3859 78 115
3860 98 159
3861 7 77
3862 46 88
3863 12 24
3864 52 135
3865 15 61
3866 56 66
3867 19 54
3868 41 101
3869 5 119
3870 61 122
3871 125 157
3872 54 155
3873 59 76
3874 32 42
3875 31 34
3876 14 110
3877 50 124
3878 35 39
3879 18 21
3880 70 123
3881 75 76
3882 107 117
3883 141 147
3884 4 64
3885 147 148
3886 9 155
3887 28 94
3888 11 62
3889 70 138
3890 58 127
3891 39 51
3892 78 122
3893 7 74
3894 83 109
3895 46 99
3896 11 143
3897 123 130
3898 15 58
3899 56 73
3900 77 130
3901 24 50
3902 6 134
3903 153 159
3904 89 135
3905 34 87
3906 59 69
3907 82 94
3908 32 33
3909 31 43
3910 13 65
3911 14 113
3912 35 44
3913 68 157
3914 70 114
3915 8 10
3916 9 156
3917 63 81
3918 36 53
3919 54 75
3920 39 40
3921 95 159
3922 79 113
3923 8 153
3924 7 67
3925 44 53
3926 83 114
3927 47 88
3928 12 14
3929 123 155
3930 69 75
3931 16 73
3932 2 20
3933 41 87
3934 62 106
3935 9 126
3936 67 125
3937 12 157
3938 139 149
3939 91 99
3940 56 63
3941 127 159
3942 21 153
3943 60 68
3944 23 48
3945 25 94
3946 82 89
3947 45 99
3948 28 61
3949 46 147
3950 138 144
3951 70 117
3952 20 156
3953 99 112
3954 9 133
3955 63 94
3956 29 90
3957 67 155
3958 16 49
3959 53 84
3960 54 66
3961 73 160
3962 2 124
3963 95 132
3964 81 160
3965 9 22
3966 71 159
3967 36 131
3968 20 69
3969 6 112
3970 61 133
3971 62 109
3972 10 127
3973 102 132
3974 31 136
3975 86 119
3976 127 132
3977 92 106
3978 20 52
3979 111 117
3980 60 67
3981 23 73
3982 88 140
3983 70 108
3984 93 133
3985 40 47
3986 113 132
3987 95 124
3988 99 121
3989 63 71
3990 29 83
3991 67 128
3992 16 40
3993 53 93
3994 54 69
3995 41 48
3996 78 79
3997 104 155
3998 12 60
3999 88 117
4000 103 125
4001 42 81
4002 6 107
4003 136 150
4004 9 104
4005 10 102
4006 66 75
4007 87 116
4008 89 154
4009 91 113
4010 20 51
4011 96 100
4012 59 104
4013 111 114
4014 25 40
4015 45 85
