1 49 146
2 50 96
3 38 124
4 4 36
5 44 147
6 7 25
7 63 76
8 118 142
9 33 41
10 73 82
11 41 57
12 95 138
13 78 86
14 81 146
15 8 142
16 12 59
17 103 122
18 33 154
19 19 91
20 38 149
21 76 88
22 41 74
23 42 88
24 80 155
25 6 98
26 63 151
27 49 58
28 67 80
29 13 20
30 37 158
31 20 58
32 40 142
33 60 81
34 23 95
35 25 49
36 116 118
37 45 78
38 65 154
39 84 95
40 85 87
41 88 154
42 14 77
43 70 94
44 18 112
45 1 40
46 75 97
47 38 119
48 95 98
49 80 116
50 43 120
51 8 38
52 99 103
53 63 117
54 48 77
55 11 83
56 100 127
57 33 34
58 16 38
59 34 144
60 69 158
61 36 41
62 92 158
63 78 89
64 61 63
65 26 67
66 79 85
67 81 139
68 12 50
69 106 149
70 33 147
71 58 141
72 77 95
73 5 93
74 61 144
75 80 146
76 45 54
77 49 51
78 12 129
79 31 103
80 158 160
81 34 114
82 37 135
83 96 114
84 59 102
85 60 104
86 23 84
87 8 94
88 116 125
89 65 147
90 84 102
91 140 144
92 33 74
93 14 84
94 70 81
95 21 46
96 4 42
97 39 116
98 80 107
99 95 107
100 7 15
101 63 114
102 99 108
103 11 72
104 100 102
105 105 117
106 33 59
107 72 74
108 1 82
109 94 145
110 41 43
111 59 145
112 79 82
113 81 140
114 7 156
115 84 143
116 12 41
117 103 104
118 33 148
119 51 126
120 17 50
121 19 105
122 20 89
123 38 135
124 42 74
125 136 139
126 45 47
127 49 52
128 30 86
129 31 108
130 37 128
131 39 156
132 24 139
133 60 103
134 8 69
135 65 148
136 49 133
137 85 89
138 140 143
139 14 95
140 70 72
141 90 148
142 21 55
143 115 132
144 80 98
145 44 120
146 118 147
147 11 65
148 29 55
149 16 20
150 36 95
151 2 91
152 41 44
153 79 91
154 117 148
155 9 59
156 84 150
157 51 71
158 52 127
159 17 43
160 35 129
161 77 81
162 24 99
163 42 53
164 133 154
165 30 89
166 31 85
167 105 152
168 55 115
169 111 150
170 39 149
171 59 116
172 24 146
173 84 116
174 33 68
175 14 38
176 87 137
177 57 78
178 21 48
179 80 89
180 7 125
181 28 134
182 12 72
183 33 53
184 72 120
185 36 70
186 37 80
187 2 82
188 54 56
189 94 131
190 5 39
191 61 74
192 30 49
193 51 76
194 52 70
195 35 134
196 19 119
197 24 106
198 83 146
199 97 143
200 60 117
201 62 138
202 65 102
203 85 107
204 14 41
205 71 72
206 143 144
207 4 7
208 5 159
209 115 146
210 26 52
211 63 105
212 28 157
213 11 127
214 12 71
215 46 51
216 50 142
217 53 131
218 37 89
219 22 40
220 5 32
221 62 83
222 9 37
223 27 95
224 13 160
225 51 85
226 34 39
227 17 37
228 52 77
229 88 95
230 19 124
231 20 118
232 37 42
233 106 137
234 25 101
235 135 152
236 105 138
237 13 49
238 14 129
239 31 91
240 1 156
241 38 59
242 3 103
243 97 128
244 23 120
245 64 119
246 120 148
247 28 101
248 48 145
249 84 122
250 50 54
251 85 116
252 1 13
253 96 141
254 25 135
255 46 58
256 48 96
257 12 126
258 68 99
259 124 128
260 142 148
261 53 140
262 19 20
263 2 36
264 37 66
265 94 141
266 4 157
267 97 98
268 131 133
269 7 128
270 154 155
271 24 120
272 82 137
273 135 145
274 83 160
275 101 118
276 13 42
277 91 160
278 38 50
279 3 108
280 4 102
281 39 128
282 25 31
283 26 151
284 64 78
285 11 28
286 29 106
287 32 103
288 14 59
289 89 122
290 1 6
291 57 97
292 110 111
293 21 75
294 146 147
295 5 129
296 44 92
297 30 155
298 50 128
299 16 112
300 73 97
301 37 75
302 2 63
303 93 126
304 97 123
305 98 107
306 6 160
307 61 85
308 9 87
309 27 45
310 62 93
311 119 148
312 52 83
313 17 23
314 130 155
315 77 117
316 60 147
317 6 51
318 81 114
319 135 142
320 101 127
321 49 73
322 50 89
323 17 160
324 18 46
325 110 135
326 38 53
327 3 85
328 40 95
329 28 123
330 11 21
331 29 99
332 32 126
333 48 143
334 1 31
335 2 135
336 21 84
337 152 157
338 25 145
339 43 75
340 44 91
341 51 59
342 15 33
343 17 127
344 19 34
345 2 54
346 37 116
347 55 142
348 4 131
349 5 27
350 78 142
351 93 119
352 9 88
353 94 127
354 34 48
355 18 150
356 76 96
357 130 146
358 24 70
359 6 42
360 81 107
361 82 123
362 101 120
363 49 66
364 50 80
365 13 92
366 14 154
367 106 117
368 144 149
369 18 41
370 75 88
371 38 44
372 40 70
373 8 111
374 26 153
375 134 142
376 48 134
377 122 149
378 33 121
379 21 93
380 22 69
381 78 102
382 25 154
383 43 64
384 96 146
385 83 89
386 98 138
387 47 71
388 101 143
389 68 88
390 69 86
391 16 110
392 15 46
393 17 112
394 36 97
395 19 43
396 37 125
397 55 135
398 77 150
399 94 102
400 78 145
401 6 146
402 61 103
403 9 65
404 62 79
405 118 120
406 47 52
407 34 75
408 18 145
409 3 50
410 77 103
411 24 77
412 43 155
413 155 159
414 66 133
415 102 113
416 13 85
417 106 124
418 107 134
419 75 81
420 38 39
421 40 77
422 4 83
423 64 83
424 65 91
425 28 73
426 33 114
427 21 102
428 22 92
429 98 133
430 115 119
431 44 73
432 7 87
433 83 94
434 126 128
435 19 48
436 2 8
437 94 105
438 77 143
439 42 115
440 5 13
441 6 149
442 61 96
443 9 74
444 10 88
445 62 118
446 47 61
447 30 31
448 87 90
449 18 136
450 24 84
451 81 101
452 101 106
453 102 104
454 49 124
455 50 66
456 107 127
457 74 76
458 75 86
459 20 128
460 4 90
461 23 149
462 9 145
463 14 23
464 53 120
465 21 111
466 96 160
467 114 118
468 44 64
469 83 103
470 46 89
471 69 88
472 16 92
473 17 98
474 36 151
475 19 57
476 2 3
477 61 121
478 10 67
479 119 120
480 47 58
481 123 125
482 151 157
483 34 93
484 52 55
485 20 24
486 114 143
487 59 79
488 24 91
489 45 112
490 50 125
491 31 45
492 68 151
493 106 110
494 35 38
495 141 146
496 38 81
497 39 93
498 4 65
499 23 146
500 9 154
501 45 129
502 28 95
503 11 49
504 29 71
505 65 85
506 89 95
507 53 65
508 21 104
509 39 50
510 95 145
511 79 107
512 26 101
513 7 69
514 48 58
515 12 16
516 88 97
517 36 158
518 19 62
519 2 26
520 55 146
521 56 74
522 24 51
523 77 129
524 61 114
525 64 154
526 153 158
527 66 127
528 86 122
529 34 84
530 56 57
531 20 39
532 3 41
533 114 134
534 60 78
535 6 22
536 82 95
537 28 39
538 138 150
539 68 158
540 13 64
541 107 109
542 91 154
543 20 150
544 38 72
545 60 61
546 8 11
547 63 80
548 11 54
549 145 150
550 36 54
551 21 113
552 39 43
553 151 152
554 8 154
555 7 66
556 83 117
557 48 49
558 11 135
559 12 15
560 88 104
561 16 74
562 56 81
563 41 86
564 6 126
565 62 107
566 102 130
567 139 148
568 87 97
569 92 108
570 3 46
571 60 69
572 23 51
573 6 9
574 25 93
575 45 98
576 79 150
577 138 145
578 91 147
579 40 41
580 39 83
581 22 137
582 8 50
583 67 154
584 53 83
585 21 122
586 95 135
587 79 121
588 8 129
589 44 45
590 83 122
591 154 160
592 47 96
593 104 149
594 88 111
595 17 85
596 20 70
597 38 152
598 41 95
599 9 102
600 27 28
601 86 116
602 89 144
603 35 76
604 92 107
605 20 53
606 23 72
607 49 152
608 18 127
609 74 96
610 95 127
611 42 137
612 116 144
613 8 57
614 48 80
615 11 36
616 16 41
617 72 86
618 92 137
619 41 55
620 95 140
621 81 152
622 26 126
623 9 30
624 13 137
625 33 128
626 15 16
627 20 77
628 5 106
629 9 111
630 67 106
631 31 112
632 86 143
633 34 97
634 15 129
635 20 60
636 60 91
637 23 65
638 45 84
639 50 97
640 88 148
641 14 75
642 38 125
643 21 27
644 95 100
645 8 32
646 44 140
647 63 79
648 118 143
649 11 93
650 104 116
651 33 40
652 16 32
653 34 150
654 72 93
655 54 93
656 73 81
657 81 145
658 12 52
659 88 125
660 103 117
661 19 90
662 20 84
663 41 73
664 61 150
665 63 150
666 10 110
667 66 67
668 49 57
669 30 101
670 13 19
671 67 83
672 34 120
673 92 121
674 37 157
675 20 59
676 3 5
677 40 143
678 116 119
679 45 77
680 49 138
681 85 86
682 14 82
683 18 113
684 57 58
685 38 116
686 80 117
687 8 39
688 7 17
689 63 116
690 48 78
691 11 82
692 47 142
693 99 102
694 69 157
695 16 39
696 34 145
697 100 120
698 36 42
699 1 88
700 78 94
701 61 62
702 79 84
703 117 129
704 12 51
705 103 114
706 33 146
707 37 53
708 20 83
709 77 94
710 45 53
711 49 50
712 67 88
713 31 102
714 34 115
715 40 118
716 3 10
717 60 105
718 8 95
719 65 146
720 120 121
721 84 103
722 49 131
723 32 69
724 33 73
725 140 145
726 90 138
727 18 104
728 1 32
729 21 45
730 22 149
731 43 112
732 8 46
733 7 14
734 9 160
735 100 103
736 11 75
737 12 91
738 105 116
739 69 134
740 124 125
741 72 75
742 92 150
743 41 42
744 26 75
745 9 49
746 117 138
747 156 160
748 12 42
749 106 157
750 51 65
751 17 49
752 36 160
753 19 104
754 112 113
755 42 75
756 5 69
757 6 93
758 80 138
759 45 46
760 133 144
761 30 87
762 86 144
763 105 150
764 15 156
765 59 126
766 24 140
767 120 128
768 32 92
769 70 73
770 90 149
771 57 68
772 3 128
773 26 35
774 118 144
775 11 64
776 12 82
777 104 105
778 56 140
779 37 86
780 79 90
781 12 33
782 51 70
783 52 120
784 35 128
785 108 109
786 19 113
787 37 39
788 77 80
789 24 100
790 42 50
791 80 129
792 10 27
793 83 140
794 91 92
795 40 100
796 59 119
797 24 147
798 8 77
799 62 128
800 64 122
801 117 122
802 84 117
803 14 39
804 57 77
805 21 63
806 4 25
807 5 149
808 99 157
809 28 135
810 73 77
811 54 57
812 37 95
813 56 147
814 94 128
815 5 38
816 26 93
817 27 89
818 88 89
819 51 79
820 52 71
821 35 137
822 106 143
823 19 118
824 20 104
825 25 99
826 83 149
827 67 79
828 97 142
829 60 118
830 65 101
831 120 142
832 85 106
833 32 106
834 14 46
835 89 111
836 71 75
837 18 85
838 1 11
839 143 147
840 21 56
841 5 158
842 80 81
843 44 111
844 63 104
845 46 48
846 11 126
847 12 64
848 142 146
849 37 88
850 2 42
851 4 151
852 61 66
853 62 80
854 119 129
855 51 84
856 16 146
857 17 36
858 34 36
859 19 127
860 20 119
861 37 41
862 130 134
863 24 114
864 6 70
865 135 155
866 105 137
867 14 134
868 3 102
869 4 120
870 39 138
871 134 154
872 120 149
873 48 146
874 85 115
875 50 55
876 14 49
877 87 158
878 18 76
879 1 12
880 57 95
881 21 65
882 96 142
883 25 134
884 44 102
885 7 114
886 48 97
887 69 122
888 124 129
889 142 149
890 36 117
891 19 23
892 37 65
893 93 100
894 131 132
895 4 158
896 5 40
897 22 32
898 61 91
899 27 87
900 30 32
901 103 143
902 51 93
903 41 151
904 60 149
905 6 57
906 81 120
907 82 134
908 101 117
909 50 95
910 13 41
911 31 67
912 144 152
913 18 52
914 1 148
915 38 51
916 3 111
917 4 103
918 25 30
919 8 98
920 64 79
921 65 119
922 18 71
923 1 5
924 57 96
925 58 94
926 21 74
927 43 85
928 11 108
929 50 129
930 51 53
931 16 113
932 73 96
933 37 74
934 93 125
935 94 117
936 131 141
937 4 133
938 5 17
939 22 59
940 61 84
941 9 86
942 27 44
943 98 104
944 16 128
945 15 72
946 41 152
947 24 64
948 23 24
949 77 116
950 82 129
951 49 72
952 13 34
953 74 80
954 38 42
955 40 64
956 4 110
957 26 159
958 64 70
959 28 116
960 11 20
961 32 127
962 51 141
963 21 83
964 152 158
965 43 74
966 44 84
967 51 58
968 17 126
969 128 135
970 19 37
971 2 55
972 37 115
973 75 128
974 77 156
975 5 26
976 78 143
977 94 124
978 9 95
979 10 87
980 97 115
981 31 160
982 19 146
983 55 62
984 76 97
985 41 129
986 25 127
987 6 43
988 81 106
989 101 103
990 66 139
991 49 65
992 50 81
993 31 49
994 14 155
995 106 114
996 35 50
997 18 38
998 107 128
999 144 150
1000 3 93
1001 4 85
1002 8 16
1003 48 135
1004 11 13
1005 122 146
1006 33 120
1007 51 146
1008 110 126
1009 96 147
1010 22 90
1011 78 103
1012 25 153
1013 44 83
1014 46 76
1015 11 154
1016 68 89
1017 16 111
1018 15 41
1019 36 98
1020 19 42
1021 94 103
1022 41 121
1023 77 149
1024 78 150
1025 98 122
1026 62 76
1027 118 121
1028 47 55
1029 87 92
1030 34 72
1031 112 130
1032 41 138
1033 24 78
1034 23 46
1035 6 34
1036 77 102
1037 155 158
1038 50 72
1039 13 84
1040 14 98
1041 18 33
1042 3 66
1043 4 92
1044 45 142
1045 65 90
1046 53 126
1047 21 101
1048 115 118
1049 98 130
1050 79 100
1051 44 74
1052 47 79
1053 15 54
1054 126 129
1055 19 51
1056 2 9
1057 77 142
1058 5 12
1059 62 119
1060 27 51
1061 18 137
1062 24 85
1063 6 37
1064 81 100
1065 101 105
1066 102 105
1067 50 67
1068 13 77
1069 107 126
1070 18 24
1071 74 77
1072 20 129
1073 38 95
1074 4 91
1075 23 148
1076 8 30
1077 7 62
1078 65 83
1079 11 59
1080 14 20
1081 53 71
1082 114 119
1083 22 84
1084 26 27
1085 27 155
1086 83 102
1087 47 84
1088 52 129
1089 55 148
1090 24 45
1091 61 120
1092 102 145
1093 123 124
1094 31 159
1095 34 90
1096 18 128
1097 21 149
1098 59 78
1099 24 92
1100 23 60
1101 6 28
1102 79 131
1103 45 111
1104 28 41
1105 46 135
1106 141 145
1107 35 41
1108 18 19
1109 147 150
1110 38 86
1111 7 55
1112 45 128
1113 65 84
1114 32 155
1115 54 118
1116 21 119
1117 78 120
1118 79 106
1119 8 148
1120 7 68
1121 26 98
1122 44 56
1123 11 129
1124 12 17
1125 88 98
1126 98 148
1127 19 65
1128 2 27
1129 77 128
1130 24 52
1131 6 132
1132 62 97
1133 153 157
1134 66 124
1135 87 107
1136 34 85
1137 56 58
1138 60 79
1139 23 53
1140 81 86
1141 28 32
1142 68 159
1143 13 127
1144 107 108
1145 91 157
1146 38 73
1147 39 85
1148 60 62
1149 8 12
1150 63 83
1151 11 41
1152 34 138
1153 90 95
1154 53 73
1155 145 149
1156 21 112
1157 22 102
1158 39 42
1159 151 155
1160 44 55
1161 9 19
1162 83 116
1163 48 50
1164 16 75
1165 41 85
1166 24 59
1167 62 104
1168 9 124
1169 64 146
1170 12 159
1171 60 70
1172 25 92
1173 6 14
1174 79 145
1175 45 97
1176 14 126
1177 91 146
1178 93 138
1179 40 42
1180 39 82
1181 95 113
1182 8 51
1183 11 46
1184 67 157
1185 16 51
1186 72 80
1187 36 62
1188 22 121
1189 95 134
1190 79 120
1191 8 130
1192 44 46
1193 104 150
1194 33 142
1195 16 66
1196 17 84
1197 51 100
1198 19 79
1199 96 100
1200 42 84
1201 9 101
1202 10 125
1203 27 31
1204 139 140
1205 86 117
1206 35 79
1207 91 122
1208 40 130
1209 59 85
1210 23 75
1211 32 49
1212 14 65
1213 70 98
1214 74 97
1215 39 75
1216 80 120
1217 116 145
1218 8 58
1219 44 150
1220 63 65
1221 152 160
1222 11 39
1223 29 81
1224 32 160
1225 16 42
1226 34 156
1227 36 37
1228 1 77
1229 92 138
1230 41 54
1231 95 143
1232 26 127
1233 9 29
1234 10 149
1235 27 103
1236 12 62
1237 33 135
1238 15 19
1239 17 77
1240 56 96
1241 19 84
1242 20 78
1243 71 150
1244 41 71
1245 42 95
1246 9 110
1247 66 73
1248 30 99
1249 87 118
1250 15 128
1251 92 99
1252 20 61
1253 3 31
1254 59 106
1255 60 84
1256 23 64
1257 8 82
1258 45 83
1259 38 114
1260 4 38
1261 22 152
1262 95 103
1263 44 141
1264 116 152
1265 63 78
1266 48 72
1267 104 117
1268 16 33
1269 73 80
1270 41 63
1271 78 84
1272 81 144
1273 12 53
1274 13 129
1275 33 152
1276 103 116
1277 15 24
1278 19 93
1279 20 85
1280 58 128
1281 41 72
1282 5 82
1283 10 111
1284 49 56
1285 30 106
1286 13 18
1287 14 160
1288 34 121
1289 3 4
1290 59 99
1291 60 83
1292 23 89
1293 25 55
1294 84 89
1295 138 139
1296 88 156
1297 14 83
1298 18 110
1299 39 121
1300 95 108
1301 80 118
1302 25 160
1303 8 40
1304 7 16
1305 63 119
1306 48 79
1307 11 85
1308 12 93
1309 99 105
1310 69 156
1311 16 24
1312 104 124
1313 36 43
1314 1 95
1315 59 154
1316 78 95
1317 9 15
1318 12 44
1319 33 145
1320 37 52
1321 112 123
1322 5 91
1323 6 91
1324 80 148
1325 45 52
1326 10 22
1327 67 91
1328 86 158
1329 37 133
1330 3 13
1331 59 120
1332 60 106
1333 23 86
1334 117 119
1335 62 151
1336 64 109
1337 120 122
1338 84 96
1339 49 130
1340 32 70
1341 33 72
1342 140 146
1343 70 87
1344 90 139
1345 1 39
1346 57 66
1347 43 115
1348 99 110
1349 7 9
1350 124 126
1351 72 76
1352 36 82
1353 12 43
1354 103 106
1355 20 91
1356 58 146
1357 77 86
1358 42 72
1359 5 68
1360 133 159
1361 105 149
1362 31 110
1363 37 142
1364 59 113
1365 65 106
1366 120 129
1367 85 103
1368 32 93
1369 14 93
1370 70 78
1371 90 146
1372 18 96
1373 80 100
1374 26 32
1375 99 151
1376 63 101
1377 118 145
1378 29 53
1379 104 106
1380 16 22
1381 72 115
1382 73 75
1383 37 85
1384 131 144
1385 61 79
1386 117 146
1387 7 151
1388 10 137
1389 27 67
1390 84 144
1391 12 34
1392 106 133
1393 51 73
1394 17 41
1395 35 131
1396 108 110
1397 37 38
1398 113 125
1399 77 79
1400 24 101
1401 5 77
1402 6 85
1403 60 137
1404 133 152
1405 83 143
1406 31 87
1407 59 118
1408 24 148
1409 60 120
1410 84 118
1411 33 90
1412 14 36
1413 87 139
1414 71 77
1415 89 101
1416 143 149
1417 76 152
1418 21 62
1419 4 26
1420 5 148
1421 80 91
1422 44 113
1423 7 127
1424 115 143
1425 28 128
1426 11 120
1427 73 76
1428 54 62
1429 94 129
1430 22 23
1431 5 37
1432 26 90
1433 9 34
1434 27 88
1435 88 90
1436 51 78
1437 34 42
1438 17 34
1439 109 113
1440 20 105
1441 42 58
1442 135 157
1443 83 148
1444 31 92
1445 1 153
1446 60 119
1447 62 136
1448 64 114
1449 65 100
1450 120 143
1451 32 107
1452 50 61
1453 71 74
1454 143 146
1455 1 10
1456 5 157
1457 43 102
1458 27 160
1459 46 49
1460 11 113
1461 12 65
1462 50 140
1463 72 97
1464 53 129
1465 142 147
1466 37 71
1467 2 43
1468 61 65
1469 62 81
1470 9 43
1471 154 158
1472 103 145
1473 34 37
1474 52 79
1475 19 126
1476 37 40
1477 130 135
1478 60 159
1479 25 107
1480 135 154
1481 49 93
1482 85 129
1483 105 136
1484 18 58
1485 38 57
1486 64 73
1487 120 150
1488 48 147
1489 11 25
1490 85 114
1491 32 98
1492 50 52
1493 87 153
1494 90 111
1495 1 3
1496 146 150
1497 21 64
1498 4 8
1499 96 143
1500 7 109
1501 46 56
1502 50 135
1503 69 121
1504 19 22
1505 2 34
1506 4 159
1507 22 33
1508 7 130
1509 27 86
1510 15 66
1511 19 135
1512 20 127
1513 76 108
1514 77 122
1515 24 122
1516 101 116
1517 18 53
1518 38 48
1519 3 110
1520 25 29
1521 134 146
1522 65 118
1523 11 30
1524 51 135
1525 53 98
1526 18 68
1527 1 4
1528 58 95
1529 21 73
1530 44 94
1531 11 111
1532 30 153
1533 68 84
1534 51 52
1535 69 98
1536 53 147
1537 128 129
1538 93 124
1539 131 140
1540 97 121
1541 78 133
1542 61 83
1543 9 85
1544 119 150
1545 16 129
1546 15 75
1547 34 55
1548 24 65
1549 6 49
1550 82 126
1551 101 125
1552 13 33
1553 18 44
1554 55 81
1555 38 43
1556 4 111
1557 26 156
1558 64 71
1559 65 79
1560 28 117
1561 11 23
1562 51 140
1563 90 113
1564 152 159
1565 25 151
1566 43 77
1567 7 99
1568 44 85
1569 46 74
1570 121 139
1571 17 125
1572 128 152
1573 19 36
1574 93 117
1575 41 119
1576 97 114
1577 78 140
1578 62 74
1579 9 94
1580 10 84
1581 86 92
1582 34 78
1583 18 148
1584 55 57
1585 76 98
1586 41 128
1587 6 40
1588 81 105
1589 10 39
1590 101 102
1591 85 156
1592 50 78
1593 3 92
1594 4 86
1595 8 17
1596 11 12
1597 122 147
1598 32 119
1599 33 127
1600 2 156
1601 58 97
1602 21 91
1603 22 91
1604 96 148
1605 25 152
1606 44 76
1607 149 150
1608 83 91
1609 46 77
1610 69 84
1611 19 45
1612 94 100
1613 41 120
1614 77 148
1615 61 101
1616 62 77
1617 100 128
1618 10 95
1619 47 54
1620 86 87
1621 18 143
1622 41 137
1623 24 79
1624 23 41
1625 102 119
1626 50 73
1627 106 122
1628 14 99
1629 35 58
1630 40 79
1631 4 93
1632 64 85
1633 45 141
1634 28 75
1635 134 135
1636 67 160
1637 51 154
1638 14 18
1639 53 125
1640 1 111
1641 21 100
1642 114 125
1643 98 131
1644 115 121
1645 7 81
1646 83 96
1647 11 146
1648 47 78
1649 15 49
1650 17 111
1651 126 134
1652 19 50
1653 2 6
1654 41 97
1655 5 11
1656 100 143
1657 119 125
1658 125 129
1659 114 146
1660 23 38
1661 81 91
1662 101 104
1663 102 110
1664 107 113
1665 38 92
1666 40 54
1667 14 21
1668 2 110
1669 57 131
1670 39 55
1671 22 85
1672 78 118
1673 98 154
1674 114 116
1675 27 154
1676 46 95
1677 69 70
1678 16 94
1679 19 59
1680 24 46
1681 5 116
1682 42 120
1683 61 119
1684 9 113
1685 119 122
1686 66 98
1687 102 150
1688 123 127
1689 86 97
1690 153 155
1691 18 129
1692 21 148
1693 59 65
1694 23 63
1695 6 29
1696 81 92
1697 82 98
1698 49 107
1699 68 145
1700 13 69
1701 106 108
1702 70 126
1703 35 40
1704 141 144
1705 157 159
1706 39 95
1707 4 67
1708 42 154
1709 7 54
1710 63 85
1711 11 51
1712 32 156
1713 14 28
1714 53 79
1715 145 147
1716 78 121
1717 79 117
1718 8 149
1719 26 99
1720 44 57
1721 46 102
1722 11 128
1723 12 18
1724 13 156
1725 88 99
1726 16 85
1727 19 64
1728 24 53
1729 5 125
1730 153 156
1731 62 102
1732 66 125
1733 139 145
1734 86 120
1735 87 106
1736 52 56
1737 20 33
1738 40 149
1739 59 70
1740 43 128
1741 79 139
1742 81 85
1743 82 93
1744 138 148
1745 50 114
1746 13 126
1747 107 111
1748 91 156
1749 20 144
1750 39 84
1751 60 63
1752 8 13
1753 9 129
1754 67 151
1755 70 128
1756 53 72
1757 36 48
1758 90 92
1759 57 141
1760 145 148
1761 21 127
1762 79 114
1763 8 156
1764 26 106
1765 44 48
1766 48 51
1767 83 119
1768 151 154
1769 16 76
1770 17 82
1771 36 135
1772 56 83
1773 2 19
1774 24 60
1775 5 102
1776 6 124
1777 62 105
1778 9 99
1779 64 147
1780 102 128
1781 139 150
1782 127 152
1783 92 110
1784 3 16
1785 59 95
1786 25 35
1787 23 77
1788 6 15
1789 45 96
1790 46 150
1791 79 144
1792 82 84
1793 68 135
1794 14 127
1795 91 149
1796 75 127
1797 40 43
1798 21 23
1799 22 143
1800 39 77
1801 116 139
1802 7 36
1803 63 91
1804 11 33
1805 29 87
1806 67 156
1807 69 160
1808 72 81
1809 36 63
1810 2 123
1811 21 120
1812 22 126
1813 44 47
1814 9 27
1815 83 124
1816 46 112
1817 47 98
1818 88 113
1819 16 67
1820 15 21
1821 19 78
1822 20 64
1823 41 93
1824 5 111
1825 9 100
1826 27 30
1827 67 103
1828 91 125
1829 92 101
1830 127 129
1831 59 84
1832 32 50
1833 13 112
1834 14 70
1835 68 142
1836 93 130
1837 38 120
1838 80 121
1839 116 146
1840 7 29
1841 63 64
1842 11 38
1843 16 43
1844 36 38
1845 2 114
1846 148 149
1847 41 53
1848 95 142
1849 78 82
1850 26 124
1851 27 102
1852 103 126
1853 15 18
1854 17 76
1855 56 97
1856 20 79
1857 41 70
1858 5 104
1859 9 109
1860 10 101
1861 66 70
1862 67 108
1863 13 24
1864 91 114
1865 37 146
1866 20 62
1867 3 30
1868 60 85
1869 8 83
1870 4 39
1871 95 102
1872 8 34
1873 7 26
1874 44 142
1875 48 73
1876 11 95
1877 47 131
1878 104 118
1879 33 46
1880 16 34
1881 34 148
1882 72 95
1883 1 69
1884 41 62
1885 78 85
1886 104 133
1887 12 54
1888 13 128
1889 103 119
1890 17 69
1891 19 92
1892 45 58
1893 10 108
1894 63 144
1895 13 17
1896 35 124
1897 37 155
1898 55 97
1899 3 7
1900 59 98
1901 24 128
1902 84 90
1903 140 148
1904 13 98
1905 88 157
1906 70 93
1907 53 59
1908 18 111
1909 93 148
1910 39 120
1911 22 144
1912 80 119
1913 95 111
1914 8 41
1915 7 19
1916 63 118
1917 99 104
1918 104 125
1919 33 39
1920 69 155
1921 92 153
1922 79 86
1923 9 14
1924 84 131
1925 104 140
1926 106 144
1927 35 148
1928 71 135
1929 37 51
1930 20 93
1931 76 82
1932 5 90
1933 6 88
1934 45 51
1935 40 120
1936 3 12
1937 111 141
1938 23 81
1939 116 120
1940 64 110
1941 45 68
1942 65 144
1943 117 118
1944 49 129
1945 140 147
1946 14 91
1947 70 84
1948 90 136
1949 18 102
1950 1 38
1951 57 65
1952 3 157
1953 7 8
1954 48 71
1955 11 77
1956 12 85
1957 105 122
1958 124 127
1959 72 77
1960 1 87
1961 94 148
1962 59 146
1963 5 50
1964 79 95
1965 10 143
1966 12 36
1967 106 155
1968 108 112
1969 19 106
1970 77 85
1971 42 73
1972 5 67
1973 6 83
1974 80 140
1975 82 160
1976 10 30
1977 105 148
1978 108 135
1979 23 110
1980 117 127
1981 64 101
1982 65 105
1983 85 102
1984 32 94
1985 14 34
1986 90 147
1987 57 74
1988 3 130
1989 80 101
1990 100 104
1991 63 100
1992 28 138
1993 11 66
1994 118 150
1995 33 49
1996 16 23
1997 73 74
1998 37 84
1999 131 147
2000 61 78
2001 117 145
2002 84 145
2003 51 72
2004 108 111
2005 56 125
2006 77 78
2007 24 102
2008 42 48
2009 6 74
2010 60 138
2011 63 143
2012 10 25
2013 80 131
2014 83 142
2015 30 92
2016 13 60
2017 31 86
2018 133 135
2019 55 76
2020 40 102
2021 24 149
2022 8 79
2023 117 120
2024 84 119
2025 85 111
2026 14 37
2027 71 76
2028 143 148
2029 57 83
2030 21 61
2031 4 27
2032 115 142
2033 46 47
2034 12 75
2035 50 146
2036 69 118
2037 73 115
2038 36 65
2039 37 93
2040 129 148
2041 94 134
2042 26 91
2043 117 154
2044 30 52
2045 88 91
2046 51 81
2047 34 43
2048 17 33
2049 103 155
2050 109 112
2051 19 120
2052 20 106
2053 42 59
2054 60 129
2055 6 77
2056 13 53
2057 86 160
2058 3 99
2059 32 108
2060 50 58
2061 90 101
2062 18 83
2063 1 9
2064 57 84
2065 21 70
2066 5 156
2067 80 83
2068 63 106
2069 46 54
2070 12 66
2071 142 144
2072 36 72
2073 37 70
2074 2 40
2075 93 105
2076 61 64
2077 62 86
2078 9 42
2079 154 159
2080 52 72
2081 15 68
2082 19 129
2083 112 152
2084 130 132
2085 24 116
2086 25 106
2087 6 68
2088 135 149
2089 83 156
2090 85 128
2091 105 143
2092 13 46
2093 31 68
2094 1 145
2095 38 62
2096 3 104
2097 40 84
2098 23 117
2099 25 27
2100 64 74
2101 29 110
2102 32 99
2103 50 53
2104 14 55
2105 51 129
2106 159 160
2107 18 74
2108 1 2
2109 57 93
2110 21 79
2111 4 9
2112 46 57
2113 29 31
2114 30 151
2115 37 79
2116 93 98
2117 131 134
2118 22 38
2119 78 131
2120 27 41
2121 119 152
2122 51 95
2123 15 77
2124 20 120
2125 130 159
2126 77 121
2127 79 160
2128 50 93
2129 18 50
2130 38 49
2131 4 97
2132 23 114
2133 25 28
2134 64 65
2135 65 117
2136 28 127
2137 11 17
2138 29 103
2139 85 122
2140 14 62
2141 53 97
2142 21 72
2143 96 135
2144 44 95
2145 46 64
2146 11 110
2147 12 112
2148 68 85
2149 51 55
2150 124 154
2151 15 37
2152 53 146
2153 37 72
2154 93 123
2155 94 123
2156 131 143
2157 97 120
2158 5 31
2159 62 64
2160 9 84
2161 27 46
2162 119 145
2163 156 157
2164 86 90
2165 17 20
2166 77 114
2167 81 119
2168 82 127
2169 101 124
2170 49 78
2171 50 84
2172 85 146
2173 144 145
2174 55 80
2175 38 40
2176 3 86
2177 26 157
2178 65 78
2179 48 130
2180 32 113
2181 51 143
2182 2 130
2183 57 111
2184 21 81
2185 78 98
2186 43 76
2187 83 85
2188 46 75
2189 121 138
2190 12 111
2191 68 92
2192 15 34
2193 17 124
2194 19 39
2195 94 98
2196 77 154
2197 62 75
2198 9 93
2199 34 79
2200 18 149
2201 19 148
2202 55 56
2203 130 145
2204 59 61
2205 24 73
2206 6 41
2207 81 104
2208 102 125
2209 49 71
2210 50 79
2211 107 130
2212 35 52
2213 40 73
2214 4 87
2215 45 147
2216 11 15
2217 122 144
2218 33 126
2219 90 121
2220 21 90
2221 25 159
2222 44 77
2223 83 90
2224 121 147
2225 68 91
2226 15 43
2227 19 44
2228 37 122
2229 94 101
2230 41 127
2231 42 119
2232 77 147
2233 6 145
2234 62 114
2235 64 136
2236 10 92
2237 78 148
2238 47 49
2239 100 129
2240 18 140
2241 54 141
2242 20 21
2243 21 129
2244 77 100
2245 24 80
2246 43 156
2247 6 32
2248 101 110
2249 102 116
2250 50 70
2251 13 82
2252 91 136
2253 75 82
2254 40 48
2255 3 68
2256 8 25
2257 45 140
2258 28 68
2259 33 119
2260 14 19
2261 1 110
2262 114 122
2263 22 83
2264 98 128
2265 79 102
2266 26 30
2267 115 120
2268 46 85
2269 47 73
2270 17 110
2271 19 53
2272 2 7
2273 37 99
2274 41 96
2275 42 126
2276 5 10
2277 77 140
2278 62 117
2279 27 53
2280 98 115
2281 125 128
2282 18 135
2283 114 147
2284 6 27
2285 81 90
2286 102 111
2287 13 75
2288 107 112
2289 18 22
2290 74 75
2291 91 129
2292 40 55
2293 3 77
2294 4 69
2295 23 150
2296 65 81
2297 32 134
2298 89 91
2299 2 111
2300 114 117
2301 78 119
2302 79 111
2303 44 67
2304 27 157
2305 12 20
2306 123 129
2307 15 57
2308 56 70
2309 19 58
2310 2 30
2311 55 150
2312 93 95
2313 42 121
2314 61 118
2315 153 154
2316 10 78
2317 137 139
2318 123 126
2319 31 153
2320 34 88
2321 3 37
2322 59 64
2323 23 62
2324 81 83
2325 157 158
2326 50 120
2327 13 68
2328 14 114
2329 141 143
2330 17 129
2331 35 43
2332 74 114
2333 40 62
2334 7 49
2335 63 84
2336 11 50
2337 29 68
2338 89 92
2339 53 78
2340 145 146
2341 2 102
2342 21 117
2343 95 146
2344 79 116
2345 8 150
2346 44 58
2347 151 156
2348 47 95
2349 12 19
2350 69 78
2351 2 25
2352 62 103
2353 137 140
2354 139 144
2355 87 101
2356 34 83
2357 52 57
2358 20 34
2359 81 84
2360 28 34
2361 138 149
2362 50 115
2363 13 125
2364 68 153
2365 107 110
2366 91 159
2367 20 145
2368 8 14
2369 9 128
2370 11 43
2371 16 62
2372 1 113
2373 2 97
2374 57 140
2375 21 126
2376 95 155
2377 8 157
2378 9 17
2379 44 49
2380 46 110
2381 48 52
2382 83 118
2383 88 107
2384 51 97
2385 104 145
2386 19 72
2387 41 91
2388 24 61
2389 64 148
2390 35 72
2391 20 41
2392 3 19
2393 59 94
2394 60 64
2395 23 76
2396 6 12
2397 79 147
2398 14 124
2399 91 148
2400 75 126
2401 113 135
2402 22 140
2403 116 148
2404 11 32
2405 29 86
2406 67 159
2407 16 53
2408 72 82
2409 41 51
2410 95 128
2411 79 122
2412 9 26
2413 46 113
2414 16 68
2415 15 20
2416 19 81
2417 20 65
2418 5 110
2419 6 116
2420 9 107
2421 86 139
2422 127 128
2423 92 102
2424 111 113
2425 96 97
2426 60 95
2427 6 7
2428 79 152
2429 84 85
2430 70 96
2431 93 129
2432 21 31
2433 80 122
2434 116 147
2435 48 83
2436 36 39
2437 1 67
2438 148 150
2439 41 52
2440 78 83
2441 26 125
2442 33 133
2443 17 67
2444 19 86
2445 58 135
2446 76 93
2447 5 87
2448 9 108
2449 66 71
2450 13 23
2451 89 158
2452 91 117
2453 92 125
2454 20 63
2455 60 86
2456 8 84
2457 1 43
2458 93 154
2459 21 24
2460 4 32
2461 116 154
2462 44 143
2463 48 74
2464 104 119
2465 33 45
2466 34 149
2467 1 68
2468 78 90
2469 81 150
2470 26 68
2471 151 160
2472 103 118
2473 17 68
2474 19 95
2475 20 87
2476 41 78
2477 42 68
2478 45 57
2479 10 109
2480 49 62
2481 13 16
2482 35 127
2483 37 154
2484 40 114
2485 3 6
2486 55 96
2487 59 101
2488 23 91
2489 8 91
2490 64 104
2491 111 135
2492 84 91
2493 140 149
2494 88 158
2495 70 82
2496 53 58
2497 3 151
2498 21 33
2499 80 104
2500 95 110
2501 63 113
2502 48 65
2503 29 33
2504 33 38
2505 69 154
2506 1 93
2507 2 69
2508 78 93
2509 79 81
2510 81 143
2511 9 13
2512 84 140
2513 12 46
2514 106 145
2515 37 50
2516 38 128
2517 112 125
2518 77 91
2519 5 89
2520 80 150
2521 45 50
2522 63 152
2523 83 131
2524 49 55
2525 31 99
2526 86 156
2527 3 15
2528 59 122
2529 60 100
2530 23 80
2531 8 66
2532 62 149
2533 45 67
2534 28 29
2535 84 98
2536 49 128
2537 85 92
2538 116 121
2539 90 137
2540 18 103
2541 1 37
2542 57 64
2543 74 152
2544 3 156
2545 5 160
2546 7 11
2547 11 76
2548 29 58
2549 16 17
2550 59 149
2551 81 128
2552 8 160
2553 7 152
2554 27 76
2555 12 37
2556 51 66
2557 108 113
2558 20 101
2559 77 84
2560 24 96
2561 6 80
2562 133 157
2563 10 31
2564 155 160
2565 30 90
2566 55 118
2567 39 152
2568 24 143
2569 64 102
2570 65 104
2571 85 101
2572 14 35
2573 70 76
2574 90 144
2575 57 73
2576 3 133
2577 4 29
2578 80 102
2579 99 153
2580 100 105
2581 63 103
2582 28 139
2583 12 77
2584 33 48
2585 125 127
2586 37 83
2587 131 146
2588 61 77
2589 117 144
2590 119 140
2591 84 146
2592 30 50
2593 103 157
2594 51 75
2595 19 114
2596 42 49
2597 60 139
2598 6 75
2599 133 134
2600 63 142
2601 83 145
2602 13 59
2603 55 79
2604 3 125
2605 39 145
2606 24 150
2607 23 102
2608 60 122
2609 65 97
2610 33 88
2611 14 42
2612 70 71
2613 89 107
2614 74 138
2615 21 60
2616 80 93
2617 99 158
2618 12 68
2619 36 66
2620 94 135
2621 61 70
2622 26 88
2623 9 32
2624 27 90
2625 88 92
2626 34 40
2627 17 32
2628 35 138
2629 109 111
2630 6 66
2631 62 63
2632 83 150
2633 105 133
2634 13 52
2635 1 159
2636 97 131
2637 8 119
2638 26 129
2639 64 116
2640 65 122
2641 120 145
2642 85 119
2643 50 59
2644 33 81
2645 14 45
2646 1 8
2647 96 138
2648 80 84
2649 46 55
2650 142 145
2651 54 55
2652 37 69
2653 2 41
2654 93 104
2655 61 95
2656 62 87
2657 9 41
2658 154 156
2659 34 35
2660 52 73
2661 19 128
2662 20 114
2663 130 133
2664 24 117
2665 6 69
2666 82 138
2667 135 148
2668 85 143
2669 13 45
2670 55 93
2671 40 85
2672 3 107
2673 39 135
2674 23 116
2675 8 126
2676 25 26
2677 51 128
2678 14 52
2679 18 75
2680 146 148
2681 57 92
2682 21 78
2683 4 10
2684 44 97
2685 7 111
2686 46 62
2687 29 30
2688 12 122
2689 48 100
2690 68 111
2691 142 152
2692 19 24
2693 2 32
2694 37 78
2695 93 97
2696 22 39
2697 9 82
2698 51 94
2699 34 58
2700 76 110
2701 77 120
2702 60 144
2703 101 114
2704 157 160
2705 13 38
2706 18 51
2707 110 128
2708 38 54
2709 65 116
2710 48 140
2711 11 16
2712 29 102
2713 32 123
2714 53 96
2715 1 26
2716 58 93
2717 96 152
2718 22 79
2719 152 154
2720 43 86
2721 46 65
2722 11 97
2723 30 159
2724 68 86
2725 51 54
2726 16 116
2727 15 36
2728 69 96
2729 19 33
2730 131 142
2731 5 30
2732 61 81
2733 62 65
2734 9 91
2735 98 103
2736 100 156
2737 119 144
2738 156 158
2739 86 91
2740 52 95
2741 6 55
2742 81 118
2743 82 124
2744 102 123
2745 49 77
2746 85 145
2747 88 160
2748 106 118
2749 144 146
2750 18 42
2751 55 83
2752 38 41
2753 26 154
2754 65 77
2755 48 131
2756 122 150
2757 32 114
2758 58 100
2759 21 80
2760 22 70
2761 7 93
2762 83 84
2763 46 72
2764 11 102
2765 121 137
2766 19 38
2767 41 117
2768 4 143
2769 5 7
2770 61 106
2771 62 72
2772 9 92
2773 10 82
2774 27 38
2775 78 146
2776 98 126
2777 100 155
2778 15 82
2779 18 146
2780 3 49
2781 59 60
2782 24 74
2783 77 106
2784 6 46
2785 102 114
2786 49 70
2787 35 55
2788 18 37
2789 40 74
2790 4 80
2791 43 55
2792 8 19
2793 64 80
2794 11 14
2795 122 145
2796 54 96
2797 110 125
2798 58 111
2799 78 106
2800 43 68
2801 44 78
2802 98 134
2803 83 93
2804 11 159
2805 47 67
2806 19 47
2807 37 121
2808 55 131
2809 41 126
2810 42 116
2811 77 146
2812 78 149
2813 98 121
2814 9 69
2815 10 93
2816 47 48
2817 87 89
2818 54 130
2819 20 22
2820 21 128
2821 24 81
2822 132 133
2823 6 33
2824 101 109
2825 66 129
2826 49 127
2827 50 71
2828 102 117
2829 14 97
2830 106 120
2831 126 127
2832 18 28
2833 91 139
2834 38 91
2835 43 44
2836 64 87
2837 65 95
2838 28 69
2839 51 156
2840 14 16
2841 1 109
2842 57 120
2843 22 80
2844 26 31
2845 27 135
2846 47 72
2847 69 91
2848 15 51
2849 17 109
2850 19 52
2851 2 4
2852 5 9
2853 78 156
2854 9 78
2855 118 119
2856 102 157
2857 47 57
2858 114 144
2859 59 74
2860 79 135
2861 81 89
2862 49 112
2863 50 126
2864 31 32
2865 35 37
2866 18 23
2867 91 128
2868 39 160
2869 23 145
2870 65 80
2871 11 60
2872 32 135
2873 89 90
2874 53 68
2875 2 108
2876 21 107
2877 95 148
2878 78 116
2879 26 102
2880 27 156
2881 83 107
2882 46 93
2883 12 21
2884 123 128
2885 56 71
2886 19 61
2887 2 31
2888 93 94
2889 6 128
2890 61 117
2891 137 138
2892 66 96
2893 102 148
2894 86 103
2895 3 36
2896 21 146
2897 24 95
2898 23 57
2899 6 19
2900 25 87
2901 79 140
2902 81 82
2903 82 96
2904 102 103
2905 141 142
2906 17 128
2907 35 42
2908 74 115
2909 38 85
2910 40 63
2911 63 87
2912 11 53
2913 29 67
2914 32 158
2915 34 142
2916 53 77
2917 1 127
2918 2 103
2919 21 116
2920 22 98
2921 39 46
2922 79 119
2923 44 59
2924 98 147
2925 151 159
2926 46 100
2927 13 154
2928 36 154
2929 56 78
2930 2 22
2931 94 95
2932 102 143
2933 139 147
2934 52 58
2935 43 130
2936 6 10
2937 79 149
2938 28 35
2939 46 141
2940 49 98
2941 32 38
2942 13 124
2943 68 154
2944 138 146
2945 71 127
2946 91 158
2947 20 146
2948 38 76
2949 22 138
2950 39 86
2951 8 15
2952 7 41
2953 11 42
2954 67 153
2955 16 63
2956 34 137
2957 36 50
2958 57 147
2959 95 154
2960 26 104
2961 9 16
2962 27 106
2963 44 50
2964 46 111
2965 48 53
2966 83 121
2967 33 138
2968 51 96
2969 52 146
2970 104 146
2971 36 129
2972 19 75
2973 24 62
2974 6 114
2975 62 111
2976 9 97
2977 10 113
2978 64 149
2979 66 114
2980 12 154
2981 102 134
2982 87 125
2983 35 75
2984 20 42
2985 59 81
2986 60 65
2987 23 79
2988 6 13
2989 79 146
2990 65 138
2991 14 125
2992 93 135
2993 38 71
2994 39 79
2995 42 138
2996 116 149
2997 7 38
2998 48 93
2999 11 35
3000 29 85
3001 67 158
3002 34 128
3003 57 148
3004 41 50
3005 9 25
3006 104 153
3007 33 131
3008 16 69
3009 15 23
3010 19 80
3011 38 156
3012 9 106
3013 66 77
3014 89 148
3015 34 98
3016 91 127
3017 1 160
3018 37 151
3019 20 49
3020 55 109
3021 92 103
3022 96 98
3023 111 112
3024 127 131
3025 28 49
3026 84 86
3027 50 98
3028 88 145
3029 14 68
3030 70 97
3031 53 55
3032 75 118
3033 38 126
3034 39 68
3035 93 128
3036 44 145
3037 7 31
3038 48 84
3039 104 113
3040 33 43
3041 69 151
3042 1 66
3043 2 112
3044 41 59
3045 22 119
3046 59 129
3047 78 80
3048 81 156
3049 12 57
3050 103 120
3051 52 96
3052 17 66
3053 19 89
3054 63 149
3055 66 68
3056 67 110
3057 30 102
3058 13 22
3059 91 116
3060 59 111
3061 45 80
3062 14 79
3063 70 88
3064 1 42
3065 74 151
3066 4 33
3067 80 114
3068 95 96
3069 8 36
3070 99 101
3071 63 75
3072 47 141
3073 104 120
3074 16 36
3075 34 146
3076 1 91
3077 2 75
3078 92 156
3079 81 149
3080 26 69
3081 9 11
3082 84 134
3083 103 113
3084 33 157
3085 52 111
3086 17 59
3087 20 80
3088 41 77
3089 42 69
3090 5 95
3091 80 144
3092 45 56
3093 10 106
3094 63 146
3095 49 61
3096 67 87
3097 13 15
3098 31 101
3099 34 116
3100 86 154
3101 40 115
3102 3 9
3103 23 90
3104 64 105
3105 84 100
3106 140 150
3107 88 159
3108 90 143
3109 53 57
3110 57 62
3111 39 122
3112 4 40
3113 22 150
3114 80 105
3115 8 43
3116 7 13
3117 44 135
3118 99 106
3119 29 32
3120 105 119
3121 33 37
3122 59 159
3123 79 80
3124 26 76
3125 9 12
3126 103 110
3127 33 150
3128 17 60
3129 19 103
3130 37 49
3131 38 129
3132 77 90
3133 5 88
3134 133 147
3135 136 137
3136 45 49
3137 49 54
3138 105 145
3139 86 157
3140 37 130
3141 3 14
3142 60 101
3143 23 83
3144 8 67
3145 116 122
3146 45 66
3147 28 30
3148 65 150
3149 49 135
3150 85 91
3151 140 141
3152 70 74
3153 90 150
3154 57 71
3155 3 159
3156 39 115
3157 80 96
3158 7 10
3159 47 147
3160 105 120
3161 16 18
3162 36 93
3163 1 85
3164 2 93
3165 94 154
3166 41 46
3167 22 24
3168 129 152
3169 79 89
3170 26 87
3171 81 135
3172 117 150
3173 84 148
3174 12 38
3175 51 69
3176 52 125
3177 37 58
3178 20 102
3179 58 145
3180 77 83
3181 80 142
3182 6 81
3183 67 69
3184 40 97
3185 39 155
3186 59 114
3187 24 144
3188 64 103
3189 121 122
3190 84 106
3191 32 80
3192 33 70
3193 87 143
3194 70 77
3195 71 81
3196 90 145
3197 57 72
3198 21 50
3199 4 30
3200 80 103
3201 118 148
3202 63 102
3203 11 68
3204 29 50
3205 30 160
3206 33 55
3207 125 126
3208 36 68
3209 54 58
3210 56 144
3211 94 157
3212 153 160
3213 26 94
3214 119 143
3215 84 147
3216 51 74
3217 34 46
3218 15 112
3219 35 132
3220 52 68
3221 19 117
3222 56 127
3223 80 133
3224 6 72
3225 83 144
3226 13 58
3227 55 78
3228 85 109
3229 32 87
3230 33 95
3231 14 43
3232 143 150
3233 57 81
3234 58 65
3235 21 59
3236 4 5
3237 5 145
3238 39 97
3239 80 94
3240 63 111
3241 11 125
3242 12 69
3243 105 106
3244 69 116
3245 142 143
3246 37 91
3247 22 42
3248 5 34
3249 9 39
3250 84 154
3251 30 58
3252 103 149
3253 51 83
3254 34 41
3255 17 39
3256 106 139
3257 109 110
3258 19 122
3259 20 116
3260 37 44
3261 25 103
3262 6 67
3263 133 142
3264 10 14
3265 13 51
3266 31 89
3267 1 158
3268 55 71
3269 3 101
3270 4 125
3271 39 137
3272 60 114
3273 64 117
3274 120 146
3275 84 120
3276 85 118
3277 32 110
3278 50 56
3279 14 50
3280 18 81
3281 1 15
3282 58 72
3283 4 12
3284 5 154
3285 25 129
3286 44 107
3287 80 85
3288 46 52
3289 142 150
3290 53 142
3291 36 74
3292 37 68
3293 93 103
3294 5 43
3295 62 84
3296 154 157
3297 103 146
3298 52 74
3299 76 112
3300 41 146
3301 24 118
3302 77 126
3303 6 58
3304 1 151
3305 40 86
3306 23 119
3307 64 76
3308 65 114
3309 28 98
3310 11 26
3311 29 108
3312 32 101
3313 48 150
3314 14 53
3315 50 51
3316 51 131
3317 18 72
3318 89 116
3319 90 106
3320 146 149
3321 21 77
3322 4 11
3323 99 143
3324 7 110
3325 11 107
3326 16 126
3327 19 27
3328 37 77
3329 93 96
3330 78 129
3331 62 95
3332 9 81
3333 27 43
3334 34 59
3335 20 122
3336 130 157
3337 41 155
3338 42 43
3339 77 119
3340 101 113
3341 49 75
3342 50 91
3343 13 37
3344 38 55
3345 40 93
3346 4 99
3347 23 140
3348 134 145
3349 48 141
3350 11 19
3351 29 101
3352 32 124
3353 85 120
3354 14 60
3355 53 111
3356 109 130
3357 110 112
3358 76 128
3359 152 155
3360 30 156
3361 68 87
3362 51 57
3363 36 120
3364 37 118
3365 55 140
3366 41 115
3367 97 126
3368 5 29
3369 61 80
3370 62 70
3371 27 32
3372 98 100
3373 119 147
3374 29 135
3375 30 47
3376 86 88
3377 103 128
3378 34 50
3379 156 159
3380 19 145
3381 112 136
3382 41 156
3383 81 117
3384 101 122
3385 102 120
3386 49 76
3387 85 144
3388 13 94
3389 31 52
3390 106 119
3391 144 147
3392 38 46
3393 3 88
3394 4 106
3395 40 68
3396 43 49
3397 26 155
3398 28 112
3399 96 144
3400 78 96
3401 25 148
3402 44 80
3403 7 92
3404 98 140
3405 46 73
3406 121 136
3407 30 135
3408 51 62
3409 16 108
3410 128 155
3411 19 41
3412 37 127
3413 55 133
3414 77 152
3415 93 114
3416 5 6
3417 6 156
3418 61 105
3419 9 67
3420 62 73
3421 78 147
3422 94 96
3423 97 119
3424 98 127
3425 118 122
3426 34 77
3427 18 147
3428 19 150
3429 55 58
3430 59 63
3431 25 67
3432 10 34
3433 155 157
3434 49 69
3435 50 77
3436 35 54
3437 75 95
3438 40 75
3439 43 54
3440 64 81
3441 33 124
3442 54 97
3443 1 107
3444 22 94
3445 98 135
3446 25 157
3447 43 71
3448 7 85
3449 44 79
3450 115 117
3451 68 69
3452 15 53
3453 19 46
3454 2 10
3455 37 120
3456 41 125
3457 42 117
3458 5 15
3459 55 130
3460 64 138
3461 77 145
3462 10 90
3463 78 154
3464 47 51
3465 98 118
3466 102 155
3467 87 88
3468 34 68
3469 18 138
3470 54 131
3471 20 23
3472 3 57
3473 114 150
3474 132 134
3475 6 38
3476 81 103
3477 102 106
3478 49 126
3479 50 68
3480 31 58
3481 106 121
3482 107 125
3483 38 88
3484 4 88
3485 28 70
3486 32 129
3487 14 17
3488 54 120
3489 1 108
3490 114 120
3491 22 81
3492 78 114
3493 79 96
3494 26 28
3495 44 70
3496 115 122
3497 149 156
3498 17 108
3499 19 55
3500 2 5
3501 77 138
3502 42 124
3503 5 8
3504 78 157
3505 62 123
3506 9 77
3507 27 55
3508 64 129
3509 47 56
3510 102 146
3511 119 126
3512 34 95
3513 52 53
3514 114 145
3515 59 77
3516 24 89
3517 46 128
3518 102 109
3519 50 127
3520 141 148
3521 35 36
3522 18 20
3523 147 149
3524 23 144
3525 45 131
3526 28 93
3527 65 87
3528 32 152
3529 14 24
3530 53 67
3531 54 115
3532 2 109
3533 57 128
3534 58 126
3535 114 115
3536 78 117
3537 8 145
3538 26 103
3539 27 159
3540 44 61
3541 47 80
3542 12 22
3543 48 56
3544 83 106
3545 52 141
3546 36 156
3547 19 60
3548 55 144
3549 77 131
3550 24 49
3551 5 113
3552 6 129
3553 61 116
3554 31 155
3555 34 86
3556 20 37
3557 59 66
3558 6 16
3559 79 143
3560 68 156
3561 13 66
3562 20 148
3563 4 78
3564 8 9
3565 7 51
3566 9 157
3567 63 86
3568 11 52
3569 67 147
3570 32 159
3571 16 57
3572 53 76
3573 39 41
3574 78 124
3575 79 118
3576 44 52
3577 151 158
3578 12 13
3579 88 102
3580 123 152
3581 17 94
3582 56 79
3583 41 80
3584 62 101
3585 10 119
3586 12 156
3587 87 103
3588 3 44
3589 23 49
3590 6 11
3591 79 148
3592 45 100
3593 28 60
3594 46 146
3595 49 97
3596 82 88
3597 138 147
3598 91 145
3599 38 77
3600 22 139
3601 42 128
3602 44 156
3603 7 40
3604 9 134
3605 99 113
3606 90 91
3607 36 51
3608 54 77
3609 57 146
3610 95 133
3611 44 51
3612 83 120
3613 48 54
3614 52 147
3615 24 63
3616 5 99
3617 6 115
3618 64 150
3619 67 99
3620 89 146
3621 35 74
3622 127 133
3623 59 80
3624 23 78
3625 25 32
3626 138 154
3627 14 66
3628 74 98
3629 75 112
3630 38 68
3631 93 134
3632 116 150
3633 44 155
3634 9 143
3635 11 34
3636 34 129
3637 54 68
3638 41 49
3639 95 130
3640 47 111
3641 16 70
3642 15 22
3643 36 137
3644 19 83
3645 56 93
3646 12 146
3647 91 126
3648 37 150
3649 20 50
3650 96 99
3651 59 105
3652 23 71
3653 46 156
3654 49 147
3655 32 53
3656 53 54
3657 21 29
3658 44 146
3659 7 30
3660 63 77
3661 47 135
3662 104 114
3663 33 42
3664 16 46
3665 54 95
3666 41 58
3667 22 116
3668 59 128
3669 78 81
3670 26 123
3671 81 147
3672 17 65
3673 56 100
3674 38 148
3675 76 95
3676 41 75
3677 5 85
3678 63 148
3679 66 69
3680 49 59
3681 12 137
3682 13 21
3683 30 103
3684 34 122
3685 35 120
3686 89 156
3687 91 119
3688 37 159
3689 60 80
3690 23 92
3691 26 160
3692 116 117
3693 45 79
3694 84 94
3695 138 140
3696 88 153
3697 4 34
3698 8 37
3699 99 100
3700 48 76
3701 47 140
3702 33 35
3703 16 37
3704 69 159
3705 36 40
3706 81 148
3707 9 10
3708 12 49
3709 106 148
3710 108 125
3711 37 55
3712 20 81
3713 76 86
3714 41 76
3715 80 145
3716 61 145
3717 45 55
3718 10 107
3719 12 128
3720 13 14
3721 30 110
3722 55 98
3723 3 8
3724 59 103
3725 23 85
3726 8 93
3727 64 106
3728 49 141
3729 33 75
3730 70 80
3731 53 56
3732 71 98
3733 1 34
3734 57 61
3735 93 145
3736 3 153
3737 4 41
3738 21 47
3739 39 117
3740 44 128
3741 7 12
3742 80 106
3743 95 104
3744 11 73
3745 100 101
3746 105 118
3747 33 36
3748 72 73
3749 73 93
3750 56 131
3751 2 67
3752 79 83
3753 117 140
3754 7 157
3755 84 142
3756 12 40
3757 103 105
3758 33 149
3759 106 159
3760 17 51
3761 56 114
3762 19 102
3763 77 89
3764 6 95
3765 133 146
3766 45 48
3767 10 18
3768 83 133
3769 49 53
3770 105 144
3771 136 138
3772 15 146
3773 37 129
3774 40 123
3775 3 113
3776 55 123
3777 60 102
3778 111 142
3779 8 68
3780 65 149
3781 28 31
3782 85 90
3783 140 142
3784 33 76
3785 14 94
3786 70 75
3787 57 70
3788 3 158
3789 39 114
3790 118 146
3791 63 120
3792 47 146
3793 69 129
3794 16 19
3795 1 84
3796 129 159
3797 117 149
3798 10 138
3799 84 149
3800 52 126
3801 19 111
3802 20 103
3803 37 57
3804 77 82
3805 24 98
3806 42 52
3807 6 86
3808 80 143
3809 133 155
3810 10 29
3811 67 68
3812 31 106
3813 55 112
3814 39 154
3815 59 117
3816 24 145
3817 64 120
3818 85 99
3819 33 69
3820 14 33
3821 1 60
3822 57 79
3823 58 71
3824 21 49
3825 4 31
3826 5 151
3827 99 155
3828 118 149
3829 63 97
3830 11 71
3831 29 49
3832 50 150
3833 69 138
3834 104 110
3835 2 85
3836 94 130
3837 84 156
3838 103 159
3839 51 77
3840 35 135
3841 19 116
3842 24 105
3843 80 134
3844 6 73
3845 63 136
3846 83 147
3847 30 67
3848 13 57
3849 55 73
3850 4 119
3851 60 116
3852 23 96
3853 8 114
3854 65 103
3855 120 140
3856 84 114
3857 85 108
3858 32 104
3859 71 73
3860 143 145
3861 57 80
3862 21 58
3863 4 6
3864 39 96
3865 80 95
3866 99 128
3867 7 123
3868 46 50
3869 11 124
3870 69 115
3871 72 126
3872 36 76
3873 94 133
3874 22 43
3875 4 149
3876 5 33
3877 9 38
3878 27 92
3879 103 148
3880 34 38
3881 17 38
3882 19 125
3883 20 117
3884 37 43
3885 25 102
3886 133 141
3887 135 153
3888 105 139
3889 13 50
3890 14 128
3891 158 159
3892 18 63
3893 1 157
3894 64 118
3895 65 120
3896 48 144
3897 84 121
3898 85 117
3899 50 57
3900 120 147
3901 14 51
3902 87 156
3903 18 78
3904 1 14
3905 57 89
3906 96 140
3907 80 86
3908 7 112
3909 46 53
3910 48 111
3911 12 125
3912 69 124
3913 53 141
3914 19 21
3915 2 39
3916 37 67
3917 93 102
3918 4 156
3919 5 42
3920 62 85
3921 51 91
3922 52 75
3923 15 65
3924 20 124
3925 76 113
3926 130 131
3927 24 119
3928 81 122
3929 135 150
3930 101 119
3931 49 81
3932 105 140
3933 13 43
3934 55 95
3935 3 109
3936 4 101
3937 64 77
3938 32 102
3939 14 58
3940 90 107
3941 18 73
3942 1 7
3943 2 143
3944 57 98
3945 96 131
3946 44 99
3947 12 116
3948 30 154
3949 50 131
3950 73 98
3951 36 114
3952 37 76
3953 93 127
3954 94 119
3955 22 37
3956 5 19
3957 61 86
3958 78 134
3959 9 80
3960 97 100
3961 119 149
3962 130 154
3963 41 154
3964 60 146
3965 77 118
3966 6 50
3967 49 74
3968 50 88
3969 13 36
3970 14 146
3971 85 150
3972 144 157
3973 18 49
3974 74 82
3975 38 52
3976 4 108
3977 64 68
3978 134 150
3979 48 142
3980 11 18
3981 32 125
3982 110 113
3983 76 129
3984 21 85
3985 96 154
3986 152 156
3987 43 72
3988 7 102
3989 46 71
3990 30 157
3991 51 56
3992 15 38
3993 55 143
3994 93 120
3995 94 126
3996 41 114
3997 97 125
3998 62 71
3999 9 89
4000 119 146
4001 86 89
4002 34 51
4003 6 53
4004 81 116
4005 49 67
4006 50 83
4007 106 116
4008 144 148
4009 35 48
4010 74 93
4011 8 110
4012 64 91
4013 48 133
4014 122 148
4015 32 116
4016 54 111
4017 1 17
4018 96 145
4019 78 97
4020 25 155
4021 44 81
4022 98 141
4023 83 86
4024 101 128
4025 121 143
4026 69 87
4027 16 109
4028 36 96
4029 19 40
4030 37 126
4031 94 97
4032 128 156
4033 22 55
4034 78 144
4035 61 104
4036 62 78
4037 97 118
4038 98 124
4039 118 123
4040 47 53
4041 137 149
4042 18 144
4043 3 51
4044 59 62
4045 24 76
4046 23 44
4047 6 44
4048 155 156
4049 49 68
4050 50 74
4051 68 160
4052 14 156
4053 18 35
4054 33 115
4055 14 15
4056 54 102
4057 114 126
4058 115 116
4059 25 156
4060 43 70
4061 44 72
4062 83 95
4063 46 81
4064 47 77
4065 121 144
4066 36 111
4067 19 49
4068 94 104
4069 77 144
4070 42 114
4071 5 14
4072 6 148
4073 62 113
4074 9 75
4075 27 49
4076 102 152
4077 29 152
4078 47 50
4079 87 91
4080 18 139
4081 24 83
4082 6 39
4083 81 102
4084 101 107
4085 49 125
4086 107 124
4087 75 87
4088 9 146
4089 65 93
4090 11 57
4091 33 116
4092 14 22
4093 1 99
4094 57 126
4095 39 58
4096 22 86
4097 114 121
4098 26 29
4099 7 77
4100 27 153
4101 44 71
4102 83 100
4103 12 24
4104 69 89
4105 19 54
4106 37 96
4107 42 125
4108 5 119
4109 61 122
4110 62 120
4111 64 130
4112 119 121
4113 31 157
4114 52 54
4115 125 157
4116 24 90
4117 79 129
4118 81 95
4119 45 113
4120 32 42
4121 13 72
4122 50 124
4123 68 150
4124 35 39
4125 18 21
4126 141 147
4127 75 76
4128 147 148
4129 65 86
4130 28 94
4131 11 62
4132 32 153
4133 70 138
4134 53 66
4135 21 105
4136 39 51
4137 78 122
4138 95 150
4139 48 57
4140 47 83
4141 12 23
4142 15 58
4143 56 73
4144 19 63
4145 2 29
4146 55 147
4147 5 112
4148 6 134
4149 153 159
4150 66 126
4151 31 154
4152 86 101
4153 35 95
4154 20 38
4155 3 38
4156 21 144
4157 59 69
4158 23 59
4159 6 17
4160 60 77
4161 79 142
4162 82 94
4163 49 111
4164 32 33
4165 13 65
4166 50 119
4167 68 157
4168 20 149
4169 38 75
4170 8 10
4171 63 81
4172 11 55
4173 1 125
4174 2 101
4175 21 114
4176 39 40
4177 98 145
4178 151 153
4179 44 53
4180 7 67
4181 27 151
4182 83 114
4183 12 14
4184 36 132
4185 61 140
4186 62 106
4187 9 126
4188 64 144
4189 139 149
4190 91 99
4191 20 45
4192 114 128
4193 23 48
4194 6 8
4195 45 99
4196 49 96
4197 91 144
4198 38 66
4199 39 80
4200 22 136
4201 42 129
4202 7 43
4203 9 133
4204 67 155
4205 32 151
4206 16 49
4207 34 135
4208 53 84
4209 46 109
4210 47 97
4211 48 55
4212 88 110
4213 51 98
4214 104 148
4215 19 77
4216 38 155
4217 42 86
4218 61 133
4219 9 103
4220 27 29
4221 86 119
4222 89 145
4223 92 106
4224 20 52
4225 59 83
4226 28 52
4227 93 133
4228 38 69
4229 7 32
4230 48 95
4231 11 37
4232 53 93
4233 36 59
4234 1 79
4235 92 136
4236 41 48
4237 59 138
4238 78 79
4239 95 141
4240 26 113
4241 9 31
4242 10 151
4243 27 101
4244 104 155
4245 12 60
4246 13 138
4247 33 129
4248 15 17
4249 36 138
4250 38 146
4251 41 65
4252 87 116
4253 34 96
4254 89 154
4255 55 111
4256 3 29
4257 59 104
4258 23 70
4259 8 80
