1 49 146
2 32 54
3 50 96
4 88 147
5 70 103
6 71 111
7 75 104
8 93 158
9 21 28
10 39 70
11 95 101
12 116 158
13 7 25
14 118 142
15 48 86
16 29 44
17 67 137
18 33 41
19 72 92
20 73 82
21 129 139
22 22 117
23 78 86
24 95 138
25 10 158
26 12 59
27 33 154
28 51 112
29 15 30
30 76 88
31 5 84
32 45 61
33 63 151
34 49 58
35 13 20
36 15 143
37 91 118
38 108 150
39 127 138
40 96 123
41 23 95
42 65 154
43 84 95
44 85 87
45 70 94
46 53 62
47 18 112
48 71 100
49 75 97
50 21 37
51 95 98
52 99 103
53 118 129
54 48 77
55 29 37
56 47 143
57 67 142
58 33 34
59 16 38
60 73 91
61 36 41
62 129 140
63 148 152
64 78 89
65 61 63
66 26 67
67 79 85
68 117 130
69 12 50
70 106 149
71 56 108
72 20 82
73 58 141
74 76 87
75 42 67
76 77 95
77 61 144
78 150 160
79 45 54
80 10 104
81 63 156
82 49 51
83 12 129
84 66 93
85 67 89
86 158 160
87 108 141
88 3 11
89 59 102
90 96 114
91 25 58
92 65 147
93 84 102
94 49 140
95 51 160
96 70 81
97 71 93
98 90 141
99 57 60
100 75 102
101 3 152
102 21 46
103 95 107
104 43 113
105 100 102
106 63 114
107 48 68
108 11 72
109 12 90
110 29 62
111 33 59
112 16 29
113 69 135
114 72 74
115 73 92
116 2 64
117 129 133
118 41 43
119 79 82
120 117 139
121 103 104
122 33 148
123 56 115
124 37 63
125 58 148
126 76 78
127 24 28
128 77 88
129 136 139
130 45 47
131 49 52
132 105 151
133 31 108
134 86 147
135 15 157
136 1 137
137 23 109
138 64 98
139 45 64
140 65 148
141 120 127
142 85 89
143 32 91
144 33 67
145 70 72
146 71 90
147 74 135
148 113 160
149 3 129
150 4 17
151 80 98
152 26 34
153 63 123
154 29 55
155 12 81
156 47 157
157 33 60
158 16 20
159 72 113
160 2 91
161 41 44
162 22 30
163 79 91
164 17 43
165 112 119
166 58 159
167 77 81
168 82 156
169 83 141
170 105 152
171 13 63
172 15 154
173 91 93
174 1 130
175 108 131
176 111 150
177 3 121
178 23 106
179 8 76
180 117 123
181 120 134
182 85 98
183 32 82
184 14 38
185 89 103
186 71 83
187 57 78
188 58 68
189 5 150
190 80 89
191 26 45
192 63 96
193 48 114
194 104 111
195 12 72
196 50 151
197 33 53
198 73 78
199 56 146
200 2 82
201 119 137
202 30 49
203 34 44
204 17 44
205 52 70
206 109 115
207 20 111
208 42 60
209 5 72
210 80 135
211 63 139
212 30 64
213 1 155
214 111 159
215 3 126
216 64 112
217 65 102
218 50 63
219 14 41
220 89 104
221 71 72
222 90 102
223 109 149
224 143 144
225 4 7
226 7 122
227 63 105
228 46 51
229 11 127
230 12 71
231 48 105
232 68 100
233 124 137
234 73 119
235 56 153
236 2 45
237 58 62
238 22 40
239 119 134
240 88 95
241 34 39
242 17 37
243 37 42
244 130 137
245 60 157
246 133 140
247 10 12
248 85 131
249 105 138
250 13 49
251 107 154
252 144 160
253 38 59
254 3 103
255 8 122
256 65 127
257 32 96
258 87 159
259 89 113
260 90 97
261 143 153
262 146 152
263 57 88
264 58 86
265 96 141
266 4 14
267 80 87
268 26 63
269 101 148
270 48 96
271 11 116
272 12 126
273 68 99
274 124 128
275 72 102
276 142 148
277 56 160
278 19 20
279 93 101
280 94 141
281 128 136
282 22 35
283 97 98
284 131 133
285 64 160
286 154 155
287 30 35
288 34 62
289 17 30
290 76 114
291 41 144
292 42 46
293 6 56
294 83 160
295 49 80
296 50 94
297 13 42
298 55 94
299 38 50
300 23 113
301 8 97
302 25 31
303 64 78
304 122 131
305 14 59
306 90 104
307 73 144
308 1 6
309 57 97
310 110 111
311 146 147
312 5 129
313 43 82
314 7 104
315 48 103
316 11 109
317 68 106
318 69 100
319 142 159
320 53 149
321 73 97
322 19 29
323 2 63
324 131 138
325 4 132
326 98 107
327 61 85
328 27 45
329 30 42
330 16 143
331 17 23
332 18 159
333 52 83
334 77 117
335 23 25
336 6 51
337 81 114
338 50 89
339 13 35
340 144 158
341 18 46
342 74 83
343 38 53
344 3 85
345 65 73
346 73 153
347 1 31
348 57 106
349 152 157
350 7 97
351 121 133
352 12 108
353 68 81
354 51 59
355 15 33
356 128 134
357 19 34
358 55 142
359 6 155
360 62 68
361 27 34
362 30 45
363 86 94
364 52 90
365 19 147
366 55 63
367 76 96
368 77 110
369 82 123
370 49 66
371 50 80
372 31 54
373 14 154
374 144 149
375 35 51
376 18 41
377 74 90
378 75 88
379 38 44
380 3 90
381 43 51
382 8 111
383 26 153
384 64 92
385 65 66
386 32 117
387 51 147
388 2 158
389 57 115
390 78 102
391 25 154
392 43 64
393 7 94
394 83 89
395 47 71
396 12 107
397 69 86
398 15 46
399 17 112
400 19 43
401 2 49
402 94 102
403 77 150
404 27 59
405 118 120
406 47 52
407 87 93
408 125 138
409 18 145
410 54 142
411 19 152
412 114 157
413 77 103
414 23 47
415 43 155
416 82 114
417 155 159
418 66 133
419 102 113
420 50 75
421 31 63
422 18 32
423 110 145
424 75 81
425 38 39
426 64 83
427 65 91
428 33 114
429 1 105
430 58 106
431 114 127
432 79 101
433 7 87
434 83 94
435 11 144
436 47 76
437 68 71
438 69 95
439 126 128
440 2 8
441 24 37
442 78 152
443 61 96
444 47 61
445 30 31
446 86 104
447 87 90
448 34 66
449 125 131
450 21 141
451 77 96
452 114 148
453 43 144
454 81 101
455 102 104
456 50 66
457 31 36
458 141 153
459 18 27
460 74 76
461 75 86
462 110 152
463 3 72
464 4 90
465 23 149
466 7 63
467 14 23
468 73 140
469 2 144
470 149 154
471 79 98
472 7 76
473 83 103
474 11 137
475 47 85
476 68 78
477 69 88
478 123 140
479 126 139
480 36 151
481 56 67
482 2 3
483 24 44
484 64 131
485 9 115
486 119 120
487 47 58
488 123 125
489 86 99
490 52 55
491 20 24
492 114 143
493 59 79
494 23 61
495 43 137
496 81 94
497 45 112
498 28 40
499 82 100
500 32 43
501 31 45
502 106 110
503 107 116
504 35 38
505 141 146
506 75 79
507 40 59
508 147 151
509 7 52
510 32 154
511 89 95
512 53 65
513 145 157
514 2 107
515 7 69
516 83 108
517 48 58
518 11 142
519 123 133
520 88 97
521 19 62
522 24 51
523 5 127
524 61 114
525 64 154
526 9 116
527 153 158
528 102 139
529 87 104
530 52 62
531 125 149
532 56 57
533 20 39
534 21 159
535 59 68
536 60 78
537 6 22
538 81 87
539 28 39
540 46 137
541 138 150
542 32 34
543 31 42
544 68 158
545 107 109
546 35 47
547 147 156
548 60 61
549 8 11
550 7 45
551 63 80
552 67 149
553 32 145
554 34 141
555 90 94
556 145 150
557 36 54
558 57 143
559 39 43
560 151 152
561 44 54
562 7 66
563 27 150
564 46 107
565 47 91
566 48 49
567 13 151
568 69 74
569 52 150
570 88 104
571 24 58
572 61 139
573 62 107
574 64 145
575 12 158
576 30 112
577 87 97
578 91 98
579 127 158
580 20 46
581 21 152
582 40 154
583 23 51
584 6 9
585 79 150
586 28 62
587 50 111
588 70 106
589 143 160
590 74 121
591 38 67
592 40 41
593 4 55
594 22 137
595 7 42
596 63 89
597 48 89
598 11 47
599 67 154
600 53 83
601 54 67
602 1 117
603 57 144
604 8 129
605 44 45
606 154 160
607 47 96
608 13 144
609 38 152
610 5 97
611 6 113
612 150 156
613 27 28
614 102 133
615 127 135
616 20 53
617 96 110
618 111 116
619 60 92
620 25 38
621 65 143
622 28 53
623 46 155
624 49 152
625 50 102
626 68 140
627 74 96
628 95 127
629 63 70
630 48 80
631 16 41
632 72 86
633 2 116
634 57 153
635 8 136
636 47 105
637 12 61
638 13 137
639 106 160
640 15 16
641 20 77
642 41 64
643 5 106
644 150 151
645 9 111
646 66 72
647 12 140
648 13 26
649 31 112
650 108 152
651 91 112
652 92 98
653 55 110
654 20 60
655 96 101
656 127 140
657 60 91
658 23 65
659 8 81
660 49 145
661 50 97
662 68 139
663 88 148
664 70 100
665 71 110
666 21 27
667 4 37
668 22 155
669 95 100
670 116 159
671 48 87
672 29 43
673 33 40
674 72 93
675 73 81
676 54 93
677 129 138
678 59 130
679 78 87
680 15 25
681 76 89
682 61 150
683 45 60
684 63 150
685 66 67
686 49 57
687 12 139
688 13 19
689 67 83
690 15 142
691 20 59
692 3 5
693 59 96
694 65 153
695 84 88
696 85 86
697 14 82
698 70 95
699 71 103
700 57 58
701 75 96
702 21 36
703 4 44
704 8 39
705 99 102
706 63 116
707 48 78
708 11 82
709 29 36
710 47 142
711 105 115
712 118 134
713 73 90
714 36 42
715 2 70
716 129 131
717 148 153
718 78 94
719 61 62
720 26 64
721 27 114
722 79 84
723 117 129
724 47 127
725 12 51
726 103 114
727 56 109
728 37 53
729 38 141
730 76 80
731 77 94
732 6 90
733 45 53
734 10 105
735 63 159
736 49 50
737 12 130
738 15 151
739 111 131
740 3 10
741 64 108
742 65 146
743 120 121
744 84 103
745 85 95
746 70 86
747 71 92
748 57 67
749 21 45
750 95 106
751 43 112
752 100 103
753 48 69
754 12 91
755 105 116
756 33 58
757 16 30
758 72 75
759 124 125
760 129 132
761 94 150
762 41 42
763 148 160
764 5 52
765 79 93
766 117 138
767 9 49
768 10 129
769 156 160
770 106 157
771 51 65
772 35 155
773 108 118
774 56 116
775 37 62
776 112 113
777 58 149
778 76 79
779 24 29
780 5 69
781 77 87
782 136 140
783 45 46
784 66 85
785 105 150
786 15 156
787 37 143
788 111 136
789 60 96
790 23 108
791 8 70
792 120 128
793 85 88
794 33 66
795 70 73
796 71 85
797 38 102
798 4 18
799 80 99
800 26 35
801 100 110
802 63 122
803 29 54
804 50 157
805 33 51
806 16 21
807 72 114
808 22 31
809 5 61
810 79 90
811 9 58
812 17 42
813 108 109
814 37 39
815 77 80
816 63 141
817 105 159
818 13 62
819 91 92
820 1 129
821 55 114
822 111 145
823 3 120
824 8 77
825 64 122
826 120 135
827 121 127
828 85 97
829 33 91
830 87 136
831 89 102
832 71 82
833 21 63
834 80 90
835 26 42
836 63 99
837 12 73
838 50 148
839 72 121
840 73 77
841 54 57
842 131 150
843 61 73
844 119 136
845 30 54
846 88 89
847 106 143
848 16 155
849 17 35
850 34 45
851 109 114
852 67 79
853 30 65
854 92 93
855 55 75
856 111 158
857 3 97
858 39 141
859 24 154
860 60 118
861 64 113
862 65 101
863 85 106
864 32 106
865 50 60
866 14 46
867 89 111
868 71 75
869 90 103
870 1 11
871 143 147
872 146 158
873 80 81
874 63 104
875 11 126
876 12 64
877 50 143
878 105 111
879 124 138
880 72 96
881 53 130
882 56 154
883 142 146
884 2 42
885 58 63
886 22 41
887 97 104
888 61 66
889 119 129
890 30 57
891 103 150
892 34 36
893 17 36
894 37 41
895 130 134
896 24 114
897 60 158
898 6 70
899 133 139
900 14 134
901 55 64
902 4 120
903 97 135
904 8 123
905 26 141
906 64 72
907 48 146
908 50 55
909 90 110
910 143 152
911 1 12
912 146 153
913 4 15
914 5 135
915 26 60
916 7 114
917 46 59
918 11 119
919 48 97
920 68 108
921 69 122
922 124 129
923 72 103
924 142 149
925 128 137
926 19 23
927 93 100
928 94 114
929 131 132
930 4 158
931 22 32
932 61 91
933 9 45
934 30 32
935 16 137
936 15 67
937 17 29
938 34 63
939 38 160
940 77 123
941 60 149
942 101 117
943 50 95
944 13 41
945 31 67
946 144 152
947 55 89
948 38 51
949 97 152
950 23 112
951 25 30
952 26 148
953 122 128
954 49 160
955 89 121
956 73 151
957 1 5
958 2 141
959 57 96
960 5 128
961 46 66
962 11 108
963 121 131
964 51 53
965 69 99
966 72 110
967 73 96
968 142 156
969 19 28
970 2 60
971 93 125
972 22 59
973 98 104
974 62 66
975 27 44
976 30 43
977 89 160
978 34 54
979 17 22
980 18 156
981 19 141
982 77 116
983 24 64
984 82 129
985 135 137
986 50 86
987 13 34
988 14 144
989 144 159
990 74 80
991 38 42
992 8 105
993 64 70
994 48 128
995 157 158
996 51 141
997 53 108
998 73 152
999 57 105
1000 58 89
1001 22 67
1002 5 137
1003 152 158
1004 101 133
1005 121 132
1006 12 109
1007 51 58
1008 15 32
1009 53 157
1010 128 135
1011 19 37
1012 2 55
1013 41 112
1014 98 99
1015 27 37
1016 86 95
1017 52 91
1018 18 151
1019 55 62
1020 76 97
1021 77 109
1022 101 103
1023 66 139
1024 49 65
1025 50 81
1026 31 49
1027 14 155
1028 106 114
1029 17 152
1030 144 150
1031 74 91
1032 75 91
1033 38 45
1034 110 143
1035 4 85
1036 23 134
1037 64 93
1038 48 135
1039 51 146
1040 1 23
1041 2 159
1042 57 114
1043 58 96
1044 149 151
1045 78 103
1046 43 67
1047 7 89
1048 83 88
1049 47 70
1050 12 100
1051 68 89
1052 69 85
1053 15 41
1054 19 42
1055 94 103
1056 4 139
1057 78 150
1058 6 147
1059 61 102
1060 9 64
1061 27 58
1062 100 135
1063 47 55
1064 118 121
1065 137 155
1066 87 92
1067 125 137
1068 18 142
1069 19 155
1070 114 154
1071 77 102
1072 23 46
1073 43 154
1074 81 99
1075 82 115
1076 155 158
1077 50 72
1078 31 62
1079 141 159
1080 35 59
1081 18 33
1082 110 150
1083 75 80
1084 23 159
1085 65 90
1086 32 141
1087 51 155
1088 2 150
1089 78 110
1090 79 100
1091 83 97
1092 11 147
1093 30 141
1094 47 79
1095 69 94
1096 126 129
1097 19 51
1098 2 9
1099 55 159
1100 77 142
1101 24 38
1102 5 12
1103 42 112
1104 64 141
1105 27 51
1106 10 89
1107 94 110
1108 47 60
1109 122 127
1110 31 150
1111 34 67
1112 125 130
1113 114 149
1114 81 100
1115 66 157
1116 49 115
1117 50 67
1118 31 39
1119 141 152
1120 18 24
1121 74 77
1122 91 143
1123 110 153
1124 9 144
1125 65 83
1126 14 20
1127 145 155
1128 1 97
1129 58 114
1130 149 153
1131 78 113
1132 26 27
1133 7 79
1134 27 155
1135 83 102
1136 11 136
1137 47 84
1138 68 79
1139 69 71
1140 126 136
1141 36 144
1142 77 135
1143 24 45
1144 61 120
1145 9 114
1146 119 123
1147 123 124
1148 86 96
1149 20 25
1150 132 136
1151 81 93
1152 82 101
1153 28 41
1154 32 44
1155 31 44
1156 68 144
1157 106 111
1158 35 41
1159 18 19
1160 74 116
1161 75 78
1162 40 60
1163 110 160
1164 113 151
1165 141 145
1166 147 150
1167 7 55
1168 32 155
1169 89 94
1170 53 64
1171 145 156
1172 39 45
1173 7 68
1174 83 111
1175 48 59
1176 11 129
1177 47 93
1178 13 157
1179 88 98
1180 123 132
1181 36 159
1182 24 52
1183 5 126
1184 61 113
1185 64 155
1186 153 157
1187 10 75
1188 102 136
1189 52 63
1190 91 108
1191 56 58
1192 20 32
1193 21 158
1194 23 53
1195 6 23
1196 81 86
1197 28 32
1198 32 35
1199 68 159
1200 107 108
1201 35 46
1202 147 159
1203 60 62
1204 116 131
1205 8 12
1206 63 83
1207 16 60
1208 90 95
1209 145 149
1210 57 142
1211 21 112
1212 39 42
1213 151 155
1214 48 50
1215 11 134
1216 47 90
1217 13 150
1218 69 73
1219 24 59
1220 150 154
1221 61 138
1222 64 146
1223 102 131
1224 86 114
1225 87 96
1226 89 142
1227 91 101
1228 96 104
1229 60 70
1230 23 50
1231 6 14
1232 82 87
1233 49 102
1234 32 58
1235 50 108
1236 88 135
1237 93 138
1238 38 64
1239 39 82
1240 40 42
1241 95 113
1242 116 138
1243 48 90
1244 67 157
1245 72 80
1246 36 62
1247 54 64
1248 57 151
1249 8 130
1250 44 46
1251 47 99
1252 104 150
1253 13 143
1254 16 66
1255 36 141
1256 150 157
1257 61 131
1258 27 31
1259 66 78
1260 139 140
1261 12 150
1262 127 134
1263 92 100
1264 96 111
1265 59 85
1266 23 75
1267 25 37
1268 65 142
1269 28 54
1270 49 159
1271 32 49
1272 50 103
1273 14 65
1274 70 98
1275 74 97
1276 152 160
1277 63 65
1278 48 81
1279 67 130
1280 72 87
1281 53 91
1282 36 37
1283 57 152
1284 41 54
1285 22 112
1286 47 104
1287 15 19
1288 71 150
1289 5 105
1290 6 105
1291 9 110
1292 10 100
1293 66 73
1294 13 25
1295 87 118
1296 91 115
1297 92 99
1298 20 61
1299 96 102
1300 25 46
1301 8 82
1302 49 144
1303 70 101
1304 74 104
1305 93 156
1306 38 114
1307 21 26
1308 95 103
1309 116 152
1310 100 114
1311 63 78
1312 48 72
1313 29 42
1314 118 140
1315 33 47
1316 72 94
1317 73 80
1318 36 44
1319 129 137
1320 41 63
1321 78 84
1322 117 135
1323 47 113
1324 12 53
1325 33 152
1326 51 114
1327 15 24
1328 52 108
1329 76 90
1330 5 82
1331 45 59
1332 10 111
1333 63 145
1334 49 56
1335 12 132
1336 13 18
1337 30 106
1338 108 144
1339 40 112
1340 3 4
1341 60 83
1342 23 89
1343 65 152
1344 84 89
1345 138 139
1346 70 92
1347 53 60
1348 71 102
1349 75 99
1350 21 35
1351 39 121
1352 95 108
1353 118 135
1354 48 79
1355 29 35
1356 105 114
1357 73 89
1358 36 43
1359 129 130
1360 148 154
1361 59 154
1362 78 95
1363 79 87
1364 26 65
1365 117 128
1366 10 135
1367 106 147
1368 76 81
1369 77 93
1370 63 158
1371 66 91
1372 30 109
1373 34 112
1374 108 143
1375 92 113
1376 55 127
1377 117 119
1378 64 109
1379 65 145
1380 84 96
1381 85 94
1382 70 87
1383 71 95
1384 1 39
1385 57 66
1386 21 44
1387 4 20
1388 99 110
1389 7 9
1390 48 70
1391 29 60
1392 47 150
1393 33 57
1394 124 126
1395 72 76
1396 79 92
1397 117 137
1398 7 158
1399 106 154
1400 51 64
1401 35 154
1402 19 107
1403 112 114
1404 58 146
1405 77 86
1406 24 30
1407 5 68
1408 15 159
1409 55 116
1410 39 158
1411 60 97
1412 23 111
1413 65 106
1414 120 129
1415 85 103
1416 33 65
1417 141 160
1418 70 78
1419 71 84
1420 57 75
1421 21 53
1422 80 100
1423 26 32
1424 29 53
1425 12 83
1426 50 154
1427 33 50
1428 16 22
1429 68 112
1430 73 75
1431 56 141
1432 104 106
1433 27 67
1434 17 41
1435 108 110
1436 19 112
1437 58 157
1438 77 79
1439 63 140
1440 105 158
1441 91 95
1442 111 144
1443 8 78
1444 64 123
1445 117 121
1446 120 136
1447 121 126
1448 85 96
1449 14 36
1450 89 101
1451 71 77
1452 143 149
1453 58 66
1454 21 62
1455 80 91
1456 26 43
1457 7 127
1458 63 98
1459 11 120
1460 50 149
1461 124 140
1462 72 122
1463 73 76
1464 36 64
1465 54 62
1466 56 148
1467 22 23
1468 117 155
1469 119 139
1470 88 90
1471 16 156
1472 17 34
1473 34 42
1474 52 64
1475 109 113
1476 130 140
1477 83 148
1478 92 94
1479 97 141
1480 24 155
1481 8 117
1482 64 114
1483 65 100
1484 85 105
1485 32 107
1486 50 61
1487 89 110
1488 90 100
1489 71 74
1490 18 82
1491 1 10
1492 109 147
1493 143 146
1494 96 136
1495 146 159
1496 80 82
1497 26 50
1498 7 116
1499 63 107
1500 46 49
1501 105 110
1502 68 102
1503 124 139
1504 72 97
1505 142 147
1506 2 43
1507 58 60
1508 94 136
1509 22 46
1510 97 111
1511 154 158
1512 119 128
1513 30 62
1514 34 37
1515 17 27
1516 37 40
1517 20 112
1518 130 135
1519 133 138
1520 82 140
1521 83 157
1522 49 93
1523 55 67
1524 38 57
1525 4 121
1526 64 73
1527 65 125
1528 48 147
1529 134 155
1530 85 114
1531 143 155
1532 1 3
1533 146 150
1534 4 8
1535 5 134
1536 48 98
1537 12 120
1538 69 121
1539 124 130
1540 72 104
1541 142 154
1542 128 138
1543 19 22
1544 93 99
1545 131 135
1546 98 110
1547 61 90
1548 30 33
1549 34 60
1550 17 28
1551 41 150
1552 42 44
1553 60 150
1554 6 62
1555 13 40
1556 144 153
1557 18 53
1558 74 86
1559 23 115
1560 25 29
1561 87 150
1562 73 150
1563 1 4
1564 7 106
1565 46 67
1566 11 111
1567 12 119
1568 121 130
1569 51 52
1570 69 98
1571 72 111
1572 53 147
1573 73 103
1574 19 31
1575 128 129
1576 142 157
1577 131 140
1578 97 121
1579 61 83
1580 62 67
1581 30 40
1582 103 135
1583 17 21
1584 112 149
1585 76 107
1586 23 27
1587 63 160
1588 135 136
1589 13 33
1590 14 145
1591 18 44
1592 74 81
1593 38 43
1594 43 60
1595 8 106
1596 45 155
1597 48 129
1598 122 136
1599 32 112
1600 90 113
1601 53 107
1602 73 159
1603 110 116
1604 57 104
1605 58 102
1606 21 82
1607 152 159
1608 7 99
1609 121 139
1610 11 100
1611 12 110
1612 68 83
1613 15 35
1614 73 104
1615 19 36
1616 2 52
1617 97 114
1618 61 108
1619 27 36
1620 100 153
1621 86 92
1622 18 148
1623 55 57
1624 76 98
1625 101 102
1626 49 64
1627 50 78
1628 106 115
1629 14 152
1630 144 151
1631 35 53
1632 18 39
1633 74 88
1634 75 90
1635 64 94
1636 134 140
1637 11 12
1638 1 22
1639 57 113
1640 58 97
1641 96 148
1642 149 150
1643 78 100
1644 43 66
1645 83 91
1646 101 141
1647 47 65
1648 68 90
1649 69 84
1650 15 40
1651 19 45
1652 94 100
1653 24 32
1654 27 61
1655 118 126
1656 137 154
1657 47 54
1658 86 87
1659 87 95
1660 125 136
1661 18 143
1662 19 154
1663 112 131
1664 114 155
1665 77 101
1666 81 98
1667 66 131
1668 50 73
1669 141 158
1670 17 144
1671 18 30
1672 75 83
1673 23 158
1674 64 85
1675 45 141
1676 65 89
1677 134 135
1678 67 160
1679 33 112
1680 14 18
1681 51 154
1682 58 104
1683 39 62
1684 22 82
1685 78 111
1686 79 103
1687 149 159
1688 83 96
1689 11 146
1690 47 78
1691 123 137
1692 69 93
1693 126 134
1694 128 150
1695 55 158
1696 2 6
1697 77 141
1698 24 39
1699 5 11
1700 64 142
1701 10 70
1702 102 159
1703 47 63
1704 119 125
1705 86 110
1706 122 124
1707 34 64
1708 35 82
1709 125 129
1710 23 38
1711 81 91
1712 101 104
1713 66 154
1714 49 114
1715 50 64
1716 31 38
1717 102 110
1718 107 113
1719 141 151
1720 18 25
1721 7 57
1722 65 82
1723 14 21
1724 70 150
1725 145 154
1726 2 110
1727 58 115
1728 114 116
1729 149 152
1730 7 78
1731 83 105
1732 11 139
1733 47 87
1734 68 72
1735 69 70
1736 15 62
1737 126 137
1738 36 145
1739 19 59
1740 24 46
1741 5 116
1742 6 130
1743 64 133
1744 9 113
1745 119 122
1746 102 150
1747 67 112
1748 123 127
1749 86 97
1750 153 155
1751 20 26
1752 21 148
1753 114 141
1754 132 137
1755 23 63
1756 81 92
1757 28 42
1758 66 149
1759 157 159
1760 32 45
1761 106 108
1762 141 144
1763 35 40
1764 147 153
1765 20 137
1766 113 150
1767 7 54
1768 9 152
1769 63 85
1770 14 28
1771 89 93
1772 145 147
1773 2 105
1774 39 44
1775 151 157
1776 7 71
1777 83 110
1778 48 60
1779 11 128
1780 47 92
1781 13 156
1782 69 79
1783 88 99
1784 123 135
1785 36 152
1786 19 64
1787 61 112
1788 64 156
1789 153 156
1790 10 72
1791 34 82
1792 91 111
1793 20 33
1794 60 72
1795 6 20
1796 81 85
1797 28 33
1798 49 108
1799 32 36
1800 50 114
1801 68 152
1802 70 113
1803 107 111
1804 91 156
1805 147 158
1806 60 63
1807 63 82
1808 67 151
1809 16 61
1810 90 92
1811 145 148
1812 57 141
1813 95 152
1814 151 154
1815 48 51
1816 47 101
1817 69 72
1818 17 82
1819 2 19
1820 24 60
1821 42 106
1822 150 155
1823 64 147
1824 12 152
1825 87 99
1826 91 100
1827 92 110
1828 20 40
1829 59 95
1830 25 35
1831 82 84
1832 45 96
1833 32 59
1834 70 104
1835 74 103
1836 38 65
1837 21 23
1838 39 77
1839 40 43
1840 63 91
1841 48 91
1842 16 52
1843 72 81
1844 36 63
1845 57 150
1846 26 117
1847 46 112
1848 47 98
1849 33 141
1850 16 67
1851 15 21
1852 71 152
1853 6 119
1854 27 30
1855 10 122
1856 66 79
1857 13 31
1858 89 150
1859 127 129
1860 92 101
1861 20 55
1862 111 118
1863 25 36
1864 65 141
1865 28 55
1866 49 158
1867 50 100
1868 13 112
1869 70 99
1870 74 110
1871 22 134
1872 80 121
1873 118 138
1874 63 64
1875 48 82
1876 16 43
1877 72 88
1878 36 38
1879 2 114
1880 57 159
1881 148 149
1882 78 82
1883 12 63
1884 52 102
1885 15 18
1886 76 92
1887 5 104
1888 6 110
1889 61 155
1890 66 70
1891 12 142
1892 13 24
1893 30 96
1894 31 114
1895 89 159
1896 91 114
1897 55 104
1898 20 62
1899 96 103
1900 60 85
1901 23 67
1902 25 45
1903 49 151
1904 70 90
1905 71 104
1906 74 105
1907 21 25
1908 4 39
1909 39 67
1910 95 102
1911 63 73
1912 48 73
1913 29 41
1914 47 131
1915 33 46
1916 72 95
1917 73 87
1918 36 45
1919 57 160
1920 129 136
1921 41 62
1922 148 156
1923 78 85
1924 117 134
1925 47 112
1926 51 117
1927 15 27
1928 76 91
1929 45 58
1930 10 108
1931 63 144
1932 49 63
1933 12 133
1934 13 17
1935 67 85
1936 108 145
1937 55 97
1938 3 7
1939 60 108
1940 25 54
1941 65 159
1942 84 90
1943 32 64
1944 70 93
1945 71 97
1946 1 45
1947 75 98
1948 93 148
1949 21 34
1950 4 46
1951 95 111
1952 99 104
1953 100 122
1954 118 132
1955 48 64
1956 29 34
1957 12 94
1958 47 136
1959 33 39
1960 105 113
1961 73 88
1962 2 68
1963 148 155
1964 78 92
1965 79 86
1966 9 14
1967 106 144
1968 17 62
1969 71 135
1970 37 51
1971 77 92
1972 45 51
1973 63 153
1974 30 82
1975 86 159
1976 105 147
1977 108 136
1978 92 114
1979 3 12
1980 117 118
1981 64 110
1982 65 144
1983 120 123
1984 84 97
1985 49 129
1986 85 93
1987 70 84
1988 71 94
1989 57 65
1990 21 43
1991 43 114
1992 26 38
1993 7 8
1994 63 127
1995 48 71
1996 11 77
1997 29 59
1998 47 145
1999 124 127
2000 72 77
2001 22 26
2002 79 95
2003 117 136
2004 9 55
2005 51 67
2006 108 112
2007 19 106
2008 112 115
2009 58 147
2010 77 85
2011 24 31
2012 66 83
2013 86 150
2014 72 150
2015 15 158
2016 111 138
2017 59 112
2018 23 110
2019 8 72
2020 64 101
2021 65 105
2022 117 127
2023 84 104
2024 85 102
2025 120 130
2026 33 64
2027 14 34
2028 70 79
2029 71 87
2030 87 141
2031 89 99
2032 109 160
2033 80 101
2034 26 33
2035 99 150
2036 100 104
2037 48 126
2038 29 52
2039 104 107
2040 50 155
2041 68 113
2042 16 23
2043 73 74
2044 56 142
2045 22 29
2046 17 40
2047 108 111
2048 19 115
2049 58 154
2050 77 78
2051 133 135
2052 63 143
2053 91 94
2054 111 147
2055 3 122
2056 117 120
2057 62 134
2058 65 98
2059 120 137
2060 85 111
2061 14 37
2062 89 100
2063 71 76
2064 143 148
2065 58 67
2066 80 92
2067 43 96
2068 26 40
2069 63 109
2070 46 47
2071 11 123
2072 50 146
2073 68 120
2074 54 63
2075 56 149
2076 61 71
2077 26 91
2078 119 138
2079 88 91
2080 106 141
2081 16 157
2082 17 33
2083 34 43
2084 109 112
2085 37 46
2086 42 59
2087 49 91
2088 85 135
2089 13 53
2090 86 160
2091 92 95
2092 111 152
2093 39 143
2094 60 112
2095 62 137
2096 64 115
2097 85 104
2098 50 58
2099 14 44
2100 87 131
2101 90 101
2102 143 157
2103 1 9
2104 146 156
2105 115 151
2106 80 83
2107 26 51
2108 63 106
2109 46 54
2110 48 108
2111 12 66
2112 50 141
2113 68 103
2114 105 109
2115 72 98
2116 124 132
2117 142 144
2118 58 61
2119 97 110
2120 5 45
2121 9 42
2122 119 131
2123 154 159
2124 30 63
2125 51 86
2126 17 26
2127 130 132
2128 60 152
2129 6 68
2130 82 141
2131 133 137
2132 10 11
2133 12 160
2134 13 46
2135 31 68
2136 105 143
2137 18 59
2138 55 66
2139 38 62
2140 23 117
2141 25 27
2142 64 74
2143 122 135
2144 85 113
2145 50 53
2146 159 160
2147 143 154
2148 1 2
2149 57 93
2150 58 85
2151 146 151
2152 4 9
2153 5 133
2154 115 156
2155 26 58
2156 7 108
2157 48 99
2158 29 31
2159 12 121
2160 30 151
2161 68 110
2162 124 131
2163 142 155
2164 53 137
2165 128 139
2166 19 25
2167 93 98
2168 131 134
2169 22 38
2170 97 103
2171 61 89
2172 27 41
2173 30 38
2174 17 19
2175 77 121
2176 42 45
2177 23 29
2178 49 85
2179 50 93
2180 13 39
2181 14 143
2182 107 148
2183 144 154
2184 74 87
2185 55 91
2186 38 49
2187 3 81
2188 4 97
2189 23 114
2190 8 100
2191 25 28
2192 64 65
2193 51 134
2194 14 62
2195 53 97
2196 73 149
2197 110 114
2198 57 102
2199 152 153
2200 7 101
2201 46 64
2202 30 158
2203 12 112
2204 51 55
2205 68 85
2206 15 37
2207 69 97
2208 73 102
2209 19 30
2210 2 58
2211 128 130
2212 62 64
2213 27 46
2214 156 157
2215 30 41
2216 34 52
2217 17 20
2218 18 154
2219 19 143
2220 112 150
2221 76 100
2222 41 158
2223 24 66
2224 23 26
2225 77 114
2226 135 139
2227 66 142
2228 50 84
2229 13 32
2230 14 150
2231 144 145
2232 74 94
2233 38 40
2234 43 63
2235 64 88
2236 45 154
2237 65 78
2238 122 137
2239 134 138
2240 73 158
2241 57 111
2242 78 98
2243 83 85
2244 121 138
2245 12 111
2246 68 92
2247 51 60
2248 15 34
2249 53 155
2250 19 39
2251 97 113
2252 6 158
2253 27 39
2254 86 93
2255 19 148
2256 76 99
2257 59 61
2258 81 104
2259 49 71
2260 50 79
2261 31 51
2262 14 153
2263 106 112
2264 17 158
2265 18 36
2266 74 89
2267 75 93
2268 110 141
2269 64 95
2270 65 71
2271 73 135
2272 58 110
2273 78 101
2274 83 90
2275 46 82
2276 47 64
2277 12 102
2278 68 91
2279 69 83
2280 15 43
2281 19 44
2282 2 12
2283 94 101
2284 77 147
2285 24 33
2286 64 136
2287 27 60
2288 118 127
2289 47 49
2290 87 94
2291 125 135
2292 54 141
2293 20 21
2294 114 152
2295 77 100
2296 23 40
2297 81 97
2298 101 110
2299 66 128
2300 50 70
2301 13 82
2302 141 157
2303 17 151
2304 18 31
2305 91 136
2306 75 82
2307 110 148
2308 3 68
2309 4 94
2310 43 45
2311 64 86
2312 65 88
2313 14 19
2314 145 160
2315 58 105
2316 149 158
2317 79 102
2318 26 30
2319 7 80
2320 83 99
2321 47 73
2322 123 136
2323 69 92
2324 126 135
2325 19 53
2326 2 7
2327 77 140
2328 24 40
2329 5 10
2330 62 117
2331 64 143
2332 10 71
2333 66 104
2334 47 62
2335 100 136
2336 119 124
2337 125 128
2338 20 28
2339 114 147
2340 23 33
2341 81 90
2342 82 104
2343 65 160
2344 28 44
2345 66 155
2346 102 111
2347 50 65
2348 31 33
2349 14 107
2350 107 112
2351 141 150
2352 18 22
2353 74 75
2354 3 77
2355 23 150
2356 7 56
2357 65 81
2358 89 91
2359 145 153
2360 2 111
2361 58 112
2362 114 117
2363 95 149
2364 44 67
2365 7 73
2366 83 104
2367 11 138
2368 12 20
2369 47 86
2370 68 73
2371 123 129
2372 36 146
2373 19 58
2374 2 30
2375 55 150
2376 77 133
2377 24 47
2378 93 95
2379 153 154
2380 9 112
2381 137 139
2382 66 99
2383 123 126
2384 86 102
2385 91 105
2386 20 27
2387 21 147
2388 132 138
2389 23 62
2390 81 83
2391 82 99
2392 28 43
2393 66 146
2394 49 106
2395 32 46
2396 31 46
2397 14 114
2398 70 127
2399 35 43
2400 106 109
2401 74 114
2402 141 143
2403 40 62
2404 39 94
2405 113 149
2406 42 155
2407 147 152
2408 7 49
2409 11 50
2410 89 92
2411 145 146
2412 1 120
2413 149 160
2414 151 156
2415 26 96
2416 7 70
2417 83 113
2418 48 61
2419 11 131
2420 47 95
2421 13 155
2422 69 78
2423 88 100
2424 123 134
2425 36 153
2426 19 67
2427 41 82
2428 24 54
2429 5 124
2430 6 122
2431 61 143
2432 64 157
2433 10 73
2434 66 122
2435 137 140
2436 87 101
2437 52 57
2438 35 67
2439 91 110
2440 54 150
2441 56 60
2442 20 34
2443 21 156
2444 59 89
2445 23 55
2446 6 21
2447 81 84
2448 82 90
2449 28 34
2450 32 37
2451 50 115
2452 107 110
2453 91 159
2454 4 75
2455 67 150
2456 16 62
2457 90 93
2458 36 49
2459 1 113
2460 48 52
2461 47 100
2462 123 159
2463 51 97
2464 42 107
2465 150 152
2466 61 136
2467 64 148
2468 67 97
2469 87 98
2470 91 103
2471 127 155
2472 20 41
2473 60 64
2474 25 34
2475 6 12
2476 79 147
2477 82 85
2478 32 60
2479 50 106
2480 74 100
2481 93 136
2482 38 70
2483 21 22
2484 40 44
2485 7 39
2486 63 90
2487 67 159
2488 142 160
2489 92 141
2490 57 149
2491 41 51
2492 59 137
2493 8 132
2494 26 114
2495 104 152
2496 88 114
2497 15 20
2498 36 143
2499 6 116
2500 61 129
2501 66 76
2502 139 142
2503 13 30
2504 87 123
2505 127 128
2506 92 102
2507 111 113
2508 96 97
2509 59 87
2510 60 95
2511 25 43
2512 6 7
2513 84 85
2514 49 157
2515 32 51
2516 50 101
2517 68 143
2518 70 96
2519 71 114
2520 74 111
2521 21 31
2522 116 147
2523 118 139
2524 63 67
2525 48 83
2526 16 44
2527 34 154
2528 72 89
2529 36 39
2530 148 150
2531 41 52
2532 59 142
2533 78 83
2534 8 139
2535 47 106
2536 12 56
2537 88 121
2538 103 121
2539 15 29
2540 38 150
2541 76 93
2542 6 111
2543 9 108
2544 66 71
2545 12 143
2546 13 23
2547 89 158
2548 105 160
2549 108 155
2550 127 137
2551 20 63
2552 59 108
2553 25 44
2554 65 133
2555 84 92
2556 49 150
2557 70 91
2558 90 135
2559 74 150
2560 38 112
2561 21 24
2562 4 32
2563 80 113
2564 95 97
2565 118 130
2566 63 72
2567 48 74
2568 11 94
2569 29 40
2570 67 141
2571 33 45
2572 16 35
2573 73 86
2574 36 46
2575 54 80
2576 148 157
2577 78 90
2578 81 150
2579 117 133
2580 151 160
2581 12 55
2582 106 150
2583 15 26
2584 56 105
2585 38 137
2586 76 84
2587 5 80
2588 45 57
2589 63 147
2590 66 94
2591 49 62
2592 12 134
2593 13 16
2594 37 154
2595 55 96
2596 3 6
2597 59 101
2598 96 127
2599 23 91
2600 64 104
2601 65 158
2602 49 143
2603 32 65
2604 70 82
2605 53 58
2606 71 96
2607 57 63
2608 75 101
2609 21 33
2610 95 110
2611 80 104
2612 118 133
2613 63 113
2614 29 33
2615 47 139
2616 105 112
2617 33 38
2618 16 26
2619 73 95
2620 92 154
2621 78 93
2622 79 81
2623 104 141
2624 106 145
2625 51 125
2626 56 112
2627 76 83
2628 77 91
2629 24 25
2630 5 89
2631 80 150
2632 63 152
2633 49 55
2634 15 144
2635 114 160
2636 25 62
2637 64 111
2638 45 67
2639 28 29
2640 65 151
2641 49 128
2642 84 98
2643 85 92
2644 120 124
2645 70 85
2646 71 89
2647 1 37
2648 57 64
2649 21 42
2650 4 22
2651 80 111
2652 43 117
2653 26 39
2654 7 11
2655 47 144
2656 33 63
2657 16 17
2658 72 78
2659 92 145
2660 41 47
2661 22 27
2662 5 49
2663 79 94
2664 10 140
2665 106 152
2666 51 66
2667 108 113
2668 112 116
2669 58 144
2670 77 84
2671 5 66
2672 66 80
2673 105 155
2674 23 105
2675 117 126
2676 64 102
2677 65 104
2678 120 131
2679 85 101
2680 14 35
2681 70 76
2682 71 86
2683 87 140
2684 1 62
2685 74 131
2686 89 98
2687 21 51
2688 4 29
2689 80 102
2690 109 159
2691 26 46
2692 115 136
2693 63 103
2694 29 51
2695 12 77
2696 50 152
2697 68 114
2698 104 108
2699 125 127
2700 56 143
2701 5 58
2702 9 63
2703 119 140
2704 30 50
2705 109 118
2706 19 114
2707 113 115
2708 58 155
2709 60 139
2710 133 134
2711 63 142
2712 83 145
2713 1 134
2714 60 122
2715 26 134
2716 120 138
2717 121 124
2718 85 110
2719 87 133
2720 70 71
2721 71 79
2722 89 107
2723 74 138
2724 109 152
2725 58 64
2726 143 151
2727 115 145
2728 80 93
2729 26 41
2730 7 121
2731 63 108
2732 11 122
2733 12 68
2734 50 147
2735 105 107
2736 73 114
2737 36 66
2738 54 60
2739 56 150
2740 93 111
2741 94 135
2742 119 133
2743 88 92
2744 34 40
2745 17 32
2746 52 66
2747 109 111
2748 37 45
2749 20 107
2750 113 116
2751 130 138
2752 62 63
2753 83 150
2754 49 90
2755 55 68
2756 111 155
2757 97 131
2758 62 142
2759 50 59
2760 89 108
2761 143 156
2762 109 145
2763 1 8
2764 57 91
2765 58 75
2766 146 157
2767 80 84
2768 12 67
2769 68 96
2770 105 108
2771 124 133
2772 72 99
2773 53 143
2774 36 73
2775 54 55
2776 2 41
2777 56 157
2778 93 104
2779 22 44
2780 142 145
2781 7 135
2782 9 41
2783 119 130
2784 154 156
2785 30 60
2786 103 147
2787 51 89
2788 34 35
2789 17 25
2790 130 133
2791 133 136
2792 49 83
2793 13 45
2794 72 140
2795 38 63
2796 111 160
2797 23 116
2798 8 126
2799 25 26
2800 65 115
2801 122 132
2802 73 147
2803 109 138
2804 146 148
2805 4 10
2806 5 132
2807 115 159
2808 26 59
2809 7 111
2810 46 62
2811 29 30
2812 12 122
2813 48 100
2814 68 111
2815 69 103
2816 142 152
2817 36 112
2818 19 24
2819 93 97
2820 128 140
2821 131 137
2822 22 39
2823 97 102
2824 27 40
2825 30 39
2826 34 58
2827 17 18
2828 52 80
2829 76 110
2830 23 28
2831 101 114
2832 157 160
2833 50 90
2834 13 38
2835 144 155
2836 18 51
2837 74 84
2838 55 90
2839 38 54
2840 64 66
2841 51 137
2842 14 63
2843 53 96
2844 73 148
2845 109 131
2846 110 115
2847 152 154
2848 7 100
2849 121 128
2850 12 113
2851 68 86
2852 51 54
2853 69 96
2854 15 36
2855 53 145
2856 73 101
2857 19 33
2858 55 141
2859 128 131
2860 22 62
2861 98 103
2862 61 81
2863 27 33
2864 100 156
2865 156 158
2866 30 46
2867 86 91
2868 34 53
2869 18 155
2870 19 142
2871 76 101
2872 77 113
2873 24 67
2874 135 138
2875 101 123
2876 66 143
2877 49 77
2878 50 85
2879 88 160
2880 102 123
2881 144 146
2882 18 42
2883 74 95
2884 38 41
2885 40 67
2886 97 150
2887 43 62
2888 8 108
2889 26 154
2890 134 139
2891 122 150
2892 51 142
2893 90 127
2894 73 157
2895 1 19
2896 57 110
2897 78 99
2898 83 84
2899 121 137
2900 12 104
2901 68 93
2902 51 63
2903 16 107
2904 53 154
2905 73 110
2906 19 38
2907 2 50
2908 55 138
2909 94 99
2910 5 7
2911 6 159
2912 61 106
2913 27 38
2914 10 82
2915 15 82
2916 54 139
2917 19 151
2918 55 59
2919 114 158
2920 59 60
2921 77 106
2922 102 114
2923 106 113
2924 14 158
2925 17 157
2926 18 37
2927 75 92
2928 4 80
2929 64 80
2930 32 137
2931 51 151
2932 53 114
2933 54 96
2934 1 20
2935 58 111
2936 96 150
2937 78 106
2938 25 158
2939 7 90
2940 83 93
2941 11 159
2942 47 67
2943 69 82
2944 15 42
2945 2 13
2946 24 34
2947 27 63
2948 118 124
2949 29 154
2950 47 48
2951 87 89
2952 125 134
2953 19 156
2954 20 22
2955 114 153
2956 77 99
2957 132 133
2958 23 43
2959 81 96
2960 102 117
2961 49 127
2962 50 71
2963 31 59
2964 141 156
2965 35 60
2966 18 28
2967 110 149
2968 75 85
2969 38 91
2970 113 154
2971 126 127
2972 23 152
2973 43 44
2974 64 87
2975 65 95
2976 14 16
2977 73 143
2978 114 123
2979 149 157
2980 79 97
2981 26 31
2982 83 98
2983 47 72
2984 123 139
2985 69 91
2986 126 132
2987 36 148
2988 55 152
2989 2 4
2990 56 64
2991 77 139
2992 24 41
2993 5 9
2994 6 137
2995 64 128
2996 118 119
2997 119 127
2998 47 57
2999 20 29
3000 114 144
3001 142 158
3002 132 140
3003 23 32
3004 79 135
3005 81 89
3006 45 115
3007 66 152
3008 49 112
3009 32 40
3010 31 32
3011 141 149
3012 17 143
3013 18 23
3014 35 37
3015 113 147
3016 3 76
3017 4 70
3018 89 90
3019 53 68
3020 145 152
3021 2 108
3022 58 113
3023 22 107
3024 95 148
3025 79 110
3026 7 72
3027 83 107
3028 11 141
3029 47 81
3030 50 160
3031 68 74
3032 123 128
3033 36 147
3034 93 94
3035 5 114
3036 137 138
3037 66 96
3038 67 114
3039 102 148
3040 86 103
3041 91 104
3042 20 36
3043 59 67
3044 132 139
3045 43 141
3046 6 19
3047 81 82
3048 28 36
3049 102 103
3050 49 105
3051 32 47
3052 13 67
3053 31 41
3054 141 142
3055 35 42
3056 91 153
3057 147 155
3058 38 85
3059 4 77
3060 7 48
3061 9 158
3062 29 67
3063 53 77
3064 39 46
3065 95 157
3066 151 159
3067 44 59
3068 11 130
3069 47 94
3070 13 154
3071 69 77
3072 88 101
3073 36 154
3074 94 95
3075 64 158
3076 87 100
3077 52 58
3078 35 66
3079 91 97
3080 20 35
3081 21 155
3082 6 10
3083 28 35
3084 46 141
3085 32 38
3086 91 158
3087 147 160
3088 113 141
3089 95 117
3090 63 92
3091 1 112
3092 57 147
3093 8 158
3094 48 53
3095 47 103
3096 56 85
3097 24 62
3098 150 153
3099 6 114
3100 64 149
3101 10 113
3102 66 114
3103 30 116
3104 86 113
3105 89 147
3106 91 102
3107 92 104
3108 20 42
3109 60 65
3110 25 33
3111 6 13
3112 49 155
3113 74 101
3114 38 71
3115 40 45
3116 95 114
3117 44 154
3118 48 93
3119 16 54
3120 72 83
3121 1 73
3122 57 148
3123 8 133
3124 47 108
3125 104 153
3126 15 23
3127 41 67
3128 6 117
3129 9 106
3130 66 77
3131 13 29
3132 35 112
3133 91 127
3134 92 103
3135 55 109
3136 20 49
3137 96 98
3138 59 86
3139 111 112
3140 23 68
3141 25 42
3142 127 131
3143 84 86
3144 50 98
3145 68 136
3146 70 97
3147 53 55
3148 74 108
3149 21 30
3150 95 123
3151 118 136
3152 63 66
3153 48 84
3154 29 46
3155 104 113
3156 33 43
3157 16 45
3158 34 155
3159 72 90
3160 2 112
3161 57 157
3162 41 59
3163 148 151
3164 78 80
3165 8 140
3166 10 144
3167 88 122
3168 52 96
3169 15 28
3170 76 94
3171 6 108
3172 45 63
3173 63 149
3174 66 68
3175 12 136
3176 13 22
3177 127 136
3178 37 144
3179 55 106
3180 25 51
3181 8 85
3182 84 93
3183 49 149
3184 70 88
3185 1 42
3186 21 39
3187 4 33
3188 80 114
3189 95 96
3190 99 101
3191 118 131
3192 63 75
3193 48 75
3194 29 39
3195 47 141
3196 33 44
3197 73 85
3198 36 47
3199 148 158
3200 41 60
3201 59 134
3202 78 91
3203 117 132
3204 9 11
3205 10 155
3206 47 114
3207 12 48
3208 103 113
3209 104 135
3210 106 151
3211 17 59
3212 56 106
3213 58 143
3214 76 85
3215 63 146
3216 10 106
3217 49 61
3218 12 135
3219 13 15
3220 3 9
3221 23 90
3222 25 52
3223 64 105
3224 65 157
3225 84 100
3226 49 142
3227 32 66
3228 140 150
3229 70 83
3230 53 57
3231 71 99
3232 57 62
3233 75 100
3234 21 32
3235 4 40
3236 39 122
3237 95 105
3238 63 112
3239 48 66
3240 29 32
3241 47 138
3242 33 37
3243 73 94
3244 129 135
3245 5 55
3246 79 80
3247 9 12
3248 47 123
3249 12 47
3250 103 110
3251 33 150
3252 106 158
3253 56 113
3254 37 49
3255 58 150
3256 77 90
3257 24 26
3258 6 94
3259 136 137
3260 45 49
3261 63 155
3262 49 54
3263 105 145
3264 108 138
3265 111 143
3266 59 125
3267 23 83
3268 62 154
3269 45 66
3270 64 96
3271 65 150
3272 84 99
3273 85 91
3274 120 125
3275 70 74
3276 71 88
3277 57 71
3278 21 41
3279 80 96
3280 26 36
3281 7 10
3282 48 121
3283 50 158
3284 33 62
3285 16 18
3286 68 116
3287 72 79
3288 1 85
3289 41 46
3290 22 24
3291 5 48
3292 79 89
3293 81 135
3294 7 155
3295 106 153
3296 51 69
3297 15 107
3298 108 114
3299 19 108
3300 112 117
3301 58 145
3302 77 83
3303 60 141
3304 6 81
3305 67 69
3306 30 91
3307 86 148
3308 15 152
3309 108 129
3310 55 113
3311 111 148
3312 39 155
3313 59 114
3314 24 144
3315 23 104
3316 8 74
3317 64 103
3318 65 111
3319 117 125
3320 120 132
3321 85 100
3322 121 122
3323 14 32
3324 70 77
3325 71 81
3326 89 97
3327 80 103
3328 26 47
3329 63 102
3330 11 68
3331 30 160
3332 47 152
3333 50 153
3334 69 139
3335 125 126
3336 54 58
3337 37 82
3338 56 144
3339 61 76
3340 153 160
3341 27 68
3342 30 51
3343 34 46
3344 15 112
3345 17 46
3346 52 68
3347 113 114
3348 58 152
3349 42 62
3350 6 72
3351 30 66
3352 13 58
3353 105 131
3354 8 113
3355 65 96
3356 120 139
3357 89 106
3358 90 152
3359 71 78
3360 143 150
3361 74 139
3362 58 65
3363 21 59
3364 4 5
3365 39 97
3366 80 94
3367 26 54
3368 63 111
3369 48 119
3370 11 125
3371 12 69
3372 50 144
3373 105 106
3374 142 143
3375 36 67
3376 54 61
3377 2 47
3378 56 151
3379 75 152
3380 93 110
3381 119 132
3382 30 58
3383 88 93
3384 51 83
3385 16 159
3386 17 39
3387 34 41
3388 35 141
3389 37 44
3390 20 116
3391 109 110
3392 130 139
3393 6 67
3394 13 51
3395 18 62
3396 1 158
3397 55 71
3398 60 114
3399 8 120
3400 50 56
3401 90 99
3402 143 159
3403 109 144
3404 1 15
3405 146 154
3406 4 12
3407 80 85
3408 43 91
3409 115 153
3410 7 113
3411 101 150
3412 48 110
3413 12 124
3414 30 146
3415 68 97
3416 124 134
3417 72 100
3418 142 150
3419 56 158
3420 93 103
3421 97 108
3422 61 94
3423 154 157
3424 17 24
3425 112 154
3426 6 58
3427 82 139
3428 13 44
3429 38 60
3430 3 106
3431 26 137
3432 65 114
3433 48 150
3434 122 133
3435 50 51
3436 14 53
3437 90 106
3438 73 146
3439 146 149
3440 58 83
3441 4 11
3442 115 158
3443 43 80
3444 46 63
3445 48 101
3446 68 104
3447 69 102
3448 142 153
3449 73 99
3450 19 27
3451 75 150
3452 93 96
3453 131 136
3454 22 36
3455 97 101
3456 27 43
3457 100 150
3458 30 36
3459 16 141
3460 34 59
3461 41 155
3462 42 43
3463 23 31
3464 135 140
3465 50 91
3466 13 37
3467 14 141
3468 144 156
3469 74 85
3470 64 67
3471 65 75
3472 48 141
3473 122 140
3474 53 111
3475 1 25
3476 57 100
3477 110 112
3478 5 140
3479 152 155
3480 7 103
3481 121 135
3482 12 114
3483 30 156
3484 51 57
3485 68 87
3486 15 39
3487 53 144
3488 73 100
3489 19 32
3490 2 56
3491 128 132
3492 77 159
3493 4 129
3494 98 100
3495 61 80
3496 9 90
3497 27 32
3498 156 159
3499 30 47
3500 86 88
3501 18 152
3502 19 145
3503 55 61
3504 76 102
3505 101 122
3506 31 52
3507 144 147
3508 17 155
3509 18 43
3510 74 92
3511 38 46
3512 4 106
3513 26 155
3514 64 90
3515 45 152
3516 48 132
3517 134 136
3518 73 156
3519 78 96
3520 83 87
3521 121 136
3522 47 69
3523 12 105
3524 68 94
3525 51 62
3526 69 104
3527 15 44
3528 128 155
3529 19 41
3530 93 114
3531 94 96
3532 77 152
3533 5 6
3534 125 140
3535 19 150
3536 55 58
3537 3 48
3538 59 63
3539 25 67
3540 81 110
3541 155 157
3542 50 77
3543 31 61
3544 14 159
3545 17 156
3546 18 34
3547 110 147
3548 75 95
3549 43 54
3550 64 81
3551 1 107
3552 2 155
3553 58 108
3554 7 85
3555 83 92
3556 11 158
3557 30 142
3558 47 66
3559 68 69
3560 69 81
3561 15 53
3562 17 107
3563 126 130
3564 19 46
3565 2 10
3566 24 35
3567 62 112
3568 9 68
3569 10 90
3570 27 62
3571 47 51
3572 66 111
3573 118 125
3574 87 88
3575 125 133
3576 19 159
3577 20 23
3578 112 134
3579 77 98
3580 114 150
3581 23 42
3582 6 38
3583 81 103
3584 132 134
3585 102 106
3586 50 68
3587 31 58
3588 141 155
3589 35 63
3590 18 29
3591 74 78
3592 75 84
3593 113 153
3594 3 70
3595 23 155
3596 43 47
3597 7 61
3598 65 94
3599 29 112
3600 51 159
3601 14 17
3602 53 122
3603 1 108
3604 39 59
3605 149 156
3606 78 114
3607 79 96
3608 26 28
3609 7 82
3610 83 101
3611 11 151
3612 47 75
3613 68 76
3614 69 90
3615 123 138
3616 126 133
3617 36 149
3618 19 55
3619 2 5
3620 55 155
3621 56 65
3622 24 42
3623 5 8
3624 27 55
3625 119 126
3626 66 102
3627 47 56
3628 122 123
3629 52 53
3630 20 30
3631 114 145
3632 59 77
3633 23 35
3634 81 88
3635 45 114
3636 28 46
3637 32 41
3638 31 35
3639 107 114
3640 70 122
3641 35 36
3642 18 20
3643 110 157
3644 75 77
3645 38 83
3646 141 148
3647 4 71
3648 42 158
3649 23 144
3650 147 149
3651 7 58
3652 65 87
3653 14 24
3654 53 67
3655 145 159
3656 2 109
3657 114 115
3658 7 75
3659 83 106
3660 11 140
3661 47 80
3662 68 75
3663 123 131
3664 52 141
3665 15 59
3666 126 140
3667 55 144
3668 77 131
3669 24 49
3670 5 113
3671 64 152
3672 10 76
3673 66 97
3674 67 117
3675 31 155
3676 86 100
3677 52 60
3678 87 110
3679 125 151
3680 20 37
3681 3 39
3682 21 145
3683 82 97
3684 28 37
3685 66 144
3686 31 40
3687 106 107
3688 35 45
3689 91 152
3690 147 154
3691 8 9
3692 63 86
3693 67 147
3694 36 52
3695 1 126
3696 39 41
3697 151 158
3698 8 152
3699 48 63
3700 11 133
3701 47 89
3702 88 102
3703 69 76
3704 36 155
3705 2 23
3706 61 141
3707 64 159
3708 102 140
3709 30 114
3710 87 103
3711 52 59
3712 91 96
3713 20 44
3714 21 154
3715 59 91
3716 23 49
3717 6 11
3718 82 88
3719 28 60
3720 49 97
3721 32 39
3722 50 113
3723 68 155
3724 91 145
3725 93 141
3726 115 160
3727 8 48
3728 44 156
3729 63 95
3730 99 113
3731 90 91
3732 53 85
3733 36 51
3734 57 146
3735 44 51
3736 9 23
3737 47 102
3738 20 68
3739 38 154
3740 24 63
3741 150 158
3742 64 150
3743 10 126
3744 30 117
3745 127 133
3746 20 43
3747 96 108
3748 60 66
3749 25 32
3750 32 62
3751 50 104
3752 70 111
3753 91 150
3754 74 98
3755 20 154
3756 39 78
3757 40 46
3758 116 150
3759 8 55
3760 9 143
3761 44 155
3762 48 94
3763 63 68
3764 72 84
3765 36 58
3766 1 72
3767 54 68
3768 57 155
3769 59 139
3770 8 134
3771 26 112
3772 47 111
3773 15 22
3774 36 137
3775 20 67
3776 41 66
3777 5 108
3778 6 106
3779 9 105
3780 10 121
3781 66 74
3782 12 146
3783 13 28
3784 87 117
3785 108 158
3786 127 130
3787 92 96
3788 55 108
3789 111 115
3790 96 99
3791 23 71
3792 25 41
3793 84 87
3794 49 147
3795 32 53
3796 50 99
3797 88 146
3798 70 102
3799 53 54
3800 71 108
3801 74 109
3802 21 29
3803 118 137
3804 63 77
3805 48 85
3806 11 91
3807 29 45
3808 67 134
3809 33 42
3810 16 46
3811 69 150
3812 72 91
3813 73 83
3814 104 114
3815 2 113
3816 57 156
3817 78 81
3818 12 58
3819 33 155
3820 15 31
3821 76 95
3822 61 152
3823 45 62
3824 63 148
3825 66 69
3826 49 59
3827 12 137
3828 13 21
3829 108 149
3830 127 139
3831 60 80
3832 84 94
3833 88 153
3834 70 89
3835 53 63
3836 71 101
3837 1 41
3838 75 110
3839 21 38
3840 4 34
3841 95 99
3842 99 100
3843 63 74
3844 48 76
3845 29 38
3846 47 140
3847 33 35
3848 16 37
3849 53 160
3850 36 40
3851 1 90
3852 73 84
3853 148 159
3854 78 88
3855 81 148
3856 26 66
3857 9 10
3858 10 152
3859 27 112
3860 84 135
3861 12 49
3862 117 131
3863 56 107
3864 37 55
3865 112 120
3866 76 86
3867 6 100
3868 63 157
3869 49 60
3870 12 128
3871 13 14
3872 67 86
3873 3 8
3874 59 103
3875 96 113
3876 23 85
3877 25 59
3878 64 106
3879 65 156
3880 84 101
3881 49 141
3882 32 67
3883 70 80
3884 53 56
3885 71 98
3886 57 61
3887 75 103
3888 93 145
3889 95 104
3890 7 12
3891 63 115
3892 48 67
3893 11 73
3894 12 89
3895 47 149
3896 33 36
3897 16 28
3898 72 73
3899 73 93
3900 129 134
3901 79 83
3902 81 141
3903 117 140
3904 47 122
3905 106 159
3906 108 116
3907 56 114
3908 58 151
3909 76 77
3910 24 27
3911 5 71
3912 77 89
3913 136 138
3914 63 154
3915 49 53
3916 105 144
3917 86 146
3918 60 102
3919 23 82
3920 25 60
3921 62 155
3922 64 97
3923 28 31
3924 65 149
3925 85 90
3926 120 126
3927 70 75
3928 71 91
3929 38 96
3930 3 158
3931 4 16
3932 21 40
3933 80 97
3934 26 37
3935 48 122
3936 47 146
3937 50 159
3938 16 19
3939 2 90
3940 41 45
3941 22 25
3942 5 63
3943 79 88
3944 52 126
3945 108 115
3946 112 118
3947 58 158
3948 77 82
3949 60 142
3950 82 159
3951 63 131
3952 15 155
3953 55 112
3954 111 151
3955 39 154
3956 59 117
3957 23 107
3958 117 124
3959 62 130
3960 65 110
3961 120 133
3962 84 107
3963 85 99
3964 14 33
3965 89 96
3966 71 80
3967 90 158
3968 109 157
3969 58 71
3970 3 135
3971 80 88
3972 26 44
3973 63 97
3974 48 113
3975 29 49
3976 12 79
3977 47 155
3978 33 54
3979 50 150
3980 104 110
3981 73 79
3982 56 145
3983 9 61
3984 51 77
3985 34 47
3986 109 116
3987 58 153
3988 5 73
3989 6 73
3990 67 77
3991 30 67
3992 55 73
3993 3 127
3994 64 127
3995 120 140
3996 85 108
3997 87 135
3998 71 73
3999 143 145
4000 74 136
4001 57 80
4002 58 78
4003 3 140
4004 4 6
4005 80 95
4006 115 147
4007 146 160
4008 63 110
4009 48 104
4010 11 124
4011 47 160
4012 50 145
4013 68 123
4014 124 136
4015 56 152
4016 22 43
4017 97 106
4018 61 68
4019 119 135
4020 30 59
4021 88 94
4022 103 148
4023 16 144
4024 17 38
4025 34 38
4026 52 76
4027 37 43
4028 20 117
4029 58 160
4030 130 136
4031 24 112
4032 60 156
4033 133 141
4034 66 160
4035 158 159
4036 107 155
4037 72 135
4038 38 58
4039 3 100
4040 8 121
4041 64 118
4042 50 57
4043 14 51
4044 89 114
4045 90 96
4046 109 143
4047 1 14
4048 57 89
4049 143 158
4050 21 67
4051 4 13
4052 80 86
4053 115 152
4054 26 62
4055 146 155
4056 46 53
4057 11 117
4058 12 125
4059 30 147
4060 48 111
4061 124 135
4062 72 101
4063 53 141
4064 142 151
4065 19 21
4066 37 67
4067 93 102
4068 97 99
4069 30 34
4070 17 31
4071 112 155
4072 130 131
4073 6 59
4074 85 141
4075 55 95
4076 38 61
4077 64 77
4078 65 113
4079 48 151
4080 51 130
4081 73 145
4082 1 7
4083 2 143
4084 57 98
4085 58 80
4086 96 131
4087 5 130
4088 26 57
4089 7 105
4090 46 60
4091 11 106
4092 12 116
4093 30 154
4094 48 102
4095 50 131
4096 68 105
4097 53 150
4098 69 101
4099 19 26
4100 2 62
4101 73 98
4102 131 139
4103 4 155
4104 22 37
4105 97 100
4106 27 42
4107 30 37
4108 18 158
4109 76 104
4110 41 154
4111 23 30
4112 25 112
4113 85 150
4114 50 88
4115 13 36
4116 144 157
4117 74 82
4118 38 52
4119 3 82
4120 4 108
4121 43 59
4122 8 103
4123 64 68
4124 45 158
4125 48 142
4126 32 125
4127 90 114
4128 73 154
4129 110 113
4130 58 91
4131 5 139
4132 152 156
4133 101 135
4134 121 134
4135 68 80
4136 69 110
4137 15 38
4138 128 133
4139 19 35
4140 55 143
4141 4 130
4142 98 101
4143 6 154
4144 61 111
4145 9 89
4146 27 35
4147 30 44
4148 86 89
4149 34 51
4150 19 144
4151 55 60
4152 76 103
4153 77 111
4154 112 137
4155 6 53
4156 82 122
4157 10 56
4158 66 141
4159 49 67
4160 50 83
4161 31 55
4162 106 116
4163 144 148
4164 17 154
4165 18 40
4166 74 93
4167 75 89
4168 38 47
4169 26 152
4170 64 91
4171 65 67
4172 134 137
4173 51 144
4174 100 101
4175 1 17
4176 96 145
4177 78 97
4178 25 155
4179 43 65
4180 83 86
4181 11 152
4182 12 106
4183 47 68
4184 68 95
4185 69 87
4186 53 152
4187 73 108
4188 19 40
4189 94 97
4190 61 104
4191 118 123
4192 47 53
4193 125 139
4194 18 144
4195 19 153
4196 114 156
4197 59 62
4198 77 104
4199 23 44
4200 25 66
4201 49 68
4202 50 74
4203 31 60
4204 14 156
4205 18 35
4206 110 144
4207 75 94
4208 4 82
4209 23 157
4210 64 82
4211 14 15
4212 53 112
4213 54 102
4214 1 106
4215 2 152
4216 115 116
4217 78 104
4218 7 84
4219 83 95
4220 11 145
4221 47 77
4222 68 70
4223 69 80
4224 126 131
4225 19 49
4226 2 11
4227 94 104
4228 24 36
4229 9 75
4230 27 49
4231 66 108
4232 47 50
4233 87 91
4234 125 132
4235 19 158
4236 21 142
4237 41 141
4238 77 97
4239 114 151
4240 6 39
4241 81 102
4242 132 135
4243 50 69
4244 31 37
4245 141 154
4246 35 62
4247 18 26
4248 74 79
4249 75 87
4250 40 51
4251 91 141
4252 4 89
4253 113 152
4254 23 154
4255 43 46
4256 7 60
4257 45 137
4258 65 93
4259 14 22
4260 73 141
4261 149 155
4262 79 99
4263 26 29
4264 7 77
4265 83 100
4266 47 74
4267 68 77
4268 69 89
4269 126 138
4270 36 150
4271 56 66
4272 24 43
4273 5 119
4274 119 121
4275 66 103
4276 47 59
4277 102 147
4278 86 98
4279 52 54
4280 125 157
4281 54 155
4282 20 31
4283 114 142
4284 23 34
4285 81 95
4286 82 103
4287 66 150
4288 32 42
4289 31 34
4290 68 150
4291 141 147
4292 35 39
4293 18 21
4294 75 76
4295 20 142
4296 3 78
4297 38 80
4298 113 145
4299 147 148
4300 9 155
4301 65 86
4302 14 25
4303 53 66
4304 145 158
4305 2 106
4306 39 51
4307 95 150
4308 79 104
4309 44 62
4310 7 74
4311 11 143
4312 47 83
4313 13 159
4314 88 96
4315 16 82
4316 52 142
4317 123 130
4318 36 157
4319 19 63
4320 6 134
4321 64 153
4322 153 159
4323 10 77
4324 31 154
4325 86 101
4326 52 61
4327 89 135
4328 91 106
4329 20 38
4330 21 144
4331 59 69
4332 60 77
4333 23 59
4334 82 94
4335 45 106
4336 66 145
4337 49 111
4338 32 33
4339 31 43
4340 14 113
4341 70 114
4342 35 44
4343 74 113
4344 147 157
4345 8 10
4346 67 146
4347 145 151
4348 36 53
4349 39 40
4350 79 113
4351 44 53
4352 151 153
4353 83 114
4354 11 132
4355 47 88
4356 88 103
4357 69 75
4358 24 57
4359 5 121
4360 61 140
4361 64 144
4362 102 141
4363 30 115
4364 87 102
4365 91 99
4366 56 63
4367 60 68
4368 6 8
4369 82 89
4370 49 96
4371 50 110
4372 71 121
4373 91 144
4374 74 120
4375 38 66
4376 39 80
4377 116 136
4378 63 94
4379 48 88
4380 67 155
4381 36 60
4382 54 66
4383 57 145
4384 47 97
4385 104 148
4386 88 110
4387 38 155
4388 150 159
4389 6 112
4390 64 151
4391 27 29
4392 10 127
4393 127 132
4394 92 106
4395 59 83
4396 60 67
4397 23 73
4398 25 39
4399 65 136
4400 46 154
4401 32 63
4402 50 105
4403 14 67
4404 68 131
4405 74 99
4406 20 155
4407 8 56
4408 63 71
4409 48 95
4410 72 85
4411 36 59
4412 57 154
4413 95 141
4414 78 79
4415 8 135
4416 47 110
4417 52 155
4418 15 17
4419 19 82
4420 6 107
4421 136 150
4422 67 107
4423 12 147
4424 13 27
4425 30 125
4426 86 142
4427 108 159
4428 91 113
4429 92 97
4430 55 111
4431 20 51
4432 96 100
4433 111 114
4434 127 141
4435 25 40
4436 8 80
