1 39 70
2 100 112
3 63 76
4 104 115
5 33 41
6 104 130
7 15 30
8 19 91
9 80 155
10 136 157
11 85 87
12 32 77
13 95 98
14 8 38
15 99 103
16 118 129
17 131 160
18 61 63
19 27 115
20 108 126
21 37 54
22 112 121
23 108 141
24 3 11
25 140 144
26 70 81
27 93 144
28 3 152
29 22 148
30 12 90
31 16 29
32 36 80
33 79 82
34 117 139
35 103 104
36 106 156
37 45 47
38 102 160
39 49 52
40 45 64
41 120 127
42 1 58
43 115 132
44 105 126
45 129 158
46 20 96
47 77 81
48 10 26
49 67 71
50 30 89
51 105 152
52 91 93
53 111 150
54 33 68
55 90 159
56 57 78
57 5 150
58 104 111
59 33 53
60 119 137
61 52 70
62 109 115
63 19 119
64 42 60
65 8 115
66 28 110
67 89 104
68 71 72
69 109 149
70 4 7
71 99 131
72 28 157
73 94 138
74 131 156
75 61 67
76 88 95
77 51 85
78 37 42
79 107 154
80 144 160
81 40 81
82 97 128
83 26 140
84 50 54
85 46 58
86 16 121
87 93 101
88 97 98
89 154 155
90 103 140
91 16 136
92 25 110
93 135 145
94 49 80
95 25 31
96 120 155
97 11 28
98 1 6
99 58 81
100 96 132
101 25 136
102 101 157
103 128 143
104 34 57
105 24 127
106 10 62
107 101 127
108 110 135
109 43 58
110 134 151
111 90 115
112 110 118
113 43 75
114 124 150
115 62 68
116 100 159
117 137 147
118 19 147
119 132 146
120 14 154
121 38 44
122 65 66
123 28 114
124 122 149
125 98 138
126 47 71
127 75 134
128 94 102
129 4 138
130 98 125
131 118 120
132 47 52
133 112 129
134 23 47
135 155 159
136 50 75
137 107 134
138 40 77
139 64 83
140 46 86
141 121 151
142 16 101
143 126 128
144 2 8
145 102 153
146 31 151
147 35 80
148 102 104
149 96 160
150 115 124
151 149 154
152 44 64
153 68 78
154 125 156
155 20 24
156 114 143
157 6 31
158 91 133
159 147 151
160 20 143
161 9 154
162 53 65
163 39 50
164 123 133
165 56 74
166 5 127
167 137 143
168 89 134
169 52 62
170 56 57
171 32 34
172 14 118
173 38 72
174 113 137
175 8 11
176 145 150
177 95 158
178 151 152
179 13 151
180 88 104
181 41 86
182 127 158
183 60 69
184 88 134
185 93 139
186 40 41
187 36 61
188 22 120
189 26 119
190 154 160
191 150 156
192 102 133
193 139 141
194 35 76
195 92 107
196 96 110
197 59 82
198 116 144
199 48 80
200 72 86
201 92 137
202 6 104
203 125 160
204 91 112
205 111 125
206 39 65
207 100 113
208 63 79
209 104 116
210 33 40
211 104 131
212 15 25
213 136 158
214 66 67
215 85 86
216 32 78
217 18 113
218 95 109
219 99 102
220 118 134
221 61 62
222 27 114
223 108 127
224 37 53
225 112 122
226 108 142
227 3 10
228 140 145
229 70 86
230 12 91
231 16 30
232 36 81
233 117 138
234 103 107
235 106 157
236 45 46
237 120 128
238 115 135
239 105 125
240 129 157
241 10 136
242 77 80
243 10 27
244 67 70
245 30 94
246 105 159
247 91 92
248 111 145
249 33 91
250 90 156
251 57 77
252 5 149
253 33 52
254 119 136
255 52 71
256 109 114
257 19 118
258 113 119
259 42 61
260 8 116
261 89 111
262 71 75
263 109 148
264 146 158
265 99 130
266 28 158
267 142 146
268 94 139
269 131 159
270 61 66
271 27 94
272 51 84
273 37 41
274 107 157
275 40 82
276 3 102
277 97 135
278 23 123
279 26 141
280 64 72
281 50 55
282 46 59
283 12 127
284 50 134
285 16 122
286 93 100
287 103 143
288 135 144
289 49 87
290 1 148
291 25 30
292 120 156
293 11 31
294 1 5
295 96 133
296 101 156
297 30 43
298 34 54
299 101 126
300 110 132
301 43 61
302 134 148
303 33 103
304 90 112
305 110 119
306 5 137
307 43 74
308 124 151
309 5 26
310 62 69
311 100 152
312 137 146
313 18 151
314 19 146
315 132 147
316 14 155
317 38 45
318 8 16
319 122 146
320 98 139
321 27 141
322 47 70
323 94 103
324 98 122
325 27 58
326 118 121
327 47 55
328 112 130
329 155 158
330 50 72
331 107 121
332 141 159
333 40 78
334 64 84
335 46 87
336 121 150
337 12 99
338 16 102
339 126 129
340 2 9
341 102 158
342 35 83
343 59 73
344 102 105
345 21 110
346 115 127
347 149 153
348 44 65
349 68 79
350 125 155
351 20 25
352 114 140
353 6 28
354 91 132
355 110 160
356 147 150
357 53 64
358 39 45
359 123 132
360 56 75
361 5 126
362 9 123
363 137 142
364 89 133
365 52 63
366 56 58
367 32 35
368 38 73
369 113 136
370 8 12
371 145 149
372 95 153
373 151 155
374 8 155
375 88 105
376 41 85
377 127 153
378 40 155
379 3 17
380 60 70
381 50 108
382 88 135
383 93 138
384 40 42
385 22 142
386 36 62
387 26 116
388 150 157
389 139 140
390 35 79
391 92 100
392 96 111
393 59 85
394 152 160
395 116 145
396 48 81
397 72 87
398 92 138
399 91 115
400 111 124
401 39 64
402 100 114
403 63 78
404 104 117
405 33 47
406 104 132
407 123 160
408 15 24
409 19 93
410 42 70
411 136 159
412 32 79
413 95 108
414 99 105
415 118 135
416 27 117
417 108 120
418 37 52
419 112 123
420 108 143
421 3 13
422 117 119
423 140 146
424 70 87
425 3 154
426 16 31
427 36 82
428 2 94
429 117 137
430 12 43
431 103 106
432 106 154
433 120 129
434 115 134
435 105 124
436 129 156
437 7 151
438 58 157
439 77 79
440 10 24
441 67 73
442 105 158
443 91 95
444 111 144
445 90 157
446 143 149
447 57 76
448 5 148
449 124 140
450 119 139
451 52 64
452 109 113
453 19 121
454 113 118
455 42 58
456 8 117
457 62 136
458 28 104
459 89 110
460 71 74
461 109 147
462 146 159
463 99 133
464 28 159
465 142 147
466 37 71
467 94 136
468 131 158
469 61 65
470 51 87
471 17 27
472 37 40
473 107 156
474 40 83
475 97 134
476 23 122
477 26 138
478 64 73
479 50 52
480 46 56
481 16 123
482 93 99
483 103 142
484 130 158
485 135 147
486 49 86
487 25 29
488 120 157
489 11 30
490 1 4
491 96 134
492 44 94
493 101 155
494 68 84
495 128 129
496 34 55
497 101 125
498 110 133
499 43 60
500 134 149
501 90 113
502 110 116
503 5 136
504 43 77
505 124 144
506 5 25
507 62 74
508 9 94
509 100 153
510 137 145
511 18 148
512 19 149
513 132 156
514 14 152
515 8 17
516 122 147
517 98 136
518 47 65
519 17 118
520 94 100
521 98 123
522 118 126
523 47 54
524 112 131
525 50 73
526 107 120
527 141 158
528 17 144
529 40 79
530 23 158
531 64 85
532 2 151
533 46 84
534 121 149
535 12 28
536 126 134
537 2 6
538 102 159
539 35 82
540 59 72
541 102 110
542 115 126
543 149 152
544 44 66
545 68 72
546 6 130
547 125 154
548 20 26
549 114 141
550 6 29
551 157 159
552 91 135
553 147 153
554 39 95
555 63 85
556 53 79
557 39 44
558 123 135
559 56 76
560 5 125
561 9 122
562 137 141
563 89 132
564 52 56
565 56 59
566 32 36
567 38 78
568 113 143
569 8 13
570 145 148
571 95 152
572 151 154
573 88 106
574 41 84
575 127 152
576 3 16
577 60 71
578 88 136
579 93 137
580 40 43
581 36 63
582 26 117
583 139 143
584 12 151
585 35 78
586 92 101
587 59 84
588 68 142
589 116 146
590 7 29
591 48 82
592 92 139
593 148 149
594 78 82
595 10 146
596 91 114
597 20 62
598 111 127
599 90 134
600 39 67
601 100 115
602 63 73
603 104 118
604 33 46
605 104 133
606 15 27
607 42 71
608 32 64
609 95 111
610 99 104
611 118 132
612 108 121
613 37 51
614 112 124
615 108 136
616 3 12
617 117 118
618 140 147
619 70 84
620 36 83
621 22 26
622 117 136
623 106 155
624 120 130
625 115 137
626 48 126
627 68 113
628 129 147
629 20 99
630 77 78
631 24 102
632 10 25
633 67 72
634 105 157
635 91 94
636 111 147
637 90 154
638 143 148
639 57 83
640 5 147
641 124 141
642 119 138
643 52 65
644 109 112
645 19 120
646 113 117
647 42 59
648 4 115
649 8 118
650 28 105
651 89 109
652 109 146
653 146 156
654 99 132
655 142 144
656 37 70
657 94 137
658 61 64
659 51 86
660 17 26
661 112 152
662 107 159
663 40 84
664 97 133
665 26 139
666 64 74
667 50 53
668 26 58
669 46 57
670 12 121
671 93 98
672 97 103
673 103 137
674 16 139
675 130 159
676 135 146
677 49 85
678 25 28
679 120 158
680 48 139
681 11 17
682 1 27
683 96 135
684 152 153
685 101 154
686 30 158
687 68 85
688 128 130
689 34 52
690 101 124
691 110 138
692 43 63
693 134 138
694 90 126
695 110 117
696 43 76
697 124 145
698 15 34
699 5 24
700 62 75
701 9 93
702 100 154
703 137 144
704 29 130
705 19 148
706 132 157
707 8 18
708 65 71
709 122 144
710 98 137
711 99 160
712 27 143
713 47 64
714 94 101
715 98 120
716 118 127
717 47 49
718 112 132
719 50 70
720 107 123
721 141 157
722 17 151
723 40 48
724 64 86
725 26 30
726 46 85
727 121 148
728 12 29
729 16 88
730 126 135
731 2 7
732 102 156
733 35 85
734 59 75
735 102 111
736 92 160
737 44 67
738 68 73
739 125 153
740 91 105
741 20 27
742 114 138
743 24 94
744 6 18
745 81 83
746 157 158
747 91 134
748 147 152
749 63 84
750 53 78
751 39 47
752 123 134
753 56 77
754 5 124
755 62 103
756 137 140
757 89 139
758 52 57
759 56 60
760 32 37
761 38 79
762 113 142
763 8 14
764 95 155
765 88 107
766 127 155
767 112 160
768 3 19
769 60 64
770 88 137
771 93 136
772 40 44
773 36 56
774 22 127
775 26 114
776 139 142
777 12 144
778 92 102
779 96 97
780 59 87
781 21 31
782 116 147
783 44 144
784 7 28
785 48 83
786 11 89
787 92 132
788 148 150
789 78 83
790 10 98
791 105 160
792 91 117
793 111 126
794 138 142
795 90 135
796 39 66
797 100 124
798 63 72
799 104 119
800 33 45
801 104 134
802 33 158
803 15 26
804 19 95
805 76 84
806 42 68
807 8 91
808 62 146
809 32 65
810 18 108
811 95 110
812 8 42
813 99 107
814 118 133
815 94 146
816 108 122
817 37 50
818 112 125
819 108 137
820 3 15
821 70 85
822 16 17
823 22 27
824 117 151
825 106 152
826 120 131
827 1 62
828 115 136
829 44 116
830 125 127
831 129 146
832 20 108
833 58 155
834 67 75
835 30 93
836 105 156
837 111 146
838 90 155
839 143 151
840 57 82
841 5 146
842 124 142
843 119 133
844 52 66
845 109 111
846 19 123
847 113 116
848 42 56
849 133 143
850 62 63
851 14 130
852 62 142
853 89 108
854 109 145
855 146 157
856 99 135
857 142 145
858 37 69
859 94 142
860 17 25
861 112 153
862 107 158
863 40 85
864 3 107
865 97 132
866 26 136
867 64 75
868 46 62
869 12 122
870 73 124
871 93 97
872 97 102
873 103 136
874 130 156
875 25 114
876 135 141
877 49 84
878 120 159
879 11 16
880 1 26
881 96 152
882 152 154
883 101 153
884 68 86
885 128 131
886 34 53
887 10 58
888 101 123
889 110 139
890 43 62
891 134 139
892 29 127
893 90 127
894 110 122
895 43 79
896 124 146
897 15 45
898 5 7
899 62 72
900 100 155
901 137 151
902 18 146
903 19 151
904 132 158
905 14 158
906 8 19
907 65 70
908 122 145
909 98 134
910 47 67
911 94 106
912 98 121
913 118 124
914 47 48
915 112 133
916 50 71
917 107 122
918 141 156
919 40 49
920 97 160
921 64 87
922 26 31
923 121 155
924 12 30
925 16 89
926 126 132
927 2 4
928 102 157
929 35 84
930 59 74
931 45 115
932 102 108
933 35 37
934 44 60
935 68 74
936 125 152
937 91 104
938 114 139
939 6 19
940 81 82
941 90 160
942 91 153
943 147 155
944 9 158
945 63 87
946 53 77
947 39 46
948 123 153
949 56 78
950 5 123
951 89 138
952 52 58
953 56 61
954 32 38
955 14 122
956 38 76
957 113 141
958 95 117
959 8 15
960 95 154
961 8 158
962 88 108
963 127 154
964 3 18
965 60 65
966 88 138
967 93 135
968 40 45
969 36 57
970 126 160
971 12 145
972 92 103
973 96 98
974 59 86
975 45 87
976 21 30
977 116 156
978 7 31
979 48 84
980 34 155
981 92 133
982 148 151
983 78 80
984 10 144
985 20 73
986 10 99
987 30 102
988 91 116
989 111 121
990 138 143
991 90 132
992 100 125
993 63 75
994 104 120
995 33 44
996 9 11
997 119 160
998 104 135
999 15 101
1000 19 94
1001 76 85
1002 42 69
1003 5 95
1004 8 92
1005 32 66
1006 95 105
1007 99 106
1008 118 154
1009 94 147
1010 27 118
1011 108 123
1012 37 49
1013 112 126
1014 108 138
1015 3 14
1016 140 141
1017 70 74
1018 16 18
1019 22 24
1020 117 150
1021 106 153
1022 120 132
1023 58 70
1024 115 139
1025 125 126
1026 54 58
1027 129 145
1028 34 46
1029 67 74
1030 105 131
1031 111 157
1032 24 151
1033 90 152
1034 143 150
1035 57 81
1036 5 145
1037 124 143
1038 119 132
1039 52 67
1040 109 110
1041 19 122
1042 42 57
1043 133 142
1044 4 125
1045 28 107
1046 89 115
1047 109 144
1048 146 154
1049 4 12
1050 99 134
1051 142 150
1052 37 68
1053 94 143
1054 4 147
1055 17 24
1056 112 154
1057 41 146
1058 107 145
1059 40 86
1060 97 155
1061 64 76
1062 50 51
1063 73 146
1064 46 63
1065 12 123
1066 93 96
1067 97 101
1068 103 139
1069 16 141
1070 130 157
1071 25 113
1072 135 140
1073 49 75
1074 55 85
1075 120 160
1076 48 141
1077 11 19
1078 1 25
1079 96 153
1080 152 155
1081 101 152
1082 68 87
1083 128 132
1084 34 50
1085 101 122
1086 110 136
1087 43 49
1088 134 136
1089 33 123
1090 90 124
1091 53 104
1092 110 123
1093 43 78
1094 124 147
1095 5 6
1096 62 73
1097 100 132
1098 137 150
1099 15 93
1100 18 147
1101 132 159
1102 75 95
1103 8 20
1104 65 69
1105 122 158
1106 98 135
1107 47 66
1108 94 107
1109 98 118
1110 118 125
1111 47 51
1112 112 134
1113 50 68
1114 107 125
1115 141 155
1116 74 78
1117 40 50
1118 23 155
1119 26 28
1120 121 154
1121 12 31
1122 126 133
1123 2 5
1124 102 146
1125 35 87
1126 59 77
1127 102 109
1128 35 36
1129 54 115
1130 44 61
1131 48 56
1132 68 75
1133 34 86
1134 125 151
1135 91 107
1136 114 136
1137 24 160
1138 6 16
1139 91 152
1140 147 154
1141 20 148
1142 9 157
1143 63 86
1144 53 76
1145 39 41
1146 123 152
1147 56 79
1148 5 122
1149 9 127
1150 89 137
1151 52 59
1152 56 62
1153 32 39
1154 14 123
1155 38 77
1156 113 140
1157 95 116
1158 8 48
1159 99 113
1160 95 133
1161 88 109
1162 127 133
1163 3 21
1164 60 66
1165 50 104
1166 88 139
1167 93 134
1168 40 46
1169 22 130
1170 36 58
1171 2 118
1172 31 118
1173 35 115
1174 92 96
1175 96 99
1176 45 86
1177 21 29
1178 116 157
1179 7 30
1180 48 85
1181 92 134
1182 78 81
1183 67 81
1184 91 119
1185 111 120
1186 138 140
1187 90 133
1188 53 63
1189 100 126
1190 63 74
1191 104 121
1192 33 35
1193 9 10
1194 104 136
1195 33 156
1196 15 100
1197 19 97
1198 76 86
1199 42 66
1200 5 94
1201 8 93
1202 62 144
1203 32 67
1204 95 104
1205 8 44
1206 118 155
1207 99 109
1208 94 144
1209 17 51
1210 108 116
1211 37 48
1212 112 127
1213 108 139
1214 140 142
1215 70 75
1216 50 159
1217 16 19
1218 22 25
1219 117 149
1220 106 134
1221 120 133
1222 58 71
1223 115 138
1224 48 113
1225 54 59
1226 129 144
1227 34 47
1228 20 110
1229 67 77
1230 105 130
1231 111 156
1232 138 160
1233 90 153
1234 143 145
1235 57 80
1236 5 144
1237 124 136
1238 62 82
1239 119 135
1240 52 76
1241 15 120
1242 19 125
1243 133 141
1244 14 128
1245 38 58
1246 89 114
1247 109 143
1248 146 155
1249 4 13
1250 99 137
1251 28 155
1252 142 151
1253 37 67
1254 94 140
1255 17 31
1256 112 155
1257 13 43
1258 107 144
1259 40 87
1260 97 154
1261 23 118
1262 64 77
1263 46 60
1264 12 116
1265 50 131
1266 16 127
1267 93 127
1268 97 100
1269 103 138
1270 16 142
1271 130 154
1272 135 143
1273 49 74
1274 55 84
1275 48 142
1276 11 18
1277 1 24
1278 96 154
1279 152 156
1280 25 146
1281 7 102
1282 101 135
1283 11 99
1284 68 80
1285 128 133
1286 6 154
1287 34 51
1288 81 116
1289 101 121
1290 110 137
1291 43 48
1292 134 137
1293 90 125
1294 110 120
1295 43 65
1296 15 47
1297 62 78
1298 100 133
1299 137 149
1300 18 144
1301 132 152
1302 18 35
1303 8 21
1304 65 68
1305 122 159
1306 14 15
1307 95 160
1308 98 132
1309 47 77
1310 94 104
1311 98 119
1312 47 50
1313 112 135
1314 50 69
1315 107 124
1316 141 154
1317 74 79
1318 40 51
1319 23 154
1320 26 29
1321 121 153
1322 12 24
1323 16 91
1324 126 138
1325 102 147
1326 35 86
1327 21 151
1328 59 76
1329 35 39
1330 44 62
1331 48 57
1332 34 87
1333 125 150
1334 91 106
1335 114 137
1336 6 17
1337 91 155
1338 147 157
1339 63 81
1340 53 75
1341 39 40
1342 123 155
1343 56 80
1344 5 121
1345 89 136
1346 56 63
1347 32 56
1348 38 66
1349 113 131
1350 95 119
1351 99 112
1352 95 132
1353 8 128
1354 27 108
1355 88 110
1356 27 29
1357 108 160
1358 127 132
1359 40 128
1360 3 20
1361 60 67
1362 50 105
1363 88 140
1364 93 133
1365 40 47
1366 36 59
1367 26 113
1368 103 125
1369 16 71
1370 92 97
1371 96 100
1372 45 85
1373 21 28
1374 116 158
1375 7 25
1376 48 86
1377 92 135
1378 129 139
1379 78 86
1380 10 158
1381 58 130
1382 6 98
1383 67 80
1384 30 100
1385 91 118
1386 20 58
1387 111 123
1388 138 141
1389 90 130
1390 53 62
1391 57 59
1392 100 127
1393 104 122
1394 33 34
1395 104 137
1396 76 87
1397 42 67
1398 5 93
1399 8 94
1400 32 68
1401 18 107
1402 95 107
1403 99 108
1404 118 152
1405 94 145
1406 41 43
1407 108 117
1408 37 63
1409 108 132
1410 140 143
1411 70 72
1412 16 20
1413 22 30
1414 117 148
1415 106 135
1416 1 130
1417 120 134
1418 1 51
1419 58 68
1420 115 141
1421 48 114
1422 54 56
1423 129 151
1424 34 44
1425 67 76
1426 105 129
1427 111 159
1428 33 93
1429 90 102
1430 143 144
1431 57 87
1432 5 159
1433 124 137
1434 62 83
1435 119 134
1436 52 77
1437 19 124
1438 133 140
1439 136 160
1440 38 59
1441 4 127
1442 28 101
1443 89 113
1444 109 142
1445 146 152
1446 4 14
1447 99 136
1448 28 148
1449 142 148
1450 37 66
1451 94 141
1452 131 133
1453 17 30
1454 112 156
1455 107 147
1456 97 153
1457 26 151
1458 64 78
1459 73 144
1460 46 61
1461 12 117
1462 50 128
1463 16 112
1464 93 126
1465 22 58
1466 97 123
1467 103 133
1468 130 155
1469 135 142
1470 49 73
1471 55 87
1472 11 21
1473 1 31
1474 96 155
1475 152 157
1476 25 145
1477 101 134
1478 30 130
1479 68 81
1480 128 134
1481 6 155
1482 34 48
1483 101 120
1484 110 142
1485 43 51
1486 134 142
1487 33 121
1488 90 122
1489 110 121
1490 57 115
1491 43 64
1492 62 79
1493 100 134
1494 137 148
1495 29 158
1496 18 145
1497 19 152
1498 132 153
1499 14 157
1500 75 81
1501 38 39
1502 8 22
1503 122 156
1504 98 133
1505 27 131
1506 47 76
1507 94 105
1508 98 116
1509 47 61
1510 122 126
1511 50 66
1512 107 127
1513 141 153
1514 74 76
1515 93 160
1516 40 52
1517 121 152
1518 12 25
1519 126 139
1520 2 3
1521 102 144
1522 59 79
1523 106 110
1524 35 38
1525 1 123
1526 44 63
1527 48 58
1528 34 84
1529 125 149
1530 91 109
1531 114 134
1532 6 22
1533 81 87
1534 138 150
1535 91 154
1536 147 156
1537 63 80
1538 90 94
1539 53 74
1540 39 43
1541 123 154
1542 56 81
1543 5 120
1544 89 143
1545 32 57
1546 38 67
1547 113 130
1548 95 118
1549 8 50
1550 99 115
1551 95 135
1552 27 111
1553 13 144
1554 88 111
1555 27 28
1556 127 135
1557 3 23
1558 88 141
1559 93 132
1560 103 124
1561 106 160
1562 150 151
1563 92 98
1564 96 101
1565 45 84
1566 68 139
1567 21 27
1568 116 159
1569 7 24
1570 48 87
1571 92 128
1572 129 138
1573 78 87
1574 10 110
1575 67 83
1576 111 122
1577 90 131
1578 53 61
1579 57 58
1580 100 120
1581 104 123
1582 104 138
1583 33 146
1584 15 102
1585 19 99
1586 76 80
1587 42 64
1588 5 92
1589 133 151
1590 15 151
1591 32 69
1592 18 104
1593 95 106
1594 99 111
1595 118 153
1596 94 150
1597 41 42
1598 27 75
1599 51 65
1600 108 118
1601 37 62
1602 112 113
1603 108 133
1604 70 73
1605 16 21
1606 22 31
1607 117 147
1608 106 132
1609 72 155
1610 120 135
1611 1 50
1612 58 69
1613 115 140
1614 54 57
1615 129 150
1616 34 45
1617 20 104
1618 67 79
1619 105 128
1620 111 158
1621 90 103
1622 143 147
1623 57 86
1624 5 158
1625 80 81
1626 124 138
1627 62 80
1628 119 129
1629 52 78
1630 19 127
1631 133 139
1632 14 134
1633 38 56
1634 4 120
1635 8 123
1636 28 102
1637 89 112
1638 109 141
1639 146 153
1640 4 15
1641 99 139
1642 142 149
1643 37 65
1644 94 114
1645 131 132
1646 17 29
1647 112 157
1648 107 146
1649 144 152
1650 97 152
1651 23 112
1652 26 148
1653 64 79
1654 46 66
1655 121 131
1656 12 118
1657 16 113
1658 93 125
1659 97 122
1660 103 132
1661 16 128
1662 130 152
1663 25 118
1664 135 137
1665 49 72
1666 55 86
1667 116 160
1668 48 128
1669 11 20
1670 1 30
1671 96 156
1672 152 158
1673 44 84
1674 101 133
1675 11 101
1676 68 82
1677 128 135
1678 6 152
1679 34 49
1680 101 103
1681 110 143
1682 43 50
1683 134 143
1684 90 123
1685 110 126
1686 43 67
1687 62 76
1688 9 64
1689 100 135
1690 137 155
1691 29 157
1692 15 94
1693 18 142
1694 19 155
1695 132 154
1696 75 80
1697 8 23
1698 122 157
1699 98 130
1700 27 130
1701 47 79
1702 94 110
1703 98 117
1704 47 60
1705 122 127
1706 3 58
1707 50 67
1708 107 126
1709 141 152
1710 74 77
1711 40 53
1712 26 27
1713 121 159
1714 12 26
1715 69 71
1716 16 93
1717 126 136
1718 102 145
1719 139 153
1720 59 78
1721 68 144
1722 106 111
1723 35 41
1724 116 132
1725 1 122
1726 44 56
1727 48 59
1728 34 85
1729 125 148
1730 91 108
1731 114 135
1732 6 23
1733 81 86
1734 138 151
1735 91 157
1736 147 159
1737 20 151
1738 39 85
1739 63 83
1740 90 95
1741 53 73
1742 39 42
1743 9 19
1744 123 157
1745 56 82
1746 5 103
1747 62 104
1748 89 142
1749 32 58
1750 38 64
1751 113 129
1752 95 113
1753 8 51
1754 99 114
1755 95 134
1756 8 130
1757 88 112
1758 27 31
1759 127 134
1760 3 22
1761 88 142
1762 93 131
1763 36 37
1764 26 127
1765 103 127
1766 12 141
1767 92 99
1768 96 102
1769 45 83
1770 21 26
1771 116 152
1772 7 27
1773 48 72
1774 54 82
1775 92 129
1776 129 137
1777 78 84
1778 81 144
1779 58 128
1780 6 96
1781 67 82
1782 111 133
1783 138 139
1784 90 128
1785 53 60
1786 100 121
1787 104 124
1788 9 15
1789 104 139
1790 19 98
1791 76 81
1792 42 65
1793 5 91
1794 133 150
1795 32 70
1796 18 105
1797 4 20
1798 99 110
1799 118 158
1800 94 151
1801 51 64
1802 108 119
1803 37 61
1804 112 114
1805 108 134
1806 141 160
1807 70 78
1808 16 22
1809 73 75
1810 22 28
1811 117 146
1812 106 133
1813 1 128
1814 55 77
1815 120 136
1816 58 66
1817 115 143
1818 48 116
1819 11 120
1820 54 62
1821 129 149
1822 34 42
1823 20 105
1824 6 76
1825 67 78
1826 105 135
1827 111 153
1828 134 160
1829 33 83
1830 90 100
1831 143 146
1832 57 85
1833 5 157
1834 80 82
1835 124 139
1836 62 81
1837 119 128
1838 52 79
1839 133 138
1840 18 58
1841 38 57
1842 122 134
1843 89 119
1844 109 140
1845 146 150
1846 4 8
1847 99 138
1848 142 154
1849 37 64
1850 94 115
1851 131 135
1852 98 110
1853 17 28
1854 112 158
1855 50 92
1856 107 149
1857 144 153
1858 74 86
1859 97 159
1860 46 67
1861 121 130
1862 12 119
1863 16 114
1864 93 124
1865 97 121
1866 103 135
1867 130 153
1868 25 117
1869 135 136
1870 49 79
1871 55 81
1872 11 23
1873 1 29
1874 58 102
1875 96 157
1876 152 159
1877 25 151
1878 44 85
1879 101 132
1880 68 83
1881 128 152
1882 10 84
1883 34 78
1884 125 143
1885 101 102
1886 110 140
1887 43 53
1888 134 140
1889 29 122
1890 90 120
1891 110 127
1892 43 66
1893 62 77
1894 100 128
1895 137 154
1896 86 87
1897 15 89
1898 19 154
1899 132 155
1900 14 99
1901 18 30
1902 75 83
1903 8 24
1904 122 154
1905 14 18
1906 98 131
1907 47 78
1908 94 111
1909 98 114
1910 27 50
1911 47 63
1912 122 124
1913 50 64
1914 107 113
1915 141 151
1916 40 54
1917 23 151
1918 121 158
1919 12 27
1920 69 70
1921 16 94
1922 126 137
1923 153 155
1924 102 150
1925 139 152
1926 59 65
1927 68 145
1928 106 108
1929 35 40
1930 116 133
1931 21 118
1932 44 57
1933 48 60
1934 34 82
1935 125 147
1936 91 111
1937 114 132
1938 6 20
1939 81 85
1940 138 148
1941 91 156
1942 147 158
1943 20 144
1944 39 84
1945 63 82
1946 29 94
1947 90 92
1948 53 72
1949 9 18
1950 104 144
1951 123 156
1952 56 83
1953 5 102
1954 9 99
1955 89 141
1956 32 59
1957 14 127
1958 38 65
1959 113 128
1960 95 112
1961 8 52
1962 99 117
1963 95 129
1964 88 113
1965 27 30
1966 13 31
1967 127 129
1968 3 25
1969 50 100
1970 88 143
1971 93 130
1972 36 38
1973 26 124
1974 103 126
1975 12 142
1976 92 124
1977 96 103
1978 45 82
1979 21 25
1980 116 153
1981 44 142
1982 7 26
1983 48 73
1984 54 83
1985 92 130
1986 129 136
1987 148 156
1988 78 85
1989 10 157
1990 67 85
1991 111 132
1992 90 129
1993 53 59
1994 100 122
1995 104 125
1996 33 39
1997 9 14
1998 104 140
1999 33 144
2000 19 101
2001 76 82
2002 42 78
2003 133 149
2004 32 71
2005 18 102
2006 4 21
2007 99 145
2008 118 159
2009 94 148
2010 51 67
2011 108 112
2012 37 60
2013 108 135
2014 23 110
2015 117 127
2016 84 104
2017 70 79
2018 50 155
2019 16 23
2020 73 74
2021 22 29
2022 117 145
2023 106 130
2024 139 160
2025 55 76
2026 120 137
2027 1 48
2028 58 67
2029 115 142
2030 48 117
2031 54 63
2032 129 148
2033 34 43
2034 105 134
2035 111 152
2036 33 82
2037 90 101
2038 143 157
2039 57 84
2040 5 156
2041 80 83
2042 124 132
2043 62 86
2044 119 131
2045 52 72
2046 132 160
2047 133 137
2048 38 62
2049 122 135
2050 89 118
2051 109 139
2052 146 151
2053 4 9
2054 99 141
2055 28 151
2056 142 155
2057 37 79
2058 94 112
2059 131 134
2060 4 152
2061 98 111
2062 17 19
2063 112 159
2064 23 29
2065 50 93
2066 107 148
2067 144 154
2068 74 87
2069 97 158
2070 23 114
2071 26 146
2072 64 65
2073 46 64
2074 121 129
2075 12 112
2076 126 146
2077 93 123
2078 97 120
2079 103 134
2080 16 130
2081 130 150
2082 135 139
2083 102 122
2084 49 78
2085 55 80
2086 48 130
2087 11 22
2088 1 28
2089 96 158
2090 44 86
2091 101 131
2092 128 153
2093 34 79
2094 125 142
2095 81 104
2096 110 141
2097 43 52
2098 134 141
2099 90 121
2100 110 124
2101 43 69
2102 100 129
2103 137 153
2104 29 155
2105 15 88
2106 19 157
2107 18 31
2108 75 82
2109 113 155
2110 4 94
2111 8 25
2112 28 68
2113 122 155
2114 14 19
2115 145 160
2116 98 128
2117 27 132
2118 47 73
2119 94 108
2120 98 115
2121 47 62
2122 122 125
2123 50 65
2124 107 112
2125 141 150
2126 74 75
2127 40 55
2128 121 157
2129 12 20
2130 16 95
2131 126 142
2132 2 30
2133 93 95
2134 153 154
2135 102 151
2136 139 155
2137 59 64
2138 68 146
2139 106 109
2140 35 43
2141 116 134
2142 58 123
2143 149 160
2144 44 58
2145 48 61
2146 34 83
2147 125 146
2148 91 110
2149 114 133
2150 6 21
2151 81 84
2152 138 149
2153 91 159
2154 20 145
2155 39 87
2156 90 93
2157 53 87
2158 9 17
2159 104 145
2160 123 159
2161 56 84
2162 5 101
2163 89 140
2164 32 60
2165 38 70
2166 113 135
2167 95 115
2168 99 116
2169 142 160
2170 41 51
2171 95 128
2172 27 96
2173 88 114
2174 13 30
2175 108 156
2176 127 128
2177 3 24
2178 84 85
2179 88 144
2180 93 129
2181 36 39
2182 22 118
2183 103 121
2184 12 143
2185 92 125
2186 96 120
2187 45 81
2188 21 24
2189 116 154
2190 7 21
2191 48 74
2192 11 94
2193 54 80
2194 1 68
2195 92 131
2196 129 143
2197 148 157
2198 10 154
2199 6 102
2200 67 84
2201 111 135
2202 90 142
2203 53 58
2204 57 63
2205 100 123
2206 104 126
2207 33 38
2208 9 13
2209 104 141
2210 76 83
2211 42 79
2212 5 89
2213 133 148
2214 15 144
2215 28 29
2216 14 88
2217 4 22
2218 99 144
2219 118 156
2220 94 149
2221 41 47
2222 51 66
2223 108 113
2224 37 59
2225 112 116
2226 155 160
2227 108 128
2228 3 116
2229 117 126
2230 121 123
2231 70 76
2232 50 152
2233 117 144
2234 103 157
2235 106 131
2236 1 134
2237 55 79
2238 120 138
2239 58 64
2240 115 145
2241 48 118
2242 105 107
2243 54 60
2244 34 40
2245 20 107
2246 24 110
2247 105 133
2248 111 155
2249 33 81
2250 90 98
2251 143 156
2252 5 155
2253 80 84
2254 124 133
2255 62 87
2256 119 130
2257 52 73
2258 15 71
2259 133 136
2260 38 63
2261 122 132
2262 89 117
2263 109 138
2264 146 148
2265 4 10
2266 99 140
2267 28 144
2268 142 152
2269 37 78
2270 94 113
2271 131 137
2272 98 108
2273 17 18
2274 112 144
2275 23 28
2276 107 151
2277 144 155
2278 74 84
2279 40 92
2280 97 157
2281 26 147
2282 64 66
2283 46 65
2284 121 128
2285 12 113
2286 126 147
2287 93 122
2288 97 127
2289 103 129
2290 130 151
2291 25 123
2292 135 138
2293 102 123
2294 49 77
2295 106 118
2296 55 83
2297 1 19
2298 96 159
2299 44 87
2300 101 130
2301 11 102
2302 68 93
2303 128 154
2304 34 76
2305 125 141
2306 114 158
2307 110 146
2308 43 55
2309 110 125
2310 43 68
2311 100 130
2312 137 152
2313 29 154
2314 15 91
2315 19 156
2316 132 133
2317 18 28
2318 75 85
2319 113 154
2320 8 26
2321 122 152
2322 14 16
2323 98 129
2324 27 135
2325 47 72
2326 94 109
2327 98 112
2328 118 119
2329 47 57
2330 107 115
2331 141 149
2332 40 56
2333 26 102
2334 121 156
2335 12 21
2336 50 160
2337 126 143
2338 2 31
2339 93 94
2340 102 148
2341 139 154
2342 59 67
2343 102 103
2344 68 147
2345 35 42
2346 116 135
2347 34 142
2348 44 59
2349 48 62
2350 10 118
2351 34 80
2352 125 145
2353 91 97
2354 114 130
2355 6 10
2356 138 146
2357 91 158
2358 147 160
2359 39 86
2360 53 86
2361 9 16
2362 104 146
2363 123 158
2364 56 85
2365 5 100
2366 89 147
2367 28 58
2368 32 61
2369 38 71
2370 113 134
2371 95 114
2372 99 119
2373 41 50
2374 95 131
2375 88 115
2376 41 67
2377 13 29
2378 108 157
2379 127 131
2380 3 27
2381 84 86
2382 50 98
2383 88 145
2384 93 128
2385 26 122
2386 103 120
2387 45 63
2388 12 136
2389 92 126
2390 96 121
2391 45 80
2392 1 42
2393 116 155
2394 7 20
2395 48 75
2396 54 81
2397 92 156
2398 129 142
2399 148 158
2400 10 155
2401 67 87
2402 111 134
2403 90 143
2404 53 57
2405 57 62
2406 104 127
2407 33 37
2408 9 12
2409 104 142
2410 42 76
2411 5 88
2412 133 147
2413 136 137
2414 66 86
2415 15 147
2416 28 30
2417 14 89
2418 4 23
2419 99 147
2420 118 157
2421 94 154
2422 41 46
2423 51 69
2424 108 114
2425 37 58
2426 112 117
2427 108 129
2428 23 104
2429 117 125
2430 121 122
2431 70 77
2432 74 128
2433 50 153
2434 36 68
2435 153 160
2436 26 94
2437 117 159
2438 103 156
2439 106 128
2440 16 152
2441 55 78
2442 120 139
2443 58 65
2444 115 144
2445 48 119
2446 105 106
2447 68 122
2448 54 61
2449 34 41
2450 20 116
2451 10 14
2452 105 132
2453 111 154
2454 33 80
2455 90 99
2456 143 159
2457 80 85
2458 124 134
2459 5 43
2460 62 84
2461 119 157
2462 52 74
2463 38 60
2464 122 133
2465 89 116
2466 109 137
2467 146 149
2468 4 11
2469 99 143
2470 142 153
2471 37 77
2472 94 118
2473 131 136
2474 4 154
2475 98 109
2476 61 87
2477 112 145
2478 23 31
2479 107 150
2480 144 156
2481 74 85
2482 40 93
2483 97 156
2484 26 144
2485 64 67
2486 46 70
2487 121 135
2488 12 114
2489 16 117
2490 126 144
2491 73 100
2492 2 56
2493 93 121
2494 97 126
2495 103 128
2496 55 61
2497 130 148
2498 25 122
2499 102 120
2500 49 76
2501 106 119
2502 35 49
2503 55 82
2504 48 132
2505 1 18
2506 96 144
2507 44 80
2508 101 129
2509 68 94
2510 128 155
2511 34 77
2512 125 140
2513 114 159
2514 110 147
2515 43 54
2516 33 124
2517 43 71
2518 19 46
2519 5 15
2520 100 131
2521 137 159
2522 18 138
2523 19 159
2524 132 134
2525 14 102
2526 18 29
2527 75 84
2528 113 153
2529 4 88
2530 8 27
2531 122 153
2532 14 17
2533 98 158
2534 47 75
2535 98 113
2536 47 56
2537 122 123
2538 50 127
2539 107 114
2540 141 148
2541 40 57
2542 23 144
2543 12 22
2544 126 140
2545 2 28
2546 102 149
2547 139 157
2548 59 66
2549 49 104
2550 68 156
2551 106 107
2552 35 45
2553 116 128
2554 54 74
2555 44 52
2556 48 63
2557 34 81
2558 125 144
2559 91 96
2560 114 131
2561 6 11
2562 138 147
2563 91 145
2564 20 147
2565 39 81
2566 9 134
2567 90 91
2568 53 85
2569 9 23
2570 104 147
2571 123 145
2572 56 86
2573 5 99
2574 62 108
2575 89 146
2576 32 62
2577 38 68
2578 113 133
2579 95 125
2580 99 118
2581 41 49
2582 95 130
2583 8 134
2584 88 116
2585 41 66
2586 13 28
2587 108 158
2588 127 130
2589 3 26
2590 84 87
2591 50 99
2592 88 146
2593 93 159
2594 22 133
2595 73 83
2596 26 123
2597 103 123
2598 45 62
2599 49 59
2600 92 127
2601 96 122
2602 116 117
2603 45 79
2604 7 23
2605 48 76
2606 54 86
2607 92 157
2608 129 141
2609 148 159
2610 10 152
2611 20 81
2612 10 107
2613 67 86
2614 111 129
2615 33 75
2616 90 140
2617 53 56
2618 57 61
2619 100 101
2620 63 115
2621 33 36
2622 104 143
2623 19 102
2624 76 77
2625 42 77
2626 133 146
2627 136 138
2628 66 87
2629 8 68
2630 62 155
2631 28 31
2632 14 94
2633 18 101
2634 4 16
2635 99 146
2636 118 146
2637 94 155
2638 41 45
2639 51 68
2640 108 115
2641 37 57
2642 112 118
2643 108 130
2644 3 118
2645 23 107
2646 117 124
2647 73 79
2648 36 69
2649 26 95
2650 117 158
2651 103 159
2652 106 129
2653 135 160
2654 55 73
2655 120 140
2656 58 78
2657 21 58
2658 115 147
2659 48 104
2660 34 38
2661 24 112
2662 10 15
2663 105 139
2664 158 159
2665 33 87
2666 90 96
2667 143 158
2668 80 86
2669 43 90
2670 124 135
2671 19 21
2672 62 85
2673 119 156
2674 52 75
2675 19 130
2676 14 139
2677 38 61
2678 4 101
2679 8 96
2680 28 99
2681 122 130
2682 89 123
2683 109 136
2684 99 142
2685 142 158
2686 37 76
2687 94 119
2688 131 139
2689 98 106
2690 61 86
2691 112 146
2692 23 30
2693 107 137
2694 144 157
2695 74 82
2696 97 147
2697 23 143
2698 26 145
2699 64 68
2700 46 71
2701 121 134
2702 12 115
2703 16 118
2704 126 145
2705 93 120
2706 97 125
2707 103 131
2708 16 133
2709 55 60
2710 130 149
2711 25 121
2712 102 121
2713 49 67
2714 106 116
2715 35 48
2716 1 17
2717 21 94
2718 96 145
2719 25 155
2720 44 81
2721 101 128
2722 128 156
2723 6 157
2724 34 74
2725 125 139
2726 114 156
2727 110 144
2728 29 118
2729 114 126
2730 39 61
2731 43 70
2732 5 14
2733 62 113
2734 100 140
2735 137 158
2736 18 139
2737 132 135
2738 18 26
2739 75 87
2740 113 152
2741 4 89
2742 8 28
2743 14 22
2744 98 159
2745 47 74
2746 47 59
2747 107 117
2748 141 147
2749 40 58
2750 12 23
2751 126 141
2752 2 29
2753 153 159
2754 102 138
2755 139 156
2756 59 69
2757 31 43
2758 35 44
2759 116 129
2760 54 75
2761 129 160
2762 44 53
2763 30 115
2764 91 99
2765 114 128
2766 6 8
2767 138 144
2768 91 144
2769 39 80
2770 53 84
2771 9 22
2772 104 148
2773 123 144
2774 33 136
2775 56 87
2776 42 86
2777 62 109
2778 100 160
2779 89 145
2780 32 63
2781 18 126
2782 38 69
2783 113 132
2784 95 124
2785 8 56
2786 99 121
2787 41 48
2788 95 141
2789 88 117
2790 41 65
2791 13 27
2792 108 159
2793 127 141
2794 3 29
2795 88 147
2796 93 158
2797 22 154
2798 73 82
2799 26 120
2800 103 122
2801 45 61
2802 49 58
2803 12 138
2804 92 120
2805 96 123
2806 116 118
2807 45 78
2808 7 22
2809 48 77
2810 34 144
2811 54 87
2812 92 158
2813 129 140
2814 148 152
2815 6 101
2816 10 104
2817 158 160
2818 111 128
2819 33 74
2820 90 141
2821 57 60
2822 100 102
2823 33 59
2824 19 105
2825 76 78
2826 42 74
2827 133 145
2828 136 139
2829 66 84
2830 15 157
2831 18 98
2832 113 160
2833 4 17
2834 99 149
2835 118 147
2836 28 143
2837 37 87
2838 94 152
2839 41 44
2840 51 71
2841 37 56
2842 112 119
2843 13 63
2844 108 131
2845 117 123
2846 84 116
2847 73 78
2848 36 70
2849 117 157
2850 103 158
2851 106 142
2852 16 154
2853 130 142
2854 1 155
2855 55 72
2856 120 141
2857 1 52
2858 58 79
2859 115 146
2860 48 105
2861 11 127
2862 58 62
2863 34 39
2864 20 118
2865 10 12
2866 105 138
2867 33 86
2868 90 97
2869 143 153
2870 5 152
2871 80 87
2872 124 128
2873 19 20
2874 119 159
2875 52 84
2876 15 64
2877 42 46
2878 14 136
2879 38 50
2880 4 102
2881 122 131
2882 89 122
2883 109 135
2884 146 147
2885 28 147
2886 142 159
2887 37 75
2888 75 136
2889 94 116
2890 131 138
2891 98 107
2892 61 85
2893 17 23
2894 112 147
2895 23 25
2896 50 89
2897 107 136
2898 144 158
2899 74 83
2900 97 146
2901 23 142
2902 26 158
2903 64 69
2904 46 68
2905 121 133
2906 16 119
2907 126 150
2908 93 119
2909 97 124
2910 103 130
2911 55 63
2912 130 146
2913 102 126
2914 49 66
2915 106 117
2916 35 51
2917 1 16
2918 96 146
2919 44 82
2920 7 94
2921 101 143
2922 11 155
2923 128 157
2924 10 81
2925 34 75
2926 125 138
2927 114 157
2928 110 145
2929 39 60
2930 114 127
2931 5 13
2932 100 141
2933 137 157
2934 29 151
2935 18 136
2936 75 86
2937 113 159
2938 8 29
2939 14 23
2940 98 156
2941 47 85
2942 47 58
2943 107 116
2944 141 146
2945 40 59
2946 22 110
2947 26 101
2948 12 16
2949 2 26
2950 153 158
2951 102 139
2952 139 159
2953 59 68
2954 35 47
2955 116 130
2956 54 72
2957 44 54
2958 48 49
2959 91 98
2960 114 129
2961 6 9
2962 138 145
2963 143 160
2964 91 147
2965 20 157
2966 39 83
2967 29 89
2968 53 83
2969 9 21
2970 104 149
2971 123 147
2972 42 87
2973 5 97
2974 136 144
2975 9 102
2976 89 144
2977 32 48
2978 18 127
2979 95 127
2980 99 120
2981 41 55
2982 95 140
2983 98 160
2984 8 136
2985 47 105
2986 88 118
2987 41 64
2988 13 26
2989 108 152
2990 127 140
2991 3 28
2992 50 97
2993 88 148
2994 93 157
2995 73 81
2996 26 121
2997 103 117
2998 45 60
2999 49 57
3000 12 139
3001 92 121
3002 96 124
3003 116 119
3004 45 77
3005 7 17
3006 48 78
3007 105 115
3008 54 84
3009 92 159
3010 129 131
3011 148 153
3012 10 134
3013 111 131
3014 33 73
3015 90 138
3016 57 67
3017 100 103
3018 33 58
3019 124 125
3020 156 160
3021 19 104
3022 76 79
3023 42 75
3024 133 144
3025 136 140
3026 66 85
3027 14 92
3028 71 85
3029 4 18
3030 99 148
3031 118 144
3032 28 136
3033 37 86
3034 94 153
3035 131 145
3036 51 70
3037 108 109
3038 37 39
3039 127 160
3040 23 101
3041 117 122
3042 121 127
3043 3 137
3044 26 42
3045 73 77
3046 36 71
3047 26 93
3048 117 156
3049 103 153
3050 106 143
3051 16 155
3052 130 143
3053 92 93
3054 55 75
3055 120 142
3056 48 155
3057 1 11
3058 58 76
3059 115 149
3060 105 111
3061 58 63
3062 34 36
3063 20 119
3064 10 13
3065 105 137
3066 134 154
3067 33 85
3068 90 110
3069 143 152
3070 5 135
3071 124 129
3072 19 23
3073 119 158
3074 52 85
3075 42 47
3076 38 51
3077 122 128
3078 89 121
3079 109 134
3080 51 53
3081 142 156
3082 37 74
3083 94 117
3084 131 141
3085 98 104
3086 61 84
3087 17 22
3088 112 148
3089 23 24
3090 50 86
3091 107 139
3092 144 159
3093 74 80
3094 40 64
3095 97 145
3096 26 159
3097 64 70
3098 46 69
3099 121 132
3100 16 104
3101 126 151
3102 93 118
3103 97 115
3104 16 135
3105 55 62
3106 130 147
3107 25 127
3108 102 127
3109 49 65
3110 106 114
3111 35 50
3112 48 135
3113 11 13
3114 1 23
3115 96 147
3116 149 151
3117 44 83
3118 101 142
3119 128 158
3120 10 94
3121 34 72
3122 125 137
3123 114 154
3124 43 154
3125 110 150
3126 33 113
3127 39 63
3128 114 124
3129 5 12
3130 62 119
3131 100 142
3132 137 156
3133 19 160
3134 18 24
3135 113 158
3136 8 30
3137 65 83
3138 14 20
3139 145 155
3140 98 157
3141 47 84
3142 107 119
3143 141 145
3144 74 116
3145 40 60
3146 22 111
3147 26 98
3148 121 160
3149 12 17
3150 2 27
3151 153 157
3152 102 136
3153 139 158
3154 35 65
3155 59 71
3156 25 91
3157 68 159
3158 35 46
3159 116 131
3160 54 73
3161 44 55
3162 48 50
3163 91 101
3164 6 14
3165 138 158
3166 91 146
3167 20 158
3168 39 82
3169 29 88
3170 53 82
3171 9 20
3172 104 150
3173 123 146
3174 33 142
3175 42 84
3176 5 96
3177 136 145
3178 9 101
3179 66 78
3180 89 151
3181 32 49
3182 18 124
3183 95 126
3184 8 58
3185 99 123
3186 41 54
3187 95 143
3188 47 104
3189 88 119
3190 41 71
3191 13 25
3192 108 153
3193 127 143
3194 3 31
3195 60 84
3196 140 156
3197 88 149
3198 93 156
3199 73 80
3200 36 44
3201 117 135
3202 103 116
3203 45 59
3204 49 56
3205 31 120
3206 92 122
3207 96 125
3208 45 76
3209 25 160
3210 7 16
3211 48 79
3212 105 114
3213 54 85
3214 92 152
3215 129 130
3216 148 154
3217 20 92
3218 10 22
3219 111 130
3220 33 72
3221 90 139
3222 57 66
3223 33 57
3224 124 126
3225 109 127
3226 19 107
3227 42 72
3228 5 68
3229 80 139
3230 133 159
3231 136 141
3232 66 82
3233 14 93
3234 71 84
3235 18 96
3236 4 19
3237 99 151
3238 118 145
3239 37 85
3240 94 158
3241 131 144
3242 61 79
3243 84 144
3244 51 73
3245 108 110
3246 37 38
3247 117 121
3248 121 126
3249 73 76
3250 36 64
3251 22 23
3252 26 90
3253 117 155
3254 103 152
3255 106 140
3256 16 156
3257 130 140
3258 135 157
3259 92 94
3260 55 74
3261 120 143
3262 48 156
3263 1 10
3264 58 77
3265 96 136
3266 115 148
3267 44 104
3268 105 110
3269 58 60
3270 34 37
3271 20 112
3272 24 115
3273 105 136
3274 134 155
3275 33 84
3276 90 111
3277 143 155
3278 124 130
3279 19 22
3280 5 23
3281 119 153
3282 52 86
3283 19 135
3284 42 44
3285 38 48
3286 122 129
3287 89 120
3288 18 68
3289 109 133
3290 51 52
3291 142 157
3292 37 73
3293 94 122
3294 131 140
3295 98 105
3296 61 83
3297 17 21
3298 112 149
3299 23 27
3300 50 87
3301 107 138
3302 74 81
3303 40 65
3304 97 144
3305 26 156
3306 64 71
3307 46 74
3308 121 139
3309 12 110
3310 16 105
3311 126 148
3312 73 104
3313 93 117
3314 97 114
3315 55 57
3316 130 144
3317 102 124
3318 49 64
3319 35 53
3320 11 12
3321 1 22
3322 96 148
3323 149 150
3324 25 152
3325 44 76
3326 101 141
3327 128 159
3328 6 144
3329 34 73
3330 125 136
3331 114 155
3332 101 111
3333 91 137
3334 110 151
3335 134 135
3336 39 62
3337 114 125
3338 123 137
3339 15 49
3340 5 11
3341 62 116
3342 100 143
3343 119 125
3344 18 134
3345 18 25
3346 113 157
3347 8 31
3348 65 82
3349 14 21
3350 145 154
3351 98 154
3352 47 87
3353 107 118
3354 141 144
3355 40 61
3356 26 99
3357 12 18
3358 69 79
3359 16 85
3360 2 24
3361 153 156
3362 102 137
3363 139 145
3364 103 160
3365 35 64
3366 59 70
3367 116 140
3368 54 78
3369 44 48
3370 48 51
3371 30 118
3372 91 100
3373 6 15
3374 138 159
3375 91 149
3376 20 159
3377 39 77
3378 53 81
3379 9 27
3380 104 151
3381 123 149
3382 15 21
3383 42 85
3384 5 111
3385 136 146
3386 66 79
3387 89 150
3388 32 50
3389 18 125
3390 95 121
3391 99 122
3392 118 138
3393 41 53
3394 95 142
3395 88 120
3396 41 70
3397 13 24
3398 108 154
3399 127 142
3400 3 30
3401 60 85
3402 140 157
3403 88 150
3404 74 105
3405 93 155
3406 73 87
3407 36 45
3408 117 134
3409 103 119
3410 45 58
3411 49 63
3412 92 123
3413 96 126
3414 45 75
3415 7 19
3416 48 64
3417 105 113
3418 1 94
3419 92 153
3420 148 155
3421 20 93
3422 6 88
3423 10 23
3424 105 147
3425 111 141
3426 33 79
3427 90 136
3428 57 65
3429 33 56
3430 124 127
3431 15 105
3432 109 126
3433 113 123
3434 42 73
3435 133 158
3436 136 142
3437 66 83
3438 89 99
3439 71 87
3440 109 160
3441 4 28
3442 99 150
3443 118 150
3444 37 84
3445 94 159
3446 131 147
3447 61 78
3448 51 72
3449 108 111
3450 97 139
3451 117 120
3452 121 125
3453 46 47
3454 73 115
3455 36 65
3456 26 91
3457 117 154
3458 103 155
3459 106 141
3460 16 157
3461 130 141
3462 25 97
3463 135 156
3464 92 95
3465 55 69
3466 120 144
3467 1 9
3468 58 74
3469 96 137
3470 115 151
3471 48 108
3472 105 109
3473 58 61
3474 20 113
3475 10 11
3476 105 143
3477 134 152
3478 90 108
3479 143 154
3480 29 31
3481 124 131
3482 19 25
3483 5 22
3484 100 148
3485 119 152
3486 52 87
3487 42 45
3488 14 143
3489 38 49
3490 28 127
3491 122 142
3492 89 127
3493 18 69
3494 109 132
3495 51 55
3496 37 72
3497 75 141
3498 94 123
3499 131 143
3500 98 102
3501 61 82
3502 17 20
3503 112 150
3504 23 26
3505 50 84
3506 107 141
3507 144 145
3508 40 66
3509 97 151
3510 23 139
3511 26 157
3512 83 85
3513 46 75
3514 121 138
3515 126 149
3516 93 116
3517 97 113
3518 55 56
3519 130 145
3520 59 61
3521 102 125
3522 49 71
3523 106 112
3524 35 52
3525 11 15
3526 1 21
3527 96 149
3528 25 159
3529 44 77
3530 101 140
3531 68 91
3532 128 144
3533 34 70
3534 125 135
3535 20 21
3536 114 152
3537 101 110
3538 91 136
3539 110 148
3540 43 45
3541 33 119
3542 39 57
3543 114 122
3544 123 136
3545 5 10
3546 100 136
3547 119 124
3548 18 135
3549 18 22
3550 113 156
3551 65 81
3552 14 26
3553 89 91
3554 145 153
3555 95 149
3556 98 155
3557 47 86
3558 127 149
3559 13 68
3560 141 143
3561 40 62
3562 26 96
3563 12 19
3564 69 78
3565 2 25
3566 102 142
3567 139 144
3568 35 67
3569 25 89
3570 116 141
3571 54 79
3572 44 49
3573 101 160
3574 48 52
3575 6 125
3576 91 103
3577 6 12
3578 138 156
3579 91 148
3580 20 152
3581 39 76
3582 53 80
3583 9 26
3584 104 152
3585 123 148
3586 15 20
3587 42 82
3588 5 110
3589 136 147
3590 9 107
3591 66 76
3592 89 149
3593 32 51
3594 18 122
3595 95 120
3596 99 125
3597 118 139
3598 94 160
3599 41 52
3600 95 137
3601 27 121
3602 88 121
3603 41 69
3604 13 23
3605 108 155
3606 127 137
3607 60 86
3608 140 158
3609 88 151
3610 93 154
3611 73 86
3612 36 46
3613 26 68
3614 117 133
3615 103 118
3616 106 150
3617 45 57
3618 49 62
3619 12 134
3620 92 116
3621 96 127
3622 45 74
3623 1 44
3624 7 18
3625 48 65
3626 105 112
3627 1 93
3628 92 154
3629 20 94
3630 24 25
3631 10 20
3632 105 146
3633 111 140
3634 114 160
3635 33 78
3636 90 137
3637 57 64
3638 5 160
3639 29 58
3640 33 63
3641 15 104
3642 109 125
3643 113 122
3644 42 54
3645 133 157
3646 136 143
3647 66 80
3648 62 156
3649 89 98
3650 71 86
3651 18 94
3652 109 159
3653 4 29
3654 99 153
3655 118 151
3656 37 83
3657 94 156
3658 131 146
3659 61 77
3660 51 75
3661 107 160
3662 3 125
3663 97 138
3664 23 102
3665 26 134
3666 121 124
3667 70 71
3668 3 138
3669 36 66
3670 93 111
3671 26 88
3672 117 153
3673 103 154
3674 106 138
3675 16 158
3676 130 138
3677 25 96
3678 135 159
3679 31 94
3680 55 68
3681 120 145
3682 1 8
3683 58 75
3684 96 138
3685 115 150
3686 25 130
3687 7 118
3688 101 151
3689 48 109
3690 105 108
3691 68 96
3692 54 55
3693 34 35
3694 105 142
3695 111 160
3696 134 153
3697 90 109
3698 43 81
3699 29 30
3700 124 156
3701 19 24
3702 5 21
3703 62 94
3704 100 149
3705 119 155
3706 29 143
3707 52 80
3708 19 137
3709 38 54
3710 4 98
3711 28 120
3712 122 143
3713 89 126
3714 109 131
3715 51 54
3716 94 120
3717 131 142
3718 98 103
3719 61 81
3720 112 151
3721 50 85
3722 88 160
3723 107 140
3724 144 146
3725 40 67
3726 97 150
3727 26 154
3728 83 84
3729 46 72
3730 121 137
3731 12 104
3732 16 107
3733 126 154
3734 93 115
3735 97 112
3736 55 59
3737 59 60
3738 102 114
3739 49 70
3740 106 113
3741 35 55
3742 11 14
3743 1 20
3744 96 150
3745 25 158
3746 44 78
3747 101 139
3748 128 145
3749 34 71
3750 125 134
3751 20 22
3752 114 153
3753 10 44
3754 101 109
3755 91 139
3756 110 149
3757 20 133
3758 43 44
3759 39 56
3760 114 123
3761 123 139
3762 124 160
3763 56 64
3764 5 9
3765 100 137
3766 119 127
3767 15 160
3768 132 140
3769 32 40
3770 14 104
3771 18 23
3772 38 82
3773 113 147
3774 65 80
3775 28 92
3776 14 27
3777 89 90
3778 145 152
3779 95 148
3780 98 152
3781 8 144
3782 47 81
3783 17 102
3784 127 148
3785 141 142
3786 40 63
3787 26 97
3788 117 160
3789 69 77
3790 2 22
3791 102 143
3792 139 147
3793 25 88
3794 116 142
3795 54 76
3796 44 50
3797 48 53
3798 91 102
3799 20 42
3800 6 13
3801 138 157
3802 91 151
3803 39 79
3804 63 69
3805 9 25
3806 104 153
3807 123 151
3808 15 23
3809 42 83
3810 5 109
3811 136 148
3812 66 77
3813 89 148
3814 32 52
3815 18 123
3816 95 123
3817 99 124
3818 118 136
3819 28 160
3820 41 59
3821 95 136
3822 88 122
3823 41 68
3824 13 22
3825 108 148
3826 127 136
3827 60 87
3828 23 93
3829 140 159
3830 88 152
3831 93 153
3832 73 85
3833 36 47
3834 117 132
3835 103 113
3836 106 151
3837 45 56
3838 49 61
3839 92 117
3840 96 112
3841 45 73
3842 7 13
3843 48 66
3844 105 119
3845 92 155
3846 129 135
3847 81 142
3848 10 130
3849 24 26
3850 6 94
3851 10 21
3852 105 145
3853 111 143
3854 33 77
3855 90 150
3856 57 71
3857 33 62
3858 109 124
3859 113 121
3860 42 55
3861 133 156
3862 66 81
3863 15 152
3864 32 80
3865 89 97
3866 71 81
3867 109 158
3868 4 30
3869 99 152
3870 118 148
3871 37 82
3872 94 157
3873 131 149
3874 61 76
3875 51 74
3876 40 104
3877 97 137
3878 26 135
3879 36 67
3880 93 110
3881 97 107
3882 26 89
3883 117 152
3884 103 149
3885 106 139
3886 16 159
3887 130 139
3888 135 158
3889 1 158
3890 55 71
3891 120 146
3892 48 159
3893 1 15
3894 58 72
3895 96 139
3896 115 153
3897 101 150
3898 58 59
3899 20 115
3900 24 118
3901 6 58
3902 105 141
3903 39 134
3904 134 158
3905 90 106
3906 5 131
3907 43 80
3908 124 157
3909 19 27
3910 5 20
3911 100 150
3912 119 154
3913 52 81
3914 19 136
3915 42 43
3916 38 55
3917 8 102
3918 65 75
3919 122 140
3920 89 125
3921 109 130
3922 51 57
3923 94 121
3924 98 100
3925 61 80
3926 112 136
3927 50 82
3928 13 94
3929 107 143
3930 144 147
3931 40 68
3932 3 88
3933 97 149
3934 26 155
3935 83 87
3936 46 73
3937 121 136
3938 126 155
3939 93 114
3940 97 119
3941 55 58
3942 59 63
3943 102 115
3944 49 69
3945 106 126
3946 35 54
3947 96 151
3948 115 117
3949 25 157
3950 44 79
3951 101 138
3952 11 158
3953 68 69
3954 128 146
3955 6 151
3956 10 90
3957 34 68
3958 125 133
3959 20 23
3960 114 150
3961 6 38
3962 101 108
3963 91 138
3964 110 154
3965 20 134
3966 43 47
3967 33 117
3968 39 59
3969 114 120
3970 123 138
3971 56 65
3972 5 8
3973 62 123
3974 100 138
3975 119 126
3976 52 53
3977 132 141
3978 32 41
3979 18 20
3980 75 77
3981 38 83
3982 113 146
3983 65 87
3984 28 93
3985 122 160
3986 14 24
3987 145 159
3988 95 151
3989 98 153
3990 47 80
3991 127 151
3992 60 76
3993 50 118
3994 36 52
3995 26 110
3996 12 13
3997 69 76
3998 2 23
3999 102 140
4000 139 146
4001 12 156
4002 35 69
4003 68 155
4004 115 160
4005 116 143
4006 54 77
4007 44 51
4008 48 54
4009 20 68
4010 91 121
4011 138 154
4012 91 150
4013 20 154
4014 39 78
4015 9 143
4016 63 68
4017 9 24
4018 104 154
4019 123 150
4020 15 22
4021 42 80
4022 136 149
4023 66 74
4024 89 155
4025 15 135
4026 32 53
4027 95 122
4028 8 62
4029 99 127
4030 118 137
4031 41 58
4032 95 139
4033 88 123
4034 41 75
4035 13 21
4036 108 149
4037 127 139
4038 60 80
4039 26 160
4040 140 152
4041 88 153
4042 93 152
4043 73 84
4044 36 40
4045 117 131
4046 103 112
4047 106 148
4048 45 55
4049 49 60
4050 12 128
4051 92 118
4052 96 113
4053 116 124
4054 45 72
4055 44 128
4056 7 12
4057 48 67
4058 105 118
4059 72 73
4060 92 148
4061 129 134
4062 20 88
4063 24 27
4064 10 18
4065 105 144
4066 111 142
4067 33 76
4068 90 151
4069 57 70
4070 100 108
4071 33 61
4072 5 63
4073 109 123
4074 19 111
4075 113 120
4076 42 52
4077 133 155
4078 15 155
4079 32 81
4080 89 96
4081 71 80
4082 109 157
4083 4 31
4084 99 155
4085 118 149
4086 37 81
4087 94 130
4088 131 148
4089 61 75
4090 51 77
4091 97 136
4092 23 96
4093 26 132
4094 50 62
4095 46 50
4096 36 76
4097 93 109
4098 22 43
4099 97 106
4100 103 148
4101 106 136
4102 16 144
4103 130 136
4104 25 102
4105 135 153
4106 1 157
4107 55 70
4108 120 147
4109 1 14
4110 58 73
4111 96 140
4112 115 152
4113 101 149
4114 48 111
4115 20 124
4116 101 119
4117 105 140
4118 134 159
4119 33 104
4120 90 107
4121 5 130
4122 43 83
4123 124 158
4124 19 26
4125 5 19
4126 62 92
4127 100 151
4128 119 149
4129 52 82
4130 18 158
4131 19 139
4132 38 52
4133 65 74
4134 28 122
4135 122 141
4136 89 124
4137 109 129
4138 51 56
4139 94 126
4140 98 101
4141 112 137
4142 50 83
4143 107 142
4144 144 148
4145 40 69
4146 97 148
4147 26 152
4148 140 160
4149 83 86
4150 46 78
4151 121 143
4152 69 87
4153 126 152
4154 93 113
4155 97 118
4156 59 62
4157 102 112
4158 49 68
4159 106 127
4160 35 57
4161 115 116
4162 25 156
4163 44 72
4164 101 137
4165 68 70
4166 128 147
4167 34 69
4168 125 132
4169 114 151
4170 10 42
4171 101 107
4172 91 141
4173 110 155
4174 43 46
4175 33 116
4176 39 58
4177 114 121
4178 123 141
4179 56 66
4180 5 119
4181 100 139
4182 119 121
4183 52 54
4184 18 130
4185 132 142
4186 32 42
4187 14 110
4188 18 21
4189 75 76
4190 38 80
4191 113 145
4192 65 86
4193 28 94
4194 14 25
4195 145 158
4196 95 150
4197 98 150
4198 27 158
4199 47 83
4200 88 96
4201 127 150
4202 60 77
4203 16 58
4204 36 53
4205 26 111
4206 12 14
4207 69 75
4208 2 20
4209 102 141
4210 139 149
4211 12 157
4212 35 68
4213 25 94
4214 116 136
4215 48 88
4216 54 66
4217 1 118
4218 48 55
4219 91 120
4220 111 117
4221 138 155
4222 20 155
4223 39 73
4224 63 71
4225 9 31
4226 104 155
4227 33 129
4228 15 17
4229 42 81
4230 5 107
4231 136 150
4232 9 104
4233 66 75
4234 89 154
4235 15 134
4236 32 54
4237 18 121
4238 95 101
4239 99 126
4240 118 142
4241 41 57
4242 95 138
4243 27 122
4244 88 124
4245 41 74
4246 13 20
4247 108 150
4248 127 138
4249 60 81
4250 140 153
4251 88 154
4252 93 151
4253 3 147
4254 36 41
4255 79 85
4256 117 130
4257 103 115
4258 106 149
4259 150 160
4260 45 54
4261 49 51
4262 92 119
4263 96 114
4264 25 58
4265 116 125
4266 45 71
4267 1 33
4268 7 15
4269 48 68
4270 105 117
4271 72 74
4272 92 149
4273 129 133
4274 10 128
4275 24 28
4276 10 19
4277 105 151
4278 111 137
4279 33 67
4280 90 148
4281 57 69
4282 100 109
4283 33 60
4284 15 117
4285 109 122
4286 113 127
4287 42 53
4288 133 154
4289 32 82
4290 89 103
4291 71 83
4292 18 93
4293 109 156
4294 4 24
4295 99 154
4296 28 134
4297 37 80
4298 94 131
4299 131 151
4300 61 74
4301 51 76
4302 97 143
4303 23 99
4304 26 133
4305 50 63
4306 46 51
4307 36 77
4308 93 108
4309 97 105
4310 103 151
4311 106 137
4312 16 145
4313 130 137
4314 25 101
4315 135 152
4316 55 65
4317 120 148
4318 48 145
4319 1 13
4320 58 86
4321 96 141
4322 115 155
4323 101 148
4324 128 136
4325 34 62
4326 24 120
4327 101 118
4328 91 160
4329 134 156
4330 90 104
4331 110 111
4332 43 82
4333 124 159
4334 19 29
4335 5 18
4336 62 93
4337 100 144
4338 119 148
4339 52 83
4340 15 73
4341 18 159
4342 19 138
4343 38 53
4344 8 104
4345 65 73
4346 28 123
4347 122 138
4348 109 128
4349 51 59
4350 94 127
4351 112 138
4352 50 80
4353 107 129
4354 144 149
4355 40 70
4356 26 153
4357 46 79
4358 121 142
4359 12 107
4360 69 86
4361 16 110
4362 126 153
4363 93 112
4364 97 117
4365 102 113
4366 106 124
4367 35 56
4368 21 102
4369 115 119
4370 44 73
4371 101 136
4372 11 144
4373 68 71
4374 128 148
4375 10 88
4376 30 31
4377 34 66
4378 125 131
4379 114 148
4380 101 106
4381 91 140
4382 110 152
4383 20 128
4384 39 53
4385 114 118
4386 104 160
4387 123 140
4388 15 60
4389 56 67
4390 5 118
4391 119 120
4392 29 144
4393 123 125
4394 52 55
4395 132 143
4396 32 43
4397 75 79
4398 38 81
4399 113 144
4400 65 85
4401 14 30
4402 89 95
4403 145 157
4404 95 145
4405 98 151
4406 27 145
4407 47 82
4408 88 97
4409 127 145
4410 60 78
4411 23 58
4412 50 116
4413 107 109
4414 70 115
4415 60 61
4416 36 54
4417 26 108
4418 12 15
4419 69 74
4420 2 21
4421 102 130
4422 139 148
4423 12 158
4424 35 71
4425 92 108
4426 25 93
4427 82 86
4428 68 133
4429 116 137
4430 54 67
4431 44 45
4432 91 123
4433 111 116
4434 138 152
4435 39 72
4436 63 70
4437 9 30
4438 104 156
4439 33 128
4440 15 16
4441 136 151
4442 66 72
4443 89 153
4444 8 81
4445 32 55
4446 18 118
4447 95 100
4448 118 143
4449 41 56
4450 88 125
4451 41 73
4452 13 19
4453 108 151
4454 3 5
4455 60 82
4456 23 94
4457 140 154
4458 88 155
4459 93 150
4460 22 146
4461 36 42
4462 79 84
4463 117 129
4464 103 114
4465 106 146
4466 45 53
4467 49 50
4468 12 130
4469 31 102
4470 92 112
4471 96 115
4472 116 126
4473 45 70
4474 120 121
4475 1 32
4476 44 130
4477 7 14
4478 48 69
4479 105 116
4480 72 75
4481 92 150
4482 129 132
4483 148 160
4484 20 90
4485 77 87
4486 24 29
4487 10 16
4488 30 87
4489 105 150
4490 111 136
4491 33 66
4492 90 149
4493 57 68
4494 100 110
4495 104 105
4496 33 51
4497 9 58
4498 15 116
4499 109 121
4500 19 113
4501 113 126
4502 42 50
4503 133 153
4504 62 128
4505 32 83
4506 89 102
4507 71 82
4508 109 155
4509 4 25
4510 99 157
4511 28 135
4512 94 128
4513 131 150
4514 61 73
4515 27 89
4516 88 89
4517 51 79
4518 97 142
4519 26 130
4520 50 60
4521 46 48
4522 50 143
4523 36 78
4524 93 107
4525 97 104
4526 103 150
4527 16 146
4528 130 134
4529 135 155
4530 55 64
4531 120 149
4532 48 146
4533 1 12
4534 58 87
4535 96 142
4536 115 154
4537 101 147
4538 48 97
4539 68 108
4540 128 137
4541 34 63
4542 101 117
4543 39 131
4544 134 157
4545 90 105
4546 5 128
4547 43 85
4548 124 152
4549 19 28
4550 5 17
4551 62 66
4552 100 145
4553 119 151
4554 89 160
4555 18 156
4556 19 141
4557 132 148
4558 38 42
4559 65 72
4560 28 116
4561 122 139
4562 51 58
4563 94 124
4564 4 140
4565 98 99
4566 112 139
4567 50 81
4568 107 128
4569 144 150
4570 40 71
4571 23 134
4572 46 76
4573 121 141
4574 12 100
4575 69 85
4576 16 111
4577 126 158
4578 2 14
4579 97 116
4580 102 118
4581 106 125
4582 35 59
4583 1 104
4584 115 118
4585 44 74
4586 128 149
4587 6 138
4588 10 89
4589 34 67
4590 125 130
4591 114 149
4592 24 85
4593 101 105
4594 91 143
4595 110 153
4596 9 144
4597 53 71
4598 39 52
4599 114 119
4600 123 143
4601 15 63
4602 56 68
4603 5 117
4604 9 114
4605 119 123
4606 123 124
4607 132 136
4608 32 44
4609 14 108
4610 18 19
4611 75 78
4612 38 86
4613 113 151
4614 118 160
4615 65 84
4616 28 88
4617 14 31
4618 89 94
4619 145 156
4620 95 144
4621 98 148
4622 8 148
4623 88 98
4624 127 144
4625 60 79
4626 13 127
4627 88 128
4628 107 108
4629 60 62
4630 36 55
4631 22 102
4632 26 109
4633 69 73
4634 2 18
4635 150 154
4636 102 131
4637 139 151
4638 12 159
4639 35 70
4640 92 109
4641 96 104
4642 82 87
4643 116 138
4644 34 133
4645 72 80
4646 54 64
4647 1 116
4648 44 46
4649 6 118
4650 91 122
4651 111 119
4652 138 153
4653 39 75
4654 63 65
4655 9 29
4656 104 157
4657 15 19
4658 5 105
4659 136 152
4660 9 110
4661 66 73
4662 89 152
4663 15 128
4664 32 72
4665 95 103
4666 8 33
4667 118 140
4668 41 63
4669 27 124
4670 88 126
4671 41 72
4672 13 18
4673 108 144
4674 3 4
4675 60 83
4676 23 89
4677 140 155
4678 88 156
4679 74 147
4680 93 149
4681 12 93
4682 16 24
4683 36 43
4684 79 87
4685 117 128
4686 103 109
4687 106 147
4688 45 52
4689 92 113
4690 96 116
4691 116 127
4692 45 69
4693 120 122
4694 115 129
4695 7 9
4696 48 70
4697 105 123
4698 72 76
4699 92 151
4700 129 155
4701 10 142
4702 77 86
4703 24 30
4704 10 17
4705 105 149
4706 111 139
4707 33 65
4708 90 146
4709 57 75
4710 100 111
4711 104 106
4712 33 50
4713 15 119
4714 109 120
4715 19 112
4716 113 125
4717 42 51
4718 133 152
4719 32 84
4720 89 101
4721 71 77
4722 18 91
4723 109 154
4724 4 26
4725 99 156
4726 28 128
4727 94 129
4728 131 153
4729 61 72
4730 88 90
4731 51 78
4732 37 47
4733 97 141
4734 50 61
4735 46 49
4736 50 140
4737 36 79
4738 93 106
4739 97 111
4740 154 158
4741 103 145
4742 130 135
4743 25 107
4744 135 154
4745 55 67
4746 120 150
4747 48 147
4748 11 25
4749 1 3
4750 58 84
4751 96 143
4752 115 157
4753 101 146
4754 11 118
4755 72 104
4756 128 138
4757 7 130
4758 34 60
4759 20 127
4760 101 116
4761 110 130
4762 134 146
4763 29 104
4764 33 109
4765 90 118
4766 5 143
4767 43 84
4768 124 153
4769 19 31
4770 5 16
4771 62 67
4772 100 146
4773 119 150
4774 18 157
4775 19 140
4776 132 149
4777 38 43
4778 65 79
4779 122 136
4780 51 61
4781 75 131
4782 94 125
4783 112 140
4784 50 78
4785 107 131
4786 144 151
4787 40 72
4788 46 77
4789 121 140
4790 12 101
4791 69 84
4792 16 96
4793 126 159
4794 2 15
4795 102 119
4796 106 122
4797 35 58
4798 58 104
4799 115 121
4800 149 159
4801 44 75
4802 128 150
4803 34 64
4804 125 129
4805 114 146
4806 43 146
4807 6 26
4808 101 104
4809 91 142
4810 110 158
4811 20 130
4812 9 151
4813 53 70
4814 39 55
4815 114 116
4816 123 142
4817 15 62
4818 56 69
4819 5 116
4820 9 113
4821 119 122
4822 123 127
4823 89 131
4824 18 129
4825 132 137
4826 32 45
4827 38 87
4828 113 150
4829 28 89
4830 14 28
4831 89 93
4832 145 147
4833 95 147
4834 98 149
4835 151 157
4836 88 99
4837 41 83
4838 127 147
4839 60 72
4840 50 114
4841 88 129
4842 107 111
4843 60 63
4844 36 48
4845 69 72
4846 2 19
4847 150 155
4848 102 128
4849 139 150
4850 35 73
4851 92 110
4852 96 105
4853 82 84
4854 68 135
4855 21 23
4856 116 139
4857 48 91
4858 72 81
4859 54 65
4860 92 140
4861 44 47
4862 34 100
4863 91 125
4864 111 118
4865 39 74
4866 100 116
4867 63 64
4868 9 28
4869 104 158
4870 15 18
4871 5 104
4872 136 153
4873 137 160
4874 66 70
4875 89 159
4876 32 73
4877 18 116
4878 95 102
4879 118 141
4880 41 62
4881 27 127
4882 88 127
4883 41 79
4884 13 17
4885 108 145
4886 3 7
4887 23 88
4888 140 148
4889 88 157
4890 93 148
4891 12 94
4892 16 25
4893 36 84
4894 79 86
4895 117 143
4896 103 108
4897 106 144
4898 130 160
4899 45 51
4900 92 114
4901 96 117
4902 116 120
4903 45 68
4904 120 123
4905 115 128
4906 7 8
4907 48 71
4908 105 122
4909 72 77
4910 92 144
4911 129 154
4912 10 143
4913 77 85
4914 24 31
4915 10 30
4916 105 148
4917 111 138
4918 24 142
4919 33 64
4920 90 147
4921 57 74
4922 100 104
4923 104 107
4924 33 49
4925 119 141
4926 15 118
4927 109 119
4928 19 115
4929 113 124
4930 42 48
4931 133 135
4932 4 116
4933 62 134
4934 32 85
4935 89 100
4936 71 76
4937 18 88
4938 109 153
4939 4 27
4940 99 159
4941 94 134
4942 131 152
4943 61 71
4944 27 91
4945 88 91
4946 51 81
4947 37 46
4948 97 140
4949 26 128
4950 50 58
4951 46 54
4952 50 141
4953 73 116
4954 36 72
4955 93 105
4956 97 110
4957 154 159
4958 103 144
4959 16 148
4960 130 132
4961 135 149
4962 12 160
4963 55 66
4964 25 27
4965 120 151
4966 11 24
4967 159 160
4968 1 2
4969 58 85
4970 96 128
4971 115 156
4972 101 145
4973 48 99
4974 30 151
4975 128 139
4976 34 61
4977 20 120
4978 101 115
4979 110 131
4980 134 147
4981 90 119
4982 110 114
4983 43 87
4984 124 154
4985 19 30
4986 5 31
4987 62 64
4988 100 147
4989 119 145
4990 156 157
4991 18 154
4992 19 143
4993 132 150
4994 38 40
4995 65 78
4996 28 118
4997 122 137
4998 98 142
4999 51 60
5000 94 98
5001 27 39
5002 112 141
5003 50 79
5004 107 130
5005 40 73
5006 22 88
5007 46 82
5008 121 147
5009 12 102
5010 69 83
5011 126 156
5012 2 12
5013 102 116
5014 106 123
5015 35 61
5016 115 120
5017 149 158
5018 44 68
5019 128 151
5020 34 65
5021 125 128
5022 20 28
5023 114 147
5024 6 27
5025 91 129
5026 110 159
5027 53 69
5028 39 54
5029 114 117
5030 123 129
5031 15 57
5032 56 70
5033 5 115
5034 9 112
5035 137 139
5036 123 126
5037 89 130
5038 132 138
5039 32 46
5040 38 84
5041 113 149
5042 14 29
5043 89 92
5044 145 146
5045 95 146
5046 98 146
5047 151 156
5048 88 100
5049 41 82
5050 127 146
5051 60 73
5052 88 130
5053 107 110
5054 93 143
5055 36 49
5056 2 16
5057 150 152
5058 102 129
5059 12 153
5060 35 72
5061 92 111
5062 96 106
5063 82 85
5064 68 128
5065 21 22
5066 116 148
5067 72 82
5068 54 70
5069 92 141
5070 6 116
5071 10 123
5072 91 124
5073 111 113
5074 6 7
5075 39 69
5076 100 117
5077 63 67
5078 104 112
5079 104 159
5080 33 133
5081 15 29
5082 136 154
5083 66 71
5084 89 158
5085 15 130
5086 8 84
5087 32 74
5088 18 117
5089 95 97
5090 118 130
5091 41 61
5092 151 160
5093 27 126
5094 41 78
5095 13 16
5096 108 146
5097 3 6
5098 64 104
5099 140 149
5100 88 158
5101 70 82
5102 93 147
5103 3 151
5104 12 95
5105 16 26
5106 36 85
5107 79 81
5108 117 142
5109 103 111
5110 106 145
5111 45 50
5112 49 55
5113 35 100
5114 92 115
5115 96 118
5116 116 121
5117 45 67
5118 120 124
5119 115 131
5120 7 11
5121 105 121
5122 72 78
5123 128 160
5124 92 145
5125 129 153
5126 20 101
5127 58 144
5128 77 84
5129 10 31
5130 105 155
5131 111 149
5132 33 71
5133 90 144
5134 57 73
5135 100 105
5136 104 108
5137 33 48
5138 119 140
5139 109 118
5140 19 114
5141 113 115
5142 42 49
5143 133 134
5144 32 86
5145 89 107
5146 71 79
5147 109 152
5148 99 158
5149 28 130
5150 94 135
5151 131 155
5152 61 70
5153 88 92
5154 51 80
5155 37 45
5156 107 153
5157 3 98
5158 97 131
5159 23 127
5160 50 59
5161 26 48
5162 46 55
5163 36 73
5164 93 104
5165 97 109
5166 154 156
5167 103 147
5168 16 149
5169 130 133
5170 25 105
5171 135 148
5172 49 83
5173 1 144
5174 25 26
5175 120 152
5176 11 27
5177 58 82
5178 96 129
5179 115 159
5180 25 139
5181 101 144
5182 11 104
5183 128 140
5184 34 58
5185 101 114
5186 157 160
5187 110 128
5188 43 57
5189 134 144
5190 29 102
5191 90 116
5192 110 115
5193 5 141
5194 43 86
5195 124 155
5196 5 30
5197 62 65
5198 9 91
5199 100 156
5200 119 144
5201 156 158
5202 18 155
5203 132 151
5204 14 151
5205 38 41
5206 65 77
5207 122 150
5208 98 143
5209 51 63
5210 94 99
5211 98 126
5212 112 142
5213 50 76
5214 107 133
5215 40 74
5216 3 94
5217 64 80
5218 46 83
5219 121 146
5220 69 82
5221 126 157
5222 2 13
5223 102 154
5224 102 117
5225 106 120
5226 126 127
5227 35 60
5228 115 123
5229 149 157
5230 44 69
5231 6 137
5232 125 159
5233 20 29
5234 114 144
5235 6 24
5236 91 128
5237 110 156
5238 53 68
5239 39 49
5240 123 128
5241 56 71
5242 5 114
5243 9 119
5244 137 138
5245 89 129
5246 132 139
5247 32 47
5248 38 85
5249 113 148
5250 95 157
5251 98 147
5252 151 159
5253 8 151
5254 88 101
5255 94 95
5256 41 81
5257 127 157
5258 60 74
5259 50 112
5260 88 131
5261 93 142
5262 36 50
5263 26 104
5264 2 17
5265 150 153
5266 102 134
5267 12 154
5268 35 75
5269 92 104
5270 96 107
5271 59 81
5272 116 149
5273 48 93
5274 72 83
5275 54 71
5276 1 73
5277 92 142
5278 81 155
5279 91 127
5280 111 112
5281 53 55
5282 39 68
5283 100 118
5284 63 66
5285 104 113
5286 33 43
5287 104 128
5288 15 28
5289 136 155
5290 66 68
5291 89 157
5292 32 75
5293 18 114
5294 95 96
5295 99 101
5296 118 131
5297 41 60
5298 27 113
5299 108 124
5300 41 77
5301 13 15
5302 108 147
5303 3 9
5304 140 150
5305 88 159
5306 70 83
5307 93 146
5308 22 150
5309 12 88
5310 16 27
5311 73 94
5312 36 86
5313 79 80
5314 117 141
5315 103 110
5316 106 158
5317 45 49
5318 49 54
5319 96 119
5320 116 122
5321 45 66
5322 120 125
5323 115 130
5324 7 10
5325 48 121
5326 105 120
5327 68 116
5328 72 79
5329 92 146
5330 129 152
5331 20 102
5332 77 83
5333 10 28
5334 67 69
5335 105 154
5336 111 148
5337 33 70
5338 90 145
5339 57 72
5340 100 106
5341 104 109
5342 33 55
5343 119 143
5344 52 68
5345 109 117
5346 19 117
5347 113 114
5348 42 62
5349 4 118
5350 32 87
5351 89 106
5352 71 78
5353 109 151
5354 4 5
5355 99 129
5356 142 143
5357 94 132
5358 131 154
5359 61 69
5360 88 93
5361 51 83
5362 37 44
5363 107 152
5364 3 101
5365 97 130
5366 26 142
5367 50 56
5368 46 52
5369 36 74
5370 93 103
5371 97 108
5372 154 157
5373 103 146
5374 16 150
5375 25 104
5376 135 151
5377 49 82
5378 1 151
5379 120 153
5380 11 26
5381 58 83
5382 96 130
5383 115 158
5384 101 159
5385 48 101
5386 68 104
5387 128 141
5388 34 59
5389 20 122
5390 101 113
5391 110 129
5392 43 56
5393 134 145
5394 29 101
5395 90 117
5396 110 112
5397 5 140
5398 43 73
5399 124 148
5400 5 29
5401 62 70
5402 100 157
5403 119 147
5404 156 159
5405 18 152
5406 19 145
5407 132 144
5408 38 46
5409 65 76
5410 28 112
5411 122 151
5412 98 140
5413 47 69
5414 51 62
5415 94 96
5416 98 127
5417 118 122
5418 112 143
5419 41 133
5420 23 45
5421 155 157
5422 50 77
5423 107 132
5424 40 75
5425 23 130
5426 64 81
5427 22 94
5428 46 80
5429 121 145
5430 12 96
5431 69 81
5432 16 99
5433 126 130
5434 2 10
5435 102 155
5436 25 68
5437 102 106
5438 31 58
5439 106 121
5440 35 63
5441 115 122
5442 149 156
5443 44 70
5444 11 151
5445 68 76
5446 125 158
5447 20 30
5448 114 145
5449 6 25
5450 91 131
5451 110 157
5452 147 149
5453 53 67
5454 39 48
5455 114 115
5456 123 131
5457 56 72
5458 5 113
5459 9 118
5460 89 128
5461 52 60
5462 14 112
5463 38 74
5464 113 139
5465 8 9
5466 95 156
5467 98 144
5468 151 158
5469 8 152
5470 88 102
5471 17 94
5472 41 80
5473 127 156
5474 60 75
5475 88 132
5476 93 141
5477 36 51
5478 26 105
5479 150 158
5480 102 135
5481 12 155
5482 35 74
5483 92 105
5484 96 108
5485 59 80
5486 82 83
5487 68 130
5488 116 150
5489 44 155
5490 48 94
5491 72 84
5492 54 68
5493 92 143
5494 10 121
5495 91 126
5496 111 115
5497 53 54
5498 39 71
5499 100 119
5500 63 77
5501 104 114
5502 33 42
5503 104 129
5504 33 155
5505 15 31
5506 19 88
5507 136 156
5508 66 69
5509 89 156
5510 32 76
5511 75 110
5512 95 99
5513 99 100
5514 118 128
5515 17 58
5516 108 125
5517 37 55
5518 112 120
5519 41 76
5520 13 14
5521 108 140
5522 3 8
5523 140 151
5524 70 80
5525 93 145
5526 22 151
5527 12 89
5528 16 28
5529 36 87
5530 79 83
5531 117 140
5532 103 105
5533 106 159
5534 45 48
5535 49 53
5536 116 123
5537 45 65
5538 120 126
5539 115 133
5540 48 122
5541 105 127
5542 68 117
5543 92 147
5544 129 159
5545 10 138
5546 77 82
5547 10 29
5548 67 68
5549 30 88
5550 105 153
5551 111 151
5552 33 69
5553 90 158
5554 57 79
5555 5 151
5556 100 107
5557 104 110
5558 33 54
5559 119 142
5560 52 69
5561 15 115
5562 109 116
5563 19 116
5564 42 63
5565 14 40
5566 89 105
5567 71 73
5568 109 150
5569 146 160
5570 4 6
5571 99 128
5572 94 133
5573 131 157
5574 61 68
5575 84 155
5576 88 94
5577 51 82
5578 37 43
5579 107 155
5580 40 80
5581 97 129
5582 50 57
5583 26 62
5584 46 53
5585 50 136
5586 16 120
5587 36 75
5588 93 102
5589 97 99
5590 103 141
5591 16 151
5592 130 131
5593 135 150
5594 49 81
5595 120 154
5596 11 29
5597 1 7
5598 58 80
5599 96 131
5600 101 158
5601 48 102
5602 68 105
5603 128 142
5604 34 56
5605 20 123
5606 101 112
5607 110 134
5608 43 59
5609 134 150
5610 90 114
5611 110 113
5612 5 139
5613 43 72
5614 124 149
5615 5 28
5616 62 71
5617 9 89
5618 100 158
5619 119 146
5620 29 134
5621 132 145
5622 38 47
5623 4 107
5624 65 67
5625 122 148
5626 98 141
5627 47 68
5628 94 97
5629 4 137
5630 98 124
5631 118 123
5632 47 53
5633 112 128
5634 155 156
5635 50 74
5636 107 135
5637 40 76
5638 23 157
5639 64 82
5640 22 95
5641 46 81
5642 121 144
5643 69 80
5644 126 131
5645 2 11
5646 102 152
5647 35 81
5648 102 107
5649 35 62
5650 58 116
5651 115 125
5652 149 155
5653 44 71
5654 24 43
5655 125 157
5656 20 31
5657 114 142
5658 6 30
5659 91 130
5660 147 148
5661 20 142
5662 9 155
5663 53 66
5664 39 51
5665 123 130
5666 15 58
5667 56 73
5668 5 112
5669 89 135
5670 52 61
5671 32 33
5672 38 75
5673 113 138
5674 8 10
5675 145 151
5676 95 159
5677 98 145
5678 151 153
5679 88 103
5680 41 87
5681 127 159
5682 60 68
5683 88 133
5684 93 140
5685 22 136
5686 73 160
5687 36 60
5688 26 118
5689 150 159
5690 102 132
5691 12 148
5692 35 77
5693 92 106
5694 96 109
5695 59 83
5696 116 151
5697 72 85
5698 54 69
5699 92 136
5700 78 79
5701 10 151
5702 6 107
5703 10 102
5704 91 113
5705 111 114
