1 1 10
2 1 11
3 1 19
4 1 23
5 1 29
6 1 30
7 1 44
8 1 45
9 1 49
10 1 70
11 1 73
12 1 85
13 1 107
14 1 115
15 1 125
16 1 134
17 1 135
18 1 138
19 1 145
20 2 5
21 2 6
22 2 15
23 2 21
24 2 34
25 2 46
26 2 55
27 2 63
28 2 81
29 2 101
30 2 103
31 2 114
32 2 116
33 2 119
34 2 123
35 2 129
36 2 131
37 2 133
38 2 152
39 2 157
40 2 169
41 2 170
42 3 22
43 3 87
44 3 102
45 3 132
46 3 147
47 4 7
48 4 9
49 4 48
50 4 67
51 4 97
52 4 106
53 4 137
54 4 166
55 4 167
56 5 6
57 5 15
58 5 21
59 5 34
60 5 38
61 5 46
62 5 55
63 5 63
64 5 68
65 5 80
66 5 81
67 5 101
68 5 103
69 5 114
70 5 116
71 5 119
72 5 123
73 5 129
74 5 131
75 5 133
76 5 142
77 5 152
78 5 157
79 5 169
80 5 170
81 6 15
82 6 21
83 6 34
84 6 38
85 6 46
86 6 55
87 6 63
88 6 68
89 6 80
90 6 81
91 6 101
92 6 103
93 6 114
94 6 116
95 6 119
96 6 123
97 6 126
98 6 129
99 6 131
100 6 133
101 6 152
102 6 157
103 6 169
104 6 170
105 7 9
106 7 48
107 7 67
108 7 97
109 7 106
110 7 137
111 7 166
112 7 167
113 8 22
114 8 31
115 8 62
116 8 72
117 8 76
118 8 89
119 8 98
120 8 102
121 8 110
122 8 113
123 8 118
124 8 140
125 8 141
126 8 143
127 8 158
128 8 171
129 9 48
130 9 67
131 9 97
132 9 106
133 9 137
134 9 166
135 9 167
136 10 11
137 10 19
138 10 23
139 10 29
140 10 30
141 10 44
142 10 45
143 10 49
144 10 70
145 10 73
146 10 85
147 10 107
148 10 115
149 10 134
150 10 135
151 10 138
152 10 145
153 11 19
154 11 23
155 11 29
156 11 30
157 11 44
158 11 45
159 11 49
160 11 70
161 11 73
162 11 85
163 11 107
164 11 115
165 11 125
166 11 134
167 11 135
168 11 138
169 11 145
170 12 26
171 12 32
172 12 33
173 12 43
174 12 52
175 12 69
176 12 91
177 12 92
178 12 96
179 12 100
180 12 128
181 12 136
182 12 154
183 12 161
184 12 162
185 13 53
186 13 55
187 13 101
188 13 126
189 13 131
190 13 155
191 14 20
192 14 99
193 14 110
194 14 153
195 15 21
196 15 34
197 15 38
198 15 46
199 15 55
200 15 63
201 15 68
202 15 80
203 15 81
204 15 101
205 15 103
206 15 114
207 15 116
208 15 119
209 15 123
210 15 126
211 15 129
212 15 131
213 15 133
214 15 152
215 15 157
216 15 169
217 15 170
218 16 59
219 16 105
220 16 109
221 16 156
222 17 35
223 17 112
224 18 101
225 19 23
226 19 29
227 19 30
228 19 44
229 19 45
230 19 49
231 19 70
232 19 73
233 19 85
234 19 107
235 19 115
236 19 125
237 19 134
238 19 135
239 19 138
240 19 145
241 20 93
242 20 99
243 20 110
244 20 153
245 21 34
246 21 38
247 21 46
248 21 55
249 21 63
250 21 68
251 21 74
252 21 77
253 21 80
254 21 81
255 21 101
256 21 103
257 21 114
258 21 116
259 21 119
260 21 123
261 21 126
262 21 129
263 21 131
264 21 133
265 21 152
266 21 157
267 21 169
268 21 170
269 22 31
270 22 39
271 22 62
272 22 87
273 22 102
274 22 110
275 22 113
276 22 118
277 22 140
278 22 143
279 23 29
280 23 30
281 23 44
282 23 45
283 23 49
284 23 70
285 23 73
286 23 85
287 23 107
288 23 115
289 23 125
290 23 134
291 23 135
292 23 138
293 23 145
294 25 28
295 25 41
296 25 83
297 25 88
298 25 113
299 25 127
300 26 32
301 26 33
302 26 36
303 26 43
304 26 47
305 26 52
306 26 69
307 26 91
308 26 92
309 26 96
310 26 100
311 26 128
312 26 136
313 26 148
314 26 154
315 26 161
316 26 162
317 27 56
318 28 41
319 28 83
320 28 88
321 28 113
322 28 127
323 29 30
324 29 44
325 29 45
326 29 49
327 29 70
328 29 73
329 29 85
330 29 107
331 29 115
332 29 125
333 29 134
334 29 135
335 29 138
336 29 145
337 30 44
338 30 45
339 30 49
340 30 70
341 30 73
342 30 85
343 30 107
344 30 115
345 30 134
346 30 135
347 30 138
348 30 145
349 31 39
350 31 41
351 31 42
352 31 62
353 31 65
354 31 76
355 31 79
356 31 82
357 31 83
358 31 98
359 31 102
360 31 110
361 31 118
362 31 124
363 31 127
364 31 140
365 31 143
366 31 158
367 32 33
368 32 43
369 32 47
370 32 52
371 32 69
372 32 91
373 32 92
374 32 96
375 32 100
376 32 128
377 32 136
378 32 148
379 32 154
380 32 161
381 32 162
382 33 43
383 33 52
384 33 69
385 33 91
386 33 92
387 33 96
388 33 100
389 33 128
390 33 136
391 33 154
392 33 161
393 34 38
394 34 46
395 34 55
396 34 63
397 34 68
398 34 80
399 34 81
400 34 101
401 34 103
402 34 114
403 34 116
404 34 119
405 34 123
406 34 129
407 34 131
408 34 133
409 34 142
410 34 152
411 34 157
412 34 169
413 34 170
414 35 112
415 36 47
416 36 69
417 36 90
418 36 92
419 36 96
420 36 100
421 38 46
422 38 55
423 38 80
424 38 101
425 38 103
426 38 114
427 38 116
428 38 123
429 38 131
430 38 152
431 38 157
432 38 169
433 38 170
434 39 62
435 39 82
436 39 84
437 39 102
438 39 110
439 39 113
440 39 143
441 40 56
442 41 83
443 41 88
444 41 102
445 41 110
446 41 113
447 41 127
448 41 143
449 42 62
450 42 65
451 42 110
452 42 124
453 42 140
454 42 143
455 43 52
456 43 69
457 43 91
458 43 92
459 43 96
460 43 100
461 43 128
462 43 136
463 43 154
464 43 161
465 43 162
466 44 45
467 44 49
468 44 70
469 44 73
470 44 85
471 44 107
472 44 115
473 44 125
474 44 134
475 44 135
476 44 138
477 44 145
478 45 49
479 45 70
480 45 73
481 45 85
482 45 107
483 45 115
484 45 125
485 45 134
486 45 135
487 45 138
488 45 145
489 46 55
490 46 63
491 46 68
492 46 80
493 46 81
494 46 101
495 46 103
496 46 114
497 46 116
498 46 119
499 46 123
500 46 129
501 46 131
502 46 133
503 46 142
504 46 152
505 46 157
506 46 169
507 46 170
508 47 69
509 47 92
510 47 96
511 47 100
512 47 128
513 47 136
514 48 67
515 48 97
516 48 106
517 48 137
518 48 166
519 48 167
520 49 70
521 49 73
522 49 85
523 49 107
524 49 115
525 49 125
526 49 134
527 49 135
528 49 138
529 49 145
530 50 95
531 50 108
532 51 57
533 52 69
534 52 91
535 52 92
536 52 96
537 52 100
538 52 128
539 52 136
540 52 154
541 52 161
542 53 114
543 53 126
544 53 131
545 53 155
546 54 55
547 54 80
548 54 101
549 54 150
550 55 68
551 55 80
552 55 81
553 55 94
554 55 101
555 55 103
556 55 114
557 55 116
558 55 123
559 55 126
560 55 129
561 55 131
562 55 133
563 55 150
564 55 152
565 55 155
566 55 157
567 55 169
568 55 170
569 56 80
570 56 101
571 56 131
572 59 105
573 59 109
574 59 121
575 59 156
576 62 65
577 62 76
578 62 79
579 62 89
580 62 98
581 62 102
582 62 110
583 62 113
584 62 118
585 62 124
586 62 140
587 62 143
588 62 158
589 63 101
590 63 103
591 63 114
592 63 116
593 63 123
594 63 129
595 63 152
596 63 157
597 63 169
598 63 170
599 64 66
600 64 165
601 64 168
602 65 110
603 65 124
604 65 140
605 65 143
606 66 93
607 66 153
608 66 165
609 66 168
610 67 97
611 67 106
612 67 137
613 67 166
614 67 167
615 68 80
616 68 101
617 68 103
618 68 114
619 68 116
620 68 123
621 68 131
622 68 152
623 68 157
624 68 169
625 68 170
626 69 91
627 69 92
628 69 96
629 69 100
630 69 128
631 69 136
632 69 148
633 69 154
634 69 161
635 69 162
636 70 73
637 70 85
638 70 107
639 70 115
640 70 125
641 70 134
642 70 135
643 70 138
644 70 145
645 72 89
646 72 102
647 72 113
648 72 118
649 72 143
650 72 171
651 73 85
652 73 107
653 73 115
654 73 134
655 73 135
656 73 138
657 73 145
658 74 77
659 74 114
660 74 131
661 75 78
662 76 102
663 76 110
664 76 113
665 76 118
666 76 140
667 76 143
668 76 158
669 77 114
670 77 131
671 79 98
672 79 110
673 79 118
674 79 140
675 79 143
676 80 101
677 80 103
678 80 114
679 80 116
680 80 123
681 80 126
682 80 131
683 80 152
684 80 155
685 80 157
686 80 169
687 80 170
688 81 101
689 81 103
690 81 114
691 81 116
692 81 119
693 81 123
694 81 129
695 81 131
696 81 133
697 81 152
698 81 157
699 81 169
700 81 170
701 83 88
702 83 102
703 83 110
704 83 113
705 83 127
706 83 143
707 84 110
708 85 107
709 85 115
710 85 134
711 85 135
712 85 138
713 85 145
714 86 146
715 87 147
716 88 113
717 88 127
718 89 102
719 89 113
720 89 118
721 89 143
722 89 171
723 91 92
724 91 96
725 91 100
726 91 128
727 91 136
728 91 154
729 91 161
730 92 96
731 92 100
732 92 128
733 92 136
734 92 148
735 92 154
736 92 161
737 92 162
738 93 168
739 94 151
740 96 100
741 96 128
742 96 136
743 96 148
744 96 154
745 96 161
746 96 162
747 97 106
748 97 137
749 97 166
750 97 167
751 98 102
752 98 110
753 98 118
754 98 140
755 98 141
756 98 143
757 98 158
758 100 128
759 100 136
760 100 148
761 100 154
762 100 161
763 100 162
764 101 103
765 101 114
766 101 116
767 101 119
768 101 123
769 101 126
770 101 129
771 101 131
772 101 133
773 101 150
774 101 152
775 101 157
776 101 169
777 101 170
778 102 110
779 102 113
780 102 118
781 102 124
782 102 127
783 102 140
784 102 143
785 102 158
786 102 171
787 103 114
788 103 116
789 103 119
790 103 123
791 103 129
792 103 131
793 103 133
794 103 142
795 103 152
796 103 157
797 103 169
798 103 170
799 104 153
800 105 109
801 105 121
802 105 156
803 105 163
804 106 137
805 106 166
806 106 167
807 107 115
808 107 134
809 107 135
810 107 138
811 107 145
812 109 121
813 109 156
814 110 113
815 110 118
816 110 124
817 110 127
818 110 140
819 110 143
820 110 153
821 110 158
822 111 148
823 113 127
824 113 140
825 113 143
826 113 171
827 114 116
828 114 119
829 114 123
830 114 126
831 114 129
832 114 131
833 114 133
834 114 142
835 114 152
836 114 157
837 114 169
838 114 170
839 115 134
840 115 135
841 115 138
842 115 145
843 116 119
844 116 123
845 116 126
846 116 129
847 116 131
848 116 133
849 116 152
850 116 157
851 116 169
852 116 170
853 118 140
854 118 141
855 118 143
856 118 158
857 118 171
858 119 123
859 119 129
860 119 131
861 119 133
862 119 152
863 119 157
864 119 169
865 119 170
866 120 163
867 123 126
868 123 129
869 123 131
870 123 133
871 123 152
872 123 157
873 123 169
874 123 170
875 124 140
876 124 143
877 124 158
878 125 134
879 125 135
880 125 138
881 126 131
882 126 152
883 126 155
884 126 169
885 126 170
886 127 143
887 128 136
888 128 148
889 128 154
890 128 161
891 128 162
892 129 131
893 129 133
894 129 152
895 129 157
896 129 169
897 129 170
898 131 133
899 131 142
900 131 152
901 131 157
902 131 169
903 131 170
904 133 152
905 133 157
906 133 169
907 133 170
908 134 135
909 134 138
910 134 145
911 135 138
912 135 145
913 136 148
914 136 154
915 136 161
916 136 162
917 137 166
918 137 167
919 138 145
920 140 143
921 140 158
922 142 152
923 142 157
924 142 169
925 142 170
926 143 158
927 143 171
928 152 157
929 152 169
930 152 170
931 154 162
932 157 169
933 157 170
934 165 168
935 166 167
936 169 170
