1 1 5
2 1 7
3 1 8
4 1 9
5 1 10
6 1 11
7 1 14
8 1 19
9 1 20
10 1 23
11 1 29
12 1 30
13 1 37
14 1 44
15 1 45
16 1 47
17 1 49
18 1 64
19 1 66
20 1 67
21 1 70
22 1 72
23 1 73
24 1 76
25 1 79
26 1 85
27 1 93
28 1 94
29 1 97
30 1 98
31 1 99
32 1 100
33 1 107
34 1 110
35 1 115
36 1 118
37 1 125
38 1 126
39 1 134
40 1 135
41 1 137
42 1 138
43 1 141
44 1 145
45 1 152
46 1 153
47 1 158
48 1 162
49 1 165
50 1 166
51 1 167
52 1 168
53 1 171
54 2 5
55 2 6
56 2 8
57 2 13
58 2 15
59 2 18
60 2 21
61 2 27
62 2 34
63 2 38
64 2 46
65 2 53
66 2 54
67 2 55
68 2 56
69 2 63
70 2 68
71 2 72
72 2 74
73 2 75
74 2 77
75 2 78
76 2 80
77 2 81
78 2 94
79 2 95
80 2 98
81 2 101
82 2 102
83 2 103
84 2 108
85 2 114
86 2 116
87 2 119
88 2 123
89 2 126
90 2 129
91 2 131
92 2 133
93 2 142
94 2 150
95 2 151
96 2 152
97 2 155
98 2 157
99 2 169
100 2 170
101 2 171
102 3 8
103 3 16
104 3 20
105 3 22
106 3 24
107 3 25
108 3 28
109 3 31
110 3 39
111 3 41
112 3 59
113 3 61
114 3 62
115 3 71
116 3 72
117 3 76
118 3 82
119 3 83
120 3 87
121 3 88
122 3 89
123 3 98
124 3 102
125 3 105
126 3 109
127 3 110
128 3 113
129 3 117
130 3 118
131 3 121
132 3 122
133 3 124
134 3 127
135 3 130
136 3 132
137 3 139
138 3 140
139 3 143
140 3 147
141 3 149
142 3 156
143 3 158
144 3 160
145 3 164
146 3 171
147 4 7
148 4 8
149 4 9
150 4 10
151 4 14
152 4 19
153 4 20
154 4 29
155 4 31
156 4 37
157 4 48
158 4 62
159 4 66
160 4 67
161 4 70
162 4 72
163 4 76
164 4 79
165 4 84
166 4 95
167 4 97
168 4 98
169 4 99
170 4 104
171 4 106
172 4 108
173 4 110
174 4 115
175 4 118
176 4 135
177 4 137
178 4 140
179 4 141
180 4 143
181 4 153
182 4 158
183 4 166
184 4 167
185 4 168
186 4 171
187 5 6
188 5 8
189 5 13
190 5 15
191 5 18
192 5 19
193 5 21
194 5 26
195 5 27
196 5 32
197 5 34
198 5 38
199 5 45
200 5 46
201 5 47
202 5 49
203 5 53
204 5 54
205 5 55
206 5 56
207 5 62
208 5 63
209 5 68
210 5 70
211 5 74
212 5 75
213 5 77
214 5 78
215 5 80
216 5 81
217 5 86
218 5 92
219 5 94
220 5 95
221 5 98
222 5 101
223 5 103
224 5 114
225 5 116
226 5 119
227 5 123
228 5 126
229 5 129
230 5 131
231 5 133
232 5 134
233 5 135
234 5 138
235 5 141
236 5 142
237 5 145
238 5 150
239 5 151
240 5 152
241 5 155
242 5 157
243 5 169
244 5 170
245 6 12
246 6 13
247 6 15
248 6 18
249 6 21
250 6 26
251 6 27
252 6 32
253 6 33
254 6 34
255 6 38
256 6 46
257 6 53
258 6 54
259 6 55
260 6 56
261 6 63
262 6 68
263 6 74
264 6 75
265 6 77
266 6 78
267 6 80
268 6 81
269 6 92
270 6 96
271 6 101
272 6 102
273 6 103
274 6 114
275 6 116
276 6 119
277 6 123
278 6 126
279 6 129
280 6 131
281 6 133
282 6 141
283 6 142
284 6 146
285 6 150
286 6 151
287 6 152
288 6 155
289 6 157
290 6 158
291 6 169
292 6 170
293 7 8
294 7 9
295 7 10
296 7 11
297 7 14
298 7 19
299 7 20
300 7 26
301 7 29
302 7 30
303 7 31
304 7 37
305 7 48
306 7 50
307 7 62
308 7 64
309 7 66
310 7 67
311 7 70
312 7 72
313 7 73
314 7 76
315 7 79
316 7 84
317 7 85
318 7 89
319 7 95
320 7 97
321 7 98
322 7 99
323 7 102
324 7 104
325 7 106
326 7 108
327 7 110
328 7 113
329 7 118
330 7 125
331 7 134
332 7 135
333 7 137
334 7 138
335 7 140
336 7 141
337 7 143
338 7 145
339 7 153
340 7 158
341 7 165
342 7 166
343 7 167
344 7 168
345 7 171
346 8 9
347 8 10
348 8 11
349 8 12
350 8 14
351 8 17
352 8 19
353 8 20
354 8 21
355 8 22
356 8 23
357 8 25
358 8 26
359 8 27
360 8 28
361 8 29
362 8 30
363 8 31
364 8 32
365 8 33
366 8 34
367 8 35
368 8 38
369 8 39
370 8 41
371 8 42
372 8 43
373 8 44
374 8 45
375 8 46
376 8 47
377 8 48
378 8 49
379 8 50
380 8 53
381 8 54
382 8 55
383 8 56
384 8 58
385 8 60
386 8 62
387 8 64
388 8 65
389 8 66
390 8 67
391 8 69
392 8 70
393 8 71
394 8 72
395 8 73
396 8 74
397 8 75
398 8 76
399 8 77
400 8 78
401 8 79
402 8 80
403 8 82
404 8 83
405 8 84
406 8 85
407 8 87
408 8 88
409 8 89
410 8 91
411 8 92
412 8 93
413 8 94
414 8 95
415 8 96
416 8 97
417 8 98
418 8 99
419 8 100
420 8 101
421 8 102
422 8 103
423 8 104
424 8 106
425 8 107
426 8 108
427 8 110
428 8 113
429 8 114
430 8 115
431 8 118
432 8 124
433 8 125
434 8 126
435 8 127
436 8 129
437 8 130
438 8 131
439 8 132
440 8 134
441 8 135
442 8 137
443 8 138
444 8 140
445 8 141
446 8 143
447 8 145
448 8 147
449 8 150
450 8 151
451 8 152
452 8 153
453 8 154
454 8 155
455 8 157
456 8 158
457 8 162
458 8 165
459 8 166
460 8 167
461 8 168
462 8 169
463 8 170
464 8 171
465 9 10
466 9 11
467 9 14
468 9 19
469 9 20
470 9 26
471 9 29
472 9 30
473 9 31
474 9 37
475 9 48
476 9 50
477 9 62
478 9 64
479 9 66
480 9 67
481 9 70
482 9 72
483 9 73
484 9 76
485 9 79
486 9 84
487 9 85
488 9 89
489 9 95
490 9 97
491 9 98
492 9 99
493 9 102
494 9 104
495 9 106
496 9 108
497 9 110
498 9 118
499 9 125
500 9 134
501 9 135
502 9 137
503 9 138
504 9 140
505 9 141
506 9 143
507 9 145
508 9 153
509 9 158
510 9 165
511 9 166
512 9 167
513 9 168
514 9 171
515 10 11
516 10 14
517 10 19
518 10 20
519 10 23
520 10 29
521 10 30
522 10 32
523 10 34
524 10 35
525 10 36
526 10 37
527 10 44
528 10 45
529 10 46
530 10 49
531 10 50
532 10 54
533 10 55
534 10 62
535 10 64
536 10 66
537 10 67
538 10 70
539 10 72
540 10 73
541 10 76
542 10 79
543 10 85
544 10 93
545 10 94
546 10 95
547 10 97
548 10 98
549 10 99
550 10 101
551 10 103
552 10 104
553 10 107
554 10 110
555 10 115
556 10 116
557 10 123
558 10 125
559 10 126
560 10 131
561 10 134
562 10 135
563 10 137
564 10 138
565 10 140
566 10 141
567 10 142
568 10 145
569 10 150
570 10 153
571 10 157
572 10 158
573 10 162
574 10 165
575 10 166
576 10 167
577 10 168
578 10 171
579 11 19
580 11 20
581 11 23
582 11 29
583 11 30
584 11 31
585 11 34
586 11 37
587 11 44
588 11 45
589 11 46
590 11 49
591 11 56
592 11 62
593 11 64
594 11 66
595 11 67
596 11 70
597 11 72
598 11 73
599 11 76
600 11 85
601 11 93
602 11 94
603 11 95
604 11 97
605 11 98
606 11 99
607 11 103
608 11 106
609 11 107
610 11 110
611 11 115
612 11 118
613 11 125
614 11 134
615 11 135
616 11 137
617 11 138
618 11 140
619 11 141
620 11 143
621 11 145
622 11 153
623 11 157
624 11 158
625 11 162
626 11 165
627 11 166
628 11 167
629 11 168
630 11 171
631 12 13
632 12 14
633 12 18
634 12 20
635 12 26
636 12 27
637 12 30
638 12 31
639 12 32
640 12 33
641 12 36
642 12 38
643 12 39
644 12 43
645 12 47
646 12 50
647 12 52
648 12 53
649 12 55
650 12 58
651 12 62
652 12 69
653 12 71
654 12 72
655 12 74
656 12 76
657 12 77
658 12 79
659 12 80
660 12 90
661 12 91
662 12 92
663 12 95
664 12 96
665 12 98
666 12 100
667 12 101
668 12 102
669 12 110
670 12 111
671 12 114
672 12 116
673 12 118
674 12 119
675 12 123
676 12 124
677 12 126
678 12 128
679 12 131
680 12 136
681 12 140
682 12 141
683 12 142
684 12 143
685 12 145
686 12 148
687 12 154
688 12 155
689 12 158
690 12 161
691 12 162
692 12 169
693 12 170
694 12 171
695 13 18
696 13 21
697 13 26
698 13 27
699 13 32
700 13 34
701 13 38
702 13 40
703 13 46
704 13 53
705 13 54
706 13 55
707 13 56
708 13 63
709 13 68
710 13 69
711 13 75
712 13 76
713 13 78
714 13 80
715 13 94
716 13 96
717 13 100
718 13 101
719 13 103
720 13 114
721 13 116
722 13 123
723 13 126
724 13 129
725 13 131
726 13 142
727 13 144
728 13 146
729 13 150
730 13 151
731 13 152
732 13 155
733 13 157
734 13 169
735 13 170
736 14 19
737 14 20
738 14 22
739 14 26
740 14 30
741 14 31
742 14 32
743 14 37
744 14 39
745 14 47
746 14 48
747 14 62
748 14 64
749 14 66
750 14 67
751 14 69
752 14 70
753 14 71
754 14 72
755 14 73
756 14 79
757 14 80
758 14 84
759 14 85
760 14 92
761 14 93
762 14 95
763 14 96
764 14 97
765 14 98
766 14 99
767 14 100
768 14 102
769 14 104
770 14 106
771 14 108
772 14 110
773 14 115
774 14 118
775 14 124
776 14 125
777 14 134
778 14 135
779 14 136
780 14 137
781 14 138
782 14 140
783 14 141
784 14 143
785 14 153
786 14 154
787 14 158
788 14 165
789 14 166
790 14 167
791 14 168
792 14 171
793 15 18
794 15 21
795 15 26
796 15 27
797 15 32
798 15 33
799 15 34
800 15 38
801 15 46
802 15 53
803 15 54
804 15 55
805 15 56
806 15 63
807 15 68
808 15 69
809 15 74
810 15 75
811 15 77
812 15 78
813 15 80
814 15 81
815 15 86
816 15 92
817 15 94
818 15 96
819 15 100
820 15 101
821 15 103
822 15 114
823 15 116
824 15 119
825 15 123
826 15 126
827 15 128
828 15 129
829 15 131
830 15 133
831 15 136
832 15 142
833 15 146
834 15 150
835 15 152
836 15 155
837 15 157
838 15 169
839 15 170
840 16 22
841 16 24
842 16 25
843 16 31
844 16 57
845 16 59
846 16 61
847 16 87
848 16 105
849 16 109
850 16 113
851 16 117
852 16 118
853 16 120
854 16 121
855 16 122
856 16 130
857 16 143
858 16 147
859 16 149
860 16 156
861 16 160
862 16 163
863 16 164
864 17 23
865 17 25
866 17 28
867 17 29
868 17 31
869 17 34
870 17 35
871 17 38
872 17 41
873 17 44
874 17 45
875 17 46
876 17 49
877 17 56
878 17 62
879 17 64
880 17 67
881 17 76
882 17 79
883 17 80
884 17 83
885 17 89
886 17 93
887 17 98
888 17 101
889 17 102
890 17 103
891 17 110
892 17 112
893 17 114
894 17 118
895 17 125
896 17 126
897 17 127
898 17 131
899 17 140
900 17 141
901 17 143
902 17 153
903 17 157
904 17 158
905 17 165
906 18 21
907 18 34
908 18 36
909 18 38
910 18 46
911 18 47
912 18 53
913 18 54
914 18 55
915 18 56
916 18 58
917 18 60
918 18 63
919 18 68
920 18 74
921 18 77
922 18 80
923 18 81
924 18 98
925 18 101
926 18 103
927 18 108
928 18 114
929 18 116
930 18 119
931 18 123
932 18 126
933 18 129
934 18 131
935 18 133
936 18 140
937 18 141
938 18 142
939 18 150
940 18 152
941 18 155
942 18 157
943 18 158
944 18 162
945 18 169
946 18 170
947 19 20
948 19 23
949 19 29
950 19 30
951 19 34
952 19 36
953 19 37
954 19 44
955 19 45
956 19 46
957 19 47
958 19 49
959 19 56
960 19 62
961 19 64
962 19 66
963 19 67
964 19 70
965 19 73
966 19 76
967 19 79
968 19 80
969 19 85
970 19 93
971 19 94
972 19 95
973 19 97
974 19 98
975 19 99
976 19 100
977 19 102
978 19 103
979 19 104
980 19 107
981 19 108
982 19 110
983 19 115
984 19 118
985 19 125
986 19 126
987 19 134
988 19 135
989 19 137
990 19 138
991 19 140
992 19 141
993 19 143
994 19 145
995 19 152
996 19 153
997 19 157
998 19 158
999 19 162
1000 19 165
1001 19 166
1002 19 167
1003 19 168
1004 20 23
1005 20 26
1006 20 29
1007 20 30
1008 20 31
1009 20 32
1010 20 37
1011 20 39
1012 20 44
1013 20 45
1014 20 47
1015 20 48
1016 20 49
1017 20 62
1018 20 64
1019 20 66
1020 20 67
1021 20 69
1022 20 70
1023 20 71
1024 20 72
1025 20 73
1026 20 76
1027 20 79
1028 20 84
1029 20 85
1030 20 92
1031 20 93
1032 20 95
1033 20 97
1034 20 98
1035 20 99
1036 20 100
1037 20 102
1038 20 104
1039 20 106
1040 20 107
1041 20 110
1042 20 115
1043 20 118
1044 20 124
1045 20 125
1046 20 134
1047 20 135
1048 20 137
1049 20 138
1050 20 140
1051 20 141
1052 20 143
1053 20 145
1054 20 153
1055 20 158
1056 20 165
1057 20 166
1058 20 167
1059 20 168
1060 20 171
1061 21 27
1062 21 34
1063 21 38
1064 21 46
1065 21 53
1066 21 54
1067 21 55
1068 21 56
1069 21 63
1070 21 68
1071 21 74
1072 21 75
1073 21 77
1074 21 78
1075 21 80
1076 21 81
1077 21 86
1078 21 94
1079 21 101
1080 21 102
1081 21 103
1082 21 114
1083 21 116
1084 21 119
1085 21 123
1086 21 126
1087 21 129
1088 21 131
1089 21 133
1090 21 142
1091 21 146
1092 21 150
1093 21 151
1094 21 152
1095 21 155
1096 21 157
1097 21 169
1098 21 170
1099 22 25
1100 22 26
1101 22 28
1102 22 31
1103 22 35
1104 22 39
1105 22 41
1106 22 42
1107 22 59
1108 22 60
1109 22 61
1110 22 62
1111 22 65
1112 22 71
1113 22 72
1114 22 76
1115 22 79
1116 22 82
1117 22 83
1118 22 84
1119 22 87
1120 22 88
1121 22 89
1122 22 92
1123 22 95
1124 22 96
1125 22 98
1126 22 99
1127 22 102
1128 22 105
1129 22 109
1130 22 110
1131 22 112
1132 22 113
1133 22 117
1134 22 118
1135 22 122
1136 22 124
1137 22 127
1138 22 130
1139 22 132
1140 22 140
1141 22 141
1142 22 143
1143 22 147
1144 22 149
1145 22 153
1146 22 156
1147 22 158
1148 22 160
1149 22 163
1150 22 164
1151 22 171
1152 23 29
1153 23 30
1154 23 31
1155 23 34
1156 23 35
1157 23 37
1158 23 44
1159 23 45
1160 23 46
1161 23 47
1162 23 49
1163 23 62
1164 23 64
1165 23 66
1166 23 70
1167 23 72
1168 23 73
1169 23 76
1170 23 85
1171 23 89
1172 23 92
1173 23 93
1174 23 94
1175 23 97
1176 23 98
1177 23 99
1178 23 100
1179 23 101
1180 23 102
1181 23 103
1182 23 104
1183 23 107
1184 23 108
1185 23 115
1186 23 118
1187 23 125
1188 23 126
1189 23 131
1190 23 134
1191 23 135
1192 23 138
1193 23 140
1194 23 141
1195 23 143
1196 23 145
1197 23 150
1198 23 152
1199 23 153
1200 23 157
1201 23 158
1202 23 162
1203 23 165
1204 23 166
1205 23 168
1206 23 171
1207 24 31
1208 24 41
1209 24 57
1210 24 59
1211 24 83
1212 24 89
1213 24 105
1214 24 109
1215 24 113
1216 24 117
1217 24 121
1218 24 122
1219 24 127
1220 24 130
1221 24 132
1222 24 143
1223 24 156
1224 24 164
1225 25 28
1226 25 31
1227 25 41
1228 25 42
1229 25 59
1230 25 61
1231 25 62
1232 25 65
1233 25 72
1234 25 82
1235 25 83
1236 25 87
1237 25 88
1238 25 89
1239 25 102
1240 25 110
1241 25 113
1242 25 118
1243 25 121
1244 25 124
1245 25 127
1246 25 130
1247 25 132
1248 25 140
1249 25 143
1250 25 147
1251 25 156
1252 25 158
1253 25 171
1254 26 27
1255 26 31
1256 26 32
1257 26 33
1258 26 36
1259 26 39
1260 26 43
1261 26 44
1262 26 47
1263 26 50
1264 26 52
1265 26 53
1266 26 55
1267 26 58
1268 26 60
1269 26 62
1270 26 63
1271 26 66
1272 26 67
1273 26 69
1274 26 71
1275 26 72
1276 26 79
1277 26 80
1278 26 84
1279 26 90
1280 26 91
1281 26 92
1282 26 96
1283 26 100
1284 26 101
1285 26 102
1286 26 110
1287 26 111
1288 26 119
1289 26 123
1290 26 124
1291 26 126
1292 26 128
1293 26 131
1294 26 136
1295 26 137
1296 26 140
1297 26 141
1298 26 142
1299 26 143
1300 26 145
1301 26 148
1302 26 152
1303 26 153
1304 26 154
1305 26 155
1306 26 158
1307 26 161
1308 26 162
1309 26 166
1310 26 168
1311 26 169
1312 26 170
1313 26 171
1314 27 32
1315 27 34
1316 27 38
1317 27 40
1318 27 46
1319 27 53
1320 27 55
1321 27 56
1322 27 68
1323 27 69
1324 27 75
1325 27 78
1326 27 80
1327 27 94
1328 27 95
1329 27 98
1330 27 101
1331 27 103
1332 27 114
1333 27 118
1334 27 123
1335 27 126
1336 27 129
1337 27 131
1338 27 142
1339 27 152
1340 27 155
1341 27 157
1342 27 170
1343 28 39
1344 28 41
1345 28 61
1346 28 76
1347 28 83
1348 28 88
1349 28 89
1350 28 98
1351 28 102
1352 28 110
1353 28 113
1354 28 118
1355 28 124
1356 28 127
1357 28 130
1358 28 140
1359 28 141
1360 28 143
1361 28 158
1362 29 30
1363 29 37
1364 29 44
1365 29 45
1366 29 49
1367 29 56
1368 29 62
1369 29 64
1370 29 66
1371 29 67
1372 29 70
1373 29 72
1374 29 73
1375 29 85
1376 29 93
1377 29 94
1378 29 95
1379 29 97
1380 29 98
1381 29 99
1382 29 104
1383 29 106
1384 29 107
1385 29 115
1386 29 118
1387 29 125
1388 29 134
1389 29 135
1390 29 137
1391 29 138
1392 29 140
1393 29 141
1394 29 145
1395 29 153
1396 29 158
1397 29 165
1398 29 166
1399 29 167
1400 29 168
1401 29 171
1402 30 35
1403 30 37
1404 30 44
1405 30 45
1406 30 49
1407 30 62
1408 30 64
1409 30 66
1410 30 67
1411 30 70
1412 30 73
1413 30 76
1414 30 85
1415 30 93
1416 30 97
1417 30 98
1418 30 99
1419 30 107
1420 30 110
1421 30 115
1422 30 125
1423 30 134
1424 30 135
1425 30 137
1426 30 138
1427 30 140
1428 30 145
1429 30 153
1430 30 158
1431 30 165
1432 30 166
1433 30 167
1434 30 168
1435 31 32
1436 31 33
1437 31 35
1438 31 37
1439 31 38
1440 31 39
1441 31 41
1442 31 42
1443 31 44
1444 31 45
1445 31 47
1446 31 48
1447 31 49
1448 31 52
1449 31 54
1450 31 56
1451 31 57
1452 31 59
1453 31 60
1454 31 61
1455 31 62
1456 31 64
1457 31 65
1458 31 66
1459 31 67
1460 31 69
1461 31 70
1462 31 71
1463 31 72
1464 31 76
1465 31 79
1466 31 80
1467 31 82
1468 31 83
1469 31 84
1470 31 87
1471 31 88
1472 31 89
1473 31 90
1474 31 91
1475 31 92
1476 31 93
1477 31 95
1478 31 96
1479 31 97
1480 31 98
1481 31 99
1482 31 100
1483 31 101
1484 31 102
1485 31 104
1486 31 105
1487 31 106
1488 31 109
1489 31 110
1490 31 112
1491 31 113
1492 31 117
1493 31 118
1494 31 121
1495 31 122
1496 31 124
1497 31 125
1498 31 127
1499 31 128
1500 31 130
1501 31 131
1502 31 132
1503 31 136
1504 31 137
1505 31 140
1506 31 141
1507 31 143
1508 31 147
1509 31 149
1510 31 152
1511 31 153
1512 31 154
1513 31 156
1514 31 158
1515 31 160
1516 31 164
1517 31 166
1518 31 167
1519 31 168
1520 31 171
1521 32 33
1522 32 36
1523 32 38
1524 32 39
1525 32 43
1526 32 47
1527 32 50
1528 32 52
1529 32 55
1530 32 60
1531 32 62
1532 32 69
1533 32 74
1534 32 77
1535 32 79
1536 32 80
1537 32 84
1538 32 85
1539 32 90
1540 32 91
1541 32 92
1542 32 96
1543 32 98
1544 32 100
1545 32 101
1546 32 102
1547 32 110
1548 32 111
1549 32 114
1550 32 119
1551 32 123
1552 32 124
1553 32 126
1554 32 128
1555 32 131
1556 32 136
1557 32 140
1558 32 142
1559 32 143
1560 32 145
1561 32 148
1562 32 153
1563 32 154
1564 32 158
1565 32 161
1566 32 162
1567 32 169
1568 33 34
1569 33 36
1570 33 43
1571 33 46
1572 33 47
1573 33 52
1574 33 55
1575 33 62
1576 33 63
1577 33 69
1578 33 72
1579 33 75
1580 33 78
1581 33 79
1582 33 80
1583 33 84
1584 33 90
1585 33 91
1586 33 92
1587 33 95
1588 33 96
1589 33 98
1590 33 100
1591 33 101
1592 33 102
1593 33 103
1594 33 110
1595 33 111
1596 33 114
1597 33 116
1598 33 119
1599 33 123
1600 33 124
1601 33 128
1602 33 131
1603 33 136
1604 33 140
1605 33 141
1606 33 148
1607 33 152
1608 33 154
1609 33 157
1610 33 161
1611 33 162
1612 33 171
1613 34 38
1614 34 44
1615 34 45
1616 34 46
1617 34 49
1618 34 53
1619 34 54
1620 34 55
1621 34 56
1622 34 62
1623 34 63
1624 34 68
1625 34 71
1626 34 74
1627 34 75
1628 34 77
1629 34 78
1630 34 80
1631 34 81
1632 34 91
1633 34 94
1634 34 95
1635 34 98
1636 34 101
1637 34 102
1638 34 103
1639 34 108
1640 34 114
1641 34 116
1642 34 119
1643 34 123
1644 34 125
1645 34 126
1646 34 129
1647 34 131
1648 34 133
1649 34 141
1650 34 142
1651 34 150
1652 34 151
1653 34 152
1654 34 155
1655 34 157
1656 34 169
1657 34 170
1658 35 38
1659 35 41
1660 35 44
1661 35 45
1662 35 49
1663 35 56
1664 35 62
1665 35 71
1666 35 72
1667 35 76
1668 35 79
1669 35 80
1670 35 83
1671 35 85
1672 35 89
1673 35 98
1674 35 101
1675 35 102
1676 35 104
1677 35 110
1678 35 112
1679 35 113
1680 35 114
1681 35 118
1682 35 124
1683 35 125
1684 35 126
1685 35 127
1686 35 131
1687 35 140
1688 35 141
1689 35 142
1690 35 143
1691 35 155
1692 35 158
1693 35 171
1694 36 43
1695 36 47
1696 36 52
1697 36 53
1698 36 55
1699 36 62
1700 36 69
1701 36 85
1702 36 90
1703 36 91
1704 36 92
1705 36 96
1706 36 98
1707 36 100
1708 36 101
1709 36 102
1710 36 108
1711 36 110
1712 36 124
1713 36 126
1714 36 128
1715 36 136
1716 36 143
1717 36 148
1718 36 154
1719 36 161
1720 36 162
1721 36 169
1722 36 170
1723 37 44
1724 37 45
1725 37 48
1726 37 49
1727 37 64
1728 37 66
1729 37 67
1730 37 70
1731 37 73
1732 37 85
1733 37 93
1734 37 97
1735 37 98
1736 37 99
1737 37 104
1738 37 107
1739 37 115
1740 37 125
1741 37 134
1742 37 135
1743 37 137
1744 37 138
1745 37 140
1746 37 141
1747 37 145
1748 37 153
1749 37 165
1750 37 167
1751 37 168
1752 38 40
1753 38 46
1754 38 47
1755 38 53
1756 38 54
1757 38 55
1758 38 56
1759 38 63
1760 38 68
1761 38 74
1762 38 75
1763 38 76
1764 38 77
1765 38 78
1766 38 79
1767 38 80
1768 38 81
1769 38 92
1770 38 95
1771 38 98
1772 38 101
1773 38 103
1774 38 114
1775 38 116
1776 38 118
1777 38 119
1778 38 123
1779 38 124
1780 38 126
1781 38 129
1782 38 131
1783 38 133
1784 38 136
1785 38 141
1786 38 142
1787 38 143
1788 38 150
1789 38 152
1790 38 154
1791 38 155
1792 38 157
1793 38 161
1794 38 169
1795 38 170
1796 39 41
1797 39 52
1798 39 60
1799 39 61
1800 39 62
1801 39 71
1802 39 72
1803 39 76
1804 39 79
1805 39 82
1806 39 83
1807 39 84
1808 39 88
1809 39 89
1810 39 92
1811 39 95
1812 39 96
1813 39 97
1814 39 98
1815 39 100
1816 39 102
1817 39 110
1818 39 113
1819 39 118
1820 39 124
1821 39 127
1822 39 128
1823 39 140
1824 39 141
1825 39 143
1826 39 153
1827 39 158
1828 39 171
1829 40 56
1830 40 80
1831 40 101
1832 40 131
1833 40 142
1834 41 42
1835 41 56
1836 41 59
1837 41 61
1838 41 62
1839 41 65
1840 41 71
1841 41 72
1842 41 76
1843 41 79
1844 41 82
1845 41 83
1846 41 87
1847 41 88
1848 41 89
1849 41 95
1850 41 98
1851 41 102
1852 41 105
1853 41 110
1854 41 113
1855 41 117
1856 41 118
1857 41 121
1858 41 122
1859 41 124
1860 41 127
1861 41 130
1862 41 132
1863 41 140
1864 41 141
1865 41 143
1866 41 147
1867 41 156
1868 41 158
1869 41 169
1870 41 171
1871 42 62
1872 42 65
1873 42 76
1874 42 79
1875 42 82
1876 42 83
1877 42 98
1878 42 102
1879 42 110
1880 42 113
1881 42 118
1882 42 124
1883 42 127
1884 42 140
1885 42 143
1886 42 153
1887 42 158
1888 43 47
1889 43 50
1890 43 52
1891 43 55
1892 43 60
1893 43 69
1894 43 90
1895 43 91
1896 43 92
1897 43 96
1898 43 98
1899 43 100
1900 43 101
1901 43 102
1902 43 111
1903 43 119
1904 43 124
1905 43 126
1906 43 128
1907 43 136
1908 43 140
1909 43 143
1910 43 145
1911 43 148
1912 43 154
1913 43 155
1914 43 161
1915 43 162
1916 44 45
1917 44 46
1918 44 47
1919 44 49
1920 44 62
1921 44 64
1922 44 66
1923 44 70
1924 44 72
1925 44 73
1926 44 76
1927 44 85
1928 44 89
1929 44 92
1930 44 93
1931 44 94
1932 44 97
1933 44 98
1934 44 99
1935 44 100
1936 44 101
1937 44 102
1938 44 103
1939 44 104
1940 44 107
1941 44 108
1942 44 115
1943 44 118
1944 44 125
1945 44 126
1946 44 131
1947 44 134
1948 44 135
1949 44 138
1950 44 140
1951 44 141
1952 44 143
1953 44 145
1954 44 150
1955 44 151
1956 44 152
1957 44 153
1958 44 157
1959 44 158
1960 44 162
1961 44 165
1962 44 166
1963 44 168
1964 44 171
1965 45 46
1966 45 47
1967 45 49
1968 45 62
1969 45 64
1970 45 66
1971 45 70
1972 45 72
1973 45 73
1974 45 76
1975 45 85
1976 45 92
1977 45 93
1978 45 94
1979 45 97
1980 45 98
1981 45 99
1982 45 100
1983 45 101
1984 45 102
1985 45 103
1986 45 104
1987 45 107
1988 45 108
1989 45 115
1990 45 118
1991 45 125
1992 45 126
1993 45 131
1994 45 134
1995 45 135
1996 45 138
1997 45 140
1998 45 141
1999 45 143
2000 45 145
2001 45 150
2002 45 152
2003 45 153
2004 45 157
2005 45 158
2006 45 162
2007 45 165
2008 45 166
2009 45 168
2010 45 171
2011 46 49
2012 46 53
2013 46 54
2014 46 55
2015 46 56
2016 46 62
2017 46 63
2018 46 68
2019 46 71
2020 46 74
2021 46 75
2022 46 77
2023 46 78
2024 46 80
2025 46 81
2026 46 91
2027 46 94
2028 46 95
2029 46 98
2030 46 101
2031 46 102
2032 46 103
2033 46 108
2034 46 114
2035 46 116
2036 46 119
2037 46 123
2038 46 125
2039 46 126
2040 46 129
2041 46 131
2042 46 133
2043 46 141
2044 46 142
2045 46 150
2046 46 151
2047 46 152
2048 46 155
2049 46 157
2050 46 169
2051 46 170
2052 47 49
2053 47 50
2054 47 52
2055 47 53
2056 47 55
2057 47 58
2058 47 64
2059 47 69
2060 47 70
2061 47 79
2062 47 80
2063 47 84
2064 47 90
2065 47 91
2066 47 92
2067 47 95
2068 47 96
2069 47 100
2070 47 101
2071 47 108
2072 47 110
2073 47 114
2074 47 119
2075 47 124
2076 47 126
2077 47 128
2078 47 134
2079 47 135
2080 47 136
2081 47 138
2082 47 140
2083 47 143
2084 47 148
2085 47 151
2086 47 152
2087 47 154
2088 47 158
2089 47 161
2090 47 162
2091 47 165
2092 47 169
2093 47 170
2094 48 62
2095 48 67
2096 48 72
2097 48 76
2098 48 97
2099 48 99
2100 48 104
2101 48 106
2102 48 110
2103 48 113
2104 48 137
2105 48 140
2106 48 141
2107 48 143
2108 48 153
2109 48 158
2110 48 166
2111 48 167
2112 48 171
2113 49 62
2114 49 64
2115 49 66
2116 49 70
2117 49 72
2118 49 73
2119 49 76
2120 49 85
2121 49 93
2122 49 94
2123 49 97
2124 49 98
2125 49 99
2126 49 100
2127 49 101
2128 49 102
2129 49 103
2130 49 104
2131 49 107
2132 49 108
2133 49 115
2134 49 118
2135 49 125
2136 49 126
2137 49 131
2138 49 134
2139 49 135
2140 49 138
2141 49 140
2142 49 141
2143 49 143
2144 49 145
2145 49 150
2146 49 151
2147 49 152
2148 49 153
2149 49 157
2150 49 158
2151 49 162
2152 49 165
2153 49 166
2154 49 168
2155 49 171
2156 50 58
2157 50 60
2158 50 67
2159 50 69
2160 50 79
2161 50 94
2162 50 95
2163 50 96
2164 50 97
2165 50 98
2166 50 100
2167 50 101
2168 50 106
2169 50 108
2170 50 113
2171 50 131
2172 50 137
2173 50 141
2174 50 143
2175 50 154
2176 50 162
2177 50 167
2178 51 57
2179 51 59
2180 51 121
2181 52 55
2182 52 62
2183 52 69
2184 52 90
2185 52 91
2186 52 92
2187 52 96
2188 52 100
2189 52 101
2190 52 110
2191 52 111
2192 52 128
2193 52 136
2194 52 140
2195 52 148
2196 52 154
2197 52 158
2198 52 161
2199 52 162
2200 53 54
2201 53 55
2202 53 56
2203 53 68
2204 53 72
2205 53 79
2206 53 80
2207 53 82
2208 53 92
2209 53 94
2210 53 95
2211 53 96
2212 53 100
2213 53 101
2214 53 102
2215 53 103
2216 53 110
2217 53 114
2218 53 116
2219 53 118
2220 53 119
2221 53 123
2222 53 124
2223 53 126
2224 53 129
2225 53 131
2226 53 142
2227 53 144
2228 53 150
2229 53 151
2230 53 152
2231 53 153
2232 53 155
2233 53 157
2234 53 169
2235 53 170
2236 53 171
2237 54 55
2238 54 56
2239 54 62
2240 54 63
2241 54 68
2242 54 74
2243 54 75
2244 54 76
2245 54 77
2246 54 78
2247 54 80
2248 54 81
2249 54 95
2250 54 101
2251 54 103
2252 54 110
2253 54 114
2254 54 116
2255 54 119
2256 54 123
2257 54 124
2258 54 126
2259 54 129
2260 54 131
2261 54 133
2262 54 136
2263 54 140
2264 54 142
2265 54 146
2266 54 150
2267 54 151
2268 54 152
2269 54 154
2270 54 155
2271 54 157
2272 54 158
2273 54 162
2274 55 56
2275 55 62
2276 55 63
2277 55 68
2278 55 69
2279 55 72
2280 55 74
2281 55 75
2282 55 76
2283 55 77
2284 55 78
2285 55 80
2286 55 81
2287 55 84
2288 55 85
2289 55 90
2290 55 91
2291 55 92
2292 55 94
2293 55 95
2294 55 96
2295 55 98
2296 55 100
2297 55 101
2298 55 102
2299 55 103
2300 55 114
2301 55 116
2302 55 118
2303 55 119
2304 55 123
2305 55 126
2306 55 128
2307 55 129
2308 55 131
2309 55 133
2310 55 136
2311 55 141
2312 55 142
2313 55 146
2314 55 150
2315 55 151
2316 55 152
2317 55 154
2318 55 155
2319 55 157
2320 55 158
2321 55 161
2322 55 162
2323 55 169
2324 55 170
2325 55 171
2326 56 62
2327 56 63
2328 56 68
2329 56 74
2330 56 77
2331 56 79
2332 56 80
2333 56 81
2334 56 83
2335 56 92
2336 56 94
2337 56 95
2338 56 98
2339 56 101
2340 56 102
2341 56 103
2342 56 110
2343 56 114
2344 56 116
2345 56 123
2346 56 126
2347 56 127
2348 56 129
2349 56 131
2350 56 133
2351 56 140
2352 56 141
2353 56 142
2354 56 143
2355 56 150
2356 56 152
2357 56 155
2358 56 157
2359 56 169
2360 56 170
2361 57 59
2362 57 61
2363 57 102
2364 57 105
2365 57 109
2366 57 118
2367 57 121
2368 57 122
2369 57 130
2370 57 156
2371 58 76
2372 58 79
2373 58 80
2374 58 91
2375 58 94
2376 58 95
2377 58 96
2378 58 100
2379 58 108
2380 58 110
2381 59 61
2382 59 83
2383 59 87
2384 59 89
2385 59 102
2386 59 105
2387 59 109
2388 59 117
2389 59 120
2390 59 121
2391 59 122
2392 59 127
2393 59 130
2394 59 143
2395 59 147
2396 59 149
2397 59 156
2398 59 159
2399 59 160
2400 59 163
2401 59 164
2402 60 72
2403 60 79
2404 60 80
2405 60 84
2406 60 92
2407 60 95
2408 60 98
2409 60 99
2410 60 100
2411 60 108
2412 60 110
2413 60 118
2414 60 124
2415 60 140
2416 60 141
2417 60 153
2418 60 158
2419 60 166
2420 60 169
2421 60 170
2422 60 171
2423 61 82
2424 61 83
2425 61 87
2426 61 89
2427 61 102
2428 61 105
2429 61 109
2430 61 113
2431 61 117
2432 61 118
2433 61 121
2434 61 122
2435 61 127
2436 61 143
2437 61 147
2438 61 160
2439 61 164
2440 62 64
2441 62 65
2442 62 66
2443 62 67
2444 62 70
2445 62 71
2446 62 72
2447 62 76
2448 62 79
2449 62 82
2450 62 83
2451 62 84
2452 62 87
2453 62 89
2454 62 92
2455 62 93
2456 62 95
2457 62 96
2458 62 97
2459 62 98
2460 62 99
2461 62 100
2462 62 101
2463 62 102
2464 62 103
2465 62 104
2466 62 106
2467 62 110
2468 62 112
2469 62 113
2470 62 114
2471 62 115
2472 62 116
2473 62 118
2474 62 124
2475 62 125
2476 62 126
2477 62 127
2478 62 130
2479 62 131
2480 62 132
2481 62 135
2482 62 136
2483 62 137
2484 62 140
2485 62 141
2486 62 143
2487 62 147
2488 62 153
2489 62 154
2490 62 157
2491 62 158
2492 62 161
2493 62 165
2494 62 166
2495 62 167
2496 62 168
2497 62 169
2498 62 171
2499 63 68
2500 63 74
2501 63 77
2502 63 80
2503 63 81
2504 63 92
2505 63 98
2506 63 101
2507 63 102
2508 63 103
2509 63 114
2510 63 116
2511 63 119
2512 63 123
2513 63 126
2514 63 129
2515 63 131
2516 63 133
2517 63 140
2518 63 150
2519 63 152
2520 63 154
2521 63 157
2522 63 169
2523 63 170
2524 64 66
2525 64 67
2526 64 70
2527 64 72
2528 64 73
2529 64 79
2530 64 92
2531 64 93
2532 64 94
2533 64 95
2534 64 97
2535 64 98
2536 64 99
2537 64 101
2538 64 107
2539 64 108
2540 64 110
2541 64 115
2542 64 118
2543 64 125
2544 64 134
2545 64 135
2546 64 137
2547 64 138
2548 64 140
2549 64 141
2550 64 145
2551 64 153
2552 64 154
2553 64 158
2554 64 165
2555 64 166
2556 64 167
2557 64 168
2558 64 171
2559 65 76
2560 65 79
2561 65 82
2562 65 83
2563 65 98
2564 65 102
2565 65 110
2566 65 113
2567 65 118
2568 65 124
2569 65 127
2570 65 140
2571 65 143
2572 65 158
2573 66 67
2574 66 70
2575 66 73
2576 66 85
2577 66 92
2578 66 93
2579 66 95
2580 66 96
2581 66 97
2582 66 98
2583 66 99
2584 66 100
2585 66 102
2586 66 104
2587 66 106
2588 66 107
2589 66 110
2590 66 115
2591 66 124
2592 66 125
2593 66 134
2594 66 135
2595 66 137
2596 66 138
2597 66 140
2598 66 141
2599 66 145
2600 66 153
2601 66 158
2602 66 165
2603 66 166
2604 66 167
2605 66 168
2606 67 70
2607 67 72
2608 67 73
2609 67 76
2610 67 79
2611 67 85
2612 67 89
2613 67 92
2614 67 95
2615 67 96
2616 67 97
2617 67 99
2618 67 104
2619 67 106
2620 67 108
2621 67 110
2622 67 115
2623 67 118
2624 67 125
2625 67 134
2626 67 135
2627 67 137
2628 67 138
2629 67 140
2630 67 141
2631 67 143
2632 67 145
2633 67 153
2634 67 158
2635 67 165
2636 67 166
2637 67 167
2638 67 168
2639 67 171
2640 68 74
2641 68 75
2642 68 77
2643 68 78
2644 68 80
2645 68 81
2646 68 85
2647 68 86
2648 68 94
2649 68 95
2650 68 96
2651 68 101
2652 68 102
2653 68 103
2654 68 110
2655 68 114
2656 68 116
2657 68 119
2658 68 123
2659 68 124
2660 68 126
2661 68 129
2662 68 131
2663 68 133
2664 68 142
2665 68 146
2666 68 151
2667 68 152
2668 68 155
2669 68 157
2670 68 169
2671 68 170
2672 69 79
2673 69 80
2674 69 84
2675 69 90
2676 69 91
2677 69 92
2678 69 96
2679 69 100
2680 69 101
2681 69 102
2682 69 110
2683 69 111
2684 69 119
2685 69 123
2686 69 124
2687 69 126
2688 69 128
2689 69 131
2690 69 136
2691 69 141
2692 69 142
2693 69 143
2694 69 148
2695 69 153
2696 69 154
2697 69 158
2698 69 161
2699 69 162
2700 69 169
2701 70 73
2702 70 76
2703 70 79
2704 70 85
2705 70 93
2706 70 94
2707 70 95
2708 70 97
2709 70 98
2710 70 99
2711 70 100
2712 70 102
2713 70 104
2714 70 107
2715 70 110
2716 70 115
2717 70 118
2718 70 125
2719 70 126
2720 70 134
2721 70 135
2722 70 137
2723 70 138
2724 70 140
2725 70 145
2726 70 152
2727 70 158
2728 70 162
2729 70 165
2730 70 166
2731 70 167
2732 70 168
2733 71 72
2734 71 79
2735 71 80
2736 71 83
2737 71 84
2738 71 87
2739 71 89
2740 71 95
2741 71 97
2742 71 98
2743 71 100
2744 71 101
2745 71 102
2746 71 103
2747 71 106
2748 71 110
2749 71 113
2750 71 118
2751 71 124
2752 71 127
2753 71 131
2754 71 140
2755 71 141
2756 71 143
2757 71 147
2758 71 157
2759 71 158
2760 71 171
2761 72 73
2762 72 75
2763 72 76
2764 72 78
2765 72 79
2766 72 80
2767 72 82
2768 72 83
2769 72 84
2770 72 87
2771 72 89
2772 72 93
2773 72 94
2774 72 95
2775 72 96
2776 72 98
2777 72 99
2778 72 102
2779 72 107
2780 72 110
2781 72 113
2782 72 114
2783 72 115
2784 72 118
2785 72 121
2786 72 124
2787 72 125
2788 72 126
2789 72 127
2790 72 131
2791 72 132
2792 72 134
2793 72 135
2794 72 137
2795 72 138
2796 72 140
2797 72 141
2798 72 143
2799 72 147
2800 72 151
2801 72 152
2802 72 153
2803 72 155
2804 72 158
2805 72 165
2806 72 166
2807 72 171
2808 73 85
2809 73 93
2810 73 95
2811 73 98
2812 73 99
2813 73 107
2814 73 115
2815 73 125
2816 73 131
2817 73 134
2818 73 135
2819 73 137
2820 73 138
2821 73 141
2822 73 145
2823 73 153
2824 73 158
2825 73 165
2826 73 167
2827 73 168
2828 73 171
2829 74 75
2830 74 77
2831 74 78
2832 74 80
2833 74 81
2834 74 86
2835 74 92
2836 74 94
2837 74 100
2838 74 101
2839 74 103
2840 74 114
2841 74 116
2842 74 119
2843 74 126
2844 74 129
2845 74 131
2846 74 133
2847 74 142
2848 74 146
2849 74 150
2850 74 151
2851 74 152
2852 74 157
2853 74 169
2854 74 170
2855 75 77
2856 75 78
2857 75 80
2858 75 81
2859 75 94
2860 75 95
2861 75 101
2862 75 103
2863 75 114
2864 75 116
2865 75 119
2866 75 123
2867 75 129
2868 75 131
2869 75 133
2870 75 142
2871 75 150
2872 75 151
2873 75 152
2874 75 157
2875 75 171
2876 76 79
2877 76 80
2878 76 82
2879 76 83
2880 76 84
2881 76 85
2882 76 88
2883 76 89
2884 76 91
2885 76 94
2886 76 95
2887 76 96
2888 76 97
2889 76 98
2890 76 99
2891 76 102
2892 76 104
2893 76 106
2894 76 108
2895 76 110
2896 76 113
2897 76 114
2898 76 115
2899 76 118
2900 76 124
2901 76 125
2902 76 127
2903 76 131
2904 76 132
2905 76 134
2906 76 135
2907 76 136
2908 76 137
2909 76 138
2910 76 140
2911 76 141
2912 76 143
2913 76 153
2914 76 155
2915 76 158
2916 76 166
2917 76 167
2918 76 171
2919 77 78
2920 77 80
2921 77 81
2922 77 86
2923 77 92
2924 77 94
2925 77 100
2926 77 101
2927 77 103
2928 77 114
2929 77 116
2930 77 119
2931 77 126
2932 77 129
2933 77 131
2934 77 133
2935 77 142
2936 77 146
2937 77 150
2938 77 151
2939 77 152
2940 77 157
2941 77 169
2942 77 170
2943 78 80
2944 78 81
2945 78 94
2946 78 95
2947 78 101
2948 78 103
2949 78 114
2950 78 116
2951 78 119
2952 78 123
2953 78 129
2954 78 131
2955 78 133
2956 78 142
2957 78 150
2958 78 151
2959 78 152
2960 78 157
2961 78 171
2962 79 80
2963 79 82
2964 79 83
2965 79 84
2966 79 88
2967 79 89
2968 79 91
2969 79 92
2970 79 95
2971 79 96
2972 79 97
2973 79 98
2974 79 100
2975 79 101
2976 79 102
2977 79 106
2978 79 108
2979 79 110
2980 79 113
2981 79 118
2982 79 124
2983 79 125
2984 79 126
2985 79 127
2986 79 128
2987 79 132
2988 79 134
2989 79 135
2990 79 137
2991 79 138
2992 79 140
2993 79 141
2994 79 143
2995 79 147
2996 79 153
2997 79 154
2998 79 155
2999 79 158
3000 79 161
3001 79 162
3002 79 165
3003 79 166
3004 79 167
3005 79 171
3006 80 81
3007 80 85
3008 80 91
3009 80 92
3010 80 94
3011 80 95
3012 80 96
3013 80 98
3014 80 100
3015 80 101
3016 80 102
3017 80 103
3018 80 108
3019 80 110
3020 80 114
3021 80 116
3022 80 118
3023 80 119
3024 80 123
3025 80 124
3026 80 126
3027 80 128
3028 80 129
3029 80 131
3030 80 133
3031 80 136
3032 80 141
3033 80 142
3034 80 143
3035 80 146
3036 80 150
3037 80 151
3038 80 152
3039 80 154
3040 80 155
3041 80 157
3042 80 161
3043 80 162
3044 80 169
3045 80 170
3046 80 171
3047 81 101
3048 81 103
3049 81 114
3050 81 116
3051 81 119
3052 81 123
3053 81 126
3054 81 129
3055 81 131
3056 81 133
3057 81 141
3058 81 142
3059 81 150
3060 81 152
3061 81 157
3062 81 169
3063 81 170
3064 82 83
3065 82 84
3066 82 87
3067 82 89
3068 82 96
3069 82 98
3070 82 102
3071 82 110
3072 82 113
3073 82 118
3074 82 124
3075 82 126
3076 82 127
3077 82 132
3078 82 140
3079 82 141
3080 82 143
3081 82 158
3082 82 171
3083 83 87
3084 83 88
3085 83 89
3086 83 95
3087 83 98
3088 83 102
3089 83 105
3090 83 110
3091 83 113
3092 83 117
3093 83 118
3094 83 121
3095 83 122
3096 83 124
3097 83 127
3098 83 130
3099 83 132
3100 83 140
3101 83 141
3102 83 143
3103 83 147
3104 83 156
3105 83 158
3106 83 169
3107 83 171
3108 84 85
3109 84 89
3110 84 91
3111 84 92
3112 84 95
3113 84 96
3114 84 97
3115 84 98
3116 84 99
3117 84 100
3118 84 102
3119 84 104
3120 84 106
3121 84 108
3122 84 110
3123 84 113
3124 84 114
3125 84 118
3126 84 124
3127 84 128
3128 84 132
3129 84 137
3130 84 140
3131 84 141
3132 84 143
3133 84 153
3134 84 154
3135 84 158
3136 84 166
3137 84 171
3138 85 91
3139 85 92
3140 85 93
3141 85 94
3142 85 95
3143 85 97
3144 85 98
3145 85 99
3146 85 100
3147 85 101
3148 85 104
3149 85 107
3150 85 115
3151 85 125
3152 85 131
3153 85 134
3154 85 135
3155 85 137
3156 85 138
3157 85 145
3158 85 158
3159 85 162
3160 85 166
3161 85 167
3162 85 168
3163 86 94
3164 86 101
3165 86 114
3166 86 131
3167 86 142
3168 86 146
3169 86 151
3170 86 152
3171 87 89
3172 87 98
3173 87 102
3174 87 105
3175 87 109
3176 87 110
3177 87 113
3178 87 117
3179 87 118
3180 87 121
3181 87 122
3182 87 124
3183 87 127
3184 87 130
3185 87 132
3186 87 139
3187 87 140
3188 87 143
3189 87 147
3190 87 149
3191 87 156
3192 87 160
3193 87 164
3194 87 171
3195 88 89
3196 88 102
3197 88 110
3198 88 113
3199 88 118
3200 88 124
3201 88 127
3202 88 130
3203 88 140
3204 88 143
3205 88 158
3206 88 160
3207 89 98
3208 89 102
3209 89 105
3210 89 110
3211 89 113
3212 89 117
3213 89 118
3214 89 121
3215 89 127
3216 89 130
3217 89 132
3218 89 137
3219 89 140
3220 89 141
3221 89 143
3222 89 147
3223 89 158
3224 89 160
3225 89 164
3226 89 167
3227 89 171
3228 90 91
3229 90 92
3230 90 96
3231 90 100
3232 90 114
3233 90 124
3234 90 128
3235 90 136
3236 90 143
3237 90 148
3238 90 154
3239 90 161
3240 90 162
3241 91 92
3242 91 96
3243 91 100
3244 91 102
3245 91 108
3246 91 110
3247 91 111
3248 91 124
3249 91 128
3250 91 136
3251 91 140
3252 91 141
3253 91 143
3254 91 148
3255 91 152
3256 91 154
3257 91 157
3258 91 158
3259 91 161
3260 91 162
3261 92 95
3262 92 96
3263 92 98
3264 92 100
3265 92 101
3266 92 102
3267 92 108
3268 92 110
3269 92 111
3270 92 116
3271 92 119
3272 92 123
3273 92 124
3274 92 126
3275 92 128
3276 92 131
3277 92 136
3278 92 140
3279 92 142
3280 92 143
3281 92 148
3282 92 150
3283 92 151
3284 92 152
3285 92 153
3286 92 154
3287 92 155
3288 92 158
3289 92 161
3290 92 162
3291 92 165
3292 92 166
3293 92 168
3294 92 170
3295 93 97
3296 93 98
3297 93 99
3298 93 104
3299 93 118
3300 93 125
3301 93 134
3302 93 135
3303 93 138
3304 93 140
3305 93 141
3306 93 143
3307 93 145
3308 93 153
3309 93 158
3310 93 165
3311 93 166
3312 93 168
3313 93 171
3314 94 95
3315 94 98
3316 94 99
3317 94 101
3318 94 102
3319 94 103
3320 94 107
3321 94 114
3322 94 115
3323 94 116
3324 94 118
3325 94 123
3326 94 126
3327 94 129
3328 94 131
3329 94 134
3330 94 138
3331 94 140
3332 94 141
3333 94 145
3334 94 146
3335 94 151
3336 94 152
3337 94 155
3338 94 157
3339 94 158
3340 94 169
3341 94 170
3342 94 171
3343 95 97
3344 95 98
3345 95 99
3346 95 101
3347 95 102
3348 95 103
3349 95 104
3350 95 106
3351 95 107
3352 95 108
3353 95 110
3354 95 113
3355 95 114
3356 95 115
3357 95 116
3358 95 118
3359 95 124
3360 95 125
3361 95 126
3362 95 127
3363 95 129
3364 95 131
3365 95 135
3366 95 137
3367 95 140
3368 95 141
3369 95 143
3370 95 145
3371 95 150
3372 95 151
3373 95 152
3374 95 153
3375 95 154
3376 95 157
3377 95 158
3378 95 165
3379 95 166
3380 95 167
3381 95 168
3382 95 171
3383 96 98
3384 96 100
3385 96 101
3386 96 102
3387 96 110
3388 96 111
3389 96 114
3390 96 116
3391 96 118
3392 96 119
3393 96 124
3394 96 126
3395 96 128
3396 96 131
3397 96 136
3398 96 140
3399 96 141
3400 96 142
3401 96 143
3402 96 148
3403 96 150
3404 96 151
3405 96 153
3406 96 154
3407 96 158
3408 96 161
3409 96 162
3410 96 166
3411 96 168
3412 96 169
3413 96 170
3414 96 171
3415 97 98
3416 97 99
3417 97 102
3418 97 104
3419 97 106
3420 97 108
3421 97 110
3422 97 125
3423 97 134
3424 97 135
3425 97 137
3426 97 138
3427 97 140
3428 97 141
3429 97 143
3430 97 153
3431 97 158
3432 97 165
3433 97 166
3434 97 167
3435 97 168
3436 98 99
3437 98 100
3438 98 101
3439 98 102
3440 98 103
3441 98 104
3442 98 107
3443 98 108
3444 98 110
3445 98 113
3446 98 114
3447 98 115
3448 98 118
3449 98 119
3450 98 124
3451 98 125
3452 98 126
3453 98 127
3454 98 131
3455 98 132
3456 98 134
3457 98 135
3458 98 137
3459 98 138
3460 98 140
3461 98 141
3462 98 143
3463 98 145
3464 98 147
3465 98 150
3466 98 151
3467 98 152
3468 98 153
3469 98 154
3470 98 155
3471 98 157
3472 98 158
3473 98 161
3474 98 165
3475 98 166
3476 98 168
3477 98 171
3478 99 102
3479 99 106
3480 99 110
3481 99 115
3482 99 118
3483 99 125
3484 99 137
3485 99 140
3486 99 141
3487 99 153
3488 99 154
3489 99 158
3490 99 165
3491 99 166
3492 99 167
3493 99 168
3494 99 171
3495 100 101
3496 100 102
3497 100 108
3498 100 110
3499 100 111
3500 100 114
3501 100 119
3502 100 124
3503 100 126
3504 100 128
3505 100 131
3506 100 134
3507 100 135
3508 100 136
3509 100 138
3510 100 140
3511 100 141
3512 100 142
3513 100 143
3514 100 145
3515 100 148
3516 100 153
3517 100 154
3518 100 155
3519 100 158
3520 100 161
3521 100 162
3522 100 168
3523 100 170
3524 101 102
3525 101 103
3526 101 110
3527 101 114
3528 101 116
3529 101 118
3530 101 119
3531 101 123
3532 101 124
3533 101 126
3534 101 128
3535 101 129
3536 101 131
3537 101 133
3538 101 136
3539 101 140
3540 101 141
3541 101 142
3542 101 143
3543 101 146
3544 101 150
3545 101 151
3546 101 152
3547 101 153
3548 101 154
3549 101 155
3550 101 157
3551 101 158
3552 101 161
3553 101 162
3554 101 165
3555 101 169
3556 101 170
3557 102 103
3558 102 108
3559 102 110
3560 102 113
3561 102 114
3562 102 115
3563 102 116
3564 102 117
3565 102 118
3566 102 119
3567 102 121
3568 102 124
3569 102 126
3570 102 127
3571 102 128
3572 102 130
3573 102 131
3574 102 132
3575 102 135
3576 102 136
3577 102 137
3578 102 140
3579 102 141
3580 102 143
3581 102 146
3582 102 147
3583 102 148
3584 102 153
3585 102 154
3586 102 155
3587 102 157
3588 102 158
3589 102 160
3590 102 161
3591 102 166
3592 102 168
3593 102 169
3594 102 170
3595 102 171
3596 103 108
3597 103 114
3598 103 116
3599 103 119
3600 103 123
3601 103 125
3602 103 126
3603 103 129
3604 103 131
3605 103 133
3606 103 141
3607 103 142
3608 103 150
3609 103 151
3610 103 152
3611 103 155
3612 103 157
3613 103 169
3614 103 170
3615 104 106
3616 104 110
3617 104 118
3618 104 125
3619 104 135
3620 104 137
3621 104 140
3622 104 141
3623 104 143
3624 104 153
3625 104 158
3626 104 166
3627 104 167
3628 104 168
3629 105 109
3630 105 117
3631 105 118
3632 105 120
3633 105 121
3634 105 122
3635 105 127
3636 105 130
3637 105 132
3638 105 147
3639 105 149
3640 105 156
3641 105 160
3642 105 163
3643 105 164
3644 106 108
3645 106 110
3646 106 125
3647 106 137
3648 106 140
3649 106 141
3650 106 143
3651 106 153
3652 106 158
3653 106 166
3654 106 167
3655 106 168
3656 107 115
3657 107 125
3658 107 131
3659 107 134
3660 107 135
3661 107 138
3662 107 141
3663 107 145
3664 107 158
3665 107 165
3666 107 168
3667 107 171
3668 108 110
3669 108 114
3670 108 129
3671 108 137
3672 108 140
3673 108 141
3674 108 152
3675 108 154
3676 108 157
3677 108 165
3678 108 167
3679 109 117
3680 109 118
3681 109 120
3682 109 121
3683 109 122
3684 109 130
3685 109 132
3686 109 147
3687 109 156
3688 109 160
3689 109 163
3690 109 164
3691 110 111
3692 110 112
3693 110 113
3694 110 114
3695 110 115
3696 110 118
3697 110 119
3698 110 124
3699 110 125
3700 110 126
3701 110 127
3702 110 128
3703 110 130
3704 110 131
3705 110 132
3706 110 134
3707 110 135
3708 110 136
3709 110 137
3710 110 138
3711 110 140
3712 110 141
3713 110 143
3714 110 147
3715 110 150
3716 110 152
3717 110 153
3718 110 154
3719 110 155
3720 110 158
3721 110 160
3722 110 161
3723 110 165
3724 110 166
3725 110 167
3726 110 168
3727 110 169
3728 110 170
3729 110 171
3730 111 124
3731 111 128
3732 111 136
3733 111 148
3734 111 154
3735 111 161
3736 111 162
3737 112 131
3738 112 140
3739 112 158
3740 113 117
3741 113 118
3742 113 121
3743 113 124
3744 113 127
3745 113 130
3746 113 132
3747 113 140
3748 113 141
3749 113 143
3750 113 147
3751 113 158
3752 113 164
3753 113 171
3754 114 116
3755 114 118
3756 114 119
3757 114 123
3758 114 126
3759 114 129
3760 114 131
3761 114 133
3762 114 136
3763 114 140
3764 114 141
3765 114 142
3766 114 143
3767 114 146
3768 114 150
3769 114 151
3770 114 152
3771 114 155
3772 114 157
3773 114 162
3774 114 169
3775 114 170
3776 114 171
3777 115 125
3778 115 134
3779 115 135
3780 115 138
3781 115 140
3782 115 141
3783 115 143
3784 115 145
3785 115 158
3786 115 165
3787 115 166
3788 115 167
3789 115 168
3790 115 171
3791 116 119
3792 116 123
3793 116 125
3794 116 126
3795 116 129
3796 116 131
3797 116 133
3798 116 140
3799 116 141
3800 116 142
3801 116 145
3802 116 150
3803 116 151
3804 116 152
3805 116 155
3806 116 157
3807 116 169
3808 116 170
3809 117 118
3810 117 121
3811 117 122
3812 117 127
3813 117 130
3814 117 132
3815 117 143
3816 117 147
3817 117 149
3818 117 156
3819 117 160
3820 117 163
3821 117 164
3822 118 121
3823 118 124
3824 118 125
3825 118 126
3826 118 127
3827 118 130
3828 118 131
3829 118 132
3830 118 134
3831 118 135
3832 118 137
3833 118 138
3834 118 140
3835 118 141
3836 118 143
3837 118 147
3838 118 149
3839 118 153
3840 118 155
3841 118 158
3842 118 160
3843 118 164
3844 118 165
3845 118 166
3846 118 171
3847 119 123
3848 119 125
3849 119 126
3850 119 129
3851 119 131
3852 119 133
3853 119 136
3854 119 142
3855 119 148
3856 119 150
3857 119 152
3858 119 155
3859 119 157
3860 119 158
3861 119 161
3862 119 169
3863 119 170
3864 120 147
3865 120 156
3866 120 160
3867 120 163
3868 120 164
3869 121 122
3870 121 127
3871 121 130
3872 121 132
3873 121 140
3874 121 143
3875 121 147
3876 121 156
3877 121 160
3878 121 164
3879 121 171
3880 122 127
3881 122 147
3882 122 149
3883 122 156
3884 122 159
3885 122 160
3886 122 164
3887 123 126
3888 123 129
3889 123 131
3890 123 133
3891 123 142
3892 123 146
3893 123 150
3894 123 151
3895 123 152
3896 123 154
3897 123 155
3898 123 157
3899 123 169
3900 123 170
3901 124 126
3902 124 127
3903 124 130
3904 124 131
3905 124 136
3906 124 140
3907 124 141
3908 124 143
3909 124 148
3910 124 150
3911 124 153
3912 124 158
3913 124 161
3914 124 168
3915 124 169
3916 124 171
3917 125 134
3918 125 135
3919 125 137
3920 125 138
3921 125 140
3922 125 141
3923 125 143
3924 125 145
3925 125 152
3926 125 153
3927 125 157
3928 125 158
3929 125 165
3930 125 166
3931 125 167
3932 125 168
3933 125 171
3934 126 128
3935 126 129
3936 126 131
3937 126 133
3938 126 134
3939 126 135
3940 126 138
3941 126 140
3942 126 141
3943 126 142
3944 126 143
3945 126 144
3946 126 146
3947 126 150
3948 126 152
3949 126 155
3950 126 157
3951 126 158
3952 126 161
3953 126 169
3954 126 170
3955 126 171
3956 127 130
3957 127 132
3958 127 140
3959 127 141
3960 127 143
3961 127 147
3962 127 156
3963 127 158
3964 127 169
3965 127 171
3966 128 136
3967 128 140
3968 128 143
3969 128 148
3970 128 154
3971 128 158
3972 128 161
3973 128 162
3974 129 131
3975 129 133
3976 129 142
3977 129 150
3978 129 152
3979 129 155
3980 129 157
3981 129 169
3982 129 170
3983 130 140
3984 130 143
3985 130 149
3986 130 156
3987 130 160
3988 131 133
3989 131 136
3990 131 140
3991 131 141
3992 131 142
3993 131 143
3994 131 144
3995 131 145
3996 131 146
3997 131 151
3998 131 152
3999 131 153
4000 131 155
4001 131 157
4002 131 158
4003 131 161
4004 131 162
4005 131 169
4006 131 170
4007 131 171
4008 132 139
4009 132 140
4010 132 143
4011 132 147
4012 132 158
4013 132 164
4014 132 171
4015 133 141
4016 133 142
4017 133 150
4018 133 152
4019 133 157
4020 133 169
4021 133 170
4022 134 135
4023 134 137
4024 134 138
4025 134 145
4026 134 152
4027 134 153
4028 134 158
4029 134 162
4030 134 165
4031 134 166
4032 134 167
4033 134 168
4034 134 171
4035 135 137
4036 135 138
4037 135 141
4038 135 145
4039 135 152
4040 135 153
4041 135 155
4042 135 158
4043 135 162
4044 135 165
4045 135 166
4046 135 167
4047 135 168
4048 135 171
4049 136 140
4050 136 142
4051 136 148
4052 136 153
4053 136 154
4054 136 158
4055 136 161
4056 136 162
4057 136 169
4058 136 170
4059 137 138
4060 137 140
4061 137 141
4062 137 143
4063 137 145
4064 137 153
4065 137 158
4066 137 165
4067 137 166
4068 137 167
4069 137 168
4070 137 171
4071 138 145
4072 138 152
4073 138 153
4074 138 158
4075 138 162
4076 138 165
4077 138 166
4078 138 167
4079 138 168
4080 138 171
4081 139 147
4082 140 141
4083 140 143
4084 140 145
4085 140 147
4086 140 150
4087 140 153
4088 140 154
4089 140 158
4090 140 162
4091 140 165
4092 140 166
4093 140 167
4094 140 168
4095 140 169
4096 140 171
4097 141 143
4098 141 145
4099 141 151
4100 141 152
4101 141 153
4102 141 154
4103 141 155
4104 141 157
4105 141 158
4106 141 165
4107 141 166
4108 141 167
4109 141 168
4110 141 171
4111 142 146
4112 142 150
4113 142 151
4114 142 152
4115 142 155
4116 142 157
4117 142 161
4118 142 162
4119 142 169
4120 142 170
4121 143 147
4122 143 149
4123 143 153
4124 143 156
4125 143 158
4126 143 160
4127 143 161
4128 143 166
4129 143 167
4130 143 169
4131 143 170
4132 143 171
4133 144 155
4134 145 152
4135 145 165
4136 145 168
4137 146 169
4138 146 170
4139 147 149
4140 147 156
4141 147 160
4142 147 163
4143 147 164
4144 147 171
4145 148 154
4146 148 161
4147 148 162
4148 149 159
4149 149 160
4150 149 164
4151 150 151
4152 150 152
4153 150 154
4154 150 157
4155 150 158
4156 150 162
4157 150 169
4158 150 170
4159 151 152
4160 151 157
4161 151 169
4162 151 170
4163 151 171
4164 152 155
4165 152 157
4166 152 169
4167 152 170
4168 152 171
4169 153 154
4170 153 158
4171 153 165
4172 153 166
4173 153 167
4174 153 168
4175 153 171
4176 154 161
4177 154 162
4178 154 165
4179 154 169
4180 154 170
4181 155 157
4182 155 171
4183 156 160
4184 156 163
4185 156 164
4186 157 169
4187 157 170
4188 158 165
4189 158 166
4190 158 167
4191 158 168
4192 158 169
4193 158 170
4194 158 171
4195 159 160
4196 159 164
4197 160 163
4198 160 164
4199 161 162
4200 162 169
4201 162 170
4202 163 164
4203 165 166
4204 165 167
4205 165 168
4206 165 171
4207 166 167
4208 166 168
4209 166 171
4210 167 168
4211 169 170
