1 49 146
2 32 54
3 13 108
4 70 103
5 71 111
6 74 106
7 75 104
8 20 162
9 21 28
10 4 36
11 5 178
12 39 70
13 8 63
14 100 112
15 28 162
16 33 41
17 73 82
18 2 78
19 94 167
20 129 139
21 95 138
22 81 146
23 104 130
24 13 131
25 33 154
26 17 64
27 42 88
28 5 84
29 133 175
30 13 20
31 14 162
32 86 129
33 108 150
34 91 118
35 92 120
36 127 138
37 96 123
38 8 87
39 26 161
40 65 154
41 46 164
42 138 141
43 49 139
44 32 77
45 13 101
46 14 77
47 70 94
48 71 100
49 85 87
50 1 40
51 75 97
52 88 154
53 3 147
54 4 35
55 22 157
56 25 162
57 43 120
58 44 138
59 99 103
60 11 83
61 29 37
62 47 143
63 33 34
64 69 158
65 36 41
66 54 87
67 2 73
68 129 140
69 59 152
70 4 178
71 148 152
72 61 63
73 11 160
74 12 50
75 47 124
76 15 103
77 19 96
78 37 54
79 112 121
80 42 67
81 6 101
82 82 170
83 135 180
84 30 111
85 105 174
86 158 160
87 127 179
88 1 176
89 111 128
90 59 102
91 23 84
92 25 58
93 84 102
94 49 140
95 140 144
96 33 74
97 14 84
98 70 81
99 18 107
100 75 102
101 3 152
102 21 46
103 22 148
104 25 171
105 44 129
106 7 15
107 80 107
108 99 108
109 29 62
110 47 148
111 100 102
112 72 74
113 36 80
114 57 173
115 129 133
116 59 145
117 79 82
118 117 139
119 7 156
120 29 175
121 103 104
122 106 156
123 160 162
124 37 63
125 76 78
126 24 28
127 42 74
128 136 139
129 45 47
130 66 84
131 31 108
132 15 157
133 35 105
134 1 137
135 108 132
136 59 127
137 134 176
138 140 143
139 70 72
140 38 97
141 3 129
142 4 17
143 22 175
144 43 118
145 44 120
146 80 98
147 100 109
148 48 123
149 29 55
150 166 170
151 50 156
152 33 60
153 16 20
154 113 163
155 55 173
156 129 158
157 41 44
158 81 133
159 26 85
160 9 59
161 13 174
162 52 127
163 109 122
164 112 119
165 77 81
166 6 87
167 61 162
168 63 130
169 82 156
170 66 175
171 67 71
172 133 154
173 13 63
174 136 178
175 72 154
176 35 110
177 91 93
178 108 131
179 139 175
180 111 150
181 117 123
182 120 134
183 32 82
184 33 68
185 159 177
186 18 93
187 109 156
188 163 178
189 76 158
190 3 134
191 115 141
192 166 173
193 171 178
194 63 96
195 104 111
196 50 151
197 73 78
198 36 70
199 54 56
200 129 151
201 5 39
202 7 146
203 9 60
204 10 178
205 27 70
206 29 161
207 13 167
208 84 157
209 16 154
210 103 158
211 20 111
212 130 142
213 135 163
214 67 76
215 12 174
216 31 82
217 105 129
218 37 178
219 3 126
220 26 133
221 45 178
222 28 110
223 32 105
224 14 41
225 71 72
226 18 84
227 143 144
228 58 79
229 3 143
230 4 7
231 76 149
232 99 131
233 63 105
234 48 105
235 30 169
236 34 180
237 36 77
238 128 177
239 75 154
240 94 138
241 131 156
242 97 105
243 61 67
244 62 83
245 9 37
246 13 160
247 51 85
248 16 145
249 17 37
250 18 173
251 34 39
252 41 175
253 83 155
254 13 49
255 91 171
256 55 65
257 4 127
258 48 145
259 49 168
260 50 54
261 87 159
262 146 152
263 57 88
264 26 63
265 48 96
266 47 168
267 68 99
268 72 102
269 128 136
270 19 20
271 131 133
272 22 35
273 5 41
274 97 98
275 62 90
276 27 84
277 64 160
278 154 155
279 167 180
280 30 35
281 52 84
282 17 30
283 19 133
284 112 156
285 135 145
286 83 160
287 13 42
288 31 64
289 18 55
290 164 170
291 40 88
292 42 177
293 45 164
294 48 136
295 122 131
296 140 179
297 33 111
298 89 122
299 90 104
300 18 70
301 1 6
302 2 140
303 110 111
304 163 169
305 43 82
306 11 109
307 177 178
308 72 109
309 19 29
310 59 178
311 4 132
312 22 58
313 61 85
314 62 93
315 9 87
316 10 175
317 98 107
318 167 173
319 30 42
320 103 133
321 52 83
322 18 159
323 130 155
324 23 25
325 135 142
326 13 35
327 31 73
328 55 87
329 97 146
330 169 170
331 116 167
332 26 158
333 64 69
334 11 21
335 73 153
336 18 65
337 1 31
338 163 174
339 5 138
340 152 157
341 44 91
342 173 174
343 11 98
344 12 108
345 53 158
346 128 134
347 37 116
348 75 129
349 97 124
350 167 170
351 61 110
352 9 88
353 84 177
354 29 133
355 176 178
356 31 161
357 15 86
358 130 146
359 77 110
360 132 146
361 81 107
362 102 126
363 49 66
364 85 158
365 107 129
366 17 153
367 93 174
368 3 90
369 4 84
370 97 171
371 26 153
372 62 166
373 65 66
374 120 169
375 122 149
376 134 142
377 154 168
378 33 121
379 90 122
380 53 118
381 110 121
382 165 167
383 96 146
384 168 170
385 170 178
386 43 64
387 7 94
388 11 155
389 69 86
390 16 110
391 17 112
392 94 102
393 4 138
394 6 146
395 61 103
396 118 120
397 172 174
398 125 138
399 3 50
400 77 103
401 43 155
402 6 45
403 81 108
404 155 159
405 66 133
406 13 85
407 14 157
408 31 63
409 17 146
410 75 81
411 38 39
412 40 77
413 42 170
414 23 156
415 64 83
416 45 143
417 53 127
418 145 163
419 92 174
420 21 102
421 39 60
422 78 105
423 79 101
424 44 73
425 7 87
426 98 133
427 15 55
428 17 105
429 36 104
430 55 156
431 126 128
432 128 148
433 78 152
434 6 149
435 61 96
436 9 74
437 64 140
438 102 153
439 122 126
440 30 31
441 31 151
442 125 131
443 35 80
444 19 161
445 3 59
446 24 84
447 81 101
448 101 106
449 66 156
450 85 160
451 50 66
452 31 36
453 102 104
454 72 171
455 91 140
456 74 76
457 38 94
458 40 52
459 8 29
460 45 136
461 28 64
462 48 180
463 67 167
464 14 23
465 92 165
466 165 169
467 76 175
468 21 111
469 22 87
470 98 156
471 79 98
472 44 64
473 7 76
474 27 152
475 46 89
476 83 103
477 12 25
478 68 78
479 69 88
480 52 128
481 17 98
482 104 160
483 123 140
484 126 139
485 2 3
486 64 131
487 119 120
488 103 169
489 86 99
490 123 125
491 34 93
492 52 55
493 20 24
494 114 143
495 23 61
496 6 31
497 25 83
498 82 100
499 68 151
500 106 110
501 14 111
502 90 164
503 35 38
504 74 119
505 75 79
506 38 81
507 3 177
508 4 65
509 42 156
510 23 146
511 147 151
512 65 85
513 11 49
514 14 30
515 89 95
516 54 113
517 1 123
518 76 166
519 170 175
520 79 107
521 8 147
522 7 69
523 27 145
524 46 96
525 11 142
526 12 16
527 16 83
528 17 91
529 71 168
530 37 104
531 24 51
532 153 158
533 62 96
534 64 154
535 100 179
536 66 127
537 137 143
538 103 166
539 31 133
540 86 122
541 89 134
542 127 145
543 56 57
544 21 159
545 24 162
546 23 58
547 6 22
548 25 84
549 43 142
550 85 178
551 32 34
552 13 64
553 68 158
554 107 109
555 17 133
556 38 72
557 60 61
558 7 45
559 29 64
560 67 149
561 16 59
562 90 94
563 36 54
564 54 72
565 79 112
566 8 154
567 7 66
568 27 150
569 48 49
570 47 91
571 12 15
572 151 152
573 19 71
574 5 120
575 6 126
576 133 179
577 137 176
578 102 130
579 30 112
580 31 130
581 89 143
582 34 111
583 35 71
584 108 170
585 92 108
586 112 173
587 127 158
588 3 46
589 6 9
590 79 150
591 82 86
592 46 144
593 138 145
594 49 103
595 68 133
596 70 106
597 74 121
598 20 157
599 39 83
600 40 41
601 95 118
602 23 160
603 8 50
604 48 89
605 11 47
606 67 154
607 70 133
608 53 83
609 2 125
610 98 169
611 44 45
612 27 111
613 154 160
614 47 96
615 88 111
616 16 65
617 17 85
618 52 157
619 56 88
620 71 158
621 20 70
622 136 144
623 27 28
624 113 165
625 102 133
626 67 101
627 139 141
628 166 169
629 89 144
630 35 76
631 92 107
632 112 164
633 25 38
634 68 140
635 18 127
636 115 171
637 99 120
638 7 35
639 63 70
640 128 141
641 67 131
642 72 86
643 149 154
644 98 160
645 9 30
646 10 148
647 46 117
648 12 61
649 106 160
650 15 16
651 17 78
652 19 85
653 150 151
654 100 168
655 67 106
656 13 26
657 127 140
658 92 98
659 21 170
660 114 179
661 13 107
662 70 100
663 71 110
664 74 107
665 75 107
666 147 179
667 4 37
668 5 177
669 44 140
670 47 129
671 33 40
672 142 175
673 73 81
674 57 162
675 94 164
676 59 130
677 46 124
678 11 170
679 47 118
680 13 130
681 104 131
682 17 71
683 20 84
684 41 73
685 77 165
686 5 83
687 66 67
688 67 83
689 30 101
690 13 19
691 105 164
692 34 120
693 15 142
694 92 121
695 3 5
696 96 124
697 114 170
698 84 88
699 85 86
700 32 78
701 88 155
702 14 82
703 141 175
704 71 103
705 57 58
706 38 116
707 3 146
708 21 36
709 80 117
710 43 123
711 8 39
712 7 17
713 44 139
714 99 102
715 11 82
716 47 142
717 100 120
718 69 157
719 118 134
720 54 84
721 1 88
722 129 131
723 148 153
724 4 179
725 98 178
726 61 62
727 10 134
728 47 127
729 106 146
730 15 102
731 108 127
732 19 99
733 20 83
734 42 64
735 6 90
736 82 171
737 63 159
738 66 90
739 139 176
740 12 130
741 30 108
742 14 170
743 31 102
744 86 153
745 158 161
746 92 112
747 111 131
748 3 10
749 59 121
750 24 133
751 23 87
752 114 165
753 64 108
754 120 121
755 84 103
756 49 131
757 140 145
758 33 73
759 14 85
760 70 86
761 90 138
762 18 104
763 74 157
764 109 169
765 20 177
766 38 111
767 113 174
768 80 108
769 44 130
770 7 14
771 99 111
772 48 69
773 47 151
774 12 91
775 100 103
776 124 125
777 72 75
778 36 81
779 92 150
780 129 132
781 59 144
782 78 161
783 81 131
784 117 138
785 156 160
786 103 107
787 179 180
788 15 111
789 17 49
790 19 104
791 76 79
792 24 29
793 42 75
794 133 144
795 136 140
796 45 46
797 135 172
798 102 161
799 30 87
800 31 111
801 14 173
802 105 150
803 15 156
804 35 104
805 1 136
806 108 133
807 59 126
808 134 177
809 84 110
810 49 132
811 32 92
812 85 88
813 70 73
814 2 169
815 113 167
816 3 128
817 39 108
818 80 99
819 166 171
820 44 121
821 100 110
822 48 124
823 29 54
824 104 105
825 50 157
826 16 21
827 36 88
828 22 31
829 5 61
830 81 132
831 117 147
832 12 33
833 13 173
834 106 132
835 17 42
836 108 109
837 109 121
838 37 39
839 58 156
840 77 80
841 42 50
842 132 176
843 61 161
844 136 179
845 135 165
846 67 70
847 13 62
848 14 180
849 31 84
850 91 92
851 117 122
852 120 135
853 51 177
854 14 39
855 71 82
856 58 69
857 21 63
858 39 101
859 76 159
860 26 42
861 99 157
862 63 99
863 30 167
864 68 126
865 73 77
866 36 71
867 54 57
868 56 147
869 131 150
870 5 38
871 9 35
872 10 179
873 84 158
874 29 160
875 30 54
876 160 177
877 33 165
878 16 155
879 17 35
880 109 114
881 20 104
882 25 99
883 67 79
884 13 55
885 92 93
886 164 165
887 40 107
888 111 158
889 45 177
890 90 103
891 71 75
892 18 85
893 143 147
894 57 86
895 76 150
896 80 81
897 26 53
898 99 130
899 46 48
900 105 111
901 142 146
902 36 78
903 37 88
904 55 162
905 56 154
906 75 157
907 4 151
908 22 41
909 97 104
910 128 178
911 103 150
912 51 84
913 16 146
914 34 36
915 18 170
916 19 127
917 37 41
918 38 169
919 25 100
920 6 70
921 83 154
922 30 72
923 13 48
924 31 90
925 18 61
926 1 147
927 164 172
928 28 102
929 48 146
930 85 115
931 50 55
932 33 85
933 14 49
934 87 158
935 18 76
936 96 142
937 5 135
938 7 114
939 47 171
940 72 103
941 56 161
942 19 23
943 75 146
944 93 100
945 131 132
946 5 40
947 61 91
948 62 91
949 7 131
950 9 45
951 29 178
952 30 32
953 34 63
954 15 67
955 17 29
956 52 85
957 19 132
958 42 47
959 25 109
960 81 120
961 135 144
962 141 145
963 31 67
964 107 146
965 17 174
966 164 171
967 26 148
968 11 31
969 29 105
970 32 120
971 33 110
972 14 56
973 89 121
974 73 151
975 122 128
976 1 5
977 159 175
978 76 132
979 21 74
980 163 168
981 165 180
982 7 107
983 101 156
984 11 108
985 51 53
986 52 173
987 72 110
988 124 152
989 37 74
990 2 60
991 94 117
992 167 172
993 78 132
994 61 84
995 62 66
996 98 104
997 103 132
998 16 128
999 34 54
1000 18 156
1001 76 106
1002 130 152
1003 132 148
1004 23 24
1005 136 175
1006 63 161
1007 83 168
1008 66 176
1009 135 137
1010 13 34
1011 31 72
1012 17 167
1013 74 80
1014 55 86
1015 110 132
1016 3 84
1017 64 70
1018 48 128
1019 11 20
1020 122 139
1021 177 180
1022 73 152
1023 145 176
1024 76 131
1025 21 83
1026 43 74
1027 101 133
1028 12 109
1029 51 58
1030 52 180
1031 124 151
1032 53 157
1033 73 105
1034 19 37
1035 37 115
1036 94 124
1037 126 151
1038 22 50
1039 98 99
1040 6 152
1041 27 37
1042 10 87
1043 84 178
1044 176 179
1045 76 97
1046 81 106
1047 83 177
1048 101 103
1049 49 65
1050 85 157
1051 31 49
1052 14 155
1053 102 127
1054 161 178
1055 93 173
1056 42 160
1057 134 143
1058 28 115
1059 11 13
1060 48 135
1061 122 146
1062 33 120
1063 90 123
1064 165 166
1065 96 147
1066 149 151
1067 168 171
1068 170 179
1069 83 88
1070 12 100
1071 16 111
1072 15 41
1073 126 158
1074 94 103
1075 22 53
1076 78 150
1077 6 147
1078 61 102
1079 62 76
1080 118 121
1081 29 157
1082 34 72
1083 125 137
1084 18 142
1085 19 155
1086 81 99
1087 155 158
1088 13 84
1089 75 80
1090 42 171
1091 23 159
1092 8 23
1093 67 161
1094 51 155
1095 70 158
1096 53 126
1097 39 63
1098 78 110
1099 79 100
1100 27 130
1101 12 99
1102 16 102
1103 17 104
1104 126 129
1105 37 101
1106 55 159
1107 94 110
1108 42 112
1109 78 153
1110 10 89
1111 66 106
1112 102 158
1113 122 127
1114 86 105
1115 125 130
1116 35 83
1117 19 160
1118 81 100
1119 82 106
1120 101 105
1121 102 105
1122 85 175
1123 31 39
1124 18 24
1125 74 77
1126 39 167
1127 97 164
1128 42 146
1129 7 62
1130 45 135
1131 65 83
1132 67 166
1133 14 20
1134 92 166
1135 2 145
1136 165 168
1137 21 110
1138 22 84
1139 149 153
1140 79 109
1141 26 27
1142 27 155
1143 44 65
1144 46 94
1145 83 102
1146 12 26
1147 16 93
1148 15 63
1149 17 97
1150 37 110
1151 119 123
1152 66 101
1153 103 168
1154 31 159
1155 123 124
1156 178 180
1157 35 88
1158 20 25
1159 114 140
1160 25 82
1161 6 28
1162 79 131
1163 82 101
1164 28 41
1165 46 135
1166 49 116
1167 13 70
1168 14 108
1169 31 44
1170 35 41
1171 18 19
1172 91 132
1173 75 78
1174 20 136
1175 3 176
1176 38 86
1177 107 119
1178 110 160
1179 147 150
1180 45 128
1181 28 88
1182 29 70
1183 65 84
1184 67 175
1185 89 94
1186 95 144
1187 98 148
1188 79 106
1189 8 148
1190 7 68
1191 83 111
1192 48 59
1193 11 129
1194 12 17
1195 13 157
1196 123 132
1197 16 84
1198 17 90
1199 19 65
1200 2 27
1201 41 108
1202 24 52
1203 42 98
1204 6 132
1205 137 142
1206 86 123
1207 34 85
1208 35 65
1209 125 148
1210 56 58
1211 127 144
1212 21 158
1213 25 91
1214 6 23
1215 43 129
1216 32 35
1217 107 108
1218 90 172
1219 38 73
1220 39 85
1221 60 62
1222 9 130
1223 63 83
1224 16 60
1225 90 95
1226 21 112
1227 154 166
1228 47 90
1229 88 105
1230 17 83
1231 41 85
1232 42 109
1233 141 176
1234 6 127
1235 150 154
1236 102 131
1237 139 151
1238 12 159
1239 89 142
1240 34 108
1241 15 178
1242 21 167
1243 23 50
1244 6 14
1245 49 102
1246 91 146
1247 39 82
1248 115 165
1249 8 51
1250 63 88
1251 48 90
1252 11 46
1253 29 88
1254 67 157
1255 69 161
1256 44 46
1257 154 161
1258 121 178
1259 104 150
1260 88 112
1261 51 100
1262 16 66
1263 17 84
1264 52 158
1265 106 166
1266 5 96
1267 150 157
1268 136 145
1269 27 31
1270 66 78
1271 139 140
1272 30 120
1273 89 151
1274 91 122
1275 92 100
1276 20 54
1277 21 160
1278 24 177
1279 25 37
1280 46 152
1281 71 112
1282 74 97
1283 4 63
1284 80 120
1285 95 126
1286 8 58
1287 115 170
1288 63 65
1289 11 39
1290 29 81
1291 16 42
1292 36 37
1293 129 176
1294 41 54
1295 59 140
1296 81 159
1297 7 179
1298 9 29
1299 10 149
1300 27 103
1301 12 62
1302 46 122
1303 103 127
1304 104 157
1305 15 19
1306 17 77
1307 19 84
1308 100 169
1309 10 100
1310 66 73
1311 30 99
1312 13 25
1313 15 128
1314 55 105
1315 20 61
1316 3 31
1317 59 106
1318 49 144
1319 32 72
1320 13 106
1321 70 101
1322 71 105
1323 74 104
1324 75 106
1325 113 179
1326 39 64
1327 22 152
1328 5 176
1329 147 178
1330 44 141
1331 118 140
1332 29 42
1333 47 128
1334 142 172
1335 2 76
1336 57 161
1337 41 63
1338 117 135
1339 10 156
1340 46 125
1341 104 132
1342 88 126
1343 106 168
1344 16 176
1345 15 24
1346 17 70
1347 19 93
1348 20 85
1349 76 90
1350 77 164
1351 133 173
1352 82 177
1353 45 59
1354 67 82
1355 30 106
1356 13 18
1357 14 160
1358 31 120
1359 105 171
1360 92 122
1361 111 133
1362 3 4
1363 59 99
1364 114 171
1365 26 175
1366 138 139
1367 88 156
1368 14 83
1369 90 128
1370 71 102
1371 18 110
1372 75 99
1373 4 45
1374 22 147
1375 43 122
1376 44 132
1377 7 16
1378 99 105
1379 100 121
1380 11 85
1381 30 179
1382 69 156
1383 16 24
1384 53 173
1385 54 85
1386 129 130
1387 94 172
1388 26 65
1389 84 130
1390 11 162
1391 47 126
1392 103 109
1393 160 173
1394 17 63
1395 19 98
1396 76 81
1397 42 65
1398 133 150
1399 82 168
1400 155 169
1401 30 109
1402 86 158
1403 14 171
1404 158 166
1405 37 133
1406 55 127
1407 59 120
1408 23 86
1409 8 64
1410 117 119
1411 65 145
1412 120 122
1413 140 146
1414 51 162
1415 70 87
1416 90 139
1417 1 39
1418 74 154
1419 20 178
1420 80 109
1421 44 131
1422 7 9
1423 63 124
1424 99 110
1425 12 84
1426 34 169
1427 72 76
1428 36 82
1429 2 94
1430 94 151
1431 79 92
1432 81 130
1433 27 74
1434 10 142
1435 156 161
1436 29 173
1437 103 106
1438 106 154
1439 33 170
1440 17 48
1441 108 119
1442 20 91
1443 38 133
1444 42 72
1445 133 159
1446 136 141
1447 135 175
1448 155 174
1449 14 178
1450 15 159
1451 35 107
1452 39 158
1453 23 111
1454 64 100
1455 65 106
1456 84 111
1457 32 93
1458 14 93
1459 70 78
1460 90 146
1461 74 133
1462 2 166
1463 113 166
1464 39 111
1465 4 19
1466 80 100
1467 166 168
1468 44 122
1469 100 111
1470 118 145
1471 48 125
1472 11 67
1473 29 53
1474 104 106
1475 105 124
1476 73 75
1477 22 28
1478 26 83
1479 27 67
1480 10 137
1481 106 133
1482 108 110
1483 109 120
1484 19 112
1485 37 38
1486 58 157
1487 77 79
1488 80 130
1489 61 160
1490 82 154
1491 63 140
1492 136 180
1493 67 73
1494 105 158
1495 31 87
1496 107 174
1497 72 156
1498 91 95
1499 40 101
1500 59 118
1501 117 121
1502 120 136
1503 71 77
1504 18 91
1505 163 180
1506 76 152
1507 21 62
1508 171 180
1509 12 74
1510 30 164
1511 68 127
1512 124 140
1513 73 76
1514 37 94
1515 22 23
1516 5 37
1517 9 34
1518 10 176
1519 84 159
1520 160 178
1521 16 156
1522 17 34
1523 18 176
1524 20 105
1525 76 126
1526 25 98
1527 67 78
1528 175 177
1529 92 94
1530 37 176
1531 40 108
1532 164 166
1533 24 155
1534 45 176
1535 28 104
1536 32 107
1537 33 83
1538 71 74
1539 18 82
1540 1 10
1541 57 85
1542 58 77
1543 96 136
1544 168 176
1545 80 82
1546 26 50
1547 7 116
1548 99 133
1549 46 49
1550 11 113
1551 47 173
1552 105 110
1553 124 139
1554 167 169
1555 72 97
1556 142 147
1557 131 158
1558 97 111
1559 61 65
1560 7 133
1561 154 158
1562 31 180
1563 51 87
1564 34 37
1565 18 171
1566 37 40
1567 63 178
1568 83 157
1569 49 93
1570 12 167
1571 31 69
1572 91 173
1573 164 173
1574 40 83
1575 64 73
1576 122 134
1577 32 98
1578 33 84
1579 50 52
1580 87 153
1581 159 161
1582 1 3
1583 4 8
1584 5 134
1585 43 95
1586 26 61
1587 101 146
1588 68 109
1589 72 104
1590 56 162
1591 19 22
1592 37 64
1593 128 138
1594 98 110
1595 6 175
1596 61 90
1597 27 86
1598 30 33
1599 34 60
1600 15 66
1601 17 28
1602 18 162
1603 52 86
1604 76 108
1605 130 158
1606 42 44
1607 79 161
1608 157 162
1609 31 66
1610 14 142
1611 17 173
1612 74 86
1613 55 88
1614 110 130
1615 25 29
1616 134 146
1617 65 118
1618 48 138
1619 29 104
1620 49 167
1621 33 109
1622 90 118
1623 73 150
1624 18 68
1625 1 4
1626 163 171
1627 76 133
1628 96 134
1629 165 179
1630 5 143
1631 44 94
1632 7 106
1633 121 130
1634 47 179
1635 51 52
1636 72 111
1637 128 129
1638 94 122
1639 4 134
1640 22 56
1641 6 166
1642 61 83
1643 97 121
1644 98 105
1645 100 146
1646 119 150
1647 30 40
1648 167 175
1649 17 21
1650 76 107
1651 23 27
1652 81 112
1653 135 136
1654 83 171
1655 13 33
1656 31 75
1657 17 166
1658 74 81
1659 110 133
1660 26 156
1661 48 129
1662 32 112
1663 73 159
1664 101 132
1665 16 105
1666 15 35
1667 53 156
1668 128 152
1669 37 114
1670 75 131
1671 94 125
1672 10 84
1673 84 179
1674 137 145
1675 176 180
1676 31 163
1677 89 168
1678 125 143
1679 55 57
1680 76 98
1681 77 108
1682 81 105
1683 82 121
1684 101 102
1685 49 64
1686 85 156
1687 13 90
1688 107 131
1689 144 151
1690 17 159
1691 18 39
1692 161 177
1693 93 172
1694 4 86
1695 42 161
1696 97 169
1697 116 168
1698 134 140
1699 45 148
1700 11 12
1701 90 120
1702 168 172
1703 95 164
1704 149 150
1705 46 77
1706 11 157
1707 47 65
1708 121 140
1709 69 84
1710 16 96
1711 126 159
1712 42 118
1713 78 151
1714 6 144
1715 29 156
1716 31 168
1717 86 87
1718 112 131
1719 3 52
1720 21 130
1721 77 101
1722 23 41
1723 6 35
1724 81 98
1725 82 112
1726 101 111
1727 66 131
1728 49 121
1729 13 83
1730 14 99
1731 35 58
1732 18 30
1733 93 165
1734 42 168
1735 134 135
1736 45 141
1737 122 154
1738 67 160
1739 14 18
1740 70 159
1741 92 168
1742 165 174
1743 21 100
1744 95 173
1745 98 131
1746 79 103
1747 149 159
1748 16 103
1749 17 111
1750 37 100
1751 2 6
1752 55 158
1753 94 111
1754 78 158
1755 102 159
1756 122 124
1757 125 129
1758 24 86
1759 25 72
1760 43 146
1761 79 133
1762 65 161
1763 82 107
1764 66 154
1765 101 104
1766 50 64
1767 31 38
1768 14 106
1769 102 110
1770 110 158
1771 20 130
1772 38 92
1773 40 54
1774 8 31
1775 45 134
1776 14 21
1777 70 150
1778 92 167
1779 21 109
1780 95 170
1781 114 116
1782 79 108
1783 44 66
1784 27 154
1785 83 105
1786 46 95
1787 149 152
1788 50 162
1789 69 70
1790 16 94
1791 15 62
1792 17 96
1793 6 130
1794 153 155
1795 9 113
1796 119 122
1797 102 150
1798 67 112
1799 103 171
1800 20 26
1801 114 141
1802 23 63
1803 6 29
1804 43 139
1805 79 130
1806 28 42
1807 81 92
1808 82 98
1809 68 145
1810 106 108
1811 141 144
1812 157 159
1813 17 130
1814 35 40
1815 74 117
1816 147 153
1817 38 87
1818 42 154
1819 118 161
1820 63 85
1821 87 179
1822 89 93
1823 76 160
1824 149 161
1825 170 173
1826 83 110
1827 121 167
1828 104 169
1829 12 18
1830 13 156
1831 123 135
1832 16 85
1833 126 176
1834 19 64
1835 41 83
1836 5 125
1837 6 133
1838 62 102
1839 64 156
1840 10 72
1841 137 141
1842 139 145
1843 103 160
1844 89 132
1845 34 82
1846 15 180
1847 35 64
1848 52 56
1849 112 168
1850 127 147
1851 23 52
1852 81 85
1853 46 143
1854 85 176
1855 32 36
1856 107 111
1857 90 173
1858 74 124
1859 110 168
1860 38 78
1861 147 158
1862 42 133
1863 60 63
1864 116 140
1865 9 129
1866 67 151
1867 16 61
1868 90 92
1869 145 148
1870 151 154
1871 8 156
1872 44 48
1873 121 168
1874 88 106
1875 16 76
1876 17 82
1877 56 83
1878 41 84
1879 150 155
1880 133 177
1881 62 105
1882 67 126
1883 89 141
1884 35 73
1885 108 164
1886 92 110
1887 127 152
1888 96 105
1889 6 15
1890 65 180
1891 28 56
1892 70 104
1893 74 103
1894 20 159
1895 39 77
1896 115 164
1897 23 162
1898 8 52
1899 44 152
1900 48 91
1901 29 87
1902 67 156
1903 32 170
1904 69 160
1905 72 81
1906 98 167
1907 8 131
1908 44 47
1909 123 149
1910 13 142
1911 16 67
1912 15 21
1913 52 159
1914 20 64
1915 67 103
1916 139 143
1917 158 178
1918 35 78
1919 127 129
1920 20 55
1921 3 25
1922 59 84
1923 24 178
1924 28 55
1925 49 158
1926 13 112
1927 106 111
1928 143 171
1929 74 110
1930 38 120
1931 39 74
1932 95 121
1933 80 121
1934 44 151
1935 7 29
1936 67 133
1937 72 88
1938 142 170
1939 36 38
1940 54 88
1941 57 159
1942 148 149
1943 78 82
1944 81 158
1945 27 102
1946 10 146
1947 46 123
1948 104 158
1949 12 63
1950 119 169
1951 51 108
1952 15 18
1953 76 92
1954 77 170
1955 130 174
1956 133 163
1957 9 109
1958 66 70
1959 12 142
1960 13 24
1961 105 161
1962 108 154
1963 127 142
1964 20 62
1965 21 168
1966 60 85
1967 8 83
1968 65 134
1969 13 105
1970 141 180
1971 71 104
1972 143 176
1973 74 105
1974 75 109
1975 113 178
1976 3 175
1977 22 153
1978 39 67
1979 80 112
1980 44 142
1981 115 178
1982 47 131
1983 69 146
1984 54 83
1985 59 132
1986 117 134
1987 10 157
1988 47 112
1989 103 119
1990 104 133
1991 106 169
1992 16 177
1993 15 27
1994 17 69
1995 20 86
1996 130 169
1997 12 133
1998 13 17
1999 30 107
2000 34 118
2001 111 132
2002 3 7
2003 59 98
2004 114 168
2005 23 88
2006 25 54
2007 32 64
2008 13 98
2009 88 157
2010 71 97
2011 18 111
2012 1 45
2013 75 98
2014 109 174
2015 3 148
2016 113 171
2017 80 119
2018 8 41
2019 99 104
2020 11 84
2021 47 136
2022 33 39
2023 16 25
2024 69 155
2025 142 180
2026 94 173
2027 117 143
2028 7 160
2029 47 121
2030 103 108
2031 17 62
2032 108 121
2033 19 101
2034 37 51
2035 76 82
2036 41 176
2037 82 169
2038 63 153
2039 135 177
2040 66 88
2041 67 90
2042 155 168
2043 86 159
2044 14 168
2045 35 101
2046 55 126
2047 96 117
2048 59 123
2049 114 163
2050 8 65
2051 64 110
2052 117 118
2053 120 123
2054 33 79
2055 14 91
2056 70 84
2057 18 102
2058 74 155
2059 57 65
2060 20 179
2061 113 172
2062 80 110
2063 44 124
2064 7 8
2065 11 77
2066 12 85
2067 47 145
2068 132 135
2069 72 77
2070 128 175
2071 1 87
2072 59 146
2073 22 26
2074 81 129
2075 117 136
2076 10 143
2077 156 162
2078 106 155
2079 33 169
2080 16 175
2081 108 112
2082 19 106
2083 24 31
2084 42 73
2085 133 158
2086 136 142
2087 10 30
2088 66 83
2089 155 161
2090 30 85
2091 86 150
2092 14 179
2093 107 168
2094 15 158
2095 1 142
2096 64 101
2097 120 130
2098 85 102
2099 33 64
2100 14 34
2101 70 79
2102 1 63
2103 2 167
2104 74 130
2105 3 130
2106 22 162
2107 39 110
2108 25 177
2109 80 101
2110 9 175
2111 63 100
2112 48 126
2113 29 52
2114 99 150
2115 100 104
2116 104 107
2117 73 74
2118 22 29
2119 5 59
2120 117 145
2121 27 66
2122 13 171
2123 16 166
2124 17 40
2125 35 130
2126 108 111
2127 19 115
2128 20 99
2129 109 119
2130 77 78
2131 42 48
2132 130 178
2133 135 167
2134 10 25
2135 83 142
2136 67 72
2137 30 92
2138 105 157
2139 72 157
2140 91 94
2141 1 135
2142 23 103
2143 117 120
2144 121 125
2145 32 85
2146 90 154
2147 71 76
2148 18 88
2149 57 83
2150 76 153
2151 3 139
2152 115 142
2153 5 147
2154 43 96
2155 171 173
2156 7 126
2157 46 47
2158 48 117
2159 129 148
2160 148 176
2161 59 160
2162 5 36
2163 6 178
2164 9 33
2165 10 177
2166 160 179
2167 16 157
2168 15 127
2169 17 33
2170 52 65
2171 109 112
2172 20 106
2173 25 97
2174 157 175
2175 175 176
2176 86 160
2177 17 178
2178 92 95
2179 164 167
2180 24 156
2181 45 175
2182 49 180
2183 32 108
2184 33 82
2185 50 58
2186 18 83
2187 1 9
2188 57 84
2189 109 146
2190 21 70
2191 146 156
2192 43 89
2193 171 172
2194 63 106
2195 48 108
2196 12 66
2197 105 109
2198 69 127
2199 124 132
2200 72 98
2201 36 72
2202 56 156
2203 97 110
2204 5 45
2205 62 86
2206 154 159
2207 30 63
2208 51 86
2209 15 68
2210 18 168
2211 35 176
2212 54 161
2213 130 132
2214 25 106
2215 6 68
2216 83 156
2217 12 160
2218 31 68
2219 14 132
2220 17 171
2221 164 174
2222 4 122
2223 97 133
2224 64 74
2225 48 148
2226 11 24
2227 49 173
2228 50 53
2229 33 107
2230 14 55
2231 122 135
2232 159 160
2233 163 165
2234 146 151
2235 4 9
2236 26 58
2237 7 108
2238 44 96
2239 11 105
2240 52 160
2241 72 105
2242 128 139
2243 19 25
2244 94 112
2245 97 103
2246 5 22
2247 98 111
2248 27 41
2249 100 148
2250 30 38
2251 52 87
2252 17 19
2253 42 45
2254 23 29
2255 43 169
2256 82 132
2257 132 175
2258 10 50
2259 157 161
2260 31 77
2261 86 178
2262 110 131
2263 25 28
2264 64 65
2265 48 139
2266 11 17
2267 49 166
2268 33 108
2269 14 62
2270 73 149
2271 163 170
2272 165 178
2273 21 72
2274 95 177
2275 152 153
2276 44 95
2277 7 101
2278 101 154
2279 11 110
2280 12 112
2281 51 55
2282 126 146
2283 128 130
2284 94 123
2285 4 135
2286 5 31
2287 22 57
2288 97 120
2289 98 102
2290 167 174
2291 156 157
2292 30 41
2293 17 20
2294 76 100
2295 130 150
2296 23 26
2297 79 169
2298 81 119
2299 108 156
2300 135 139
2301 31 74
2302 144 145
2303 17 165
2304 37 170
2305 38 40
2306 42 167
2307 26 157
2308 64 88
2309 134 138
2310 48 130
2311 140 165
2312 33 101
2313 90 126
2314 73 158
2315 78 98
2316 83 85
2317 101 131
2318 12 111
2319 69 106
2320 16 106
2321 124 145
2322 53 155
2323 36 101
2324 37 113
2325 75 130
2326 94 98
2327 126 149
2328 4 142
2329 100 154
2330 137 144
2331 172 178
2332 15 83
2333 35 167
2334 55 56
2335 59 61
2336 77 107
2337 6 41
2338 81 104
2339 63 168
2340 82 118
2341 83 179
2342 157 179
2343 68 165
2344 106 112
2345 107 130
2346 72 160
2347 17 158
2348 4 87
2349 134 141
2350 45 147
2351 11 15
2352 122 144
2353 90 121
2354 145 175
2355 110 124
2356 168 173
2357 22 88
2358 78 101
2359 95 167
2360 46 82
2361 11 156
2362 47 64
2363 69 83
2364 36 108
2365 128 144
2366 98 120
2367 100 129
2368 29 155
2369 47 49
2370 15 88
2371 19 157
2372 20 21
2373 112 132
2374 77 100
2375 81 97
2376 45 123
2377 101 110
2378 72 167
2379 35 61
2380 18 31
2381 110 148
2382 75 82
2383 40 48
2384 93 164
2385 23 153
2386 43 45
2387 116 176
2388 65 88
2389 48 176
2390 29 114
2391 51 157
2392 14 19
2393 70 156
2394 92 169
2395 165 173
2396 58 105
2397 21 99
2398 22 83
2399 78 108
2400 79 102
2401 95 172
2402 99 169
2403 121 148
2404 123 136
2405 16 88
2406 15 48
2407 17 110
2408 36 107
2409 19 53
2410 37 99
2411 126 135
2412 128 151
2413 5 10
2414 78 159
2415 119 124
2416 102 156
2417 122 125
2418 86 111
2419 34 65
2420 15 161
2421 35 85
2422 125 128
2423 20 28
2424 24 87
2425 43 149
2426 79 132
2427 82 104
2428 65 160
2429 102 111
2430 85 173
2431 31 33
2432 14 107
2433 107 112
2434 18 22
2435 74 75
2436 91 129
2437 39 161
2438 11 61
2439 14 26
2440 89 91
2441 21 108
2442 39 54
2443 79 111
2444 104 163
2445 12 20
2446 170 172
2447 52 131
2448 15 57
2449 17 103
2450 126 142
2451 75 169
2452 93 95
2453 153 154
2454 137 139
2455 123 126
2456 31 153
2457 86 102
2458 34 88
2459 89 130
2460 91 105
2461 127 149
2462 20 27
2463 24 94
2464 23 62
2465 6 18
2466 43 138
2467 66 146
2468 49 106
2469 68 146
2470 106 109
2471 141 143
2472 157 158
2473 110 166
2474 147 152
2475 3 178
2476 23 175
2477 7 49
2478 63 84
2479 11 50
2480 87 178
2481 89 92
2482 145 146
2483 54 116
2484 76 161
2485 95 146
2486 7 70
2487 27 146
2488 48 61
2489 47 95
2490 12 19
2491 13 155
2492 88 100
2493 16 86
2494 17 88
2495 123 134
2496 62 103
2497 64 157
2498 137 140
2499 139 144
2500 86 121
2501 89 139
2502 52 57
2503 108 174
2504 125 146
2505 127 146
2506 19 176
2507 112 169
2508 21 156
2509 59 89
2510 23 55
2511 43 131
2512 32 37
2513 107 110
2514 90 170
2515 38 79
2516 39 87
2517 113 142
2518 42 130
2519 116 141
2520 63 93
2521 11 43
2522 67 150
2523 16 62
2524 90 93
2525 53 87
2526 44 49
2527 51 97
2528 17 81
2529 56 84
2530 19 72
2531 150 152
2532 6 125
2533 61 136
2534 12 153
2535 87 98
2536 89 140
2537 35 72
2538 92 111
2539 112 160
2540 59 94
2541 6 12
2542 45 95
2543 46 151
2544 138 156
2545 70 105
2546 74 100
2547 38 70
2548 39 76
2549 115 167
2550 7 39
2551 67 159
2552 72 82
2553 142 160
2554 59 137
2555 83 127
2556 101 169
2557 11 177
2558 47 109
2559 16 68
2560 15 20
2561 17 74
2562 19 81
2563 42 82
2564 66 76
2565 67 102
2566 139 142
2567 13 30
2568 158 179
2569 34 101
2570 15 133
2571 91 124
2572 1 161
2573 92 102
2574 20 48
2575 3 24
2576 21 174
2577 59 87
2578 23 69
2579 6 7
2580 112 167
2581 46 158
2582 84 85
2583 32 51
2584 13 111
2585 143 170
2586 74 111
2587 75 119
2588 147 175
2589 95 120
2590 80 122
2591 44 144
2592 7 28
2593 9 178
2594 28 167
2595 48 83
2596 63 67
2597 67 132
2598 104 112
2599 16 44
2600 142 171
2601 36 39
2602 94 160
2603 59 142
2604 148 150
2605 78 83
2606 10 147
2607 46 120
2608 17 67
2609 20 72
2610 77 169
2611 6 111
2612 133 162
2613 67 111
2614 30 97
2615 13 23
2616 86 130
2617 105 160
2618 91 117
2619 20 63
2620 96 120
2621 23 66
2622 8 84
2623 26 162
2624 65 133
2625 32 74
2626 13 104
2627 141 179
2628 71 107
2629 143 179
2630 74 150
2631 75 108
2632 38 112
2633 4 32
2634 22 158
2635 95 97
2636 8 35
2637 44 143
2638 100 124
2639 118 130
2640 47 130
2641 104 119
2642 142 178
2643 53 162
2644 73 86
2645 92 131
2646 94 171
2647 41 61
2648 59 135
2649 81 150
2650 84 133
2651 47 115
2652 103 118
2653 106 150
2654 16 178
2655 15 26
2656 20 87
2657 76 84
2658 41 78
2659 42 68
2660 66 94
2661 49 62
2662 30 104
2663 13 16
2664 31 122
2665 108 146
2666 1 179
2667 3 6
2668 25 53
2669 62 146
2670 64 104
2671 13 97
2672 88 158
2673 70 82
2674 53 58
2675 18 108
2676 75 101
2677 38 107
2678 3 151
2679 113 170
2680 80 104
2681 43 124
2682 99 107
2683 7 18
2684 152 176
2685 48 65
2686 11 87
2687 47 139
2688 32 176
2689 33 38
2690 16 26
2691 69 154
2692 104 126
2693 36 85
2694 92 154
2695 105 112
2696 98 177
2697 79 81
2698 47 120
2699 103 111
2700 160 175
2701 17 61
2702 108 122
2703 19 100
2704 130 161
2705 24 25
2706 5 89
2707 42 79
2708 80 150
2709 135 176
2710 105 146
2711 86 156
2712 158 164
2713 15 144
2714 96 118
2715 59 122
2716 25 62
2717 26 180
2718 120 124
2719 28 29
2720 84 98
2721 32 88
2722 33 78
2723 14 88
2724 18 103
2725 1 37
2726 146 176
2727 38 98
2728 3 156
2729 39 112
2730 80 111
2731 43 117
2732 26 39
2733 7 11
2734 44 125
2735 48 120
2736 29 58
2737 47 144
2738 69 131
2739 16 17
2740 72 78
2741 2 92
2742 59 149
2743 22 27
2744 117 151
2745 27 76
2746 123 176
2747 16 160
2748 133 157
2749 136 143
2750 155 160
2751 105 155
2752 31 104
2753 158 175
2754 15 153
2755 55 118
2756 60 99
2757 8 73
2758 121 123
2759 84 105
2760 51 173
2761 14 35
2762 70 76
2763 90 144
2764 18 94
2765 1 62
2766 2 164
2767 38 101
2768 3 133
2769 166 174
2770 100 105
2771 63 103
2772 48 127
2773 11 69
2774 29 51
2775 104 108
2776 125 127
2777 37 83
2778 129 146
2779 131 146
2780 78 175
2781 153 161
2782 117 144
2783 84 146
2784 103 157
2785 13 170
2786 106 131
2787 17 47
2788 35 133
2789 109 118
2790 38 178
2791 113 115
2792 41 161
2793 42 49
2794 80 132
2795 130 179
2796 132 179
2797 135 166
2798 67 75
2799 105 156
2800 31 81
2801 107 160
2802 72 158
2803 111 146
2804 3 125
2805 4 117
2806 23 102
2807 26 134
2808 134 175
2809 121 124
2810 33 88
2811 14 42
2812 70 71
2813 71 79
2814 143 151
2815 146 162
2816 76 154
2817 3 138
2818 115 145
2819 26 41
2820 48 118
2821 12 68
2822 30 170
2823 68 121
2824 105 107
2825 37 92
2826 94 135
2827 5 35
2828 6 179
2829 26 88
2830 7 142
2831 61 70
2832 156 177
2833 103 154
2834 16 158
2835 17 32
2836 18 174
2837 34 40
2838 109 111
2839 113 116
2840 58 162
2841 6 66
2842 62 63
2843 66 162
2844 12 170
2845 31 94
2846 14 130
2847 72 133
2848 17 177
2849 86 161
2850 105 133
2851 175 179
2852 97 131
2853 24 157
2854 60 113
2855 120 145
2856 49 171
2857 1 8
2858 96 138
2859 168 178
2860 26 48
2861 171 175
2862 12 67
2863 105 108
2864 69 126
2865 72 99
2866 142 145
2867 36 73
2868 54 55
2869 97 109
2870 62 87
2871 9 41
2872 27 83
2873 84 160
2874 119 130
2875 30 60
2876 154 156
2877 34 35
2878 52 73
2879 130 133
2880 25 105
2881 83 159
2882 157 167
2883 12 161
2884 31 71
2885 14 133
2886 166 179
2887 17 170
2888 37 167
2889 38 63
2890 4 123
2891 97 132
2892 26 136
2893 29 109
2894 122 132
2895 32 100
2896 51 128
2897 14 52
2898 87 155
2899 73 147
2900 89 117
2901 146 148
2902 163 164
2903 58 82
2904 4 10
2905 5 132
2906 68 111
2907 69 103
2908 52 161
2909 72 106
2910 19 24
2911 59 177
2912 97 102
2913 98 108
2914 61 88
2915 62 94
2916 10 160
2917 30 39
2918 15 76
2919 17 18
2920 101 108
2921 76 110
2922 23 28
2923 82 133
2924 135 141
2925 10 51
2926 101 114
2927 157 160
2928 31 76
2929 86 179
2930 38 54
2931 111 169
2932 97 157
2933 64 66
2934 134 144
2935 48 140
2936 11 16
2937 29 102
2938 33 99
2939 14 63
2940 89 126
2941 18 66
2942 109 131
2943 163 173
2944 21 87
2945 152 154
2946 173 177
2947 12 113
2948 51 54
2949 73 101
2950 128 131
2951 94 120
2952 4 128
2953 5 30
2954 6 164
2955 22 62
2956 27 33
2957 62 65
2958 98 103
2959 100 156
2960 156 158
2961 31 164
2962 172 180
2963 16 131
2964 15 85
2965 18 155
2966 35 161
2967 19 142
2968 40 180
2969 76 101
2970 130 151
2971 132 151
2972 135 138
2973 10 58
2974 88 160
2975 144 146
2976 17 164
2977 55 83
2978 38 41
2979 97 150
2980 169 174
2981 116 163
2982 134 139
2983 48 131
2984 122 150
2985 140 166
2986 73 157
2987 83 84
2988 46 72
2989 11 102
2990 69 105
2991 17 115
2992 53 154
2993 37 112
2994 75 133
2995 97 112
2996 5 7
2997 6 159
2998 61 106
2999 62 72
3000 172 179
3001 18 146
3002 59 60
3003 77 106
3004 132 158
3005 6 46
3006 81 111
3007 83 178
3008 157 178
3009 13 88
3010 14 158
3011 31 50
3012 17 157
3013 72 161
3014 107 133
3015 75 92
3016 40 74
3017 3 94
3018 93 170
3019 42 175
3020 110 146
3021 116 170
3022 45 146
3023 65 70
3024 11 14
3025 70 154
3026 74 169
3027 2 154
3028 58 111
3029 168 174
3030 43 68
3031 7 90
3032 121 146
3033 11 159
3034 12 103
3035 94 106
3036 27 63
3037 118 124
3038 29 154
3039 47 48
3040 34 71
3041 125 134
3042 112 133
3043 20 22
3044 132 133
3045 25 69
3046 6 33
3047 82 110
3048 101 109
3049 49 127
3050 35 60
3051 91 139
3052 126 127
3053 93 163
3054 20 133
3055 97 160
3056 43 44
3057 45 139
3058 28 69
3059 122 152
3060 51 156
3061 14 16
3062 165 172
3063 21 98
3064 79 97
3065 26 31
3066 44 69
3067 83 98
3068 46 90
3069 121 155
3070 52 133
3071 15 51
3072 17 109
3073 126 132
3074 24 41
3075 5 9
3076 78 156
3077 98 112
3078 118 119
3079 15 160
3080 18 132
3081 35 84
3082 20 29
3083 40 169
3084 24 88
3085 43 148
3086 6 24
3087 82 105
3088 132 140
3089 102 108
3090 32 40
3091 13 74
3092 14 104
3093 31 32
3094 35 37
3095 18 23
3096 91 128
3097 110 156
3098 38 82
3099 3 76
3100 7 59
3101 9 149
3102 11 60
3103 89 90
3104 129 169
3105 21 107
3106 79 110
3107 26 102
3108 121 156
3109 12 21
3110 50 160
3111 68 74
3112 17 102
3113 2 31
3114 93 94
3115 77 132
3116 42 102
3117 6 128
3118 10 79
3119 102 148
3120 137 138
3121 86 103
3122 178 179
3123 125 152
3124 127 148
3125 54 156
3126 132 139
3127 23 57
3128 81 82
3129 166 172
3130 46 138
3131 102 103
3132 31 41
3133 141 142
3134 110 167
3135 38 85
3136 40 63
3137 116 135
3138 63 87
3139 1 127
3140 21 116
3141 170 171
3142 79 119
3143 8 151
3144 7 65
3145 44 59
3146 81 169
3147 11 130
3148 47 94
3149 83 112
3150 121 165
3151 19 66
3152 75 161
3153 94 95
3154 42 97
3155 5 123
3156 62 100
3157 64 158
3158 137 179
3159 89 138
3160 34 80
3161 52 58
3162 125 145
3163 3 45
3164 21 155
3165 23 54
3166 6 10
3167 25 88
3168 43 130
3169 28 35
3170 138 146
3171 32 38
3172 90 171
3173 143 167
3174 74 122
3175 75 120
3176 20 146
3177 38 76
3178 39 86
3179 42 131
3180 95 117
3181 8 15
3182 110 174
3183 116 142
3184 11 42
3185 67 153
3186 16 63
3187 53 86
3188 26 104
3189 27 106
3190 121 174
3191 71 157
3192 24 62
3193 42 104
3194 150 153
3195 62 111
3196 10 113
3197 30 116
3198 34 107
3199 35 75
3200 92 104
3201 20 42
3202 24 173
3203 79 146
3204 28 58
3205 46 148
3206 49 155
3207 143 172
3208 74 101
3209 38 71
3210 44 154
3211 99 119
3212 67 158
3213 72 83
3214 59 136
3215 117 178
3216 27 99
3217 83 126
3218 46 118
3219 51 105
3220 16 69
3221 15 23
3222 71 154
3223 20 66
3224 41 67
3225 77 175
3226 67 105
3227 13 29
3228 89 148
3229 34 98
3230 108 157
3231 127 131
3232 92 103
3233 158 176
3234 111 112
3235 96 98
3236 60 88
3237 23 68
3238 65 131
3239 84 86
3240 13 110
3241 70 97
3242 53 55
3243 74 108
3244 20 160
3245 21 30
3246 39 68
3247 95 123
3248 8 61
3249 7 31
3250 9 177
3251 44 145
3252 47 132
3253 99 124
3254 118 136
3255 142 168
3256 53 88
3257 92 133
3258 57 157
3259 148 151
3260 59 129
3261 78 80
3262 46 121
3263 11 169
3264 47 117
3265 13 133
3266 104 128
3267 77 168
3268 6 108
3269 66 68
3270 67 110
3271 105 167
3272 13 22
3273 35 121
3274 127 136
3275 92 126
3276 55 106
3277 96 121
3278 59 111
3279 60 87
3280 25 51
3281 8 85
3282 138 143
3283 32 75
3284 13 103
3285 141 178
3286 70 88
3287 71 106
3288 90 132
3289 143 178
3290 75 111
3291 20 175
3292 21 39
3293 22 159
3294 95 96
3295 115 180
3296 8 36
3297 7 20
3298 44 136
3299 99 101
3300 47 141
3301 104 120
3302 142 179
3303 53 161
3304 94 168
3305 41 60
3306 4 176
3307 59 134
3308 8 179
3309 11 174
3310 12 48
3311 17 59
3312 42 69
3313 5 95
3314 137 175
3315 49 61
3316 105 168
3317 13 15
3318 14 167
3319 31 101
3320 86 154
3321 127 177
3322 1 178
3323 92 117
3324 158 162
3325 3 9
3326 114 166
3327 25 52
3328 64 105
3329 84 100
3330 13 96
3331 88 159
3332 70 83
3333 53 57
3334 90 143
3335 1 35
3336 74 158
3337 38 104
3338 21 32
3339 4 40
3340 22 150
3341 43 127
3342 75 100
3343 99 106
3344 63 112
3345 11 86
3346 47 138
3347 104 127
3348 33 37
3349 16 27
3350 69 153
3351 79 80
3352 7 162
3353 11 167
3354 12 47
3355 47 123
3356 103 110
3357 106 158
3358 24 26
3359 136 137
3360 45 49
3361 63 155
3362 66 86
3363 67 92
3364 30 80
3365 83 130
3366 86 157
3367 135 179
3368 37 130
3369 23 83
3370 8 67
3371 62 154
3372 134 178
3373 28 30
3374 138 177
3375 140 141
3376 33 77
3377 70 74
3378 109 165
3379 74 153
3380 38 99
3381 5 175
3382 44 126
3383 7 10
3384 48 121
3385 29 57
3386 12 87
3387 50 158
3388 69 130
3389 16 18
3390 34 164
3391 72 79
3392 105 120
3393 129 152
3394 59 148
3395 22 24
3396 8 161
3397 7 155
3398 10 141
3399 26 87
3400 109 124
3401 37 58
3402 20 102
3403 5 65
3404 136 176
3405 67 69
3406 105 154
3407 31 107
3408 107 170
3409 144 176
3410 35 108
3411 108 129
3412 111 148
3413 39 155
3414 117 125
3415 65 111
3416 121 122
3417 84 106
3418 32 80
3419 33 70
3420 14 32
3421 90 145
3422 71 81
3423 163 176
3424 1 61
3425 3 132
3426 22 160
3427 39 104
3428 43 109
3429 44 117
3430 100 106
3431 63 102
3432 11 68
3433 29 50
3434 47 152
3435 104 109
3436 125 126
3437 54 58
3438 37 82
3439 55 168
3440 27 68
3441 30 51
3442 103 156
3443 106 128
3444 38 179
3445 113 114
3446 130 176
3447 42 62
3448 67 74
3449 105 131
3450 72 159
3451 37 180
3452 40 104
3453 111 157
3454 48 152
3455 32 87
3456 71 78
3457 18 86
3458 58 65
3459 3 141
3460 4 5
3461 76 155
3462 26 54
3463 63 111
3464 11 125
3465 105 106
3466 68 122
3467 142 143
3468 36 67
3469 55 161
3470 93 110
3471 94 132
3472 131 154
3473 4 148
3474 5 34
3475 6 176
3476 8 175
3477 9 39
3478 97 107
3479 84 154
3480 156 178
3481 30 58
3482 13 162
3483 51 83
3484 34 41
3485 17 39
3486 18 175
3487 109 110
3488 130 139
3489 25 103
3490 6 67
3491 83 153
3492 85 133
3493 105 132
3494 157 173
3495 175 178
3496 18 62
3497 111 154
3498 97 130
3499 24 158
3500 120 146
3501 32 110
3502 33 80
3503 50 56
3504 146 154
3505 58 72
3506 76 146
3507 168 179
3508 43 91
3509 171 174
3510 101 150
3511 124 134
3512 72 100
3513 4 147
3514 97 108
3515 61 94
3516 62 84
3517 9 40
3518 154 157
3519 84 161
3520 30 61
3521 103 146
3522 33 178
3523 51 88
3524 15 70
3525 19 131
3526 58 170
3527 76 112
3528 83 158
3529 12 162
3530 31 70
3531 91 174
3532 164 168
3533 40 86
3534 4 100
3535 29 108
3536 32 101
3537 50 51
3538 14 53
3539 51 131
3540 90 106
3541 159 162
3542 146 149
3543 163 167
3544 58 83
3545 21 77
3546 43 80
3547 26 56
3548 7 110
3549 143 180
3550 11 107
3551 68 104
3552 69 102
3553 16 126
3554 52 162
3555 72 107
3556 113 168
3557 37 77
3558 75 150
3559 93 96
3560 59 176
3561 94 118
3562 97 101
3563 6 162
3564 61 87
3565 98 109
3566 100 150
3567 167 179
3568 30 36
3569 76 111
3570 42 43
3571 23 31
3572 135 140
3573 13 37
3574 91 167
3575 110 129
3576 37 175
3577 55 85
3578 97 156
3579 23 140
3580 116 165
3581 64 67
3582 11 19
3583 29 101
3584 49 164
3585 122 140
3586 90 117
3587 73 155
3588 18 67
3589 1 25
3590 109 130
3591 110 112
3592 21 86
3593 145 179
3594 163 172
3595 43 73
3596 44 89
3597 7 103
3598 173 176
3599 121 135
3600 51 57
3601 69 111
3602 15 39
3603 126 144
3604 128 132
3605 94 121
3606 41 115
3607 4 129
3608 22 63
3609 98 100
3610 62 70
3611 167 168
3612 156 159
3613 103 128
3614 31 167
3615 86 88
3616 16 132
3617 15 84
3618 52 88
3619 89 164
3620 55 61
3621 76 102
3622 77 112
3623 130 148
3624 10 59
3625 31 52
3626 88 161
3627 106 119
3628 169 173
3629 43 49
3630 26 155
3631 62 160
3632 65 76
3633 48 132
3634 116 172
3635 122 151
3636 32 115
3637 134 136
3638 140 167
3639 70 160
3640 73 156
3641 90 124
3642 145 180
3643 58 101
3644 96 144
3645 170 180
3646 83 87
3647 46 73
3648 11 153
3649 12 105
3650 47 69
3651 124 147
3652 16 108
3653 52 176
3654 126 155
3655 75 132
3656 94 96
3657 4 136
3658 5 6
3659 22 54
3660 61 105
3661 78 147
3662 97 119
3663 100 132
3664 118 122
3665 89 173
3666 34 77
3667 35 169
3668 125 140
3669 55 58
3670 3 48
3671 59 63
3672 77 105
3673 6 47
3674 81 110
3675 155 157
3676 49 69
3677 13 87
3678 14 159
3679 31 61
3680 35 54
3681 107 132
3682 116 171
3683 65 69
3684 87 161
3685 70 155
3686 1 107
3687 92 172
3688 58 108
3689 96 151
3690 168 175
3691 78 107
3692 25 157
3693 121 145
3694 11 158
3695 68 69
3696 16 99
3697 15 53
3698 17 107
3699 126 130
3700 37 120
3701 128 146
3702 5 15
3703 6 151
3704 62 112
3705 27 62
3706 78 154
3707 66 111
3708 29 153
3709 100 131
3710 86 106
3711 87 88
3712 125 133
3713 19 159
3714 20 23
3715 77 98
3716 81 103
3717 82 111
3718 10 45
3719 66 158
3720 49 126
3721 85 162
3722 31 58
3723 14 102
3724 72 169
3725 35 63
3726 91 138
3727 74 78
3728 102 106
3729 38 88
3730 42 151
3731 43 47
3732 116 178
3733 7 61
3734 9 147
3735 45 138
3736 48 178
3737 51 159
3738 14 17
3739 70 146
3740 145 166
3741 92 171
3742 165 171
3743 96 174
3744 26 28
3745 44 70
3746 46 91
3747 12 31
3748 124 161
3749 16 90
3750 17 108
3751 126 133
3752 56 65
3753 37 97
3754 55 155
3755 24 42
3756 5 8
3757 6 142
3758 78 157
3759 10 69
3760 102 146
3761 29 146
3762 122 123
3763 86 109
3764 52 53
3765 35 87
3766 18 133
3767 114 145
3768 43 151
3769 82 102
3770 46 128
3771 102 109
3772 32 41
3773 31 35
3774 14 105
3775 90 166
3776 35 36
3777 18 20
3778 110 157
3779 75 77
3780 38 83
3781 147 149
3782 45 131
3783 65 87
3784 11 63
3785 14 24
3786 70 149
3787 54 115
3788 1 101
3789 21 106
3790 95 151
3791 114 115
3792 79 105
3793 149 165
3794 83 106
3795 12 22
3796 17 101
3797 126 140
3798 37 106
3799 2 28
3800 42 103
3801 6 129
3802 62 98
3803 10 76
3804 66 97
3805 125 151
3806 35 92
3807 127 151
3808 54 157
3809 19 173
3810 24 160
3811 23 56
3812 25 86
3813 43 140
3814 82 97
3815 13 66
3816 31 40
3817 106 107
3818 74 112
3819 147 154
3820 38 74
3821 39 88
3822 97 177
3823 42 153
3824 8 9
3825 63 86
3826 67 147
3827 36 52
3828 39 41
3829 8 152
3830 7 64
3831 26 110
3832 48 63
3833 11 133
3834 12 13
3835 13 153
3836 47 89
3837 16 72
3838 17 94
3839 88 102
3840 121 164
3841 123 152
3842 41 80
3843 24 56
3844 42 110
3845 137 178
3846 139 146
3847 12 156
3848 89 137
3849 34 81
3850 108 168
3851 91 96
3852 125 144
3853 112 171
3854 21 154
3855 6 11
3856 65 176
3857 46 146
3858 32 39
3859 90 168
3860 74 123
3861 38 77
3862 116 143
3863 28 83
3864 11 45
3865 67 152
3866 16 48
3867 90 91
3868 53 85
3869 73 161
3870 27 109
3871 46 108
3872 121 173
3873 17 87
3874 71 156
3875 56 86
3876 19 74
3877 24 63
3878 150 158
3879 100 167
3880 12 155
3881 86 118
3882 89 146
3883 34 104
3884 108 167
3885 91 121
3886 92 105
3887 127 133
3888 79 157
3889 68 130
3890 70 111
3891 143 175
3892 74 98
3893 75 112
3894 3 162
3895 39 78
3896 42 139
3897 99 118
3898 7 33
3899 48 94
3900 29 84
3901 72 84
3902 142 166
3903 36 58
3904 1 72
3905 129 179
3906 59 139
3907 81 154
3908 9 24
3909 11 179
3910 33 130
3911 16 70
3912 15 22
3913 17 72
3914 52 154
3915 19 83
3916 38 157
3917 126 161
3918 41 66
3919 77 174
3920 61 159
3921 100 174
3922 12 146
3923 13 28
3924 158 177
3925 91 126
3926 127 130
3927 59 105
3928 79 154
3929 28 50
3930 46 156
3931 84 87
3932 13 109
3933 70 102
3934 53 54
3935 71 108
3936 74 109
3937 75 105
3938 20 161
3939 21 29
3940 4 59
3941 5 179
3942 39 71
3943 44 146
3944 100 119
3945 116 157
3946 11 91
3947 47 135
3948 1 65
3949 2 113
3950 57 156
3951 59 128
3952 92 134
3953 78 81
3954 94 166
3955 7 175
3956 46 126
3957 104 129
3958 33 155
3959 15 31
3960 19 88
3961 133 160
3962 66 69
3963 67 81
3964 105 166
3965 13 21
3966 35 120
3967 127 139
3968 92 127
3969 162 167
3970 96 122
3971 59 110
3972 60 80
3973 25 50
3974 8 86
3975 26 160
3976 114 172
3977 84 94
3978 32 76
3979 13 102
3980 14 76
3981 90 133
3982 71 101
3983 141 177
3984 75 110
3985 3 144
3986 22 156
3987 43 121
3988 99 100
3989 7 23
3990 47 140
3991 104 121
3992 33 35
3993 69 159
3994 142 176
3995 53 160
3996 36 40
3997 54 86
3998 4 177
3999 81 148
4000 9 10
4001 10 152
4002 156 175
4003 47 125
4004 12 49
4005 103 112
4006 106 148
4007 17 58
4008 19 97
4009 41 76
4010 42 66
4011 133 169
4012 102 168
4013 67 86
4014 30 110
4015 13 14
4016 14 164
4017 86 155
4018 105 175
4019 127 176
4020 1 177
4021 3 8
4022 59 103
4023 114 167
4024 23 85
4025 62 144
4026 140 151
4027 33 75
4028 14 87
4029 90 140
4030 53 56
4031 18 106
4032 71 98
4033 74 159
4034 75 103
4035 21 47
4036 109 171
4037 80 106
4038 43 126
4039 44 128
4040 7 12
4041 99 109
4042 100 101
4043 11 73
4044 166 178
4045 32 178
4046 33 36
4047 34 170
4048 72 73
4049 36 87
4050 1 83
4051 94 144
4052 117 140
4053 7 157
4054 10 131
4055 84 142
4056 47 122
4057 103 105
4058 127 128
4059 160 161
4060 20 88
4061 76 77
4062 24 27
4063 133 146
4064 136 138
4065 135 178
4066 83 133
4067 155 173
4068 14 175
4069 15 146
4070 1 138
4071 25 60
4072 26 178
4073 64 97
4074 28 31
4075 140 142
4076 33 76
4077 70 75
4078 90 151
4079 1 59
4080 2 171
4081 3 158
4082 21 40
4083 80 97
4084 115 133
4085 44 127
4086 100 108
4087 48 122
4088 11 78
4089 29 56
4090 47 146
4091 33 61
4092 16 19
4093 72 112
4094 53 178
4095 1 84
4096 2 90
4097 59 151
4098 22 25
4099 5 63
4100 151 176
4101 8 162
4102 7 154
4103 10 138
4104 26 84
4105 123 178
4106 16 162
4107 15 106
4108 109 123
4109 20 103
4110 58 158
4111 77 82
4112 133 155
4113 136 177
4114 135 171
4115 10 29
4116 155 162
4117 67 68
4118 30 88
4119 31 106
4120 158 173
4121 72 153
4122 15 155
4123 108 130
4124 39 154
4125 59 117
4126 117 124
4127 89 96
4128 109 157
4129 163 179
4130 2 162
4131 58 71
4132 76 157
4133 4 31
4134 5 151
4135 22 161
4136 44 118
4137 80 88
4138 99 155
4139 100 107
4140 104 110
4141 118 149
4142 171 179
4143 33 54
4144 73 79
4145 7 147
4146 84 156
4147 29 162
4148 30 48
4149 106 129
4150 54 170
4151 20 110
4152 130 177
4153 42 63
4154 5 73
4155 6 73
4156 67 77
4157 105 130
4158 31 83
4159 175 180
4160 1 132
4161 3 127
4162 62 133
4163 45 179
4164 65 103
4165 120 140
4166 32 104
4167 51 180
4168 14 40
4169 71 73
4170 143 145
4171 166 167
4172 4 6
4173 26 55
4174 12 70
4175 124 136
4176 36 76
4177 55 160
4178 56 152
4179 94 133
4180 128 176
4181 97 106
4182 5 33
4183 6 177
4184 9 38
4185 84 155
4186 103 148
4187 51 82
4188 16 144
4189 34 38
4190 25 102
4191 6 64
4192 66 160
4193 30 74
4194 158 159
4195 18 63
4196 91 168
4197 38 58
4198 40 80
4199 97 129
4200 48 144
4201 32 111
4202 33 87
4203 50 57
4204 87 156
4205 90 96
4206 146 155
4207 76 147
4208 21 67
4209 168 180
4210 43 90
4211 46 53
4212 124 135
4213 72 101
4214 36 75
4215 19 21
4216 94 140
4217 97 99
4218 84 162
4219 30 34
4220 31 176
4221 15 65
4222 18 167
4223 19 130
4224 130 131
4225 25 111
4226 6 59
4227 10 54
4228 83 161
4229 101 119
4230 30 77
4231 13 43
4232 31 65
4233 17 168
4234 164 169
4235 40 87
4236 4 101
4237 97 154
4238 48 151
4239 33 104
4240 89 123
4241 159 173
4242 163 166
4243 1 7
4244 5 130
4245 26 57
4246 7 105
4247 48 102
4248 177 179
4249 50 131
4250 16 127
4251 72 108
4252 73 98
4253 19 26
4254 59 179
4255 97 100
4256 98 106
4257 61 86
4258 62 92
4259 9 80
4260 167 178
4261 30 37
4262 18 158
4263 76 104
4264 41 154
4265 25 112
4266 63 167
4267 101 112
4268 135 143
4269 31 78
4270 14 146
4271 86 177
4272 18 49
4273 74 82
4274 55 84
4275 169 171
4276 116 166
4277 64 68
4278 11 18
4279 87 146
4280 89 124
4281 73 154
4282 18 64
4283 74 165
4284 145 178
4285 21 85
4286 44 90
4287 7 102
4288 173 175
4289 121 134
4290 30 157
4291 68 80
4292 51 56
4293 69 110
4294 17 120
4295 53 159
4296 124 149
4297 126 145
4298 128 133
4299 94 126
4300 77 158
4301 4 130
4302 98 101
4303 6 154
4304 61 111
4305 167 171
4306 176 177
4307 103 131
4308 16 133
4309 15 87
4310 76 103
4311 77 111
4312 132 145
4313 83 175
4314 49 67
4315 85 159
4316 13 93
4317 3 91
4318 4 107
4319 97 148
4320 43 48
4321 169 172
4322 134 137
4323 65 67
4324 32 116
4325 70 161
4326 90 125
4327 74 172
4328 2 129
4329 110 120
4330 96 145
4331 168 169
4332 83 86
4333 46 78
4334 121 143
4335 12 106
4336 69 87
4337 73 108
4338 77 151
4339 4 137
4340 97 118
4341 98 124
4342 100 133
4343 118 123
4344 172 173
4345 29 159
4346 31 175
4347 34 74
4348 125 139
4349 18 144
4350 21 133
4351 59 62
4352 77 104
4353 43 152
4354 81 109
4355 114 156
4356 45 127
4357 132 152
4358 102 112
4359 49 68
4360 68 160
4361 13 86
4362 14 156
4363 155 156
4364 18 35
4365 93 168
4366 23 157
4367 64 82
4368 65 68
4369 33 115
4370 14 15
4371 70 152
4372 87 160
4373 92 173
4374 21 103
4375 39 61
4376 98 132
4377 25 156
4378 115 116
4379 7 84
4380 121 144
4381 68 70
4382 15 52
4383 17 106
4384 126 131
4385 19 49
4386 2 11
4387 37 103
4388 55 157
4389 42 114
4390 5 14
4391 6 148
4392 78 155
4393 98 119
4394 29 152
4395 125 132
4396 35 81
4397 19 158
4398 77 97
4399 24 83
4400 43 145
4401 6 39
4402 81 102
4403 82 108
4404 101 107
4405 102 107
4406 49 125
4407 50 69
4408 31 37
4409 14 103
4410 85 161
4411 18 26
4412 74 79
4413 4 89
4414 23 154
4415 43 46
4416 116 179
4417 45 137
4418 51 158
4419 14 22
4420 70 147
4421 145 165
4422 1 99
4423 57 126
4424 92 164
4425 21 96
4426 22 86
4427 149 155
4428 79 99
4429 26 29
4430 27 153
4431 83 100
4432 165 170
4433 47 74
4434 16 91
4435 15 61
4436 17 99
4437 126 138
4438 55 154
4439 41 101
4440 119 121
4441 66 103
4442 47 59
4443 86 98
4444 52 54
4445 15 162
4446 114 142
4447 132 142
4448 79 129
4449 82 103
4450 85 170
4451 68 150
4452 31 34
4453 35 39
4454 18 21
4455 74 118
4456 75 76
4457 20 142
4458 38 80
4459 147 148
4460 65 86
4461 11 62
4462 92 163
4463 21 105
4464 170 174
4465 79 104
4466 8 146
4467 44 62
4468 12 23
4469 13 159
4470 15 58
4471 17 100
4472 56 73
4473 19 63
4474 37 105
4475 71 169
4476 126 141
4477 24 50
4478 42 100
4479 153 159
4480 62 99
4481 100 178
4482 31 154
4483 87 105
4484 34 87
4485 89 135
4486 24 161
4487 43 143
4488 66 145
4489 49 111
4490 32 33
4491 90 174
4492 35 44
4493 38 75
4494 8 10
4495 7 50
4496 48 161
4497 67 146
4498 21 114
4499 39 40
4500 151 153
4501 8 153
4502 12 14
4503 88 103
4504 17 93
4505 19 68
4506 41 87
4507 24 57
4508 42 111
4509 133 180
4510 62 106
4511 10 116
4512 137 177
4513 12 157
4514 30 115
4515 86 124
4516 87 102
4517 15 176
4518 91 99
4519 105 178
4520 108 169
4521 3 47
4522 21 153
4523 60 68
4524 43 132
4525 6 8
4526 138 144
4527 68 132
4528 88 133
4529 91 144
4530 74 120
4531 20 156
4532 39 80
4533 23 161
4534 99 112
4535 63 94
4536 48 88
4537 67 155
4538 16 49
4539 53 84
4540 54 66
4541 1 118
4542 98 168
4543 8 128
4544 104 148
4545 16 64
4546 17 86
4547 52 156
4548 56 87
4549 19 77
4550 20 69
4551 41 88
4552 61 133
4553 27 29
4554 10 127
4555 100 160
4556 102 132
4557 35 77
4558 91 120
4559 92 106
4560 108 160
4561 127 132
4562 24 175
4563 46 154
4564 68 131
4565 13 115
4566 14 67
4567 70 108
4568 74 99
4569 20 155
4570 39 73
4571 4 61
4572 95 124
4573 8 56
4574 44 148
4575 99 121
4576 48 95
4577 29 83
4578 142 167
4579 54 69
4580 59 138
4581 78 79
4582 117 176
4583 7 177
4584 10 151
4585 11 178
4586 12 60
4587 15 17
4588 19 82
4589 20 76
4590 41 65
4591 77 173
4592 133 166
4593 67 107
4594 13 27
4595 86 142
4596 15 134
4597 162 173
4598 92 97
4599 55 111
4600 20 51
4601 114 178
4602 23 70
