1 147 176
2 80 125
3 100 112
4 29 44
5 104 115
6 33 41
7 123 174
8 52 98
9 19 91
10 76 88
11 80 155
12 137 164
13 85 87
14 109 177
15 99 103
16 61 63
17 112 121
18 41 179
19 40 117
20 3 11
21 60 104
22 26 168
23 64 107
24 46 175
25 140 144
26 141 169
27 93 144
28 22 148
29 16 29
30 36 80
31 79 82
32 26 74
33 103 104
34 45 47
35 83 132
36 135 173
37 49 52
38 31 108
39 35 105
40 55 122
41 45 64
42 49 133
43 25 172
44 72 113
45 129 158
46 148 174
47 81 133
48 77 81
49 24 99
50 63 130
51 10 26
52 67 71
53 91 93
54 24 146
55 138 166
56 90 159
57 57 78
58 80 89
59 63 96
60 29 48
61 104 111
62 33 53
63 5 39
64 160 176
65 52 70
66 15 114
67 18 178
68 109 115
69 19 119
70 42 60
71 86 173
72 65 102
73 71 72
74 18 84
75 4 7
76 61 67
77 64 169
78 27 95
79 84 164
80 88 95
81 41 175
82 61 180
83 144 160
84 40 81
85 64 119
86 50 54
87 22 176
88 46 58
89 50 137
90 73 120
91 36 116
92 93 101
93 22 35
94 97 98
95 154 155
96 35 180
97 79 167
98 68 180
99 31 64
100 55 94
101 25 31
102 45 164
103 120 155
104 163 169
105 1 6
106 96 132
107 44 92
108 7 104
109 72 109
110 128 143
111 58 179
112 24 127
113 43 173
114 81 114
115 43 58
116 29 99
117 67 176
118 90 115
119 53 109
120 110 118
121 43 75
122 56 174
123 167 170
124 5 27
125 62 68
126 29 133
127 52 90
128 76 96
129 132 146
130 75 88
131 65 66
132 28 114
133 145 170
134 165 167
135 47 71
136 75 134
137 47 52
138 112 129
139 41 139
140 23 47
141 155 159
142 50 75
143 17 146
144 93 167
145 97 172
146 64 83
147 70 153
148 2 153
149 50 173
150 16 101
151 126 128
152 2 8
153 35 80
154 25 74
155 102 104
156 49 124
157 31 36
158 44 177
159 48 180
160 92 165
161 58 117
162 96 160
163 149 154
164 44 64
165 77 136
166 24 91
167 43 137
168 147 151
169 39 93
170 29 71
171 67 172
172 53 65
173 56 74
174 80 176
175 137 143
176 89 134
177 52 62
178 56 57
179 28 39
180 32 34
181 113 137
182 42 135
183 8 11
184 95 158
185 151 152
186 47 91
187 13 151
188 3 46
189 60 69
190 50 111
191 13 121
192 88 134
193 74 121
194 40 41
195 36 61
196 154 160
197 46 114
198 121 179
199 16 65
200 150 156
201 139 141
202 35 76
203 96 110
204 25 38
205 45 91
206 81 152
207 77 172
208 6 104
209 67 106
210 30 98
211 125 160
212 162 170
213 114 179
214 80 126
215 100 113
216 29 43
217 104 116
218 52 99
219 15 25
220 19 90
221 76 89
222 42 89
223 136 158
224 137 171
225 66 67
226 86 134
227 8 88
228 65 153
229 85 86
230 32 78
231 109 176
232 75 96
233 38 116
234 99 102
235 47 142
236 131 163
237 61 62
238 47 127
239 71 133
240 112 122
241 41 178
242 61 175
243 40 118
244 3 10
245 60 105
246 64 108
247 46 172
248 141 168
249 70 86
250 3 155
251 36 81
252 79 93
253 103 107
254 45 46
255 139 169
256 31 111
257 55 117
258 115 135
259 25 179
260 44 121
261 105 125
262 68 119
263 128 164
264 148 175
265 20 97
266 77 80
267 67 70
268 30 94
269 105 159
270 91 92
271 134 168
272 138 167
273 87 136
274 90 156
275 76 159
276 80 90
277 43 110
278 63 99
279 160 177
280 52 71
281 18 179
282 109 114
283 113 119
284 42 61
285 86 162
286 142 146
287 61 66
288 64 170
289 27 94
290 84 165
291 51 84
292 37 41
293 41 174
294 61 179
295 13 48
296 144 161
297 164 172
298 64 72
299 50 55
300 70 178
301 74 177
302 22 177
303 46 59
304 12 127
305 50 134
306 73 127
307 22 32
308 31 178
309 79 166
310 31 67
311 72 176
312 55 89
313 25 30
314 120 156
315 48 137
316 163 168
317 1 5
318 58 94
319 44 93
320 7 107
321 72 110
322 58 176
323 24 64
324 43 172
325 43 61
326 134 148
327 29 98
328 67 179
329 33 103
330 87 172
331 53 108
332 110 119
333 43 74
334 52 180
335 56 175
336 62 69
337 137 146
338 86 95
339 52 91
340 19 146
341 132 147
342 75 91
343 8 16
344 51 146
345 165 166
346 95 165
347 47 70
348 41 121
349 98 122
350 27 58
351 118 121
352 47 55
353 23 46
354 155 158
355 50 72
356 107 121
357 141 159
358 93 166
359 69 94
360 126 129
361 55 159
362 2 9
363 35 83
364 59 73
365 25 73
366 102 105
367 49 115
368 31 39
369 72 172
370 44 178
371 45 135
372 11 59
373 54 127
374 92 166
375 58 114
376 96 161
377 115 127
378 149 153
379 44 65
380 68 79
381 67 113
382 20 25
383 81 93
384 90 165
385 9 153
386 29 70
387 67 175
388 87 176
389 53 64
390 76 167
391 62 97
392 137 142
393 86 123
394 89 133
395 52 63
396 56 58
397 28 32
398 32 35
399 14 119
400 8 12
401 28 87
402 151 155
403 47 90
404 88 105
405 41 85
406 3 17
407 60 70
408 23 50
409 46 145
410 50 108
411 93 138
412 40 42
413 73 166
414 36 62
415 79 120
416 26 116
417 154 161
418 83 125
419 150 157
420 139 140
421 35 79
422 25 37
423 45 90
424 115 170
425 152 160
426 116 145
427 7 34
428 54 91
429 92 138
430 11 180
431 10 100
432 67 109
433 30 99
434 20 61
435 114 176
436 143 177
437 147 178
438 80 127
439 100 114
440 63 78
441 29 42
442 104 117
443 33 47
444 57 161
445 52 108
446 42 70
447 80 157
448 136 159
449 86 135
450 71 102
451 109 175
452 113 180
453 8 40
454 99 105
455 47 137
456 94 172
457 131 162
458 51 123
459 17 63
460 108 120
461 112 123
462 41 177
463 61 174
464 155 169
465 40 119
466 3 13
467 60 106
468 117 119
469 64 109
470 46 173
471 141 167
472 12 84
473 36 82
474 2 94
475 79 92
476 103 106
477 36 161
478 135 175
479 83 134
480 31 110
481 55 116
482 59 113
483 21 53
484 25 178
485 105 124
486 72 115
487 148 168
488 78 169
489 7 151
490 58 157
491 77 79
492 67 73
493 91 95
494 39 151
495 24 148
496 134 169
497 33 90
498 90 157
499 143 149
500 76 152
501 39 100
502 80 91
503 43 97
504 171 180
505 9 34
506 52 64
507 15 124
508 18 176
509 113 118
510 42 58
511 86 163
512 8 117
513 85 105
514 14 47
515 71 74
516 18 82
517 146 159
518 99 133
519 47 173
520 142 147
521 131 158
522 61 65
523 84 166
524 51 87
525 17 27
526 61 178
527 144 162
528 164 173
529 64 73
530 50 52
531 70 179
532 26 61
533 46 56
534 50 135
535 69 121
536 93 99
537 22 33
538 31 66
539 72 177
540 25 29
541 1 4
542 58 95
543 25 142
544 44 94
545 68 84
546 128 129
547 30 40
548 54 178
549 58 177
550 24 65
551 43 175
552 43 60
553 67 178
554 87 175
555 53 107
556 110 116
557 43 77
558 15 35
559 56 176
560 5 25
561 62 74
562 9 94
563 86 92
564 89 168
565 132 156
566 18 39
567 75 90
568 8 17
569 62 164
570 145 168
571 99 161
572 47 65
573 94 100
574 98 123
575 27 61
576 47 54
577 23 41
578 50 73
579 88 172
580 107 120
581 141 158
582 93 165
583 40 79
584 3 69
585 64 85
586 73 137
587 83 96
588 69 93
589 126 134
590 55 158
591 2 6
592 103 178
593 31 145
594 35 82
595 59 72
596 25 72
597 79 133
598 102 110
599 31 38
600 44 179
601 11 58
602 92 167
603 58 115
604 96 162
605 149 152
606 44 66
607 68 72
608 77 134
609 24 46
610 20 26
611 6 29
612 81 92
613 157 159
614 90 162
615 91 135
616 147 153
617 39 95
618 29 69
619 67 174
620 53 79
621 123 135
622 42 99
623 137 141
624 86 120
625 52 56
626 15 180
627 56 59
628 19 177
629 65 179
630 28 33
631 85 176
632 32 36
633 8 13
634 28 80
635 94 177
636 95 152
637 151 154
638 47 101
639 75 164
640 61 137
641 64 147
642 3 16
643 60 71
644 50 109
645 13 119
646 74 103
647 40 43
648 3 161
649 36 63
650 117 180
651 126 162
652 139 143
653 12 151
654 31 117
655 35 78
656 92 101
657 59 84
658 25 36
659 49 158
660 116 146
661 7 29
662 148 149
663 78 82
664 58 134
665 67 108
666 34 127
667 162 168
668 91 114
669 114 177
670 90 134
671 9 180
672 63 73
673 100 115
674 29 41
675 104 118
676 57 160
677 15 27
678 56 104
679 76 91
680 42 71
681 86 132
682 32 64
683 71 97
684 109 174
685 38 106
686 113 171
687 99 104
688 94 173
689 131 165
690 27 116
691 47 121
692 108 121
693 41 176
694 61 173
695 155 168
696 3 12
697 60 107
698 117 118
699 64 110
700 46 178
701 140 147
702 141 166
703 26 38
704 22 26
705 26 73
706 135 174
707 55 119
708 120 130
709 115 137
710 25 177
711 68 113
712 34 161
713 129 147
714 148 169
715 78 174
716 20 99
717 77 78
718 10 25
719 67 72
720 91 94
721 134 174
722 138 165
723 90 154
724 143 148
725 76 153
726 43 96
727 63 109
728 53 135
729 160 179
730 52 65
731 18 177
732 109 112
733 113 117
734 42 59
735 86 160
736 28 105
737 47 172
738 75 159
739 61 64
740 64 172
741 27 80
742 51 86
743 17 26
744 41 172
745 61 177
746 144 163
747 17 171
748 97 133
749 64 74
750 50 53
751 70 176
752 46 57
753 16 124
754 93 98
755 22 38
756 97 103
757 79 160
758 135 146
759 49 85
760 31 77
761 72 178
762 55 91
763 25 28
764 120 158
765 11 17
766 159 169
767 163 170
768 1 27
769 58 92
770 96 135
771 152 153
772 7 101
773 128 130
774 54 179
775 77 114
776 43 174
777 81 119
778 43 63
779 134 138
780 87 174
781 90 126
782 110 117
783 56 177
784 86 93
785 89 175
786 18 149
787 66 137
788 85 155
789 14 153
790 75 93
791 42 174
792 65 71
793 95 167
794 47 64
795 41 127
796 98 120
797 61 100
798 64 136
799 27 60
800 47 49
801 23 40
802 50 70
803 107 123
804 141 157
805 17 151
806 93 164
807 40 48
808 3 68
809 64 86
810 22 83
811 26 30
812 46 85
813 69 92
814 126 135
815 55 153
816 2 7
817 35 85
818 25 79
819 79 132
820 102 111
821 49 113
822 68 171
823 31 33
824 72 174
825 45 133
826 54 125
827 92 160
828 96 163
829 149 167
830 78 119
831 44 67
832 68 73
833 77 133
834 24 47
835 67 115
836 34 88
837 125 153
838 6 18
839 81 83
840 157 158
841 91 134
842 110 166
843 147 152
844 39 94
845 63 84
846 29 68
847 53 78
848 39 47
849 123 134
850 42 96
851 5 124
852 137 140
853 52 57
854 56 60
855 19 176
856 28 34
857 32 37
858 38 79
859 8 14
860 28 81
861 122 180
862 8 157
863 47 100
864 51 97
865 75 167
866 64 148
867 3 19
868 60 64
869 46 151
870 74 100
871 93 136
872 40 44
873 69 175
874 73 164
875 36 56
876 59 137
877 22 127
878 26 114
879 117 179
880 46 113
881 126 163
882 139 142
883 21 174
884 96 97
885 25 43
886 79 152
887 49 157
888 152 162
889 7 28
890 148 150
891 78 83
892 81 157
893 6 111
894 10 98
895 34 124
896 162 169
897 20 63
898 114 174
899 138 142
900 90 135
901 63 72
902 29 40
903 104 119
904 160 168
905 52 110
906 15 26
907 38 137
908 76 84
909 42 68
910 80 159
911 66 94
912 62 146
913 65 158
914 32 65
915 71 96
916 113 170
917 38 107
918 4 47
919 99 107
920 98 177
921 17 61
922 71 134
923 108 122
924 61 172
925 155 171
926 40 121
927 3 15
928 60 100
929 46 179
930 84 98
931 141 165
932 70 85
933 26 39
934 16 17
935 36 92
936 22 27
937 79 94
938 83 136
939 139 170
940 12 180
941 35 109
942 55 118
943 59 115
944 120 131
945 44 116
946 48 127
947 68 114
948 125 127
949 72 117
950 128 167
951 148 170
952 78 175
953 134 175
954 138 162
955 33 88
956 90 155
957 143 151
958 43 99
959 63 108
960 124 142
961 53 134
962 52 66
963 18 174
964 109 111
965 113 116
966 42 56
967 133 143
968 62 63
969 4 124
970 62 142
971 146 157
972 47 175
973 75 158
974 84 160
975 51 89
976 17 25
977 112 153
978 61 176
979 13 45
980 23 116
981 64 75
982 70 177
983 46 62
984 16 125
985 55 180
986 59 177
987 22 39
988 97 102
989 153 180
990 130 156
991 25 114
992 79 163
993 83 164
994 49 84
995 72 179
996 55 90
997 45 160
998 120 159
999 11 16
1000 159 168
1001 58 93
1002 21 87
1003 96 152
1004 152 154
1005 101 153
1006 128 131
1007 172 180
1008 54 176
1009 24 67
1010 10 58
1011 101 123
1012 43 62
1013 29 127
1014 67 180
1015 87 169
1016 53 105
1017 110 122
1018 57 110
1019 124 146
1020 56 178
1021 5 7
1022 62 72
1023 29 129
1024 89 174
1025 132 158
1026 14 158
1027 75 92
1028 42 175
1029 8 19
1030 65 70
1031 28 78
1032 145 174
1033 95 166
1034 98 134
1035 47 67
1036 98 121
1037 61 99
1038 64 137
1039 27 63
1040 47 48
1041 23 43
1042 50 71
1043 88 174
1044 107 122
1045 141 156
1046 93 163
1047 40 49
1048 3 71
1049 64 87
1050 26 31
1051 46 90
1052 69 91
1053 126 132
1054 2 4
1055 102 157
1056 103 172
1057 31 147
1058 35 84
1059 59 74
1060 25 78
1061 82 105
1062 45 115
1063 102 108
1064 31 32
1065 72 175
1066 35 37
1067 129 169
1068 58 113
1069 149 166
1070 44 60
1071 68 74
1072 125 152
1073 6 19
1074 81 82
1075 90 160
1076 147 155
1077 9 158
1078 29 67
1079 53 77
1080 42 97
1081 86 126
1082 52 58
1083 56 61
1084 19 179
1085 28 35
1086 32 38
1087 14 122
1088 113 141
1089 8 15
1090 28 82
1091 95 154
1092 98 170
1093 27 106
1094 47 103
1095 13 147
1096 51 96
1097 71 157
1098 41 90
1099 64 149
1100 40 158
1101 60 65
1102 23 79
1103 50 107
1104 13 117
1105 70 110
1106 40 45
1107 69 174
1108 36 57
1109 117 178
1110 154 172
1111 83 126
1112 46 118
1113 12 145
1114 31 119
1115 55 109
1116 96 98
1117 25 42
1118 79 155
1119 152 163
1120 48 84
1121 72 90
1122 148 151
1123 78 80
1124 77 168
1125 67 110
1126 34 125
1127 162 166
1128 91 116
1129 111 121
1130 114 175
1131 138 143
1132 90 132
1133 143 178
1134 80 114
1135 29 39
1136 104 120
1137 9 11
1138 104 135
1139 160 169
1140 19 94
1141 76 85
1142 42 69
1143 80 144
1144 66 95
1145 86 154
1146 65 157
1147 71 99
1148 109 172
1149 99 106
1150 131 167
1151 108 123
1152 61 171
1153 155 170
1154 164 180
1155 3 14
1156 60 101
1157 46 176
1158 84 99
1159 140 141
1160 70 74
1161 74 153
1162 3 159
1163 26 36
1164 50 158
1165 16 18
1166 36 93
1167 22 24
1168 79 89
1169 55 113
1170 59 114
1171 58 70
1172 48 112
1173 11 68
1174 68 115
1175 125 126
1176 72 118
1177 54 58
1178 129 145
1179 148 171
1180 20 109
1181 63 137
1182 67 74
1183 134 172
1184 138 163
1185 87 132
1186 90 152
1187 143 150
1188 57 81
1189 39 97
1190 5 34
1191 9 39
1192 52 67
1193 109 110
1194 42 57
1195 133 142
1196 86 166
1197 65 121
1198 146 154
1199 4 12
1200 47 174
1201 142 150
1202 61 94
1203 64 174
1204 84 161
1205 144 165
1206 164 168
1207 50 51
1208 73 146
1209 26 56
1210 46 63
1211 73 99
1212 93 96
1213 59 176
1214 22 36
1215 97 101
1216 25 113
1217 79 162
1218 83 167
1219 49 75
1220 68 177
1221 72 180
1222 45 159
1223 120 160
1224 11 19
1225 49 164
1226 1 25
1227 58 90
1228 96 153
1229 152 155
1230 11 96
1231 128 132
1232 77 159
1233 78 136
1234 54 177
1235 63 173
1236 101 122
1237 43 49
1238 134 136
1239 33 123
1240 87 168
1241 53 104
1242 170 180
1243 124 147
1244 53 153
1245 56 179
1246 5 6
1247 62 73
1248 29 128
1249 132 159
1250 66 135
1251 75 95
1252 42 172
1253 8 20
1254 65 69
1255 28 79
1256 47 66
1257 98 118
1258 64 138
1259 47 51
1260 3 57
1261 50 68
1262 88 175
1263 107 125
1264 141 155
1265 40 50
1266 73 142
1267 22 81
1268 79 96
1269 26 28
1270 69 90
1271 2 5
1272 102 146
1273 31 146
1274 35 87
1275 79 134
1276 82 102
1277 45 114
1278 102 109
1279 49 119
1280 31 35
1281 35 36
1282 44 174
1283 11 63
1284 54 115
1285 129 168
1286 96 165
1287 149 165
1288 78 117
1289 44 61
1290 48 56
1291 10 76
1292 6 16
1293 91 152
1294 110 164
1295 147 154
1296 29 66
1297 53 76
1298 57 137
1299 76 163
1300 123 152
1301 42 110
1302 62 101
1303 52 59
1304 56 62
1305 19 178
1306 32 39
1307 99 113
1308 122 178
1309 94 180
1310 8 159
1311 47 102
1312 51 99
1313 127 133
1314 3 21
1315 60 66
1316 23 78
1317 50 104
1318 13 116
1319 74 98
1320 93 134
1321 40 46
1322 69 173
1323 36 58
1324 117 177
1325 46 119
1326 92 96
1327 55 108
1328 21 172
1329 96 99
1330 25 41
1331 79 154
1332 48 85
1333 11 91
1334 92 134
1335 78 81
1336 81 147
1337 77 167
1338 6 109
1339 87 114
1340 162 167
1341 20 57
1342 111 120
1343 114 172
1344 138 140
1345 90 133
1346 53 63
1347 43 121
1348 63 74
1349 29 38
1350 104 121
1351 33 35
1352 9 10
1353 160 170
1354 52 104
1355 42 66
1356 5 94
1357 66 92
1358 86 155
1359 32 67
1360 99 109
1361 131 166
1362 47 122
1363 108 116
1364 71 128
1365 112 127
1366 3 113
1367 60 102
1368 26 178
1369 64 97
1370 46 177
1371 140 142
1372 141 163
1373 70 75
1374 74 134
1375 2 171
1376 3 158
1377 22 174
1378 26 37
1379 16 19
1380 36 94
1381 22 25
1382 79 88
1383 26 84
1384 55 112
1385 59 117
1386 58 71
1387 48 113
1388 30 161
1389 54 59
1390 34 47
1391 58 153
1392 24 105
1393 67 77
1394 134 173
1395 138 160
1396 90 153
1397 76 148
1398 80 95
1399 63 110
1400 124 136
1401 18 172
1402 86 167
1403 18 63
1404 85 117
1405 32 111
1406 89 114
1407 4 13
1408 99 137
1409 142 151
1410 64 175
1411 84 162
1412 51 91
1413 41 145
1414 144 166
1415 64 77
1416 22 74
1417 26 57
1418 46 60
1419 177 179
1420 59 179
1421 22 37
1422 97 100
1423 130 154
1424 83 166
1425 49 74
1426 11 18
1427 159 170
1428 96 154
1429 152 156
1430 44 90
1431 68 80
1432 128 133
1433 176 177
1434 63 172
1435 101 121
1436 110 137
1437 43 48
1438 134 137
1439 90 125
1440 57 108
1441 43 65
1442 52 177
1443 56 180
1444 89 172
1445 19 153
1446 132 152
1447 65 171
1448 85 152
1449 42 173
1450 8 21
1451 65 68
1452 28 72
1453 51 153
1454 14 15
1455 95 160
1456 98 119
1457 61 97
1458 64 139
1459 47 50
1460 112 135
1461 23 37
1462 50 69
1463 88 176
1464 107 124
1465 141 154
1466 74 79
1467 40 51
1468 79 99
1469 26 29
1470 121 153
1471 50 167
1472 126 138
1473 31 157
1474 21 151
1475 49 118
1476 31 34
1477 35 39
1478 44 175
1479 58 127
1480 21 105
1481 96 166
1482 44 62
1483 48 57
1484 24 50
1485 67 116
1486 87 105
1487 125 150
1488 6 17
1489 90 174
1490 91 155
1491 147 157
1492 29 65
1493 53 75
1494 66 121
1495 56 63
1496 28 61
1497 32 56
1498 71 121
1499 99 112
1500 47 97
1501 88 110
1502 27 29
1503 108 160
1504 127 132
1505 3 20
1506 60 67
1507 50 105
1508 13 115
1509 74 99
1510 40 47
1511 69 172
1512 22 114
1513 117 176
1514 154 170
1515 46 116
1516 126 166
1517 31 113
1518 35 114
1519 21 171
1520 25 40
1521 21 28
1522 152 165
1523 7 25
1524 11 90
1525 72 92
1526 54 92
1527 78 86
1528 81 146
1529 11 171
1530 10 97
1531 162 164
1532 111 123
1533 114 173
1534 138 141
1535 90 130
1536 53 62
1537 57 59
1538 39 127
1539 63 117
1540 29 37
1541 104 122
1542 33 34
1543 53 175
1544 156 168
1545 104 137
1546 123 167
1547 52 105
1548 56 108
1549 19 96
1550 76 87
1551 42 67
1552 66 93
1553 62 145
1554 71 93
1555 146 180
1556 99 108
1557 41 43
1558 131 169
1559 108 117
1560 41 180
1561 155 172
1562 23 109
1563 140 143
1564 141 162
1565 70 72
1566 74 135
1567 22 175
1568 26 34
1569 69 128
1570 16 20
1571 22 30
1572 79 91
1573 1 130
1574 55 115
1575 159 177
1576 58 68
1577 54 56
1578 87 134
1579 90 102
1580 143 144
1581 124 137
1582 56 153
1583 15 123
1584 18 173
1585 19 124
1586 132 165
1587 14 48
1588 146 152
1589 4 14
1590 47 168
1591 142 148
1592 75 147
1593 131 133
1594 64 160
1595 84 163
1596 51 90
1597 144 167
1598 164 170
1599 64 78
1600 70 180
1601 22 75
1602 46 61
1603 12 117
1604 177 178
1605 16 112
1606 73 97
1607 36 115
1608 55 177
1609 2 63
1610 93 126
1611 97 123
1612 79 172
1613 135 142
1614 49 73
1615 68 179
1616 31 73
1617 45 157
1618 11 21
1619 152 157
1620 44 91
1621 7 97
1622 128 134
1623 77 157
1624 78 142
1625 176 178
1626 77 110
1627 24 70
1628 101 120
1629 161 179
1630 43 51
1631 134 142
1632 29 124
1633 90 122
1634 53 118
1635 110 121
1636 170 178
1637 43 64
1638 52 178
1639 9 65
1640 19 152
1641 85 167
1642 75 81
1643 38 39
1644 65 91
1645 98 133
1646 99 164
1647 47 76
1648 41 99
1649 98 116
1650 61 96
1651 47 61
1652 3 59
1653 23 36
1654 50 66
1655 107 127
1656 141 153
1657 93 160
1658 40 52
1659 22 87
1660 12 25
1661 126 139
1662 2 3
1663 59 79
1664 79 128
1665 49 117
1666 31 45
1667 35 38
1668 54 113
1669 58 124
1670 96 167
1671 149 163
1672 78 123
1673 44 63
1674 48 58
1675 77 129
1676 24 51
1677 67 119
1678 34 84
1679 20 39
1680 114 134
1681 43 142
1682 81 87
1683 138 150
1684 90 175
1685 147 156
1686 29 64
1687 90 94
1688 53 74
1689 42 108
1690 62 107
1691 9 125
1692 66 118
1693 86 125
1694 89 143
1695 15 179
1696 19 180
1697 28 62
1698 32 57
1699 99 115
1700 122 176
1701 32 168
1702 47 96
1703 71 158
1704 27 28
1705 127 135
1706 23 72
1707 13 114
1708 3 164
1709 2 116
1710 46 117
1711 121 180
1712 103 124
1713 126 167
1714 150 151
1715 31 112
1716 92 98
1717 55 110
1718 25 47
1719 49 145
1720 21 27
1721 152 166
1722 72 93
1723 92 128
1724 78 87
1725 6 99
1726 162 165
1727 111 122
1728 114 170
1729 90 131
1730 53 61
1731 57 58
1732 80 117
1733 29 36
1734 104 123
1735 53 174
1736 156 169
1737 33 146
1738 52 106
1739 56 109
1740 76 80
1741 42 64
1742 80 147
1743 66 90
1744 86 153
1745 15 151
1746 8 95
1747 85 95
1748 32 69
1749 71 92
1750 99 111
1751 94 150
1752 41 42
1753 131 168
1754 13 180
1755 51 65
1756 179 180
1757 108 118
1758 112 113
1759 3 115
1760 64 99
1761 70 73
1762 26 35
1763 16 21
1764 36 88
1765 22 31
1766 79 90
1767 31 84
1768 55 114
1769 59 119
1770 58 69
1771 25 180
1772 7 124
1773 48 115
1774 72 121
1775 54 57
1776 129 150
1777 20 104
1778 134 163
1779 143 147
1780 5 158
1781 80 81
1782 63 104
1783 132 166
1784 133 139
1785 86 165
1786 62 178
1787 4 15
1788 47 171
1789 142 149
1790 94 114
1791 131 132
1792 4 158
1793 84 172
1794 17 29
1795 144 152
1796 164 171
1797 64 79
1798 22 72
1799 173 180
1800 46 66
1801 69 99
1802 93 125
1803 22 59
1804 97 122
1805 130 152
1806 79 175
1807 135 137
1808 83 168
1809 49 72
1810 31 72
1811 48 128
1812 11 20
1813 96 156
1814 152 158
1815 128 135
1816 78 143
1817 172 176
1818 176 179
1819 54 180
1820 77 109
1821 101 103
1822 161 178
1823 91 177
1824 43 50
1825 29 123
1826 33 120
1827 90 123
1828 57 114
1829 170 179
1830 43 67
1831 52 179
1832 19 42
1833 29 157
1834 15 94
1835 132 154
1836 85 166
1837 14 98
1838 75 80
1839 62 174
1840 65 90
1841 28 74
1842 145 162
1843 98 117
1844 61 127
1845 64 141
1846 47 60
1847 3 58
1848 23 39
1849 50 67
1850 107 126
1851 141 152
1852 40 53
1853 73 179
1854 26 27
1855 121 159
1856 12 26
1857 69 71
1858 126 136
1859 139 153
1860 31 159
1861 35 88
1862 59 78
1863 79 131
1864 82 101
1865 49 116
1866 31 44
1867 106 111
1868 35 41
1869 45 128
1870 48 172
1871 54 118
1872 58 125
1873 149 162
1874 78 120
1875 44 56
1876 48 59
1877 77 128
1878 67 118
1879 125 148
1880 114 135
1881 138 151
1882 90 172
1883 91 157
1884 147 159
1885 20 151
1886 9 130
1887 90 95
1888 53 73
1889 9 19
1890 42 109
1891 80 168
1892 62 104
1893 9 124
1894 66 119
1895 86 114
1896 95 113
1897 99 114
1898 28 174
1899 122 177
1900 142 162
1901 47 99
1902 71 153
1903 27 31
1904 127 134
1905 3 22
1906 88 142
1907 74 97
1908 69 170
1909 73 175
1910 36 37
1911 2 117
1912 26 127
1913 154 168
1914 174 175
1915 92 99
1916 55 105
1917 25 46
1918 115 179
1919 152 167
1920 7 27
1921 48 72
1922 34 151
1923 72 94
1924 92 129
1925 129 137
1926 78 84
1927 11 173
1928 58 128
1929 77 164
1930 114 171
1931 138 139
1932 90 128
1933 53 60
1934 20 171
1935 39 121
1936 100 121
1937 63 119
1938 29 35
1939 53 173
1940 9 15
1941 156 170
1942 52 107
1943 56 110
1944 38 130
1945 76 81
1946 42 65
1947 80 148
1948 66 91
1949 86 158
1950 14 171
1951 71 95
1952 146 178
1953 113 173
1954 4 20
1955 8 47
1956 99 110
1957 131 171
1958 51 64
1959 108 119
1960 112 114
1961 164 176
1962 3 114
1963 23 111
1964 26 177
1965 64 100
1966 46 180
1967 141 160
1968 70 78
1969 74 133
1970 26 32
1971 73 75
1972 55 175
1973 22 28
1974 153 163
1975 83 143
1976 55 77
1977 59 118
1978 120 136
1979 58 66
1980 44 113
1981 48 116
1982 68 127
1983 72 122
1984 54 62
1985 78 176
1986 58 164
1987 105 135
1988 134 160
1989 33 83
1990 87 128
1991 143 146
1992 80 82
1993 171 173
1994 63 107
1995 62 81
1996 18 171
1997 132 167
1998 136 162
1999 85 129
2000 42 180
2001 62 179
2002 85 114
2003 4 8
2004 47 170
2005 142 154
2006 75 149
2007 94 115
2008 131 135
2009 98 110
2010 61 90
2011 64 162
2012 50 92
2013 13 40
2014 144 153
2015 74 86
2016 40 90
2017 22 73
2018 173 179
2019 46 67
2020 12 119
2021 16 114
2022 55 179
2023 59 180
2024 22 56
2025 97 121
2026 103 135
2027 79 174
2028 135 136
2029 54 107
2030 58 102
2031 96 157
2032 152 159
2033 25 151
2034 44 85
2035 128 152
2036 77 155
2037 6 153
2038 172 177
2039 10 84
2040 176 180
2041 34 78
2042 125 143
2043 77 108
2044 24 72
2045 43 164
2046 81 105
2047 10 39
2048 101 102
2049 161 177
2050 91 176
2051 43 53
2052 33 127
2053 87 164
2054 53 116
2055 57 113
2056 170 176
2057 43 66
2058 104 180
2059 86 87
2060 132 155
2061 75 83
2062 62 175
2063 14 18
2064 145 161
2065 99 166
2066 47 78
2067 71 180
2068 41 97
2069 98 114
2070 64 142
2071 47 63
2072 3 61
2073 23 38
2074 50 64
2075 107 113
2076 141 151
2077 40 54
2078 73 178
2079 22 85
2080 83 105
2081 46 95
2082 121 158
2083 12 27
2084 69 70
2085 16 94
2086 126 137
2087 139 152
2088 35 91
2089 59 65
2090 25 81
2091 79 130
2092 106 108
2093 31 47
2094 35 40
2095 11 51
2096 54 119
2097 44 57
2098 48 60
2099 24 53
2100 6 133
2101 67 121
2102 125 147
2103 6 20
2104 81 85
2105 138 148
2106 90 173
2107 143 165
2108 147 158
2109 29 94
2110 90 92
2111 53 72
2112 9 18
2113 80 169
2114 62 105
2115 66 116
2116 14 127
2117 99 117
2118 118 179
2119 28 175
2120 142 163
2121 95 129
2122 47 98
2123 88 113
2124 27 30
2125 127 129
2126 3 25
2127 23 74
2128 46 153
2129 13 112
2130 88 143
2131 70 99
2132 74 110
2133 93 130
2134 73 174
2135 36 38
2136 2 114
2137 26 124
2138 154 169
2139 126 165
2140 55 104
2141 25 45
2142 152 168
2143 7 26
2144 48 73
2145 92 130
2146 129 136
2147 148 156
2148 78 85
2149 7 171
2150 11 172
2151 6 97
2152 10 108
2153 67 85
2154 162 163
2155 114 168
2156 90 129
2157 53 59
2158 20 180
2159 80 119
2160 100 122
2161 63 118
2162 29 34
2163 104 125
2164 33 39
2165 53 172
2166 9 14
2167 52 116
2168 76 82
2169 42 78
2170 66 88
2171 86 159
2172 85 93
2173 32 71
2174 71 94
2175 146 179
2176 113 172
2177 4 21
2178 47 145
2179 131 170
2180 51 67
2181 17 55
2182 108 112
2183 112 115
2184 155 161
2185 127 165
2186 164 177
2187 40 127
2188 60 98
2189 70 79
2190 26 33
2191 12 76
2192 16 23
2193 73 74
2194 55 174
2195 59 171
2196 22 29
2197 153 162
2198 26 80
2199 135 167
2200 83 142
2201 139 160
2202 55 76
2203 49 179
2204 159 178
2205 58 67
2206 115 142
2207 54 63
2208 129 148
2209 30 52
2210 24 109
2211 63 180
2212 157 175
2213 30 71
2214 33 82
2215 87 131
2216 143 157
2217 80 83
2218 171 172
2219 124 132
2220 53 128
2221 52 72
2222 18 168
2223 133 137
2224 136 163
2225 62 176
2226 32 99
2227 14 55
2228 4 9
2229 99 141
2230 28 151
2231 142 155
2232 37 79
2233 75 148
2234 131 134
2235 98 111
2236 64 163
2237 17 19
2238 23 29
2239 50 93
2240 144 154
2241 26 146
2242 64 65
2243 22 78
2244 173 178
2245 46 64
2246 121 129
2247 69 97
2248 16 115
2249 126 146
2250 73 102
2251 55 178
2252 22 57
2253 31 165
2254 16 130
2255 130 150
2256 102 122
2257 31 74
2258 120 165
2259 78 98
2260 68 92
2261 128 153
2262 172 178
2263 34 79
2264 125 142
2265 91 179
2266 43 52
2267 134 141
2268 29 121
2269 87 167
2270 90 121
2271 53 115
2272 170 177
2273 43 69
2274 42 119
2275 137 153
2276 89 176
2277 15 88
2278 65 175
2279 75 82
2280 4 94
2281 62 172
2282 14 19
2283 145 160
2284 47 73
2285 37 99
2286 98 115
2287 47 62
2288 23 33
2289 50 65
2290 107 112
2291 141 150
2292 17 136
2293 74 75
2294 40 55
2295 69 180
2296 73 177
2297 121 157
2298 12 20
2299 16 95
2300 126 142
2301 2 30
2302 93 95
2303 153 154
2304 139 155
2305 31 153
2306 35 90
2307 59 64
2308 25 80
2309 31 46
2310 106 109
2311 35 43
2312 48 174
2313 54 116
2314 149 160
2315 78 126
2316 44 58
2317 48 61
2318 125 146
2319 6 21
2320 81 84
2321 138 149
2322 143 164
2323 147 161
2324 63 93
2325 29 93
2326 90 93
2327 53 87
2328 9 17
2329 5 101
2330 62 110
2331 66 117
2332 28 57
2333 14 124
2334 71 117
2335 75 126
2336 95 115
2337 99 116
2338 118 176
2339 28 168
2340 142 160
2341 41 51
2342 98 164
2343 47 109
2344 88 114
2345 41 92
2346 127 128
2347 23 69
2348 46 158
2349 84 85
2350 50 101
2351 74 111
2352 93 129
2353 22 135
2354 36 39
2355 2 115
2356 126 170
2357 150 170
2358 92 125
2359 55 107
2360 25 44
2361 21 24
2362 152 169
2363 7 21
2364 48 74
2365 11 94
2366 129 143
2367 148 157
2368 78 90
2369 11 175
2370 58 142
2371 10 109
2372 90 142
2373 53 58
2374 57 63
2375 43 124
2376 100 123
2377 63 113
2378 29 33
2379 33 38
2380 9 13
2381 156 164
2382 52 117
2383 15 99
2384 76 83
2385 42 79
2386 80 150
2387 86 156
2388 28 29
2389 85 92
2390 14 88
2391 146 176
2392 41 47
2393 51 66
2394 108 113
2395 112 116
2396 155 160
2397 127 164
2398 164 178
2399 40 96
2400 60 99
2401 121 123
2402 84 105
2403 70 76
2404 153 161
2405 35 133
2406 36 170
2407 82 152
2408 139 163
2409 31 81
2410 55 79
2411 120 138
2412 49 178
2413 58 64
2414 44 115
2415 48 118
2416 105 107
2417 68 121
2418 54 60
2419 54 175
2420 157 174
2421 161 171
2422 33 81
2423 90 98
2424 143 156
2425 76 145
2426 80 84
2427 43 88
2428 124 133
2429 52 73
2430 133 136
2431 85 143
2432 42 178
2433 62 177
2434 65 115
2435 32 100
2436 4 10
2437 47 180
2438 142 152
2439 37 78
2440 94 113
2441 131 137
2442 98 108
2443 27 40
2444 51 94
2445 17 18
2446 23 28
2447 50 90
2448 74 84
2449 26 147
2450 64 66
2451 22 79
2452 173 177
2453 46 65
2454 121 128
2455 12 113
2456 126 147
2457 73 101
2458 36 127
2459 93 122
2460 22 62
2461 31 164
2462 102 123
2463 31 53
2464 106 118
2465 45 153
2466 120 166
2467 1 19
2468 96 159
2469 78 99
2470 68 93
2471 77 153
2472 172 179
2473 24 74
2474 63 171
2475 157 178
2476 91 178
2477 43 55
2478 53 114
2479 57 119
2480 43 68
2481 15 42
2482 62 115
2483 66 110
2484 29 154
2485 132 133
2486 75 85
2487 8 26
2488 62 173
2489 14 16
2490 47 72
2491 98 112
2492 64 128
2493 118 119
2494 47 57
2495 23 32
2496 107 115
2497 141 149
2498 40 56
2499 69 179
2500 73 176
2501 46 93
2502 12 21
2503 55 145
2504 93 94
2505 139 154
2506 35 93
2507 59 67
2508 102 103
2509 49 105
2510 31 41
2511 48 175
2512 11 53
2513 54 117
2514 81 169
2515 44 59
2516 48 62
2517 11 130
2518 6 123
2519 34 80
2520 125 145
2521 6 10
2522 90 171
2523 143 167
2524 147 160
2525 63 92
2526 29 92
2527 67 153
2528 53 86
2529 9 16
2530 104 146
2531 56 85
2532 42 104
2533 32 61
2534 14 125
2535 99 119
2536 41 50
2537 47 108
2538 41 67
2539 13 29
2540 127 131
2541 37 151
2542 3 27
2543 84 86
2544 70 97
2545 74 108
2546 93 128
2547 73 172
2548 2 112
2549 46 121
2550 174 178
2551 126 171
2552 150 171
2553 45 63
2554 102 176
2555 35 121
2556 55 106
2557 96 121
2558 25 51
2559 115 180
2560 152 170
2561 7 20
2562 48 75
2563 92 156
2564 129 142
2565 148 158
2566 81 149
2567 11 174
2568 6 103
2569 105 168
2570 158 162
2571 90 143
2572 53 57
2573 57 62
2574 80 105
2575 63 112
2576 29 32
2577 104 127
2578 33 37
2579 57 175
2580 9 12
2581 156 165
2582 104 142
2583 52 118
2584 56 113
2585 19 103
2586 136 137
2587 86 157
2588 62 154
2589 28 30
2590 85 91
2591 146 177
2592 4 23
2593 47 147
2594 41 46
2595 8 161
2596 27 79
2597 84 148
2598 51 69
2599 112 117
2600 60 141
2601 155 163
2602 164 179
2603 40 97
2604 3 119
2605 64 103
2606 121 122
2607 70 77
2608 74 128
2609 26 47
2610 50 153
2611 36 68
2612 59 173
2613 153 160
2614 139 162
2615 45 180
2616 120 139
2617 49 177
2618 58 65
2619 44 108
2620 48 119
2621 105 106
2622 72 125
2623 54 61
2624 34 41
2625 54 172
2626 20 116
2627 24 111
2628 10 14
2629 157 173
2630 161 170
2631 134 167
2632 138 170
2633 33 80
2634 90 99
2635 143 159
2636 57 90
2637 76 146
2638 80 85
2639 43 91
2640 124 134
2641 33 178
2642 52 74
2643 132 162
2644 136 165
2645 85 142
2646 42 179
2647 65 114
2648 109 137
2649 4 11
2650 99 143
2651 142 153
2652 75 150
2653 94 118
2654 131 136
2655 98 109
2656 64 165
2657 84 168
2658 60 145
2659 23 31
2660 50 91
2661 144 156
2662 74 85
2663 40 93
2664 64 67
2665 2 137
2666 22 76
2667 173 176
2668 46 70
2669 121 135
2670 12 114
2671 93 121
2672 55 61
2673 130 148
2674 79 171
2675 83 172
2676 102 120
2677 31 52
2678 106 119
2679 35 49
2680 120 167
2681 54 110
2682 1 18
2683 96 144
2684 78 96
2685 11 153
2686 68 94
2687 77 152
2688 114 159
2689 77 105
2690 24 75
2691 43 153
2692 10 34
2693 43 54
2694 33 124
2695 87 161
2696 53 113
2697 57 118
2698 43 71
2699 15 53
2700 42 117
2701 5 15
2702 62 112
2703 15 90
2704 132 134
2705 65 173
2706 75 84
2707 113 153
2708 8 27
2709 65 94
2710 28 70
2711 32 129
2712 14 17
2713 145 166
2714 99 171
2715 71 177
2716 98 113
2717 64 129
2718 47 56
2719 122 123
2720 23 35
2721 107 114
2722 141 148
2723 40 57
2724 3 79
2725 69 178
2726 2 109
2727 79 105
2728 2 28
2729 139 157
2730 103 164
2731 59 66
2732 79 143
2733 45 107
2734 49 104
2735 31 40
2736 106 107
2737 54 74
2738 58 121
2739 81 168
2740 44 52
2741 48 63
2742 30 114
2743 91 96
2744 24 167
2745 6 11
2746 138 147
2747 90 168
2748 143 166
2749 147 163
2750 20 147
2751 39 81
2752 63 95
2753 90 91
2754 53 85
2755 9 23
2756 80 172
2757 62 108
2758 66 115
2759 89 146
2760 65 137
2761 32 62
2762 71 119
2763 99 118
2764 142 166
2765 41 49
2766 95 130
2767 41 66
2768 127 130
2769 3 26
2770 23 71
2771 84 87
2772 50 99
2773 13 109
2774 74 109
2775 93 159
2776 3 171
2777 73 83
2778 59 128
2779 22 116
2780 174 179
2781 103 123
2782 126 168
2783 150 168
2784 82 178
2785 45 62
2786 49 59
2787 31 127
2788 55 101
2789 59 110
2790 25 50
2791 116 117
2792 7 23
2793 92 157
2794 129 141
2795 148 159
2796 78 88
2797 81 148
2798 105 175
2799 158 163
2800 114 167
2801 33 75
2802 53 56
2803 57 61
2804 100 101
2805 63 115
2806 29 63
2807 33 36
2808 57 174
2809 156 166
2810 160 161
2811 52 119
2812 76 77
2813 80 136
2814 136 138
2815 86 146
2816 28 31
2817 85 90
2818 71 91
2819 146 174
2820 4 16
2821 47 146
2822 41 45
2823 51 68
2824 108 115
2825 112 118
2826 155 162
2827 74 129
2828 73 79
2829 36 69
2830 55 171
2831 59 172
2832 153 167
2833 16 153
2834 35 135
2835 83 147
2836 139 165
2837 55 73
2838 45 179
2839 48 153
2840 49 176
2841 44 109
2842 48 104
2843 11 124
2844 148 179
2845 30 59
2846 34 38
2847 20 117
2848 63 177
2849 10 15
2850 157 172
2851 30 74
2852 158 159
2853 161 169
2854 134 164
2855 33 87
2856 90 96
2857 143 158
2858 76 147
2859 5 153
2860 43 90
2861 80 86
2862 124 135
2863 19 21
2864 62 85
2865 33 177
2866 18 167
2867 76 113
2868 132 163
2869 136 166
2870 42 176
2871 65 113
2872 14 58
2873 89 123
2874 18 73
2875 99 142
2876 28 146
2877 142 158
2878 37 76
2879 98 106
2880 23 30
2881 13 36
2882 107 137
2883 144 157
2884 40 94
2885 64 68
2886 140 169
2887 70 174
2888 22 77
2889 173 175
2890 46 71
2891 121 134
2892 177 180
2893 69 110
2894 73 107
2895 36 121
2896 93 120
2897 55 60
2898 130 149
2899 25 121
2900 79 170
2901 83 175
2902 102 121
2903 49 67
2904 31 55
2905 106 116
2906 120 168
2907 48 133
2908 1 17
2909 78 97
2910 11 152
2911 68 95
2912 78 144
2913 172 173
2914 24 76
2915 91 180
2916 29 118
2917 53 112
2918 57 117
2919 43 70
2920 124 171
2921 42 114
2922 5 14
2923 62 113
2924 137 158
2925 66 108
2926 18 139
2927 19 158
2928 132 135
2929 65 172
2930 14 103
2931 75 87
2932 8 28
2933 118 171
2934 14 22
2935 165 170
2936 95 169
2937 47 74
2938 71 176
2939 41 101
2940 47 59
2941 40 171
2942 23 34
2943 107 117
2944 70 123
2945 141 147
2946 74 118
2947 40 58
2948 69 177
2949 22 105
2950 46 99
2951 126 141
2952 2 29
2953 153 159
2954 139 156
2955 59 69
2956 31 43
2957 35 44
2958 116 129
2959 129 160
2960 21 114
2961 78 125
2962 81 175
2963 44 53
2964 6 121
2965 10 116
2966 91 99
2967 24 168
2968 6 8
2969 138 144
2970 90 169
2971 110 172
2972 147 162
2973 39 80
2974 63 94
2975 53 84
2976 57 145
2977 33 136
2978 42 86
2979 62 109
2980 71 118
2981 99 121
2982 142 167
2983 41 48
2984 47 110
2985 41 65
2986 61 158
2987 127 141
2988 23 70
2989 50 96
2990 88 147
2991 93 158
2992 73 82
2993 46 127
2994 174 176
2995 103 122
2996 126 169
2997 36 177
2998 150 169
2999 82 179
3000 45 61
3001 49 58
3002 35 123
3003 92 120
3004 55 100
3005 21 180
3006 59 97
3007 96 123
3008 25 49
3009 116 118
3010 152 172
3011 92 158
3012 148 152
3013 78 89
3014 77 95
3015 6 101
3016 105 174
3017 158 160
3018 114 164
3019 33 74
3020 90 141
3021 57 60
3022 39 116
3023 43 113
3024 100 102
3025 63 114
3026 29 62
3027 57 173
3028 156 167
3029 160 162
3030 33 148
3031 52 112
3032 56 115
3033 76 78
3034 42 74
3035 86 147
3036 85 89
3037 32 91
3038 71 90
3039 146 175
3040 166 170
3041 4 17
3042 47 157
3043 41 44
3044 51 71
3045 112 119
3046 60 143
3047 155 165
3048 144 178
3049 40 99
3050 3 121
3051 117 123
3052 64 121
3053 74 142
3054 3 134
3055 73 78
3056 36 70
3057 59 175
3058 153 166
3059 26 92
3060 35 134
3061 130 142
3062 83 146
3063 31 82
3064 55 72
3065 120 141
3066 58 79
3067 115 146
3068 44 110
3069 48 105
3070 72 127
3071 58 62
3072 34 39
3073 6 65
3074 63 176
3075 10 12
3076 161 168
3077 138 168
3078 87 159
3079 143 153
3080 80 87
3081 43 93
3082 124 128
3083 56 160
3084 19 20
3085 167 180
3086 62 90
3087 33 176
3088 18 164
3089 76 114
3090 42 46
3091 136 167
3092 42 177
3093 62 180
3094 28 124
3095 14 59
3096 146 147
3097 95 180
3098 99 177
3099 47 177
3100 142 159
3101 75 136
3102 94 116
3103 98 107
3104 61 85
3105 64 167
3106 84 170
3107 17 23
3108 40 176
3109 41 153
3110 23 25
3111 144 158
3112 74 83
3113 64 69
3114 140 170
3115 70 175
3116 22 66
3117 173 174
3118 46 68
3119 121 133
3120 69 109
3121 126 150
3122 93 119
3123 22 61
3124 55 63
3125 130 146
3126 82 123
3127 83 174
3128 49 66
3129 106 117
3130 35 51
3131 120 169
3132 48 134
3133 54 108
3134 1 16
3135 58 99
3136 96 146
3137 30 133
3138 128 157
3139 172 174
3140 125 138
3141 114 157
3142 24 77
3143 110 145
3144 29 117
3145 33 114
3146 53 127
3147 57 116
3148 124 164
3149 5 13
3150 62 118
3151 100 141
3152 66 109
3153 29 151
3154 85 160
3155 14 100
3156 75 86
3157 28 64
3158 145 164
3159 165 169
3160 71 179
3161 61 121
3162 64 131
3163 47 58
3164 108 180
3165 40 172
3166 23 61
3167 107 116
3168 70 120
3169 141 146
3170 40 59
3171 69 176
3172 46 96
3173 12 16
3174 153 158
3175 139 159
3176 31 133
3177 35 94
3178 59 68
3179 79 137
3180 49 110
3181 68 158
3182 31 42
3183 35 47
3184 54 72
3185 81 174
3186 44 54
3187 48 49
3188 11 135
3189 91 98
3190 6 9
3191 143 160
3192 91 147
3193 110 173
3194 147 165
3195 20 157
3196 53 83
3197 9 21
3198 42 87
3199 5 97
3200 80 174
3201 66 113
3202 28 53
3203 71 113
3204 75 114
3205 4 62
3206 99 120
3207 118 180
3208 142 164
3209 41 55
3210 95 140
3211 27 100
3212 47 105
3213 41 64
3214 13 26
3215 88 148
3216 74 107
3217 3 173
3218 73 81
3219 59 130
3220 26 121
3221 154 178
3222 174 177
3223 103 117
3224 130 171
3225 82 176
3226 45 60
3227 49 57
3228 31 121
3229 92 121
3230 21 179
3231 59 96
3232 25 48
3233 116 119
3234 25 161
3235 7 17
3236 105 115
3237 34 145
3238 92 159
3239 129 131
3240 148 153
3241 90 138
3242 57 67
3243 43 112
3244 100 103
3245 29 61
3246 124 125
3247 57 172
3248 156 160
3249 160 163
3250 52 113
3251 76 79
3252 42 75
3253 66 85
3254 86 144
3255 62 153
3256 85 88
3257 71 85
3258 146 172
3259 94 153
3260 8 164
3261 13 173
3262 51 70
3263 108 109
3264 37 39
3265 155 164
3266 60 127
3267 117 122
3268 121 127
3269 22 167
3270 73 77
3271 36 71
3272 59 174
3273 153 165
3274 26 93
3275 25 99
3276 82 148
3277 83 149
3278 139 167
3279 31 93
3280 92 93
3281 120 142
3282 1 11
3283 105 111
3284 58 63
3285 30 57
3286 34 36
3287 20 119
3288 58 174
3289 24 114
3290 63 179
3291 10 13
3292 157 170
3293 105 137
3294 134 154
3295 138 169
3296 33 85
3297 143 152
3298 43 92
3299 124 129
3300 62 91
3301 29 178
3302 52 85
3303 18 165
3304 42 47
3305 136 168
3306 4 103
3307 47 176
3308 51 53
3309 142 156
3310 131 141
3311 98 104
3312 17 22
3313 40 177
3314 23 24
3315 50 86
3316 144 159
3317 74 80
3318 40 64
3319 64 70
3320 70 172
3321 22 67
3322 46 69
3323 12 109
3324 16 104
3325 73 105
3326 55 137
3327 22 50
3328 97 115
3329 31 160
3330 55 62
3331 82 120
3332 49 65
3333 31 49
3334 106 114
3335 35 50
3336 120 170
3337 48 135
3338 11 13
3339 54 109
3340 58 96
3341 96 147
3342 149 151
3343 77 149
3344 78 150
3345 172 175
3346 87 92
3347 125 137
3348 114 154
3349 24 78
3350 6 34
3351 29 116
3352 76 177
3353 39 63
3354 124 165
3355 42 112
3356 5 12
3357 62 119
3358 86 105
3359 15 167
3360 85 175
3361 113 158
3362 14 20
3363 165 168
3364 95 171
3365 98 157
3366 99 172
3367 71 178
3368 64 132
3369 178 180
3370 40 173
3371 107 119
3372 70 121
3373 141 145
3374 74 116
3375 40 60
3376 3 176
3377 73 180
3378 2 104
3379 26 98
3380 46 97
3381 12 17
3382 106 180
3383 2 27
3384 153 157
3385 139 158
3386 35 65
3387 59 71
3388 79 136
3389 45 104
3390 49 109
3391 35 46
3392 54 73
3393 92 180
3394 129 166
3395 44 55
3396 48 50
3397 24 59
3398 67 127
3399 30 113
3400 105 176
3401 87 96
3402 20 47
3403 6 14
3404 138 158
3405 143 163
3406 91 146
3407 147 164
3408 20 158
3409 39 82
3410 29 88
3411 53 82
3412 9 20
3413 123 146
3414 19 79
3415 42 84
3416 80 175
3417 9 101
3418 99 123
3419 142 165
3420 41 54
3421 95 143
3422 98 161
3423 151 169
3424 47 104
3425 51 109
3426 41 71
3427 13 25
3428 23 64
3429 26 164
3430 140 156
3431 74 104
3432 3 172
3433 36 44
3434 59 133
3435 103 116
3436 36 179
3437 130 168
3438 82 177
3439 45 59
3440 102 180
3441 49 56
3442 35 125
3443 92 122
3444 55 102
3445 59 99
3446 21 35
3447 152 174
3448 7 16
3449 105 114
3450 54 85
3451 92 152
3452 129 130
3453 148 154
3454 77 93
3455 63 158
3456 10 22
3457 105 172
3458 158 166
3459 24 134
3460 57 66
3461 39 118
3462 43 115
3463 29 60
3464 124 126
3465 57 179
3466 156 161
3467 160 164
3468 109 127
3469 56 117
3470 42 72
3471 5 68
3472 136 141
3473 62 158
3474 71 84
3475 18 96
3476 146 173
3477 166 168
3478 4 19
3479 28 137
3480 47 159
3481 37 85
3482 94 158
3483 61 79
3484 84 144
3485 51 73
3486 108 110
3487 37 38
3488 155 167
3489 127 163
3490 117 121
3491 26 43
3492 69 119
3493 73 76
3494 36 64
3495 55 164
3496 22 23
3497 153 164
3498 35 136
3499 25 98
3500 83 148
3501 139 166
3502 31 92
3503 1 153
3504 55 74
3505 92 94
3506 45 176
3507 120 143
3508 1 10
3509 48 107
3510 105 110
3511 72 97
3512 58 60
3513 34 37
3514 54 160
3515 20 112
3516 58 175
3517 43 177
3518 157 169
3519 91 173
3520 29 111
3521 33 84
3522 57 94
3523 76 142
3524 124 130
3525 5 23
3526 62 88
3527 29 177
3528 18 162
3529 19 135
3530 42 44
3531 136 169
3532 18 53
3533 85 123
3534 51 135
3535 14 57
3536 89 120
3537 47 179
3538 51 52
3539 142 157
3540 94 122
3541 98 105
3542 17 21
3543 40 178
3544 60 173
3545 23 27
3546 40 65
3547 64 71
3548 70 173
3549 22 64
3550 46 74
3551 73 104
3552 22 51
3553 97 114
3554 31 163
3555 55 57
3556 82 121
3557 83 176
3558 49 64
3559 31 48
3560 106 115
3561 35 53
3562 11 12
3563 58 97
3564 96 148
3565 149 150
3566 101 141
3567 68 90
3568 77 148
3569 24 32
3570 87 95
3571 125 136
3572 114 155
3573 24 79
3574 43 157
3575 10 46
3576 101 111
3577 134 135
3578 29 115
3579 53 125
3580 76 178
3581 19 50
3582 5 11
3583 62 116
3584 119 125
3585 18 134
3586 85 174
3587 32 133
3588 14 21
3589 145 154
3590 99 175
3591 71 173
3592 41 106
3593 61 119
3594 40 174
3595 3 34
3596 50 123
3597 107 118
3598 141 144
3599 17 130
3600 74 117
3601 40 61
3602 3 179
3603 2 105
3604 79 117
3605 26 99
3606 12 18
3607 153 156
3608 139 145
3609 35 64
3610 59 70
3611 45 103
3612 49 108
3613 48 164
3614 129 165
3615 96 176
3616 149 170
3617 81 172
3618 44 48
3619 48 51
3620 6 124
3621 10 115
3622 20 40
3623 24 171
3624 6 15
3625 138 159
3626 90 180
3627 143 162
3628 110 179
3629 147 167
3630 20 159
3631 63 91
3632 53 81
3633 9 27
3634 15 21
3635 56 90
3636 42 85
3637 136 146
3638 86 138
3639 71 115
3640 99 122
3641 32 161
3642 41 53
3643 47 107
3644 41 70
3645 127 142
3646 23 67
3647 140 157
3648 74 105
3649 93 155
3650 69 146
3651 16 34
3652 73 87
3653 103 119
3654 130 169
3655 82 174
3656 45 58
3657 49 63
3658 12 133
3659 35 124
3660 55 97
3661 96 126
3662 21 34
3663 152 175
3664 44 133
3665 7 19
3666 48 64
3667 11 84
3668 105 113
3669 148 155
3670 77 92
3671 63 153
3672 67 90
3673 30 82
3674 158 167
3675 24 135
3676 33 79
3677 90 136
3678 57 65
3679 80 110
3680 63 127
3681 29 59
3682 124 127
3683 57 178
3684 119 180
3685 156 162
3686 29 172
3687 123 177
3688 160 165
3689 52 115
3690 15 105
3691 56 118
3692 113 123
3693 42 73
3694 136 142
3695 86 150
3696 15 158
3697 14 34
3698 146 170
3699 166 169
3700 4 28
3701 47 158
3702 37 84
3703 131 147
3704 61 78
3705 13 171
3706 51 72
3707 108 111
3708 155 166
3709 127 162
3710 60 121
3711 121 125
3712 84 119
3713 26 40
3714 46 47
3715 50 146
3716 73 115
3717 36 65
3718 153 171
3719 26 91
3720 106 141
3721 130 141
3722 25 97
3723 82 146
3724 49 91
3725 92 95
3726 55 69
3727 45 175
3728 48 157
3729 120 144
3730 49 180
3731 1 9
3732 58 74
3733 48 108
3734 105 109
3735 58 61
3736 20 113
3737 58 172
3738 24 116
3739 10 11
3740 157 168
3741 30 78
3742 91 172
3743 134 152
3744 87 152
3745 143 154
3746 76 143
3747 29 31
3748 124 131
3749 53 137
3750 167 177
3751 5 22
3752 29 176
3753 19 134
3754 42 45
3755 136 170
3756 86 178
3757 18 50
3758 28 127
3759 51 134
3760 14 62
3761 99 178
3762 47 178
3763 51 55
3764 98 102
3765 27 46
3766 17 20
3767 40 179
3768 60 174
3769 23 26
3770 50 84
3771 107 141
3772 74 94
3773 40 66
3774 26 157
3775 64 88
3776 140 165
3777 73 158
3778 83 85
3779 126 149
3780 22 48
3781 97 113
3782 35 167
3783 55 56
3784 59 61
3785 49 71
3786 106 112
3787 31 51
3788 35 52
3789 45 147
3790 120 172
3791 11 15
3792 54 99
3793 1 21
3794 58 110
3795 21 90
3796 96 149
3797 68 91
3798 77 147
3799 24 33
3800 78 148
3801 125 135
3802 20 21
3803 114 152
3804 24 80
3805 101 110
3806 39 168
3807 43 45
3808 29 114
3809 57 121
3810 19 53
3811 5 10
3812 62 117
3813 66 104
3814 65 81
3815 28 67
3816 14 26
3817 89 91
3818 95 149
3819 47 86
3820 71 172
3821 37 108
3822 61 118
3823 64 134
3824 40 175
3825 23 62
3826 50 120
3827 141 143
3828 17 129
3829 74 114
3830 40 62
3831 97 179
3832 12 19
3833 2 25
3834 139 144
3835 31 134
3836 35 67
3837 79 138
3838 45 102
3839 49 99
3840 68 153
3841 116 141
3842 96 177
3843 149 169
3844 81 163
3845 44 49
3846 48 52
3847 67 97
3848 30 119
3849 87 98
3850 24 172
3851 6 12
3852 138 156
3853 143 173
3854 91 148
3855 147 166
3856 63 90
3857 9 26
3858 15 20
3859 80 161
3860 136 147
3861 9 107
3862 86 139
3863 14 71
3864 71 114
3865 38 121
3866 95 120
3867 28 167
3868 47 133
3869 142 171
3870 41 52
3871 27 121
3872 41 69
3873 127 137
3874 23 66
3875 140 158
3876 13 104
3877 93 154
3878 73 86
3879 36 46
3880 26 68
3881 154 177
3882 174 180
3883 103 118
3884 130 166
3885 82 175
3886 45 57
3887 102 170
3888 49 62
3889 35 127
3890 21 176
3891 96 127
3892 25 53
3893 45 74
3894 152 176
3895 44 134
3896 7 18
3897 48 65
3898 105 112
3899 92 154
3900 148 164
3901 81 143
3902 58 137
3903 77 91
3904 24 25
3905 10 20
3906 105 146
3907 33 78
3908 57 64
3909 43 117
3910 29 58
3911 53 180
3912 57 177
3913 156 163
3914 123 176
3915 160 166
3916 33 168
3917 15 104
3918 56 119
3919 113 122
3920 42 54
3921 133 157
3922 86 151
3923 15 153
3924 51 173
3925 18 94
3926 146 171
3927 4 29
3928 99 153
3929 47 153
3930 131 146
3931 84 146
3932 51 75
3933 41 161
3934 13 59
3935 26 134
3936 64 125
3937 70 71
3938 26 41
3939 73 114
3940 36 66
3941 153 170
3942 26 88
3943 103 154
3944 16 158
3945 130 138
3946 25 96
3947 83 150
3948 49 90
3949 12 170
3950 31 94
3951 55 68
3952 45 174
3953 48 158
3954 1 8
3955 96 138
3956 25 130
3957 48 109
3958 105 108
3959 68 96
3960 72 99
3961 54 55
3962 7 135
3963 34 35
3964 20 114
3965 58 173
3966 24 117
3967 43 179
3968 157 167
3969 30 79
3970 105 142
3971 161 172
3972 91 175
3973 87 155
3974 90 109
3975 29 30
3976 167 176
3977 5 21
3978 76 110
3979 132 168
3980 66 180
3981 86 179
3982 4 98
3983 14 63
3984 51 54
3985 131 142
3986 98 103
3987 61 81
3988 27 33
3989 40 180
3990 60 175
3991 50 85
3992 88 160
3993 144 146
3994 40 67
3995 26 154
3996 64 89
3997 140 166
3998 74 174
3999 22 70
4000 83 84
4001 46 72
4002 121 137
4003 126 154
4004 73 110
4005 93 115
4006 22 49
4007 97 112
4008 55 59
4009 21 135
4010 59 60
4011 82 119
4012 102 114
4013 49 70
4014 31 50
4015 106 113
4016 45 146
4017 11 14
4018 54 96
4019 1 20
4020 21 89
4021 96 150
4022 77 146
4023 24 34
4024 78 149
4025 87 89
4026 125 134
4027 114 153
4028 24 81
4029 81 96
4030 101 109
4031 39 171
4032 43 44
4033 29 113
4034 53 123
4035 114 123
4036 52 133
4037 15 51
4038 56 64
4039 5 9
4040 119 127
4041 132 140
4042 85 172
4043 32 40
4044 118 172
4045 89 90
4046 95 148
4047 71 175
4048 75 168
4049 41 104
4050 61 117
4051 64 135
4052 178 179
4053 3 36
4054 23 57
4055 50 121
4056 141 142
4057 74 115
4058 40 63
4059 97 178
4060 2 103
4061 79 119
4062 139 147
4063 35 66
4064 25 88
4065 45 101
4066 49 98
4067 96 178
4068 149 168
4069 44 50
4070 48 53
4071 24 62
4072 6 114
4073 30 116
4074 24 173
4075 6 13
4076 138 157
4077 90 178
4078 143 172
4079 147 169
4080 20 153
4081 39 79
4082 63 69
4083 53 95
4084 57 148
4085 9 25
4086 104 153
4087 42 83
4088 136 148
4089 66 77
4090 86 136
4091 89 148
4092 71 109
4093 8 61
4094 142 168
4095 94 161
4096 41 59
4097 95 136
4098 151 170
4099 47 117
4100 51 110
4101 71 147
4102 41 68
4103 61 153
4104 127 136
4105 140 159
4106 88 152
4107 36 47
4108 130 167
4109 150 162
4110 82 172
4111 45 56
4112 49 61
4113 31 101
4114 55 99
4115 59 100
4116 25 52
4117 45 73
4118 49 142
4119 152 177
4120 7 13
4121 48 66
4122 105 119
4123 129 135
4124 148 165
4125 81 142
4126 10 130
4127 11 167
4128 77 90
4129 24 26
4130 6 94
4131 10 21
4132 158 165
4133 114 161
4134 134 178
4135 33 77
4136 90 150
4137 57 71
4138 80 96
4139 43 116
4140 63 121
4141 29 57
4142 33 62
4143 53 179
4144 57 176
4145 123 179
4146 160 167
4147 33 175
4148 113 121
4149 42 55
4150 5 65
4151 80 142
4152 86 148
4153 32 80
4154 51 172
4155 18 95
4156 4 30
4157 131 149
4158 84 147
4159 51 74
4160 41 160
4161 97 137
4162 23 97
4163 64 126
4164 84 113
4165 69 116
4166 73 113
4167 36 67
4168 22 42
4169 97 107
4170 153 169
4171 130 139
4172 83 153
4173 1 158
4174 55 71
4175 45 173
4176 49 170
4177 159 165
4178 1 15
4179 58 72
4180 115 153
4181 25 129
4182 48 110
4183 11 114
4184 68 97
4185 58 59
4186 6 171
4187 20 115
4188 43 178
4189 6 58
4190 157 166
4191 105 141
4192 161 163
4193 91 174
4194 33 105
4195 57 99
4196 124 157
4197 167 179
4198 5 20
4199 18 161
4200 132 169
4201 42 43
4202 86 176
4203 89 125
4204 145 179
4205 99 180
4206 51 57
4207 75 143
4208 94 121
4209 41 115
4210 98 100
4211 27 32
4212 50 82
4213 74 92
4214 40 68
4215 64 90
4216 140 167
4217 74 175
4218 22 71
4219 83 87
4220 46 73
4221 50 180
4222 126 155
4223 73 109
4224 55 133
4225 97 119
4226 31 172
4227 55 58
4228 59 63
4229 25 67
4230 79 176
4231 102 115
4232 49 69
4233 31 61
4234 116 171
4235 45 145
4236 120 174
4237 54 97
4238 92 172
4239 21 88
4240 96 151
4241 115 117
4242 11 158
4243 68 69
4244 24 35
4245 6 151
4246 87 88
4247 125 133
4248 24 82
4249 101 108
4250 91 138
4251 43 47
4252 29 112
4253 33 117
4254 53 122
4255 57 127
4256 39 59
4257 114 120
4258 15 50
4259 56 65
4260 5 8
4261 66 102
4262 52 53
4263 132 141
4264 66 153
4265 32 41
4266 18 20
4267 75 77
4268 118 173
4269 14 24
4270 95 151
4271 41 111
4272 61 116
4273 64 152
4274 108 177
4275 112 180
4276 23 56
4277 50 118
4278 17 135
4279 74 112
4280 93 180
4281 3 180
4282 97 177
4283 36 52
4284 26 110
4285 117 175
4286 121 164
4287 12 13
4288 2 23
4289 35 69
4290 59 91
4291 82 88
4292 49 97
4293 96 179
4294 44 51
4295 48 54
4296 6 115
4297 67 99
4298 30 117
4299 125 169
4300 91 121
4301 24 174
4302 138 154
4303 90 179
4304 143 175
4305 91 150
4306 147 168
4307 63 68
4308 53 94
4309 119 173
4310 15 22
4311 42 80
4312 136 149
4313 66 74
4314 15 135
4315 65 130
4316 71 108
4317 75 105
4318 99 127
4319 118 137
4320 47 135
4321 32 164
4322 142 169
4323 41 58
4324 151 165
4325 27 123
4326 47 116
4327 71 146
4328 13 21
4329 127 139
4330 140 152
4331 13 102
4332 88 153
4333 70 89
4334 93 152
4335 36 40
4336 59 153
4337 103 112
4338 150 163
4339 45 55
4340 49 60
4341 12 128
4342 31 100
4343 96 113
4344 25 59
4345 45 72
4346 152 178
4347 44 128
4348 7 12
4349 48 67
4350 105 118
4351 72 73
4352 92 148
4353 129 134
4354 148 166
4355 77 89
4356 24 27
4357 10 18
4358 158 170
4359 134 179
4360 33 76
4361 90 151
4362 57 70
4363 43 119
4364 9 171
4365 100 108
4366 29 56
4367 33 61
4368 53 178
4369 5 63
4370 119 177
4371 123 178
4372 33 174
4373 109 123
4374 56 121
4375 42 52
4376 80 143
4377 66 174
4378 86 149
4379 65 110
4380 51 175
4381 89 96
4382 71 80
4383 37 81
4384 94 130
4385 27 71
4386 84 156
4387 175 180
4388 60 116
4389 84 114
4390 50 62
4391 74 136
4392 46 50
4393 69 115
4394 73 112
4395 93 109
4396 22 43
4397 97 106
4398 153 168
4399 130 136
4400 83 152
4401 49 88
4402 12 164
4403 55 70
4404 159 164
4405 1 14
4406 58 73
4407 25 128
4408 7 112
4409 30 34
4410 58 171
4411 77 125
4412 6 59
4413 101 119
4414 157 165
4415 161 162
4416 53 101
4417 5 130
4418 124 158
4419 167 178
4420 5 19
4421 62 92
4422 18 158
4423 132 170
4424 66 178
4425 85 150
4426 86 177
4427 169 171
4428 65 74
4429 14 61
4430 145 178
4431 109 129
4432 51 56
4433 75 142
4434 4 130
4435 98 101
4436 27 35
4437 112 137
4438 50 83
4439 88 162
4440 144 148
4441 74 93
4442 93 175
4443 40 69
4444 140 160
4445 74 172
4446 168 169
4447 22 68
4448 83 86
4449 126 152
4450 73 108
4451 36 96
4452 22 55
4453 97 118
4454 35 168
4455 59 62
4456 25 66
4457 102 112
4458 49 68
4459 31 60
4460 35 57
4461 120 175
4462 96 168
4463 115 116
4464 44 72
4465 101 137
4466 68 70
4467 24 36
4468 78 155
4469 87 91
4470 125 132
4471 54 128
4472 24 83
4473 43 145
4474 101 107
4475 110 155
4476 43 46
4477 29 79
4478 53 121
4479 76 174
4480 114 121
4481 123 141
4482 56 66
4483 119 121
4484 52 54
4485 19 167
4486 132 142
4487 28 47
4488 18 21
4489 75 76
4490 113 145
4491 95 150
4492 47 83
4493 88 96
4494 41 110
4495 61 115
4496 64 153
4497 13 65
4498 74 113
4499 93 179
4500 97 176
4501 36 53
4502 2 101
4503 79 113
4504 26 111
4505 117 174
4506 83 114
4507 121 171
4508 12 14
4509 2 20
4510 139 149
4511 12 157
4512 21 153
4513 25 94
4514 79 151
4515 82 89
4516 45 99
4517 49 96
4518 54 66
4519 92 177
4520 21 123
4521 96 180
4522 48 55
4523 6 112
4524 10 127
4525 125 168
4526 111 117
4527 24 175
4528 138 155
4529 90 176
4530 143 174
4531 63 71
4532 53 93
4533 119 172
4534 33 129
4535 15 17
4536 19 82
4537 5 107
4538 80 164
4539 136 150
4540 9 104
4541 15 134
4542 28 51
4543 14 74
4544 47 134
4545 94 167
4546 41 57
4547 95 138
4548 151 164
4549 47 119
4550 41 74
4551 13 20
4552 140 153
4553 93 151
4554 3 147
4555 73 91
4556 36 41
4557 79 85
4558 26 67
4559 103 115
4560 130 165
4561 150 160
4562 45 54
4563 135 180
4564 49 51
4565 96 114
4566 25 58
4567 116 125
4568 45 71
4569 7 15
4570 48 68
4571 105 117
4572 72 74
4573 92 149
4574 129 133
4575 148 167
4576 78 160
4577 77 88
4578 24 28
4579 10 19
4580 158 171
4581 134 176
4582 33 67
4583 90 148
4584 57 69
4585 39 109
4586 80 98
4587 43 118
4588 100 109
4589 29 55
4590 53 177
4591 56 139
4592 9 59
4593 119 176
4594 29 168
4595 33 173
4596 109 122
4597 113 127
4598 42 53
4599 80 128
4600 66 175
4601 86 170
4602 51 174
4603 47 154
4604 61 74
4605 51 76
4606 144 169
4607 40 106
4608 23 99
4609 26 133
4610 64 112
4611 50 63
4612 74 137
4613 26 52
4614 46 51
4615 22 40
4616 97 105
4617 130 137
4618 83 155
4619 49 95
4620 55 65
4621 159 167
4622 1 13
4623 7 115
4624 68 99
4625 128 136
4626 30 35
4627 20 125
4628 43 180
4629 10 55
4630 101 118
4631 157 164
4632 91 160
4633 87 148
4634 57 97
4635 124 159
4636 167 173
4637 5 18
4638 62 93
4639 76 105
4640 66 179
4641 85 149
4642 169 170
4643 65 73
4644 28 123
4645 145 177
4646 51 59
4647 17 127
4648 41 113
4649 61 110
4650 27 34
4651 88 163
4652 107 129
4653 144 149
4654 17 153
4655 74 90
4656 93 174
4657 40 70
4658 2 158
4659 168 170
4660 22 69
4661 83 89
4662 46 79
4663 121 142
4664 50 178
4665 126 153
4666 93 112
4667 97 117
4668 35 171
4669 25 65
4670 82 114
4671 102 113
4672 35 56
4673 45 143
4674 96 169
4675 115 119
4676 78 105
4677 44 73
4678 68 71
4679 77 143
4680 24 37
4681 78 152
4682 10 88
4683 30 31
4684 87 90
4685 125 131
4686 54 129
4687 114 148
4688 77 96
4689 24 84
4690 101 106
4691 53 120
4692 76 175
4693 114 118
4694 52 128
4695 56 67
4696 62 121
4697 9 115
4698 100 180
4699 119 120
4700 52 55
4701 15 173
4702 132 143
4703 28 40
4704 32 43
4705 75 79
4706 47 82
4707 41 109
4708 61 114
4709 60 78
4710 50 116
4711 107 109
4712 74 126
4713 93 178
4714 60 61
4715 36 54
4716 22 97
4717 117 173
4718 121 170
4719 12 15
4720 69 74
4721 2 21
4722 139 148
4723 35 71
4724 1 171
4725 59 93
4726 25 93
4727 79 150
4728 45 98
4729 68 133
4730 54 67
4731 92 178
4732 81 167
4733 44 45
4734 30 123
4735 87 126
4736 125 167
4737 111 116
4738 24 176
4739 138 152
4740 90 177
4741 143 169
4742 110 180
4743 147 170
4744 20 164
4745 63 70
4746 29 82
4747 53 92
4748 57 153
4749 119 175
4750 123 168
4751 52 100
4752 15 16
4753 80 165
4754 66 72
4755 86 143
4756 65 128
4757 71 110
4758 47 129
4759 41 56
4760 151 167
4761 27 125
4762 47 118
4763 13 130
4764 88 125
4765 41 73
4766 13 19
4767 40 143
4768 3 5
4769 23 94
4770 84 88
4771 140 154
4772 88 155
4773 93 150
4774 22 146
4775 16 39
4776 73 90
4777 36 42
4778 79 84
4779 26 64
4780 103 114
4781 35 146
4782 130 162
4783 150 161
4784 45 53
4785 102 174
4786 49 50
4787 31 102
4788 35 99
4789 59 121
4790 25 57
4791 45 70
4792 120 121
4793 7 14
4794 48 69
4795 105 116
4796 34 168
4797 92 150
4798 129 132
4799 148 160
4800 78 161
4801 10 129
4802 77 87
4803 24 29
4804 10 16
4805 158 168
4806 134 177
4807 90 149
4808 57 68
4809 43 105
4810 100 110
4811 104 105
4812 33 51
4813 53 176
4814 119 179
4815 123 180
4816 33 172
4817 109 121
4818 42 50
4819 66 172
4820 14 180
4821 62 128
4822 51 177
4823 14 39
4824 71 82
4825 18 90
4826 146 167
4827 4 25
4828 99 157
4829 61 73
4830 8 171
4831 88 89
4832 51 79
4833 144 170
4834 164 165
4835 60 118
4836 23 98
4837 64 113
4838 50 60
4839 46 48
4840 73 118
4841 22 41
4842 97 104
4843 130 134
4844 25 100
4845 49 94
4846 55 64
4847 45 170
4848 120 149
4849 49 175
4850 159 166
4851 1 12
4852 96 142
4853 7 114
4854 48 97
4855 68 108
4856 128 137
4857 30 32
4858 77 123
4859 101 117
4860 157 163
4861 134 157
4862 29 105
4863 53 99
4864 57 96
4865 43 85
4866 167 172
4867 5 17
4868 62 66
4869 52 92
4870 18 156
4871 132 148
4872 66 176
4873 85 148
4874 65 72
4875 32 127
4876 51 58
4877 75 128
4878 98 99
4879 61 109
4880 27 37
4881 144 150
4882 74 91
4883 40 71
4884 3 93
4885 140 162
4886 73 129
4887 83 88
4888 121 141
4889 50 179
4890 126 158
4891 36 98
4892 2 14
4893 22 53
4894 97 116
4895 25 64
4896 102 118
4897 31 62
4898 35 59
4899 45 142
4900 58 107
4901 21 101
4902 115 118
4903 44 74
4904 77 142
4905 24 38
4906 78 153
4907 125 130
4908 24 85
4909 101 105
4910 91 143
4911 110 153
4912 20 129
4913 53 71
4914 114 119
4915 56 68
4916 42 123
4917 9 114
4918 119 123
4919 15 172
4920 132 136
4921 18 19
4922 75 78
4923 65 84
4924 28 88
4925 145 156
4926 95 144
4927 47 93
4928 13 157
4929 75 172
4930 41 108
4931 61 113
4932 64 155
4933 3 40
4934 107 108
4935 17 132
4936 74 127
4937 93 177
4938 60 62
4939 36 55
4940 117 172
4941 154 166
4942 69 73
4943 2 18
4944 150 154
4945 35 70
4946 92 109
4947 21 167
4948 59 92
4949 25 92
4950 82 87
4951 49 102
4952 68 134
4953 48 90
4954 54 64
4955 44 46
4956 101 171
4957 20 71
4958 91 122
4959 111 119
4960 24 177
4961 138 153
4962 143 168
4963 63 65
4964 53 91
4965 119 174
4966 33 135
4967 52 101
4968 15 19
4969 56 96
4970 19 84
4971 80 166
4972 133 164
4973 136 152
4974 66 73
4975 86 140
4976 89 152
4977 32 72
4978 113 179
4979 47 128
4980 94 165
4981 41 63
4982 151 166
4983 27 124
4984 47 113
4985 88 126
4986 51 114
4987 41 72
4988 127 180
4989 3 4
4990 84 89
4991 140 155
4992 88 156
4993 70 92
4994 93 149
4995 73 89
4996 36 43
4997 79 87
4998 103 109
4999 150 166
5000 82 168
5001 45 52
5002 83 129
5003 102 175
5004 35 98
5005 92 113
5006 55 127
5007 25 56
5008 116 127
5009 45 69
5010 120 122
5011 1 39
5012 115 129
5013 7 9
5014 48 70
5015 105 123
5016 92 151
5017 148 161
5018 78 166
5019 81 130
5020 7 158
5021 58 146
5022 77 86
5023 24 30
5024 10 17
5025 158 169
5026 90 146
5027 5 171
5028 43 104
5029 100 111
5030 63 101
5031 29 53
5032 104 106
5033 33 50
5034 57 180
5035 119 178
5036 52 121
5037 109 120
5038 42 51
5039 80 130
5040 66 173
5041 86 168
5042 65 99
5043 85 96
5044 51 176
5045 18 91
5046 146 164
5047 47 164
5048 61 72
5049 27 88
5050 88 90
5051 17 34
5052 175 177
5053 164 166
5054 40 108
5055 50 61
5056 46 49
5057 73 117
5058 36 79
5059 22 46
5060 97 111
5061 154 158
5062 103 145
5063 35 177
5064 130 135
5065 49 93
5066 31 69
5067 55 67
5068 120 150
5069 49 174
5070 159 161
5071 1 3
5072 58 84
5073 96 143
5074 25 133
5075 101 146
5076 78 130
5077 7 130
5078 30 33
5079 20 127
5080 101 116
5081 157 162
5082 134 146
5083 29 104
5084 87 150
5085 43 84
5086 167 175
5087 5 16
5088 62 67
5089 132 149
5090 66 177
5091 65 79
5092 51 61
5093 17 125
5094 41 119
5095 61 108
5096 64 176
5097 27 36
5098 50 78
5099 88 165
5100 144 151
5101 74 88
5102 93 172
5103 40 72
5104 23 129
5105 140 163
5106 74 171
5107 168 172
5108 22 91
5109 83 91
5110 50 176
5111 126 159
5112 36 99
5113 2 15
5114 31 168
5115 35 173
5116 21 130
5117 25 71
5118 102 119
5119 49 121
5120 31 57
5121 106 122
5122 44 180
5123 21 100
5124 96 171
5125 115 121
5126 149 159
5127 11 146
5128 128 150
5129 24 39
5130 125 129
5131 114 146
5132 43 146
5133 6 26
5134 81 91
5135 101 104
5136 91 142
5137 53 70
5138 76 169
5139 39 55
5140 114 116
5141 56 69
5142 62 127
5143 119 122
5144 19 168
5145 132 137
5146 14 109
5147 122 172
5148 89 93
5149 145 147
5150 95 147
5151 151 157
5152 47 92
5153 71 170
5154 75 175
5155 64 156
5156 60 72
5157 23 52
5158 50 114
5159 107 111
5160 70 113
5161 74 124
5162 93 176
5163 60 63
5164 70 128
5165 36 48
5166 79 114
5167 154 167
5168 69 72
5169 2 19
5170 139 150
5171 59 95
5172 25 35
5173 79 144
5174 82 84
5175 48 91
5176 11 33
5177 54 65
5178 92 140
5179 44 47
5180 10 122
5181 87 120
5182 20 55
5183 24 178
5184 147 172
5185 100 116
5186 63 64
5187 53 90
5188 33 134
5189 52 102
5190 15 18
5191 56 97
5192 76 92
5193 5 104
5194 80 167
5195 136 153
5196 66 70
5197 86 141
5198 113 178
5199 4 39
5200 8 34
5201 41 62
5202 151 161
5203 27 127
5204 47 112
5205 13 17
5206 40 113
5207 3 7
5208 23 88
5209 26 172
5210 46 171
5211 140 148
5212 88 157
5213 16 25
5214 36 84
5215 79 86
5216 26 78
5217 103 108
5218 35 148
5219 150 167
5220 45 51
5221 83 128
5222 135 177
5223 96 117
5224 25 63
5225 116 120
5226 45 68
5227 120 123
5228 1 38
5229 115 128
5230 7 8
5231 48 71
5232 105 122
5233 92 144
5234 148 162
5235 7 153
5236 77 85
5237 24 31
5238 33 64
5239 90 147
5240 57 74
5241 100 104
5242 29 52
5243 104 107
5244 5 59
5245 52 122
5246 109 119
5247 19 115
5248 42 48
5249 80 131
5250 133 135
5251 86 169
5252 62 134
5253 51 179
5254 4 27
5255 99 159
5256 61 71
5257 84 152
5258 88 91
5259 175 176
5260 144 172
5261 127 171
5262 164 167
5263 40 109
5264 60 112
5265 26 128
5266 64 115
5267 50 58
5268 74 180
5269 168 177
5270 46 54
5271 69 127
5272 73 116
5273 36 72
5274 22 47
5275 97 110
5276 153 172
5277 154 159
5278 35 176
5279 130 132
5280 49 92
5281 55 66
5282 25 27
5283 49 173
5284 159 160
5285 163 165
5286 1 2
5287 48 99
5288 68 110
5289 78 131
5290 30 38
5291 24 123
5292 101 115
5293 157 161
5294 134 147
5295 53 97
5296 110 114
5297 124 154
5298 53 146
5299 167 174
5300 62 64
5301 156 157
5302 29 137
5303 86 90
5304 52 94
5305 132 150
5306 66 142
5307 42 167
5308 32 113
5309 98 142
5310 51 60
5311 17 124
5312 94 98
5313 41 118
5314 64 177
5315 27 39
5316 50 79
5317 88 166
5318 17 158
5319 93 171
5320 40 73
5321 73 135
5322 22 88
5323 83 90
5324 50 177
5325 126 156
5326 2 12
5327 35 172
5328 25 70
5329 82 113
5330 102 116
5331 68 172
5332 31 56
5333 106 123
5334 35 61
5335 54 122
5336 92 169
5337 96 172
5338 149 158
5339 44 68
5340 78 159
5341 6 136
5342 10 71
5343 125 128
5344 114 147
5345 24 87
5346 6 27
5347 81 90
5348 53 69
5349 76 170
5350 114 117
5351 56 70
5352 42 121
5353 5 115
5354 9 112
5355 137 139
5356 66 99
5357 19 171
5358 132 138
5359 66 146
5360 32 46
5361 89 92
5362 145 146
5363 151 156
5364 64 157
5365 127 146
5366 60 73
5367 50 115
5368 107 110
5369 74 125
5370 93 143
5371 97 180
5372 36 49
5373 2 97
5374 79 125
5375 154 164
5376 46 110
5377 2 16
5378 150 152
5379 12 153
5380 35 72
5381 59 94
5382 25 34
5383 79 147
5384 82 85
5385 68 128
5386 21 22
5387 44 153
5388 7 39
5389 48 92
5390 54 70
5391 7 180
5392 77 176
5393 6 116
5394 87 123
5395 111 113
5396 24 179
5397 6 7
5398 100 117
5399 63 67
5400 29 47
5401 104 112
5402 53 89
5403 57 158
5404 123 173
5405 33 133
5406 15 29
5407 76 93
5408 80 152
5409 136 154
5410 100 171
5411 66 71
5412 86 130
5413 15 130
5414 65 133
5415 32 74
5416 109 180
5417 4 32
5418 95 97
5419 94 171
5420 41 61
5421 151 160
5422 47 115
5423 13 16
5424 40 114
5425 3 6
5426 60 109
5427 64 104
5428 84 91
5429 140 149
5430 70 82
5431 74 145
5432 93 147
5433 16 26
5434 79 81
5435 103 111
5436 36 164
5437 45 50
5438 83 131
5439 102 173
5440 49 55
5441 135 176
5442 31 99
5443 1 180
5444 55 121
5445 92 115
5446 25 62
5447 116 121
5448 45 67
5449 49 128
5450 7 11
5451 105 121
5452 129 153
5453 148 163
5454 81 128
5455 77 84
5456 134 180
5457 57 73
5458 100 105
5459 29 51
5460 104 108
5461 5 58
5462 9 63
5463 29 164
5464 33 161
5465 52 123
5466 109 118
5467 19 114
5468 113 115
5469 42 49
5470 80 132
5471 133 134
5472 86 174
5473 62 135
5474 85 110
5475 51 178
5476 71 79
5477 131 155
5478 4 171
5479 61 70
5480 88 92
5481 51 80
5482 175 179
5483 107 153
5484 127 170
5485 40 110
5486 60 113
5487 23 127
5488 84 127
5489 50 59
5490 168 178
5491 26 48
5492 46 55
5493 73 123
5494 93 104
5495 22 44
5496 97 109
5497 153 179
5498 154 156
5499 35 179
5500 130 133
5501 83 159
5502 12 161
5503 31 71
5504 55 93
5505 25 26
5506 49 172
5507 159 163
5508 163 164
5509 115 159
5510 44 97
5511 30 39
5512 20 121
5513 58 180
5514 77 120
5515 24 124
5516 10 51
5517 101 114
5518 157 160
5519 161 165
5520 43 57
5521 29 102
5522 33 99
5523 53 96
5524 110 115
5525 167 169
5526 62 65
5527 156 158
5528 86 91
5529 52 95
5530 66 143
5531 14 151
5532 18 42
5533 8 108
5534 51 63
5535 75 133
5536 94 99
5537 41 117
5538 64 178
5539 27 38
5540 50 76
5541 88 167
5542 93 170
5543 40 74
5544 97 175
5545 64 80
5546 168 174
5547 83 93
5548 121 146
5549 12 103
5550 50 174
5551 2 13
5552 31 170
5553 35 175
5554 25 69
5555 102 117
5556 49 127
5557 68 173
5558 106 120
5559 126 127
5560 48 177
5561 92 170
5562 58 118
5563 21 98
5564 96 173
5565 78 109
5566 115 123
5567 44 69
5568 149 157
5569 101 180
5570 10 68
5571 34 94
5572 125 159
5573 20 29
5574 114 144
5575 81 89
5576 91 128
5577 29 74
5578 53 68
5579 56 71
5580 5 114
5581 62 125
5582 66 96
5583 132 139
5584 28 36
5585 32 47
5586 98 147
5587 151 159
5588 8 151
5589 47 94
5590 71 164
5591 94 95
5592 64 158
5593 3 45
5594 60 74
5595 50 112
5596 74 122
5597 93 142
5598 70 134
5599 36 50
5600 154 165
5601 2 17
5602 150 153
5603 35 75
5604 92 104
5605 25 33
5606 79 146
5607 11 35
5608 54 71
5609 92 142
5610 11 176
5611 77 175
5612 34 98
5613 125 163
5614 111 112
5615 114 180
5616 53 55
5617 5 180
5618 80 123
5619 100 118
5620 63 66
5621 29 46
5622 104 113
5623 33 43
5624 53 88
5625 119 171
5626 123 172
5627 15 28
5628 56 99
5629 42 90
5630 80 153
5631 66 68
5632 86 131
5633 18 114
5634 95 96
5635 99 101
5636 41 60
5637 151 163
5638 27 113
5639 47 114
5640 51 119
5641 41 77
5642 13 15
5643 40 115
5644 3 9
5645 60 110
5646 64 105
5647 140 150
5648 88 159
5649 70 83
5650 74 158
5651 12 88
5652 69 153
5653 16 27
5654 79 80
5655 150 165
5656 45 49
5657 83 130
5658 135 179
5659 49 54
5660 31 98
5661 72 145
5662 96 119
5663 116 122
5664 25 61
5665 45 66
5666 49 135
5667 7 10
5668 48 121
5669 11 79
5670 105 120
5671 148 172
5672 77 83
5673 24 97
5674 67 69
5675 33 70
5676 87 143
5677 57 72
5678 43 109
5679 100 106
5680 29 50
5681 104 109
5682 52 68
5683 18 180
5684 56 127
5685 109 117
5686 113 114
5687 42 62
5688 86 175
5689 85 109
5690 4 5
5691 142 143
5692 75 152
5693 61 69
5694 27 93
5695 84 154
5696 88 93
5697 51 83
5698 17 39
5699 175 178
5700 26 142
5701 64 117
5702 50 56
5703 74 178
5704 168 179
5705 22 178
5706 26 49
5707 46 52
5708 12 124
5709 73 122
5710 36 74
5711 2 38
5712 93 103
5713 97 108
5714 154 157
5715 31 177
5716 35 178
5717 79 165
5718 83 158
5719 31 70
5720 55 92
5721 120 153
5722 159 162
5723 96 130
5724 115 158
5725 72 107
5726 128 141
5727 78 129
5728 30 36
5729 101 113
5730 161 164
5731 91 167
5732 43 56
5733 33 98
5734 87 147
5735 110 112
5736 57 100
5737 76 128
5738 43 73
5739 56 172
5740 167 168
5741 5 29
5742 62 70
5743 156 159
5744 86 88
5745 89 164
5746 52 88
5747 15 84
5748 18 152
5749 132 144
5750 8 109
5751 47 69
5752 51 62
5753 94 96
5754 41 116
5755 64 179
5756 118 122
5757 88 168
5758 93 169
5759 3 65
5760 97 174
5761 64 81
5762 168 175
5763 83 92
5764 46 80
5765 50 175
5766 126 130
5767 2 10
5768 35 174
5769 25 68
5770 82 111
5771 45 121
5772 102 106
5773 68 174
5774 31 58
5775 106 121
5776 48 178
5777 92 171
5778 58 119
5779 96 174
5780 115 122
5781 149 156
5782 44 70
5783 24 42
5784 78 157
5785 6 25
5786 81 88
5787 90 166
5788 147 149
5789 29 73
5790 53 67
5791 114 115
5792 56 72
5793 62 98
5794 66 97
5795 89 128
5796 52 60
5797 19 173
5798 28 37
5799 38 74
5800 42 153
5801 8 9
5802 28 84
5803 95 156
5804 151 158
5805 13 153
5806 17 94
5807 64 159
5808 127 156
5809 23 49
5810 88 132
5811 69 164
5812 70 135
5813 154 162
5814 83 120
5815 46 108
5816 150 158
5817 35 74
5818 25 32
5819 82 83
5820 48 94
5821 34 129
5822 54 68
5823 92 143
5824 11 179
5825 77 174
5826 6 106
5827 30 124
5828 34 99
5829 111 115
5830 53 54
5831 143 180
5832 147 177
5833 100 119
5834 29 45
5835 104 114
5836 33 42
5837 53 167
5838 123 175
5839 52 97
5840 76 95
5841 136 156
5842 66 69
5843 71 101
5844 109 178
5845 75 110
5846 4 34
5847 95 99
5848 99 100
5849 94 169
5850 98 180
5851 151 162
5852 8 180
5853 47 125
5854 51 118
5855 112 120
5856 61 145
5857 13 14
5858 40 116
5859 3 8
5860 46 174
5861 140 151
5862 141 170
5863 3 153
5864 16 28
5865 59 158
5866 79 83
5867 26 77
5868 103 105
5869 16 171
5870 82 164
5871 45 48
5872 83 133
5873 135 178
5874 49 53
5875 31 109
5876 116 123
5877 45 65
5878 120 126
5879 49 134
5880 115 133
5881 44 127
5882 105 127
5883 68 117
5884 92 147
5885 129 159
5886 81 134
5887 20 103
5888 58 158
5889 77 82
5890 24 98
5891 10 29
5892 67 68
5893 33 69
5894 87 142
5895 90 158
5896 57 79
5897 5 151
5898 43 108
5899 80 88
5900 100 107
5901 63 97
5902 171 179
5903 29 49
5904 104 110
5905 56 145
5906 33 167
5907 52 69
5908 15 115
5909 109 116
5910 42 63
5911 80 134
5912 86 172
5913 62 133
5914 51 180
5915 89 105
5916 71 73
5917 166 167
5918 4 6
5919 75 155
5920 61 68
5921 64 168
5922 84 155
5923 40 80
5924 23 121
5925 26 143
5926 64 118
5927 50 57
5928 74 179
5929 2 180
5930 22 179
5931 26 62
5932 46 53
5933 73 121
5934 2 39
5935 22 34
5936 97 99
5937 31 176
5938 16 151
5939 130 131
5940 25 111
5941 49 81
5942 12 163
5943 31 65
5944 120 154
5945 163 166
5946 1 7
5947 44 99
5948 101 158
5949 48 102
5950 72 108
5951 128 142
5952 30 37
5953 58 178
5954 43 170
5955 101 112
5956 91 166
5957 43 59
5958 134 150
5959 29 100
5960 67 177
5961 87 146
5962 90 114
5963 53 110
5964 110 113
5965 43 72
5966 19 35
5967 5 28
5968 62 71
5969 29 134
5970 86 89
5971 18 153
5972 85 159
5973 75 89
5974 38 47
5975 65 67
5976 32 116
5977 145 171
5978 98 141
5979 47 68
5980 94 97
5981 4 137
5982 98 124
5983 64 180
5984 118 123
5985 47 53
5986 23 44
5987 155 156
5988 50 74
5989 93 168
5990 97 173
5991 83 95
5992 12 97
5993 50 172
5994 126 131
5995 55 157
5996 2 11
5997 103 177
5998 35 81
5999 102 107
6000 31 37
6001 35 62
6002 45 137
6003 48 179
6004 54 121
6005 92 164
6006 58 116
6007 96 175
6008 115 125
6009 149 155
6010 44 71
6011 24 43
6012 125 157
6013 24 90
6014 81 95
6015 90 167
6016 91 130
6017 147 148
6018 29 72
6019 53 66
6020 76 165
6021 15 58
6022 56 73
6023 5 112
6024 62 99
6025 52 61
6026 19 172
6027 28 38
6028 66 145
6029 32 33
6030 14 113
6031 42 134
6032 8 10
6033 28 85
6034 94 178
6035 95 159
6036 151 153
6037 8 153
6038 27 151
6039 40 153
6040 3 47
6041 60 68
6042 50 110
6043 88 133
6044 93 140
6045 23 161
6046 36 60
6047 2 124
6048 22 123
6049 79 126
6050 154 163
6051 83 123
6052 46 109
6053 150 159
6054 35 77
6055 96 109
6056 25 39
6057 49 153
6058 72 85
6059 54 69
6060 92 136
6061 78 79
6062 81 153
6063 10 151
6064 6 107
6065 91 113
6066 111 114
6067 114 178
