1 147 176
2 5 178
3 80 125
4 100 112
5 29 44
6 104 115
7 33 41
8 104 130
9 33 154
10 15 30
11 76 88
12 14 162
13 75 97
14 38 119
15 4 35
16 95 98
17 8 38
18 99 103
19 118 129
20 47 143
21 61 63
22 108 126
23 112 121
24 41 179
25 108 141
26 3 11
27 26 168
28 46 175
29 84 102
30 70 81
31 3 152
32 22 148
33 16 29
34 73 92
35 117 139
36 12 41
37 103 104
38 16 172
39 35 152
40 45 47
41 83 132
42 49 52
43 35 105
44 45 64
45 120 127
46 21 55
47 115 132
48 25 172
49 48 123
50 11 65
51 105 126
52 34 162
53 148 174
54 7 149
55 77 81
56 10 26
57 162 177
58 91 93
59 39 149
60 24 146
61 90 159
62 57 78
63 5 150
64 43 111
65 171 178
66 29 48
67 104 111
68 5 39
69 119 137
70 29 161
71 160 176
72 33 166
73 15 114
74 18 178
75 109 115
76 19 119
77 38 177
78 76 124
79 5 72
80 80 135
81 28 110
82 85 107
83 32 105
84 14 41
85 89 104
86 71 72
87 146 161
88 4 7
89 99 131
90 27 174
91 28 157
92 4 150
93 61 67
94 64 169
95 13 160
96 88 95
97 17 37
98 37 42
99 41 175
100 155 179
101 13 49
102 144 160
103 26 140
104 84 122
105 50 54
106 22 176
107 50 137
108 36 116
109 2 36
110 22 35
111 97 98
112 153 176
113 154 155
114 103 140
115 31 179
116 31 64
117 1 149
118 25 31
119 45 164
120 120 155
121 11 28
122 159 172
123 163 169
124 58 81
125 96 132
126 48 103
127 11 109
128 30 155
129 72 109
130 128 143
131 6 160
132 30 42
133 77 117
134 24 127
135 43 173
136 6 51
137 101 127
138 110 135
139 90 115
140 110 118
141 52 171
142 15 33
143 19 34
144 167 170
145 5 27
146 62 68
147 9 88
148 86 94
149 18 150
150 19 147
151 76 96
152 18 41
153 75 88
154 38 44
155 42 163
156 8 111
157 65 66
158 28 114
159 51 147
160 145 170
161 165 167
162 98 125
163 118 120
164 47 52
165 112 129
166 3 50
167 60 161
168 23 47
169 155 159
170 107 134
171 3 67
172 97 172
173 23 156
174 64 83
175 2 153
176 83 94
177 50 173
178 69 95
179 126 128
180 2 8
181 31 151
182 102 104
183 31 36
184 44 177
185 48 180
186 21 111
187 115 124
188 149 154
189 11 137
190 68 78
191 77 136
192 24 44
193 10 67
194 54 152
195 20 24
196 114 143
197 24 91
198 43 137
199 6 31
200 81 94
201 147 151
202 9 154
203 53 65
204 39 50
205 170 175
206 123 133
207 56 74
208 42 101
209 137 143
210 66 127
211 89 134
212 15 170
213 56 57
214 28 39
215 85 178
216 32 34
217 14 118
218 38 72
219 42 135
220 8 11
221 122 169
222 145 150
223 151 152
224 27 150
225 13 151
226 88 104
227 64 145
228 40 154
229 3 46
230 23 51
231 46 144
232 50 111
233 40 41
234 22 137
235 23 160
236 69 162
237 16 50
238 154 160
239 16 65
240 150 156
241 102 133
242 139 141
243 12 149
244 21 161
245 59 82
246 25 38
247 79 159
248 49 152
249 44 149
250 7 35
251 11 36
252 34 159
253 72 86
254 7 176
255 20 77
256 6 104
257 10 103
258 105 163
259 125 160
260 162 170
261 111 125
262 147 179
263 5 177
264 80 126
265 29 43
266 104 116
267 33 40
268 104 131
269 33 153
270 15 25
271 56 102
272 76 89
273 66 67
274 14 163
275 85 86
276 18 113
277 75 96
278 4 44
279 8 39
280 99 102
281 118 134
282 94 175
283 4 179
284 98 178
285 61 62
286 108 127
287 112 122
288 41 178
289 108 142
290 127 178
291 40 118
292 3 10
293 26 169
294 46 172
295 84 103
296 70 86
297 74 157
298 2 174
299 3 155
300 22 149
301 16 30
302 2 65
303 79 93
304 117 138
305 103 107
306 12 42
307 35 155
308 36 160
309 82 162
310 45 46
311 83 135
312 31 111
313 1 136
314 120 128
315 21 54
316 115 135
317 25 179
318 105 125
319 72 114
320 129 157
321 148 175
322 77 80
323 24 100
324 10 27
325 91 92
326 39 148
327 5 149
328 43 110
329 80 90
330 63 99
331 33 52
332 5 38
333 9 35
334 119 136
335 29 160
336 160 177
337 18 179
338 109 114
339 19 118
340 113 119
341 4 113
342 28 111
343 85 106
344 14 46
345 89 111
346 71 75
347 18 85
348 146 158
349 99 130
350 27 161
351 28 158
352 47 162
353 94 139
354 4 151
355 61 66
356 64 170
357 27 94
358 17 36
359 37 41
360 41 174
361 155 178
362 13 48
363 144 161
364 164 172
365 97 135
366 23 123
367 84 123
368 70 178
369 2 178
370 22 177
371 12 127
372 2 37
373 93 100
374 22 32
375 103 143
376 16 137
377 55 89
378 25 30
379 45 163
380 11 31
381 49 160
382 159 175
383 163 168
384 1 5
385 58 94
386 21 74
387 30 152
388 72 110
389 6 161
390 10 172
391 30 43
392 34 54
393 77 116
394 43 172
395 6 48
396 101 126
397 110 132
398 134 148
399 33 103
400 110 119
401 5 137
402 52 180
403 15 32
404 19 37
405 5 26
406 86 95
407 19 146
408 76 97
409 85 157
410 14 155
411 18 38
412 75 91
413 38 45
414 42 160
415 8 16
416 145 169
417 165 166
418 95 165
419 17 119
420 98 122
421 118 121
422 112 130
423 23 46
424 155 158
425 50 72
426 107 121
427 23 159
428 64 84
429 2 150
430 83 97
431 50 170
432 126 129
433 2 9
434 31 150
435 21 140
436 59 73
437 45 118
438 102 105
439 31 39
440 21 110
441 115 127
442 149 153
443 44 65
444 11 136
445 77 135
446 20 25
447 114 140
448 6 28
449 81 93
450 91 132
451 110 160
452 147 150
453 9 153
454 53 64
455 39 45
456 170 172
457 123 132
458 52 136
459 56 75
460 19 65
461 137 142
462 56 58
463 19 174
464 28 32
465 32 35
466 14 119
467 113 136
468 8 12
469 145 149
470 94 176
471 151 155
472 8 155
473 27 105
474 13 150
475 40 155
476 3 17
477 60 70
478 23 50
479 40 42
480 69 161
481 16 51
482 2 122
483 154 161
484 121 178
485 150 157
486 139 140
487 12 150
488 1 163
489 92 100
490 21 160
491 25 37
492 49 159
493 152 160
494 44 150
495 11 39
496 34 156
497 72 87
498 54 91
499 92 138
500 10 149
501 11 180
502 6 105
503 105 162
504 158 180
505 162 171
506 20 61
507 111 124
508 147 178
509 39 64
510 80 127
511 100 114
512 29 42
513 104 117
514 33 47
515 104 132
516 15 24
517 76 90
518 14 160
519 65 152
520 18 110
521 4 45
522 8 40
523 99 105
524 118 135
525 47 137
526 94 172
527 84 130
528 108 120
529 37 52
530 112 123
531 41 177
532 155 169
533 108 143
534 3 13
535 117 119
536 46 173
537 70 87
538 74 154
539 22 170
540 16 31
541 79 92
542 26 72
543 117 137
544 12 43
545 103 106
546 36 161
547 31 110
548 35 107
549 1 143
550 120 129
551 21 53
552 115 134
553 25 178
554 105 124
555 68 112
556 34 160
557 72 115
558 148 168
559 7 151
560 77 79
561 24 101
562 63 140
563 10 24
564 67 73
565 105 158
566 91 95
567 80 91
568 171 180
569 124 140
570 5 37
571 9 34
572 119 139
573 160 178
574 33 164
575 52 64
576 15 124
577 18 176
578 109 113
579 113 118
580 66 164
581 32 107
582 14 47
583 71 74
584 146 159
585 99 133
586 27 160
587 28 159
588 47 173
589 94 136
590 131 158
591 4 144
592 61 65
593 17 27
594 37 40
595 41 173
596 61 178
597 13 47
598 144 162
599 164 173
600 3 105
601 50 52
602 2 179
603 36 118
604 2 34
605 22 33
606 103 142
607 55 88
608 25 29
609 45 162
610 11 30
611 49 167
612 159 174
613 163 171
614 1 4
615 58 95
616 21 73
617 11 111
618 30 153
619 68 84
620 128 129
621 6 166
622 30 40
623 34 55
624 54 178
625 43 175
626 6 49
627 101 125
628 110 133
629 110 116
630 15 35
631 53 156
632 19 36
633 5 25
634 62 74
635 86 92
636 19 149
637 76 98
638 14 152
639 18 39
640 75 90
641 42 161
642 8 17
643 145 168
644 98 136
645 47 65
646 17 118
647 41 120
648 118 126
649 112 131
650 40 160
651 3 52
652 41 137
653 23 41
654 107 120
655 17 144
656 40 79
657 23 158
658 64 85
659 73 137
660 2 151
661 22 82
662 83 96
663 12 28
664 50 171
665 69 93
666 16 103
667 126 134
668 2 6
669 59 72
670 102 110
671 31 38
672 44 179
673 7 57
674 115 126
675 149 152
676 81 178
677 68 72
678 10 65
679 20 26
680 114 141
681 6 29
682 81 92
683 157 159
684 90 162
685 147 153
686 20 137
687 9 152
688 39 44
689 170 173
690 123 135
691 52 137
692 56 76
693 19 64
694 80 178
695 9 122
696 137 141
697 15 180
698 56 59
699 19 177
700 28 33
701 85 176
702 32 36
703 14 116
704 113 143
705 8 13
706 32 147
707 145 148
708 95 152
709 151 154
710 8 156
711 47 101
712 13 149
713 71 163
714 64 147
715 40 156
716 3 16
717 46 150
718 40 43
719 22 143
720 23 162
721 16 52
722 2 123
723 154 174
724 16 67
725 139 143
726 12 151
727 21 175
728 59 84
729 25 36
730 49 158
731 152 161
732 44 151
733 7 29
734 11 38
735 72 88
736 54 88
737 148 149
738 162 168
739 111 127
740 20 173
741 9 180
742 100 115
743 29 41
744 104 118
745 33 46
746 57 160
747 156 172
748 104 133
749 33 159
750 52 109
751 15 27
752 76 91
753 5 81
754 14 161
755 71 97
756 18 111
757 75 98
758 4 46
759 8 41
760 99 104
761 118 132
762 28 180
763 27 116
764 84 131
765 108 121
766 37 51
767 112 124
768 61 173
769 155 168
770 108 136
771 3 12
772 117 118
773 46 178
774 84 97
775 70 84
776 2 172
777 3 157
778 22 171
779 26 38
780 22 26
781 79 95
782 117 136
783 12 36
784 35 157
785 35 106
786 59 112
787 120 130
788 21 52
789 115 137
790 25 177
791 30 162
792 72 116
793 148 169
794 7 150
795 77 78
796 24 102
797 63 143
798 10 25
799 105 157
800 91 94
801 24 149
802 57 83
803 80 92
804 124 141
805 5 36
806 9 33
807 119 138
808 156 176
809 160 179
810 52 65
811 18 177
812 109 112
813 19 120
814 38 180
815 113 117
816 85 135
817 169 180
818 8 118
819 85 104
820 14 44
821 146 156
822 99 132
823 27 163
824 28 152
825 47 172
826 94 137
827 61 64
828 64 172
829 17 26
830 41 172
831 60 152
832 155 180
833 13 46
834 144 163
835 164 174
836 97 133
837 50 53
838 46 57
839 50 132
840 16 124
841 2 35
842 93 98
843 22 38
844 103 137
845 16 139
846 79 160
847 114 178
848 55 91
849 25 28
850 48 139
851 11 17
852 49 166
853 159 169
854 163 170
855 1 27
856 58 92
857 96 135
858 152 153
859 11 110
860 30 158
861 128 130
862 6 167
863 10 170
864 30 41
865 34 52
866 43 174
867 101 124
868 110 138
869 134 138
870 110 117
871 15 34
872 19 39
873 5 24
874 62 75
875 86 93
876 18 149
877 85 155
878 14 153
879 18 36
880 75 93
881 42 174
882 8 18
883 145 175
884 47 64
885 94 101
886 118 127
887 47 49
888 112 132
889 40 161
890 41 136
891 23 40
892 13 82
893 107 123
894 40 48
895 23 153
896 2 148
897 26 30
898 46 85
899 12 29
900 50 168
901 69 92
902 126 135
903 36 107
904 2 7
905 31 144
906 59 75
907 25 79
908 102 111
909 49 113
910 31 33
911 44 172
912 54 125
913 21 108
914 149 167
915 68 73
916 77 133
917 24 47
918 34 88
919 20 27
920 114 138
921 24 94
922 6 18
923 81 83
924 157 158
925 110 166
926 147 152
927 39 94
928 9 159
929 39 47
930 123 134
931 56 77
932 19 67
933 137 140
934 56 60
935 28 34
936 32 37
937 75 121
938 8 14
939 8 157
940 27 107
941 47 100
942 13 148
943 71 162
944 64 148
945 40 157
946 3 19
947 60 64
948 46 151
949 50 106
950 13 118
951 40 44
952 3 160
953 22 140
954 69 175
955 2 120
956 154 175
957 46 113
958 139 142
959 12 144
960 31 116
961 35 113
962 21 174
963 96 97
964 25 43
965 49 157
966 21 31
967 152 162
968 72 89
969 54 89
970 1 67
971 148 150
972 78 83
973 7 173
974 20 72
975 105 160
976 162 169
977 111 126
978 138 142
979 90 135
980 147 180
981 20 174
982 100 124
983 29 40
984 104 119
985 33 45
986 156 173
987 104 134
988 160 168
989 52 110
990 15 26
991 76 84
992 14 166
993 32 65
994 4 47
995 99 107
996 8 42
997 118 133
998 94 146
999 84 140
1000 108 122
1001 71 134
1002 37 50
1003 112 125
1004 155 171
1005 108 137
1006 3 15
1007 26 180
1008 46 179
1009 70 85
1010 2 173
1011 3 156
1012 22 168
1013 26 39
1014 16 17
1015 22 27
1016 12 37
1017 16 160
1018 35 156
1019 36 163
1020 82 161
1021 83 136
1022 12 180
1023 72 151
1024 35 109
1025 120 131
1026 159 180
1027 163 177
1028 21 51
1029 115 136
1030 125 127
1031 72 117
1032 128 167
1033 148 170
1034 78 175
1035 30 50
1036 105 156
1037 24 150
1038 39 102
1039 5 146
1040 80 93
1041 63 108
1042 124 142
1043 5 35
1044 9 32
1045 119 133
1046 156 177
1047 160 180
1048 18 174
1049 109 111
1050 19 123
1051 113 116
1052 133 143
1053 62 63
1054 14 130
1055 85 119
1056 32 109
1057 14 45
1058 146 157
1059 99 135
1060 27 162
1061 28 153
1062 47 175
1063 94 142
1064 61 95
1065 17 25
1066 41 147
1067 13 45
1068 144 164
1069 17 170
1070 164 175
1071 3 107
1072 97 132
1073 26 136
1074 64 75
1075 2 177
1076 22 180
1077 2 32
1078 93 97
1079 59 177
1080 153 180
1081 103 136
1082 135 141
1083 45 160
1084 11 16
1085 49 165
1086 159 168
1087 163 173
1088 1 26
1089 58 93
1090 152 154
1091 30 159
1092 68 86
1093 128 131
1094 6 164
1095 172 180
1096 30 46
1097 34 53
1098 43 161
1099 101 123
1100 110 139
1101 134 139
1102 90 127
1103 110 122
1104 15 45
1105 56 178
1106 19 38
1107 62 72
1108 9 92
1109 29 129
1110 18 146
1111 66 134
1112 14 158
1113 18 37
1114 75 92
1115 42 175
1116 8 19
1117 32 137
1118 145 174
1119 94 106
1120 98 121
1121 118 124
1122 47 48
1123 112 133
1124 40 162
1125 3 54
1126 41 143
1127 23 43
1128 107 122
1129 40 49
1130 23 152
1131 2 149
1132 22 80
1133 79 97
1134 26 31
1135 12 30
1136 69 91
1137 126 132
1138 36 148
1139 2 4
1140 31 147
1141 21 137
1142 59 74
1143 102 108
1144 68 148
1145 31 32
1146 35 37
1147 44 173
1148 48 168
1149 149 166
1150 68 74
1151 77 132
1152 24 48
1153 6 128
1154 20 36
1155 114 139
1156 24 95
1157 6 19
1158 81 82
1159 110 167
1160 147 155
1161 9 158
1162 53 77
1163 39 46
1164 170 171
1165 5 123
1166 56 61
1167 65 177
1168 28 35
1169 32 38
1170 113 141
1171 4 52
1172 42 131
1173 8 15
1174 28 82
1175 95 154
1176 8 158
1177 27 106
1178 47 103
1179 13 147
1180 71 157
1181 64 149
1182 40 158
1183 3 18
1184 60 65
1185 50 107
1186 40 45
1187 3 163
1188 16 54
1189 36 57
1190 117 178
1191 154 172
1192 83 126
1193 36 136
1194 1 160
1195 96 98
1196 21 173
1197 25 42
1198 79 155
1199 49 156
1200 21 30
1201 152 163
1202 116 156
1203 7 31
1204 34 155
1205 72 90
1206 148 151
1207 78 80
1208 10 144
1209 11 169
1210 30 102
1211 162 166
1212 111 121
1213 138 143
1214 90 132
1215 143 178
1216 20 175
1217 100 125
1218 29 39
1219 104 120
1220 33 44
1221 9 11
1222 156 174
1223 104 135
1224 160 169
1225 52 111
1226 56 106
1227 76 85
1228 14 167
1229 32 66
1230 75 100
1231 38 104
1232 113 169
1233 4 40
1234 8 43
1235 99 106
1236 94 147
1237 27 118
1238 84 141
1239 108 123
1240 37 49
1241 112 126
1242 155 170
1243 108 138
1244 164 180
1245 3 14
1246 46 176
1247 140 141
1248 70 74
1249 74 153
1250 2 170
1251 3 159
1252 22 169
1253 26 36
1254 50 158
1255 16 18
1256 22 24
1257 12 38
1258 35 159
1259 36 172
1260 31 107
1261 120 132
1262 163 176
1263 58 70
1264 21 50
1265 115 139
1266 30 160
1267 125 126
1268 54 58
1269 148 171
1270 30 51
1271 34 46
1272 20 109
1273 105 131
1274 143 150
1275 57 81
1276 39 97
1277 80 94
1278 63 111
1279 124 143
1280 5 34
1281 9 39
1282 119 132
1283 156 178
1284 109 110
1285 38 170
1286 133 142
1287 85 133
1288 14 131
1289 85 118
1290 32 110
1291 14 50
1292 89 115
1293 146 154
1294 4 12
1295 99 134
1296 28 154
1297 47 174
1298 94 143
1299 4 147
1300 27 82
1301 17 24
1302 13 44
1303 144 165
1304 17 169
1305 164 168
1306 26 137
1307 50 51
1308 46 63
1309 12 123
1310 73 99
1311 36 113
1312 2 33
1313 93 96
1314 22 36
1315 103 139
1316 25 113
1317 135 140
1318 45 159
1319 120 160
1320 11 19
1321 49 164
1322 159 171
1323 163 172
1324 58 90
1325 96 153
1326 152 155
1327 25 147
1328 44 89
1329 30 156
1330 128 132
1331 10 168
1332 30 47
1333 34 50
1334 77 112
1335 43 160
1336 6 52
1337 63 173
1338 101 122
1339 110 136
1340 111 177
1341 39 180
1342 43 49
1343 134 136
1344 90 124
1345 110 123
1346 170 180
1347 15 44
1348 19 41
1349 5 6
1350 62 73
1351 9 67
1352 100 132
1353 29 128
1354 19 150
1355 14 159
1356 18 34
1357 75 95
1358 42 172
1359 8 20
1360 28 79
1361 145 173
1362 95 161
1363 27 129
1364 47 66
1365 17 107
1366 37 120
1367 94 107
1368 61 98
1369 118 125
1370 47 51
1371 112 134
1372 40 163
1373 23 42
1374 13 80
1375 107 125
1376 17 149
1377 74 78
1378 40 50
1379 23 155
1380 2 146
1381 26 28
1382 12 31
1383 50 166
1384 69 90
1385 126 133
1386 2 5
1387 21 136
1388 59 77
1389 102 109
1390 31 35
1391 35 36
1392 44 174
1393 48 169
1394 21 106
1395 149 165
1396 11 140
1397 77 131
1398 24 49
1399 6 129
1400 20 37
1401 114 136
1402 24 160
1403 6 16
1404 147 154
1405 9 157
1406 53 76
1407 39 41
1408 56 79
1409 42 110
1410 15 177
1411 56 62
1412 65 176
1413 32 39
1414 14 123
1415 113 140
1416 95 116
1417 42 128
1418 8 48
1419 99 113
1420 122 178
1421 94 180
1422 8 159
1423 27 109
1424 47 102
1425 13 146
1426 71 156
1427 64 150
1428 127 133
1429 40 159
1430 3 21
1431 60 66
1432 46 149
1433 88 139
1434 70 111
1435 74 98
1436 93 134
1437 40 46
1438 3 162
1439 2 118
1440 154 173
1441 36 137
1442 12 146
1443 31 118
1444 1 167
1445 92 96
1446 21 172
1447 25 41
1448 79 154
1449 21 29
1450 152 164
1451 116 157
1452 72 91
1453 1 65
1454 78 81
1455 7 175
1456 11 168
1457 63 148
1458 30 103
1459 105 166
1460 162 167
1461 20 57
1462 111 120
1463 138 140
1464 53 63
1465 20 168
1466 39 124
1467 80 115
1468 100 126
1469 29 38
1470 104 121
1471 33 35
1472 57 165
1473 9 10
1474 156 175
1475 104 136
1476 160 170
1477 33 156
1478 76 86
1479 5 94
1480 14 164
1481 15 149
1482 51 161
1483 71 98
1484 38 105
1485 113 168
1486 4 41
1487 166 178
1488 99 109
1489 8 44
1490 118 155
1491 94 144
1492 84 142
1493 17 51
1494 108 116
1495 37 48
1496 112 127
1497 155 173
1498 108 139
1499 3 113
1500 23 82
1501 26 178
1502 46 177
1503 84 108
1504 140 142
1505 70 75
1506 2 171
1507 22 174
1508 26 37
1509 16 19
1510 59 151
1511 22 25
1512 79 88
1513 12 39
1514 106 134
1515 35 158
1516 36 173
1517 82 159
1518 83 138
1519 31 106
1520 35 111
1521 55 112
1522 59 117
1523 120 133
1524 163 179
1525 21 49
1526 115 138
1527 44 118
1528 48 113
1529 72 119
1530 54 59
1531 129 144
1532 148 180
1533 30 48
1534 34 47
1535 67 77
1536 30 67
1537 105 130
1538 111 156
1539 134 173
1540 57 80
1541 5 144
1542 43 101
1543 80 95
1544 124 136
1545 5 33
1546 9 38
1547 119 135
1548 156 179
1549 15 120
1550 18 172
1551 133 141
1552 85 132
1553 14 128
1554 85 117
1555 14 51
1556 89 114
1557 109 143
1558 146 155
1559 4 13
1560 99 137
1561 27 164
1562 28 155
1563 47 169
1564 94 140
1565 4 156
1566 61 93
1567 17 31
1568 13 43
1569 144 166
1570 17 168
1571 164 169
1572 37 165
1573 3 109
1574 23 118
1575 26 150
1576 140 178
1577 46 60
1578 177 179
1579 50 131
1580 16 127
1581 73 98
1582 22 37
1583 97 100
1584 103 138
1585 135 143
1586 55 84
1587 116 166
1588 45 158
1589 11 18
1590 159 170
1591 163 175
1592 1 24
1593 58 91
1594 152 156
1595 25 146
1596 101 135
1597 30 157
1598 68 80
1599 128 133
1600 6 154
1601 10 169
1602 176 177
1603 30 44
1604 34 51
1605 43 163
1606 101 121
1607 110 137
1608 43 48
1609 134 137
1610 110 120
1611 52 177
1612 15 47
1613 53 152
1614 19 40
1615 100 133
1616 29 159
1617 18 144
1618 19 153
1619 65 171
1620 14 156
1621 18 35
1622 75 94
1623 8 21
1624 65 68
1625 14 15
1626 145 172
1627 27 128
1628 17 106
1629 94 104
1630 27 49
1631 47 50
1632 112 135
1633 40 164
1634 23 37
1635 107 124
1636 74 79
1637 40 51
1638 73 141
1639 2 147
1640 79 99
1641 26 29
1642 83 100
1643 12 24
1644 50 167
1645 69 89
1646 126 138
1647 36 150
1648 31 157
1649 21 151
1650 45 113
1651 49 118
1652 31 34
1653 35 39
1654 44 175
1655 48 170
1656 54 112
1657 21 105
1658 149 164
1659 7 74
1660 48 57
1661 11 143
1662 77 130
1663 24 50
1664 6 134
1665 20 38
1666 114 137
1667 24 161
1668 6 17
1669 110 165
1670 147 157
1671 9 156
1672 29 65
1673 53 75
1674 39 40
1675 52 149
1676 56 80
1677 42 111
1678 86 124
1679 56 63
1680 14 120
1681 4 54
1682 42 129
1683 8 49
1684 99 112
1685 28 172
1686 32 151
1687 13 145
1688 71 159
1689 64 151
1690 27 29
1691 127 132
1692 3 20
1693 60 67
1694 46 154
1695 40 47
1696 3 165
1697 69 172
1698 16 40
1699 2 119
1700 26 113
1701 154 170
1702 103 125
1703 12 147
1704 31 113
1705 1 166
1706 55 111
1707 92 97
1708 96 100
1709 21 171
1710 25 40
1711 49 146
1712 21 28
1713 152 165
1714 116 158
1715 44 147
1716 7 25
1717 34 153
1718 72 92
1719 54 92
1720 1 64
1721 92 135
1722 129 139
1723 78 86
1724 7 174
1725 10 158
1726 11 171
1727 30 100
1728 105 165
1729 162 164
1730 111 123
1731 138 141
1732 53 62
1733 57 59
1734 80 116
1735 100 127
1736 29 37
1737 104 122
1738 33 34
1739 57 164
1740 156 168
1741 104 137
1742 160 171
1743 52 105
1744 15 103
1745 76 87
1746 14 165
1747 8 94
1748 71 93
1749 146 180
1750 75 102
1751 166 179
1752 4 42
1753 8 45
1754 99 108
1755 47 148
1756 94 145
1757 41 43
1758 17 50
1759 108 117
1760 41 180
1761 155 172
1762 108 132
1763 23 109
1764 26 179
1765 64 98
1766 84 109
1767 140 143
1768 70 72
1769 74 135
1770 2 168
1771 22 175
1772 26 34
1773 50 156
1774 16 20
1775 22 30
1776 12 32
1777 106 135
1778 35 129
1779 36 174
1780 150 178
1781 82 156
1782 83 141
1783 35 110
1784 120 134
1785 159 177
1786 163 178
1787 1 51
1788 58 68
1789 21 48
1790 115 141
1791 68 125
1792 72 120
1793 54 56
1794 78 178
1795 30 49
1796 34 44
1797 20 111
1798 24 106
1799 30 64
1800 105 129
1801 134 162
1802 90 102
1803 143 144
1804 5 159
1805 63 105
1806 124 137
1807 5 32
1808 62 83
1809 9 37
1810 119 134
1811 15 123
1812 18 173
1813 38 168
1814 133 140
1815 14 129
1816 85 116
1817 14 48
1818 18 79
1819 109 142
1820 146 152
1821 4 14
1822 99 136
1823 27 167
1824 47 168
1825 94 141
1826 131 133
1827 4 157
1828 61 92
1829 64 160
1830 17 30
1831 50 94
1832 13 42
1833 144 167
1834 164 170
1835 23 113
1836 26 151
1837 64 78
1838 46 61
1839 177 178
1840 73 97
1841 103 133
1842 79 172
1843 135 142
1844 45 157
1845 11 21
1846 163 174
1847 1 31
1848 58 88
1849 152 157
1850 101 134
1851 128 134
1852 6 155
1853 176 178
1854 30 45
1855 34 48
1856 77 110
1857 43 162
1858 101 120
1859 161 179
1860 110 142
1861 43 51
1862 90 122
1863 110 121
1864 170 178
1865 104 178
1866 15 46
1867 19 43
1868 9 65
1869 100 134
1870 137 148
1871 29 158
1872 65 170
1873 14 157
1874 18 32
1875 75 81
1876 38 39
1877 42 170
1878 32 140
1879 51 152
1880 145 163
1881 95 163
1882 17 105
1883 41 99
1884 61 96
1885 27 48
1886 122 126
1887 40 165
1888 23 36
1889 107 127
1890 74 76
1891 40 52
1892 3 72
1893 23 149
1894 73 140
1895 2 144
1896 79 98
1897 12 25
1898 69 88
1899 126 139
1900 36 151
1901 2 3
1902 103 169
1903 31 156
1904 21 150
1905 68 151
1906 31 45
1907 106 110
1908 35 38
1909 44 168
1910 48 171
1911 11 49
1912 54 113
1913 149 163
1914 24 51
1915 6 135
1916 20 39
1917 114 134
1918 24 162
1919 6 22
1920 81 87
1921 90 175
1922 110 170
1923 147 156
1924 20 150
1925 90 94
1926 53 74
1927 52 150
1928 5 120
1929 19 180
1930 28 62
1931 75 125
1932 113 130
1933 4 55
1934 8 50
1935 99 115
1936 28 173
1937 32 168
1938 95 135
1939 27 111
1940 13 144
1941 27 28
1942 127 135
1943 40 129
1944 3 23
1945 60 92
1946 23 72
1947 46 155
1948 88 141
1949 74 96
1950 93 132
1951 3 164
1952 16 41
1953 154 171
1954 103 124
1955 150 151
1956 1 165
1957 92 98
1958 21 170
1959 25 47
1960 21 27
1961 152 166
1962 7 24
1963 34 150
1964 72 93
1965 54 93
1966 129 138
1967 78 87
1968 81 145
1969 11 170
1970 10 110
1971 105 164
1972 162 165
1973 111 122
1974 114 170
1975 53 61
1976 57 58
1977 100 120
1978 29 36
1979 104 123
1980 57 171
1981 156 169
1982 104 138
1983 160 172
1984 33 146
1985 52 106
1986 76 80
1987 42 64
1988 14 170
1989 15 151
1990 65 146
1991 85 95
1992 32 69
1993 71 92
1994 38 111
1995 113 174
1996 4 43
1997 166 176
1998 8 46
1999 99 111
2000 28 177
2001 47 151
2002 41 42
2003 84 136
2004 13 180
2005 179 180
2006 17 49
2007 108 118
2008 112 113
2009 61 168
2010 155 175
2011 108 133
2012 26 176
2013 84 110
2014 70 73
2015 2 169
2016 22 172
2017 26 35
2018 12 82
2019 16 21
2020 22 31
2021 79 90
2022 12 33
2023 106 132
2024 35 128
2025 150 179
2026 82 157
2027 83 140
2028 120 135
2029 159 176
2030 1 50
2031 21 63
2032 115 140
2033 25 180
2034 30 167
2035 54 57
2036 30 54
2037 34 45
2038 20 104
2039 24 107
2040 6 79
2041 30 65
2042 105 128
2043 90 103
2044 5 158
2045 43 103
2046 80 81
2047 124 138
2048 5 47
2049 9 36
2050 119 129
2051 18 170
2052 38 169
2053 76 116
2054 133 139
2055 85 130
2056 85 115
2057 32 97
2058 14 49
2059 109 141
2060 146 153
2061 4 15
2062 99 139
2063 28 149
2064 47 171
2065 37 65
2066 94 114
2067 131 132
2068 4 158
2069 61 91
2070 17 29
2071 41 151
2072 13 41
2073 144 152
2074 164 171
2075 3 111
2076 26 148
2077 73 151
2078 173 180
2079 46 66
2080 121 131
2081 12 118
2082 50 129
2083 16 113
2084 73 96
2085 93 125
2086 103 132
2087 25 118
2088 135 137
2089 55 86
2090 116 160
2091 45 156
2092 48 128
2093 11 20
2094 1 30
2095 58 89
2096 96 156
2097 152 158
2098 25 144
2099 101 133
2100 11 101
2101 68 82
2102 128 135
2103 172 176
2104 176 179
2105 34 49
2106 77 109
2107 43 165
2108 6 43
2109 10 38
2110 101 103
2111 161 178
2112 110 143
2113 111 178
2114 43 50
2115 134 143
2116 33 120
2117 87 165
2118 110 126
2119 170 179
2120 52 179
2121 15 41
2122 19 42
2123 62 76
2124 9 64
2125 100 135
2126 29 157
2127 89 178
2128 19 155
2129 65 169
2130 18 33
2131 75 80
2132 42 171
2133 8 23
2134 122 157
2135 51 155
2136 145 162
2137 165 175
2138 95 162
2139 17 104
2140 27 51
2141 122 127
2142 23 39
2143 13 77
2144 88 178
2145 107 126
2146 74 77
2147 23 148
2148 26 27
2149 83 102
2150 46 94
2151 12 26
2152 69 71
2153 126 136
2154 36 144
2155 103 168
2156 31 159
2157 21 149
2158 45 111
2159 31 44
2160 106 111
2161 35 41
2162 116 132
2163 48 172
2164 11 48
2165 149 162
2166 81 180
2167 48 59
2168 11 129
2169 24 52
2170 6 132
2171 20 32
2172 114 135
2173 24 163
2174 43 129
2175 6 23
2176 81 86
2177 90 172
2178 147 159
2179 67 148
2180 90 95
2181 39 42
2182 9 19
2183 52 151
2184 42 109
2185 80 168
2186 133 178
2187 28 63
2188 75 124
2189 113 129
2190 4 48
2191 8 51
2192 99 114
2193 118 178
2194 28 174
2195 122 177
2196 27 110
2197 47 99
2198 71 153
2199 41 94
2200 27 31
2201 127 134
2202 3 22
2203 60 93
2204 46 152
2205 13 113
2206 70 98
2207 74 97
2208 3 167
2209 69 170
2210 16 42
2211 73 175
2212 36 37
2213 2 117
2214 26 127
2215 154 168
2216 174 175
2217 103 127
2218 21 169
2219 96 102
2220 25 46
2221 49 144
2222 21 26
2223 152 167
2224 116 152
2225 7 27
2226 48 72
2227 34 151
2228 72 94
2229 129 137
2230 78 84
2231 7 168
2232 10 156
2233 11 173
2234 10 111
2235 67 82
2236 111 133
2237 114 171
2238 138 139
2239 53 60
2240 100 121
2241 29 35
2242 104 124
2243 9 15
2244 156 170
2245 104 139
2246 160 173
2247 52 107
2248 15 97
2249 76 81
2250 42 65
2251 14 171
2252 62 151
2253 85 94
2254 71 95
2255 146 178
2256 113 173
2257 166 177
2258 4 20
2259 8 47
2260 99 110
2261 47 150
2262 94 151
2263 151 180
2264 13 179
2265 17 48
2266 108 119
2267 112 114
2268 155 174
2269 108 134
2270 164 176
2271 23 111
2272 26 177
2273 46 180
2274 84 111
2275 70 78
2276 2 166
2277 26 32
2278 16 22
2279 73 75
2280 59 168
2281 153 163
2282 12 34
2283 106 133
2284 36 168
2285 150 176
2286 12 177
2287 72 156
2288 55 77
2289 120 136
2290 159 179
2291 163 180
2292 1 49
2293 58 66
2294 115 143
2295 44 113
2296 30 164
2297 54 62
2298 78 176
2299 34 42
2300 20 105
2301 105 135
2302 39 140
2303 24 155
2304 134 160
2305 90 100
2306 57 85
2307 5 157
2308 171 173
2309 124 139
2310 5 46
2311 62 81
2312 9 43
2313 119 128
2314 18 171
2315 38 174
2316 133 138
2317 14 135
2318 42 180
2319 28 103
2320 122 134
2321 85 114
2322 109 140
2323 146 150
2324 4 8
2325 99 138
2326 28 150
2327 47 170
2328 94 115
2329 131 135
2330 4 159
2331 61 90
2332 64 162
2333 17 28
2334 41 150
2335 13 40
2336 144 153
2337 74 86
2338 3 110
2339 26 149
2340 173 179
2341 46 67
2342 121 130
2343 69 98
2344 97 121
2345 103 135
2346 16 129
2347 135 136
2348 49 79
2349 55 81
2350 45 155
2351 11 23
2352 1 29
2353 152 159
2354 25 151
2355 101 132
2356 30 128
2357 68 83
2358 6 153
2359 172 177
2360 176 180
2361 125 143
2362 24 72
2363 43 164
2364 6 40
2365 10 39
2366 101 102
2367 157 180
2368 161 177
2369 110 140
2370 39 176
2371 43 53
2372 134 140
2373 87 164
2374 110 127
2375 170 176
2376 15 40
2377 19 45
2378 42 118
2379 62 77
2380 100 128
2381 29 156
2382 86 87
2383 65 168
2384 85 165
2385 14 99
2386 18 30
2387 75 83
2388 42 168
2389 8 24
2390 51 154
2391 14 18
2392 145 161
2393 165 174
2394 95 173
2395 17 111
2396 71 180
2397 98 114
2398 27 50
2399 47 63
2400 122 124
2401 23 38
2402 50 64
2403 107 113
2404 17 137
2405 40 54
2406 23 151
2407 73 178
2408 2 110
2409 12 27
2410 69 70
2411 126 137
2412 153 155
2413 31 158
2414 21 148
2415 59 65
2416 82 98
2417 31 47
2418 106 108
2419 35 40
2420 116 133
2421 44 170
2422 48 173
2423 11 51
2424 21 118
2425 149 161
2426 11 128
2427 10 72
2428 20 33
2429 114 132
2430 6 20
2431 81 85
2432 147 158
2433 90 92
2434 53 72
2435 9 18
2436 52 144
2437 56 83
2438 42 106
2439 32 59
2440 38 65
2441 113 128
2442 4 49
2443 8 52
2444 99 117
2445 71 152
2446 27 30
2447 13 31
2448 127 129
2449 3 25
2450 46 153
2451 3 166
2452 22 134
2453 16 43
2454 36 38
2455 2 114
2456 22 113
2457 154 169
2458 103 126
2459 35 119
2460 92 124
2461 21 168
2462 25 45
2463 45 82
2464 49 151
2465 21 25
2466 115 178
2467 152 168
2468 7 26
2469 72 95
2470 54 83
2471 92 130
2472 129 136
2473 148 156
2474 78 85
2475 7 171
2476 11 172
2477 162 163
2478 111 132
2479 53 59
2480 80 119
2481 100 122
2482 29 34
2483 104 125
2484 33 39
2485 56 128
2486 9 14
2487 156 171
2488 104 140
2489 160 174
2490 56 111
2491 38 131
2492 14 168
2493 8 65
2494 62 148
2495 65 144
2496 85 93
2497 146 179
2498 38 109
2499 113 172
2500 4 21
2501 28 179
2502 94 148
2503 4 164
2504 84 138
2505 13 178
2506 108 112
2507 112 115
2508 155 161
2509 108 135
2510 164 177
2511 40 127
2512 23 110
2513 117 127
2514 84 104
2515 74 130
2516 22 162
2517 26 33
2518 50 155
2519 16 23
2520 73 74
2521 22 29
2522 153 162
2523 12 35
2524 106 130
2525 36 169
2526 130 178
2527 150 177
2528 83 142
2529 12 178
2530 120 137
2531 49 179
2532 159 178
2533 1 48
2534 58 67
2535 115 142
2536 11 123
2537 30 165
2538 72 123
2539 54 63
2540 148 176
2541 7 143
2542 10 177
2543 30 52
2544 34 43
2545 157 175
2546 105 134
2547 24 156
2548 33 82
2549 5 156
2550 80 83
2551 171 172
2552 124 132
2553 5 45
2554 62 86
2555 9 42
2556 119 131
2557 52 72
2558 18 168
2559 133 137
2560 14 132
2561 122 135
2562 109 139
2563 146 151
2564 4 9
2565 99 141
2566 28 151
2567 94 112
2568 131 134
2569 4 152
2570 64 163
2571 27 41
2572 17 19
2573 41 149
2574 23 29
2575 13 39
2576 144 154
2577 17 172
2578 26 146
2579 64 65
2580 173 178
2581 46 64
2582 121 129
2583 69 97
2584 55 178
2585 22 57
2586 31 165
2587 79 169
2588 135 139
2589 102 122
2590 11 22
2591 1 28
2592 78 98
2593 25 150
2594 101 131
2595 11 103
2596 68 92
2597 6 158
2598 172 178
2599 125 142
2600 77 107
2601 10 36
2602 157 179
2603 161 176
2604 110 141
2605 43 52
2606 87 167
2607 90 121
2608 110 124
2609 57 112
2610 170 177
2611 15 43
2612 19 44
2613 100 129
2614 29 155
2615 18 140
2616 19 157
2617 66 128
2618 18 31
2619 113 155
2620 42 169
2621 8 25
2622 28 68
2623 122 155
2624 32 143
2625 14 19
2626 145 160
2627 165 173
2628 17 110
2629 61 125
2630 122 125
2631 40 168
2632 23 33
2633 50 65
2634 107 112
2635 74 75
2636 3 77
2637 23 150
2638 69 180
2639 2 111
2640 12 20
2641 50 163
2642 126 142
2643 2 30
2644 93 95
2645 153 154
2646 31 153
2647 21 147
2648 59 64
2649 31 46
2650 106 109
2651 35 43
2652 116 134
2653 11 50
2654 149 160
2655 78 126
2656 48 61
2657 24 54
2658 6 122
2659 34 83
2660 20 34
2661 114 133
2662 43 131
2663 6 21
2664 81 84
2665 110 169
2666 147 161
2667 90 93
2668 9 17
2669 19 72
2670 42 107
2671 28 57
2672 113 135
2673 4 50
2674 95 115
2675 99 116
2676 28 168
2677 41 51
2678 13 30
2679 127 128
2680 3 24
2681 60 95
2682 46 158
2683 84 85
2684 13 111
2685 70 96
2686 74 111
2687 3 169
2688 16 44
2689 36 39
2690 22 118
2691 103 121
2692 150 170
2693 35 118
2694 25 44
2695 49 150
2696 1 43
2697 21 24
2698 152 169
2699 44 143
2700 7 21
2701 34 149
2702 129 143
2703 148 157
2704 78 90
2705 7 170
2706 6 102
2707 10 109
2708 105 169
2709 111 135
2710 53 58
2711 57 63
2712 80 104
2713 5 167
2714 100 123
2715 63 113
2716 104 126
2717 29 33
2718 33 38
2719 53 171
2720 9 13
2721 156 164
2722 104 141
2723 160 175
2724 56 112
2725 76 83
2726 14 169
2727 65 151
2728 28 29
2729 85 92
2730 51 164
2731 71 89
2732 18 103
2733 146 176
2734 4 22
2735 118 156
2736 47 144
2737 41 47
2738 4 165
2739 8 160
2740 84 139
2741 13 177
2742 17 54
2743 108 113
2744 112 116
2745 155 160
2746 164 178
2747 3 116
2748 23 105
2749 117 126
2750 121 123
2751 84 105
2752 70 76
2753 2 164
2754 22 163
2755 26 46
2756 12 77
2757 50 152
2758 153 161
2759 106 131
2760 36 170
2761 12 179
2762 120 138
2763 49 178
2764 58 64
2765 48 118
2766 30 170
2767 105 107
2768 72 124
2769 54 60
2770 148 177
2771 6 179
2772 34 40
2773 20 107
2774 24 110
2775 157 174
2776 161 171
2777 111 155
2778 24 157
2779 90 98
2780 143 156
2781 5 155
2782 80 84
2783 171 175
2784 124 133
2785 5 44
2786 9 41
2787 119 130
2788 52 73
2789 18 169
2790 19 128
2791 38 172
2792 133 136
2793 85 143
2794 4 123
2795 42 178
2796 62 177
2797 28 97
2798 122 132
2799 85 112
2800 14 52
2801 109 138
2802 146 148
2803 4 10
2804 99 140
2805 28 144
2806 47 180
2807 131 137
2808 4 153
2809 27 40
2810 17 18
2811 23 28
2812 13 38
2813 144 155
2814 74 84
2815 26 147
2816 64 66
2817 2 136
2818 173 177
2819 46 65
2820 121 128
2821 12 113
2822 69 96
2823 103 129
2824 31 164
2825 79 168
2826 135 138
2827 102 123
2828 106 118
2829 55 83
2830 45 153
2831 1 19
2832 25 149
2833 101 130
2834 68 93
2835 78 146
2836 6 159
2837 172 179
2838 125 141
2839 77 106
2840 6 46
2841 10 37
2842 157 178
2843 87 166
2844 110 125
2845 15 42
2846 19 47
2847 42 116
2848 100 130
2849 19 156
2850 132 133
2851 65 174
2852 66 129
2853 18 28
2854 75 85
2855 42 150
2856 8 26
2857 62 173
2858 14 16
2859 145 167
2860 165 172
2861 95 175
2862 27 135
2863 17 109
2864 94 109
2865 98 112
2866 61 124
2867 27 52
2868 118 119
2869 40 169
2870 3 63
2871 23 32
2872 13 74
2873 107 115
2874 12 21
2875 126 143
2876 36 147
2877 2 31
2878 93 94
2879 31 152
2880 21 146
2881 59 67
2882 102 103
2883 49 105
2884 31 41
2885 35 42
2886 116 135
2887 44 164
2888 21 116
2889 149 175
2890 7 65
2891 48 62
2892 10 118
2893 34 80
2894 91 97
2895 20 35
2896 114 130
2897 24 166
2898 6 10
2899 147 160
2900 53 86
2901 9 16
2902 52 146
2903 56 85
2904 113 134
2905 4 51
2906 99 119
2907 118 177
2908 28 169
2909 41 50
2910 151 173
2911 88 115
2912 51 105
2913 41 67
2914 13 29
2915 127 131
2916 37 151
2917 3 27
2918 60 88
2919 46 159
2920 84 86
2921 13 110
2922 70 97
2923 69 151
2924 16 45
2925 26 122
2926 174 178
2927 103 120
2928 12 57
2929 150 171
2930 25 51
2931 49 149
2932 1 42
2933 21 39
2934 152 170
2935 44 136
2936 7 20
2937 148 158
2938 78 91
2939 10 155
2940 6 103
2941 30 105
2942 158 162
2943 111 134
2944 53 57
2945 57 62
2946 80 105
2947 43 127
2948 9 163
2949 29 32
2950 104 127
2951 33 37
2952 56 130
2953 5 55
2954 9 12
2955 156 165
2956 104 142
2957 52 118
2958 56 113
2959 136 137
2960 14 174
2961 15 147
2962 8 67
2963 65 150
2964 28 30
2965 85 91
2966 32 89
2967 71 88
2968 146 177
2969 113 162
2970 166 180
2971 4 23
2972 47 147
2973 41 46
2974 4 166
2975 151 177
2976 13 176
2977 108 114
2978 112 117
2979 155 163
2980 144 176
2981 108 129
2982 164 179
2983 117 125
2984 121 122
2985 84 106
2986 70 77
2987 2 165
2988 22 160
2989 26 47
2990 50 153
2991 153 160
2992 26 94
2993 106 128
2994 35 132
2995 36 171
2996 82 153
2997 12 172
2998 45 180
2999 48 152
3000 120 139
3001 49 177
3002 58 65
3003 11 125
3004 30 171
3005 105 106
3006 54 61
3007 148 178
3008 6 176
3009 34 41
3010 24 111
3011 10 14
3012 157 173
3013 105 132
3014 161 170
3015 24 158
3016 87 157
3017 57 90
3018 80 85
3019 171 174
3020 124 134
3021 5 43
3022 62 84
3023 9 40
3024 18 166
3025 38 173
3026 85 142
3027 14 138
3028 4 100
3029 42 179
3030 65 114
3031 122 133
3032 85 127
3033 32 101
3034 109 137
3035 146 149
3036 4 11
3037 99 143
3038 28 145
3039 94 118
3040 131 136
3041 4 154
3042 61 87
3043 27 43
3044 41 155
3045 60 145
3046 23 31
3047 13 37
3048 144 156
3049 17 162
3050 74 85
3051 26 144
3052 64 67
3053 173 176
3054 121 135
3055 36 120
3056 103 128
3057 35 160
3058 55 61
3059 79 171
3060 102 120
3061 31 52
3062 106 119
3063 35 49
3064 45 152
3065 48 132
3066 54 110
3067 1 18
3068 78 96
3069 101 129
3070 11 153
3071 30 135
3072 68 94
3073 128 155
3074 6 156
3075 125 140
3076 77 105
3077 43 153
3078 6 47
3079 10 34
3080 157 177
3081 15 53
3082 19 46
3083 5 15
3084 62 112
3085 100 131
3086 29 153
3087 19 159
3088 132 134
3089 65 173
3090 85 162
3091 18 29
3092 75 84
3093 113 153
3094 42 151
3095 8 27
3096 65 94
3097 32 129
3098 14 17
3099 145 166
3100 165 171
3101 75 178
3102 122 123
3103 40 170
3104 23 35
3105 107 114
3106 23 144
3107 2 109
3108 26 103
3109 12 22
3110 126 140
3111 36 156
3112 2 28
3113 31 155
3114 59 66
3115 82 97
3116 31 40
3117 106 107
3118 35 45
3119 44 165
3120 7 51
3121 48 160
3122 11 52
3123 54 74
3124 149 174
3125 44 52
3126 48 63
3127 11 133
3128 24 56
3129 6 120
3130 10 119
3131 105 179
3132 91 96
3133 20 44
3134 114 131
3135 6 11
3136 90 168
3137 110 175
3138 147 163
3139 90 91
3140 9 23
3141 56 86
3142 38 154
3143 42 105
3144 66 115
3145 28 59
3146 113 133
3147 99 118
3148 28 170
3149 41 49
3150 95 130
3151 151 172
3152 47 111
3153 17 72
3154 71 149
3155 13 28
3156 127 130
3157 3 26
3158 60 89
3159 46 156
3160 84 87
3161 13 109
3162 3 171
3163 23 180
3164 16 46
3165 73 83
3166 2 113
3167 26 123
3168 154 180
3169 174 179
3170 103 123
3171 36 176
3172 150 168
3173 49 59
3174 35 120
3175 25 50
3176 116 117
3177 45 79
3178 1 41
3179 21 38
3180 152 171
3181 25 163
3182 44 137
3183 7 23
3184 34 147
3185 129 141
3186 148 159
3187 78 88
3188 10 152
3189 10 107
3190 30 110
3191 105 175
3192 158 163
3193 111 129
3194 24 131
3195 53 56
3196 57 61
3197 80 106
3198 5 165
3199 9 162
3200 100 101
3201 33 36
3202 5 54
3203 9 51
3204 156 166
3205 104 143
3206 160 161
3207 33 149
3208 15 109
3209 76 77
3210 42 77
3211 136 138
3212 14 175
3213 65 149
3214 28 31
3215 85 90
3216 71 91
3217 146 174
3218 4 16
3219 47 146
3220 41 45
3221 4 167
3222 151 176
3223 8 162
3224 13 175
3225 17 52
3226 108 115
3227 112 118
3228 155 162
3229 144 177
3230 108 130
3231 3 118
3232 23 107
3233 117 124
3234 2 162
3235 22 161
3236 26 44
3237 50 150
3238 73 79
3239 153 167
3240 26 95
3241 106 129
3242 35 135
3243 150 180
3244 12 173
3245 1 132
3246 55 73
3247 45 179
3248 48 153
3249 120 140
3250 11 124
3251 30 168
3252 148 179
3253 78 180
3254 6 177
3255 34 38
3256 54 173
3257 6 64
3258 10 15
3259 157 172
3260 105 139
3261 158 159
3262 161 169
3263 24 159
3264 33 87
3265 90 96
3266 143 158
3267 5 153
3268 80 86
3269 124 135
3270 52 164
3271 19 21
3272 5 42
3273 9 47
3274 29 180
3275 15 65
3276 18 167
3277 38 162
3278 85 141
3279 122 130
3280 85 126
3281 32 102
3282 109 136
3283 94 119
3284 131 139
3285 4 155
3286 61 86
3287 27 42
3288 23 30
3289 13 36
3290 107 137
3291 144 157
3292 74 82
3293 40 94
3294 23 143
3295 64 68
3296 173 175
3297 121 134
3298 177 180
3299 2 57
3300 97 125
3301 103 131
3302 55 60
3303 79 170
3304 102 121
3305 49 67
3306 106 116
3307 35 48
3308 45 151
3309 1 17
3310 21 94
3311 78 97
3312 25 155
3313 101 128
3314 11 152
3315 68 95
3316 172 173
3317 125 139
3318 77 104
3319 24 76
3320 43 152
3321 6 44
3322 10 35
3323 157 176
3324 29 118
3325 87 160
3326 57 117
3327 114 126
3328 15 52
3329 19 49
3330 5 14
3331 9 75
3332 100 140
3333 29 152
3334 15 165
3335 19 158
3336 132 135
3337 65 172
3338 14 103
3339 18 26
3340 75 87
3341 8 28
3342 65 93
3343 14 22
3344 145 165
3345 165 170
3346 27 153
3347 71 176
3348 37 96
3349 40 171
3350 3 33
3351 23 34
3352 13 72
3353 107 117
3354 22 105
3355 12 23
3356 126 141
3357 36 157
3358 2 29
3359 153 159
3360 102 138
3361 21 144
3362 79 142
3363 82 94
3364 49 111
3365 31 43
3366 35 44
3367 116 129
3368 44 166
3369 7 50
3370 54 75
3371 21 114
3372 149 173
3373 11 132
3374 20 45
3375 114 128
3376 6 8
3377 147 162
3378 53 84
3379 9 22
3380 52 156
3381 19 77
3382 38 155
3383 28 52
3384 75 115
3385 113 132
3386 4 61
3387 42 136
3388 95 124
3389 99 121
3390 28 171
3391 41 48
3392 95 141
3393 131 178
3394 151 175
3395 47 110
3396 71 148
3397 41 65
3398 13 27
3399 127 141
3400 37 149
3401 3 29
3402 26 166
3403 46 157
3404 3 170
3405 22 154
3406 69 149
3407 16 47
3408 174 176
3409 103 122
3410 36 177
3411 150 169
3412 35 123
3413 21 180
3414 59 97
3415 25 49
3416 116 118
3417 1 40
3418 152 172
3419 25 162
3420 7 22
3421 48 77
3422 129 140
3423 148 152
3424 78 89
3425 81 139
3426 7 167
3427 10 153
3428 11 160
3429 77 95
3430 10 104
3431 30 111
3432 158 160
3433 111 128
3434 24 132
3435 90 141
3436 57 60
3437 5 164
3438 43 113
3439 100 102
3440 63 114
3441 57 173
3442 9 50
3443 156 167
3444 29 175
3445 160 162
3446 19 105
3447 76 78
3448 80 137
3449 136 139
3450 14 172
3451 15 157
3452 62 152
3453 85 89
3454 71 90
3455 18 98
3456 146 175
3457 113 160
3458 166 170
3459 4 17
3460 47 157
3461 94 152
3462 41 44
3463 4 160
3464 151 179
3465 27 65
3466 13 174
3467 17 43
3468 112 119
3469 155 165
3470 144 178
3471 108 131
3472 117 123
3473 2 163
3474 22 166
3475 26 45
3476 12 72
3477 50 151
3478 73 78
3479 153 166
3480 106 142
3481 16 154
3482 130 142
3483 82 151
3484 12 174
3485 1 155
3486 55 72
3487 45 178
3488 120 141
3489 1 52
3490 44 110
3491 48 105
3492 11 127
3493 30 169
3494 72 127
3495 58 62
3496 34 39
3497 20 118
3498 24 113
3499 10 12
3500 157 171
3501 105 138
3502 161 168
3503 111 164
3504 87 159
3505 90 97
3506 57 88
3507 5 152
3508 80 87
3509 124 128
3510 52 165
3511 19 20
3512 167 180
3513 5 41
3514 9 46
3515 29 179
3516 15 64
3517 18 164
3518 42 46
3519 85 140
3520 14 136
3521 38 50
3522 42 177
3523 28 124
3524 122 131
3525 85 125
3526 32 103
3527 109 135
3528 146 147
3529 95 180
3530 28 147
3531 47 177
3532 94 116
3533 131 138
3534 4 132
3535 61 85
3536 27 45
3537 17 23
3538 40 176
3539 41 153
3540 60 147
3541 23 25
3542 13 35
3543 107 136
3544 144 158
3545 17 160
3546 74 83
3547 26 158
3548 74 162
3549 2 135
3550 22 66
3551 173 174
3552 46 68
3553 121 133
3554 2 54
3555 97 124
3556 103 130
3557 31 161
3558 35 162
3559 55 63
3560 25 120
3561 102 126
3562 49 66
3563 106 117
3564 35 51
3565 45 150
3566 54 108
3567 1 16
3568 96 146
3569 78 102
3570 25 154
3571 44 82
3572 7 94
3573 101 143
3574 11 155
3575 68 88
3576 6 146
3577 172 174
3578 87 93
3579 125 138
3580 43 155
3581 6 45
3582 10 32
3583 161 180
3584 114 127
3585 15 55
3586 19 48
3587 5 13
3588 100 141
3589 29 151
3590 15 164
3591 65 163
3592 18 27
3593 75 86
3594 42 149
3595 8 29
3596 28 64
3597 14 23
3598 145 164
3599 165 169
3600 27 152
3601 37 111
3602 40 172
3603 3 32
3604 13 71
3605 107 116
3606 23 146
3607 69 176
3608 2 107
3609 22 110
3610 12 16
3611 126 178
3612 36 158
3613 2 26
3614 153 158
3615 102 139
3616 21 159
3617 59 68
3618 82 95
3619 45 105
3620 31 42
3621 35 47
3622 116 130
3623 44 167
3624 48 162
3625 54 72
3626 21 113
3627 149 172
3628 44 54
3629 48 49
3630 11 135
3631 34 111
3632 91 98
3633 20 46
3634 114 129
3635 24 169
3636 6 9
3637 147 165
3638 20 157
3639 63 89
3640 53 83
3641 9 21
3642 52 157
3643 56 88
3644 38 152
3645 5 97
3646 66 113
3647 28 53
3648 32 48
3649 75 114
3650 95 127
3651 42 137
3652 99 120
3653 118 180
3654 28 164
3655 41 55
3656 151 174
3657 47 105
3658 71 151
3659 41 64
3660 13 26
3661 127 140
3662 40 136
3663 3 28
3664 23 65
3665 26 167
3666 46 162
3667 70 100
3668 3 173
3669 22 155
3670 69 148
3671 16 32
3672 73 81
3673 154 178
3674 174 177
3675 12 52
3676 103 117
3677 36 178
3678 150 174
3679 82 176
3680 49 57
3681 92 121
3682 21 179
3683 96 124
3684 25 48
3685 116 119
3686 1 47
3687 21 36
3688 152 173
3689 25 161
3690 30 178
3691 105 115
3692 54 84
3693 129 131
3694 148 153
3695 78 94
3696 7 166
3697 11 163
3698 77 94
3699 63 159
3700 10 105
3701 158 161
3702 125 178
3703 111 131
3704 57 67
3705 9 160
3706 100 103
3707 124 125
3708 5 52
3709 9 49
3710 156 160
3711 29 174
3712 160 163
3713 33 171
3714 52 113
3715 15 111
3716 19 104
3717 76 79
3718 136 140
3719 15 156
3720 85 88
3721 146 172
3722 38 102
3723 166 171
3724 4 18
3725 118 144
3726 47 156
3727 94 153
3728 151 178
3729 8 164
3730 27 64
3731 13 173
3732 17 42
3733 108 109
3734 37 39
3735 155 164
3736 144 179
3737 23 101
3738 117 122
3739 121 127
3740 84 117
3741 2 160
3742 22 167
3743 26 42
3744 50 148
3745 73 77
3746 153 165
3747 106 143
3748 16 155
3749 35 137
3750 130 143
3751 82 148
3752 12 175
3753 72 130
3754 92 93
3755 55 75
3756 45 177
3757 48 155
3758 120 142
3759 1 11
3760 58 76
3761 44 111
3762 105 111
3763 72 96
3764 58 63
3765 30 57
3766 34 36
3767 20 119
3768 24 114
3769 10 13
3770 157 170
3771 30 72
3772 105 137
3773 161 175
3774 87 158
3775 90 110
3776 57 95
3777 76 141
3778 5 135
3779 124 129
3780 52 166
3781 19 23
3782 5 40
3783 62 91
3784 9 45
3785 29 178
3786 15 67
3787 19 132
3788 38 160
3789 42 47
3790 85 139
3791 14 137
3792 18 52
3793 38 51
3794 4 103
3795 122 128
3796 85 124
3797 109 134
3798 165 180
3799 47 176
3800 131 141
3801 61 84
3802 27 44
3803 17 22
3804 40 177
3805 41 152
3806 23 24
3807 13 34
3808 107 139
3809 144 159
3810 74 80
3811 40 64
3812 23 137
3813 26 159
3814 64 70
3815 2 132
3816 121 132
3817 12 109
3818 22 50
3819 97 115
3820 31 160
3821 35 165
3822 55 62
3823 79 180
3824 102 127
3825 49 65
3826 31 49
3827 106 114
3828 35 50
3829 45 149
3830 48 135
3831 11 13
3832 54 109
3833 1 23
3834 149 151
3835 25 153
3836 101 142
3837 6 147
3838 172 175
3839 10 94
3840 87 92
3841 34 72
3842 125 137
3843 24 78
3844 43 154
3845 6 34
3846 10 33
3847 33 113
3848 114 124
3849 15 54
3850 19 51
3851 5 12
3852 100 142
3853 29 150
3854 19 160
3855 66 157
3856 85 175
3857 14 101
3858 18 24
3859 113 158
3860 42 146
3861 8 30
3862 118 169
3863 28 65
3864 32 132
3865 14 20
3866 145 155
3867 165 168
3868 27 155
3869 41 107
3870 178 180
3871 40 173
3872 3 35
3873 107 119
3874 23 173
3875 70 136
3876 2 104
3877 22 111
3878 46 97
3879 12 17
3880 2 27
3881 153 157
3882 102 136
3883 31 132
3884 35 65
3885 21 158
3886 35 46
3887 116 131
3888 44 160
3889 7 44
3890 11 41
3891 54 73
3892 129 166
3893 149 171
3894 48 50
3895 6 127
3896 30 113
3897 87 96
3898 20 47
3899 24 170
3900 6 14
3901 147 164
3902 20 158
3903 67 157
3904 57 151
3905 9 20
3906 52 158
3907 38 153
3908 28 54
3909 32 49
3910 75 117
3911 38 123
3912 4 63
3913 95 126
3914 99 123
3915 28 165
3916 94 162
3917 41 54
3918 151 169
3919 88 119
3920 17 77
3921 13 25
3922 127 143
3923 40 137
3924 3 31
3925 60 84
3926 23 64
3927 26 164
3928 46 163
3929 23 177
3930 69 147
3931 16 33
3932 73 80
3933 36 44
3934 117 135
3935 154 179
3936 103 116
3937 36 179
3938 150 175
3939 21 178
3940 96 125
3941 49 137
3942 1 46
3943 21 35
3944 152 174
3945 25 160
3946 48 79
3947 30 179
3948 105 114
3949 34 174
3950 129 130
3951 148 154
3952 78 95
3953 10 135
3954 11 162
3955 77 93
3956 10 22
3957 158 166
3958 111 130
3959 138 178
3960 33 72
3961 90 139
3962 57 66
3963 20 178
3964 5 162
3965 124 126
3966 5 51
3967 9 48
3968 156 161
3969 29 173
3970 160 164
3971 33 170
3972 15 110
3973 109 127
3974 19 107
3975 42 72
3976 80 139
3977 136 141
3978 66 82
3979 86 145
3980 14 178
3981 71 84
3982 146 173
3983 38 103
3984 166 168
3985 4 19
3986 47 159
3987 4 162
3988 13 172
3989 17 41
3990 108 110
3991 37 38
3992 41 163
3993 155 167
3994 144 180
3995 3 123
3996 117 121
3997 121 126
3998 84 118
3999 74 140
4000 26 43
4001 50 149
4002 73 76
4003 22 23
4004 153 164
4005 106 140
4006 130 140
4007 82 149
4008 12 168
4009 72 131
4010 92 94
4011 120 143
4012 48 156
4013 1 10
4014 58 77
4015 11 113
4016 105 110
4017 72 97
4018 58 60
4019 6 180
4020 34 37
4021 43 177
4022 6 71
4023 157 169
4024 105 136
4025 161 174
4026 29 111
4027 90 111
4028 143 155
4029 124 130
4030 19 22
4031 5 23
4032 62 88
4033 9 44
4034 29 177
4035 18 162
4036 38 161
4037 42 44
4038 85 138
4039 38 48
4040 122 129
4041 85 123
4042 109 133
4043 165 179
4044 47 179
4045 51 52
4046 75 138
4047 94 122
4048 131 140
4049 61 83
4050 27 47
4051 17 21
4052 40 178
4053 23 27
4054 13 33
4055 107 138
4056 74 81
4057 37 171
4058 40 65
4059 23 136
4060 26 156
4061 22 64
4062 121 139
4063 12 110
4064 16 105
4065 126 148
4066 2 52
4067 22 51
4068 97 114
4069 35 164
4070 55 57
4071 102 124
4072 49 64
4073 31 48
4074 106 115
4075 11 12
4076 1 22
4077 58 97
4078 149 150
4079 78 100
4080 25 152
4081 101 141
4082 11 157
4083 68 90
4084 6 144
4085 87 95
4086 125 136
4087 114 155
4088 43 157
4089 6 35
4090 81 98
4091 10 46
4092 101 111
4093 39 169
4094 134 135
4095 67 160
4096 53 125
4097 114 125
4098 123 137
4099 15 49
4100 19 50
4101 42 113
4102 5 11
4103 9 72
4104 100 143
4105 119 125
4106 29 149
4107 14 106
4108 18 25
4109 113 157
4110 8 31
4111 65 82
4112 28 66
4113 14 21
4114 145 154
4115 95 170
4116 27 154
4117 41 106
4118 40 174
4119 3 34
4120 23 63
4121 107 118
4122 70 126
4123 40 61
4124 23 172
4125 2 105
4126 12 18
4127 69 79
4128 36 152
4129 2 24
4130 153 156
4131 102 137
4132 103 160
4133 21 157
4134 79 139
4135 82 93
4136 45 103
4137 116 140
4138 7 47
4139 48 164
4140 11 40
4141 149 170
4142 44 48
4143 48 51
4144 30 118
4145 20 40
4146 24 171
4147 6 15
4148 90 180
4149 147 167
4150 20 159
4151 53 81
4152 57 150
4153 9 27
4154 52 159
4155 15 21
4156 56 90
4157 38 158
4158 5 111
4159 66 79
4160 28 55
4161 32 50
4162 75 116
4163 38 120
4164 99 122
4165 118 138
4166 32 161
4167 94 163
4168 41 53
4169 151 168
4170 13 135
4171 13 24
4172 108 154
4173 127 142
4174 37 146
4175 3 30
4176 23 67
4177 26 165
4178 46 160
4179 13 105
4180 70 90
4181 3 175
4182 22 153
4183 23 176
4184 16 34
4185 36 45
4186 117 134
4187 154 176
4188 12 54
4189 103 119
4190 16 177
4191 150 172
4192 49 63
4193 31 123
4194 55 97
4195 21 177
4196 59 98
4197 96 126
4198 25 54
4199 1 45
4200 21 34
4201 152 175
4202 25 167
4203 7 19
4204 48 64
4205 105 113
4206 148 155
4207 78 92
4208 7 160
4209 10 132
4210 11 165
4211 77 92
4212 10 23
4213 30 82
4214 158 167
4215 34 113
4216 111 141
4217 90 136
4218 57 65
4219 9 166
4220 124 127
4221 57 178
4222 5 50
4223 9 55
4224 156 162
4225 29 172
4226 160 165
4227 33 169
4228 15 105
4229 109 126
4230 113 123
4231 42 73
4232 5 67
4233 80 140
4234 136 142
4235 14 179
4236 15 158
4237 8 72
4238 32 94
4239 14 34
4240 71 87
4241 146 170
4242 38 100
4243 166 169
4244 4 28
4245 47 158
4246 94 159
4247 4 163
4248 61 78
4249 8 166
4250 13 171
4251 17 40
4252 108 111
4253 41 162
4254 155 166
4255 97 139
4256 117 120
4257 121 125
4258 84 119
4259 74 141
4260 22 165
4261 26 40
4262 46 47
4263 36 65
4264 153 171
4265 106 141
4266 130 141
4267 12 169
4268 72 132
4269 1 152
4270 92 95
4271 48 157
4272 49 180
4273 1 9
4274 58 74
4275 30 172
4276 105 109
4277 72 98
4278 58 61
4279 54 161
4280 20 113
4281 24 116
4282 10 11
4283 157 168
4284 105 143
4285 161 173
4286 39 132
4287 29 110
4288 57 93
4289 5 133
4290 29 31
4291 124 131
4292 52 160
4293 19 25
4294 167 177
4295 5 22
4296 62 89
4297 9 83
4298 29 176
4299 15 77
4300 18 163
4301 42 45
4302 85 137
4303 14 143
4304 18 50
4305 38 49
4306 122 142
4307 85 122
4308 109 132
4309 165 178
4310 27 177
4311 47 178
4312 17 123
4313 75 141
4314 94 123
4315 131 143
4316 4 135
4317 61 82
4318 27 46
4319 17 20
4320 40 179
4321 41 158
4322 23 26
4323 13 32
4324 107 141
4325 144 145
4326 74 94
4327 37 170
4328 40 66
4329 97 151
4330 26 157
4331 22 65
4332 83 85
4333 121 138
4334 12 111
4335 31 162
4336 55 56
4337 59 61
4338 102 125
4339 31 51
4340 106 112
4341 35 52
4342 116 169
4343 11 15
4344 1 21
4345 25 159
4346 101 140
4347 68 91
4348 24 33
4349 6 145
4350 125 135
4351 20 21
4352 43 156
4353 6 32
4354 81 97
4355 10 47
4356 101 110
4357 20 132
4358 43 45
4359 114 122
4360 123 136
4361 15 48
4362 5 10
4363 100 136
4364 119 124
4365 66 104
4366 29 148
4367 19 162
4368 28 44
4369 14 107
4370 18 22
4371 113 156
4372 4 69
4373 42 144
4374 28 67
4375 32 134
4376 14 26
4377 89 91
4378 145 153
4379 95 149
4380 27 157
4381 17 103
4382 71 172
4383 41 105
4384 112 178
4385 3 37
4386 60 178
4387 13 68
4388 141 143
4389 23 175
4390 12 19
4391 106 178
4392 69 78
4393 126 177
4394 36 153
4395 2 25
4396 102 142
4397 35 67
4398 21 156
4399 59 89
4400 82 90
4401 116 141
4402 48 165
4403 11 43
4404 1 113
4405 21 126
4406 149 169
4407 44 49
4408 48 52
4409 20 41
4410 24 172
4411 6 12
4412 147 166
4413 57 149
4414 9 26
4415 52 152
4416 15 20
4417 56 91
4418 5 110
4419 28 48
4420 32 51
4421 4 57
4422 99 125
4423 118 139
4424 94 160
4425 41 52
4426 151 171
4427 47 106
4428 51 111
4429 17 67
4430 13 23
4431 127 137
4432 23 66
4433 26 162
4434 84 92
4435 13 104
4436 70 91
4437 3 174
4438 22 158
4439 23 179
4440 69 145
4441 16 35
4442 73 86
4443 36 46
4444 117 133
4445 154 177
4446 174 180
4447 103 118
4448 150 173
4449 82 175
4450 45 57
4451 49 62
4452 92 116
4453 55 96
4454 1 44
4455 21 33
4456 152 176
4457 25 166
4458 44 134
4459 7 18
4460 48 65
4461 105 112
4462 30 177
4463 34 172
4464 148 164
4465 78 93
4466 11 164
4467 77 91
4468 24 25
4469 6 89
4470 10 20
4471 158 164
4472 111 140
4473 57 64
4474 5 160
4475 9 165
4476 63 126
4477 5 49
4478 9 54
4479 156 163
4480 29 171
4481 160 166
4482 33 168
4483 15 104
4484 109 125
4485 56 119
4486 19 109
4487 113 122
4488 42 54
4489 80 141
4490 136 143
4491 86 151
4492 15 153
4493 85 101
4494 14 35
4495 89 98
4496 71 86
4497 146 171
4498 113 164
4499 166 174
4500 4 29
4501 47 153
4502 94 156
4503 4 172
4504 61 77
4505 13 170
4506 17 47
4507 13 59
4508 40 103
4509 97 138
4510 64 125
4511 121 124
4512 70 71
4513 26 41
4514 50 147
4515 73 114
4516 2 46
4517 93 111
4518 153 170
4519 106 138
4520 130 138
4521 82 147
4522 12 170
4523 72 133
4524 1 159
4525 55 68
4526 45 174
4527 48 158
4528 49 171
4529 1 8
4530 58 75
4531 96 138
4532 44 106
4533 7 118
4534 48 109
4535 30 173
4536 105 108
4537 54 55
4538 6 170
4539 34 35
4540 20 114
4541 43 179
4542 157 167
4543 105 142
4544 161 172
4545 57 92
4546 29 30
4547 19 24
4548 167 176
4549 5 21
4550 62 94
4551 9 82
4552 29 143
4553 33 180
4554 18 160
4555 76 110
4556 85 136
4557 18 51
4558 38 54
4559 65 116
4560 122 143
4561 85 121
4562 109 131
4563 165 177
4564 95 176
4565 27 176
4566 75 140
4567 131 142
4568 4 128
4569 27 33
4570 40 180
4571 41 157
4572 13 95
4573 107 140
4574 144 146
4575 17 164
4576 74 95
4577 40 67
4578 26 154
4579 22 70
4580 83 84
4581 121 137
4582 73 110
4583 2 50
4584 22 49
4585 31 173
4586 55 59
4587 59 60
4588 83 178
4589 102 114
4590 31 50
4591 106 113
4592 45 146
4593 11 14
4594 1 20
4595 25 158
4596 101 139
4597 6 150
4598 87 89
4599 125 134
4600 20 22
4601 43 159
4602 6 33
4603 81 96
4604 10 44
4605 101 109
4606 110 149
4607 43 44
4608 29 113
4609 33 118
4610 114 123
4611 123 139
4612 15 51
4613 56 64
4614 19 52
4615 5 9
4616 100 137
4617 119 127
4618 66 105
4619 29 147
4620 15 160
4621 19 165
4622 132 140
4623 28 45
4624 85 172
4625 32 40
4626 18 23
4627 118 172
4628 14 27
4629 89 90
4630 145 152
4631 95 148
4632 27 156
4633 71 175
4634 75 168
4635 61 117
4636 178 179
4637 40 144
4638 3 36
4639 23 57
4640 13 67
4641 141 142
4642 17 128
4643 74 115
4644 40 63
4645 97 178
4646 23 174
4647 70 143
4648 2 103
4649 69 77
4650 2 22
4651 102 143
4652 21 155
4653 59 88
4654 79 149
4655 82 91
4656 116 142
4657 7 41
4658 11 42
4659 149 168
4660 44 50
4661 48 53
4662 6 114
4663 10 113
4664 20 42
4665 6 13
4666 90 178
4667 147 169
4668 20 153
4669 29 85
4670 9 25
4671 52 153
4672 15 23
4673 56 92
4674 38 156
4675 5 109
4676 66 77
4677 15 132
4678 28 49
4679 32 52
4680 99 124
4681 118 136
4682 28 160
4683 94 161
4684 151 170
4685 88 122
4686 51 110
4687 17 66
4688 71 147
4689 13 22
4690 127 136
4691 40 140
4692 26 163
4693 46 166
4694 84 93
4695 13 103
4696 141 178
4697 70 88
4698 22 159
4699 23 178
4700 16 36
4701 73 85
4702 36 47
4703 117 132
4704 12 48
4705 16 179
4706 150 162
4707 49 61
4708 12 135
4709 92 117
4710 25 52
4711 1 35
4712 21 32
4713 152 177
4714 25 165
4715 7 13
4716 48 66
4717 105 119
4718 34 173
4719 129 135
4720 148 165
4721 77 90
4722 24 26
4723 10 21
4724 158 165
4725 111 143
4726 33 77
4727 80 96
4728 9 164
4729 29 57
4730 5 48
4731 29 170
4732 160 167
4733 15 107
4734 109 124
4735 56 120
4736 113 121
4737 5 65
4738 80 142
4739 14 177
4740 15 152
4741 14 32
4742 89 97
4743 71 81
4744 146 168
4745 166 175
4746 4 30
4747 118 148
4748 47 152
4749 94 157
4750 4 173
4751 61 76
4752 8 168
4753 13 169
4754 17 46
4755 41 160
4756 37 180
4757 3 124
4758 26 135
4759 26 54
4760 2 47
4761 22 42
4762 153 169
4763 26 89
4764 106 139
4765 16 159
4766 130 139
4767 25 103
4768 12 171
4769 1 158
4770 45 173
4771 49 170
4772 159 165
4773 1 15
4774 58 72
4775 96 139
4776 44 107
4777 48 110
4778 30 146
4779 68 97
4780 34 177
4781 58 59
4782 6 171
4783 77 126
4784 24 118
4785 43 178
4786 81 123
4787 157 166
4788 105 141
4789 161 163
4790 134 158
4791 33 105
4792 124 157
4793 52 162
4794 53 151
4795 19 27
4796 167 179
4797 5 20
4798 62 95
4799 18 161
4800 38 164
4801 42 43
4802 85 151
4803 18 48
4804 8 102
4805 65 75
4806 122 140
4807 145 179
4808 109 130
4809 165 176
4810 27 179
4811 37 118
4812 75 143
4813 94 121
4814 4 129
4815 61 80
4816 27 32
4817 112 136
4818 41 156
4819 107 143
4820 144 147
4821 17 155
4822 74 92
4823 37 168
4824 3 88
4825 26 155
4826 64 90
4827 74 175
4828 2 128
4829 22 71
4830 83 87
4831 121 136
4832 12 105
4833 2 51
4834 97 119
4835 31 172
4836 35 169
4837 55 58
4838 21 134
4839 102 115
4840 106 126
4841 35 54
4842 1 107
4843 115 117
4844 25 157
4845 101 138
4846 68 69
4847 24 35
4848 6 151
4849 87 88
4850 125 133
4851 20 23
4852 77 98
4853 43 158
4854 6 38
4855 10 45
4856 101 108
4857 91 138
4858 39 170
4859 43 47
4860 9 147
4861 67 165
4862 114 120
4863 123 138
4864 15 50
4865 56 65
4866 5 8
4867 100 138
4868 119 126
4869 29 146
4870 19 164
4871 132 141
4872 28 46
4873 85 171
4874 32 41
4875 14 105
4876 18 20
4877 75 77
4878 122 160
4879 32 152
4880 14 24
4881 145 159
4882 95 151
4883 27 159
4884 41 111
4885 64 152
4886 3 39
4887 50 118
4888 17 135
4889 3 180
4890 23 169
4891 36 52
4892 26 110
4893 83 115
4894 12 13
4895 69 76
4896 36 155
4897 2 23
4898 102 140
4899 12 156
4900 21 154
4901 59 91
4902 79 148
4903 82 88
4904 116 143
4905 44 156
4906 11 45
4907 44 51
4908 48 54
4909 6 115
4910 30 117
4911 20 43
4912 24 174
4913 147 168
4914 63 68
4915 53 94
4916 57 155
4917 9 24
4918 52 154
4919 15 22
4920 56 93
4921 38 157
4922 9 105
4923 28 50
4924 99 127
4925 118 137
4926 28 161
4927 151 165
4928 47 116
4929 13 132
4930 51 113
4931 17 65
4932 71 146
4933 13 21
4934 127 139
4935 26 160
4936 46 167
4937 84 94
4938 70 89
4939 3 144
4940 22 156
4941 69 159
4942 73 84
4943 36 40
4944 117 131
4945 12 49
4946 103 112
4947 35 144
4948 150 163
4949 82 173
4950 12 128
4951 116 124
4952 1 34
4953 21 47
4954 152 178
4955 25 164
4956 44 128
4957 7 12
4958 48 67
4959 105 118
4960 34 170
4961 72 73
4962 128 171
4963 129 134
4964 148 166
4965 81 141
4966 20 88
4967 77 89
4968 24 27
4969 10 18
4970 67 95
4971 158 170
4972 111 142
4973 57 70
4974 80 97
4975 9 171
4976 100 108
4977 5 63
4978 9 52
4979 29 169
4980 123 178
4981 109 123
4982 19 111
4983 113 120
4984 42 52
4985 5 64
4986 15 155
4987 14 33
4988 89 96
4989 71 80
4990 146 169
4991 166 172
4992 4 31
4993 118 149
4994 47 155
4995 94 130
4996 131 148
4997 61 75
4998 8 169
4999 13 168
5000 17 45
5001 41 167
5002 175 180
5003 13 57
5004 144 168
5005 40 105
5006 84 114
5007 46 50
5008 2 44
5009 22 43
5010 97 106
5011 153 168
5012 106 136
5013 130 136
5014 82 145
5015 12 164
5016 72 135
5017 1 157
5018 55 70
5019 45 172
5020 48 144
5021 49 169
5022 159 164
5023 1 14
5024 58 73
5025 44 100
5026 48 111
5027 30 147
5028 68 98
5029 6 168
5030 30 34
5031 10 54
5032 101 119
5033 157 165
5034 30 77
5035 105 140
5036 161 162
5037 134 159
5038 29 107
5039 53 150
5040 19 26
5041 167 178
5042 5 19
5043 62 92
5044 9 80
5045 18 158
5046 38 165
5047 14 146
5048 18 49
5049 38 52
5050 169 171
5051 122 141
5052 145 178
5053 18 64
5054 95 178
5055 27 178
5056 17 120
5057 94 126
5058 27 35
5059 112 137
5060 107 142
5061 144 148
5062 74 93
5063 23 132
5064 26 152
5065 74 172
5066 168 169
5067 83 86
5068 121 143
5069 69 87
5070 2 48
5071 35 168
5072 59 62
5073 45 127
5074 102 112
5075 106 127
5076 45 144
5077 1 106
5078 115 116
5079 25 156
5080 44 72
5081 101 137
5082 30 143
5083 68 70
5084 24 36
5085 6 148
5086 87 91
5087 125 132
5088 77 97
5089 43 145
5090 6 39
5091 10 42
5092 101 107
5093 91 141
5094 20 135
5095 43 46
5096 9 146
5097 67 164
5098 114 121
5099 123 141
5100 56 66
5101 19 54
5102 5 119
5103 100 139
5104 119 121
5105 66 103
5106 86 98
5107 52 54
5108 15 162
5109 132 142
5110 28 47
5111 85 170
5112 32 42
5113 14 110
5114 18 21
5115 75 76
5116 4 64
5117 42 159
5118 118 162
5119 28 94
5120 14 25
5121 145 158
5122 27 158
5123 13 159
5124 88 96
5125 41 110
5126 108 178
5127 40 146
5128 3 38
5129 13 65
5130 70 114
5131 23 168
5132 26 111
5133 12 14
5134 69 75
5135 16 73
5136 36 132
5137 2 20
5138 102 141
5139 12 157
5140 21 153
5141 79 151
5142 116 136
5143 44 157
5144 7 43
5145 11 44
5146 54 66
5147 1 118
5148 48 55
5149 67 98
5150 20 52
5151 111 117
5152 90 176
5153 143 174
5154 147 171
5155 20 155
5156 53 93
5157 9 31
5158 104 155
5159 52 155
5160 15 17
5161 56 94
5162 38 146
5163 8 80
5164 28 51
5165 32 54
5166 4 36
5167 8 63
5168 99 126
5169 118 142
5170 28 162
5171 47 134
5172 41 57
5173 151 164
5174 13 20
5175 127 138
5176 26 161
5177 46 164
5178 84 95
5179 70 94
5180 74 149
5181 3 147
5182 22 157
5183 16 38
5184 73 91
5185 36 41
5186 79 85
5187 117 130
5188 12 50
5189 103 115
5190 35 147
5191 150 160
5192 45 54
5193 49 51
5194 55 125
5195 96 114
5196 116 125
5197 1 33
5198 21 46
5199 152 179
5200 25 171
5201 44 129
5202 30 180
5203 105 117
5204 72 74
5205 129 133
5206 148 167
5207 7 156
5208 10 128
5209 77 88
5210 63 133
5211 10 19
5212 158 171
5213 111 137
5214 39 156
5215 5 173
5216 43 118
5217 80 98
5218 9 170
5219 63 123
5220 100 109
5221 53 177
5222 56 139
5223 9 59
5224 29 168
5225 52 127
5226 109 122
5227 19 110
5228 113 127
5229 42 53
5230 5 79
5231 136 178
5232 85 98
5233 14 38
5234 71 83
5235 146 166
5236 166 173
5237 4 24
5238 27 169
5239 28 134
5240 94 131
5241 4 175
5242 61 74
5243 8 170
5244 17 44
5245 41 166
5246 144 169
5247 40 106
5248 26 133
5249 84 115
5250 26 52
5251 46 51
5252 2 45
5253 22 40
5254 153 175
5255 106 137
5256 16 145
5257 130 137
5258 12 165
5259 72 136
5260 55 65
5261 45 171
5262 49 168
5263 159 167
5264 1 13
5265 58 86
5266 11 116
5267 30 144
5268 72 102
5269 128 136
5270 6 169
5271 10 164
5272 30 35
5273 34 62
5274 77 124
5275 24 120
5276 43 180
5277 101 118
5278 157 164
5279 134 156
5280 33 111
5281 90 104
5282 110 111
5283 52 172
5284 19 29
5285 167 173
5286 5 18
5287 18 159
5288 14 147
5289 18 46
5290 4 109
5291 169 170
5292 65 73
5293 122 138
5294 145 177
5295 17 127
5296 41 113
5297 27 34
5298 112 138
5299 13 92
5300 107 129
5301 144 149
5302 17 153
5303 74 90
5304 23 135
5305 26 153
5306 64 92
5307 73 130
5308 2 158
5309 168 170
5310 83 89
5311 46 79
5312 121 142
5313 69 86
5314 2 49
5315 22 52
5316 97 117
5317 31 174
5318 25 65
5319 102 113
5320 68 161
5321 106 124
5322 1 105
5323 92 174
5324 115 119
5325 7 87
5326 101 136
5327 11 144
5328 68 71
5329 128 148
5330 24 37
5331 6 149
5332 30 31
5333 87 90
5334 125 131
5335 77 96
5336 24 84
5337 43 144
5338 6 36
5339 10 43
5340 101 106
5341 110 152
5342 20 128
5343 39 164
5344 67 167
5345 57 125
5346 114 118
5347 104 160
5348 123 140
5349 56 67
5350 5 118
5351 119 120
5352 29 144
5353 123 125
5354 19 166
5355 132 143
5356 28 40
5357 85 169
5358 32 43
5359 14 111
5360 75 79
5361 113 144
5362 4 65
5363 42 156
5364 65 85
5365 14 30
5366 89 95
5367 145 157
5368 95 145
5369 8 147
5370 47 82
5371 13 158
5372 88 97
5373 41 109
5374 40 147
5375 3 41
5376 50 116
5377 13 64
5378 107 109
5379 74 126
5380 93 178
5381 60 61
5382 23 171
5383 83 117
5384 12 15
5385 69 74
5386 16 74
5387 2 21
5388 102 130
5389 12 158
5390 21 152
5391 82 86
5392 116 137
5393 11 47
5394 54 67
5395 92 178
5396 44 45
5397 6 113
5398 10 124
5399 111 116
5400 143 169
5401 147 170
5402 39 72
5403 53 92
5404 57 153
5405 9 30
5406 15 16
5407 56 95
5408 38 147
5409 9 111
5410 32 55
5411 18 118
5412 4 37
5413 8 32
5414 118 143
5415 47 129
5416 151 167
5417 47 118
5418 13 19
5419 40 143
5420 3 5
5421 26 174
5422 46 165
5423 84 88
5424 70 95
5425 74 146
5426 3 146
5427 22 146
5428 69 157
5429 16 39
5430 73 90
5431 36 42
5432 79 84
5433 26 64
5434 12 51
5435 103 114
5436 150 161
5437 49 50
5438 96 115
5439 25 57
5440 116 126
5441 120 121
5442 1 32
5443 21 45
5444 152 180
5445 25 170
5446 7 14
5447 105 116
5448 34 168
5449 72 75
5450 129 132
5451 148 160
5452 7 159
5453 77 87
5454 24 29
5455 6 93
5456 10 16
5457 158 168
5458 111 136
5459 39 159
5460 24 140
5461 90 149
5462 57 68
5463 5 172
5464 43 105
5465 9 169
5466 63 122
5467 100 110
5468 29 54
5469 104 105
5470 33 51
5471 56 140
5472 29 167
5473 33 172
5474 109 121
5475 19 113
5476 113 126
5477 42 50
5478 14 180
5479 8 77
5480 85 97
5481 14 39
5482 71 82
5483 146 167
5484 4 25
5485 27 168
5486 47 165
5487 131 150
5488 4 168
5489 61 73
5490 13 166
5491 88 89
5492 17 35
5493 41 165
5494 144 170
5495 164 165
5496 37 177
5497 40 107
5498 46 48
5499 12 64
5500 2 42
5501 22 41
5502 153 174
5503 130 134
5504 12 166
5505 72 137
5506 55 64
5507 45 170
5508 120 149
5509 49 175
5510 159 166
5511 1 12
5512 21 65
5513 44 102
5514 48 97
5515 128 137
5516 6 174
5517 30 32
5518 6 57
5519 10 52
5520 101 117
5521 157 163
5522 134 157
5523 29 105
5524 33 110
5525 57 96
5526 5 128
5527 52 173
5528 19 28
5529 167 172
5530 5 17
5531 62 66
5532 15 72
5533 18 156
5534 14 144
5535 18 47
5536 38 42
5537 4 110
5538 8 105
5539 122 139
5540 145 176
5541 27 180
5542 27 37
5543 84 178
5544 112 139
5545 41 129
5546 107 128
5547 144 150
5548 17 152
5549 74 91
5550 64 93
5551 2 159
5552 168 171
5553 83 88
5554 121 141
5555 50 179
5556 69 85
5557 16 111
5558 2 14
5559 97 116
5560 31 169
5561 35 170
5562 21 131
5563 102 118
5564 68 162
5565 106 125
5566 115 118
5567 24 38
5568 34 67
5569 125 130
5570 114 149
5571 24 85
5572 43 147
5573 6 37
5574 101 105
5575 10 40
5576 110 153
5577 39 167
5578 9 144
5579 39 52
5580 114 119
5581 123 143
5582 52 129
5583 56 68
5584 42 123
5585 119 123
5586 123 124
5587 86 96
5588 19 169
5589 132 136
5590 28 41
5591 32 44
5592 18 19
5593 75 78
5594 42 157
5595 118 160
5596 14 31
5597 89 94
5598 145 156
5599 98 148
5600 13 157
5601 88 98
5602 64 155
5603 40 148
5604 3 40
5605 107 108
5606 17 132
5607 60 62
5608 23 170
5609 26 109
5610 154 166
5611 69 73
5612 2 18
5613 150 154
5614 102 131
5615 12 159
5616 1 170
5617 21 167
5618 59 92
5619 96 104
5620 116 138
5621 44 159
5622 7 37
5623 11 46
5624 72 80
5625 54 64
5626 1 116
5627 21 121
5628 149 180
5629 44 46
5630 101 171
5631 20 54
5632 111 119
5633 24 177
5634 147 173
5635 20 165
5636 80 120
5637 63 65
5638 53 91
5639 9 29
5640 52 101
5641 15 19
5642 56 96
5643 5 105
5644 32 72
5645 75 106
5646 4 38
5647 8 33
5648 118 140
5649 94 165
5650 151 166
5651 47 113
5652 41 72
5653 13 18
5654 3 4
5655 60 83
5656 23 89
5657 26 175
5658 46 170
5659 84 89
5660 70 92
5661 74 147
5662 3 149
5663 22 147
5664 69 156
5665 16 24
5666 73 89
5667 36 43
5668 79 87
5669 26 65
5670 117 128
5671 12 44
5672 103 109
5673 35 149
5674 150 166
5675 45 52
5676 96 116
5677 116 127
5678 120 122
5679 1 39
5680 21 44
5681 115 129
5682 25 169
5683 44 131
5684 7 9
5685 105 123
5686 34 169
5687 72 76
5688 148 161
5689 77 86
5690 24 30
5691 10 17
5692 158 169
5693 162 180
5694 111 139
5695 33 65
5696 90 146
5697 57 75
5698 5 171
5699 9 168
5700 100 111
5701 104 106
5702 33 50
5703 9 57
5704 119 178
5705 29 166
5706 15 119
5707 109 120
5708 42 51
5709 5 77
5710 80 130
5711 85 96
5712 14 36
5713 71 77
5714 146 164
5715 4 26
5716 27 171
5717 47 164
5718 4 169
5719 61 72
5720 8 172
5721 88 90
5722 13 165
5723 17 34
5724 37 47
5725 41 164
5726 175 177
5727 13 54
5728 144 171
5729 164 166
5730 97 141
5731 168 176
5732 26 50
5733 46 49
5734 12 65
5735 2 43
5736 22 46
5737 153 173
5738 154 158
5739 31 180
5740 16 147
5741 35 177
5742 130 135
5743 12 167
5744 72 138
5745 55 67
5746 45 169
5747 48 147
5748 11 25
5749 49 174
5750 159 161
5751 1 3
5752 58 84
5753 21 64
5754 44 103
5755 11 118
5756 30 150
5757 72 104
5758 128 138
5759 6 175
5760 30 33
5761 34 60
5762 24 122
5763 101 116
5764 157 162
5765 161 167
5766 110 130
5767 52 174
5768 19 31
5769 167 175
5770 5 16
5771 62 67
5772 18 157
5773 18 44
5774 38 43
5775 4 111
5776 42 166
5777 122 136
5778 94 125
5779 64 176
5780 27 36
5781 112 140
5782 107 131
5783 144 151
5784 74 88
5785 40 72
5786 23 129
5787 64 94
5788 2 156
5789 168 172
5790 83 91
5791 121 140
5792 50 176
5793 69 84
5794 2 15
5795 31 168
5796 102 119
5797 68 163
5798 106 122
5799 120 178
5800 1 111
5801 92 168
5802 115 121
5803 149 159
5804 11 146
5805 77 141
5806 6 139
5807 34 64
5808 125 129
5809 43 146
5810 6 26
5811 81 91
5812 10 41
5813 101 104
5814 110 158
5815 9 151
5816 114 116
5817 123 142
5818 15 62
5819 9 113
5820 119 122
5821 66 98
5822 123 127
5823 86 97
5824 18 129
5825 19 168
5826 132 137
5827 28 42
5828 66 149
5829 32 45
5830 14 109
5831 113 150
5832 4 67
5833 14 28
5834 89 93
5835 145 147
5836 95 147
5837 151 157
5838 8 149
5839 27 147
5840 13 156
5841 71 170
5842 64 156
5843 40 149
5844 3 43
5845 23 52
5846 107 111
5847 93 176
5848 23 165
5849 36 48
5850 26 106
5851 154 167
5852 46 105
5853 69 72
5854 2 19
5855 150 155
5856 102 128
5857 12 152
5858 1 169
5859 92 110
5860 21 166
5861 25 35
5862 79 144
5863 21 23
5864 116 139
5865 44 152
5866 7 36
5867 11 33
5868 72 81
5869 54 65
5870 149 179
5871 44 47
5872 20 64
5873 158 178
5874 111 118
5875 24 178
5876 147 172
5877 20 166
5878 80 121
5879 9 179
5880 63 64
5881 100 116
5882 9 28
5883 15 18
5884 56 97
5885 19 87
5886 76 92
5887 5 104
5888 32 73
5889 4 39
5890 8 34
5891 118 141
5892 47 131
5893 94 170
5894 151 161
5895 8 177
5896 84 132
5897 13 128
5898 88 127
5899 61 148
5900 13 17
5901 37 155
5902 40 113
5903 3 7
5904 26 172
5905 46 171
5906 84 90
5907 70 93
5908 74 144
5909 22 144
5910 16 25
5911 73 88
5912 117 143
5913 12 45
5914 103 108
5915 16 168
5916 150 167
5917 45 51
5918 139 178
5919 116 120
5920 120 123
5921 1 38
5922 21 43
5923 115 128
5924 25 168
5925 7 8
5926 105 122
5927 34 166
5928 72 77
5929 148 162
5930 77 85
5931 24 31
5932 63 134
5933 10 30
5934 158 174
5935 111 138
5936 39 153
5937 33 64
5938 57 74
5939 39 110
5940 5 170
5941 100 104
5942 9 175
5943 29 52
5944 104 107
5945 33 49
5946 119 141
5947 29 165
5948 33 162
5949 15 118
5950 109 119
5951 56 125
5952 113 124
5953 42 48
5954 132 178
5955 133 135
5956 169 179
5957 51 179
5958 14 37
5959 71 76
5960 146 165
5961 4 27
5962 27 170
5963 47 167
5964 4 170
5965 13 164
5966 88 91
5967 17 33
5968 37 46
5969 41 171
5970 175 176
5971 144 172
5972 17 178
5973 164 167
5974 40 109
5975 3 99
5976 97 140
5977 26 128
5978 84 126
5979 74 180
5980 168 177
5981 26 51
5982 46 54
5983 36 72
5984 2 40
5985 22 47
5986 153 172
5987 154 159
5988 103 144
5989 130 132
5990 12 160
5991 72 139
5992 55 66
5993 25 27
5994 45 168
5995 11 24
5996 49 173
5997 159 160
5998 163 165
5999 1 2
6000 11 105
6001 30 151
6002 72 105
6003 128 139
6004 78 131
6005 6 172
6006 30 38
6007 34 61
6008 20 120
6009 43 169
6010 6 63
6011 81 126
6012 10 50
6013 101 115
6014 157 161
6015 161 166
6016 110 131
6017 90 119
6018 53 97
6019 110 114
6020 52 175
6021 15 37
6022 19 30
6023 167 174
6024 5 31
6025 62 64
6026 156 157
6027 29 137
6028 86 90
6029 89 166
6030 18 154
6031 85 146
6032 14 150
6033 18 45
6034 38 40
6035 169 175
6036 42 167
6037 122 137
6038 37 113
6039 94 98
6040 41 118
6041 64 177
6042 27 39
6043 112 141
6044 107 130
6045 17 158
6046 74 89
6047 40 73
6048 97 168
6049 23 128
6050 64 95
6051 73 135
6052 2 157
6053 168 173
6054 83 90
6055 50 177
6056 69 83
6057 2 12
6058 31 171
6059 35 172
6060 21 129
6061 102 116
6062 106 123
6063 35 61
6064 1 110
6065 115 120
6066 149 158
6067 11 149
6068 24 40
6069 6 136
6070 34 65
6071 125 128
6072 20 28
6073 43 149
6074 6 27
6075 81 90
6076 110 159
6077 9 150
6078 114 117
6079 123 129
6080 137 139
6081 123 126
6082 15 174
6083 132 138
6084 28 43
6085 32 46
6086 42 155
6087 14 29
6088 89 92
6089 145 146
6090 98 146
6091 151 156
6092 27 146
6093 13 155
6094 71 165
6095 64 157
6096 40 150
6097 3 42
6098 60 73
6099 107 110
6100 23 164
6101 36 49
6102 26 107
6103 154 164
6104 46 110
6105 2 16
6106 150 152
6107 102 129
6108 12 153
6109 31 143
6110 35 72
6111 21 165
6112 96 106
6113 25 34
6114 21 22
6115 116 148
6116 44 153
6117 7 39
6118 11 32
6119 72 82
6120 54 70
6121 92 141
6122 149 178
6123 7 180
6124 11 177
6125 20 65
6126 10 123
6127 158 179
6128 162 174
6129 91 124
6130 20 48
6131 111 113
6132 6 7
6133 147 175
6134 80 122
6135 9 178
6136 63 67
6137 100 117
6138 29 47
6139 104 112
6140 57 158
6141 52 103
6142 15 29
6143 56 98
6144 76 93
6145 32 74
6146 113 177
6147 4 32
6148 95 97
6149 8 35
6150 118 130
6151 151 160
6152 84 133
6153 13 16
6154 3 6
6155 26 173
6156 46 168
6157 84 91
6158 13 97
6159 3 151
6160 22 145
6161 69 154
6162 16 26
6163 73 95
6164 79 81
6165 26 79
6166 117 142
6167 12 46
6168 103 111
6169 35 151
6170 36 164
6171 150 164
6172 45 50
6173 49 55
6174 92 115
6175 116 121
6176 120 124
6177 1 37
6178 21 42
6179 115 131
6180 25 175
6181 7 11
6182 105 121
6183 72 78
6184 148 163
6185 7 152
6186 77 84
6187 24 96
6188 6 80
6189 63 129
6190 10 31
6191 105 155
6192 158 175
6193 162 178
6194 24 143
6195 57 73
6196 5 169
6197 43 106
6198 171 177
6199 9 174
6200 100 105
6201 29 51
6202 104 108
6203 33 48
6204 9 63
6205 119 140
6206 29 164
6207 52 123
6208 15 113
6209 109 118
6210 56 126
6211 19 114
6212 113 115
6213 42 49
6214 5 75
6215 169 178
6216 65 97
6217 14 42
6218 71 79
6219 146 162
6220 27 173
6221 47 166
6222 94 135
6223 131 155
6224 4 171
6225 61 70
6226 13 163
6227 88 92
6228 17 32
6229 41 170
6230 175 179
6231 13 52
6232 144 173
6233 17 177
6234 40 110
6235 26 129
6236 84 127
6237 168 178
6238 26 48
6239 46 55
6240 12 67
6241 2 41
6242 22 44
6243 153 179
6244 154 156
6245 16 149
6246 130 133
6247 72 140
6248 25 26
6249 45 167
6250 48 149
6251 11 27
6252 49 172
6253 159 163
6254 163 164
6255 44 97
6256 72 106
6257 128 140
6258 6 173
6259 10 160
6260 30 39
6261 43 168
6262 10 51
6263 101 114
6264 157 160
6265 161 165
6266 110 128
6267 110 115
6268 52 168
6269 15 36
6270 19 33
6271 167 169
6272 5 30
6273 62 65
6274 156 158
6275 86 91
6276 18 155
6277 14 151
6278 18 42
6279 38 41
6280 4 105
6281 42 164
6282 169 174
6283 62 163
6284 98 143
6285 27 137
6286 75 133
6287 98 126
6288 64 178
6289 27 38
6290 112 142
6291 3 49
6292 107 133
6293 17 157
6294 3 94
6295 23 131
6296 64 80
6297 168 174
6298 22 89
6299 83 93
6300 12 103
6301 50 174
6302 69 82
6303 55 131
6304 2 13
6305 31 170
6306 102 117
6307 49 127
6308 106 120
6309 72 168
6310 126 127
6311 48 177
6312 1 109
6313 115 123
6314 149 157
6315 44 69
6316 24 41
6317 20 29
6318 24 88
6319 43 148
6320 81 89
6321 39 160
6322 9 149
6323 53 68
6324 39 49
6325 123 128
6326 19 61
6327 5 114
6328 62 125
6329 137 138
6330 15 169
6331 19 170
6332 132 139
6333 28 36
6334 32 47
6335 42 152
6336 95 157
6337 151 159
6338 27 149
6339 13 154
6340 94 95
6341 64 158
6342 40 151
6343 3 45
6344 60 74
6345 23 54
6346 93 142
6347 23 167
6348 69 165
6349 36 50
6350 154 165
6351 83 121
6352 46 111
6353 2 17
6354 150 153
6355 102 134
6356 1 175
6357 21 164
6358 59 81
6359 25 33
6360 79 146
6361 49 155
6362 44 154
6363 7 38
6364 11 35
6365 72 83
6366 92 142
6367 149 177
6368 11 176
6369 158 176
6370 162 175
6371 20 49
6372 111 112
6373 24 180
6374 53 55
6375 147 174
6376 20 160
6377 5 180
6378 9 177
6379 63 66
6380 100 118
6381 104 113
6382 29 46
6383 33 43
6384 53 88
6385 57 157
6386 104 128
6387 15 28
6388 56 99
6389 38 151
6390 76 94
6391 66 68
6392 38 113
6393 4 33
6394 95 96
6395 8 36
6396 99 101
6397 118 131
6398 94 168
6399 4 176
6400 151 163
6401 27 113
6402 108 124
6403 41 77
6404 13 15
6405 37 153
6406 3 9
6407 26 170
6408 46 169
6409 84 100
6410 70 83
6411 3 150
6412 22 150
6413 69 153
6414 16 27
6415 73 94
6416 117 141
6417 12 47
6418 103 110
6419 16 170
6420 36 165
6421 150 165
6422 45 49
6423 83 130
6424 49 54
6425 35 103
6426 116 122
6427 45 66
6428 120 125
6429 1 36
6430 21 41
6431 115 130
6432 25 174
6433 105 120
6434 34 164
6435 148 172
6436 78 165
6437 81 135
6438 7 155
6439 77 83
6440 24 97
6441 63 128
6442 10 28
6443 158 172
6444 162 179
6445 57 72
6446 5 168
6447 171 176
6448 9 173
6449 100 106
6450 29 50
6451 104 109
6452 5 57
6453 9 62
6454 119 143
6455 29 163
6456 33 160
6457 18 180
6458 56 127
6459 109 117
6460 38 179
6461 113 114
6462 80 133
6463 4 118
6464 169 177
6465 8 113
6466 28 108
6467 85 109
6468 14 43
6469 71 78
6470 146 163
6471 4 5
6472 99 129
6473 27 172
6474 47 161
6475 142 143
6476 94 132
6477 61 69
6478 13 162
6479 88 93
6480 17 39
6481 37 44
6482 41 169
6483 155 177
6484 175 178
6485 13 51
6486 144 174
6487 40 111
6488 97 130
6489 84 120
6490 74 178
6491 168 179
6492 22 178
6493 26 49
6494 46 52
6495 2 38
6496 22 45
6497 153 178
6498 154 157
6499 35 178
6500 25 104
6501 49 82
6502 12 162
6503 31 70
6504 72 141
6505 1 151
6506 55 92
6507 45 166
6508 11 26
6509 49 163
6510 159 162
6511 163 167
6512 58 83
6513 11 107
6514 30 149
6515 128 141
6516 6 162
6517 30 36
6518 34 59
6519 77 119
6520 43 171
6521 63 164
6522 10 48
6523 101 113
6524 161 164
6525 110 129
6526 111 168
6527 90 117
6528 110 112
6529 52 169
6530 15 39
6531 19 32
6532 167 168
6533 5 29
6534 62 70
6535 156 159
6536 86 88
6537 66 140
6538 85 144
6539 18 43
6540 38 46
6541 4 106
6542 42 165
6543 169 173
6544 8 109
6545 51 145
6546 145 180
6547 98 140
6548 17 114
6549 75 132
6550 94 96
6551 41 116
6552 118 122
6553 112 143
6554 3 48
6555 23 45
6556 155 157
6557 50 77
6558 107 132
6559 17 156
6560 3 65
6561 2 155
6562 168 175
6563 22 94
6564 83 92
6565 69 81
6566 16 99
6567 126 130
6568 2 10
6569 21 143
6570 102 106
6571 106 121
6572 35 63
6573 116 178
6574 48 178
6575 115 122
6576 78 114
6577 149 156
6578 11 151
6579 68 76
6580 77 138
6581 24 42
6582 78 157
6583 20 30
6584 24 89
6585 43 151
6586 6 25
6587 81 88
6588 110 157
6589 147 149
6590 9 148
6591 53 67
6592 39 48
6593 114 115
6594 123 131
6595 15 59
6596 56 72
6597 42 103
6598 5 113
6599 9 118
6600 15 168
6601 85 180
6602 113 139
6603 42 153
6604 8 9
6605 95 156
6606 151 158
6607 8 152
6608 47 89
6609 13 153
6610 88 102
6611 17 94
6612 64 159
6613 40 152
6614 3 44
6615 23 49
6616 50 113
6617 13 123
6618 88 132
6619 23 166
6620 16 48
6621 36 51
6622 26 105
6623 154 162
6624 150 158
6625 102 135
6626 12 155
6627 35 74
6628 92 105
6629 21 163
6630 96 108
6631 49 154
6632 44 155
6633 7 33
6634 48 94
6635 11 34
6636 72 84
6637 54 68
6638 149 176
6639 11 179
6640 158 177
6641 162 172
6642 20 50
6643 111 115
6644 53 54
6645 147 177
6646 5 179
6647 80 124
6648 100 119
6649 29 45
6650 104 114
6651 33 42
6652 104 129
6653 33 155
6654 15 31
6655 56 100
6656 19 88
6657 76 95
6658 89 156
6659 65 155
6660 109 178
6661 38 118
6662 4 34
6663 99 100
6664 8 37
6665 118 128
6666 94 169
6667 4 177
6668 151 162
6669 8 180
6670 84 135
6671 108 125
6672 112 120
6673 13 14
6674 108 140
6675 3 8
6676 26 171
6677 70 80
6678 74 159
6679 3 153
6680 22 151
6681 69 152
6682 16 28
6683 73 93
6684 79 83
6685 117 140
6686 12 40
6687 103 105
6688 35 153
6689 36 166
6690 45 48
6691 135 178
6692 49 53
6693 31 109
6694 35 102
6695 116 123
6696 45 65
6697 120 126
6698 21 40
6699 115 133
6700 25 173
6701 105 127
6702 34 165
6703 72 112
6704 148 173
6705 77 82
6706 24 98
6707 10 29
6708 67 68
6709 105 153
6710 158 173
6711 162 176
6712 33 69
6713 80 88
6714 5 151
6715 171 179
6716 9 172
6717 100 107
6718 29 49
6719 104 110
6720 33 54
6721 9 61
6722 119 142
6723 156 180
6724 29 162
6725 109 116
6726 169 176
6727 51 180
6728 14 40
6729 71 73
6730 146 160
6731 166 167
6732 4 6
6733 99 128
6734 28 156
6735 47 160
6736 94 133
6737 131 157
6738 4 149
6739 61 68
6740 64 168
6741 13 161
6742 88 94
6743 17 38
6744 41 168
6745 155 176
6746 13 50
6747 144 175
6748 84 121
6749 50 57
6750 2 180
6751 168 180
6752 22 179
6753 50 136
6754 73 121
6755 2 39
6756 93 102
6757 153 177
6758 103 141
6759 31 176
6760 130 131
6761 25 111
6762 1 150
6763 55 95
6764 45 165
6765 48 151
6766 11 29
6767 49 162
6768 159 173
6769 163 166
6770 1 7
6771 11 106
6772 30 154
6773 30 37
6774 24 126
6775 43 170
6776 6 50
6777 81 115
6778 63 167
6779 10 49
6780 101 112
6781 110 134
6782 110 113
6783 52 170
6784 15 38
6785 19 35
6786 167 171
6787 5 28
6788 86 89
6789 18 153
6790 66 141
6791 14 149
6792 18 40
6793 75 89
6794 38 47
6795 4 107
6796 42 162
6797 169 172
6798 8 110
6799 65 67
6800 28 113
6801 122 148
6802 145 171
6803 98 141
6804 17 113
6805 75 135
6806 94 97
6807 41 123
6808 4 137
6809 64 180
6810 118 123
6811 112 128
6812 3 51
6813 41 132
6814 23 44
6815 155 156
6816 107 135
6817 17 147
6818 23 157
6819 70 152
6820 2 152
6821 83 95
6822 69 80
6823 16 100
6824 126 131
6825 36 111
6826 2 11
6827 103 177
6828 102 107
6829 31 37
6830 115 125
6831 149 155
6832 101 178
6833 68 77
6834 24 43
6835 6 143
6836 20 31
6837 114 142
6838 24 90
6839 43 150
6840 81 95
6841 6 30
6842 147 148
6843 39 162
6844 9 155
6845 67 173
6846 53 66
6847 39 51
6848 170 174
6849 123 130
6850 56 73
6851 19 63
6852 100 178
6853 66 126
6854 15 171
6855 19 172
6856 28 38
6857 32 33
6858 14 113
6859 113 138
6860 8 10
6861 145 151
6862 94 178
6863 95 159
6864 151 153
6865 8 153
6866 13 152
6867 71 166
6868 40 153
6869 3 47
6870 60 68
6871 23 48
6872 50 110
6873 69 163
6874 16 49
6875 26 118
6876 154 163
6877 150 159
6878 102 132
6879 31 136
6880 35 77
6881 1 173
6882 21 162
6883 59 83
6884 25 39
6885 49 153
6886 7 32
6887 11 37
6888 34 158
6889 72 85
6890 7 177
6891 11 178
6892 162 173
6893 20 51
6894 111 114
