1 1 9
2 1 51
3 1 56
4 1 60
5 1 96
6 1 105
7 1 156
8 1 165
9 2 13
10 2 64
11 2 99
12 2 133
13 3 14
14 3 19
15 3 23
16 3 26
17 3 29
18 3 37
19 3 38
20 3 72
21 3 77
22 3 83
23 3 91
24 3 104
25 3 121
26 3 123
27 3 140
28 3 141
29 3 157
30 3 160
31 3 162
32 3 184
33 4 25
34 4 80
35 4 89
36 4 95
37 4 108
38 4 132
39 4 169
40 5 21
41 6 146
42 6 151
43 7 32
44 7 46
45 7 144
46 7 182
47 9 51
48 9 56
49 9 60
50 9 96
51 9 156
52 9 165
53 10 22
54 11 52
55 11 74
56 11 113
57 11 138
58 11 167
59 11 180
60 12 54
61 12 67
62 12 111
63 12 112
64 13 49
65 13 64
66 13 142
67 13 171
68 13 172
69 13 173
70 13 174
71 14 23
72 14 26
73 14 37
74 14 38
75 14 72
76 14 77
77 14 91
78 14 104
79 14 121
80 14 123
81 14 140
82 14 141
83 14 157
84 14 160
85 14 162
86 15 36
87 15 47
88 15 76
89 16 33
90 16 61
91 16 94
92 16 105
93 16 168
94 17 34
95 18 48
96 19 29
97 19 83
98 19 104
99 19 140
100 19 141
101 19 157
102 19 184
103 21 151
104 23 26
105 23 37
106 23 38
107 23 72
108 23 77
109 23 91
110 23 104
111 23 121
112 23 123
113 23 140
114 23 157
115 23 160
116 23 162
117 24 33
118 24 61
119 24 94
120 24 105
121 25 80
122 25 89
123 25 95
124 25 108
125 25 132
126 25 169
127 26 37
128 26 38
129 26 72
130 26 77
131 26 91
132 26 104
133 26 121
134 26 123
135 26 140
136 26 141
137 26 157
138 26 160
139 26 162
140 28 64
141 28 133
142 28 153
143 29 83
144 29 104
145 29 140
146 29 141
147 29 157
148 29 184
149 30 73
150 30 74
151 30 87
152 30 110
153 30 116
154 30 122
155 30 148
156 30 161
157 30 177
158 31 107
159 31 110
160 31 148
161 32 46
162 32 88
163 32 144
164 32 182
165 33 50
166 33 60
167 33 61
168 33 94
169 33 105
170 33 168
171 35 36
172 35 70
173 35 90
174 36 47
175 36 76
176 37 38
177 37 72
178 37 77
179 37 91
180 37 104
181 37 121
182 37 123
183 37 140
184 37 141
185 37 157
186 37 160
187 37 162
188 38 72
189 38 77
190 38 91
191 38 104
192 38 121
193 38 123
194 38 140
195 38 141
196 38 157
197 38 160
198 38 162
199 39 152
200 40 103
201 40 134
202 40 178
203 40 183
204 41 66
205 42 79
206 42 101
207 42 170
208 44 45
209 44 55
210 44 68
211 44 86
212 44 109
213 44 125
214 44 147
215 45 55
216 45 68
217 45 86
218 45 109
219 45 125
220 45 147
221 46 88
222 46 144
223 46 182
224 47 76
225 49 142
226 49 171
227 49 172
228 49 173
229 49 174
230 50 61
231 50 94
232 50 105
233 51 56
234 51 60
235 51 96
236 51 156
237 51 165
238 52 74
239 52 138
240 53 166
241 54 67
242 54 111
243 54 112
244 55 68
245 55 86
246 55 109
247 55 125
248 55 145
249 55 147
250 56 60
251 56 96
252 56 105
253 56 156
254 56 165
255 57 119
256 57 143
257 57 159
258 58 66
259 58 114
260 59 62
261 59 84
262 59 146
263 59 155
264 60 96
265 60 156
266 60 165
267 61 94
268 61 105
269 61 168
270 62 124
271 62 146
272 62 155
273 63 79
274 63 115
275 63 126
276 64 99
277 64 133
278 64 166
279 65 106
280 66 114
281 67 111
282 67 112
283 68 86
284 68 109
285 68 125
286 68 147
287 69 119
288 69 158
289 69 166
290 70 90
291 71 75
292 71 149
293 71 150
294 71 152
295 71 166
296 72 77
297 72 91
298 72 104
299 72 121
300 72 123
301 72 140
302 72 157
303 72 160
304 72 162
305 73 87
306 73 122
307 73 161
308 73 177
309 74 113
310 74 116
311 74 138
312 74 161
313 77 91
314 77 104
315 77 121
316 77 123
317 77 140
318 77 141
319 77 157
320 77 160
321 77 162
322 79 101
323 79 126
324 79 170
325 80 89
326 80 95
327 80 108
328 80 132
329 80 169
330 81 152
331 81 154
332 83 104
333 83 140
334 83 141
335 83 157
336 83 184
337 84 108
338 84 146
339 84 155
340 86 109
341 86 125
342 86 147
343 87 122
344 87 177
345 88 144
346 88 182
347 89 95
348 89 108
349 89 132
350 89 169
351 91 104
352 91 121
353 91 123
354 91 140
355 91 141
356 91 157
357 91 160
358 91 162
359 93 124
360 94 105
361 94 168
362 95 108
363 95 132
364 95 169
365 96 156
366 96 165
367 101 170
368 102 117
369 102 129
370 103 134
371 103 178
372 103 183
373 104 121
374 104 123
375 104 140
376 104 141
377 104 157
378 104 160
379 104 162
380 104 184
381 105 168
382 108 132
383 108 169
384 109 125
385 109 147
386 110 116
387 110 138
388 110 148
389 111 112
390 113 116
391 113 138
392 116 138
393 116 148
394 116 177
395 116 180
396 117 120
397 117 128
398 117 129
399 117 139
400 118 119
401 118 143
402 118 158
403 119 143
404 119 158
405 119 159
406 119 166
407 120 128
408 120 139
409 121 140
410 121 141
411 121 160
412 121 162
413 122 161
414 122 177
415 123 140
416 123 157
417 123 160
418 123 162
419 125 147
420 130 142
421 130 171
422 130 173
423 130 174
424 131 135
425 132 169
426 133 173
427 134 178
428 134 183
429 138 167
430 140 141
431 140 157
432 140 160
433 140 162
434 140 184
435 141 157
436 141 160
437 142 171
438 142 172
439 142 173
440 142 174
441 143 158
442 143 159
443 143 166
444 144 182
445 146 155
446 149 150
447 149 166
448 150 163
449 150 166
450 150 179
451 152 154
452 152 166
453 156 165
454 157 160
455 157 184
456 160 162
457 161 177
458 163 166
459 163 179
460 166 179
461 167 180
462 171 172
463 171 173
464 171 174
465 172 173
466 172 174
467 173 174
468 178 183
