1 1 9
2 1 51
3 1 56
4 1 60
5 1 96
6 1 105
7 1 156
8 1 165
9 2 13
10 2 28
11 2 64
12 2 99
13 2 133
14 2 173
15 3 14
16 3 19
17 3 23
18 3 26
19 3 29
20 3 37
21 3 38
22 3 72
23 3 77
24 3 83
25 3 91
26 3 104
27 3 121
28 3 123
29 3 140
30 3 141
31 3 157
32 3 160
33 3 162
34 3 184
35 4 25
36 4 80
37 4 84
38 4 89
39 4 95
40 4 108
41 4 132
42 4 169
43 5 21
44 5 151
45 6 21
46 6 59
47 6 70
48 6 84
49 6 146
50 6 151
51 6 155
52 7 32
53 7 46
54 7 88
55 7 144
56 7 182
57 8 158
58 9 51
59 9 56
60 9 60
61 9 96
62 9 105
63 9 156
64 9 165
65 10 22
66 11 30
67 11 52
68 11 74
69 11 109
70 11 110
71 11 113
72 11 116
73 11 138
74 11 148
75 11 167
76 11 177
77 11 180
78 12 54
79 12 67
80 12 111
81 12 112
82 13 49
83 13 53
84 13 64
85 13 99
86 13 130
87 13 142
88 13 171
89 13 172
90 13 173
91 13 174
92 14 23
93 14 26
94 14 37
95 14 38
96 14 72
97 14 77
98 14 91
99 14 104
100 14 121
101 14 123
102 14 140
103 14 141
104 14 157
105 14 160
106 14 162
107 14 184
108 15 35
109 15 36
110 15 47
111 15 70
112 15 76
113 15 90
114 16 24
115 16 33
116 16 50
117 16 61
118 16 94
119 16 105
120 16 168
121 17 34
122 18 48
123 18 71
124 18 146
125 19 26
126 19 29
127 19 83
128 19 91
129 19 104
130 19 123
131 19 140
132 19 141
133 19 157
134 19 184
135 20 41
136 20 66
137 21 151
138 23 26
139 23 37
140 23 38
141 23 72
142 23 77
143 23 91
144 23 104
145 23 121
146 23 123
147 23 140
148 23 141
149 23 157
150 23 160
151 23 162
152 23 184
153 24 33
154 24 61
155 24 94
156 24 105
157 24 168
158 25 80
159 25 89
160 25 95
161 25 108
162 25 132
163 25 169
164 26 37
165 26 38
166 26 69
167 26 72
168 26 77
169 26 83
170 26 91
171 26 104
172 26 121
173 26 123
174 26 140
175 26 141
176 26 152
177 26 157
178 26 160
179 26 162
180 26 166
181 26 184
182 27 99
183 27 117
184 28 64
185 28 71
186 28 99
187 28 126
188 28 133
189 28 153
190 28 166
191 28 171
192 29 37
193 29 83
194 29 104
195 29 123
196 29 140
197 29 141
198 29 157
199 29 184
200 30 55
201 30 73
202 30 74
203 30 86
204 30 87
205 30 110
206 30 116
207 30 122
208 30 125
209 30 145
210 30 148
211 30 161
212 30 177
213 31 74
214 31 107
215 31 110
216 31 148
217 32 46
218 32 88
219 32 144
220 32 182
221 33 50
222 33 60
223 33 61
224 33 94
225 33 105
226 33 165
227 33 168
228 35 36
229 35 70
230 35 90
231 35 127
232 35 140
233 36 47
234 36 70
235 36 76
236 36 90
237 37 38
238 37 72
239 37 77
240 37 91
241 37 104
242 37 121
243 37 123
244 37 140
245 37 141
246 37 157
247 37 160
248 37 162
249 37 184
250 38 72
251 38 77
252 38 91
253 38 104
254 38 121
255 38 123
256 38 140
257 38 141
258 38 157
259 38 160
260 38 162
261 38 184
262 39 53
263 39 69
264 39 71
265 39 81
266 39 149
267 39 152
268 39 154
269 40 103
270 40 134
271 40 178
272 40 183
273 41 66
274 42 63
275 42 79
276 42 101
277 42 170
278 43 102
279 43 129
280 44 45
281 44 55
282 44 68
283 44 86
284 44 109
285 44 110
286 44 125
287 44 145
288 44 147
289 45 55
290 45 68
291 45 86
292 45 109
293 45 125
294 45 147
295 46 88
296 46 144
297 46 182
298 47 76
299 48 71
300 48 146
301 49 99
302 49 126
303 49 130
304 49 142
305 49 171
306 49 172
307 49 173
308 49 174
309 50 61
310 50 94
311 50 105
312 50 168
313 51 56
314 51 60
315 51 96
316 51 105
317 51 156
318 51 165
319 52 74
320 52 113
321 52 138
322 52 167
323 53 64
324 53 81
325 53 119
326 53 135
327 53 154
328 53 166
329 54 67
330 54 111
331 54 112
332 55 68
333 55 86
334 55 109
335 55 125
336 55 145
337 55 147
338 56 60
339 56 96
340 56 105
341 56 156
342 56 165
343 56 168
344 57 118
345 57 119
346 57 143
347 57 150
348 57 158
349 57 159
350 58 66
351 58 97
352 58 114
353 59 62
354 59 84
355 59 91
356 59 98
357 59 146
358 59 155
359 59 166
360 60 94
361 60 96
362 60 105
363 60 156
364 60 165
365 60 168
366 61 94
367 61 105
368 61 168
369 62 84
370 62 91
371 62 93
372 62 106
373 62 124
374 62 136
375 62 146
376 62 155
377 63 79
378 63 115
379 63 126
380 63 142
381 63 170
382 64 71
383 64 99
384 64 119
385 64 133
386 64 142
387 64 150
388 64 153
389 64 158
390 64 166
391 64 171
392 64 173
393 64 174
394 65 106
395 66 97
396 66 114
397 67 111
398 67 112
399 68 86
400 68 109
401 68 110
402 68 125
403 68 145
404 68 147
405 69 92
406 69 99
407 69 102
408 69 118
409 69 119
410 69 135
411 69 140
412 69 143
413 69 146
414 69 150
415 69 158
416 69 166
417 70 72
418 70 89
419 70 90
420 70 146
421 70 152
422 70 162
423 70 166
424 71 75
425 71 92
426 71 118
427 71 149
428 71 150
429 71 152
430 71 166
431 72 77
432 72 91
433 72 104
434 72 121
435 72 123
436 72 140
437 72 141
438 72 157
439 72 160
440 72 162
441 73 87
442 73 122
443 73 161
444 73 177
445 74 86
446 74 87
447 74 110
448 74 113
449 74 116
450 74 125
451 74 138
452 74 148
453 74 161
454 74 167
455 74 177
456 75 149
457 75 150
458 75 166
459 77 91
460 77 104
461 77 121
462 77 123
463 77 140
464 77 141
465 77 157
466 77 160
467 77 162
468 77 184
469 79 101
470 79 126
471 79 170
472 80 89
473 80 95
474 80 108
475 80 132
476 80 169
477 81 152
478 81 154
479 83 91
480 83 104
481 83 123
482 83 140
483 83 141
484 83 157
485 83 184
486 84 89
487 84 98
488 84 108
489 84 146
490 84 155
491 84 175
492 86 109
493 86 125
494 86 147
495 87 113
496 87 122
497 87 161
498 87 177
499 88 144
500 88 182
501 89 95
502 89 108
503 89 132
504 89 146
505 89 169
506 90 152
507 91 104
508 91 121
509 91 123
510 91 140
511 91 141
512 91 155
513 91 157
514 91 160
515 91 162
516 91 184
517 92 135
518 93 124
519 94 105
520 94 168
521 95 108
522 95 132
523 95 169
524 96 105
525 96 156
526 96 165
527 97 114
528 98 146
529 98 155
530 99 166
531 99 172
532 99 173
533 101 170
534 102 117
535 102 120
536 102 128
537 102 129
538 102 139
539 103 134
540 103 178
541 103 183
542 104 121
543 104 123
544 104 140
545 104 141
546 104 152
547 104 157
548 104 160
549 104 162
550 104 184
551 105 165
552 105 168
553 107 110
554 107 148
555 107 161
556 108 132
557 108 146
558 108 169
559 109 110
560 109 125
561 109 145
562 109 147
563 110 113
564 110 116
565 110 125
566 110 138
567 110 145
568 110 147
569 110 148
570 110 161
571 110 167
572 110 177
573 110 181
574 111 112
575 113 116
576 113 138
577 113 148
578 113 161
579 113 167
580 116 125
581 116 138
582 116 145
583 116 148
584 116 161
585 116 177
586 116 180
587 116 181
588 117 120
589 117 128
590 117 129
591 117 139
592 118 119
593 118 143
594 118 150
595 118 158
596 118 166
597 119 143
598 119 150
599 119 158
600 119 159
601 119 166
602 120 128
603 120 129
604 120 139
605 121 123
606 121 140
607 121 141
608 121 150
609 121 157
610 121 160
611 121 162
612 121 184
613 122 161
614 122 177
615 123 140
616 123 141
617 123 157
618 123 160
619 123 162
620 125 145
621 125 147
622 126 133
623 126 170
624 128 129
625 128 139
626 129 139
627 130 142
628 130 171
629 130 172
630 130 173
631 130 174
632 131 135
633 132 169
634 133 153
635 133 173
636 134 178
637 134 183
638 135 146
639 135 166
640 138 148
641 138 161
642 138 167
643 140 141
644 140 157
645 140 160
646 140 162
647 140 163
648 140 184
649 141 152
650 141 157
651 141 160
652 141 184
653 142 171
654 142 172
655 142 173
656 142 174
657 143 149
658 143 150
659 143 158
660 143 159
661 143 166
662 144 182
663 145 148
664 146 152
665 146 155
666 146 166
667 146 175
668 146 176
669 148 161
670 148 177
671 148 181
672 149 150
673 149 152
674 149 166
675 150 152
676 150 163
677 150 166
678 150 179
679 152 154
680 152 166
681 155 166
682 156 165
683 157 160
684 157 162
685 157 184
686 160 162
687 160 184
688 161 177
689 163 166
690 163 179
691 166 179
692 167 180
693 171 172
694 171 173
695 171 174
696 172 173
697 172 174
698 173 174
699 178 183
