1 1 9
2 1 16
3 1 24
4 1 33
5 1 51
6 1 56
7 1 60
8 1 69
9 1 94
10 1 96
11 1 105
12 1 156
13 1 165
14 1 168
15 2 13
16 2 28
17 2 49
18 2 53
19 2 64
20 2 69
21 2 71
22 2 99
23 2 130
24 2 133
25 2 142
26 2 150
27 2 152
28 2 158
29 2 166
30 2 171
31 2 173
32 3 14
33 3 19
34 3 23
35 3 26
36 3 29
37 3 34
38 3 35
39 3 37
40 3 38
41 3 39
42 3 53
43 3 62
44 3 69
45 3 70
46 3 71
47 3 72
48 3 77
49 3 83
50 3 91
51 3 104
52 3 121
53 3 123
54 3 127
55 3 135
56 3 140
57 3 141
58 3 146
59 3 151
60 3 152
61 3 154
62 3 157
63 3 160
64 3 162
65 3 166
66 3 176
67 3 184
68 4 23
69 4 25
70 4 31
71 4 35
72 4 62
73 4 70
74 4 72
75 4 74
76 4 80
77 4 84
78 4 89
79 4 95
80 4 98
81 4 108
82 4 132
83 4 136
84 4 146
85 4 169
86 4 175
87 4 176
88 5 21
89 5 151
90 6 17
91 6 18
92 6 21
93 6 23
94 6 25
95 6 26
96 6 34
97 6 48
98 6 59
99 6 69
100 6 70
101 6 71
102 6 81
103 6 84
104 6 89
105 6 95
106 6 108
107 6 132
108 6 146
109 6 150
110 6 151
111 6 152
112 6 154
113 6 155
114 6 169
115 6 175
116 7 32
117 7 46
118 7 88
119 7 144
120 7 182
121 8 69
122 8 118
123 8 150
124 8 158
125 8 166
126 9 16
127 9 33
128 9 51
129 9 56
130 9 60
131 9 61
132 9 94
133 9 96
134 9 105
135 9 146
136 9 156
137 9 165
138 9 168
139 10 22
140 11 30
141 11 44
142 11 45
143 11 52
144 11 55
145 11 68
146 11 73
147 11 74
148 11 86
149 11 109
150 11 110
151 11 113
152 11 116
153 11 122
154 11 125
155 11 138
156 11 147
157 11 148
158 11 161
159 11 167
160 11 177
161 11 180
162 12 54
163 12 58
164 12 67
165 12 111
166 12 112
167 13 28
168 13 49
169 13 53
170 13 64
171 13 71
172 13 79
173 13 99
174 13 126
175 13 130
176 13 133
177 13 142
178 13 152
179 13 166
180 13 171
181 13 172
182 13 173
183 13 174
184 14 19
185 14 23
186 14 26
187 14 29
188 14 37
189 14 38
190 14 72
191 14 77
192 14 83
193 14 91
194 14 104
195 14 121
196 14 123
197 14 140
198 14 141
199 14 157
200 14 160
201 14 162
202 14 163
203 14 184
204 15 17
205 15 35
206 15 36
207 15 47
208 15 69
209 15 70
210 15 76
211 15 90
212 16 24
213 16 33
214 16 50
215 16 56
216 16 60
217 16 61
218 16 94
219 16 96
220 16 105
221 16 168
222 17 18
223 17 26
224 17 34
225 17 36
226 17 70
227 17 91
228 17 140
229 18 48
230 18 59
231 18 71
232 18 84
233 18 146
234 18 150
235 18 155
236 18 175
237 19 26
238 19 29
239 19 37
240 19 38
241 19 72
242 19 77
243 19 83
244 19 91
245 19 104
246 19 121
247 19 123
248 19 140
249 19 141
250 19 157
251 19 160
252 19 162
253 19 184
254 20 41
255 20 66
256 20 97
257 20 113
258 21 70
259 21 135
260 21 151
261 22 25
262 22 62
263 22 80
264 22 89
265 22 95
266 22 108
267 22 132
268 22 146
269 22 169
270 23 26
271 23 35
272 23 37
273 23 38
274 23 53
275 23 70
276 23 72
277 23 77
278 23 91
279 23 104
280 23 121
281 23 123
282 23 140
283 23 141
284 23 146
285 23 151
286 23 152
287 23 157
288 23 158
289 23 160
290 23 162
291 23 166
292 23 184
293 24 33
294 24 50
295 24 56
296 24 60
297 24 61
298 24 94
299 24 105
300 24 168
301 25 35
302 25 59
303 25 70
304 25 80
305 25 84
306 25 89
307 25 95
308 25 98
309 25 108
310 25 132
311 25 146
312 25 155
313 25 166
314 25 169
315 26 29
316 26 34
317 26 35
318 26 37
319 26 38
320 26 48
321 26 53
322 26 59
323 26 69
324 26 70
325 26 71
326 26 72
327 26 77
328 26 81
329 26 82
330 26 83
331 26 91
332 26 104
333 26 121
334 26 123
335 26 140
336 26 141
337 26 146
338 26 151
339 26 152
340 26 154
341 26 155
342 26 157
343 26 160
344 26 162
345 26 163
346 26 166
347 26 179
348 26 184
349 27 64
350 27 99
351 27 117
352 27 133
353 27 173
354 28 63
355 28 64
356 28 71
357 28 99
358 28 115
359 28 119
360 28 126
361 28 130
362 28 133
363 28 142
364 28 153
365 28 166
366 28 171
367 28 173
368 28 174
369 29 37
370 29 38
371 29 72
372 29 77
373 29 83
374 29 91
375 29 104
376 29 121
377 29 123
378 29 140
379 29 141
380 29 157
381 29 160
382 29 184
383 30 44
384 30 45
385 30 55
386 30 59
387 30 68
388 30 73
389 30 74
390 30 86
391 30 87
392 30 107
393 30 109
394 30 110
395 30 113
396 30 116
397 30 122
398 30 125
399 30 138
400 30 145
401 30 147
402 30 148
403 30 155
404 30 161
405 30 167
406 30 177
407 31 58
408 31 74
409 31 107
410 31 110
411 31 113
412 31 114
413 31 116
414 31 145
415 31 148
416 31 176
417 32 46
418 32 88
419 32 112
420 32 144
421 32 182
422 33 50
423 33 51
424 33 56
425 33 60
426 33 61
427 33 94
428 33 96
429 33 105
430 33 156
431 33 165
432 33 168
433 34 48
434 34 70
435 34 140
436 35 36
437 35 69
438 35 70
439 35 72
440 35 82
441 35 85
442 35 89
443 35 90
444 35 91
445 35 94
446 35 95
447 35 98
448 35 104
449 35 121
450 35 127
451 35 132
452 35 135
453 35 140
454 35 146
455 35 150
456 35 151
457 35 152
458 35 154
459 35 163
460 35 166
461 35 169
462 36 47
463 36 69
464 36 70
465 36 76
466 36 85
467 36 90
468 36 127
469 36 166
470 37 38
471 37 72
472 37 77
473 37 83
474 37 91
475 37 104
476 37 121
477 37 123
478 37 140
479 37 141
480 37 157
481 37 160
482 37 162
483 37 163
484 37 184
485 38 72
486 38 77
487 38 83
488 38 91
489 38 104
490 38 121
491 38 123
492 38 140
493 38 141
494 38 157
495 38 160
496 38 162
497 38 163
498 38 184
499 39 53
500 39 64
501 39 69
502 39 71
503 39 81
504 39 99
505 39 119
506 39 121
507 39 137
508 39 143
509 39 149
510 39 150
511 39 152
512 39 154
513 39 158
514 39 166
515 39 173
516 40 103
517 40 134
518 40 178
519 40 183
520 41 58
521 41 66
522 41 97
523 41 114
524 42 63
525 42 79
526 42 101
527 42 115
528 42 126
529 42 170
530 43 102
531 43 117
532 43 129
533 44 45
534 44 55
535 44 68
536 44 74
537 44 86
538 44 108
539 44 109
540 44 110
541 44 116
542 44 125
543 44 138
544 44 145
545 44 147
546 44 148
547 44 161
548 44 177
549 45 55
550 45 59
551 45 68
552 45 74
553 45 86
554 45 109
555 45 116
556 45 125
557 45 145
558 45 147
559 45 155
560 45 161
561 45 177
562 46 78
563 46 88
564 46 144
565 46 164
566 46 182
567 47 76
568 48 69
569 48 71
570 48 89
571 48 92
572 48 100
573 48 119
574 48 143
575 48 146
576 48 150
577 48 163
578 48 166
579 49 63
580 49 64
581 49 69
582 49 99
583 49 126
584 49 130
585 49 133
586 49 142
587 49 171
588 49 172
589 49 173
590 49 174
591 50 61
592 50 94
593 50 105
594 50 168
595 51 56
596 51 60
597 51 96
598 51 105
599 51 156
600 51 165
601 52 74
602 52 113
603 52 116
604 52 138
605 52 167
606 53 59
607 53 64
608 53 69
609 53 71
610 53 81
611 53 84
612 53 91
613 53 92
614 53 102
615 53 104
616 53 108
617 53 118
618 53 119
619 53 121
620 53 127
621 53 129
622 53 132
623 53 135
624 53 137
625 53 140
626 53 143
627 53 150
628 53 151
629 53 152
630 53 154
631 53 155
632 53 157
633 53 166
634 53 171
635 53 173
636 53 174
637 54 67
638 54 111
639 54 112
640 55 68
641 55 74
642 55 86
643 55 87
644 55 108
645 55 109
646 55 110
647 55 113
648 55 116
649 55 125
650 55 145
651 55 146
652 55 147
653 55 148
654 55 161
655 55 177
656 56 60
657 56 61
658 56 69
659 56 94
660 56 96
661 56 105
662 56 146
663 56 156
664 56 165
665 56 168
666 57 64
667 57 69
668 57 92
669 57 99
670 57 118
671 57 119
672 57 143
673 57 150
674 57 158
675 57 159
676 57 166
677 58 66
678 58 97
679 58 114
680 59 62
681 59 70
682 59 71
683 59 84
684 59 91
685 59 95
686 59 98
687 59 119
688 59 132
689 59 140
690 59 146
691 59 150
692 59 155
693 59 166
694 59 169
695 59 175
696 60 69
697 60 94
698 60 96
699 60 105
700 60 156
701 60 165
702 60 168
703 61 70
704 61 94
705 61 105
706 61 166
707 61 168
708 62 65
709 62 70
710 62 84
711 62 89
712 62 91
713 62 93
714 62 106
715 62 108
716 62 124
717 62 136
718 62 146
719 62 152
720 62 155
721 62 176
722 63 64
723 63 79
724 63 115
725 63 126
726 63 142
727 63 170
728 63 173
729 63 174
730 64 71
731 64 79
732 64 91
733 64 99
734 64 100
735 64 115
736 64 117
737 64 119
738 64 121
739 64 126
740 64 130
741 64 133
742 64 142
743 64 143
744 64 149
745 64 150
746 64 152
747 64 153
748 64 158
749 64 166
750 64 171
751 64 172
752 64 173
753 64 174
754 65 106
755 66 97
756 66 114
757 66 178
758 67 111
759 67 112
760 68 74
761 68 86
762 68 108
763 68 109
764 68 110
765 68 116
766 68 125
767 68 138
768 68 145
769 68 147
770 68 148
771 68 161
772 68 177
773 69 70
774 69 71
775 69 84
776 69 90
777 69 91
778 69 92
779 69 99
780 69 100
781 69 102
782 69 104
783 69 118
784 69 119
785 69 121
786 69 129
787 69 135
788 69 140
789 69 141
790 69 143
791 69 146
792 69 149
793 69 150
794 69 152
795 69 154
796 69 158
797 69 159
798 69 163
799 69 166
800 69 179
801 70 72
802 70 82
803 70 84
804 70 89
805 70 90
806 70 91
807 70 94
808 70 95
809 70 108
810 70 132
811 70 140
812 70 146
813 70 151
814 70 152
815 70 155
816 70 162
817 70 166
818 70 169
819 70 176
820 71 75
821 71 81
822 71 84
823 71 91
824 71 92
825 71 99
826 71 100
827 71 118
828 71 119
829 71 120
830 71 121
831 71 127
832 71 137
833 71 142
834 71 143
835 71 146
836 71 149
837 71 150
838 71 152
839 71 154
840 71 155
841 71 158
842 71 163
843 71 166
844 71 173
845 71 175
846 72 77
847 72 82
848 72 83
849 72 91
850 72 104
851 72 121
852 72 123
853 72 140
854 72 141
855 72 157
856 72 160
857 72 162
858 72 163
859 73 74
860 73 87
861 73 110
862 73 113
863 73 122
864 73 125
865 73 138
866 73 145
867 73 148
868 73 161
869 73 177
870 73 181
871 74 86
872 74 87
873 74 107
874 74 109
875 74 110
876 74 113
877 74 116
878 74 122
879 74 125
880 74 138
881 74 145
882 74 148
883 74 161
884 74 163
885 74 167
886 74 176
887 74 177
888 74 180
889 75 118
890 75 119
891 75 149
892 75 150
893 75 166
894 77 83
895 77 91
896 77 104
897 77 121
898 77 123
899 77 140
900 77 141
901 77 157
902 77 160
903 77 162
904 77 163
905 77 184
906 78 88
907 79 101
908 79 126
909 79 133
910 79 154
911 79 170
912 79 171
913 79 173
914 80 84
915 80 89
916 80 95
917 80 108
918 80 132
919 80 169
920 81 91
921 81 121
922 81 140
923 81 152
924 81 154
925 82 119
926 82 121
927 82 154
928 82 166
929 83 91
930 83 104
931 83 121
932 83 123
933 83 140
934 83 141
935 83 157
936 83 160
937 83 162
938 83 184
939 84 89
940 84 91
941 84 95
942 84 98
943 84 104
944 84 108
945 84 132
946 84 135
947 84 146
948 84 155
949 84 157
950 84 166
951 84 169
952 84 175
953 84 176
954 85 150
955 86 87
956 86 109
957 86 116
958 86 125
959 86 145
960 86 147
961 86 161
962 87 110
963 87 113
964 87 116
965 87 122
966 87 125
967 87 138
968 87 161
969 87 177
970 88 144
971 88 182
972 89 95
973 89 98
974 89 108
975 89 132
976 89 146
977 89 152
978 89 166
979 89 169
980 89 176
981 90 104
982 90 127
983 90 140
984 90 152
985 90 157
986 90 166
987 91 104
988 91 121
989 91 123
990 91 140
991 91 141
992 91 151
993 91 152
994 91 155
995 91 157
996 91 158
997 91 160
998 91 162
999 91 166
1000 91 184
1001 92 102
1002 92 118
1003 92 119
1004 92 129
1005 92 135
1006 92 143
1007 92 150
1008 92 158
1009 92 166
1010 93 124
1011 94 105
1012 94 156
1013 94 165
1014 94 168
1015 95 98
1016 95 108
1017 95 132
1018 95 146
1019 95 155
1020 95 166
1021 95 169
1022 96 105
1023 96 156
1024 96 165
1025 96 168
1026 97 114
1027 97 178
1028 98 108
1029 98 132
1030 98 146
1031 98 155
1032 98 166
1033 98 169
1034 98 175
1035 99 100
1036 99 118
1037 99 119
1038 99 130
1039 99 133
1040 99 142
1041 99 143
1042 99 150
1043 99 158
1044 99 166
1045 99 172
1046 99 173
1047 100 150
1048 100 166
1049 101 170
1050 102 117
1051 102 120
1052 102 128
1053 102 129
1054 102 135
1055 102 139
1056 102 146
1057 103 134
1058 103 178
1059 103 183
1060 104 121
1061 104 123
1062 104 140
1063 104 141
1064 104 151
1065 104 152
1066 104 154
1067 104 157
1068 104 160
1069 104 162
1070 104 166
1071 104 184
1072 105 156
1073 105 165
1074 105 168
1075 106 124
1076 107 110
1077 107 113
1078 107 116
1079 107 125
1080 107 138
1081 107 148
1082 107 161
1083 108 109
1084 108 132
1085 108 146
1086 108 147
1087 108 152
1088 108 166
1089 108 169
1090 108 175
1091 108 176
1092 109 110
1093 109 116
1094 109 125
1095 109 138
1096 109 145
1097 109 147
1098 109 148
1099 109 161
1100 109 177
1101 110 113
1102 110 114
1103 110 116
1104 110 122
1105 110 125
1106 110 138
1107 110 145
1108 110 147
1109 110 148
1110 110 161
1111 110 167
1112 110 177
1113 110 180
1114 110 181
1115 111 112
1116 112 113
1117 112 116
1118 112 144
1119 113 116
1120 113 122
1121 113 125
1122 113 138
1123 113 145
1124 113 146
1125 113 148
1126 113 161
1127 113 167
1128 113 177
1129 113 180
1130 114 145
1131 115 126
1132 115 142
1133 115 173
1134 115 174
1135 116 125
1136 116 138
1137 116 145
1138 116 148
1139 116 161
1140 116 167
1141 116 177
1142 116 180
1143 116 181
1144 117 118
1145 117 120
1146 117 128
1147 117 129
1148 117 135
1149 117 139
1150 117 143
1151 117 146
1152 117 166
1153 117 171
1154 118 119
1155 118 126
1156 118 135
1157 118 137
1158 118 142
1159 118 143
1160 118 150
1161 118 152
1162 118 158
1163 118 159
1164 118 163
1165 118 166
1166 118 174
1167 118 179
1168 119 121
1169 119 143
1170 119 146
1171 119 150
1172 119 152
1173 119 155
1174 119 158
1175 119 159
1176 119 163
1177 119 166
1178 120 128
1179 120 129
1180 120 139
1181 120 146
1182 121 123
1183 121 140
1184 121 141
1185 121 150
1186 121 152
1187 121 157
1188 121 160
1189 121 162
1190 121 166
1191 121 184
1192 122 125
1193 122 138
1194 122 145
1195 122 148
1196 122 161
1197 122 167
1198 122 177
1199 122 181
1200 123 140
1201 123 141
1202 123 157
1203 123 160
1204 123 162
1205 123 184
1206 124 136
1207 124 146
1208 125 138
1209 125 145
1210 125 147
1211 125 148
1212 125 161
1213 125 167
1214 125 177
1215 125 180
1216 126 130
1217 126 133
1218 126 142
1219 126 170
1220 126 171
1221 126 173
1222 127 140
1223 127 141
1224 127 150
1225 127 152
1226 128 129
1227 128 139
1228 128 146
1229 129 139
1230 129 141
1231 129 146
1232 130 142
1233 130 171
1234 130 172
1235 130 173
1236 130 174
1237 131 135
1238 132 146
1239 132 155
1240 132 166
1241 132 169
1242 133 142
1243 133 152
1244 133 153
1245 133 171
1246 133 172
1247 133 173
1248 134 178
1249 134 183
1250 135 146
1251 135 151
1252 135 154
1253 135 166
1254 137 174
1255 138 145
1256 138 147
1257 138 148
1258 138 161
1259 138 167
1260 138 177
1261 138 180
1262 140 141
1263 140 146
1264 140 152
1265 140 154
1266 140 155
1267 140 157
1268 140 160
1269 140 162
1270 140 163
1271 140 166
1272 140 179
1273 140 184
1274 141 152
1275 141 157
1276 141 160
1277 141 162
1278 141 184
1279 142 152
1280 142 171
1281 142 172
1282 142 173
1283 142 174
1284 143 149
1285 143 150
1286 143 154
1287 143 158
1288 143 159
1289 143 166
1290 143 173
1291 144 164
1292 144 182
1293 145 147
1294 145 148
1295 145 161
1296 145 177
1297 145 181
1298 146 151
1299 146 152
1300 146 154
1301 146 155
1302 146 158
1303 146 166
1304 146 169
1305 146 175
1306 146 176
1307 147 148
1308 147 161
1309 148 161
1310 148 167
1311 148 177
1312 148 180
1313 148 181
1314 149 150
1315 149 152
1316 149 154
1317 149 163
1318 149 166
1319 149 179
1320 150 152
1321 150 155
1322 150 158
1323 150 159
1324 150 163
1325 150 166
1326 150 179
1327 151 152
1328 151 162
1329 152 154
1330 152 157
1331 152 159
1332 152 163
1333 152 166
1334 152 173
1335 154 166
1336 155 166
1337 155 169
1338 155 175
1339 156 165
1340 157 160
1341 157 162
1342 157 184
1343 158 159
1344 158 163
1345 158 166
1346 159 166
1347 160 162
1348 160 163
1349 160 184
1350 161 177
1351 161 181
1352 162 184
1353 163 166
1354 163 179
1355 164 182
1356 166 169
1357 166 173
1358 166 179
1359 167 180
1360 167 181
1361 171 172
1362 171 173
1363 171 174
1364 172 173
1365 172 174
1366 173 174
1367 178 183
