1 1 3
2 1 6
3 1 9
4 1 16
5 1 24
6 1 33
7 1 39
8 1 50
9 1 51
10 1 56
11 1 59
12 1 60
13 1 61
14 1 62
15 1 69
16 1 70
17 1 81
18 1 85
19 1 90
20 1 94
21 1 96
22 1 104
23 1 105
24 1 124
25 1 135
26 1 140
27 1 141
28 1 146
29 1 151
30 1 152
31 1 155
32 1 156
33 1 157
34 1 165
35 1 168
36 2 6
37 2 13
38 2 18
39 2 23
40 2 26
41 2 27
42 2 28
43 2 39
44 2 42
45 2 49
46 2 53
47 2 64
48 2 69
49 2 70
50 2 71
51 2 75
52 2 79
53 2 80
54 2 81
55 2 82
56 2 84
57 2 85
58 2 91
59 2 92
60 2 99
61 2 100
62 2 101
63 2 102
64 2 104
65 2 108
66 2 115
67 2 117
68 2 118
69 2 119
70 2 121
71 2 126
72 2 129
73 2 130
74 2 133
75 2 135
76 2 137
77 2 139
78 2 142
79 2 143
80 2 146
81 2 149
82 2 150
83 2 151
84 2 152
85 2 153
86 2 154
87 2 158
88 2 166
89 2 170
90 2 171
91 2 172
92 2 173
93 2 174
94 3 4
95 3 6
96 3 8
97 3 9
98 3 10
99 3 13
100 3 14
101 3 17
102 3 18
103 3 19
104 3 21
105 3 22
106 3 23
107 3 24
108 3 25
109 3 26
110 3 29
111 3 34
112 3 35
113 3 36
114 3 37
115 3 38
116 3 39
117 3 48
118 3 50
119 3 51
120 3 53
121 3 55
122 3 59
123 3 60
124 3 62
125 3 64
126 3 69
127 3 70
128 3 71
129 3 72
130 3 77
131 3 80
132 3 81
133 3 82
134 3 83
135 3 84
136 3 85
137 3 86
138 3 89
139 3 90
140 3 91
141 3 92
142 3 95
143 3 96
144 3 99
145 3 102
146 3 104
147 3 105
148 3 108
149 3 117
150 3 118
151 3 119
152 3 120
153 3 121
154 3 123
155 3 127
156 3 129
157 3 132
158 3 135
159 3 139
160 3 140
161 3 141
162 3 145
163 3 146
164 3 148
165 3 149
166 3 150
167 3 151
168 3 152
169 3 154
170 3 155
171 3 157
172 3 158
173 3 160
174 3 162
175 3 163
176 3 166
177 3 169
178 3 173
179 3 176
180 3 179
181 3 184
182 4 5
183 4 6
184 4 10
185 4 11
186 4 12
187 4 18
188 4 21
189 4 22
190 4 23
191 4 25
192 4 26
193 4 27
194 4 31
195 4 35
196 4 36
197 4 39
198 4 44
199 4 45
200 4 52
201 4 53
202 4 55
203 4 58
204 4 59
205 4 62
206 4 66
207 4 68
208 4 69
209 4 70
210 4 71
211 4 72
212 4 74
213 4 80
214 4 81
215 4 84
216 4 86
217 4 87
218 4 89
219 4 90
220 4 91
221 4 93
222 4 95
223 4 98
224 4 104
225 4 107
226 4 108
227 4 109
228 4 110
229 4 112
230 4 114
231 4 116
232 4 118
233 4 121
234 4 124
235 4 125
236 4 132
237 4 136
238 4 140
239 4 145
240 4 146
241 4 147
242 4 148
243 4 149
244 4 150
245 4 151
246 4 152
247 4 154
248 4 155
249 4 157
250 4 161
251 4 162
252 4 163
253 4 166
254 4 169
255 4 175
256 4 176
257 4 179
258 4 181
259 4 184
260 5 6
261 5 10
262 5 14
263 5 19
264 5 21
265 5 25
266 5 29
267 5 38
268 5 70
269 5 80
270 5 81
271 5 83
272 5 84
273 5 89
274 5 95
275 5 104
276 5 132
277 5 135
278 5 146
279 5 151
280 5 157
281 5 160
282 5 169
283 6 9
284 6 10
285 6 11
286 6 13
287 6 14
288 6 15
289 6 17
290 6 18
291 6 19
292 6 21
293 6 22
294 6 23
295 6 25
296 6 26
297 6 27
298 6 28
299 6 29
300 6 30
301 6 31
302 6 33
303 6 34
304 6 35
305 6 36
306 6 37
307 6 38
308 6 39
309 6 41
310 6 44
311 6 45
312 6 48
313 6 49
314 6 51
315 6 53
316 6 55
317 6 56
318 6 57
319 6 59
320 6 60
321 6 61
322 6 62
323 6 64
324 6 68
325 6 69
326 6 70
327 6 71
328 6 72
329 6 73
330 6 74
331 6 75
332 6 77
333 6 80
334 6 81
335 6 82
336 6 83
337 6 84
338 6 85
339 6 86
340 6 89
341 6 90
342 6 91
343 6 92
344 6 93
345 6 95
346 6 96
347 6 98
348 6 99
349 6 100
350 6 102
351 6 104
352 6 105
353 6 108
354 6 109
355 6 110
356 6 113
357 6 116
358 6 117
359 6 118
360 6 119
361 6 120
362 6 121
363 6 122
364 6 123
365 6 124
366 6 125
367 6 126
368 6 128
369 6 129
370 6 130
371 6 132
372 6 133
373 6 135
374 6 136
375 6 139
376 6 140
377 6 142
378 6 143
379 6 145
380 6 146
381 6 147
382 6 148
383 6 149
384 6 150
385 6 151
386 6 152
387 6 154
388 6 155
389 6 156
390 6 157
391 6 158
392 6 160
393 6 162
394 6 163
395 6 166
396 6 169
397 6 172
398 6 173
399 6 174
400 6 175
401 6 176
402 6 184
403 7 12
404 7 32
405 7 46
406 7 54
407 7 78
408 7 88
409 7 107
410 7 112
411 7 144
412 7 164
413 7 182
414 8 13
415 8 18
416 8 19
417 8 26
418 8 29
419 8 35
420 8 39
421 8 48
422 8 49
423 8 53
424 8 61
425 8 64
426 8 69
427 8 71
428 8 82
429 8 83
430 8 85
431 8 99
432 8 104
433 8 118
434 8 124
435 8 129
436 8 130
437 8 135
438 8 137
439 8 140
440 8 143
441 8 147
442 8 150
443 8 154
444 8 157
445 8 158
446 8 166
447 8 173
448 9 10
449 9 16
450 9 22
451 9 23
452 9 24
453 9 33
454 9 35
455 9 39
456 9 50
457 9 51
458 9 53
459 9 56
460 9 59
461 9 60
462 9 61
463 9 62
464 9 69
465 9 70
466 9 81
467 9 84
468 9 90
469 9 94
470 9 96
471 9 104
472 9 105
473 9 135
474 9 140
475 9 146
476 9 151
477 9 152
478 9 154
479 9 155
480 9 156
481 9 157
482 9 165
483 9 166
484 9 168
485 10 14
486 10 16
487 10 19
488 10 21
489 10 22
490 10 23
491 10 24
492 10 25
493 10 26
494 10 29
495 10 31
496 10 35
497 10 37
498 10 38
499 10 50
500 10 51
501 10 53
502 10 56
503 10 58
504 10 59
505 10 61
506 10 62
507 10 70
508 10 77
509 10 80
510 10 83
511 10 84
512 10 89
513 10 90
514 10 91
515 10 94
516 10 95
517 10 104
518 10 108
519 10 123
520 10 124
521 10 125
522 10 132
523 10 135
524 10 140
525 10 141
526 10 146
527 10 150
528 10 151
529 10 152
530 10 154
531 10 155
532 10 157
533 10 160
534 10 162
535 10 168
536 10 169
537 10 175
538 10 176
539 10 184
540 11 12
541 11 17
542 11 18
543 11 25
544 11 30
545 11 31
546 11 34
547 11 44
548 11 45
549 11 52
550 11 55
551 11 59
552 11 66
553 11 68
554 11 73
555 11 74
556 11 84
557 11 86
558 11 87
559 11 89
560 11 93
561 11 95
562 11 97
563 11 107
564 11 108
565 11 109
566 11 110
567 11 112
568 11 113
569 11 114
570 11 116
571 11 122
572 11 124
573 11 125
574 11 132
575 11 138
576 11 145
577 11 146
578 11 147
579 11 148
580 11 149
581 11 155
582 11 161
583 11 166
584 11 167
585 11 169
586 11 177
587 11 180
588 11 181
589 12 25
590 12 30
591 12 31
592 12 32
593 12 40
594 12 44
595 12 45
596 12 46
597 12 52
598 12 54
599 12 58
600 12 67
601 12 68
602 12 78
603 12 80
604 12 87
605 12 88
606 12 95
607 12 97
608 12 107
609 12 108
610 12 110
611 12 111
612 12 112
613 12 113
614 12 114
615 12 116
616 12 138
617 12 144
618 12 161
619 12 164
620 12 167
621 12 169
622 12 182
623 13 18
624 13 23
625 13 26
626 13 27
627 13 28
628 13 34
629 13 39
630 13 42
631 13 48
632 13 49
633 13 53
634 13 57
635 13 59
636 13 63
637 13 64
638 13 69
639 13 70
640 13 71
641 13 77
642 13 79
643 13 84
644 13 91
645 13 92
646 13 99
647 13 102
648 13 115
649 13 117
650 13 118
651 13 119
652 13 121
653 13 126
654 13 129
655 13 130
656 13 133
657 13 135
658 13 137
659 13 139
660 13 142
661 13 143
662 13 146
663 13 149
664 13 150
665 13 151
666 13 152
667 13 153
668 13 154
669 13 155
670 13 158
671 13 162
672 13 166
673 13 170
674 13 171
675 13 172
676 13 173
677 13 174
678 14 15
679 14 17
680 14 19
681 14 21
682 14 23
683 14 26
684 14 29
685 14 31
686 14 34
687 14 35
688 14 36
689 14 37
690 14 38
691 14 39
692 14 48
693 14 53
694 14 55
695 14 59
696 14 69
697 14 70
698 14 71
699 14 72
700 14 74
701 14 75
702 14 77
703 14 81
704 14 83
705 14 84
706 14 90
707 14 91
708 14 100
709 14 104
710 14 110
711 14 118
712 14 121
713 14 123
714 14 127
715 14 138
716 14 140
717 14 141
718 14 146
719 14 148
720 14 149
721 14 150
722 14 151
723 14 152
724 14 154
725 14 155
726 14 157
727 14 158
728 14 160
729 14 161
730 14 162
731 14 163
732 14 166
733 14 172
734 14 173
735 14 179
736 14 184
737 15 17
738 15 23
739 15 25
740 15 26
741 15 30
742 15 34
743 15 35
744 15 36
745 15 37
746 15 38
747 15 45
748 15 47
749 15 48
750 15 55
751 15 57
752 15 69
753 15 70
754 15 71
755 15 72
756 15 76
757 15 77
758 15 80
759 15 82
760 15 85
761 15 90
762 15 95
763 15 96
764 15 102
765 15 104
766 15 108
767 15 119
768 15 121
769 15 127
770 15 129
771 15 132
772 15 140
773 15 141
774 15 146
775 15 149
776 15 152
777 15 156
778 15 159
779 15 160
780 15 162
781 15 163
782 15 166
783 15 169
784 15 177
785 15 179
786 15 184
787 16 24
788 16 33
789 16 50
790 16 51
791 16 56
792 16 60
793 16 61
794 16 90
795 16 94
796 16 96
797 16 105
798 16 152
799 16 154
800 16 156
801 16 165
802 16 168
803 17 18
804 17 23
805 17 25
806 17 26
807 17 29
808 17 30
809 17 31
810 17 34
811 17 35
812 17 36
813 17 37
814 17 38
815 17 39
816 17 48
817 17 53
818 17 57
819 17 59
820 17 62
821 17 69
822 17 70
823 17 71
824 17 72
825 17 77
826 17 80
827 17 82
828 17 84
829 17 87
830 17 89
831 17 91
832 17 95
833 17 102
834 17 104
835 17 108
836 17 110
837 17 113
838 17 114
839 17 116
840 17 117
841 17 119
842 17 120
843 17 121
844 17 127
845 17 128
846 17 129
847 17 132
848 17 138
849 17 139
850 17 140
851 17 141
852 17 143
853 17 145
854 17 146
855 17 149
856 17 151
857 17 155
858 17 157
859 17 158
860 17 160
861 17 161
862 17 162
863 17 163
864 17 166
865 17 169
866 17 175
867 17 176
868 17 177
869 17 179
870 17 184
871 18 21
872 18 22
873 18 25
874 18 26
875 18 28
876 18 29
877 18 30
878 18 34
879 18 35
880 18 36
881 18 39
882 18 48
883 18 57
884 18 59
885 18 60
886 18 61
887 18 62
888 18 64
889 18 69
890 18 70
891 18 71
892 18 72
893 18 75
894 18 80
895 18 82
896 18 84
897 18 85
898 18 89
899 18 91
900 18 92
901 18 95
902 18 98
903 18 99
904 18 100
905 18 102
906 18 104
907 18 108
908 18 113
909 18 115
910 18 117
911 18 118
912 18 119
913 18 120
914 18 121
915 18 127
916 18 129
917 18 130
918 18 132
919 18 135
920 18 140
921 18 142
922 18 143
923 18 146
924 18 148
925 18 149
926 18 150
927 18 151
928 18 152
929 18 155
930 18 157
931 18 158
932 18 159
933 18 162
934 18 163
935 18 166
936 18 169
937 18 175
938 18 176
939 18 179
940 19 21
941 19 23
942 19 25
943 19 26
944 19 27
945 19 29
946 19 34
947 19 35
948 19 37
949 19 38
950 19 39
951 19 48
952 19 50
953 19 53
954 19 55
955 19 61
956 19 70
957 19 71
958 19 72
959 19 77
960 19 81
961 19 83
962 19 89
963 19 90
964 19 91
965 19 94
966 19 95
967 19 104
968 19 108
969 19 109
970 19 121
971 19 123
972 19 129
973 19 132
974 19 140
975 19 141
976 19 145
977 19 149
978 19 150
979 19 151
980 19 152
981 19 154
982 19 157
983 19 158
984 19 160
985 19 162
986 19 165
987 19 166
988 19 169
989 19 184
990 20 30
991 20 31
992 20 41
993 20 44
994 20 45
995 20 53
996 20 65
997 20 66
998 20 68
999 20 74
1000 20 86
1001 20 87
1002 20 97
1003 20 106
1004 20 107
1005 20 109
1006 20 110
1007 20 113
1008 20 114
1009 20 116
1010 20 124
1011 20 125
1012 20 138
1013 20 145
1014 20 148
1015 20 177
1016 20 178
1017 21 23
1018 21 29
1019 21 35
1020 21 37
1021 21 38
1022 21 39
1023 21 48
1024 21 59
1025 21 61
1026 21 62
1027 21 70
1028 21 72
1029 21 77
1030 21 81
1031 21 83
1032 21 84
1033 21 91
1034 21 93
1035 21 102
1036 21 104
1037 21 108
1038 21 121
1039 21 129
1040 21 131
1041 21 135
1042 21 141
1043 21 145
1044 21 146
1045 21 150
1046 21 151
1047 21 152
1048 21 155
1049 21 160
1050 21 162
1051 21 176
1052 21 184
1053 22 25
1054 22 35
1055 22 51
1056 22 55
1057 22 56
1058 22 59
1059 22 61
1060 22 62
1061 22 70
1062 22 80
1063 22 84
1064 22 89
1065 22 93
1066 22 95
1067 22 96
1068 22 98
1069 22 108
1070 22 125
1071 22 132
1072 22 146
1073 22 150
1074 22 151
1075 22 152
1076 22 155
1077 22 156
1078 22 169
1079 22 176
1080 22 184
1081 23 25
1082 23 26
1083 23 29
1084 23 34
1085 23 35
1086 23 36
1087 23 37
1088 23 38
1089 23 39
1090 23 48
1091 23 53
1092 23 55
1093 23 56
1094 23 59
1095 23 62
1096 23 64
1097 23 69
1098 23 70
1099 23 71
1100 23 72
1101 23 77
1102 23 80
1103 23 81
1104 23 83
1105 23 84
1106 23 85
1107 23 87
1108 23 89
1109 23 90
1110 23 91
1111 23 95
1112 23 98
1113 23 104
1114 23 108
1115 23 110
1116 23 115
1117 23 118
1118 23 121
1119 23 123
1120 23 127
1121 23 132
1122 23 133
1123 23 135
1124 23 138
1125 23 139
1126 23 140
1127 23 141
1128 23 143
1129 23 146
1130 23 149
1131 23 150
1132 23 151
1133 23 152
1134 23 154
1135 23 155
1136 23 157
1137 23 158
1138 23 160
1139 23 162
1140 23 163
1141 23 165
1142 23 166
1143 23 169
1144 23 172
1145 23 173
1146 23 174
1147 23 179
1148 23 184
1149 24 33
1150 24 50
1151 24 51
1152 24 56
1153 24 60
1154 24 61
1155 24 62
1156 24 69
1157 24 70
1158 24 84
1159 24 94
1160 24 96
1161 24 104
1162 24 105
1163 24 123
1164 24 124
1165 24 135
1166 24 140
1167 24 150
1168 24 152
1169 24 154
1170 24 156
1171 24 157
1172 24 165
1173 24 166
1174 24 168
1175 25 26
1176 25 29
1177 25 30
1178 25 31
1179 25 34
1180 25 35
1181 25 39
1182 25 44
1183 25 45
1184 25 48
1185 25 53
1186 25 55
1187 25 59
1188 25 60
1189 25 62
1190 25 64
1191 25 65
1192 25 66
1193 25 68
1194 25 69
1195 25 70
1196 25 72
1197 25 73
1198 25 74
1199 25 80
1200 25 81
1201 25 82
1202 25 83
1203 25 84
1204 25 86
1205 25 87
1206 25 89
1207 25 91
1208 25 95
1209 25 98
1210 25 99
1211 25 104
1212 25 106
1213 25 107
1214 25 108
1215 25 109
1216 25 110
1217 25 112
1218 25 114
1219 25 116
1220 25 119
1221 25 121
1222 25 122
1223 25 125
1224 25 132
1225 25 135
1226 25 138
1227 25 140
1228 25 145
1229 25 146
1230 25 147
1231 25 148
1232 25 149
1233 25 150
1234 25 151
1235 25 152
1236 25 154
1237 25 155
1238 25 157
1239 25 162
1240 25 163
1241 25 166
1242 25 167
1243 25 169
1244 25 173
1245 25 174
1246 25 175
1247 25 176
1248 25 179
1249 25 180
1250 25 184
1251 26 28
1252 26 29
1253 26 31
1254 26 34
1255 26 35
1256 26 36
1257 26 37
1258 26 38
1259 26 39
1260 26 44
1261 26 45
1262 26 48
1263 26 50
1264 26 51
1265 26 53
1266 26 55
1267 26 56
1268 26 57
1269 26 59
1270 26 60
1271 26 61
1272 26 62
1273 26 64
1274 26 68
1275 26 69
1276 26 70
1277 26 71
1278 26 72
1279 26 75
1280 26 77
1281 26 80
1282 26 81
1283 26 82
1284 26 83
1285 26 84
1286 26 85
1287 26 86
1288 26 87
1289 26 89
1290 26 90
1291 26 91
1292 26 92
1293 26 95
1294 26 96
1295 26 98
1296 26 99
1297 26 100
1298 26 102
1299 26 104
1300 26 105
1301 26 108
1302 26 109
1303 26 110
1304 26 115
1305 26 117
1306 26 118
1307 26 119
1308 26 120
1309 26 121
1310 26 123
1311 26 124
1312 26 127
1313 26 128
1314 26 129
1315 26 132
1316 26 135
1317 26 139
1318 26 140
1319 26 141
1320 26 143
1321 26 145
1322 26 146
1323 26 147
1324 26 148
1325 26 149
1326 26 150
1327 26 151
1328 26 152
1329 26 154
1330 26 155
1331 26 157
1332 26 158
1333 26 159
1334 26 160
1335 26 161
1336 26 162
1337 26 163
1338 26 166
1339 26 169
1340 26 172
1341 26 173
1342 26 175
1343 26 176
1344 26 177
1345 26 179
1346 26 184
1347 27 28
1348 27 29
1349 27 42
1350 27 48
1351 27 49
1352 27 64
1353 27 69
1354 27 71
1355 27 79
1356 27 83
1357 27 99
1358 27 101
1359 27 102
1360 27 117
1361 27 120
1362 27 126
1363 27 129
1364 27 133
1365 27 135
1366 27 139
1367 27 142
1368 27 143
1369 27 150
1370 27 153
1371 27 158
1372 27 166
1373 27 170
1374 27 171
1375 27 172
1376 27 173
1377 27 174
1378 28 35
1379 28 39
1380 28 42
1381 28 48
1382 28 49
1383 28 51
1384 28 53
1385 28 57
1386 28 59
1387 28 63
1388 28 64
1389 28 69
1390 28 71
1391 28 79
1392 28 81
1393 28 82
1394 28 92
1395 28 99
1396 28 100
1397 28 102
1398 28 115
1399 28 117
1400 28 118
1401 28 119
1402 28 123
1403 28 126
1404 28 127
1405 28 128
1406 28 129
1407 28 130
1408 28 133
1409 28 135
1410 28 139
1411 28 140
1412 28 142
1413 28 143
1414 28 146
1415 28 149
1416 28 150
1417 28 152
1418 28 153
1419 28 154
1420 28 155
1421 28 158
1422 28 159
1423 28 166
1424 28 170
1425 28 171
1426 28 172
1427 28 173
1428 28 174
1429 29 34
1430 29 35
1431 29 37
1432 29 38
1433 29 48
1434 29 50
1435 29 53
1436 29 61
1437 29 70
1438 29 71
1439 29 72
1440 29 77
1441 29 81
1442 29 82
1443 29 83
1444 29 89
1445 29 90
1446 29 91
1447 29 94
1448 29 95
1449 29 104
1450 29 105
1451 29 108
1452 29 121
1453 29 123
1454 29 129
1455 29 132
1456 29 140
1457 29 141
1458 29 149
1459 29 150
1460 29 151
1461 29 152
1462 29 154
1463 29 157
1464 29 160
1465 29 162
1466 29 166
1467 29 169
1468 29 184
1469 30 31
1470 30 34
1471 30 36
1472 30 41
1473 30 44
1474 30 45
1475 30 52
1476 30 54
1477 30 55
1478 30 58
1479 30 59
1480 30 67
1481 30 68
1482 30 70
1483 30 72
1484 30 73
1485 30 74
1486 30 80
1487 30 84
1488 30 86
1489 30 87
1490 30 95
1491 30 97
1492 30 107
1493 30 108
1494 30 109
1495 30 110
1496 30 112
1497 30 113
1498 30 114
1499 30 116
1500 30 122
1501 30 125
1502 30 132
1503 30 138
1504 30 145
1505 30 146
1506 30 147
1507 30 148
1508 30 149
1509 30 155
1510 30 161
1511 30 163
1512 30 166
1513 30 167
1514 30 169
1515 30 177
1516 30 179
1517 30 180
1518 30 181
1519 31 36
1520 31 37
1521 31 38
1522 31 41
1523 31 44
1524 31 45
1525 31 52
1526 31 55
1527 31 58
1528 31 62
1529 31 68
1530 31 70
1531 31 73
1532 31 74
1533 31 77
1534 31 80
1535 31 86
1536 31 87
1537 31 89
1538 31 91
1539 31 95
1540 31 107
1541 31 108
1542 31 109
1543 31 110
1544 31 112
1545 31 113
1546 31 114
1547 31 116
1548 31 122
1549 31 124
1550 31 125
1551 31 132
1552 31 135
1553 31 138
1554 31 145
1555 31 146
1556 31 147
1557 31 148
1558 31 151
1559 31 160
1560 31 161
1561 31 162
1562 31 167
1563 31 169
1564 31 176
1565 31 177
1566 31 181
1567 31 184
1568 32 46
1569 32 54
1570 32 67
1571 32 78
1572 32 88
1573 32 107
1574 32 110
1575 32 111
1576 32 112
1577 32 144
1578 32 148
1579 32 161
1580 32 164
1581 32 182
1582 33 35
1583 33 50
1584 33 51
1585 33 56
1586 33 60
1587 33 61
1588 33 70
1589 33 77
1590 33 81
1591 33 94
1592 33 96
1593 33 105
1594 33 146
1595 33 151
1596 33 152
1597 33 154
1598 33 156
1599 33 165
1600 33 168
1601 34 35
1602 34 36
1603 34 37
1604 34 38
1605 34 39
1606 34 48
1607 34 62
1608 34 69
1609 34 70
1610 34 71
1611 34 72
1612 34 77
1613 34 80
1614 34 82
1615 34 83
1616 34 84
1617 34 87
1618 34 89
1619 34 91
1620 34 95
1621 34 98
1622 34 102
1623 34 104
1624 34 108
1625 34 113
1626 34 114
1627 34 116
1628 34 117
1629 34 119
1630 34 120
1631 34 121
1632 34 128
1633 34 129
1634 34 132
1635 34 139
1636 34 140
1637 34 141
1638 34 143
1639 34 145
1640 34 146
1641 34 149
1642 34 151
1643 34 152
1644 34 157
1645 34 160
1646 34 161
1647 34 162
1648 34 163
1649 34 166
1650 34 169
1651 34 176
1652 34 177
1653 34 179
1654 34 184
1655 35 36
1656 35 37
1657 35 38
1658 35 39
1659 35 44
1660 35 47
1661 35 48
1662 35 49
1663 35 50
1664 35 53
1665 35 55
1666 35 56
1667 35 57
1668 35 59
1669 35 60
1670 35 61
1671 35 62
1672 35 64
1673 35 68
1674 35 69
1675 35 70
1676 35 71
1677 35 72
1678 35 76
1679 35 77
1680 35 80
1681 35 81
1682 35 82
1683 35 83
1684 35 84
1685 35 85
1686 35 86
1687 35 89
1688 35 90
1689 35 91
1690 35 92
1691 35 94
1692 35 95
1693 35 96
1694 35 98
1695 35 100
1696 35 102
1697 35 104
1698 35 105
1699 35 108
1700 35 109
1701 35 112
1702 35 113
1703 35 115
1704 35 117
1705 35 118
1706 35 119
1707 35 120
1708 35 121
1709 35 123
1710 35 125
1711 35 127
1712 35 129
1713 35 131
1714 35 132
1715 35 135
1716 35 136
1717 35 140
1718 35 141
1719 35 142
1720 35 143
1721 35 145
1722 35 146
1723 35 147
1724 35 149
1725 35 150
1726 35 151
1727 35 152
1728 35 154
1729 35 155
1730 35 157
1731 35 158
1732 35 159
1733 35 160
1734 35 162
1735 35 163
1736 35 166
1737 35 169
1738 35 173
1739 35 174
1740 35 176
1741 35 177
1742 35 179
1743 35 184
1744 36 37
1745 36 38
1746 36 47
1747 36 48
1748 36 53
1749 36 57
1750 36 60
1751 36 69
1752 36 70
1753 36 71
1754 36 72
1755 36 76
1756 36 77
1757 36 80
1758 36 82
1759 36 85
1760 36 90
1761 36 91
1762 36 96
1763 36 102
1764 36 104
1765 36 108
1766 36 113
1767 36 116
1768 36 119
1769 36 120
1770 36 121
1771 36 127
1772 36 129
1773 36 135
1774 36 140
1775 36 141
1776 36 146
1777 36 149
1778 36 150
1779 36 152
1780 36 156
1781 36 157
1782 36 159
1783 36 160
1784 36 162
1785 36 163
1786 36 165
1787 36 166
1788 36 179
1789 37 38
1790 37 39
1791 37 42
1792 37 48
1793 37 53
1794 37 55
1795 37 69
1796 37 70
1797 37 71
1798 37 72
1799 37 74
1800 37 75
1801 37 77
1802 37 81
1803 37 83
1804 37 84
1805 37 90
1806 37 91
1807 37 100
1808 37 104
1809 37 110
1810 37 121
1811 37 122
1812 37 123
1813 37 127
1814 37 138
1815 37 140
1816 37 141
1817 37 145
1818 37 146
1819 37 148
1820 37 149
1821 37 150
1822 37 151
1823 37 152
1824 37 154
1825 37 157
1826 37 158
1827 37 160
1828 37 161
1829 37 162
1830 37 163
1831 37 166
1832 37 173
1833 37 179
1834 37 184
1835 38 39
1836 38 48
1837 38 53
1838 38 55
1839 38 59
1840 38 69
1841 38 70
1842 38 71
1843 38 72
1844 38 74
1845 38 75
1846 38 77
1847 38 81
1848 38 83
1849 38 84
1850 38 90
1851 38 91
1852 38 100
1853 38 104
1854 38 110
1855 38 118
1856 38 121
1857 38 123
1858 38 127
1859 38 138
1860 38 140
1861 38 141
1862 38 146
1863 38 148
1864 38 149
1865 38 150
1866 38 151
1867 38 152
1868 38 154
1869 38 155
1870 38 157
1871 38 158
1872 38 160
1873 38 161
1874 38 162
1875 38 163
1876 38 166
1877 38 172
1878 38 173
1879 38 179
1880 38 184
1881 39 42
1882 39 48
1883 39 49
1884 39 50
1885 39 53
1886 39 56
1887 39 57
1888 39 59
1889 39 60
1890 39 63
1891 39 64
1892 39 69
1893 39 70
1894 39 71
1895 39 72
1896 39 75
1897 39 77
1898 39 79
1899 39 81
1900 39 82
1901 39 83
1902 39 84
1903 39 85
1904 39 89
1905 39 90
1906 39 91
1907 39 92
1908 39 95
1909 39 96
1910 39 98
1911 39 99
1912 39 100
1913 39 102
1914 39 104
1915 39 108
1916 39 115
1917 39 117
1918 39 118
1919 39 119
1920 39 120
1921 39 121
1922 39 123
1923 39 126
1924 39 127
1925 39 128
1926 39 129
1927 39 132
1928 39 135
1929 39 137
1930 39 139
1931 39 140
1932 39 141
1933 39 142
1934 39 143
1935 39 146
1936 39 149
1937 39 150
1938 39 151
1939 39 152
1940 39 154
1941 39 155
1942 39 157
1943 39 158
1944 39 159
1945 39 160
1946 39 162
1947 39 163
1948 39 166
1949 39 169
1950 39 171
1951 39 172
1952 39 173
1953 39 175
1954 39 176
1955 39 179
1956 39 184
1957 40 58
1958 40 66
1959 40 103
1960 40 114
1961 40 125
1962 40 134
1963 40 178
1964 40 183
1965 41 52
1966 41 58
1967 41 66
1968 41 73
1969 41 88
1970 41 97
1971 41 103
1972 41 107
1973 41 110
1974 41 114
1975 41 122
1976 41 125
1977 41 145
1978 41 148
1979 41 178
1980 42 49
1981 42 57
1982 42 63
1983 42 64
1984 42 71
1985 42 79
1986 42 99
1987 42 101
1988 42 115
1989 42 118
1990 42 119
1991 42 120
1992 42 126
1993 42 128
1994 42 130
1995 42 133
1996 42 137
1997 42 139
1998 42 142
1999 42 143
2000 42 149
2001 42 150
2002 42 152
2003 42 153
2004 42 154
2005 42 159
2006 42 166
2007 42 170
2008 42 171
2009 42 173
2010 42 174
2011 43 102
2012 43 117
2013 43 120
2014 43 128
2015 43 129
2016 43 139
2017 44 45
2018 44 52
2019 44 53
2020 44 55
2021 44 59
2022 44 62
2023 44 68
2024 44 73
2025 44 74
2026 44 77
2027 44 80
2028 44 82
2029 44 84
2030 44 86
2031 44 87
2032 44 89
2033 44 93
2034 44 95
2035 44 97
2036 44 98
2037 44 102
2038 44 107
2039 44 108
2040 44 109
2041 44 110
2042 44 112
2043 44 113
2044 44 114
2045 44 116
2046 44 122
2047 44 124
2048 44 125
2049 44 128
2050 44 132
2051 44 138
2052 44 140
2053 44 145
2054 44 146
2055 44 147
2056 44 148
2057 44 155
2058 44 157
2059 44 161
2060 44 163
2061 44 164
2062 44 166
2063 44 167
2064 44 169
2065 44 176
2066 44 177
2067 44 179
2068 44 180
2069 45 48
2070 45 52
2071 45 55
2072 45 59
2073 45 62
2074 45 68
2075 45 69
2076 45 73
2077 45 74
2078 45 80
2079 45 82
2080 45 84
2081 45 86
2082 45 87
2083 45 89
2084 45 93
2085 45 95
2086 45 97
2087 45 107
2088 45 108
2089 45 109
2090 45 110
2091 45 112
2092 45 113
2093 45 114
2094 45 116
2095 45 122
2096 45 124
2097 45 125
2098 45 132
2099 45 138
2100 45 145
2101 45 146
2102 45 147
2103 45 148
2104 45 155
2105 45 161
2106 45 167
2107 45 169
2108 45 176
2109 45 177
2110 45 181
2111 46 54
2112 46 67
2113 46 74
2114 46 78
2115 46 88
2116 46 107
2117 46 110
2118 46 111
2119 46 112
2120 46 138
2121 46 144
2122 46 145
2123 46 148
2124 46 164
2125 46 182
2126 47 76
2127 48 51
2128 48 57
2129 48 59
2130 48 60
2131 48 64
2132 48 65
2133 48 69
2134 48 70
2135 48 71
2136 48 72
2137 48 75
2138 48 80
2139 48 82
2140 48 83
2141 48 84
2142 48 89
2143 48 91
2144 48 92
2145 48 95
2146 48 96
2147 48 99
2148 48 100
2149 48 102
2150 48 104
2151 48 106
2152 48 108
2153 48 117
2154 48 118
2155 48 119
2156 48 120
2157 48 121
2158 48 123
2159 48 128
2160 48 129
2161 48 132
2162 48 135
2163 48 139
2164 48 140
2165 48 143
2166 48 146
2167 48 149
2168 48 150
2169 48 151
2170 48 154
2171 48 155
2172 48 158
2173 48 159
2174 48 160
2175 48 163
2176 48 166
2177 48 169
2178 48 172
2179 48 173
2180 48 174
2181 48 175
2182 48 176
2183 48 179
2184 48 184
2185 49 53
2186 49 57
2187 49 61
2188 49 63
2189 49 64
2190 49 69
2191 49 71
2192 49 79
2193 49 81
2194 49 82
2195 49 92
2196 49 99
2197 49 101
2198 49 115
2199 49 117
2200 49 118
2201 49 119
2202 49 126
2203 49 127
2204 49 130
2205 49 133
2206 49 135
2207 49 139
2208 49 142
2209 49 143
2210 49 150
2211 49 154
2212 49 166
2213 49 170
2214 49 171
2215 49 172
2216 49 173
2217 49 174
2218 50 51
2219 50 56
2220 50 59
2221 50 60
2222 50 61
2223 50 62
2224 50 69
2225 50 70
2226 50 83
2227 50 90
2228 50 91
2229 50 94
2230 50 96
2231 50 104
2232 50 105
2233 50 123
2234 50 140
2235 50 151
2236 50 152
2237 50 154
2238 50 155
2239 50 156
2240 50 165
2241 50 166
2242 50 168
2243 50 173
2244 51 53
2245 51 56
2246 51 59
2247 51 60
2248 51 61
2249 51 62
2250 51 69
2251 51 70
2252 51 81
2253 51 90
2254 51 91
2255 51 94
2256 51 96
2257 51 98
2258 51 104
2259 51 105
2260 51 108
2261 51 124
2262 51 135
2263 51 140
2264 51 146
2265 51 151
2266 51 152
2267 51 154
2268 51 155
2269 51 156
2270 51 157
2271 51 165
2272 51 166
2273 51 168
2274 51 175
2275 51 176
2276 52 55
2277 52 58
2278 52 68
2279 52 73
2280 52 74
2281 52 77
2282 52 84
2283 52 86
2284 52 87
2285 52 89
2286 52 107
2287 52 108
2288 52 109
2289 52 110
2290 52 112
2291 52 113
2292 52 114
2293 52 116
2294 52 122
2295 52 125
2296 52 138
2297 52 145
2298 52 146
2299 52 148
2300 52 161
2301 52 163
2302 52 167
2303 52 180
2304 53 56
2305 53 57
2306 53 59
2307 53 62
2308 53 63
2309 53 64
2310 53 68
2311 53 69
2312 53 70
2313 53 71
2314 53 72
2315 53 75
2316 53 77
2317 53 80
2318 53 81
2319 53 82
2320 53 83
2321 53 84
2322 53 89
2323 53 90
2324 53 91
2325 53 92
2326 53 93
2327 53 95
2328 53 96
2329 53 98
2330 53 99
2331 53 100
2332 53 102
2333 53 104
2334 53 108
2335 53 109
2336 53 115
2337 53 117
2338 53 118
2339 53 119
2340 53 121
2341 53 123
2342 53 124
2343 53 126
2344 53 127
2345 53 128
2346 53 129
2347 53 130
2348 53 132
2349 53 133
2350 53 135
2351 53 137
2352 53 140
2353 53 141
2354 53 142
2355 53 143
2356 53 146
2357 53 149
2358 53 150
2359 53 151
2360 53 152
2361 53 154
2362 53 155
2363 53 157
2364 53 158
2365 53 160
2366 53 162
2367 53 163
2368 53 166
2369 53 169
2370 53 171
2371 53 172
2372 53 173
2373 53 174
2374 53 175
2375 53 176
2376 53 179
2377 53 184
2378 54 67
2379 54 88
2380 54 103
2381 54 111
2382 54 112
2383 54 116
2384 54 125
2385 54 144
2386 54 145
2387 54 164
2388 55 59
2389 55 62
2390 55 66
2391 55 67
2392 55 68
2393 55 70
2394 55 73
2395 55 74
2396 55 77
2397 55 80
2398 55 83
2399 55 84
2400 55 86
2401 55 87
2402 55 89
2403 55 90
2404 55 91
2405 55 93
2406 55 95
2407 55 97
2408 55 98
2409 55 107
2410 55 108
2411 55 109
2412 55 110
2413 55 113
2414 55 114
2415 55 116
2416 55 122
2417 55 124
2418 55 125
2419 55 132
2420 55 138
2421 55 140
2422 55 145
2423 55 146
2424 55 147
2425 55 148
2426 55 149
2427 55 150
2428 55 151
2429 55 152
2430 55 155
2431 55 160
2432 55 161
2433 55 162
2434 55 163
2435 55 166
2436 55 167
2437 55 169
2438 55 175
2439 55 176
2440 55 177
2441 55 179
2442 55 180
2443 55 181
2444 56 59
2445 56 60
2446 56 61
2447 56 62
2448 56 69
2449 56 70
2450 56 71
2451 56 81
2452 56 84
2453 56 89
2454 56 94
2455 56 96
2456 56 105
2457 56 108
2458 56 121
2459 56 124
2460 56 132
2461 56 135
2462 56 140
2463 56 146
2464 56 149
2465 56 151
2466 56 152
2467 56 154
2468 56 155
2469 56 156
2470 56 162
2471 56 165
2472 56 166
2473 56 168
2474 56 175
2475 56 176
2476 57 59
2477 57 64
2478 57 69
2479 57 70
2480 57 71
2481 57 75
2482 57 79
2483 57 81
2484 57 82
2485 57 85
2486 57 90
2487 57 91
2488 57 92
2489 57 99
2490 57 100
2491 57 102
2492 57 117
2493 57 118
2494 57 119
2495 57 121
2496 57 126
2497 57 127
2498 57 129
2499 57 130
2500 57 135
2501 57 137
2502 57 142
2503 57 143
2504 57 146
2505 57 149
2506 57 150
2507 57 152
2508 57 154
2509 57 155
2510 57 158
2511 57 159
2512 57 162
2513 57 163
2514 57 166
2515 57 171
2516 57 172
2517 57 179
2518 58 66
2519 58 86
2520 58 87
2521 58 93
2522 58 97
2523 58 103
2524 58 107
2525 58 110
2526 58 112
2527 58 113
2528 58 114
2529 58 116
2530 58 122
2531 58 125
2532 58 144
2533 58 145
2534 58 147
2535 58 148
2536 58 161
2537 58 164
2538 58 177
2539 58 181
2540 59 60
2541 59 61
2542 59 62
2543 59 64
2544 59 68
2545 59 69
2546 59 70
2547 59 71
2548 59 72
2549 59 73
2550 59 74
2551 59 80
2552 59 81
2553 59 82
2554 59 84
2555 59 86
2556 59 89
2557 59 91
2558 59 92
2559 59 93
2560 59 95
2561 59 96
2562 59 98
2563 59 99
2564 59 104
2565 59 108
2566 59 109
2567 59 110
2568 59 116
2569 59 118
2570 59 119
2571 59 120
2572 59 121
2573 59 122
2574 59 124
2575 59 125
2576 59 128
2577 59 132
2578 59 135
2579 59 136
2580 59 138
2581 59 140
2582 59 142
2583 59 143
2584 59 145
2585 59 146
2586 59 147
2587 59 148
2588 59 149
2589 59 150
2590 59 151
2591 59 152
2592 59 154
2593 59 155
2594 59 157
2595 59 158
2596 59 159
2597 59 160
2598 59 161
2599 59 163
2600 59 165
2601 59 166
2602 59 169
2603 59 174
2604 59 175
2605 59 176
2606 59 177
2607 59 179
2608 59 184
2609 60 61
2610 60 62
2611 60 69
2612 60 70
2613 60 71
2614 60 81
2615 60 84
2616 60 90
2617 60 91
2618 60 92
2619 60 94
2620 60 95
2621 60 96
2622 60 98
2623 60 102
2624 60 104
2625 60 105
2626 60 108
2627 60 119
2628 60 121
2629 60 124
2630 60 127
2631 60 132
2632 60 135
2633 60 146
2634 60 149
2635 60 150
2636 60 151
2637 60 152
2638 60 154
2639 60 155
2640 60 156
2641 60 157
2642 60 158
2643 60 165
2644 60 168
2645 60 169
2646 60 175
2647 60 176
2648 61 62
2649 61 69
2650 61 70
2651 61 81
2652 61 83
2653 61 84
2654 61 89
2655 61 90
2656 61 94
2657 61 96
2658 61 104
2659 61 105
2660 61 117
2661 61 123
2662 61 124
2663 61 135
2664 61 138
2665 61 140
2666 61 146
2667 61 149
2668 61 150
2669 61 151
2670 61 152
2671 61 154
2672 61 155
2673 61 156
2674 61 165
2675 61 166
2676 61 168
2677 61 172
2678 61 173
2679 62 65
2680 62 68
2681 62 70
2682 62 71
2683 62 73
2684 62 74
2685 62 77
2686 62 80
2687 62 84
2688 62 86
2689 62 89
2690 62 90
2691 62 91
2692 62 93
2693 62 94
2694 62 95
2695 62 96
2696 62 98
2697 62 104
2698 62 106
2699 62 107
2700 62 108
2701 62 109
2702 62 110
2703 62 113
2704 62 116
2705 62 121
2706 62 122
2707 62 123
2708 62 124
2709 62 125
2710 62 132
2711 62 135
2712 62 136
2713 62 140
2714 62 141
2715 62 145
2716 62 146
2717 62 147
2718 62 148
2719 62 149
2720 62 150
2721 62 151
2722 62 152
2723 62 154
2724 62 155
2725 62 157
2726 62 166
2727 62 169
2728 62 176
2729 62 177
2730 63 64
2731 63 69
2732 63 79
2733 63 99
2734 63 101
2735 63 115
2736 63 119
2737 63 126
2738 63 127
2739 63 130
2740 63 133
2741 63 135
2742 63 137
2743 63 139
2744 63 142
2745 63 149
2746 63 152
2747 63 153
2748 63 159
2749 63 166
2750 63 170
2751 63 171
2752 63 172
2753 63 173
2754 63 174
2755 63 175
2756 64 69
2757 64 70
2758 64 71
2759 64 75
2760 64 79
2761 64 80
2762 64 81
2763 64 82
2764 64 84
2765 64 85
2766 64 89
2767 64 91
2768 64 92
2769 64 95
2770 64 99
2771 64 100
2772 64 102
2773 64 115
2774 64 117
2775 64 118
2776 64 119
2777 64 120
2778 64 121
2779 64 126
2780 64 127
2781 64 128
2782 64 129
2783 64 130
2784 64 132
2785 64 133
2786 64 135
2787 64 137
2788 64 139
2789 64 140
2790 64 142
2791 64 143
2792 64 146
2793 64 149
2794 64 150
2795 64 152
2796 64 153
2797 64 154
2798 64 155
2799 64 157
2800 64 158
2801 64 159
2802 64 163
2803 64 166
2804 64 169
2805 64 170
2806 64 171
2807 64 172
2808 64 173
2809 64 174
2810 64 179
2811 65 93
2812 65 95
2813 65 106
2814 65 124
2815 65 132
2816 65 136
2817 65 169
2818 66 73
2819 66 74
2820 66 87
2821 66 95
2822 66 97
2823 66 106
2824 66 107
2825 66 113
2826 66 114
2827 66 116
2828 66 122
2829 66 125
2830 66 132
2831 66 138
2832 66 145
2833 66 161
2834 66 164
2835 66 169
2836 66 177
2837 66 178
2838 67 86
2839 67 111
2840 67 112
2841 67 116
2842 67 125
2843 67 167
2844 68 73
2845 68 74
2846 68 77
2847 68 80
2848 68 82
2849 68 84
2850 68 86
2851 68 87
2852 68 89
2853 68 93
2854 68 95
2855 68 97
2856 68 98
2857 68 102
2858 68 107
2859 68 108
2860 68 109
2861 68 110
2862 68 112
2863 68 113
2864 68 114
2865 68 116
2866 68 122
2867 68 124
2868 68 125
2869 68 128
2870 68 132
2871 68 138
2872 68 140
2873 68 145
2874 68 146
2875 68 147
2876 68 148
2877 68 155
2878 68 157
2879 68 161
2880 68 163
2881 68 164
2882 68 166
2883 68 167
2884 68 169
2885 68 176
2886 68 177
2887 68 179
2888 68 180
2889 69 70
2890 69 71
2891 69 72
2892 69 74
2893 69 75
2894 69 77
2895 69 80
2896 69 81
2897 69 82
2898 69 84
2899 69 85
2900 69 86
2901 69 89
2902 69 90
2903 69 91
2904 69 92
2905 69 95
2906 69 96
2907 69 99
2908 69 100
2909 69 102
2910 69 104
2911 69 108
2912 69 117
2913 69 118
2914 69 119
2915 69 120
2916 69 121
2917 69 123
2918 69 124
2919 69 127
2920 69 128
2921 69 129
2922 69 130
2923 69 132
2924 69 135
2925 69 137
2926 69 139
2927 69 140
2928 69 141
2929 69 142
2930 69 143
2931 69 146
2932 69 149
2933 69 150
2934 69 151
2935 69 152
2936 69 154
2937 69 155
2938 69 157
2939 69 158
2940 69 159
2941 69 160
2942 69 162
2943 69 163
2944 69 165
2945 69 166
2946 69 169
2947 69 171
2948 69 173
2949 69 174
2950 69 175
2951 69 176
2952 69 179
2953 69 184
2954 70 71
2955 70 72
2956 70 77
2957 70 80
2958 70 81
2959 70 82
2960 70 83
2961 70 84
2962 70 85
2963 70 89
2964 70 90
2965 70 91
2966 70 92
2967 70 93
2968 70 94
2969 70 95
2970 70 96
2971 70 98
2972 70 99
2973 70 100
2974 70 102
2975 70 104
2976 70 108
2977 70 113
2978 70 116
2979 70 117
2980 70 118
2981 70 119
2982 70 121
2983 70 123
2984 70 124
2985 70 125
2986 70 127
2987 70 129
2988 70 132
2989 70 135
2990 70 140
2991 70 141
2992 70 142
2993 70 143
2994 70 145
2995 70 146
2996 70 149
2997 70 150
2998 70 151
2999 70 152
3000 70 154
3001 70 155
3002 70 156
3003 70 157
3004 70 158
3005 70 159
3006 70 160
3007 70 162
3008 70 163
3009 70 165
3010 70 166
3011 70 169
3012 70 174
3013 70 176
3014 70 177
3015 70 179
3016 70 184
3017 71 72
3018 71 75
3019 71 77
3020 71 79
3021 71 80
3022 71 81
3023 71 82
3024 71 83
3025 71 84
3026 71 85
3027 71 89
3028 71 90
3029 71 91
3030 71 92
3031 71 96
3032 71 98
3033 71 99
3034 71 100
3035 71 102
3036 71 104
3037 71 108
3038 71 115
3039 71 117
3040 71 118
3041 71 119
3042 71 120
3043 71 121
3044 71 123
3045 71 126
3046 71 127
3047 71 128
3048 71 129
3049 71 130
3050 71 132
3051 71 133
3052 71 135
3053 71 136
3054 71 137
3055 71 139
3056 71 140
3057 71 141
3058 71 142
3059 71 143
3060 71 146
3061 71 149
3062 71 150
3063 71 151
3064 71 152
3065 71 154
3066 71 155
3067 71 157
3068 71 158
3069 71 159
3070 71 160
3071 71 162
3072 71 163
3073 71 166
3074 71 170
3075 71 171
3076 71 172
3077 71 173
3078 71 174
3079 71 175
3080 71 176
3081 71 179
3082 71 184
3083 72 73
3084 72 77
3085 72 80
3086 72 82
3087 72 83
3088 72 84
3089 72 89
3090 72 90
3091 72 91
3092 72 92
3093 72 95
3094 72 102
3095 72 104
3096 72 108
3097 72 121
3098 72 122
3099 72 123
3100 72 127
3101 72 132
3102 72 135
3103 72 139
3104 72 140
3105 72 141
3106 72 146
3107 72 150
3108 72 151
3109 72 152
3110 72 155
3111 72 157
3112 72 160
3113 72 161
3114 72 162
3115 72 163
3116 72 166
3117 72 169
3118 72 179
3119 72 184
3120 73 74
3121 73 84
3122 73 86
3123 73 87
3124 73 91
3125 73 93
3126 73 95
3127 73 106
3128 73 107
3129 73 109
3130 73 110
3131 73 113
3132 73 114
3133 73 116
3134 73 121
3135 73 122
3136 73 124
3137 73 125
3138 73 132
3139 73 138
3140 73 145
3141 73 146
3142 73 147
3143 73 148
3144 73 150
3145 73 151
3146 73 155
3147 73 161
3148 73 162
3149 73 163
3150 73 166
3151 73 167
3152 73 169
3153 73 175
3154 73 177
3155 73 179
3156 73 180
3157 73 181
3158 74 75
3159 74 80
3160 74 84
3161 74 86
3162 74 87
3163 74 89
3164 74 95
3165 74 97
3166 74 107
3167 74 108
3168 74 109
3169 74 110
3170 74 111
3171 74 112
3172 74 113
3173 74 116
3174 74 122
3175 74 125
3176 74 132
3177 74 135
3178 74 138
3179 74 145
3180 74 146
3181 74 147
3182 74 148
3183 74 149
3184 74 150
3185 74 155
3186 74 160
3187 74 161
3188 74 163
3189 74 166
3190 74 167
3191 74 169
3192 74 176
3193 74 177
3194 74 179
3195 74 180
3196 74 181
3197 75 91
3198 75 92
3199 75 99
3200 75 100
3201 75 102
3202 75 104
3203 75 118
3204 75 119
3205 75 129
3206 75 135
3207 75 139
3208 75 143
3209 75 149
3210 75 150
3211 75 152
3212 75 158
3213 75 159
3214 75 160
3215 75 163
3216 75 166
3217 75 173
3218 75 179
3219 77 81
3220 77 83
3221 77 84
3222 77 90
3223 77 91
3224 77 94
3225 77 104
3226 77 109
3227 77 121
3228 77 123
3229 77 127
3230 77 140
3231 77 141
3232 77 142
3233 77 146
3234 77 149
3235 77 150
3236 77 151
3237 77 152
3238 77 154
3239 77 157
3240 77 158
3241 77 160
3242 77 162
3243 77 163
3244 77 166
3245 77 173
3246 77 179
3247 77 184
3248 78 88
3249 78 103
3250 78 107
3251 78 144
3252 78 164
3253 78 182
3254 79 81
3255 79 92
3256 79 99
3257 79 101
3258 79 115
3259 79 118
3260 79 119
3261 79 126
3262 79 130
3263 79 133
3264 79 137
3265 79 142
3266 79 143
3267 79 149
3268 79 150
3269 79 152
3270 79 153
3271 79 154
3272 79 159
3273 79 163
3274 79 166
3275 79 170
3276 79 171
3277 79 172
3278 79 173
3279 79 174
3280 79 179
3281 80 81
3282 80 84
3283 80 87
3284 80 89
3285 80 91
3286 80 95
3287 80 98
3288 80 104
3289 80 107
3290 80 108
3291 80 109
3292 80 110
3293 80 112
3294 80 118
3295 80 119
3296 80 121
3297 80 125
3298 80 132
3299 80 135
3300 80 136
3301 80 140
3302 80 145
3303 80 146
3304 80 147
3305 80 148
3306 80 149
3307 80 150
3308 80 151
3309 80 152
3310 80 154
3311 80 155
3312 80 157
3313 80 162
3314 80 163
3315 80 166
3316 80 167
3317 80 169
3318 80 175
3319 80 176
3320 81 82
3321 81 83
3322 81 84
3323 81 85
3324 81 89
3325 81 90
3326 81 91
3327 81 94
3328 81 95
3329 81 96
3330 81 98
3331 81 99
3332 81 102
3333 81 104
3334 81 108
3335 81 118
3336 81 119
3337 81 121
3338 81 123
3339 81 126
3340 81 132
3341 81 133
3342 81 135
3343 81 140
3344 81 141
3345 81 142
3346 81 143
3347 81 146
3348 81 149
3349 81 150
3350 81 151
3351 81 152
3352 81 154
3353 81 155
3354 81 157
3355 81 158
3356 81 160
3357 81 162
3358 81 163
3359 81 166
3360 81 169
3361 81 172
3362 81 173
3363 81 174
3364 81 175
3365 81 176
3366 81 179
3367 81 184
3368 82 85
3369 82 89
3370 82 90
3371 82 91
3372 82 92
3373 82 95
3374 82 99
3375 82 102
3376 82 108
3377 82 109
3378 82 117
3379 82 119
3380 82 121
3381 82 123
3382 82 127
3383 82 129
3384 82 132
3385 82 135
3386 82 140
3387 82 141
3388 82 143
3389 82 146
3390 82 147
3391 82 149
3392 82 150
3393 82 152
3394 82 154
3395 82 155
3396 82 159
3397 82 163
3398 82 166
3399 82 169
3400 82 176
3401 82 177
3402 82 179
3403 83 89
3404 83 90
3405 83 91
3406 83 94
3407 83 95
3408 83 104
3409 83 108
3410 83 109
3411 83 121
3412 83 123
3413 83 129
3414 83 132
3415 83 140
3416 83 141
3417 83 145
3418 83 149
3419 83 150
3420 83 151
3421 83 152
3422 83 154
3423 83 157
3424 83 158
3425 83 160
3426 83 162
3427 83 165
3428 83 166
3429 83 169
3430 83 184
3431 84 86
3432 84 87
3433 84 89
3434 84 91
3435 84 92
3436 84 93
3437 84 95
3438 84 96
3439 84 98
3440 84 102
3441 84 104
3442 84 106
3443 84 107
3444 84 108
3445 84 109
3446 84 113
3447 84 116
3448 84 118
3449 84 119
3450 84 120
3451 84 121
3452 84 122
3453 84 123
3454 84 124
3455 84 125
3456 84 129
3457 84 132
3458 84 135
3459 84 136
3460 84 138
3461 84 140
3462 84 141
3463 84 145
3464 84 146
3465 84 147
3466 84 148
3467 84 149
3468 84 150
3469 84 151
3470 84 152
3471 84 154
3472 84 155
3473 84 157
3474 84 158
3475 84 160
3476 84 162
3477 84 163
3478 84 166
3479 84 169
3480 84 174
3481 84 175
3482 84 176
3483 84 179
3484 84 184
3485 85 90
3486 85 91
3487 85 94
3488 85 99
3489 85 102
3490 85 104
3491 85 108
3492 85 115
3493 85 117
3494 85 121
3495 85 125
3496 85 127
3497 85 129
3498 85 133
3499 85 135
3500 85 139
3501 85 140
3502 85 141
3503 85 146
3504 85 149
3505 85 150
3506 85 151
3507 85 152
3508 85 154
3509 85 157
3510 85 163
3511 85 166
3512 85 172
3513 85 174
3514 85 179
3515 86 87
3516 86 89
3517 86 93
3518 86 95
3519 86 97
3520 86 98
3521 86 107
3522 86 108
3523 86 109
3524 86 110
3525 86 111
3526 86 113
3527 86 114
3528 86 116
3529 86 118
3530 86 122
3531 86 124
3532 86 125
3533 86 132
3534 86 135
3535 86 138
3536 86 140
3537 86 145
3538 86 146
3539 86 147
3540 86 148
3541 86 149
3542 86 151
3543 86 155
3544 86 161
3545 86 163
3546 86 166
3547 86 167
3548 86 169
3549 86 175
3550 86 176
3551 86 177
3552 86 179
3553 86 180
3554 87 89
3555 87 95
3556 87 97
3557 87 107
3558 87 108
3559 87 109
3560 87 110
3561 87 112
3562 87 113
3563 87 114
3564 87 116
3565 87 122
3566 87 125
3567 87 132
3568 87 134
3569 87 138
3570 87 140
3571 87 145
3572 87 147
3573 87 148
3574 87 149
3575 87 152
3576 87 161
3577 87 163
3578 87 167
3579 87 169
3580 87 177
3581 87 179
3582 87 181
3583 88 107
3584 88 144
3585 88 164
3586 88 182
3587 89 91
3588 89 95
3589 89 98
3590 89 99
3591 89 104
3592 89 107
3593 89 108
3594 89 109
3595 89 110
3596 89 112
3597 89 116
3598 89 121
3599 89 124
3600 89 125
3601 89 132
3602 89 135
3603 89 136
3604 89 140
3605 89 143
3606 89 145
3607 89 146
3608 89 147
3609 89 148
3610 89 149
3611 89 150
3612 89 151
3613 89 152
3614 89 154
3615 89 155
3616 89 157
3617 89 161
3618 89 162
3619 89 163
3620 89 166
3621 89 167
3622 89 169
3623 89 174
3624 89 175
3625 89 176
3626 89 179
3627 89 184
3628 90 91
3629 90 94
3630 90 102
3631 90 104
3632 90 108
3633 90 117
3634 90 119
3635 90 121
3636 90 123
3637 90 124
3638 90 127
3639 90 129
3640 90 135
3641 90 140
3642 90 141
3643 90 143
3644 90 146
3645 90 150
3646 90 151
3647 90 152
3648 90 154
3649 90 157
3650 90 159
3651 90 160
3652 90 162
3653 90 163
3654 90 166
3655 90 168
3656 90 179
3657 90 184
3658 91 92
3659 91 95
3660 91 98
3661 91 99
3662 91 102
3663 91 104
3664 91 108
3665 91 110
3666 91 117
3667 91 118
3668 91 119
3669 91 120
3670 91 121
3671 91 122
3672 91 123
3673 91 127
3674 91 129
3675 91 132
3676 91 135
3677 91 139
3678 91 140
3679 91 141
3680 91 143
3681 91 145
3682 91 146
3683 91 149
3684 91 150
3685 91 151
3686 91 152
3687 91 154
3688 91 155
3689 91 157
3690 91 158
3691 91 160
3692 91 162
3693 91 163
3694 91 166
3695 91 169
3696 91 172
3697 91 175
3698 91 176
3699 91 179
3700 91 184
3701 92 99
3702 92 100
3703 92 102
3704 92 104
3705 92 117
3706 92 118
3707 92 119
3708 92 120
3709 92 121
3710 92 128
3711 92 129
3712 92 130
3713 92 135
3714 92 139
3715 92 140
3716 92 141
3717 92 142
3718 92 143
3719 92 146
3720 92 149
3721 92 150
3722 92 155
3723 92 158
3724 92 159
3725 92 166
3726 92 171
3727 92 172
3728 92 173
3729 92 174
3730 92 179
3731 93 97
3732 93 106
3733 93 109
3734 93 112
3735 93 116
3736 93 122
3737 93 124
3738 93 132
3739 93 136
3740 93 145
3741 93 146
3742 93 151
3743 93 152
3744 93 155
3745 93 167
3746 93 176
3747 93 180
3748 94 96
3749 94 105
3750 94 135
3751 94 140
3752 94 146
3753 94 149
3754 94 150
3755 94 151
3756 94 152
3757 94 154
3758 94 156
3759 94 165
3760 94 168
3761 94 174
3762 95 98
3763 95 99
3764 95 104
3765 95 106
3766 95 107
3767 95 108
3768 95 109
3769 95 110
3770 95 112
3771 95 114
3772 95 116
3773 95 119
3774 95 121
3775 95 122
3776 95 125
3777 95 132
3778 95 135
3779 95 138
3780 95 140
3781 95 145
3782 95 146
3783 95 147
3784 95 148
3785 95 149
3786 95 150
3787 95 151
3788 95 152
3789 95 154
3790 95 155
3791 95 157
3792 95 162
3793 95 163
3794 95 166
3795 95 167
3796 95 169
3797 95 173
3798 95 174
3799 95 175
3800 95 176
3801 95 179
3802 95 180
3803 95 184
3804 96 105
3805 96 146
3806 96 149
3807 96 150
3808 96 151
3809 96 152
3810 96 154
3811 96 155
3812 96 156
3813 96 165
3814 96 168
3815 96 175
3816 96 176
3817 97 103
3818 97 109
3819 97 110
3820 97 112
3821 97 113
3822 97 114
3823 97 116
3824 97 124
3825 97 125
3826 97 138
3827 97 145
3828 97 147
3829 97 167
3830 97 177
3831 97 178
3832 97 180
3833 98 100
3834 98 108
3835 98 132
3836 98 140
3837 98 146
3838 98 147
3839 98 149
3840 98 150
3841 98 151
3842 98 152
3843 98 155
3844 98 163
3845 98 166
3846 98 169
3847 98 175
3848 98 176
3849 98 179
3850 99 100
3851 99 101
3852 99 102
3853 99 104
3854 99 108
3855 99 115
3856 99 117
3857 99 118
3858 99 119
3859 99 120
3860 99 121
3861 99 126
3862 99 128
3863 99 129
3864 99 130
3865 99 132
3866 99 133
3867 99 135
3868 99 137
3869 99 139
3870 99 140
3871 99 142
3872 99 143
3873 99 146
3874 99 149
3875 99 150
3876 99 152
3877 99 153
3878 99 154
3879 99 155
3880 99 158
3881 99 159
3882 99 163
3883 99 166
3884 99 169
3885 99 170
3886 99 171
3887 99 172
3888 99 173
3889 99 174
3890 99 179
3891 100 102
3892 100 117
3893 100 118
3894 100 119
3895 100 121
3896 100 123
3897 100 129
3898 100 130
3899 100 135
3900 100 139
3901 100 142
3902 100 143
3903 100 146
3904 100 149
3905 100 150
3906 100 158
3907 100 159
3908 100 160
3909 100 163
3910 100 166
3911 100 173
3912 100 179
3913 101 115
3914 101 126
3915 101 149
3916 101 170
3917 101 171
3918 101 172
3919 102 104
3920 102 109
3921 102 117
3922 102 118
3923 102 119
3924 102 120
3925 102 121
3926 102 126
3927 102 127
3928 102 128
3929 102 129
3930 102 133
3931 102 135
3932 102 137
3933 102 139
3934 102 140
3935 102 141
3936 102 142
3937 102 143
3938 102 146
3939 102 147
3940 102 149
3941 102 150
3942 102 151
3943 102 152
3944 102 154
3945 102 157
3946 102 158
3947 102 159
3948 102 166
3949 102 171
3950 102 173
3951 102 174
3952 103 114
3953 103 134
3954 103 178
3955 103 183
3956 104 108
3957 104 118
3958 104 120
3959 104 121
3960 104 123
3961 104 127
3962 104 129
3963 104 132
3964 104 135
3965 104 140
3966 104 141
3967 104 145
3968 104 146
3969 104 149
3970 104 150
3971 104 151
3972 104 152
3973 104 154
3974 104 155
3975 104 156
3976 104 157
3977 104 158
3978 104 160
3979 104 162
3980 104 163
3981 104 166
3982 104 169
3983 104 172
3984 104 176
3985 104 179
3986 104 184
3987 105 123
3988 105 146
3989 105 151
3990 105 152
3991 105 156
3992 105 165
3993 105 168
3994 106 122
3995 106 124
3996 106 132
3997 106 136
3998 106 169
3999 107 108
4000 107 109
4001 107 110
4002 107 112
4003 107 113
4004 107 114
4005 107 116
4006 107 122
4007 107 125
4008 107 132
4009 107 135
4010 107 138
4011 107 144
4012 107 145
4013 107 146
4014 107 147
4015 107 148
4016 107 151
4017 107 161
4018 107 163
4019 107 164
4020 107 167
4021 107 169
4022 107 176
4023 107 177
4024 107 179
4025 107 180
4026 107 181
4027 107 182
4028 108 109
4029 108 110
4030 108 113
4031 108 114
4032 108 116
4033 108 119
4034 108 121
4035 108 124
4036 108 125
4037 108 132
4038 108 135
4039 108 136
4040 108 140
4041 108 145
4042 108 146
4043 108 147
4044 108 148
4045 108 149
4046 108 150
4047 108 151
4048 108 152
4049 108 154
4050 108 155
4051 108 157
4052 108 161
4053 108 162
4054 108 163
4055 108 166
4056 108 169
4057 108 175
4058 108 176
4059 108 179
4060 108 180
4061 108 184
4062 109 110
4063 109 112
4064 109 113
4065 109 114
4066 109 116
4067 109 122
4068 109 124
4069 109 125
4070 109 132
4071 109 138
4072 109 140
4073 109 145
4074 109 146
4075 109 147
4076 109 148
4077 109 155
4078 109 157
4079 109 161
4080 109 163
4081 109 164
4082 109 166
4083 109 167
4084 109 169
4085 109 176
4086 109 177
4087 109 179
4088 109 180
4089 110 112
4090 110 113
4091 110 114
4092 110 116
4093 110 122
4094 110 123
4095 110 125
4096 110 132
4097 110 136
4098 110 138
4099 110 144
4100 110 145
4101 110 146
4102 110 147
4103 110 148
4104 110 155
4105 110 160
4106 110 161
4107 110 162
4108 110 163
4109 110 167
4110 110 169
4111 110 176
4112 110 177
4113 110 179
4114 110 180
4115 110 181
4116 110 182
4117 111 112
4118 111 116
4119 111 125
4120 111 144
4121 111 167
4122 111 180
4123 112 113
4124 112 114
4125 112 116
4126 112 125
4127 112 132
4128 112 138
4129 112 144
4130 112 145
4131 112 164
4132 112 167
4133 112 169
4134 112 177
4135 112 180
4136 112 182
4137 113 114
4138 113 116
4139 113 122
4140 113 125
4141 113 135
4142 113 138
4143 113 145
4144 113 146
4145 113 147
4146 113 148
4147 113 149
4148 113 161
4149 113 162
4150 113 163
4151 113 166
4152 113 167
4153 113 176
4154 113 177
4155 113 179
4156 113 180
4157 113 181
4158 113 182
4159 114 122
4160 114 125
4161 114 145
4162 114 147
4163 114 148
4164 114 169
4165 114 177
4166 114 181
4167 115 118
4168 115 121
4169 115 126
4170 115 127
4171 115 130
4172 115 133
4173 115 135
4174 115 137
4175 115 139
4176 115 142
4177 115 143
4178 115 149
4179 115 152
4180 115 154
4181 115 170
4182 115 171
4183 115 172
4184 115 173
4185 115 174
4186 116 122
4187 116 124
4188 116 125
4189 116 132
4190 116 138
4191 116 140
4192 116 145
4193 116 146
4194 116 147
4195 116 148
4196 116 149
4197 116 155
4198 116 161
4199 116 163
4200 116 167
4201 116 169
4202 116 176
4203 116 177
4204 116 179
4205 116 180
4206 116 181
4207 116 182
4208 117 118
4209 117 119
4210 117 120
4211 117 121
4212 117 126
4213 117 127
4214 117 128
4215 117 129
4216 117 130
4217 117 133
4218 117 135
4219 117 137
4220 117 139
4221 117 140
4222 117 141
4223 117 142
4224 117 143
4225 117 146
4226 117 149
4227 117 150
4228 117 151
4229 117 152
4230 117 158
4231 117 159
4232 117 166
4233 117 171
4234 117 172
4235 117 173
4236 117 174
4237 117 184
4238 118 119
4239 118 120
4240 118 121
4241 118 126
4242 118 128
4243 118 129
4244 118 130
4245 118 135
4246 118 137
4247 118 139
4248 118 140
4249 118 142
4250 118 143
4251 118 146
4252 118 149
4253 118 150
4254 118 152
4255 118 154
4256 118 155
4257 118 158
4258 118 159
4259 118 160
4260 118 163
4261 118 166
4262 118 170
4263 118 171
4264 118 172
4265 118 173
4266 118 174
4267 118 179
4268 119 120
4269 119 121
4270 119 126
4271 119 127
4272 119 128
4273 119 129
4274 119 132
4275 119 133
4276 119 135
4277 119 137
4278 119 140
4279 119 143
4280 119 146
4281 119 149
4282 119 150
4283 119 152
4284 119 154
4285 119 155
4286 119 158
4287 119 159
4288 119 163
4289 119 166
4290 119 169
4291 119 171
4292 119 172
4293 119 173
4294 119 175
4295 119 179
4296 120 128
4297 120 129
4298 120 135
4299 120 139
4300 120 140
4301 120 141
4302 120 143
4303 120 146
4304 120 150
4305 120 152
4306 120 155
4307 120 158
4308 120 159
4309 120 163
4310 120 166
4311 120 176
4312 120 184
4313 121 122
4314 121 123
4315 121 127
4316 121 129
4317 121 132
4318 121 133
4319 121 135
4320 121 139
4321 121 140
4322 121 141
4323 121 143
4324 121 146
4325 121 149
4326 121 150
4327 121 151
4328 121 152
4329 121 154
4330 121 155
4331 121 157
4332 121 158
4333 121 159
4334 121 160
4335 121 162
4336 121 163
4337 121 166
4338 121 169
4339 121 172
4340 121 175
4341 121 179
4342 121 184
4343 122 124
4344 122 125
4345 122 132
4346 122 138
4347 122 145
4348 122 146
4349 122 147
4350 122 148
4351 122 150
4352 122 151
4353 122 155
4354 122 161
4355 122 163
4356 122 166
4357 122 167
4358 122 169
4359 122 175
4360 122 176
4361 122 177
4362 122 180
4363 122 181
4364 123 140
4365 123 141
4366 123 145
4367 123 146
4368 123 149
4369 123 150
4370 123 151
4371 123 152
4372 123 154
4373 123 157
4374 123 158
4375 123 160
4376 123 162
4377 123 163
4378 123 166
4379 123 172
4380 123 173
4381 123 179
4382 123 184
4383 124 125
4384 124 136
4385 124 145
4386 124 146
4387 124 147
4388 124 151
4389 124 155
4390 124 156
4391 124 165
4392 124 166
4393 124 176
4394 124 177
4395 124 180
4396 125 132
4397 125 138
4398 125 145
4399 125 146
4400 125 147
4401 125 148
4402 125 155
4403 125 161
4404 125 163
4405 125 167
4406 125 169
4407 125 176
4408 125 177
4409 125 179
4410 125 180
4411 125 181
4412 126 128
4413 126 129
4414 126 130
4415 126 133
4416 126 135
4417 126 137
4418 126 139
4419 126 142
4420 126 143
4421 126 149
4422 126 150
4423 126 152
4424 126 153
4425 126 166
4426 126 170
4427 126 171
4428 126 172
4429 126 173
4430 126 174
4431 127 129
4432 127 135
4433 127 140
4434 127 141
4435 127 143
4436 127 146
4437 127 149
4438 127 150
4439 127 152
4440 127 157
4441 127 160
4442 127 166
4443 127 175
4444 128 129
4445 128 135
4446 128 139
4447 128 140
4448 128 143
4449 128 146
4450 128 150
4451 128 152
4452 128 155
4453 128 158
4454 128 159
4455 128 166
4456 128 173
4457 128 176
4458 128 184
4459 129 135
4460 129 137
4461 129 139
4462 129 140
4463 129 141
4464 129 142
4465 129 143
4466 129 146
4467 129 147
4468 129 149
4469 129 150
4470 129 151
4471 129 152
4472 129 154
4473 129 157
4474 129 158
4475 129 159
4476 129 166
4477 129 171
4478 129 173
4479 129 174
4480 129 184
4481 130 135
4482 130 137
4483 130 142
4484 130 143
4485 130 149
4486 130 150
4487 130 153
4488 130 154
4489 130 158
4490 130 159
4491 130 166
4492 130 171
4493 130 172
4494 130 173
4495 130 174
4496 131 135
4497 131 146
4498 132 135
4499 132 140
4500 132 145
4501 132 146
4502 132 147
4503 132 148
4504 132 149
4505 132 150
4506 132 151
4507 132 152
4508 132 154
4509 132 155
4510 132 157
4511 132 162
4512 132 166
4513 132 167
4514 132 169
4515 132 173
4516 132 174
4517 132 175
4518 132 176
4519 132 180
4520 132 184
4521 133 139
4522 133 142
4523 133 143
4524 133 149
4525 133 150
4526 133 152
4527 133 153
4528 133 154
4529 133 166
4530 133 171
4531 133 172
4532 133 173
4533 133 174
4534 134 178
4535 134 183
4536 135 137
4537 135 139
4538 135 140
4539 135 141
4540 135 142
4541 135 143
4542 135 145
4543 135 146
4544 135 149
4545 135 150
4546 135 151
4547 135 152
4548 135 154
4549 135 155
4550 135 156
4551 135 157
4552 135 158
4553 135 159
4554 135 162
4555 135 163
4556 135 165
4557 135 166
4558 135 169
4559 135 171
4560 135 172
4561 135 173
4562 135 174
4563 135 176
4564 135 179
4565 135 184
4566 136 148
4567 136 150
4568 136 155
4569 136 176
4570 137 139
4571 137 142
4572 137 143
4573 137 146
4574 137 149
4575 137 150
4576 137 154
4577 137 158
4578 137 159
4579 137 163
4580 137 166
4581 137 171
4582 137 174
4583 138 145
4584 138 146
4585 138 147
4586 138 148
4587 138 149
4588 138 150
4589 138 155
4590 138 160
4591 138 161
4592 138 163
4593 138 166
4594 138 167
4595 138 169
4596 138 177
4597 138 179
4598 138 180
4599 138 181
4600 139 140
4601 139 141
4602 139 142
4603 139 143
4604 139 146
4605 139 149
4606 139 150
4607 139 151
4608 139 158
4609 139 166
4610 139 171
4611 139 173
4612 139 174
4613 139 184
4614 140 141
4615 140 142
4616 140 143
4617 140 146
4618 140 147
4619 140 149
4620 140 150
4621 140 151
4622 140 152
4623 140 154
4624 140 155
4625 140 157
4626 140 158
4627 140 160
4628 140 162
4629 140 163
4630 140 165
4631 140 166
4632 140 169
4633 140 173
4634 140 176
4635 140 179
4636 140 184
4637 141 145
4638 141 146
4639 141 149
4640 141 150
4641 141 151
4642 141 152
4643 141 154
4644 141 157
4645 141 158
4646 141 159
4647 141 160
4648 141 162
4649 141 163
4650 141 166
4651 141 173
4652 141 176
4653 141 179
4654 141 184
4655 142 143
4656 142 146
4657 142 149
4658 142 150
4659 142 151
4660 142 152
4661 142 153
4662 142 154
4663 142 155
4664 142 158
4665 142 159
4666 142 163
4667 142 166
4668 142 170
4669 142 171
4670 142 172
4671 142 173
4672 142 174
4673 143 146
4674 143 149
4675 143 150
4676 143 152
4677 143 154
4678 143 155
4679 143 158
4680 143 159
4681 143 163
4682 143 166
4683 143 171
4684 143 172
4685 143 173
4686 143 174
4687 143 179
4688 143 184
4689 144 164
4690 144 182
4691 145 146
4692 145 147
4693 145 148
4694 145 149
4695 145 151
4696 145 152
4697 145 154
4698 145 155
4699 145 161
4700 145 163
4701 145 167
4702 145 169
4703 145 176
4704 145 177
4705 145 180
4706 145 181
4707 146 147
4708 146 148
4709 146 149
4710 146 150
4711 146 151
4712 146 152
4713 146 154
4714 146 155
4715 146 156
4716 146 157
4717 146 158
4718 146 159
4719 146 160
4720 146 161
4721 146 162
4722 146 163
4723 146 165
4724 146 166
4725 146 169
4726 146 171
4727 146 175
4728 146 176
4729 146 177
4730 146 179
4731 147 148
4732 147 155
4733 147 161
4734 147 163
4735 147 166
4736 147 167
4737 147 169
4738 147 176
4739 147 177
4740 147 179
4741 147 180
4742 148 151
4743 148 155
4744 148 160
4745 148 161
4746 148 167
4747 148 169
4748 148 176
4749 148 177
4750 148 180
4751 148 181
4752 148 182
4753 149 150
4754 149 151
4755 149 152
4756 149 154
4757 149 155
4758 149 157
4759 149 158
4760 149 159
4761 149 160
4762 149 161
4763 149 162
4764 149 163
4765 149 166
4766 149 169
4767 149 170
4768 149 171
4769 149 173
4770 149 174
4771 149 175
4772 149 179
4773 150 151
4774 150 152
4775 150 154
4776 150 155
4777 150 157
4778 150 158
4779 150 159
4780 150 160
4781 150 163
4782 150 166
4783 150 169
4784 150 170
4785 150 171
4786 150 172
4787 150 173
4788 150 174
4789 150 175
4790 150 176
4791 150 179
4792 151 152
4793 151 154
4794 151 155
4795 151 156
4796 151 157
4797 151 158
4798 151 160
4799 151 162
4800 151 163
4801 151 165
4802 151 166
4803 151 169
4804 151 176
4805 151 177
4806 151 181
4807 151 184
4808 152 154
4809 152 155
4810 152 156
4811 152 157
4812 152 158
4813 152 159
4814 152 160
4815 152 162
4816 152 163
4817 152 166
4818 152 168
4819 152 169
4820 152 171
4821 152 172
4822 152 173
4823 152 174
4824 152 175
4825 152 176
4826 152 179
4827 152 184
4828 153 166
4829 153 171
4830 153 173
4831 153 174
4832 154 155
4833 154 157
4834 154 158
4835 154 159
4836 154 160
4837 154 162
4838 154 163
4839 154 165
4840 154 166
4841 154 168
4842 154 169
4843 154 172
4844 154 173
4845 154 174
4846 154 179
4847 154 184
4848 155 157
4849 155 158
4850 155 159
4851 155 160
4852 155 161
4853 155 163
4854 155 165
4855 155 166
4856 155 169
4857 155 174
4858 155 175
4859 155 176
4860 155 177
4861 155 179
4862 155 184
4863 156 165
4864 156 168
4865 157 160
4866 157 161
4867 157 162
4868 157 163
4869 157 166
4870 157 169
4871 157 176
4872 157 179
4873 157 184
4874 158 159
4875 158 160
4876 158 162
4877 158 163
4878 158 166
4879 158 173
4880 158 174
4881 158 176
4882 158 179
4883 158 184
4884 159 163
4885 159 166
4886 159 171
4887 159 172
4888 159 173
4889 159 179
4890 160 161
4891 160 162
4892 160 163
4893 160 166
4894 160 172
4895 160 173
4896 160 179
4897 160 184
4898 161 162
4899 161 164
4900 161 166
4901 161 167
4902 161 177
4903 161 179
4904 161 180
4905 161 181
4906 161 182
4907 162 163
4908 162 166
4909 162 169
4910 162 179
4911 162 184
4912 163 166
4913 163 169
4914 163 173
4915 163 179
4916 164 182
4917 165 168
4918 166 169
4919 166 170
4920 166 171
4921 166 172
4922 166 173
4923 166 174
4924 166 175
4925 166 176
4926 166 179
4927 166 184
4928 167 169
4929 167 177
4930 167 180
4931 167 181
4932 169 173
4933 169 174
4934 169 175
4935 169 176
4936 169 179
4937 169 180
4938 169 184
4939 170 171
4940 170 172
4941 170 174
4942 171 172
4943 171 173
4944 171 174
4945 172 173
4946 172 174
4947 173 174
4948 173 179
4949 175 176
4950 177 180
4951 177 181
4952 178 183
4953 180 181
