1 110 190
2 20 162
3 100 112
4 63 76
5 29 44
6 33 41
7 53 166
8 57 163
9 100 199
10 19 91
11 76 88
12 80 155
13 85 87
14 14 77
15 18 112
16 109 177
17 146 189
18 4 35
19 95 98
20 99 103
21 32 188
22 94 174
23 4 178
24 151 189
25 8 181
26 27 115
27 13 188
28 17 57
29 107 190
30 3 11
31 64 107
32 84 102
33 140 144
34 70 81
35 23 197
36 12 90
37 69 135
38 73 92
39 79 82
40 26 74
41 117 139
42 174 194
43 103 104
44 150 187
45 82 165
46 45 47
47 102 160
48 49 52
49 139 182
50 182 200
51 59 127
52 21 55
53 11 65
54 128 163
55 77 192
56 78 171
57 20 96
58 77 81
59 6 87
60 63 130
61 10 26
62 67 71
63 30 89
64 91 93
65 24 146
66 87 137
67 5 150
68 80 89
69 171 178
70 63 96
71 104 111
72 53 186
73 9 60
74 33 166
75 52 70
76 5 72
77 86 173
78 18 197
79 113 193
80 169 183
81 28 110
82 85 107
83 32 105
84 89 104
85 71 72
86 146 161
87 4 7
88 169 192
89 8 194
90 27 174
91 99 131
92 28 157
93 61 67
94 27 95
95 88 95
96 37 42
97 40 194
98 61 180
99 144 160
100 37 187
101 3 103
102 50 54
103 2 181
104 168 181
105 173 188
106 69 123
107 16 121
108 93 101
109 22 35
110 97 98
111 154 155
112 16 136
113 197 199
114 31 64
115 55 94
116 25 31
117 48 136
118 11 28
119 1 6
120 11 109
121 34 198
122 72 109
123 128 143
124 10 175
125 30 42
126 185 195
127 58 179
128 24 127
129 6 51
130 10 62
131 111 170
132 39 185
133 29 99
134 67 176
135 33 96
136 87 173
137 76 130
138 53 158
139 19 34
140 167 170
141 5 27
142 62 68
143 9 88
144 86 94
145 132 146
146 75 88
147 38 44
148 65 66
149 122 149
150 51 147
151 165 167
152 99 191
153 94 102
154 64 181
155 27 59
156 118 120
157 47 52
158 112 129
159 3 50
160 155 159
161 13 85
162 64 83
163 79 101
164 83 94
165 12 98
166 50 173
167 16 101
168 35 195
169 126 128
170 36 104
171 2 8
172 25 74
173 79 187
174 82 109
175 102 104
176 31 36
177 72 171
178 186 191
179 120 183
180 48 180
181 11 56
182 1 98
183 96 160
184 149 154
185 7 76
186 101 177
187 176 200
188 68 78
189 125 156
190 20 24
191 6 31
192 81 94
193 87 192
194 90 164
195 91 133
196 147 151
197 39 93
198 67 172
199 87 177
200 53 65
201 170 175
202 119 192
203 123 133
204 56 74
205 42 101
206 80 176
207 52 62
208 56 57
209 85 178
210 32 34
211 38 72
212 8 11
213 28 86
214 145 150
215 94 179
216 151 152
217 88 104
218 17 92
219 64 145
220 23 51
221 13 121
222 70 106
223 74 121
224 40 41
225 3 191
226 26 196
227 2 125
228 154 160
229 150 156
230 139 141
231 31 139
232 96 110
233 72 199
234 115 171
235 48 80
236 72 86
237 149 190
238 7 176
239 11 181
240 10 103
241 67 106
242 34 97
243 125 160
244 20 60
245 111 125
246 143 182
247 110 191
248 80 126
249 100 113
250 63 79
251 29 43
252 33 40
253 15 25
254 76 89
255 80 156
256 66 67
257 86 134
258 85 86
259 18 113
260 75 96
261 166 185
262 95 109
263 98 195
264 99 102
265 27 197
266 47 142
267 32 189
268 94 175
269 4 179
270 61 62
271 84 129
272 13 187
273 108 127
274 71 133
275 112 122
276 61 175
277 107 177
278 3 10
279 41 195
280 23 87
281 64 108
282 84 103
283 140 145
284 141 168
285 70 86
286 2 174
287 23 196
288 69 134
289 79 93
290 26 75
291 103 107
292 16 173
293 45 46
294 83 135
295 21 197
296 1 57
297 25 179
298 48 124
299 11 64
300 34 163
301 72 114
302 78 168
303 6 197
304 81 132
305 20 97
306 58 156
307 77 80
308 24 100
309 6 84
310 10 27
311 67 70
312 30 94
313 91 92
314 111 145
315 87 136
316 57 77
317 39 101
318 80 90
319 43 110
320 171 181
321 63 99
322 56 147
323 29 160
324 52 71
325 15 125
326 18 179
327 109 114
328 38 182
329 132 191
330 66 167
331 65 101
332 89 111
333 71 75
334 18 85
335 146 158
336 169 199
337 8 195
338 99 130
339 28 158
340 142 146
341 27 94
342 84 165
343 37 41
344 13 48
345 144 161
346 164 172
347 22 198
348 97 135
349 64 72
350 46 200
351 50 55
352 70 178
353 22 177
354 26 60
355 173 187
356 16 122
357 55 187
358 93 100
359 22 32
360 197 198
361 36 196
362 25 109
363 55 89
364 187 193
365 25 30
366 48 137
367 1 5
368 92 194
369 58 94
370 11 108
371 68 107
372 34 199
373 176 188
374 30 43
375 58 176
376 24 64
377 6 48
378 81 113
379 10 63
380 110 132
381 39 184
382 67 179
383 33 103
384 56 192
385 76 131
386 170 200
387 52 180
388 5 26
389 9 95
390 100 152
391 86 95
392 132 147
393 75 91
394 38 45
395 4 85
396 8 16
397 165 166
398 166 193
399 99 190
400 94 103
401 64 182
402 27 58
403 118 121
404 13 195
405 3 53
406 155 158
407 50 72
408 141 159
409 93 166
410 3 66
411 64 84
412 22 93
413 79 100
414 83 97
415 50 170
416 69 94
417 126 129
418 36 105
419 2 9
420 25 73
421 79 186
422 82 106
423 45 118
424 83 191
425 102 105
426 31 39
427 72 172
428 186 188
429 116 189
430 7 62
431 11 59
432 54 127
433 21 110
434 149 153
435 78 113
436 81 179
437 7 79
438 11 136
439 68 79
440 10 64
441 105 198
442 125 155
443 20 25
444 24 92
445 6 28
446 81 93
447 63 197
448 90 165
449 91 132
450 110 160
451 147 150
452 20 136
453 67 175
454 87 176
455 53 64
456 39 45
457 170 172
458 123 132
459 80 177
460 85 192
461 86 123
462 52 63
463 15 181
464 56 58
465 85 177
466 32 35
467 113 136
468 4 73
469 8 12
470 118 187
471 145 149
472 94 176
473 151 155
474 88 105
475 75 165
476 64 146
477 3 17
478 23 50
479 13 120
480 88 135
481 70 107
482 40 42
483 26 197
484 16 51
485 73 166
486 2 122
487 117 181
488 154 161
489 36 141
490 150 157
491 102 186
492 139 140
493 92 100
494 21 160
495 59 85
496 96 111
497 72 200
498 115 170
499 152 160
500 116 145
501 34 156
502 72 87
503 54 91
504 7 179
505 11 180
506 77 171
507 10 100
508 67 109
509 30 99
510 125 191
511 20 61
512 110 188
513 39 64
514 5 176
515 9 181
516 63 78
517 100 114
518 29 42
519 104 117
520 33 47
521 119 167
522 15 24
523 19 93
524 38 139
525 76 90
526 86 135
527 180 200
528 146 187
529 75 99
530 95 108
531 98 192
532 8 40
533 99 105
534 28 187
535 32 190
536 142 183
537 4 188
538 151 191
539 27 117
540 84 130
541 13 186
542 71 132
543 40 119
544 3 13
545 117 119
546 64 109
547 140 146
548 70 87
549 2 175
550 22 170
551 192 193
552 12 84
553 69 133
554 2 94
555 59 147
556 79 92
557 26 72
558 103 106
559 16 174
560 150 185
561 135 175
562 102 166
563 59 113
564 1 56
565 21 53
566 25 178
567 44 122
568 11 67
569 30 189
570 34 160
571 129 156
572 20 98
573 77 79
574 6 85
575 10 24
576 67 73
577 30 95
578 91 95
579 111 144
580 143 149
581 57 76
582 80 91
583 43 97
584 171 180
585 5 37
586 109 113
587 38 183
588 76 126
589 66 164
590 18 195
591 113 199
592 169 181
593 65 100
594 32 107
595 89 110
596 71 74
597 109 147
598 146 159
599 142 147
600 75 156
601 64 171
602 17 27
603 37 40
604 144 162
605 17 180
606 164 173
607 37 185
608 23 122
609 64 73
610 50 52
611 140 182
612 70 179
613 2 179
614 177 191
615 70 194
616 73 126
617 36 118
618 93 99
619 59 191
620 153 182
621 36 197
622 135 147
623 72 177
624 187 192
625 48 138
626 11 30
627 1 4
628 11 111
629 68 84
630 34 196
631 78 133
632 6 166
633 10 173
634 185 193
635 58 177
636 10 60
637 157 187
638 111 180
639 39 187
640 29 97
641 33 102
642 15 35
643 53 156
644 19 36
645 5 25
646 9 94
647 86 92
648 75 90
649 4 86
650 8 17
651 28 76
652 166 198
653 94 100
654 27 61
655 13 194
656 3 52
657 141 158
658 93 165
659 3 69
660 23 158
661 64 85
662 22 82
663 79 103
664 12 28
665 50 171
666 69 93
667 126 134
668 2 6
669 25 72
670 82 107
671 102 110
672 31 38
673 72 173
674 186 189
675 7 57
676 120 185
677 11 58
678 58 115
679 21 109
680 149 152
681 81 178
682 7 78
683 101 191
684 68 72
685 129 196
686 6 130
687 20 26
688 114 141
689 6 29
690 81 92
691 157 159
692 87 194
693 91 135
694 147 153
695 111 200
696 63 85
697 87 179
698 39 44
699 170 173
700 119 194
701 123 135
702 19 64
703 42 99
704 5 125
705 80 178
706 9 122
707 100 189
708 89 132
709 52 56
710 15 180
711 56 59
712 19 177
713 65 179
714 85 176
715 32 36
716 165 200
717 38 78
718 8 13
719 28 80
720 145 148
721 95 152
722 151 154
723 27 104
724 88 106
725 75 164
726 64 147
727 3 16
728 23 77
729 50 109
730 88 136
731 70 104
732 26 194
733 106 167
734 102 187
735 139 143
736 1 162
737 92 101
738 21 175
739 115 173
740 152 161
741 116 146
742 34 157
743 72 88
744 148 149
745 78 82
746 10 146
747 6 110
748 7 195
749 10 101
750 67 108
751 30 96
752 20 62
753 24 185
754 110 189
755 20 173
756 9 180
757 63 73
758 29 41
759 33 46
760 76 196
761 5 192
762 123 163
763 52 109
764 15 27
765 76 91
766 132 197
767 86 132
768 32 64
769 14 80
770 95 111
771 99 104
772 8 41
773 28 180
774 94 173
775 151 190
776 13 185
777 17 62
778 71 135
779 37 51
780 61 173
781 108 136
782 3 12
783 41 193
784 117 118
785 64 110
786 84 97
787 140 147
788 70 84
789 22 171
790 192 194
791 69 132
792 59 146
793 22 26
794 26 73
795 35 157
796 150 190
797 12 187
798 35 106
799 21 195
800 45 189
801 25 177
802 11 66
803 148 169
804 78 174
805 6 187
806 20 99
807 77 78
808 10 25
809 67 72
810 91 94
811 111 147
812 143 148
813 57 83
814 39 103
815 80 92
816 43 96
817 63 109
818 33 187
819 52 65
820 18 177
821 109 112
822 76 127
823 132 185
824 66 165
825 113 198
826 4 115
827 169 180
828 32 108
829 89 109
830 109 146
831 146 156
832 169 197
833 142 144
834 17 26
835 107 159
836 144 163
837 17 171
838 164 174
839 22 196
840 64 74
841 50 53
842 2 176
843 26 58
844 46 57
845 50 132
846 2 35
847 22 38
848 97 103
849 153 181
850 36 198
851 25 115
852 83 165
853 72 178
854 55 91
855 187 195
856 25 28
857 45 161
858 11 17
859 49 166
860 1 27
861 21 72
862 152 153
863 44 95
864 11 110
865 68 85
866 34 197
867 128 130
868 10 170
869 30 41
870 185 192
871 6 54
872 10 61
873 134 138
874 29 96
875 33 101
876 87 174
877 90 126
878 56 194
879 5 24
880 9 93
881 86 93
882 19 148
883 76 99
884 75 93
885 4 87
886 8 18
887 65 71
888 166 199
889 99 160
890 37 122
891 75 187
892 94 101
893 64 136
894 27 60
895 84 187
896 13 193
897 198 199
898 3 55
899 60 188
900 88 173
901 141 157
902 93 164
903 3 68
904 64 86
905 22 83
906 79 102
907 26 30
908 83 99
909 69 92
910 16 88
911 126 135
912 36 107
913 2 7
914 103 173
915 21 138
916 79 132
917 102 111
918 68 171
919 31 33
920 72 174
921 182 183
922 116 191
923 7 56
924 11 61
925 7 73
926 101 190
927 68 73
928 6 131
929 10 78
930 34 88
931 91 105
932 20 27
933 24 94
934 6 18
935 81 83
936 63 199
937 157 158
938 91 134
939 147 152
940 63 84
941 53 78
942 76 161
943 39 47
944 123 134
945 56 77
946 42 96
947 80 179
948 52 57
949 56 60
950 71 124
951 113 142
952 8 14
953 118 185
954 94 182
955 88 107
956 179 197
957 112 160
958 3 19
959 60 64
960 23 76
961 13 118
962 74 100
963 40 44
964 26 195
965 69 175
966 16 53
967 83 127
968 46 113
969 121 176
970 16 68
971 139 142
972 21 174
973 96 97
974 115 172
975 152 162
976 116 147
977 44 144
978 7 28
979 11 89
980 72 89
981 92 132
982 78 83
983 7 173
984 20 72
985 7 194
986 10 98
987 30 97
988 24 186
989 9 187
990 63 72
991 29 40
992 33 45
993 57 167
994 76 197
995 100 195
996 15 26
997 76 84
998 5 80
999 66 94
1000 86 133
1001 14 166
1002 109 173
1003 95 110
1004 99 107
1005 8 42
1006 47 139
1007 146 200
1008 71 134
1009 41 183
1010 3 15
1011 26 180
1012 64 111
1013 84 98
1014 70 85
1015 74 152
1016 192 195
1017 12 86
1018 16 17
1019 22 27
1020 79 94
1021 26 86
1022 117 151
1023 106 152
1024 16 160
1025 36 163
1026 150 191
1027 83 136
1028 12 180
1029 183 189
1030 59 115
1031 45 188
1032 1 62
1033 21 51
1034 25 176
1035 11 69
1036 34 190
1037 125 127
1038 78 175
1039 20 108
1040 24 103
1041 6 75
1042 67 75
1043 30 93
1044 111 146
1045 134 175
1046 33 88
1047 87 133
1048 143 151
1049 39 102
1050 80 93
1051 43 99
1052 63 108
1053 124 142
1054 53 134
1055 5 35
1056 171 199
1057 9 32
1058 156 177
1059 29 189
1060 109 111
1061 14 130
1062 113 197
1063 32 109
1064 146 157
1065 169 196
1066 99 135
1067 27 162
1068 142 145
1069 64 173
1070 27 83
1071 17 25
1072 40 198
1073 17 170
1074 164 175
1075 3 107
1076 22 197
1077 64 75
1078 2 177
1079 22 180
1080 26 59
1081 16 125
1082 70 192
1083 36 112
1084 55 180
1085 2 32
1086 97 102
1087 35 184
1088 36 199
1089 83 164
1090 31 76
1091 72 179
1092 55 90
1093 45 160
1094 120 159
1095 11 16
1096 1 26
1097 152 154
1098 11 97
1099 68 86
1100 128 131
1101 172 180
1102 10 171
1103 30 46
1104 185 199
1105 24 67
1106 6 55
1107 10 58
1108 161 190
1109 67 180
1110 52 183
1111 19 38
1112 5 7
1113 80 200
1114 9 92
1115 75 92
1116 8 19
1117 62 170
1118 65 70
1119 166 196
1120 27 142
1121 94 106
1122 64 137
1123 13 192
1124 3 54
1125 141 156
1126 97 160
1127 64 87
1128 22 80
1129 79 97
1130 26 31
1131 83 98
1132 12 30
1133 69 91
1134 16 89
1135 126 132
1136 2 4
1137 25 78
1138 102 108
1139 31 32
1140 72 175
1141 186 187
1142 116 184
1143 7 59
1144 11 60
1145 7 72
1146 101 189
1147 11 141
1148 68 74
1149 77 132
1150 24 48
1151 10 79
1152 125 152
1153 91 104
1154 39 200
1155 114 139
1156 6 19
1157 81 82
1158 147 155
1159 39 89
1160 63 87
1161 53 77
1162 39 46
1163 170 171
1164 56 78
1165 42 97
1166 80 180
1167 100 191
1168 86 126
1169 52 58
1170 56 61
1171 32 38
1172 71 127
1173 109 200
1174 113 141
1175 95 117
1176 8 15
1177 118 190
1178 47 103
1179 88 108
1180 179 196
1181 40 158
1182 3 18
1183 70 110
1184 74 101
1185 93 135
1186 40 45
1187 23 188
1188 69 174
1189 16 54
1190 73 171
1191 2 121
1192 26 115
1193 117 178
1194 177 197
1195 16 69
1196 102 185
1197 55 109
1198 96 98
1199 48 197
1200 49 156
1201 68 136
1202 115 175
1203 152 163
1204 7 31
1205 11 88
1206 72 90
1207 148 151
1208 149 186
1209 78 80
1210 81 156
1211 11 169
1212 10 99
1213 67 110
1214 30 102
1215 20 56
1216 24 187
1217 20 175
1218 39 125
1219 9 186
1220 63 75
1221 29 39
1222 33 44
1223 9 11
1224 104 135
1225 15 101
1226 56 106
1227 19 94
1228 38 142
1229 76 85
1230 5 95
1231 62 147
1232 146 182
1233 75 100
1234 95 105
1235 99 106
1236 32 177
1237 4 191
1238 8 186
1239 17 60
1240 41 182
1241 61 171
1242 107 181
1243 144 185
1244 164 180
1245 40 122
1246 3 14
1247 41 199
1248 64 96
1249 84 99
1250 140 141
1251 70 74
1252 22 169
1253 23 192
1254 26 36
1255 192 196
1256 12 87
1257 69 130
1258 16 18
1259 22 24
1260 79 89
1261 26 87
1262 117 150
1263 35 159
1264 102 165
1265 12 181
1266 183 188
1267 45 187
1268 159 183
1269 1 61
1270 11 68
1271 54 58
1272 10 180
1273 34 46
1274 20 109
1275 6 72
1276 67 74
1277 105 131
1278 39 144
1279 143 150
1280 39 97
1281 80 94
1282 33 200
1283 29 188
1284 33 185
1285 18 175
1286 109 110
1287 132 187
1288 65 200
1289 86 166
1290 18 62
1291 4 125
1292 169 186
1293 32 110
1294 146 154
1295 4 12
1296 99 134
1297 142 150
1298 17 24
1299 155 182
1300 164 168
1301 37 166
1302 64 76
1303 50 51
1304 22 181
1305 26 56
1306 69 102
1307 36 113
1308 22 36
1309 97 101
1310 173 200
1311 31 190
1312 82 130
1313 68 177
1314 72 180
1315 55 85
1316 187 197
1317 11 19
1318 1 25
1319 58 90
1320 152 155
1321 11 96
1322 68 87
1323 128 132
1324 172 181
1325 30 47
1326 185 198
1327 24 68
1328 43 160
1329 6 52
1330 63 173
1331 10 59
1332 110 136
1333 134 136
1334 170 180
1335 5 6
1336 100 132
1337 89 173
1338 8 20
1339 62 171
1340 65 69
1341 95 161
1342 99 162
1343 27 62
1344 3 57
1345 140 198
1346 141 155
1347 74 78
1348 40 50
1349 79 96
1350 26 28
1351 83 101
1352 12 31
1353 69 90
1354 16 90
1355 35 198
1356 126 133
1357 2 5
1358 21 136
1359 59 77
1360 25 77
1361 102 109
1362 31 35
1363 35 36
1364 7 58
1365 11 63
1366 1 101
1367 21 106
1368 7 75
1369 48 56
1370 68 75
1371 24 49
1372 10 76
1373 67 117
1374 34 86
1375 125 151
1376 91 107
1377 6 16
1378 147 154
1379 63 86
1380 53 76
1381 39 41
1382 52 148
1383 42 110
1384 80 181
1385 9 127
1386 86 127
1387 52 59
1388 56 62
1389 28 60
1390 32 39
1391 14 123
1392 71 126
1393 109 199
1394 4 53
1395 99 113
1396 75 200
1397 94 180
1398 27 109
1399 47 102
1400 88 109
1401 64 150
1402 108 167
1403 127 133
1404 3 21
1405 23 78
1406 70 111
1407 74 98
1408 93 134
1409 40 46
1410 22 130
1411 97 195
1412 23 191
1413 69 173
1414 16 55
1415 73 170
1416 22 125
1417 26 112
1418 177 196
1419 102 190
1420 1 167
1421 96 99
1422 49 147
1423 68 137
1424 183 200
1425 115 174
1426 48 85
1427 11 91
1428 72 91
1429 78 81
1430 7 175
1431 6 109
1432 10 96
1433 67 81
1434 30 103
1435 125 187
1436 20 57
1437 111 120
1438 24 188
1439 9 185
1440 63 74
1441 29 38
1442 57 165
1443 76 199
1444 9 10
1445 156 175
1446 104 136
1447 76 86
1448 132 192
1449 5 94
1450 66 92
1451 75 103
1452 95 104
1453 99 109
1454 151 187
1455 17 51
1456 112 127
1457 164 181
1458 41 198
1459 64 97
1460 84 108
1461 140 142
1462 141 163
1463 70 75
1464 2 171
1465 23 195
1466 192 197
1467 12 80
1468 16 19
1469 22 25
1470 79 88
1471 26 84
1472 117 149
1473 31 197
1474 183 191
1475 1 60
1476 21 49
1477 44 118
1478 34 188
1479 54 59
1480 128 185
1481 78 173
1482 10 181
1483 34 47
1484 20 110
1485 24 105
1486 6 73
1487 63 136
1488 67 77
1489 105 130
1490 111 156
1491 39 147
1492 87 135
1493 143 145
1494 39 96
1495 80 95
1496 43 101
1497 63 110
1498 124 136
1499 167 188
1500 5 33
1501 29 187
1502 52 76
1503 19 125
1504 85 132
1505 14 128
1506 14 51
1507 146 155
1508 4 13
1509 142 151
1510 64 175
1511 84 162
1512 17 31
1513 164 169
1514 3 109
1515 64 77
1516 70 183
1517 74 186
1518 22 74
1519 26 57
1520 177 179
1521 50 131
1522 69 101
1523 2 62
1524 93 127
1525 22 37
1526 97 100
1527 173 199
1528 36 193
1529 25 112
1530 79 173
1531 68 178
1532 31 78
1533 187 196
1534 116 166
1535 120 161
1536 11 18
1537 1 24
1538 21 85
1539 152 156
1540 11 99
1541 68 80
1542 176 177
1543 30 44
1544 185 197
1545 77 111
1546 6 53
1547 10 56
1548 91 191
1549 39 183
1550 134 137
1551 33 122
1552 87 171
1553 57 108
1554 170 181
1555 56 180
1556 132 152
1557 65 171
1558 66 132
1559 75 94
1560 8 21
1561 62 168
1562 65 68
1563 28 72
1564 14 15
1565 95 160
1566 47 77
1567 60 200
1568 64 139
1569 27 49
1570 37 200
1571 3 56
1572 60 191
1573 141 154
1574 74 79
1575 3 73
1576 97 166
1577 22 86
1578 79 99
1579 26 29
1580 83 100
1581 12 24
1582 69 89
1583 16 91
1584 126 138
1585 59 76
1586 25 76
1587 45 113
1588 31 34
1589 35 39
1590 116 186
1591 7 53
1592 11 62
1593 48 57
1594 77 130
1595 24 50
1596 81 199
1597 10 77
1598 91 106
1599 6 17
1600 90 174
1601 63 81
1602 39 40
1603 19 68
1604 100 185
1605 89 136
1606 19 181
1607 28 61
1608 85 188
1609 109 198
1610 113 131
1611 4 54
1612 42 129
1613 8 49
1614 99 112
1615 118 188
1616 28 172
1617 4 197
1618 99 193
1619 88 110
1620 108 160
1621 127 132
1622 3 20
1623 23 73
1624 46 154
1625 141 190
1626 74 99
1627 2 196
1628 69 172
1629 153 193
1630 26 113
1631 117 176
1632 12 60
1633 103 125
1634 35 114
1635 1 166
1636 96 100
1637 48 199
1638 68 138
1639 21 28
1640 115 177
1641 7 25
1642 11 90
1643 72 92
1644 78 86
1645 81 146
1646 7 174
1647 11 171
1648 6 98
1649 63 151
1650 10 97
1651 67 80
1652 158 185
1653 125 186
1654 20 58
1655 53 62
1656 57 59
1657 39 127
1658 9 184
1659 29 37
1660 33 34
1661 53 175
1662 57 164
1663 76 192
1664 156 168
1665 76 87
1666 80 146
1667 66 93
1668 71 93
1669 18 107
1670 146 180
1671 75 102
1672 38 110
1673 166 179
1674 95 107
1675 99 108
1676 28 176
1677 41 43
1678 13 181
1679 179 181
1680 17 50
1681 71 131
1682 3 112
1683 23 109
1684 84 109
1685 140 143
1686 141 162
1687 22 175
1688 23 194
1689 192 198
1690 12 81
1691 69 128
1692 16 20
1693 36 95
1694 55 173
1695 79 91
1696 26 85
1697 12 32
1698 130 183
1699 79 200
1700 1 130
1701 182 195
1702 183 190
1703 59 116
1704 45 185
1705 1 51
1706 58 68
1707 25 181
1708 7 125
1709 30 166
1710 68 125
1711 34 189
1712 54 56
1713 78 178
1714 10 178
1715 34 44
1716 58 166
1717 6 78
1718 67 76
1719 105 129
1720 111 159
1721 39 146
1722 87 134
1723 143 144
1724 91 195
1725 39 99
1726 43 100
1727 63 105
1728 124 137
1729 53 131
1730 167 191
1731 62 83
1732 52 77
1733 85 131
1734 86 164
1735 89 192
1736 18 60
1737 4 127
1738 8 122
1739 62 141
1740 65 127
1741 32 96
1742 89 113
1743 145 199
1744 146 152
1745 4 14
1746 27 167
1747 142 148
1748 94 141
1749 131 133
1750 61 92
1751 64 160
1752 50 94
1753 107 147
1754 17 175
1755 164 170
1756 23 113
1757 26 151
1758 64 78
1759 70 180
1760 74 187
1761 22 75
1762 177 178
1763 69 100
1764 22 58
1765 153 185
1766 31 184
1767 68 179
1768 31 73
1769 187 199
1770 44 196
1771 11 21
1772 68 81
1773 34 193
1774 128 134
1775 10 86
1776 176 178
1777 30 45
1778 185 196
1779 81 107
1780 63 175
1781 10 57
1782 39 182
1783 57 115
1784 170 178
1785 52 178
1786 15 46
1787 104 193
1788 89 179
1789 15 95
1790 65 170
1791 85 167
1792 14 157
1793 18 32
1794 75 81
1795 38 39
1796 4 83
1797 8 22
1798 65 91
1799 28 73
1800 145 163
1801 71 186
1802 37 102
1803 94 105
1804 47 61
1805 108 189
1806 3 59
1807 60 184
1808 50 66
1809 88 177
1810 141 153
1811 74 76
1812 3 72
1813 83 103
1814 12 25
1815 69 88
1816 2 3
1817 103 169
1818 31 45
1819 106 110
1820 35 38
1821 48 171
1822 11 49
1823 149 163
1824 81 181
1825 48 58
1826 77 129
1827 24 51
1828 10 74
1829 67 119
1830 91 109
1831 39 197
1832 6 22
1833 81 87
1834 90 175
1835 147 156
1836 63 80
1837 90 94
1838 53 74
1839 143 200
1840 39 43
1841 42 108
1842 9 125
1843 19 180
1844 85 187
1845 14 121
1846 109 197
1847 113 130
1848 4 55
1849 28 173
1850 94 186
1851 47 96
1852 27 28
1853 108 161
1854 127 135
1855 3 23
1856 60 92
1857 23 72
1858 13 114
1859 2 197
1860 93 132
1861 97 193
1862 69 171
1863 59 141
1864 22 115
1865 117 191
1866 46 117
1867 150 151
1868 55 110
1869 96 101
1870 21 27
1871 115 176
1872 116 159
1873 7 24
1874 48 87
1875 11 93
1876 72 93
1877 129 138
1878 78 87
1879 7 169
1880 11 170
1881 77 165
1882 6 99
1883 10 110
1884 67 83
1885 30 101
1886 158 190
1887 20 59
1888 114 170
1889 53 61
1890 57 58
1891 9 191
1892 29 36
1893 57 171
1894 19 99
1895 38 141
1896 76 80
1897 66 90
1898 8 95
1899 71 92
1900 109 169
1901 166 176
1902 95 106
1903 8 46
1904 99 111
1905 47 151
1906 32 180
1907 146 196
1908 94 150
1909 41 42
1910 4 186
1911 27 75
1912 13 180
1913 179 180
1914 71 130
1915 112 113
1916 41 187
1917 41 196
1918 23 108
1919 64 99
1920 84 110
1921 141 161
1922 70 73
1923 192 199
1924 16 21
1925 2 88
1926 59 169
1927 22 31
1928 79 90
1929 117 147
1930 31 199
1931 106 132
1932 12 176
1933 1 129
1934 183 185
1935 45 184
1936 148 199
1937 115 140
1938 25 180
1939 44 112
1940 48 115
1941 68 126
1942 54 57
1943 78 179
1944 10 179
1945 34 45
1946 43 185
1947 6 79
1948 67 79
1949 138 174
1950 143 147
1951 5 158
1952 43 103
1953 80 81
1954 124 138
1955 57 199
1956 9 36
1957 29 185
1958 33 190
1959 52 78
1960 15 122
1961 18 170
1962 132 166
1963 86 165
1964 62 178
1965 65 126
1966 32 97
1967 89 112
1968 145 198
1969 146 153
1970 4 15
1971 169 200
1972 99 139
1973 142 149
1974 75 146
1975 131 132
1976 61 91
1977 64 161
1978 144 152
1979 17 174
1980 164 171
1981 26 148
1982 64 79
1983 141 197
1984 74 184
1985 22 72
1986 117 198
1987 173 180
1988 69 99
1989 16 113
1990 70 196
1991 2 60
1992 22 59
1993 173 197
1994 12 197
1995 103 132
1996 130 152
1997 135 137
1998 83 168
1999 31 72
2000 187 198
2001 116 160
2002 120 163
2003 11 20
2004 96 156
2005 11 101
2006 68 82
2007 128 135
2008 77 156
2009 172 176
2010 10 87
2011 176 179
2012 54 180
2013 77 109
2014 81 106
2015 63 174
2016 101 103
2017 91 177
2018 87 165
2019 53 117
2020 56 199
2021 170 179
2022 124 174
2023 52 179
2024 15 41
2025 9 64
2026 89 178
2027 15 94
2028 132 154
2029 18 33
2030 75 80
2031 8 23
2032 189 200
2033 65 90
2034 28 74
2035 145 162
2036 165 175
2037 95 162
2038 27 130
2039 118 193
2040 71 181
2041 37 101
2042 94 110
2043 27 51
2044 84 192
2045 108 190
2046 112 185
2047 3 58
2048 50 67
2049 88 178
2050 140 193
2051 141 152
2052 17 138
2053 74 77
2054 3 75
2055 73 179
2056 22 84
2057 79 109
2058 26 27
2059 12 26
2060 69 71
2061 126 136
2062 36 144
2063 154 199
2064 139 153
2065 59 78
2066 79 131
2067 82 101
2068 31 44
2069 106 111
2070 35 41
2071 120 191
2072 11 48
2073 1 122
2074 58 125
2075 21 119
2076 149 162
2077 81 180
2078 7 68
2079 101 185
2080 48 59
2081 176 192
2082 6 132
2083 81 197
2084 10 75
2085 125 148
2086 91 108
2087 20 32
2088 43 129
2089 6 23
2090 81 86
2091 90 172
2092 147 159
2093 9 130
2094 63 83
2095 53 73
2096 39 42
2097 9 19
2098 56 82
2099 42 109
2100 80 168
2101 100 187
2102 85 186
2103 109 196
2104 4 48
2105 95 113
2106 8 51
2107 28 174
2108 142 162
2109 94 187
2110 8 130
2111 27 110
2112 99 195
2113 47 99
2114 88 112
2115 27 31
2116 179 200
2117 127 134
2118 3 22
2119 70 98
2120 2 194
2121 23 184
2122 73 175
2123 36 37
2124 22 112
2125 153 199
2126 174 175
2127 12 62
2128 106 161
2129 102 189
2130 96 102
2131 183 197
2132 21 26
2133 115 179
2134 152 167
2135 7 27
2136 48 72
2137 11 92
2138 72 94
2139 1 70
2140 129 137
2141 78 84
2142 7 168
2143 11 173
2144 20 85
2145 6 96
2146 67 82
2147 20 196
2148 24 191
2149 53 60
2150 20 171
2151 29 35
2152 52 196
2153 53 173
2154 57 170
2155 9 15
2156 119 188
2157 76 81
2158 132 195
2159 5 91
2160 66 91
2161 15 150
2162 85 94
2163 18 105
2164 146 178
2165 113 173
2166 166 177
2167 4 20
2168 99 110
2169 142 190
2170 4 187
2171 13 179
2172 108 134
2173 127 186
2174 164 176
2175 112 193
2176 23 111
2177 26 177
2178 64 100
2179 141 160
2180 70 78
2181 2 166
2182 22 173
2183 26 32
2184 12 83
2185 16 22
2186 73 75
2187 2 89
2188 22 28
2189 153 163
2190 26 83
2191 12 34
2192 130 181
2193 139 161
2194 12 177
2195 182 193
2196 55 77
2197 187 189
2198 45 183
2199 163 180
2200 21 62
2201 25 187
2202 44 113
2203 7 127
2204 45 200
2205 68 127
2206 34 187
2207 72 122
2208 54 62
2209 128 188
2210 34 42
2211 24 108
2212 6 76
2213 63 181
2214 67 78
2215 138 175
2216 143 146
2217 91 197
2218 5 157
2219 43 102
2220 80 82
2221 171 173
2222 63 107
2223 194 198
2224 33 189
2225 15 69
2226 18 171
2227 133 138
2228 66 191
2229 18 58
2230 4 121
2231 62 179
2232 85 114
2233 32 98
2234 146 150
2235 4 8
2236 28 150
2237 142 154
2238 37 64
2239 131 135
2240 98 110
2241 84 173
2242 17 28
2243 50 92
2244 13 40
2245 144 153
2246 17 173
2247 74 86
2248 3 110
2249 22 73
2250 117 197
2251 173 179
2252 59 180
2253 22 56
2254 173 196
2255 135 136
2256 83 171
2257 72 184
2258 116 161
2259 44 198
2260 120 164
2261 48 129
2262 11 23
2263 152 159
2264 10 197
2265 101 132
2266 11 100
2267 68 83
2268 172 177
2269 10 84
2270 176 180
2271 161 192
2272 77 108
2273 24 72
2274 101 102
2275 29 122
2276 67 187
2277 56 200
2278 76 187
2279 170 176
2280 124 175
2281 52 188
2282 19 45
2283 86 87
2284 89 177
2285 15 89
2286 65 168
2287 85 165
2288 18 30
2289 75 83
2290 4 93
2291 8 24
2292 189 199
2293 65 89
2294 14 18
2295 145 161
2296 165 174
2297 118 198
2298 47 78
2299 71 180
2300 108 191
2301 60 186
2302 88 179
2303 107 113
2304 141 151
2305 164 200
2306 3 74
2307 69 181
2308 22 85
2309 79 108
2310 12 27
2311 69 70
2312 16 94
2313 126 137
2314 153 155
2315 139 152
2316 25 81
2317 79 130
2318 82 98
2319 45 110
2320 106 108
2321 35 40
2322 48 173
2323 11 51
2324 1 121
2325 96 185
2326 149 161
2327 81 171
2328 48 60
2329 24 53
2330 10 72
2331 125 147
2332 91 111
2333 39 199
2334 24 164
2335 6 20
2336 81 85
2337 90 173
2338 147 158
2339 63 82
2340 90 92
2341 53 72
2342 9 18
2343 19 73
2344 9 99
2345 85 200
2346 65 180
2347 28 56
2348 32 59
2349 109 195
2350 75 127
2351 113 128
2352 95 112
2353 99 117
2354 28 175
2355 142 163
2356 4 192
2357 95 129
2358 88 113
2359 127 129
2360 3 25
2361 60 94
2362 13 112
2363 70 99
2364 2 195
2365 93 130
2366 3 166
2367 97 199
2368 23 187
2369 73 174
2370 36 38
2371 22 113
2372 117 189
2373 12 63
2374 31 114
2375 21 168
2376 59 109
2377 96 103
2378 183 196
2379 21 25
2380 152 168
2381 7 26
2382 34 148
2383 92 130
2384 129 136
2385 148 156
2386 78 85
2387 7 171
2388 6 97
2389 67 85
2390 30 107
2391 34 118
2392 162 163
2393 20 197
2394 24 128
2395 53 59
2396 143 185
2397 20 180
2398 43 125
2399 9 189
2400 29 34
2401 33 39
2402 52 197
2403 9 14
2404 33 144
2405 52 116
2406 19 101
2407 76 82
2408 5 90
2409 66 88
2410 85 93
2411 14 91
2412 71 94
2413 38 109
2414 166 182
2415 4 21
2416 99 145
2417 28 179
2418 8 191
2419 27 77
2420 17 55
2421 108 112
2422 41 185
2423 155 161
2424 144 190
2425 108 135
2426 164 177
2427 64 101
2428 70 79
2429 74 130
2430 3 130
2431 26 33
2432 12 76
2433 16 23
2434 73 74
2435 22 29
2436 153 162
2437 26 80
2438 117 145
2439 12 35
2440 106 130
2441 16 166
2442 130 178
2443 139 160
2444 12 178
2445 182 198
2446 55 76
2447 183 187
2448 187 188
2449 45 182
2450 49 179
2451 45 199
2452 34 184
2453 128 189
2454 78 177
2455 10 177
2456 34 43
2457 24 109
2458 43 187
2459 63 180
2460 157 175
2461 105 134
2462 111 152
2463 24 156
2464 43 200
2465 87 131
2466 90 101
2467 143 157
2468 80 83
2469 171 172
2470 63 106
2471 194 199
2472 124 132
2473 56 156
2474 57 197
2475 62 86
2476 29 183
2477 15 68
2478 133 137
2479 86 187
2480 14 132
2481 89 197
2482 18 59
2483 169 189
2484 42 181
2485 8 125
2486 62 176
2487 47 196
2488 32 99
2489 14 55
2490 18 74
2491 146 151
2492 4 9
2493 142 155
2494 94 112
2495 131 134
2496 4 152
2497 98 111
2498 64 163
2499 27 41
2500 84 174
2501 17 19
2502 50 93
2503 144 154
2504 74 87
2505 26 146
2506 64 65
2507 22 78
2508 173 178
2509 177 183
2510 69 97
2511 126 146
2512 2 58
2513 59 183
2514 22 57
2515 153 190
2516 12 199
2517 16 130
2518 55 80
2519 116 162
2520 44 199
2521 48 130
2522 11 22
2523 54 104
2524 1 28
2525 11 103
2526 68 92
2527 128 153
2528 172 178
2529 10 85
2530 176 181
2531 77 107
2532 24 73
2533 91 179
2534 67 186
2535 87 167
2536 53 115
2537 76 180
2538 170 177
2539 191 197
2540 124 168
2541 52 189
2542 104 196
2543 15 88
2544 85 164
2545 86 199
2546 75 82
2547 8 25
2548 189 198
2549 65 88
2550 28 68
2551 14 19
2552 145 160
2553 165 173
2554 27 132
2555 118 199
2556 47 73
2557 37 99
2558 75 176
2559 94 108
2560 60 196
2561 178 187
2562 3 60
2563 60 187
2564 50 65
2565 88 180
2566 107 112
2567 141 150
2568 74 75
2569 3 77
2570 69 180
2571 2 111
2572 83 104
2573 12 20
2574 153 154
2575 154 197
2576 139 155
2577 31 153
2578 59 64
2579 31 46
2580 106 109
2581 7 49
2582 120 193
2583 11 50
2584 21 117
2585 149 160
2586 81 170
2587 48 61
2588 11 131
2589 176 194
2590 6 122
2591 10 73
2592 125 146
2593 91 110
2594 39 198
2595 24 165
2596 6 21
2597 81 84
2598 90 170
2599 147 161
2600 39 87
2601 190 193
2602 63 93
2603 90 93
2604 53 87
2605 9 17
2606 56 84
2607 42 107
2608 80 170
2609 9 98
2610 100 165
2611 86 112
2612 28 57
2613 32 60
2614 113 135
2615 8 53
2616 28 168
2617 142 160
2618 94 185
2619 99 197
2620 47 109
2621 108 156
2622 127 128
2623 3 24
2624 84 85
2625 2 192
2626 97 198
2627 23 186
2628 69 168
2629 36 39
2630 26 125
2631 16 187
2632 36 182
2633 130 175
2634 82 180
2635 183 199
2636 21 24
2637 115 181
2638 116 154
2639 7 21
2640 11 94
2641 78 90
2642 7 170
2643 11 175
2644 77 162
2645 10 109
2646 67 84
2647 30 104
2648 158 189
2649 20 198
2650 111 135
2651 53 58
2652 20 181
2653 5 167
2654 9 188
2655 63 113
2656 29 33
2657 33 38
2658 9 13
2659 19 100
2660 76 83
2661 66 89
2662 66 200
2663 85 92
2664 14 88
2665 71 89
2666 109 166
2667 166 183
2668 4 22
2669 41 47
2670 4 165
2671 151 182
2672 27 76
2673 13 177
2674 17 54
2675 108 113
2676 155 160
2677 144 191
2678 164 178
2679 112 195
2680 60 99
2681 26 191
2682 64 102
2683 84 105
2684 70 76
2685 2 164
2686 12 77
2687 2 87
2688 153 161
2689 117 144
2690 103 157
2691 150 182
2692 139 163
2693 12 179
2694 182 199
2695 183 186
2696 187 191
2697 21 60
2698 7 121
2699 45 198
2700 11 122
2701 105 107
2702 34 185
2703 54 60
2704 196 197
2705 34 40
2706 6 66
2707 30 68
2708 111 155
2709 87 130
2710 143 156
2711 57 91
2712 80 84
2713 171 175
2714 194 196
2715 124 133
2716 57 196
2717 29 182
2718 133 136
2719 180 181
2720 4 123
2721 169 188
2722 62 177
2723 47 199
2724 14 52
2725 145 187
2726 146 148
2727 4 10
2728 99 140
2729 27 187
2730 142 152
2731 94 113
2732 131 137
2733 98 108
2734 64 164
2735 27 40
2736 17 18
2737 23 28
2738 50 90
2739 144 155
2740 74 84
2741 37 160
2742 3 80
2743 64 66
2744 22 79
2745 173 177
2746 73 101
2747 55 141
2748 2 59
2749 59 182
2750 22 62
2751 97 127
2752 153 189
2753 16 131
2754 135 138
2755 83 173
2756 163 197
2757 116 163
2758 48 131
2759 1 19
2760 78 99
2761 10 195
2762 101 130
2763 195 197
2764 68 93
2765 128 154
2766 172 179
2767 10 82
2768 185 200
2769 77 106
2770 43 166
2771 63 171
2772 157 178
2773 91 178
2774 110 125
2775 15 42
2776 19 47
2777 62 115
2778 66 110
2779 38 200
2780 132 133
2781 18 28
2782 75 85
2783 4 95
2784 8 26
2785 62 173
2786 65 95
2787 189 197
2788 14 16
2789 142 197
2790 165 172
2791 118 196
2792 75 179
2793 94 109
2794 98 112
2795 118 119
2796 108 185
2797 3 63
2798 60 180
2799 23 32
2800 141 149
2801 93 188
2802 3 76
2803 97 185
2804 69 179
2805 73 176
2806 2 108
2807 22 107
2808 79 110
2809 117 167
2810 83 107
2811 12 21
2812 36 147
2813 93 94
2814 139 154
2815 103 165
2816 25 87
2817 102 103
2818 31 41
2819 35 42
2820 7 48
2821 11 53
2822 78 127
2823 101 166
2824 48 62
2825 11 130
2826 24 55
2827 87 100
2828 34 80
2829 125 145
2830 91 97
2831 20 35
2832 39 193
2833 24 166
2834 6 10
2835 90 171
2836 147 160
2837 190 198
2838 63 92
2839 9 16
2840 56 85
2841 19 75
2842 42 104
2843 5 100
2844 80 171
2845 86 113
2846 19 184
2847 14 125
2848 109 193
2849 113 134
2850 122 188
2851 142 161
2852 4 194
2853 99 196
2854 47 108
2855 17 73
2856 61 128
2857 127 131
2858 3 27
2859 84 86
2860 13 110
2861 70 97
2862 74 108
2863 22 132
2864 97 197
2865 69 151
2866 26 122
2867 121 184
2868 174 178
2869 12 57
2870 36 183
2871 82 181
2872 92 126
2873 25 51
2874 183 198
2875 116 155
2876 7 20
2877 11 81
2878 148 158
2879 149 195
2880 78 91
2881 7 165
2882 11 174
2883 20 80
2884 6 103
2885 10 106
2886 67 87
2887 30 105
2888 158 162
2889 111 134
2890 24 130
2891 53 57
2892 143 187
2893 57 62
2894 9 163
2895 29 32
2896 33 37
2897 52 199
2898 53 170
2899 57 175
2900 5 55
2901 9 12
2902 156 165
2903 15 98
2904 5 88
2905 136 137
2906 66 86
2907 14 174
2908 28 30
2909 85 91
2910 14 89
2911 71 88
2912 18 100
2913 109 165
2914 146 177
2915 166 180
2916 4 23
2917 99 147
2918 41 46
2919 4 166
2920 13 176
2921 112 117
2922 64 200
2923 155 163
2924 164 179
2925 41 200
2926 64 103
2927 46 187
2928 84 106
2929 121 122
2930 70 77
2931 3 132
2932 12 78
2933 59 173
2934 26 94
2935 117 159
2936 103 156
2937 139 162
2938 182 196
2939 55 78
2940 187 190
2941 120 139
2942 49 177
2943 21 59
2944 25 184
2945 44 108
2946 11 125
2947 105 106
2948 34 182
2949 54 61
2950 172 200
2951 196 198
2952 34 41
2953 58 163
2954 24 111
2955 43 189
2956 10 14
2957 105 132
2958 162 197
2959 111 154
2960 67 192
2961 143 159
2962 80 85
2963 171 174
2964 194 197
2965 33 193
2966 124 134
2967 167 186
2968 52 74
2969 15 70
2970 18 166
2971 184 194
2972 66 186
2973 18 57
2974 47 198
2975 32 101
2976 18 72
2977 146 149
2978 4 11
2979 142 153
2980 131 136
2981 98 109
2982 64 165
2983 144 156
2984 74 85
2985 3 83
2986 64 67
2987 93 200
2988 117 194
2989 173 176
2990 177 181
2991 69 111
2992 2 56
2993 22 63
2994 16 132
2995 55 61
2996 25 122
2997 79 171
2998 68 184
2999 44 193
3000 120 167
3001 48 132
3002 1 18
3003 21 95
3004 25 148
3005 7 92
3006 101 129
3007 68 94
3008 128 155
3009 77 152
3010 10 83
3011 176 183
3012 161 197
3013 114 159
3014 81 110
3015 91 181
3016 67 188
3017 191 199
3018 52 191
3019 56 186
3020 42 117
3021 5 15
3022 80 192
3023 9 68
3024 66 111
3025 86 106
3026 132 134
3027 65 173
3028 86 197
3029 75 84
3030 8 27
3031 118 170
3032 65 94
3033 189 196
3034 14 17
3035 165 171
3036 94 195
3037 118 197
3038 47 75
3039 37 97
3040 75 178
3041 98 113
3042 27 55
3043 112 189
3044 3 62
3045 13 73
3046 107 114
3047 141 148
3048 93 187
3049 3 79
3050 69 178
3051 2 109
3052 26 103
3053 83 106
3054 12 22
3055 2 28
3056 139 157
3057 25 86
3058 31 40
3059 106 107
3060 35 45
3061 7 51
3062 120 195
3063 11 52
3064 7 64
3065 176 196
3066 24 56
3067 87 103
3068 91 96
3069 24 167
3070 6 11
3071 90 168
3072 147 163
3073 190 199
3074 63 95
3075 67 152
3076 90 91
3077 53 85
3078 57 146
3079 9 23
3080 52 147
3081 19 74
3082 38 154
3083 42 105
3084 9 96
3085 19 187
3086 28 59
3087 4 60
3088 99 118
3089 118 182
3090 28 170
3091 94 191
3092 4 195
3093 99 199
3094 27 98
3095 13 28
3096 107 193
3097 127 130
3098 37 150
3099 3 26
3100 60 89
3101 84 87
3102 13 109
3103 70 102
3104 3 171
3105 97 196
3106 23 180
3107 73 83
3108 174 179
3109 12 58
3110 49 59
3111 21 181
3112 116 117
3113 1 41
3114 183 193
3115 115 183
3116 7 23
3117 11 80
3118 148 159
3119 78 88
3120 7 164
3121 6 100
3122 10 107
3123 67 86
3124 30 110
3125 158 163
3126 125 180
3127 162 190
3128 181 194
3129 24 131
3130 53 56
3131 147 191
3132 9 162
3133 100 101
3134 33 36
3135 52 192
3136 53 169
3137 56 131
3138 57 174
3139 9 51
3140 119 184
3141 156 166
3142 160 161
3143 15 109
3144 76 77
3145 136 138
3146 66 87
3147 86 146
3148 14 175
3149 85 90
3150 51 166
3151 71 91
3152 18 101
3153 166 181
3154 4 16
3155 99 146
3156 47 146
3157 41 45
3158 4 167
3159 8 162
3160 27 78
3161 51 68
3162 179 187
3163 155 162
3164 17 197
3165 112 197
3166 40 98
3167 60 125
3168 84 107
3169 26 44
3170 12 79
3171 73 79
3172 55 171
3173 26 95
3174 126 196
3175 12 173
3176 31 83
3177 1 132
3178 55 73
3179 182 197
3180 21 58
3181 115 147
3182 44 109
3183 45 196
3184 34 183
3185 78 180
3186 6 177
3187 7 136
3188 196 199
3189 34 38
3190 54 173
3191 43 188
3192 6 64
3193 10 15
3194 158 159
3195 91 168
3196 143 158
3197 80 86
3198 124 135
3199 52 164
3200 53 141
3201 19 21
3202 167 181
3203 5 42
3204 184 195
3205 38 162
3206 76 113
3207 66 187
3208 180 183
3209 18 54
3210 189 191
3211 65 113
3212 47 193
3213 85 126
3214 14 58
3215 145 185
3216 109 136
3217 47 182
3218 142 158
3219 98 106
3220 64 166
3221 27 42
3222 144 157
3223 74 82
3224 3 82
3225 64 68
3226 74 165
3227 93 199
3228 22 77
3229 188 189
3230 117 193
3231 173 175
3232 12 115
3233 177 180
3234 69 110
3235 73 107
3236 2 57
3237 59 200
3238 22 60
3239 36 200
3240 55 60
3241 25 121
3242 79 170
3243 83 175
3244 48 133
3245 1 17
3246 21 94
3247 172 173
3248 10 80
3249 125 139
3250 77 104
3251 43 152
3252 81 109
3253 157 176
3254 91 180
3255 29 118
3256 167 200
3257 191 198
3258 52 184
3259 56 187
3260 19 49
3261 5 14
3262 66 108
3263 86 107
3264 199 200
3265 18 26
3266 75 87
3267 4 89
3268 8 28
3269 189 195
3270 65 93
3271 14 22
3272 165 170
3273 94 192
3274 17 99
3275 64 130
3276 27 54
3277 112 190
3278 3 33
3279 13 72
3280 107 117
3281 141 147
3282 3 78
3283 97 191
3284 22 105
3285 26 100
3286 46 99
3287 12 23
3288 153 159
3289 139 156
3290 35 95
3291 82 94
3292 35 44
3293 44 166
3294 7 50
3295 11 55
3296 1 125
3297 129 160
3298 96 189
3299 11 132
3300 176 197
3301 77 187
3302 24 57
3303 6 121
3304 87 102
3305 34 110
3306 125 175
3307 91 99
3308 39 195
3309 24 168
3310 43 132
3311 6 8
3312 143 161
3313 190 196
3314 63 94
3315 9 22
3316 52 156
3317 19 77
3318 38 155
3319 5 98
3320 80 173
3321 9 103
3322 66 112
3323 65 136
3324 109 191
3325 113 132
3326 4 61
3327 8 56
3328 118 183
3329 94 188
3330 99 198
3331 71 148
3332 13 27
3333 107 192
3334 108 159
3335 3 29
3336 26 166
3337 46 157
3338 88 147
3339 70 103
3340 74 106
3341 3 170
3342 73 82
3343 59 131
3344 174 176
3345 12 59
3346 82 179
3347 49 58
3348 139 184
3349 21 180
3350 25 49
3351 116 118
3352 183 192
3353 7 22
3354 48 77
3355 148 152
3356 149 193
3357 78 89
3358 11 160
3359 58 141
3360 77 95
3361 6 101
3362 67 89
3363 125 179
3364 24 132
3365 57 60
3366 20 176
3367 80 107
3368 43 113
3369 100 102
3370 57 173
3371 5 53
3372 160 162
3373 56 115
3374 76 78
3375 132 200
3376 5 70
3377 66 84
3378 66 199
3379 85 89
3380 71 90
3381 146 175
3382 38 97
3383 166 170
3384 4 17
3385 193 200
3386 47 157
3387 41 44
3388 4 160
3389 13 174
3390 41 189
3391 88 192
3392 17 196
3393 26 186
3394 46 185
3395 22 166
3396 26 45
3397 12 72
3398 69 137
3399 73 78
3400 59 175
3401 26 92
3402 12 174
3403 55 72
3404 159 190
3405 21 57
3406 44 110
3407 7 122
3408 11 127
3409 58 62
3410 34 39
3411 24 113
3412 43 191
3413 6 65
3414 10 12
3415 161 168
3416 162 195
3417 91 171
3418 138 168
3419 67 194
3420 143 153
3421 5 152
3422 80 87
3423 194 195
3424 33 199
3425 52 165
3426 124 128
3427 19 20
3428 167 180
3429 62 90
3430 9 46
3431 42 46
3432 18 55
3433 189 190
3434 62 180
3435 65 112
3436 32 103
3437 14 59
3438 109 135
3439 146 147
3440 165 181
3441 99 177
3442 142 159
3443 94 116
3444 131 138
3445 4 132
3446 95 197
3447 98 107
3448 84 170
3449 17 23
3450 60 147
3451 23 25
3452 144 158
3453 74 83
3454 40 95
3455 3 85
3456 64 69
3457 188 190
3458 117 192
3459 173 174
3460 22 61
3461 106 117
3462 48 134
3463 1 16
3464 96 146
3465 7 94
3466 195 198
3467 68 88
3468 128 157
3469 6 146
3470 172 174
3471 87 93
3472 34 75
3473 125 138
3474 77 103
3475 81 108
3476 10 32
3477 53 127
3478 76 176
3479 39 60
3480 191 193
3481 19 48
3482 5 13
3483 9 74
3484 66 109
3485 89 180
3486 18 27
3487 75 86
3488 65 92
3489 28 64
3490 14 23
3491 165 169
3492 94 193
3493 27 152
3494 71 179
3495 75 180
3496 64 131
3497 108 180
3498 112 191
3499 3 32
3500 60 183
3501 23 61
3502 141 146
3503 74 119
3504 3 177
3505 97 190
3506 69 176
3507 22 110
3508 79 107
3509 26 101
3510 83 108
3511 12 16
3512 106 183
3513 2 26
3514 153 158
3515 139 159
3516 25 84
3517 31 42
3518 25 197
3519 120 197
3520 11 54
3521 34 141
3522 92 187
3523 96 190
3524 81 174
3525 48 49
3526 77 186
3527 24 58
3528 30 112
3529 125 174
3530 91 98
3531 24 169
3532 6 9
3533 63 200
3534 143 160
3535 91 147
3536 110 173
3537 147 165
3538 9 132
3539 63 89
3540 190 197
3541 9 21
3542 53 196
3543 19 76
3544 5 97
3545 80 174
3546 100 161
3547 28 53
3548 109 190
3549 38 122
3550 113 187
3551 4 62
3552 95 127
3553 94 189
3554 95 140
3555 178 200
3556 17 78
3557 13 26
3558 108 152
3559 3 28
3560 141 182
3561 70 100
3562 74 107
3563 3 173
3564 16 32
3565 73 81
3566 174 177
3567 102 183
3568 49 57
3569 25 48
3570 116 119
3571 183 195
3572 7 17
3573 48 78
3574 11 82
3575 1 88
3576 129 131
3577 148 153
3578 78 94
3579 7 166
3580 101 199
3581 77 94
3582 6 90
3583 10 105
3584 67 88
3585 30 108
3586 158 161
3587 20 194
3588 111 131
3589 24 133
3590 20 177
3591 80 108
3592 43 112
3593 9 160
3594 100 103
3595 124 125
3596 52 194
3597 57 172
3598 156 160
3599 160 163
3600 76 79
3601 66 85
3602 14 173
3603 66 196
3604 85 88
3605 71 85
3606 166 171
3607 4 18
3608 28 136
3609 4 161
3610 108 109
3611 37 39
3612 41 188
3613 13 62
3614 17 187
3615 112 199
3616 60 127
3617 117 122
3618 12 73
3619 73 77
3620 26 93
3621 117 156
3622 92 93
3623 55 75
3624 1 11
3625 58 76
3626 105 111
3627 34 36
3628 58 174
3629 43 190
3630 63 179
3631 10 13
3632 30 72
3633 67 197
3634 143 152
3635 33 198
3636 124 129
3637 53 139
3638 19 23
3639 57 200
3640 167 183
3641 5 40
3642 33 183
3643 52 85
3644 19 132
3645 38 160
3646 42 47
3647 132 173
3648 42 190
3649 8 98
3650 28 125
3651 145 191
3652 109 134
3653 165 180
3654 51 53
3655 142 156
3656 95 196
3657 98 104
3658 64 184
3659 84 171
3660 17 22
3661 23 24
3662 144 159
3663 74 80
3664 3 84
3665 188 200
3666 2 132
3667 93 197
3668 22 67
3669 188 191
3670 12 109
3671 50 184
3672 69 108
3673 22 50
3674 103 189
3675 197 200
3676 55 62
3677 25 127
3678 79 180
3679 139 195
3680 68 187
3681 115 192
3682 44 188
3683 120 170
3684 48 135
3685 11 13
3686 1 23
3687 149 151
3688 101 142
3689 68 89
3690 128 158
3691 172 175
3692 10 94
3693 87 92
3694 125 137
3695 114 154
3696 77 102
3697 24 78
3698 81 99
3699 10 33
3700 33 113
3701 53 126
3702 39 63
3703 191 192
3704 52 186
3705 19 51
3706 42 112
3707 5 12
3708 9 73
3709 137 156
3710 66 106
3711 89 187
3712 15 167
3713 19 160
3714 85 175
3715 18 24
3716 165 199
3717 189 193
3718 65 83
3719 32 132
3720 14 20
3721 145 155
3722 165 168
3723 94 198
3724 37 110
3725 64 132
3726 178 180
3727 23 60
3728 88 185
3729 141 145
3730 108 196
3731 97 189
3732 23 173
3733 73 180
3734 74 199
3735 22 111
3736 79 106
3737 26 98
3738 83 111
3739 46 97
3740 12 17
3741 16 84
3742 126 179
3743 2 27
3744 153 157
3745 139 158
3746 103 161
3747 25 91
3748 82 92
3749 35 46
3750 44 160
3751 120 198
3752 92 180
3753 129 166
3754 96 191
3755 81 173
3756 48 50
3757 11 134
3758 176 199
3759 24 59
3760 30 113
3761 34 108
3762 125 173
3763 91 101
3764 24 170
3765 6 14
3766 143 163
3767 91 146
3768 63 88
3769 9 20
3770 80 175
3771 9 101
3772 66 78
3773 19 188
3774 109 189
3775 8 58
3776 98 161
3777 99 200
3778 51 109
3779 17 77
3780 13 25
3781 3 31
3782 23 64
3783 140 156
3784 73 80
3785 36 44
3786 153 200
3787 26 70
3788 12 53
3789 16 176
3790 49 56
3791 12 132
3792 103 197
3793 21 178
3794 59 99
3795 96 125
3796 25 55
3797 183 194
3798 21 35
3799 7 16
3800 11 85
3801 105 114
3802 1 95
3803 92 152
3804 129 130
3805 148 154
3806 101 198
3807 77 93
3808 6 91
3809 10 22
3810 67 91
3811 30 109
3812 34 112
3813 125 177
3814 20 195
3815 24 134
3816 33 72
3817 57 66
3818 39 118
3819 80 109
3820 9 167
3821 124 126
3822 52 195
3823 57 179
3824 5 51
3825 9 48
3826 119 181
3827 156 161
3828 52 114
3829 109 127
3830 56 117
3831 5 68
3832 66 82
3833 65 106
3834 51 171
3835 146 173
3836 38 103
3837 166 168
3838 4 19
3839 4 162
3840 108 110
3841 37 38
3842 127 163
3843 164 191
3844 37 183
3845 23 100
3846 117 121
3847 26 43
3848 12 74
3849 73 76
3850 22 23
3851 26 90
3852 102 193
3853 72 131
3854 92 94
3855 1 10
3856 115 148
3857 44 104
3858 45 193
3859 11 113
3860 105 110
3861 58 60
3862 78 187
3863 6 180
3864 10 187
3865 34 37
3866 20 112
3867 58 175
3868 24 115
3869 63 178
3870 30 73
3871 105 136
3872 91 173
3873 114 198
3874 67 196
3875 143 155
3876 43 95
3877 9 195
3878 124 130
3879 52 167
3880 19 22
3881 5 23
3882 33 182
3883 52 86
3884 184 198
3885 76 108
3886 42 44
3887 18 53
3888 14 57
3889 145 190
3890 18 68
3891 165 179
3892 51 52
3893 142 157
3894 95 199
3895 98 105
3896 17 21
3897 60 173
3898 23 27
3899 17 166
3900 74 81
3901 97 144
3902 23 136
3903 64 71
3904 70 173
3905 22 64
3906 121 139
3907 69 107
3908 22 51
3909 103 188
3910 55 57
3911 115 195
3912 44 189
3913 45 148
3914 120 171
3915 11 12
3916 1 22
3917 21 91
3918 149 150
3919 7 88
3920 195 200
3921 68 90
3922 128 159
3923 24 32
3924 125 136
3925 101 111
3926 91 137
3927 134 135
3928 33 112
3929 53 125
3930 76 178
3931 114 125
3932 167 197
3933 170 187
3934 191 195
3935 123 137
3936 52 187
3937 19 50
3938 42 113
3939 5 11
3940 62 116
3941 9 72
3942 66 107
3943 86 110
3944 89 186
3945 19 163
3946 85 174
3947 18 25
3948 113 157
3949 4 68
3950 8 31
3951 65 82
3952 28 66
3953 14 21
3954 145 154
3955 94 199
3956 99 175
3957 47 87
3958 71 173
3959 60 194
3960 178 181
3961 60 177
3962 141 144
3963 70 126
3964 3 179
3965 73 187
3966 22 108
3967 26 99
3968 83 110
3969 46 102
3970 12 18
3971 106 181
3972 69 79
3973 16 85
3974 2 24
3975 139 145
3976 103 160
3977 21 157
3978 82 93
3979 45 103
3980 96 193
3981 116 140
3982 7 188
3983 48 51
3984 77 184
3985 24 60
3986 10 115
3987 34 109
3988 91 100
3989 20 40
3990 114 191
3991 24 171
3992 6 15
3993 90 180
3994 143 162
3995 20 159
3996 39 77
3997 63 91
3998 9 27
3999 29 200
4000 15 21
4001 19 78
4002 136 146
4003 9 100
4004 66 79
4005 28 55
4006 18 125
4007 113 185
4008 4 56
4009 8 59
4010 32 161
4011 47 107
4012 13 24
4013 107 197
4014 108 154
4015 60 85
4016 140 157
4017 88 150
4018 70 90
4019 3 175
4020 22 153
4021 23 176
4022 73 87
4023 36 45
4024 59 132
4025 12 54
4026 16 177
4027 36 188
4028 82 174
4029 25 54
4030 7 19
4031 48 64
4032 11 84
4033 105 113
4034 148 155
4035 78 92
4036 10 132
4037 101 197
4038 77 92
4039 6 88
4040 10 23
4041 67 90
4042 158 167
4043 34 113
4044 111 141
4045 114 163
4046 24 135
4047 20 179
4048 39 113
4049 80 110
4050 9 166
4051 63 127
4052 124 127
4053 57 178
4054 5 50
4055 9 55
4056 156 162
4057 52 115
4058 5 67
4059 66 83
4060 14 179
4061 89 99
4062 71 87
4063 109 160
4064 4 28
4065 51 72
4066 17 40
4067 108 111
4068 13 60
4069 88 195
4070 107 161
4071 37 182
4072 3 122
4073 23 103
4074 26 185
4075 117 120
4076 46 188
4077 84 119
4078 26 40
4079 46 47
4080 12 75
4081 73 115
4082 26 91
4083 117 154
4084 102 198
4085 103 155
4086 126 200
4087 31 95
4088 1 152
4089 49 180
4090 159 187
4091 1 9
4092 25 131
4093 44 105
4094 11 112
4095 105 109
4096 68 103
4097 58 61
4098 78 184
4099 6 181
4100 7 132
4101 172 197
4102 20 113
4103 6 68
4104 10 11
4105 91 172
4106 111 161
4107 114 199
4108 43 193
4109 29 110
4110 67 199
4111 33 107
4112 143 154
4113 170 196
4114 43 94
4115 9 194
4116 29 31
4117 33 196
4118 124 131
4119 19 25
4120 167 177
4121 5 22
4122 9 83
4123 160 193
4124 52 87
4125 15 77
4126 184 199
4127 38 166
4128 76 109
4129 42 45
4130 132 175
4131 86 178
4132 18 50
4133 32 122
4134 14 62
4135 89 127
4136 145 189
4137 109 132
4138 165 178
4139 27 177
4140 51 55
4141 17 123
4142 71 200
4143 37 72
4144 4 135
4145 98 102
4146 27 46
4147 17 20
4148 112 150
4149 23 26
4150 144 145
4151 17 165
4152 74 94
4153 3 86
4154 97 151
4155 64 88
4156 2 130
4157 83 85
4158 69 106
4159 16 106
4160 36 101
4161 2 53
4162 97 113
4163 103 191
4164 55 56
4165 59 61
4166 25 125
4167 79 182
4168 83 179
4169 139 197
4170 68 165
4171 106 112
4172 115 194
4173 120 172
4174 11 15
4175 1 21
4176 78 101
4177 68 91
4178 128 144
4179 77 147
4180 10 92
4181 87 94
4182 125 135
4183 20 21
4184 114 152
4185 77 100
4186 6 32
4187 81 97
4188 101 110
4189 91 136
4190 20 132
4191 43 45
4192 87 188
4193 76 179
4194 114 122
4195 167 196
4196 190 191
4197 191 194
4198 123 136
4199 56 191
4200 19 53
4201 5 10
4202 80 197
4203 15 161
4204 85 173
4205 18 22
4206 165 197
4207 42 144
4208 65 81
4209 14 26
4210 89 91
4211 145 153
4212 71 172
4213 37 108
4214 60 195
4215 64 134
4216 23 62
4217 13 68
4218 88 187
4219 141 143
4220 108 198
4221 3 178
4222 23 175
4223 73 186
4224 22 109
4225 26 96
4226 117 161
4227 83 113
4228 46 103
4229 12 19
4230 69 78
4231 2 25
4232 130 194
4233 139 144
4234 106 197
4235 59 89
4236 25 89
4237 82 90
4238 116 141
4239 7 191
4240 101 160
4241 48 52
4242 11 184
4243 24 61
4244 6 125
4245 10 112
4246 91 103
4247 110 193
4248 20 41
4249 114 188
4250 24 172
4251 6 12
4252 138 156
4253 90 181
4254 147 166
4255 63 90
4256 53 80
4257 9 26
4258 29 199
4259 104 152
4260 15 20
4261 19 81
4262 66 76
4263 180 196
4264 18 122
4265 109 187
4266 38 121
4267 4 57
4268 99 125
4269 8 60
4270 122 198
4271 131 182
4272 98 191
4273 178 199
4274 13 23
4275 107 196
4276 127 137
4277 46 161
4278 84 92
4279 140 158
4280 88 151
4281 70 91
4282 3 174
4283 23 179
4284 73 86
4285 36 46
4286 26 68
4287 174 180
4288 12 55
4289 126 173
4290 36 189
4291 130 166
4292 82 175
4293 49 62
4294 103 199
4295 31 122
4296 1 179
4297 21 176
4298 25 53
4299 25 166
4300 7 18
4301 11 87
4302 105 112
4303 78 93
4304 20 94
4305 77 91
4306 24 25
4307 6 89
4308 10 20
4309 67 93
4310 24 136
4311 20 188
4312 39 112
4313 9 165
4314 53 180
4315 57 177
4316 5 49
4317 9 54
4318 119 183
4319 156 163
4320 15 104
4321 109 125
4322 19 109
4323 38 187
4324 132 180
4325 5 66
4326 80 141
4327 66 80
4328 14 176
4329 65 104
4330 85 101
4331 32 95
4332 51 173
4333 89 98
4334 71 86
4335 18 94
4336 38 101
4337 166 174
4338 47 153
4339 131 146
4340 61 77
4341 8 167
4342 155 185
4343 13 59
4344 107 160
4345 127 173
4346 3 125
4347 60 122
4348 64 125
4349 46 189
4350 84 112
4351 2 191
4352 22 186
4353 26 41
4354 12 68
4355 50 147
4356 26 88
4357 130 138
4358 12 170
4359 31 94
4360 55 68
4361 120 145
4362 49 171
4363 1 8
4364 25 130
4365 116 197
4366 11 115
4367 105 108
4368 54 55
4369 7 135
4370 11 192
4371 34 35
4372 58 173
4373 6 69
4374 111 160
4375 29 109
4376 87 155
4377 90 109
4378 76 136
4379 5 132
4380 9 193
4381 29 30
4382 19 24
4383 167 176
4384 5 21
4385 52 80
4386 76 110
4387 66 180
4388 86 179
4389 18 51
4390 4 98
4391 42 189
4392 85 121
4393 165 177
4394 27 176
4395 47 189
4396 51 54
4397 4 128
4398 95 193
4399 98 103
4400 60 175
4401 50 85
4402 13 95
4403 144 146
4404 3 89
4405 64 89
4406 2 131
4407 83 84
4408 36 102
4409 2 50
4410 22 49
4411 97 112
4412 83 197
4413 103 190
4414 55 59
4415 186 198
4416 59 60
4417 79 177
4418 82 119
4419 83 178
4420 31 50
4421 106 113
4422 11 14
4423 1 20
4424 21 89
4425 7 90
4426 128 145
4427 77 146
4428 6 150
4429 10 93
4430 87 89
4431 125 134
4432 54 130
4433 20 22
4434 77 99
4435 101 109
4436 111 196
4437 24 192
4438 43 44
4439 29 113
4440 33 118
4441 87 191
4442 167 199
4443 104 189
4444 15 51
4445 56 64
4446 19 52
4447 5 9
4448 9 78
4449 66 105
4450 86 108
4451 18 132
4452 19 165
4453 62 197
4454 32 40
4455 18 23
4456 165 196
4457 4 70
4458 118 172
4459 65 80
4460 14 27
4461 89 90
4462 145 152
4463 94 197
4464 64 135
4465 178 179
4466 23 57
4467 46 138
4468 13 67
4469 141 142
4470 17 128
4471 108 199
4472 74 115
4473 3 181
4474 23 174
4475 50 200
4476 16 56
4477 74 194
4478 22 98
4479 26 97
4480 69 77
4481 2 22
4482 139 147
4483 106 194
4484 25 88
4485 82 91
4486 45 101
4487 96 195
4488 116 142
4489 54 76
4490 92 183
4491 21 125
4492 48 53
4493 11 187
4494 24 62
4495 10 113
4496 34 107
4497 91 102
4498 110 198
4499 114 189
4500 24 173
4501 6 13
4502 110 177
4503 63 69
4504 9 25
4505 29 198
4506 15 23
4507 56 92
4508 19 80
4509 5 109
4510 100 173
4511 66 77
4512 89 148
4513 180 197
4514 65 131
4515 113 191
4516 8 61
4517 75 199
4518 178 196
4519 17 66
4520 13 22
4521 107 199
4522 108 148
4523 127 136
4524 37 144
4525 46 166
4526 84 93
4527 140 159
4528 88 152
4529 70 88
4530 73 85
4531 36 47
4532 154 190
4533 174 181
4534 12 48
4535 103 113
4536 16 179
4537 150 162
4538 49 61
4539 103 198
4540 31 101
4541 1 178
4542 96 112
4543 25 52
4544 1 35
4545 21 32
4546 152 177
4547 25 165
4548 7 13
4549 11 86
4550 30 182
4551 1 92
4552 129 135
4553 148 165
4554 10 130
4555 101 195
4556 11 167
4557 30 193
4558 20 95
4559 77 90
4560 24 26
4561 6 94
4562 10 21
4563 67 92
4564 5 175
4565 80 96
4566 171 187
4567 53 179
4568 57 176
4569 171 200
4570 9 53
4571 38 184
4572 5 65
4573 66 81
4574 14 177
4575 15 152
4576 66 192
4577 85 100
4578 14 32
4579 89 97
4580 71 81
4581 166 175
4582 99 152
4583 28 132
4584 193 195
4585 4 173
4586 61 76
4587 27 68
4588 175 196
4589 60 132
4590 155 184
4591 175 181
4592 13 58
4593 88 197
4594 164 186
4595 64 126
4596 2 188
4597 22 187
4598 26 54
4599 12 69
4600 93 110
4601 97 107
4602 26 89
4603 117 152
4604 102 196
4605 12 171
4606 31 89
4607 49 170
4608 163 190
4609 1 15
4610 58 72
4611 21 68
4612 116 198
4613 44 107
4614 30 146
4615 58 59
4616 6 171
4617 7 134
4618 10 166
4619 11 195
4620 77 126
4621 6 58
4622 81 123
4623 161 163
4624 111 163
4625 114 197
4626 43 195
4627 29 108
4628 33 105
4629 57 99
4630 9 192
4631 19 27
4632 167 179
4633 5 20
4634 52 81
4635 42 43
4636 132 169
4637 86 176
4638 65 75
4639 28 121
4640 14 60
4641 89 125
4642 109 130
4643 165 176
4644 99 180
4645 27 179
4646 51 57
4647 17 121
4648 4 129
4649 95 192
4650 61 80
4651 98 100
4652 27 32
4653 37 199
4654 50 82
4655 13 94
4656 88 161
4657 144 147
4658 74 92
4659 3 88
4660 188 196
4661 64 90
4662 69 199
4663 83 87
4664 50 180
4665 73 109
4666 36 103
4667 2 51
4668 22 54
4669 83 196
4670 103 185
4671 55 58
4672 186 199
4673 25 67
4674 182 187
4675 116 171
4676 44 184
4677 48 187
4678 115 117
4679 78 107
4680 7 85
4681 68 69
4682 128 146
4683 10 90
4684 87 88
4685 125 133
4686 20 23
4687 77 98
4688 81 103
4689 101 108
4690 43 47
4691 29 112
4692 67 165
4693 53 122
4694 76 173
4695 114 120
4696 104 190
4697 123 138
4698 19 55
4699 5 8
4700 80 199
4701 9 77
4702 66 102
4703 86 109
4704 89 191
4705 52 53
4706 32 41
4707 18 20
4708 75 77
4709 65 87
4710 14 24
4711 145 159
4712 95 151
4713 17 101
4714 71 174
4715 75 171
4716 64 152
4717 60 76
4718 23 56
4719 46 139
4720 93 180
4721 3 180
4722 23 169
4723 16 57
4724 73 184
4725 2 100
4726 3 197
4727 22 99
4728 26 110
4729 117 175
4730 46 101
4731 12 13
4732 69 76
4733 16 72
4734 36 155
4735 2 23
4736 130 192
4737 139 146
4738 106 195
4739 82 88
4740 48 200
4741 96 196
4742 1 119
4743 92 176
4744 81 161
4745 7 185
4746 48 54
4747 20 68
4748 6 115
4749 67 99
4750 34 104
4751 110 199
4752 114 186
4753 24 174
4754 90 179
4755 110 182
4756 147 168
4757 39 78
4758 63 68
4759 53 94
4760 9 24
4761 15 22
4762 19 83
4763 38 157
4764 5 108
4765 66 74
4766 86 137
4767 65 130
4768 28 50
4769 109 185
4770 113 190
4771 4 59
4772 8 62
4773 99 127
4774 98 189
4775 13 132
4776 178 197
4777 13 21
4778 107 198
4779 108 149
4780 60 80
4781 23 92
4782 26 160
4783 46 167
4784 84 94
4785 140 152
4786 70 89
4787 22 156
4788 73 84
4789 36 40
4790 2 72
4791 26 66
4792 154 191
4793 103 112
4794 16 180
4795 150 163
4796 82 173
4797 49 60
4798 103 193
4799 16 195
4800 1 177
4801 96 113
4802 59 103
4803 25 59
4804 45 72
4805 49 141
4806 115 188
4807 25 164
4808 7 12
4809 11 73
4810 30 183
4811 72 73
4812 129 134
4813 77 200
4814 11 166
4815 30 198
4816 77 89
4817 24 27
4818 10 18
4819 157 193
4820 24 138
4821 5 174
4822 9 171
4823 100 108
4824 53 178
4825 57 183
4826 5 63
4827 9 52
4828 52 126
4829 15 106
4830 38 185
4831 5 64
4832 66 174
4833 89 96
4834 71 80
4835 18 92
4836 166 172
4837 99 155
4838 118 149
4839 193 194
4840 47 155
4841 4 174
4842 175 180
4843 13 57
4844 107 162
4845 23 96
4846 26 132
4847 64 127
4848 50 62
4849 140 188
4850 144 199
4851 26 55
4852 93 109
4853 97 106
4854 102 197
4855 130 136
4856 31 88
4857 120 147
4858 1 14
4859 96 140
4860 148 186
4861 30 34
4862 185 187
4863 58 171
4864 6 59
4865 10 54
4866 105 140
4867 161 162
4868 91 161
4869 111 162
4870 39 129
4871 29 107
4872 33 104
4873 90 107
4874 5 130
4875 9 199
4876 52 163
4877 19 26
4878 167 178
4879 5 19
4880 9 80
4881 66 178
4882 86 177
4883 169 171
4884 65 74
4885 32 125
4886 14 61
4887 18 64
4888 109 129
4889 166 200
4890 99 183
4891 27 178
4892 51 56
4893 37 117
4894 4 130
4895 95 195
4896 98 101
4897 27 35
4898 198 200
4899 37 198
4900 61 192
4901 50 83
4902 144 148
4903 74 93
4904 93 175
4905 3 91
4906 188 197
4907 64 91
4908 140 160
4909 168 169
4910 22 68
4911 83 86
4912 69 87
4913 16 109
4914 73 108
4915 36 96
4916 55 132
4917 2 48
4918 93 113
4919 22 55
4920 83 199
4921 186 196
4922 59 62
4923 79 179
4924 83 180
4925 102 112
4926 49 68
4927 106 127
4928 182 184
4929 92 173
4930 115 116
4931 44 72
4932 30 143
4933 68 70
4934 6 148
4935 10 91
4936 87 91
4937 125 132
4938 54 128
4939 43 145
4940 81 102
4941 101 107
4942 110 155
4943 24 194
4944 43 46
4945 67 164
4946 53 121
4947 114 121
4948 167 193
4949 104 191
4950 15 61
4951 19 54
4952 80 184
4953 9 76
4954 119 121
4955 66 103
4956 86 98
4957 52 54
4958 15 162
4959 18 130
4960 38 193
4961 65 165
4962 85 170
4963 32 42
4964 14 110
4965 18 21
4966 75 76
4967 113 145
4968 65 86
4969 28 94
4970 14 25
4971 145 158
4972 88 96
4973 17 100
4974 71 169
4975 75 170
4976 23 59
4977 108 193
4978 74 113
4979 93 179
4980 69 186
4981 16 58
4982 73 191
4983 74 192
4984 2 101
4985 22 96
4986 12 14
4987 69 75
4988 16 73
4989 126 180
4990 2 20
4991 139 149
4992 106 192
4993 25 94
4994 82 89
4995 45 99
4996 96 197
4997 116 136
4998 129 185
4999 48 55
5000 77 180
5001 6 112
5002 30 122
5003 87 127
5004 34 105
5005 125 168
5006 110 196
5007 111 117
5008 24 175
5009 63 71
5010 9 31
5011 29 196
5012 33 129
5013 56 94
5014 38 146
5015 80 164
5016 66 75
5017 19 195
5018 28 51
5019 113 189
5020 95 101
5021 13 131
5022 178 194
5023 131 200
5024 13 20
5025 107 185
5026 127 138
5027 37 158
5028 23 95
5029 84 95
5030 140 153
5031 13 101
5032 70 94
5033 93 151
5034 73 91
5035 36 41
5036 2 73
5037 79 85
5038 117 130
5039 154 188
5040 12 50
5041 16 181
5042 36 184
5043 150 160
5044 82 170
5045 49 51
5046 16 196
5047 1 176
5048 92 119
5049 25 58
5050 21 46
5051 25 171
5052 44 129
5053 7 15
5054 48 68
5055 11 72
5056 72 74
5057 1 82
5058 129 133
5059 148 167
5060 77 199
5061 101 193
5062 30 199
5063 20 89
5064 77 88
5065 24 28
5066 6 92
5067 10 19
5068 67 94
5069 20 191
5070 39 109
5071 43 118
5072 100 109
5073 5 62
5074 9 59
5075 15 117
5076 18 187
5077 113 127
5078 42 53
5079 86 170
5080 65 109
5081 51 174
5082 89 103
5083 71 83
5084 166 173
5085 4 24
5086 99 154
5087 32 193
5088 4 175
5089 13 167
5090 51 76
5091 41 166
5092 13 56
5093 23 99
5094 140 189
5095 70 186
5096 2 186
5097 22 185
5098 93 108
5099 22 40
5100 97 105
5101 130 137
5102 25 101
5103 12 165
5104 72 136
5105 55 65
5106 49 168
5107 1 13
5108 44 101
5109 30 144
5110 68 99
5111 11 197
5112 20 125
5113 58 168
5114 185 186
5115 6 56
5116 10 55
5117 111 173
5118 43 197
5119 87 148
5120 110 111
5121 5 129
5122 167 173
5123 5 18
5124 9 87
5125 89 161
5126 52 83
5127 15 73
5128 76 105
5129 66 179
5130 180 191
5131 18 46
5132 169 170
5133 42 184
5134 8 104
5135 65 73
5136 95 189
5137 99 182
5138 27 181
5139 51 59
5140 17 127
5141 71 196
5142 4 131
5143 61 110
5144 50 80
5145 107 129
5146 144 149
5147 74 90
5148 93 174
5149 3 90
5150 188 198
5151 64 92
5152 140 161
5153 74 173
5154 168 170
5155 83 89
5156 69 86
5157 16 110
5158 36 97
5159 93 112
5160 22 52
5161 103 187
5162 21 132
5163 186 197
5164 102 113
5165 182 185
5166 115 119
5167 81 187
5168 7 87
5169 101 136
5170 68 71
5171 10 88
5172 30 31
5173 87 90
5174 125 131
5175 54 129
5176 114 148
5177 43 144
5178 81 101
5179 101 106
5180 24 195
5181 67 167
5182 87 184
5183 114 118
5184 167 192
5185 104 160
5186 56 67
5187 19 57
5188 9 115
5189 119 120
5190 66 100
5191 29 144
5192 123 125
5193 86 99
5194 52 55
5195 38 198
5196 65 164
5197 28 40
5198 85 169
5199 32 43
5200 75 79
5201 65 85
5202 32 154
5203 89 95
5204 145 157
5205 94 200
5206 88 97
5207 71 168
5208 75 173
5209 60 78
5210 23 58
5211 88 191
5212 107 109
5213 93 178
5214 97 183
5215 60 61
5216 69 185
5217 16 59
5218 70 130
5219 22 97
5220 26 108
5221 121 170
5222 12 15
5223 177 200
5224 69 74
5225 2 21
5226 139 148
5227 92 108
5228 21 152
5229 25 93
5230 82 86
5231 68 133
5232 96 198
5233 1 117
5234 92 178
5235 21 122
5236 44 45
5237 7 187
5238 11 188
5239 77 179
5240 6 113
5241 7 200
5242 67 101
5243 34 102
5244 110 197
5245 20 53
5246 111 116
5247 24 176
5248 138 152
5249 90 177
5250 39 72
5251 63 70
5252 9 30
5253 119 175
5254 52 100
5255 15 16
5256 19 85
5257 5 106
5258 80 165
5259 66 72
5260 15 129
5261 109 183
5262 113 188
5263 95 100
5264 122 194
5265 32 166
5266 4 180
5267 27 125
5268 13 130
5269 88 125
5270 13 19
5271 108 151
5272 3 5
5273 23 94
5274 26 174
5275 84 88
5276 140 154
5277 13 100
5278 70 95
5279 12 92
5280 73 90
5281 36 42
5282 79 84
5283 26 64
5284 154 189
5285 12 51
5286 103 114
5287 36 185
5288 150 161
5289 82 171
5290 49 50
5291 12 130
5292 103 195
5293 16 197
5294 59 121
5295 25 57
5296 120 121
5297 7 14
5298 11 75
5299 72 75
5300 129 132
5301 148 160
5302 30 196
5303 77 87
5304 63 132
5305 10 16
5306 111 136
5307 57 68
5308 20 184
5309 39 108
5310 5 172
5311 43 105
5312 80 99
5313 100 110
5314 104 105
5315 53 176
5316 5 61
5317 9 58
5318 80 129
5319 86 171
5320 14 180
5321 65 108
5322 51 177
5323 89 102
5324 71 82
5325 146 167
5326 4 25
5327 99 157
5328 27 168
5329 4 168
5330 27 89
5331 13 166
5332 88 89
5333 88 200
5334 164 165
5335 3 97
5336 97 142
5337 23 98
5338 26 130
5339 64 113
5340 46 193
5341 50 60
5342 140 190
5343 2 187
5344 26 53
5345 69 113
5346 36 78
5347 59 167
5348 22 41
5349 97 104
5350 130 134
5351 49 94
5352 12 166
5353 55 64
5354 187 200
5355 120 149
5356 49 175
5357 1 12
5358 116 193
5359 44 102
5360 68 108
5361 128 137
5362 6 174
5363 7 131
5364 11 196
5365 30 32
5366 196 200
5367 24 121
5368 43 183
5369 6 57
5370 10 52
5371 157 163
5372 43 196
5373 29 105
5374 33 110
5375 53 99
5376 76 132
5377 9 197
5378 52 173
5379 19 28
5380 167 172
5381 5 17
5382 9 86
5383 15 72
5384 19 141
5385 66 176
5386 38 42
5387 65 72
5388 47 200
5389 122 139
5390 51 141
5391 95 188
5392 99 185
5393 27 180
5394 47 185
5395 51 58
5396 71 199
5397 98 99
5398 84 178
5399 37 196
5400 40 184
5401 41 129
5402 13 91
5403 144 150
5404 74 91
5405 93 173
5406 3 93
5407 188 199
5408 64 93
5409 140 162
5410 74 170
5411 168 171
5412 22 90
5413 83 88
5414 12 100
5415 69 85
5416 2 14
5417 59 195
5418 22 53
5419 21 131
5420 186 194
5421 182 190
5422 1 104
5423 21 101
5424 115 118
5425 78 110
5426 7 86
5427 101 183
5428 128 149
5429 10 89
5430 125 130
5431 54 134
5432 114 149
5433 24 85
5434 43 147
5435 81 100
5436 101 105
5437 10 40
5438 24 196
5439 87 187
5440 39 52
5441 114 119
5442 104 161
5443 19 56
5444 5 117
5445 9 114
5446 66 101
5447 85 199
5448 123 124
5449 86 96
5450 38 199
5451 132 136
5452 65 187
5453 32 44
5454 18 19
5455 75 78
5456 42 157
5457 65 84
5458 32 155
5459 89 94
5460 145 156
5461 88 98
5462 71 171
5463 112 183
5464 40 148
5465 3 40
5466 23 53
5467 46 142
5468 13 127
5469 107 108
5470 70 112
5471 17 132
5472 74 127
5473 93 177
5474 60 62
5475 16 60
5476 26 109
5477 106 191
5478 69 73
5479 2 18
5480 150 154
5481 139 151
5482 31 141
5483 96 104
5484 25 92
5485 82 87
5486 45 97
5487 68 134
5488 96 199
5489 115 165
5490 7 37
5491 11 46
5492 72 80
5493 92 179
5494 21 121
5495 152 200
5496 44 46
5497 7 186
5498 11 191
5499 77 178
5500 10 125
5501 105 185
5502 34 103
5503 125 166
5504 20 54
5505 24 177
5506 147 173
5507 39 75
5508 63 65
5509 15 19
5510 38 144
5511 42 95
5512 80 166
5513 9 110
5514 66 73
5515 19 197
5516 65 135
5517 95 103
5518 47 128
5519 122 195
5520 94 165
5521 4 181
5522 27 124
5523 47 113
5524 13 18
5525 3 4
5526 23 89
5527 26 175
5528 84 89
5529 140 155
5530 70 92
5531 12 93
5532 16 24
5533 73 89
5534 36 43
5535 79 87
5536 26 65
5537 12 44
5538 103 109
5539 35 98
5540 92 113
5541 120 122
5542 152 181
5543 7 9
5544 11 74
5545 148 161
5546 78 166
5547 6 195
5548 20 91
5549 77 86
5550 6 82
5551 63 135
5552 10 17
5553 158 169
5554 111 139
5555 39 111
5556 80 100
5557 43 104
5558 100 111
5559 63 101
5560 104 106
5561 53 191
5562 57 180
5563 5 60
5564 9 57
5565 29 166
5566 38 188
5567 113 125
5568 132 177
5569 5 77
5570 66 173
5571 86 168
5572 14 181
5573 89 101
5574 71 77
5575 4 26
5576 99 156
5577 27 171
5578 193 199
5579 4 169
5580 27 88
5581 88 90
5582 37 47
5583 175 177
5584 13 54
5585 17 179
5586 164 166
5587 46 198
5588 50 61
5589 168 176
5590 22 191
5591 26 50
5592 93 106
5593 97 111
5594 154 158
5595 130 135
5596 120 150
5597 11 25
5598 49 174
5599 159 161
5600 1 3
5601 92 196
5602 21 64
5603 44 103
5604 7 109
5605 101 146
5606 68 109
5607 128 138
5608 58 199
5609 78 130
5610 7 130
5611 172 195
5612 11 199
5613 30 33
5614 24 122
5615 43 182
5616 81 127
5617 63 187
5618 10 53
5619 157 162
5620 110 130
5621 111 175
5622 114 193
5623 43 199
5624 33 109
5625 53 147
5626 19 31
5627 167 175
5628 5 16
5629 9 85
5630 160 199
5631 52 93
5632 86 180
5633 180 185
5634 184 188
5635 38 43
5636 8 106
5637 65 79
5638 32 112
5639 95 191
5640 47 184
5641 51 61
5642 17 125
5643 94 125
5644 50 78
5645 144 151
5646 74 88
5647 40 72
5648 3 92
5649 188 192
5650 64 94
5651 140 163
5652 74 171
5653 168 172
5654 22 91
5655 83 91
5656 69 84
5657 36 99
5658 2 15
5659 59 194
5660 21 130
5661 186 195
5662 72 166
5663 182 191
5664 116 183
5665 21 100
5666 115 121
5667 78 111
5668 149 159
5669 11 146
5670 128 150
5671 10 70
5672 54 135
5673 6 26
5674 81 91
5675 101 104
5676 20 130
5677 39 166
5678 24 197
5679 67 169
5680 87 186
5681 114 116
5682 167 194
5683 191 200
5684 80 187
5685 9 113
5686 119 122
5687 66 98
5688 123 127
5689 86 97
5690 38 196
5691 132 137
5692 32 45
5693 14 109
5694 28 89
5695 32 156
5696 14 28
5697 89 93
5698 145 147
5699 151 157
5700 88 99
5701 71 170
5702 75 175
5703 64 156
5704 108 173
5705 127 147
5706 60 72
5707 107 111
5708 70 113
5709 93 176
5710 73 188
5711 22 103
5712 26 106
5713 154 167
5714 69 72
5715 16 76
5716 126 187
5717 2 19
5718 150 155
5719 139 150
5720 96 105
5721 59 95
5722 82 84
5723 68 135
5724 21 23
5725 115 164
5726 116 139
5727 48 91
5728 72 81
5729 81 165
5730 44 47
5731 20 64
5732 77 177
5733 10 122
5734 67 103
5735 91 125
5736 20 55
5737 24 178
5738 20 166
5739 9 179
5740 63 64
5741 9 28
5742 29 193
5743 52 102
5744 15 18
5745 19 87
5746 76 92
5747 5 104
5748 9 109
5749 66 70
5750 65 134
5751 71 104
5752 75 109
5753 95 102
5754 32 184
5755 94 170
5756 151 161
5757 8 177
5758 88 127
5759 13 17
5760 108 145
5761 3 7
5762 84 90
5763 140 148
5764 13 98
5765 141 173
5766 70 93
5767 12 94
5768 16 25
5769 73 88
5770 2 68
5771 79 86
5772 26 78
5773 154 187
5774 12 45
5775 103 108
5776 16 168
5777 35 148
5778 36 187
5779 79 199
5780 1 181
5781 25 63
5782 116 120
5783 7 8
5784 48 71
5785 11 77
5786 34 166
5787 72 77
5788 148 162
5789 77 196
5790 20 100
5791 77 85
5792 39 110
5793 5 170
5794 43 107
5795 80 101
5796 100 104
5797 63 100
5798 104 107
5799 5 59
5800 9 56
5801 19 115
5802 38 189
5803 80 131
5804 133 135
5805 66 170
5806 169 179
5807 65 98
5808 51 179
5809 89 100
5810 71 76
5811 18 88
5812 4 27
5813 99 159
5814 193 198
5815 84 152
5816 88 91
5817 37 46
5818 175 176
5819 13 53
5820 107 166
5821 17 178
5822 164 167
5823 46 199
5824 50 58
5825 2 185
5826 168 177
5827 26 51
5828 12 66
5829 50 141
5830 69 127
5831 93 105
5832 59 185
5833 97 110
5834 154 159
5835 130 132
5836 12 160
5837 31 68
5838 55 66
5839 25 27
5840 120 151
5841 11 24
5842 49 173
5843 159 160
5844 1 2
5845 58 85
5846 115 156
5847 25 132
5848 44 96
5849 7 108
5850 116 195
5851 30 151
5852 68 110
5853 128 139
5854 30 38
5855 185 191
5856 24 123
5857 6 63
5858 10 50
5859 157 161
5860 91 165
5861 39 189
5862 43 198
5863 29 103
5864 33 108
5865 76 134
5866 53 146
5867 19 30
5868 167 174
5869 5 31
5870 9 84
5871 86 90
5872 89 166
5873 52 94
5874 76 100
5875 132 150
5876 85 146
5877 86 181
5878 14 150
5879 184 189
5880 38 40
5881 169 175
5882 8 107
5883 65 78
5884 32 113
5885 165 187
5886 95 190
5887 51 60
5888 41 118
5889 64 177
5890 50 79
5891 13 89
5892 107 130
5893 74 89
5894 93 171
5895 188 193
5896 64 95
5897 22 88
5898 83 90
5899 121 147
5900 50 177
5901 69 83
5902 16 97
5903 36 108
5904 55 128
5905 2 12
5906 186 192
5907 79 191
5908 83 184
5909 72 167
5910 182 188
5911 116 176
5912 48 176
5913 115 120
5914 149 158
5915 81 184
5916 7 80
5917 128 151
5918 125 128
5919 54 132
5920 20 28
5921 114 147
5922 24 87
5923 6 27
5924 81 90
5925 91 129
5926 20 131
5927 114 117
5928 123 129
5929 56 70
5930 19 58
5931 9 112
5932 66 99
5933 123 126
5934 86 102
5935 89 130
5936 19 171
5937 132 138
5938 66 146
5939 32 46
5940 4 76
5941 118 166
5942 28 90
5943 32 157
5944 89 92
5945 145 146
5946 151 156
5947 88 100
5948 71 165
5949 75 174
5950 127 146
5951 112 169
5952 40 150
5953 23 55
5954 13 125
5955 88 130
5956 107 110
5957 3 187
5958 69 166
5959 16 62
5960 22 100
5961 26 107
5962 121 175
5963 106 189
5964 2 16
5965 150 152
5966 102 129
5967 1 168
5968 92 111
5969 96 106
5970 82 85
5971 68 128
5972 21 22
5973 115 167
5974 116 148
5975 11 32
5976 72 82
5977 81 164
5978 7 180
5979 11 177
5980 77 176
5981 67 102
5982 105 191
5983 87 123
5984 34 101
5985 91 124
5986 110 200
5987 20 48
5988 111 113
5989 24 179
5990 6 7
5991 110 187
5992 5 181
5993 9 178
5994 63 67
5995 29 47
5996 67 132
5997 104 112
5998 119 168
5999 52 103
6000 76 93
6001 66 71
6002 86 130
6003 15 130
6004 180 195
6005 109 180
6006 146 190
6007 75 108
6008 38 112
6009 113 177
6010 4 32
6011 95 97
6012 8 35
6013 122 193
6014 94 171
6015 151 160
6016 13 191
6017 17 68
6018 71 137
6019 13 16
6020 107 189
6021 108 146
6022 3 6
6023 60 109
6024 26 173
6025 84 91
6026 140 149
6027 70 82
6028 12 95
6029 16 26
6030 2 69
6031 59 156
6032 79 81
6033 26 79
6034 12 46
6035 103 111
6036 102 173
6037 49 55
6038 1 180
6039 92 115
6040 59 122
6041 25 62
6042 116 121
6043 21 42
6044 25 175
6045 7 11
6046 11 76
6047 72 78
6048 148 163
6049 20 101
6050 77 84
6051 24 96
6052 6 80
6053 10 31
6054 158 175
6055 111 149
6056 20 187
6057 39 105
6058 171 177
6059 9 174
6060 63 103
6061 100 105
6062 104 108
6063 5 58
6064 9 63
6065 160 189
6066 132 179
6067 80 132
6068 133 134
6069 66 171
6070 86 174
6071 14 187
6072 169 178
6073 65 97
6074 89 107
6075 71 79
6076 18 89
6077 109 152
6078 146 162
6079 27 173
6080 193 197
6081 47 166
6082 32 197
6083 4 171
6084 61 70
6085 8 174
6086 175 194
6087 88 92
6088 17 32
6089 127 197
6090 37 45
6091 155 190
6092 175 179
6093 17 177
6094 22 194
6095 60 113
6096 23 127
6097 50 59
6098 140 185
6099 168 178
6100 26 48
6101 12 67
6102 59 184
6103 22 44
6104 97 109
6105 154 156
6106 130 133
6107 49 83
6108 25 26
6109 120 152
6110 11 27
6111 49 172
6112 159 163
6113 96 129
6114 44 97
6115 101 144
6116 30 148
6117 68 111
6118 128 140
6119 6 173
6120 30 39
6121 185 190
6122 58 180
6123 24 124
6124 6 60
6125 63 165
6126 10 51
6127 157 160
6128 91 164
6129 39 188
6130 29 102
6131 76 135
6132 167 169
6133 5 30
6134 136 195
6135 9 91
6136 156 158
6137 86 91
6138 89 165
6139 15 85
6140 76 101
6141 132 151
6142 180 187
6143 38 41
6144 169 174
6145 65 77
6146 95 185
6147 17 115
6148 71 192
6149 37 193
6150 3 49
6151 60 166
6152 50 76
6153 13 88
6154 17 157
6155 164 196
6156 93 170
6157 3 94
6158 23 131
6159 188 194
6160 64 80
6161 168 174
6162 22 89
6163 83 93
6164 12 103
6165 69 82
6166 36 109
6167 55 131
6168 2 13
6169 59 196
6170 186 193
6171 45 122
6172 83 187
6173 68 173
6174 126 127
6175 182 189
6176 44 182
6177 1 109
6178 92 170
6179 21 98
6180 96 173
6181 149 157
6182 7 83
6183 129 193
6184 10 68
6185 54 133
6186 114 144
6187 6 24
6188 81 89
6189 87 199
6190 67 171
6191 87 180
6192 143 198
6193 123 128
6194 15 56
6195 19 61
6196 42 102
6197 137 138
6198 66 96
6199 85 196
6200 86 103
6201 32 47
6202 4 77
6203 151 159
6204 88 101
6205 71 164
6206 108 175
6207 3 45
6208 88 131
6209 70 119
6210 3 186
6211 69 165
6212 22 101
6213 26 104
6214 117 169
6215 36 129
6216 2 17
6217 150 153
6218 1 175
6219 96 107
6220 115 166
6221 116 149
6222 72 83
6223 54 71
6224 81 155
6225 11 176
6226 7 196
6227 105 190
6228 125 163
6229 91 127
6230 20 49
6231 111 112
6232 24 180
6233 53 55
6234 20 160
6235 5 180
6236 9 177
6237 63 66
6238 29 46
6239 104 113
6240 33 43
6241 100 197
6242 15 28
6243 19 89
6244 76 94
6245 5 86
6246 66 68
6247 65 132
6248 18 114
6249 146 191
6250 38 113
6251 95 96
6252 99 101
6253 94 168
6254 4 176
6255 151 163
6256 71 136
6257 13 15
6258 108 147
6259 3 9
6260 60 110
6261 26 170
6262 64 105
6263 84 100
6264 140 150
6265 70 83
6266 93 146
6267 12 88
6268 16 27
6269 73 94
6270 79 80
6271 26 76
6272 117 141
6273 154 185
6274 103 110
6275 49 54
6276 59 125
6277 116 122
6278 21 41
6279 25 174
6280 7 10
6281 11 79
6282 30 185
6283 72 79
6284 129 152
6285 78 165
6286 30 200
6287 77 83
6288 6 81
6289 10 28
6290 67 69
6291 57 72
6292 76 156
6293 39 104
6294 80 103
6295 43 109
6296 171 176
6297 9 173
6298 63 102
6299 100 106
6300 29 50
6301 104 109
6302 5 57
6303 9 62
6304 160 190
6305 33 160
6306 18 180
6307 113 114
6308 86 175
6309 113 195
6310 169 177
6311 42 193
6312 85 109
6313 89 106
6314 71 78
6315 146 163
6316 4 5
6317 169 194
6318 99 129
6319 28 131
6320 47 161
6321 193 196
6322 142 143
6323 94 132
6324 8 175
6325 88 93
6326 51 83
6327 37 44
6328 60 131
6329 175 178
6330 13 51
6331 107 152
6332 17 176
6333 37 189
6334 3 101
6335 22 195
6336 97 130
6337 46 197
6338 50 56
6339 168 179
6340 26 49
6341 177 187
6342 93 103
6343 59 187
6344 22 45
6345 97 108
6346 154 157
6347 103 146
6348 79 165
6349 55 92
6350 45 166
6351 11 26
6352 159 162
6353 58 83
6354 34 200
6355 72 107
6356 128 141
6357 30 36
6358 20 122
6359 185 189
6360 77 119
6361 24 125
6362 6 61
6363 63 164
6364 10 48
6365 101 113
6366 39 191
6367 29 101
6368 110 112
6369 52 169
6370 19 32
6371 167 168
6372 156 159
6373 86 88
6374 76 102
6375 15 197
6376 38 46
6377 4 106
6378 169 173
6379 8 109
6380 65 76
6381 99 189
6382 51 62
6383 75 132
6384 64 179
6385 27 57
6386 118 122
6387 3 48
6388 155 157
6389 50 77
6390 13 87
6391 17 156
6392 164 197
6393 3 65
6394 188 195
6395 64 81
6396 69 192
6397 168 175
6398 22 94
6399 83 92
6400 69 81
6401 126 130
6402 36 110
6403 2 10
6404 59 199
6405 25 68
6406 79 185
6407 82 111
6408 83 186
6409 102 106
6410 68 174
6411 72 169
6412 44 183
6413 120 181
6414 115 122
6415 149 156
6416 68 76
6417 10 69
6418 105 193
6419 34 95
6420 114 145
6421 6 25
6422 81 88
6423 90 166
6424 91 131
6425 147 149
6426 24 200
6427 9 148
6428 67 170
6429 53 67
6430 114 115
6431 123 131
6432 56 72
6433 19 60
6434 42 103
6435 100 177
6436 66 97
6437 86 100
6438 52 60
6439 15 168
6440 19 173
6441 28 37
6442 85 180
6443 113 139
6444 4 78
6445 8 9
6446 151 158
6447 8 152
6448 47 89
6449 88 102
6450 17 94
6451 71 167
6452 75 160
6453 61 141
6454 127 156
6455 3 44
6456 88 132
6457 69 164
6458 2 127
6459 22 122
6460 26 105
6461 117 168
6462 154 162
6463 177 195
6464 150 158
6465 82 192
6466 1 174
6467 96 108
6468 59 80
6469 25 32
6470 82 83
6471 68 130
6472 72 197
6473 116 150
6474 34 129
6475 72 84
6476 7 182
6477 11 179
6478 77 174
6479 10 121
6480 105 189
6481 34 99
6482 91 126
6483 53 54
6484 110 185
6485 147 177
6486 5 179
6487 9 176
6488 63 77
6489 29 45
6490 33 42
6491 53 167
6492 57 156
6493 76 200
6494 100 198
6495 104 129
6496 53 200
6497 19 88
6498 76 95
6499 66 69
6500 86 128
6501 14 76
6502 71 101
6503 18 115
6504 146 188
6505 113 183
6506 166 187
6507 95 99
6508 98 197
6509 8 37
6510 99 100
6511 47 140
6512 32 187
6513 151 162
6514 17 58
6515 13 14
6516 107 191
6517 3 8
6518 23 85
6519 26 171
6520 64 106
6521 140 151
6522 70 80
6523 12 89
6524 16 28
6525 73 93
6526 36 87
6527 2 67
6528 59 158
6529 79 83
6530 26 77
6531 12 40
6532 103 105
6533 36 166
6534 79 192
6535 82 164
6536 49 53
6537 31 109
6538 25 60
6539 25 173
6540 11 78
6541 105 127
6542 72 112
6543 128 162
6544 148 173
6545 78 170
6546 20 103
6547 77 82
6548 6 86
6549 63 131
6550 67 68
6551 111 151
6552 39 107
6553 80 88
6554 43 108
6555 171 179
6556 100 107
6557 63 97
6558 104 110
6559 53 187
6560 5 56
6561 9 61
6562 156 180
6563 52 69
6564 18 181
6565 5 73
6566 136 184
6567 66 169
6568 4 119
6569 169 176
6570 65 103
6571 28 109
6572 32 104
6573 51 180
6574 14 40
6575 71 73
6576 109 150
6577 146 160
6578 166 167
6579 4 6
6580 99 128
6581 27 175
6582 47 160
6583 32 199
6584 88 94
6585 37 43
6586 40 193
6587 37 188
6588 3 100
6589 23 121
6590 50 57
6591 140 187
6592 2 180
6593 168 180
6594 22 179
6595 26 62
6596 173 189
6597 12 125
6598 93 102
6599 59 186
6600 97 99
6601 35 181
6602 130 131
6603 79 164
6604 120 154
6605 1 7
6606 92 192
6607 58 80
6608 96 131
6609 44 99
6610 72 108
6611 128 142
6612 10 174
6613 30 37
6614 185 188
6615 58 178
6616 6 50
6617 10 49
6618 101 112
6619 157 190
6620 91 166
6621 39 190
6622 67 177
6623 33 97
6624 110 113
6625 56 173
6626 19 35
6627 167 171
6628 5 28
6629 9 89
6630 86 89
6631 52 89
6632 76 103
6633 132 145
6634 18 40
6635 75 89
6636 38 47
6637 4 107
6638 169 172
6639 65 67
6640 95 187
6641 99 188
6642 118 200
6643 64 180
6644 27 56
6645 3 51
6646 155 156
6647 93 168
6648 3 64
6649 64 82
6650 70 152
6651 73 132
6652 83 95
6653 12 97
6654 69 80
6655 16 100
6656 126 131
6657 2 11
6658 103 177
6659 31 148
6660 21 142
6661 25 75
6662 82 108
6663 102 107
6664 68 175
6665 31 37
6666 72 170
6667 7 60
6668 11 57
6669 149 155
6670 7 77
6671 11 150
6672 68 77
6673 20 31
6674 6 30
6675 81 95
6676 91 130
6677 147 148
6678 29 72
6679 67 173
6680 53 66
6681 76 165
6682 170 174
6683 119 193
6684 123 130
6685 15 58
6686 66 126
6687 86 101
6688 89 135
6689 52 61
6690 85 179
6691 8 10
6692 28 85
6693 32 144
6694 145 151
6695 94 178
6696 151 153
6697 28 196
6698 88 103
6699 40 153
6700 23 48
6701 13 122
6702 22 136
6703 16 49
6704 70 132
6705 117 183
6706 154 163
6707 46 109
6708 16 64
6709 150 159
6710 12 148
6711 92 106
6712 21 162
6713 59 83
6714 96 109
6715 68 131
6716 115 168
6717 116 151
6718 44 148
6719 72 85
6720 128 199
6721 78 79
6722 7 177
6723 11 178
6724 20 76
6725 77 173
6726 6 107
6727 67 107
6728 34 96
6729 91 113
6730 20 51
6731 111 114
