1 147 176
2 39 70
3 100 112
4 29 44
5 104 115
6 33 41
7 104 130
8 76 88
9 80 155
10 137 164
11 65 154
12 85 87
13 118 129
14 28 185
15 94 174
16 131 160
17 61 63
18 84 128
19 108 126
20 112 121
21 108 141
22 3 11
23 140 144
24 141 169
25 69 135
26 73 92
27 59 145
28 79 82
29 117 139
30 103 104
31 35 152
32 36 167
33 45 47
34 49 52
35 182 200
36 45 64
37 120 127
38 115 132
39 25 172
40 48 123
41 105 126
42 34 162
43 128 163
44 129 158
45 6 196
46 20 96
47 58 159
48 77 81
49 30 89
50 91 93
51 39 149
52 24 146
53 134 171
54 57 78
55 80 89
56 104 111
57 57 191
58 29 161
59 52 70
60 109 115
61 132 190
62 80 135
63 136 185
64 113 193
65 4 112
66 28 110
67 32 105
68 89 104
69 71 72
70 109 149
71 146 161
72 4 7
73 99 131
74 47 163
75 75 154
76 61 67
77 151 193
78 88 95
79 127 198
80 3 103
81 97 128
82 26 140
83 50 54
84 140 180
85 74 176
86 46 58
87 12 126
88 177 185
89 69 123
90 36 116
91 97 98
92 154 155
93 103 140
94 197 199
95 25 110
96 135 145
97 31 64
98 1 149
99 25 31
100 45 164
101 49 161
102 159 172
103 163 169
104 1 6
105 7 104
106 48 103
107 11 109
108 34 198
109 128 143
110 176 187
111 30 42
112 34 57
113 185 195
114 63 166
115 101 127
116 91 185
117 110 135
118 39 185
119 134 151
120 67 176
121 110 118
122 57 106
123 124 150
124 19 34
125 167 170
126 62 68
127 136 198
128 137 147
129 29 133
130 86 94
131 19 147
132 76 96
133 132 146
134 75 88
135 38 44
136 65 66
137 28 114
138 122 149
139 165 167
140 98 138
141 98 125
142 27 59
143 118 120
144 47 52
145 13 196
146 112 129
147 3 50
148 155 159
149 50 75
150 88 170
151 17 146
152 83 94
153 121 151
154 50 173
155 16 101
156 126 128
157 55 156
158 2 8
159 103 176
160 21 141
161 102 104
162 31 36
163 72 171
164 186 191
165 45 136
166 120 183
167 92 165
168 115 124
169 149 154
170 11 137
171 176 200
172 24 44
173 105 199
174 125 156
175 43 137
176 81 94
177 147 151
178 20 143
179 67 172
180 53 65
181 39 50
182 170 175
183 119 192
184 123 133
185 42 101
186 80 176
187 9 116
188 137 143
189 52 62
190 56 57
191 28 39
192 85 178
193 32 34
194 38 72
195 4 72
196 42 135
197 8 11
198 145 150
199 71 161
200 41 86
201 61 139
202 179 192
203 127 158
204 40 154
205 60 69
206 50 111
207 70 106
208 40 41
209 22 137
210 23 160
211 26 196
212 69 162
213 36 61
214 74 200
215 26 119
216 154 160
217 177 193
218 106 185
219 102 133
220 139 141
221 12 149
222 21 161
223 25 38
224 49 152
225 44 149
226 34 159
227 149 190
228 81 152
229 6 104
230 7 193
231 10 103
232 125 160
233 162 170
234 114 179
235 39 65
236 80 126
237 100 113
238 29 43
239 104 116
240 33 40
241 53 165
242 104 131
243 123 161
244 76 89
245 80 156
246 66 67
247 15 142
248 85 86
249 18 113
250 75 96
251 99 102
252 118 134
253 142 182
254 94 175
255 4 179
256 61 62
257 27 114
258 108 127
259 37 53
260 40 118
261 3 10
262 60 105
263 26 169
264 46 172
265 140 145
266 23 196
267 2 65
268 79 93
269 26 75
270 117 138
271 103 107
272 36 160
273 82 162
274 45 46
275 135 172
276 139 169
277 35 104
278 55 117
279 49 132
280 115 135
281 48 124
282 34 163
283 128 164
284 129 157
285 58 156
286 77 80
287 67 70
288 30 94
289 91 92
290 111 145
291 24 147
292 138 167
293 39 101
294 80 90
295 119 136
296 29 160
297 109 114
298 113 119
299 42 61
300 132 191
301 66 167
302 86 162
303 113 192
304 4 113
305 8 116
306 51 182
307 71 75
308 109 148
309 146 158
310 47 162
311 142 146
312 75 157
313 4 151
314 61 66
315 27 94
316 84 165
317 127 193
318 37 41
319 41 174
320 61 179
321 155 178
322 144 161
323 164 172
324 3 102
325 97 135
326 23 123
327 50 55
328 140 181
329 46 59
330 12 127
331 177 184
332 69 122
333 55 187
334 59 188
335 16 137
336 197 198
337 36 196
338 79 166
339 135 144
340 68 181
341 31 67
342 1 148
343 187 193
344 25 30
345 45 163
346 49 160
347 68 196
348 159 175
349 163 168
350 1 5
351 116 200
352 176 188
353 30 43
354 24 64
355 6 48
356 63 161
357 101 126
358 111 181
359 134 148
360 29 98
361 110 119
362 57 105
363 76 131
364 124 151
365 53 157
366 62 69
367 137 146
368 29 132
369 132 147
370 75 91
371 38 45
372 42 160
373 8 16
374 28 115
375 122 146
376 32 118
377 165 166
378 98 139
379 47 70
380 98 122
381 61 102
382 27 58
383 118 121
384 84 185
385 47 55
386 112 130
387 41 138
388 23 46
389 155 158
390 88 171
391 141 159
392 70 158
393 79 100
394 121 150
395 16 102
396 126 129
397 55 159
398 2 9
399 45 118
400 102 105
401 68 169
402 31 39
403 186 188
404 45 135
405 48 181
406 92 166
407 96 161
408 115 127
409 149 153
410 24 45
411 105 198
412 125 155
413 114 140
414 43 136
415 6 28
416 81 93
417 147 150
418 29 70
419 53 64
420 39 45
421 170 172
422 123 132
423 42 98
424 137 142
425 14 196
426 56 58
427 28 32
428 85 177
429 32 35
430 14 119
431 113 136
432 42 132
433 8 12
434 118 187
435 32 146
436 145 149
437 95 153
438 75 165
439 179 195
440 127 153
441 3 17
442 60 70
443 40 42
444 22 142
445 69 161
446 36 62
447 2 122
448 154 161
449 177 192
450 126 189
451 102 186
452 139 140
453 12 150
454 21 160
455 25 37
456 48 194
457 49 159
458 152 160
459 7 34
460 34 156
461 72 87
462 129 176
463 7 179
464 20 78
465 10 100
466 105 162
467 34 126
468 162 171
469 91 115
470 39 64
471 100 114
472 29 42
473 104 117
474 100 193
475 104 132
476 123 160
477 76 90
478 132 196
479 80 157
480 133 173
481 137 170
482 15 137
483 180 200
484 71 102
485 18 110
486 99 105
487 27 196
488 118 135
489 94 172
490 98 179
491 108 120
492 37 52
493 112 123
494 155 169
495 127 189
496 3 13
497 60 106
498 26 182
499 117 119
500 84 96
501 140 146
502 141 167
503 22 170
504 192 193
505 69 133
506 79 92
507 103 106
508 35 154
509 36 161
510 135 175
511 21 196
512 115 134
513 44 122
514 105 124
515 34 160
516 10 137
517 58 157
518 77 79
519 24 101
520 6 85
521 91 95
522 111 144
523 39 151
524 134 169
525 138 164
526 143 149
527 57 76
528 80 91
529 124 140
530 9 34
531 119 139
532 52 64
533 15 124
534 113 118
535 42 58
536 136 187
537 113 199
538 4 114
539 28 104
540 14 47
541 71 74
542 109 147
543 146 159
544 99 133
545 8 196
546 27 160
547 47 173
548 142 147
549 61 65
550 64 171
551 84 166
552 17 27
553 127 192
554 37 40
555 40 196
556 164 173
557 97 134
558 26 138
559 50 52
560 26 61
561 46 56
562 177 191
563 69 121
564 22 33
565 130 158
566 135 147
567 68 182
568 31 66
569 187 192
570 25 29
571 49 167
572 159 174
573 163 171
574 1 4
575 25 142
576 7 106
577 30 153
578 34 196
579 128 129
580 176 189
581 30 40
582 34 55
583 185 193
584 24 65
585 63 160
586 10 60
587 91 187
588 110 133
589 111 180
590 134 149
591 29 97
592 33 102
593 124 144
594 136 200
595 137 145
596 86 92
597 89 168
598 132 156
599 85 156
600 75 90
601 4 86
602 42 161
603 8 17
604 122 147
605 98 136
606 47 65
607 37 123
608 98 123
609 27 61
610 118 126
611 112 131
612 40 160
613 3 52
614 23 41
615 107 120
616 141 158
617 83 96
618 121 149
619 50 171
620 126 134
621 55 158
622 2 6
623 102 110
624 31 38
625 186 189
626 44 179
627 45 134
628 48 182
629 120 185
630 92 167
631 129 171
632 21 109
633 115 126
634 11 139
635 129 196
636 24 46
637 6 130
638 105 197
639 125 154
640 114 141
641 81 92
642 157 159
643 91 135
644 147 153
645 111 200
646 39 44
647 170 173
648 119 194
649 123 135
650 42 99
651 80 178
652 100 189
653 137 141
654 14 197
655 52 56
656 89 132
657 56 59
658 28 33
659 32 36
660 14 116
661 42 133
662 8 13
663 118 184
664 122 183
665 145 148
666 151 154
667 27 104
668 75 164
669 40 156
670 3 16
671 13 119
672 40 43
673 69 160
674 2 123
675 117 180
676 154 174
677 177 199
678 126 162
679 102 187
680 139 143
681 12 151
682 1 162
683 21 175
684 25 36
685 79 153
686 49 158
687 152 161
688 116 146
689 44 151
690 11 38
691 34 157
692 72 88
693 148 149
694 78 82
695 10 101
696 162 168
697 111 127
698 39 67
699 100 115
700 29 41
701 104 118
702 33 46
703 156 172
704 104 133
705 38 136
706 76 91
707 137 169
708 32 64
709 14 80
710 109 174
711 146 184
712 38 106
713 99 104
714 118 132
715 94 173
716 151 190
717 84 131
718 108 121
719 37 51
720 155 168
721 108 136
722 3 12
723 117 118
724 140 147
725 22 171
726 26 38
727 59 146
728 22 26
729 79 95
730 117 136
731 36 162
732 135 174
733 139 171
734 55 119
735 59 112
736 44 123
737 34 161
738 129 147
739 148 169
740 78 174
741 58 154
742 77 78
743 6 74
744 91 94
745 111 147
746 134 174
747 138 165
748 33 89
749 143 148
750 76 153
751 80 92
752 124 141
753 9 33
754 119 138
755 52 65
756 109 112
757 19 120
758 113 117
759 42 59
760 132 185
761 66 165
762 113 198
763 4 115
764 28 105
765 14 44
766 145 195
767 109 146
768 146 156
769 27 163
770 47 172
771 142 144
772 37 70
773 75 159
774 4 145
775 61 64
776 64 172
777 112 152
778 41 172
779 164 174
780 3 104
781 97 133
782 26 139
783 50 53
784 140 183
785 26 58
786 12 121
787 177 190
788 55 181
789 97 103
790 130 159
791 135 146
792 187 195
793 25 28
794 11 17
795 49 166
796 68 198
797 159 169
798 163 170
799 152 153
800 7 101
801 128 130
802 176 190
803 30 41
804 34 52
805 185 192
806 24 66
807 91 186
808 111 183
809 134 138
810 67 181
811 33 101
812 87 174
813 57 111
814 76 189
815 124 145
816 62 75
817 137 144
818 86 93
819 89 175
820 19 148
821 132 157
822 75 93
823 8 18
824 62 165
825 122 144
826 98 137
827 47 64
828 98 120
829 61 100
830 118 127
831 47 49
832 13 193
833 198 199
834 60 188
835 23 40
836 50 70
837 140 196
838 141 157
839 17 151
840 73 136
841 2 148
842 26 30
843 121 148
844 12 29
845 50 168
846 126 135
847 2 7
848 59 75
849 102 111
850 68 171
851 31 33
852 182 183
853 11 61
854 129 170
855 149 167
856 81 177
857 7 73
858 24 47
859 6 131
860 105 196
861 91 105
862 6 18
863 81 83
864 157 158
865 29 68
866 67 145
867 87 178
868 76 161
869 39 47
870 123 134
871 133 183
872 137 140
873 89 139
874 52 57
875 56 60
876 28 34
877 32 37
878 14 117
879 42 130
880 8 14
881 118 185
882 32 148
883 47 100
884 75 167
885 179 197
886 127 155
887 3 19
888 50 106
889 13 118
890 40 44
891 23 189
892 36 56
893 2 120
894 22 127
895 117 179
896 154 175
897 177 198
898 102 184
899 139 142
900 12 144
901 1 161
902 21 174
903 25 43
904 79 152
905 48 196
906 49 157
907 152 162
908 34 154
909 72 89
910 129 182
911 148 150
912 149 187
913 78 83
914 10 147
915 54 200
916 20 72
917 58 135
918 6 111
919 162 169
920 111 126
921 138 142
922 39 66
923 29 40
924 104 119
925 33 45
926 53 162
927 156 173
928 104 134
929 123 162
930 160 168
931 52 110
932 56 105
933 38 137
934 76 84
935 42 68
936 80 159
937 133 171
938 66 94
939 65 158
940 32 65
941 71 96
942 4 47
943 118 133
944 151 185
945 13 184
946 108 122
947 37 50
948 155 171
949 127 191
950 3 15
951 60 100
952 141 165
953 74 152
954 22 168
955 26 39
956 192 195
957 16 17
958 79 94
959 35 156
960 36 163
961 130 184
962 135 169
963 139 170
964 1 141
965 183 189
966 21 194
967 115 136
968 44 116
969 30 163
970 125 127
971 129 146
972 148 170
973 6 184
974 7 145
975 30 50
976 67 75
977 134 175
978 138 162
979 143 151
980 39 102
981 80 93
982 43 99
983 124 142
984 119 133
985 52 66
986 109 111
987 133 143
988 136 189
989 137 196
990 86 161
991 14 130
992 113 197
993 28 106
994 32 109
995 145 194
996 109 145
997 146 157
998 142 145
999 64 173
1000 164 175
1001 37 167
1002 97 132
1003 26 136
1004 64 75
1005 140 176
1006 73 147
1007 74 188
1008 26 59
1009 46 62
1010 12 122
1011 177 189
1012 16 125
1013 73 124
1014 2 32
1015 22 39
1016 97 102
1017 130 156
1018 25 114
1019 135 141
1020 68 176
1021 72 179
1022 187 194
1023 45 160
1024 11 16
1025 49 165
1026 159 168
1027 163 173
1028 96 152
1029 152 154
1030 7 100
1031 11 97
1032 128 131
1033 176 191
1034 30 46
1035 34 53
1036 185 199
1037 24 67
1038 63 162
1039 101 123
1040 111 182
1041 134 139
1042 33 100
1043 124 146
1044 53 154
1045 5 7
1046 80 200
1047 137 151
1048 29 129
1049 89 174
1050 132 158
1051 75 92
1052 8 19
1053 65 70
1054 122 145
1055 32 137
1056 98 134
1057 47 67
1058 17 116
1059 71 185
1060 75 186
1061 41 126
1062 98 121
1063 118 124
1064 47 48
1065 112 133
1066 40 162
1067 41 143
1068 23 43
1069 141 156
1070 40 49
1071 70 157
1072 73 143
1073 26 31
1074 121 155
1075 50 169
1076 126 132
1077 36 148
1078 55 152
1079 2 4
1080 21 137
1081 186 200
1082 102 108
1083 31 32
1084 35 37
1085 186 187
1086 45 132
1087 49 193
1088 54 114
1089 92 161
1090 129 169
1091 101 189
1092 125 152
1093 6 19
1094 81 82
1095 91 153
1096 29 67
1097 39 46
1098 170 171
1099 123 153
1100 80 180
1101 137 179
1102 52 58
1103 56 61
1104 28 35
1105 32 38
1106 113 141
1107 42 131
1108 8 15
1109 122 181
1110 28 193
1111 75 166
1112 179 196
1113 127 154
1114 3 18
1115 60 65
1116 40 45
1117 22 141
1118 36 57
1119 154 172
1120 177 197
1121 36 136
1122 82 186
1123 102 185
1124 12 145
1125 55 109
1126 21 173
1127 25 42
1128 49 156
1129 152 163
1130 44 145
1131 72 90
1132 148 151
1133 78 80
1134 20 73
1135 77 168
1136 34 125
1137 162 166
1138 111 121
1139 134 192
1140 138 143
1141 20 175
1142 39 125
1143 104 120
1144 29 39
1145 33 44
1146 53 161
1147 9 11
1148 156 174
1149 104 135
1150 160 169
1151 52 111
1152 15 101
1153 56 106
1154 38 142
1155 76 85
1156 42 69
1157 80 144
1158 132 199
1159 133 170
1160 137 175
1161 86 154
1162 65 157
1163 32 66
1164 14 86
1165 18 109
1166 99 106
1167 37 49
1168 112 126
1169 61 171
1170 155 170
1171 144 185
1172 108 138
1173 127 190
1174 40 122
1175 3 14
1176 140 141
1177 141 164
1178 74 153
1179 2 170
1180 22 169
1181 26 36
1182 50 158
1183 16 18
1184 79 89
1185 35 159
1186 36 172
1187 135 168
1188 72 152
1189 183 188
1190 21 193
1191 59 114
1192 58 70
1193 21 50
1194 115 139
1195 44 117
1196 48 112
1197 30 160
1198 125 126
1199 54 58
1200 129 145
1201 148 171
1202 30 51
1203 34 46
1204 58 152
1205 24 104
1206 30 66
1207 134 172
1208 138 163
1209 143 150
1210 39 97
1211 5 145
1212 43 98
1213 80 94
1214 124 143
1215 57 194
1216 9 39
1217 119 132
1218 52 67
1219 109 110
1220 42 57
1221 132 187
1222 133 142
1223 66 163
1224 86 166
1225 14 50
1226 89 115
1227 145 193
1228 109 144
1229 4 12
1230 27 165
1231 142 150
1232 37 68
1233 4 147
1234 61 94
1235 84 161
1236 41 146
1237 13 44
1238 164 168
1239 37 166
1240 40 86
1241 3 106
1242 23 119
1243 26 137
1244 50 51
1245 2 142
1246 12 123
1247 177 188
1248 69 102
1249 93 96
1250 97 101
1251 16 141
1252 130 157
1253 135 140
1254 49 75
1255 187 197
1256 11 19
1257 159 171
1258 163 172
1259 96 153
1260 152 155
1261 25 147
1262 7 103
1263 128 132
1264 30 47
1265 34 50
1266 185 198
1267 24 68
1268 63 173
1269 101 122
1270 91 188
1271 110 136
1272 111 177
1273 43 49
1274 134 136
1275 29 126
1276 33 123
1277 104 176
1278 124 147
1279 15 44
1280 5 6
1281 137 150
1282 29 128
1283 132 159
1284 18 34
1285 75 95
1286 8 20
1287 62 171
1288 65 69
1289 98 135
1290 27 129
1291 47 66
1292 41 125
1293 98 118
1294 61 98
1295 27 62
1296 118 125
1297 47 51
1298 178 190
1299 112 134
1300 40 163
1301 3 57
1302 41 142
1303 23 42
1304 50 68
1305 140 198
1306 141 155
1307 74 78
1308 40 50
1309 2 146
1310 79 96
1311 26 28
1312 121 154
1313 126 133
1314 2 5
1315 102 146
1316 102 109
1317 31 35
1318 35 36
1319 1 101
1320 92 162
1321 21 106
1322 44 61
1323 101 188
1324 48 56
1325 11 140
1326 68 75
1327 24 49
1328 125 151
1329 114 136
1330 24 160
1331 43 140
1332 6 16
1333 91 152
1334 29 66
1335 39 41
1336 104 172
1337 19 69
1338 52 59
1339 56 62
1340 133 198
1341 28 60
1342 32 39
1343 109 199
1344 42 128
1345 99 113
1346 118 191
1347 75 200
1348 4 196
1349 179 199
1350 127 133
1351 3 21
1352 60 66
1353 13 116
1354 40 46
1355 22 130
1356 36 58
1357 2 118
1358 22 125
1359 154 173
1360 126 161
1361 102 190
1362 12 146
1363 92 96
1364 55 108
1365 21 172
1366 59 105
1367 25 41
1368 48 198
1369 183 200
1370 21 29
1371 152 164
1372 44 146
1373 34 152
1374 72 91
1375 129 180
1376 78 81
1377 20 74
1378 6 109
1379 162 167
1380 111 120
1381 134 193
1382 138 140
1383 53 63
1384 39 124
1385 5 188
1386 80 115
1387 9 185
1388 29 38
1389 104 121
1390 33 35
1391 53 160
1392 76 199
1393 9 10
1394 156 175
1395 104 136
1396 160 170
1397 56 107
1398 76 86
1399 80 145
1400 133 169
1401 137 174
1402 86 155
1403 65 156
1404 32 67
1405 51 161
1406 18 106
1407 99 109
1408 28 183
1409 4 184
1410 112 127
1411 155 173
1412 107 180
1413 144 186
1414 108 139
1415 127 185
1416 37 129
1417 40 123
1418 3 113
1419 60 102
1420 140 142
1421 141 163
1422 26 37
1423 192 197
1424 69 129
1425 16 19
1426 36 94
1427 79 88
1428 117 149
1429 12 39
1430 106 134
1431 35 158
1432 36 173
1433 55 195
1434 135 171
1435 72 153
1436 1 131
1437 55 112
1438 182 194
1439 183 191
1440 59 117
1441 120 133
1442 21 49
1443 115 138
1444 44 118
1445 34 188
1446 54 59
1447 128 185
1448 129 144
1449 148 180
1450 7 147
1451 34 47
1452 6 73
1453 30 67
1454 134 173
1455 143 145
1456 57 80
1457 80 95
1458 43 101
1459 124 136
1460 56 152
1461 57 193
1462 119 135
1463 38 171
1464 132 164
1465 133 141
1466 66 160
1467 38 58
1468 4 126
1469 28 100
1470 109 143
1471 146 155
1472 4 13
1473 99 137
1474 27 164
1475 47 169
1476 142 151
1477 37 67
1478 84 162
1479 40 200
1480 41 145
1481 164 169
1482 37 165
1483 3 109
1484 23 118
1485 26 150
1486 74 186
1487 26 57
1488 12 116
1489 177 179
1490 69 101
1491 36 114
1492 97 100
1493 130 154
1494 25 112
1495 135 143
1496 139 200
1497 187 196
1498 45 158
1499 48 142
1500 11 18
1501 159 170
1502 163 175
1503 152 156
1504 25 146
1505 7 102
1506 11 99
1507 128 133
1508 176 177
1509 34 51
1510 185 197
1511 24 69
1512 101 121
1513 134 137
1514 29 125
1515 67 182
1516 110 120
1517 104 177
1518 124 172
1519 15 47
1520 100 133
1521 137 149
1522 29 159
1523 104 192
1524 89 172
1525 75 94
1526 8 21
1527 62 168
1528 65 68
1529 122 159
1530 32 139
1531 14 15
1532 98 132
1533 118 195
1534 41 124
1535 60 200
1536 98 119
1537 61 97
1538 27 49
1539 47 50
1540 178 191
1541 108 188
1542 23 37
1543 50 69
1544 88 176
1545 140 199
1546 141 154
1547 17 148
1548 74 79
1549 40 51
1550 3 73
1551 69 200
1552 2 147
1553 26 29
1554 121 153
1555 50 167
1556 126 138
1557 55 154
1558 102 147
1559 31 157
1560 31 34
1561 35 39
1562 45 130
1563 120 189
1564 54 112
1565 96 166
1566 149 164
1567 81 182
1568 48 57
1569 24 50
1570 125 150
1571 114 137
1572 43 143
1573 6 17
1574 90 174
1575 91 155
1576 29 65
1577 39 40
1578 80 182
1579 133 180
1580 62 106
1581 100 185
1582 56 63
1583 32 56
1584 14 120
1585 109 198
1586 38 66
1587 113 131
1588 42 129
1589 99 112
1590 122 179
1591 4 197
1592 99 193
1593 27 29
1594 179 198
1595 127 132
1596 40 128
1597 3 20
1598 60 67
1599 50 105
1600 2 196
1601 40 47
1602 36 59
1603 2 119
1604 154 170
1605 121 181
1606 12 60
1607 102 191
1608 12 147
1609 35 114
1610 55 111
1611 21 171
1612 25 40
1613 49 146
1614 21 28
1615 152 165
1616 44 147
1617 72 92
1618 92 135
1619 129 139
1620 78 86
1621 7 174
1622 6 98
1623 34 123
1624 162 164
1625 134 198
1626 138 141
1627 53 62
1628 57 59
1629 147 185
1630 100 127
1631 29 37
1632 104 122
1633 33 34
1634 156 168
1635 104 137
1636 160 171
1637 33 147
1638 15 103
1639 38 140
1640 76 87
1641 42 67
1642 132 193
1643 86 152
1644 32 68
1645 51 160
1646 71 93
1647 109 170
1648 4 42
1649 99 108
1650 32 179
1651 142 184
1652 41 43
1653 179 181
1654 108 117
1655 155 172
1656 107 183
1657 144 187
1658 40 124
1659 3 112
1660 60 103
1661 26 179
1662 140 143
1663 141 162
1664 22 175
1665 26 34
1666 192 198
1667 50 156
1668 16 20
1669 55 173
1670 79 91
1671 102 200
1672 31 196
1673 35 129
1674 55 194
1675 135 170
1676 72 154
1677 1 130
1678 55 115
1679 182 195
1680 183 190
1681 59 116
1682 120 134
1683 58 68
1684 21 48
1685 115 141
1686 48 114
1687 54 56
1688 129 151
1689 148 181
1690 78 178
1691 30 49
1692 34 44
1693 54 171
1694 30 64
1695 39 146
1696 134 162
1697 138 161
1698 143 144
1699 91 195
1700 194 200
1701 124 137
1702 119 134
1703 133 140
1704 38 59
1705 28 101
1706 85 116
1707 51 188
1708 14 48
1709 145 199
1710 109 142
1711 146 152
1712 4 14
1713 99 136
1714 27 167
1715 28 148
1716 47 168
1717 142 148
1718 37 66
1719 131 133
1720 64 160
1721 50 94
1722 107 147
1723 164 170
1724 140 179
1725 73 144
1726 74 187
1727 2 140
1728 46 61
1729 177 178
1730 16 112
1731 97 123
1732 12 196
1733 130 155
1734 135 142
1735 187 199
1736 44 196
1737 45 157
1738 11 21
1739 68 194
1740 163 174
1741 152 157
1742 7 97
1743 101 134
1744 11 98
1745 34 193
1746 128 134
1747 176 178
1748 30 45
1749 24 70
1750 63 175
1751 10 57
1752 101 120
1753 110 142
1754 111 179
1755 134 142
1756 29 124
1757 104 178
1758 124 173
1759 100 134
1760 137 148
1761 104 193
1762 132 153
1763 75 81
1764 38 39
1765 8 22
1766 32 140
1767 51 152
1768 98 133
1769 71 186
1770 41 99
1771 98 116
1772 47 61
1773 122 126
1774 108 189
1775 40 165
1776 3 59
1777 23 36
1778 50 66
1779 107 127
1780 141 153
1781 74 76
1782 40 52
1783 3 72
1784 50 164
1785 126 139
1786 2 3
1787 102 144
1788 31 156
1789 21 150
1790 79 128
1791 49 117
1792 31 45
1793 106 110
1794 35 38
1795 96 200
1796 45 129
1797 120 190
1798 49 198
1799 58 124
1800 21 104
1801 149 163
1802 101 186
1803 48 58
1804 24 51
1805 125 149
1806 20 39
1807 114 134
1808 24 162
1809 43 142
1810 6 22
1811 81 87
1812 138 150
1813 9 131
1814 190 194
1815 29 64
1816 90 94
1817 39 43
1818 5 120
1819 89 143
1820 85 187
1821 32 57
1822 38 67
1823 4 55
1824 42 142
1825 99 115
1826 118 189
1827 4 198
1828 61 132
1829 27 28
1830 127 135
1831 40 129
1832 13 114
1833 74 96
1834 97 193
1835 2 116
1836 26 126
1837 117 191
1838 154 171
1839 12 61
1840 150 151
1841 21 170
1842 25 47
1843 152 166
1844 44 140
1845 72 93
1846 129 138
1847 78 87
1848 77 165
1849 6 99
1850 10 110
1851 125 185
1852 162 165
1853 181 199
1854 111 122
1855 53 61
1856 57 58
1857 39 126
1858 43 123
1859 100 120
1860 29 36
1861 104 123
1862 57 171
1863 156 169
1864 104 138
1865 160 172
1866 33 146
1867 52 106
1868 15 102
1869 19 99
1870 76 80
1871 42 64
1872 133 151
1873 137 172
1874 86 153
1875 85 95
1876 51 163
1877 71 92
1878 18 104
1879 4 43
1880 99 111
1881 146 196
1882 41 42
1883 4 186
1884 27 75
1885 51 65
1886 108 118
1887 37 62
1888 155 175
1889 108 133
1890 127 187
1891 112 192
1892 41 196
1893 23 108
1894 141 161
1895 22 172
1896 26 35
1897 192 199
1898 50 157
1899 16 21
1900 55 172
1901 59 169
1902 79 90
1903 117 147
1904 106 132
1905 126 195
1906 135 165
1907 72 155
1908 55 114
1909 45 184
1910 1 50
1911 58 69
1912 115 140
1913 44 112
1914 54 57
1915 128 187
1916 129 150
1917 148 182
1918 7 141
1919 34 45
1920 58 167
1921 30 65
1922 105 128
1923 39 141
1924 24 154
1925 134 163
1926 143 147
1927 91 194
1928 39 98
1929 80 81
1930 124 138
1931 5 47
1932 38 169
1933 133 139
1934 86 165
1935 4 120
1936 28 102
1937 85 115
1938 32 97
1939 145 198
1940 146 153
1941 4 15
1942 27 166
1943 28 149
1944 47 171
1945 142 149
1946 37 65
1947 131 132
1948 164 171
1949 37 163
1950 40 89
1951 3 111
1952 23 112
1953 26 148
1954 2 141
1955 117 198
1956 46 66
1957 121 131
1958 70 196
1959 73 96
1960 59 181
1961 97 122
1962 12 197
1963 25 118
1964 135 137
1965 68 188
1966 187 198
1967 45 156
1968 11 20
1969 152 158
1970 101 133
1971 11 101
1972 128 135
1973 176 179
1974 34 49
1975 6 43
1976 91 177
1977 111 178
1978 134 143
1979 29 123
1980 53 117
1981 76 186
1982 124 174
1983 19 42
1984 137 155
1985 29 157
1986 89 178
1987 132 154
1988 65 169
1989 86 193
1990 75 80
1991 42 171
1992 189 200
1993 122 157
1994 165 175
1995 98 130
1996 27 130
1997 118 193
1998 17 104
1999 41 98
2000 98 117
2001 27 51
2002 47 60
2003 122 127
2004 178 189
2005 108 190
2006 40 166
2007 23 39
2008 50 67
2009 88 178
2010 140 193
2011 74 77
2012 40 53
2013 69 182
2014 2 145
2015 26 27
2016 46 94
2017 121 159
2018 12 26
2019 50 165
2020 126 136
2021 55 148
2022 102 145
2023 139 153
2024 21 149
2025 79 131
2026 31 44
2027 106 111
2028 35 41
2029 45 128
2030 120 191
2031 11 48
2032 81 180
2033 101 185
2034 48 59
2035 176 192
2036 24 52
2037 81 197
2038 125 148
2039 24 163
2040 43 129
2041 6 23
2042 81 86
2043 63 194
2044 138 151
2045 147 159
2046 190 195
2047 90 95
2048 39 42
2049 9 19
2050 123 157
2051 19 70
2052 5 103
2053 80 168
2054 85 186
2055 32 58
2056 71 123
2057 109 196
2058 38 64
2059 4 48
2060 42 143
2061 99 114
2062 118 178
2063 32 169
2064 4 199
2065 27 110
2066 71 153
2067 41 94
2068 27 31
2069 179 200
2070 127 134
2071 40 130
2072 50 103
2073 13 113
2074 93 131
2075 97 192
2076 36 37
2077 2 117
2078 22 112
2079 117 190
2080 154 168
2081 121 187
2082 174 175
2083 55 105
2084 21 169
2085 59 106
2086 25 46
2087 183 197
2088 21 26
2089 152 167
2090 44 141
2091 72 94
2092 129 137
2093 78 84
2094 81 144
2095 20 85
2096 181 198
2097 111 133
2098 138 139
2099 53 60
2100 143 190
2101 147 187
2102 43 122
2103 100 121
2104 29 35
2105 104 124
2106 123 200
2107 52 196
2108 9 15
2109 156 170
2110 104 139
2111 123 185
2112 160 173
2113 33 145
2114 56 110
2115 38 130
2116 76 81
2117 42 65
2118 133 150
2119 85 94
2120 32 70
2121 51 162
2122 14 90
2123 71 95
2124 109 168
2125 4 20
2126 99 110
2127 51 64
2128 179 183
2129 108 119
2130 37 61
2131 112 114
2132 61 167
2133 155 174
2134 108 134
2135 112 193
2136 3 114
2137 141 160
2138 3 131
2139 26 32
2140 50 154
2141 69 142
2142 16 22
2143 73 75
2144 36 89
2145 55 175
2146 59 168
2147 153 163
2148 12 34
2149 106 133
2150 135 164
2151 139 161
2152 182 193
2153 183 184
2154 59 118
2155 187 189
2156 120 136
2157 49 188
2158 58 66
2159 54 62
2160 129 149
2161 78 176
2162 34 42
2163 58 164
2164 63 181
2165 30 70
2166 105 135
2167 39 140
2168 134 160
2169 138 175
2170 143 146
2171 80 82
2172 171 173
2173 63 107
2174 124 139
2175 119 128
2176 15 69
2177 132 167
2178 133 138
2179 86 186
2180 38 57
2181 4 121
2182 42 180
2183 122 134
2184 32 98
2185 145 197
2186 109 140
2187 146 150
2188 4 8
2189 99 138
2190 28 150
2191 37 64
2192 131 135
2193 98 110
2194 84 173
2195 74 86
2196 26 149
2197 73 150
2198 117 197
2199 46 67
2200 121 130
2201 69 98
2202 55 179
2203 2 61
2204 97 121
2205 130 153
2206 79 174
2207 135 136
2208 31 75
2209 48 129
2210 54 107
2211 152 159
2212 25 151
2213 7 99
2214 101 132
2215 77 155
2216 176 180
2217 125 143
2218 101 102
2219 91 176
2220 111 189
2221 134 140
2222 110 127
2223 76 187
2224 104 180
2225 124 175
2226 100 128
2227 137 154
2228 29 156
2229 86 87
2230 89 177
2231 132 155
2232 75 83
2233 189 199
2234 122 154
2235 32 142
2236 51 154
2237 14 18
2238 145 161
2239 165 174
2240 98 131
2241 118 198
2242 71 180
2243 75 177
2244 98 114
2245 61 126
2246 27 50
2247 47 63
2248 122 124
2249 108 191
2250 60 186
2251 23 38
2252 50 64
2253 141 151
2254 17 137
2255 3 74
2256 23 151
2257 69 181
2258 73 178
2259 2 110
2260 121 158
2261 50 162
2262 69 70
2263 126 137
2264 36 145
2265 153 155
2266 102 150
2267 139 152
2268 21 148
2269 59 65
2270 68 145
2271 31 47
2272 106 108
2273 35 40
2274 120 192
2275 49 196
2276 1 121
2277 96 185
2278 101 184
2279 48 60
2280 176 193
2281 24 53
2282 6 133
2283 125 147
2284 114 132
2285 43 128
2286 6 20
2287 81 85
2288 138 148
2289 20 144
2290 190 192
2291 90 92
2292 9 18
2293 104 144
2294 42 106
2295 5 102
2296 80 169
2297 9 99
2298 66 116
2299 85 200
2300 86 115
2301 32 59
2302 14 127
2303 109 195
2304 38 65
2305 99 117
2306 118 179
2307 28 175
2308 122 190
2309 47 98
2310 27 30
2311 108 163
2312 127 129
2313 60 94
2314 13 112
2315 36 38
2316 2 114
2317 26 124
2318 154 169
2319 46 123
2320 12 142
2321 31 114
2322 21 168
2323 59 109
2324 25 45
2325 183 196
2326 115 178
2327 152 168
2328 44 142
2329 72 95
2330 1 69
2331 129 136
2332 78 85
2333 54 194
2334 162 163
2335 181 197
2336 134 197
2337 53 59
2338 143 185
2339 43 125
2340 100 122
2341 29 34
2342 104 125
2343 33 39
2344 76 195
2345 9 14
2346 119 191
2347 156 171
2348 104 140
2349 123 184
2350 19 101
2351 38 131
2352 76 82
2353 133 149
2354 15 145
2355 85 93
2356 51 165
2357 71 94
2358 146 179
2359 38 109
2360 4 21
2361 99 145
2362 28 179
2363 51 67
2364 108 112
2365 112 115
2366 155 161
2367 3 117
2368 23 110
2369 117 127
2370 3 130
2371 26 33
2372 73 74
2373 59 171
2374 22 29
2375 153 162
2376 126 193
2377 36 169
2378 139 160
2379 1 135
2380 182 198
2381 183 187
2382 187 188
2383 120 137
2384 49 179
2385 1 48
2386 58 67
2387 21 61
2388 115 142
2389 44 114
2390 48 117
2391 11 123
2392 30 165
2393 34 184
2394 54 63
2395 129 148
2396 34 43
2397 20 106
2398 58 165
2399 157 175
2400 105 134
2401 134 161
2402 138 172
2403 76 144
2404 80 83
2405 171 172
2406 194 199
2407 124 132
2408 119 131
2409 33 188
2410 184 192
2411 132 160
2412 133 137
2413 86 187
2414 38 62
2415 47 196
2416 122 135
2417 145 196
2418 109 139
2419 146 151
2420 4 9
2421 28 151
2422 142 155
2423 131 134
2424 98 111
2425 64 163
2426 27 41
2427 84 174
2428 17 19
2429 127 200
2430 41 149
2431 23 29
2432 74 87
2433 3 81
2434 23 114
2435 26 146
2436 64 65
2437 70 171
2438 74 166
2439 2 139
2440 46 64
2441 121 129
2442 12 112
2443 177 183
2444 69 97
2445 126 146
2446 73 102
2447 97 120
2448 31 165
2449 16 130
2450 130 150
2451 135 139
2452 102 122
2453 45 154
2454 48 130
2455 11 22
2456 25 150
2457 7 98
2458 101 131
2459 11 103
2460 30 129
2461 128 153
2462 176 181
2463 125 142
2464 110 141
2465 39 179
2466 134 141
2467 33 126
2468 110 124
2469 57 112
2470 76 180
2471 43 69
2472 191 197
2473 137 153
2474 29 155
2475 104 196
2476 89 176
2477 75 82
2478 189 198
2479 28 68
2480 122 155
2481 51 157
2482 14 19
2483 142 196
2484 165 173
2485 98 128
2486 118 199
2487 17 110
2488 75 176
2489 98 115
2490 27 53
2491 47 62
2492 122 125
2493 178 187
2494 108 184
2495 3 60
2496 23 33
2497 50 65
2498 88 180
2499 107 112
2500 141 150
2501 74 75
2502 40 55
2503 3 77
2504 23 150
2505 69 180
2506 73 177
2507 2 111
2508 22 106
2509 121 157
2510 12 20
2511 50 163
2512 126 142
2513 93 95
2514 153 154
2515 102 151
2516 139 155
2517 21 147
2518 59 64
2519 45 109
2520 31 46
2521 106 109
2522 35 43
2523 120 193
2524 54 116
2525 96 186
2526 81 170
2527 48 61
2528 11 131
2529 176 194
2530 10 73
2531 125 146
2532 20 34
2533 114 133
2534 24 165
2535 43 131
2536 6 21
2537 81 84
2538 138 149
2539 190 193
2540 90 93
2541 9 17
2542 104 145
2543 5 101
2544 80 170
2545 9 98
2546 15 188
2547 19 185
2548 38 70
2549 113 135
2550 95 115
2551 99 116
2552 32 171
2553 41 51
2554 4 193
2555 13 141
2556 71 155
2557 61 129
2558 127 128
2559 23 69
2560 84 85
2561 13 111
2562 97 198
2563 16 44
2564 36 39
2565 2 115
2566 26 125
2567 117 188
2568 36 182
2569 130 175
2570 150 170
2571 102 179
2572 25 44
2573 183 199
2574 115 181
2575 152 169
2576 44 143
2577 7 21
2578 129 143
2579 148 157
2580 78 90
2581 20 87
2582 6 102
2583 181 196
2584 24 129
2585 134 186
2586 53 58
2587 147 189
2588 39 123
2589 43 124
2590 29 33
2591 104 126
2592 33 38
2593 9 13
2594 119 190
2595 156 164
2596 104 141
2597 123 187
2598 160 175
2599 33 151
2600 15 99
2601 56 112
2602 38 128
2603 76 83
2604 80 150
2605 133 148
2606 15 144
2607 28 29
2608 85 92
2609 71 89
2610 18 103
2611 38 98
2612 4 22
2613 99 144
2614 28 140
2615 142 188
2616 41 47
2617 51 66
2618 179 185
2619 108 113
2620 37 59
2621 155 160
2622 127 164
2623 3 116
2624 60 99
2625 117 126
2626 121 123
2627 74 131
2628 22 163
2629 26 46
2630 50 152
2631 69 140
2632 55 169
2633 150 199
2634 153 161
2635 117 144
2636 106 131
2637 126 198
2638 82 152
2639 83 145
2640 12 179
2641 1 134
2642 182 199
2643 183 186
2644 187 191
2645 58 64
2646 115 145
2647 48 118
2648 105 107
2649 54 60
2650 128 190
2651 7 142
2652 196 197
2653 34 40
2654 181 183
2655 58 162
2656 157 174
2657 30 68
2658 105 133
2659 161 171
2660 39 142
2661 24 157
2662 138 173
2663 57 91
2664 76 145
2665 80 84
2666 171 175
2667 194 196
2668 124 133
2669 57 196
2670 5 44
2671 119 130
2672 184 193
2673 38 172
2674 133 136
2675 89 196
2676 180 181
2677 4 123
2678 65 115
2679 122 132
2680 32 100
2681 14 52
2682 145 187
2683 109 138
2684 146 148
2685 4 10
2686 131 137
2687 27 40
2688 17 18
2689 112 144
2690 41 148
2691 23 28
2692 74 84
2693 37 160
2694 3 80
2695 23 141
2696 26 147
2697 64 66
2698 140 175
2699 70 168
2700 73 148
2701 46 65
2702 121 128
2703 177 182
2704 50 188
2705 16 116
2706 126 147
2707 2 59
2708 97 127
2709 31 164
2710 16 131
2711 130 151
2712 25 123
2713 79 168
2714 135 138
2715 102 123
2716 31 53
2717 106 118
2718 54 105
2719 1 19
2720 101 130
2721 11 102
2722 195 197
2723 128 154
2724 176 182
2725 125 141
2726 185 200
2727 91 178
2728 110 146
2729 111 191
2730 67 189
2731 33 125
2732 57 119
2733 76 181
2734 124 169
2735 137 152
2736 104 197
2737 18 141
2738 132 133
2739 14 97
2740 75 85
2741 42 150
2742 189 197
2743 28 69
2744 122 152
2745 32 128
2746 51 156
2747 14 16
2748 165 172
2749 98 129
2750 118 196
2751 37 98
2752 98 112
2753 27 52
2754 118 119
2755 47 57
2756 178 184
2757 112 188
2758 40 169
2759 23 32
2760 107 115
2761 141 149
2762 40 56
2763 3 76
2764 23 145
2765 69 179
2766 73 176
2767 26 102
2768 12 21
2769 50 160
2770 126 143
2771 36 147
2772 93 94
2773 130 200
2774 102 148
2775 139 154
2776 31 152
2777 21 146
2778 59 67
2779 82 96
2780 102 103
2781 31 41
2782 35 42
2783 1 127
2784 129 162
2785 21 116
2786 96 187
2787 149 175
2788 48 62
2789 176 195
2790 24 55
2791 6 123
2792 114 130
2793 24 166
2794 43 130
2795 6 10
2796 138 146
2797 190 198
2798 9 16
2799 104 146
2800 5 100
2801 80 171
2802 66 114
2803 28 58
2804 32 61
2805 109 193
2806 113 134
2807 42 138
2808 99 119
2809 32 172
2810 41 50
2811 95 131
2812 131 176
2813 41 67
2814 127 131
2815 84 86
2816 13 110
2817 73 195
2818 2 112
2819 26 122
2820 103 120
2821 130 172
2822 1 185
2823 55 106
2824 25 51
2825 183 198
2826 21 39
2827 115 180
2828 152 170
2829 44 136
2830 7 20
2831 34 146
2832 92 156
2833 129 142
2834 148 158
2835 78 91
2836 125 196
2837 20 80
2838 77 161
2839 6 103
2840 10 106
2841 158 162
2842 181 195
2843 111 134
2844 53 57
2845 57 62
2846 39 122
2847 43 127
2848 29 32
2849 104 127
2850 33 37
2851 9 12
2852 156 165
2853 104 142
2854 52 118
2855 19 103
2856 38 129
2857 133 147
2858 136 137
2859 15 147
2860 85 91
2861 51 167
2862 71 88
2863 109 165
2864 4 23
2865 99 147
2866 28 141
2867 94 154
2868 41 46
2869 51 69
2870 179 184
2871 108 114
2872 37 58
2873 112 117
2874 155 163
2875 127 167
2876 112 196
2877 3 119
2878 41 200
2879 23 104
2880 121 122
2881 26 47
2882 69 139
2883 36 68
2884 55 168
2885 59 173
2886 153 160
2887 117 159
2888 126 199
2889 36 171
2890 82 153
2891 135 161
2892 139 162
2893 12 172
2894 72 159
2895 182 196
2896 187 190
2897 120 139
2898 58 65
2899 48 119
2900 105 106
2901 34 182
2902 72 125
2903 54 61
2904 7 137
2905 30 58
2906 196 198
2907 34 41
2908 181 182
2909 58 163
2910 10 14
2911 157 173
2912 105 132
2913 161 170
2914 39 137
2915 24 158
2916 134 167
2917 138 170
2918 80 85
2919 171 174
2920 194 197
2921 124 134
2922 15 70
2923 38 173
2924 132 162
2925 180 182
2926 4 100
2927 65 114
2928 28 98
2929 122 133
2930 32 101
2931 14 53
2932 109 137
2933 146 149
2934 4 11
2935 99 143
2936 28 145
2937 131 136
2938 98 109
2939 64 165
2940 27 43
2941 84 168
2942 112 145
2943 60 145
2944 23 31
2945 74 85
2946 64 67
2947 70 169
2948 2 137
2949 117 194
2950 46 70
2951 121 135
2952 12 114
2953 177 181
2954 126 144
2955 97 126
2956 35 160
2957 55 61
2958 130 148
2959 102 120
2960 31 52
2961 106 119
2962 35 49
2963 44 193
2964 45 152
2965 48 132
2966 54 110
2967 1 18
2968 96 144
2969 78 96
2970 101 129
2971 195 196
2972 128 155
2973 77 152
2974 6 156
2975 176 183
2976 125 140
2977 24 75
2978 91 181
2979 110 147
2980 111 190
2981 39 173
2982 67 188
2983 87 161
2984 76 182
2985 191 199
2986 104 183
2987 5 15
2988 62 112
2989 100 131
2990 137 159
2991 29 153
2992 104 198
2993 132 134
2994 65 173
2995 14 102
2996 75 84
2997 189 196
2998 65 94
2999 32 129
3000 51 159
3001 14 17
3002 165 171
3003 99 171
3004 118 197
3005 71 177
3006 75 178
3007 41 102
3008 61 123
3009 27 55
3010 47 56
3011 122 123
3012 178 185
3013 108 186
3014 23 35
3015 88 182
3016 141 148
3017 17 142
3018 40 57
3019 97 184
3020 2 109
3021 117 166
3022 46 98
3023 12 22
3024 50 161
3025 126 140
3026 36 156
3027 102 149
3028 139 157
3029 59 66
3030 79 143
3031 68 156
3032 31 40
3033 106 107
3034 35 45
3035 48 160
3036 129 161
3037 149 174
3038 48 63
3039 176 196
3040 24 56
3041 105 179
3042 125 144
3043 91 96
3044 20 44
3045 114 131
3046 24 167
3047 43 133
3048 6 11
3049 138 147
3050 91 145
3051 110 175
3052 147 163
3053 190 199
3054 67 152
3055 90 91
3056 104 147
3057 123 145
3058 33 137
3059 38 154
3060 80 172
3061 133 190
3062 32 62
3063 38 68
3064 42 139
3065 99 118
3066 118 182
3067 75 193
3068 41 49
3069 4 195
3070 98 162
3071 151 172
3072 27 98
3073 41 66
3074 127 130
3075 13 109
3076 22 133
3077 97 196
3078 73 83
3079 2 113
3080 26 123
3081 117 186
3082 46 126
3083 121 191
3084 82 178
3085 45 62
3086 102 177
3087 49 59
3088 139 185
3089 1 184
3090 21 181
3091 59 110
3092 25 50
3093 116 117
3094 183 193
3095 115 183
3096 152 171
3097 44 137
3098 129 141
3099 148 159
3100 78 88
3101 20 81
3102 6 100
3103 63 157
3104 158 163
3105 181 194
3106 134 184
3107 53 56
3108 57 61
3109 43 126
3110 100 101
3111 33 36
3112 119 184
3113 156 166
3114 104 143
3115 123 189
3116 160 161
3117 52 119
3118 56 114
3119 76 77
3120 80 136
3121 133 146
3122 136 138
3123 15 146
3124 28 31
3125 85 90
3126 51 166
3127 71 91
3128 18 101
3129 109 164
3130 146 174
3131 4 16
3132 99 146
3133 118 146
3134 28 142
3135 146 193
3136 94 155
3137 41 45
3138 131 175
3139 51 68
3140 179 187
3141 108 115
3142 37 57
3143 112 118
3144 61 163
3145 155 162
3146 108 130
3147 112 197
3148 40 98
3149 22 161
3150 26 44
3151 73 79
3152 36 69
3153 55 171
3154 59 172
3155 153 167
3156 16 153
3157 126 196
3158 135 160
3159 1 132
3160 182 197
3161 45 179
3162 120 140
3163 49 176
3164 115 147
3165 45 196
3166 128 176
3167 30 59
3168 196 199
3169 34 38
3170 58 160
3171 43 188
3172 10 15
3173 157 172
3174 105 139
3175 158 159
3176 161 169
3177 24 159
3178 134 164
3179 138 171
3180 90 96
3181 80 86
3182 124 135
3183 19 21
3184 52 75
3185 15 65
3186 184 195
3187 132 163
3188 14 139
3189 180 183
3190 38 61
3191 4 101
3192 42 176
3193 189 191
3194 122 130
3195 145 185
3196 109 136
3197 95 181
3198 28 146
3199 131 139
3200 98 106
3201 27 42
3202 112 146
3203 60 146
3204 23 30
3205 74 82
3206 40 94
3207 97 147
3208 23 143
3209 26 145
3210 64 68
3211 140 169
3212 188 189
3213 117 193
3214 173 175
3215 121 134
3216 177 180
3217 126 145
3218 103 131
3219 31 166
3220 36 200
3221 55 60
3222 130 149
3223 102 121
3224 49 67
3225 139 193
3226 106 116
3227 31 55
3228 72 188
3229 1 17
3230 101 128
3231 195 199
3232 128 156
3233 172 173
3234 125 139
3235 6 44
3236 91 180
3237 111 185
3238 39 172
3239 29 118
3240 39 61
3241 114 126
3242 191 198
3243 104 184
3244 52 184
3245 42 114
3246 5 14
3247 80 193
3248 137 158
3249 29 152
3250 199 200
3251 132 135
3252 14 103
3253 75 87
3254 189 195
3255 51 158
3256 14 22
3257 165 170
3258 41 101
3259 47 59
3260 178 182
3261 108 187
3262 40 171
3263 23 34
3264 46 129
3265 107 117
3266 141 147
3267 17 141
3268 93 186
3269 40 58
3270 97 191
3271 23 147
3272 73 182
3273 2 106
3274 106 182
3275 126 141
3276 36 157
3277 153 159
3278 102 138
3279 21 144
3280 59 69
3281 82 94
3282 68 157
3283 31 43
3284 35 44
3285 120 196
3286 48 161
3287 54 75
3288 129 160
3289 21 114
3290 96 189
3291 149 173
3292 11 132
3293 176 197
3294 24 57
3295 10 116
3296 105 178
3297 125 175
3298 43 132
3299 6 8
3300 138 144
3301 91 144
3302 110 172
3303 20 156
3304 123 144
3305 33 136
3306 52 156
3307 5 98
3308 9 103
3309 66 112
3310 15 185
3311 28 52
3312 75 115
3313 42 136
3314 99 121
3315 118 183
3316 41 48
3317 151 175
3318 27 101
3319 41 65
3320 61 158
3321 127 141
3322 40 135
3323 13 108
3324 73 193
3325 22 154
3326 69 149
3327 73 82
3328 117 185
3329 121 190
3330 12 59
3331 36 177
3332 130 170
3333 45 61
3334 49 58
3335 12 138
3336 35 123
3337 55 100
3338 25 49
3339 183 192
3340 152 172
3341 44 138
3342 7 22
3343 92 158
3344 129 140
3345 78 89
3346 77 95
3347 78 200
3348 6 101
3349 63 156
3350 10 104
3351 158 160
3352 34 114
3353 181 193
3354 20 193
3355 24 132
3356 134 185
3357 138 180
3358 57 60
3359 39 116
3360 100 102
3361 29 62
3362 53 168
3363 119 187
3364 156 167
3365 29 175
3366 160 162
3367 52 112
3368 38 135
3369 76 78
3370 132 200
3371 5 70
3372 133 145
3373 136 139
3374 62 152
3375 85 89
3376 51 169
3377 71 90
3378 109 163
3379 146 175
3380 166 170
3381 4 17
3382 99 149
3383 118 147
3384 28 143
3385 47 157
3386 193 200
3387 94 152
3388 41 44
3389 151 179
3390 27 65
3391 179 186
3392 37 56
3393 112 119
3394 61 162
3395 155 165
3396 17 196
3397 112 198
3398 40 99
3399 117 123
3400 26 45
3401 69 137
3402 73 78
3403 36 70
3404 59 175
3405 153 166
3406 106 142
3407 130 142
3408 135 163
3409 72 129
3410 21 200
3411 115 146
3412 58 62
3413 34 39
3414 10 12
3415 157 171
3416 30 75
3417 105 138
3418 161 168
3419 39 139
3420 134 165
3421 138 168
3422 67 194
3423 33 86
3424 80 87
3425 194 195
3426 124 128
3427 52 165
3428 56 160
3429 19 20
3430 29 179
3431 184 196
3432 42 46
3433 132 172
3434 38 50
3435 4 102
3436 189 190
3437 28 124
3438 122 131
3439 14 59
3440 145 184
3441 109 135
3442 146 147
3443 95 180
3444 99 177
3445 28 147
3446 37 75
3447 131 138
3448 64 167
3449 27 45
3450 84 170
3451 17 23
3452 112 147
3453 41 153
3454 23 25
3455 74 83
3456 37 173
3457 97 146
3458 64 69
3459 74 162
3460 188 190
3461 117 192
3462 173 174
3463 46 68
3464 121 133
3465 69 109
3466 126 150
3467 36 122
3468 22 61
3469 97 124
3470 35 162
3471 130 146
3472 102 126
3473 106 117
3474 35 51
3475 45 150
3476 48 134
3477 1 16
3478 101 143
3479 195 198
3480 128 157
3481 6 146
3482 172 174
3483 87 93
3484 34 75
3485 125 138
3486 110 145
3487 111 184
3488 33 114
3489 57 116
3490 76 176
3491 114 127
3492 191 193
3493 124 164
3494 19 48
3495 5 13
3496 137 157
3497 29 151
3498 89 180
3499 14 100
3500 75 86
3501 4 90
3502 42 149
3503 189 194
3504 165 169
3505 27 152
3506 17 98
3507 61 121
3508 47 58
3509 108 180
3510 40 172
3511 141 146
3512 70 120
3513 40 59
3514 97 190
3515 23 146
3516 69 176
3517 73 181
3518 2 107
3519 26 101
3520 12 16
3521 106 183
3522 36 158
3523 153 158
3524 102 139
3525 139 159
3526 106 198
3527 35 94
3528 21 159
3529 59 68
3530 82 95
3531 68 158
3532 31 42
3533 35 47
3534 48 162
3535 149 172
3536 48 49
3537 11 135
3538 176 198
3539 77 186
3540 24 58
3541 125 174
3542 114 129
3543 43 135
3544 6 9
3545 138 145
3546 190 197
3547 67 154
3548 57 144
3549 9 21
3550 104 149
3551 123 147
3552 33 143
3553 52 157
3554 38 152
3555 5 97
3556 80 174
3557 136 144
3558 86 116
3559 89 144
3560 42 137
3561 99 120
3562 118 180
3563 122 187
3564 41 55
3565 178 200
3566 41 64
3567 61 157
3568 127 140
3569 40 136
3570 3 28
3571 60 91
3572 26 167
3573 50 97
3574 70 100
3575 22 155
3576 16 32
3577 73 81
3578 117 184
3579 103 117
3580 130 171
3581 135 190
3582 102 183
3583 49 57
3584 12 139
3585 139 187
3586 55 103
3587 183 195
3588 21 36
3589 152 173
3590 7 17
3591 30 178
3592 105 115
3593 34 145
3594 92 159
3595 129 131
3596 148 153
3597 78 94
3598 20 83
3599 77 94
3600 158 161
3601 181 192
3602 134 190
3603 57 67
3604 100 103
3605 29 61
3606 124 125
3607 5 52
3608 156 160
3609 29 174
3610 123 191
3611 160 163
3612 56 116
3613 38 132
3614 76 79
3615 5 69
3616 133 144
3617 136 140
3618 66 196
3619 85 88
3620 71 85
3621 18 99
3622 109 162
3623 146 172
3624 166 171
3625 4 18
3626 118 144
3627 28 136
3628 47 156
3629 131 145
3630 27 64
3631 51 70
3632 179 189
3633 108 109
3634 37 39
3635 155 164
3636 107 175
3637 127 160
3638 37 136
3639 23 101
3640 121 127
3641 3 137
3642 26 42
3643 50 148
3644 73 77
3645 55 165
3646 153 165
3647 35 137
3648 130 143
3649 135 162
3650 92 93
3651 1 11
3652 115 149
3653 7 117
3654 48 106
3655 11 126
3656 105 111
3657 72 96
3658 58 63
3659 78 186
3660 34 36
3661 24 114
3662 10 13
3663 157 170
3664 105 137
3665 161 175
3666 91 170
3667 134 154
3668 138 169
3669 57 95
3670 124 129
3671 57 200
3672 184 197
3673 38 160
3674 76 115
3675 42 47
3676 89 200
3677 38 51
3678 4 103
3679 28 125
3680 122 128
3681 32 120
3682 14 56
3683 145 191
3684 109 134
3685 165 180
3686 51 53
3687 131 141
3688 98 104
3689 84 171
3690 17 22
3691 40 177
3692 23 24
3693 74 80
3694 37 172
3695 40 64
3696 97 145
3697 188 200
3698 64 70
3699 70 172
3700 188 191
3701 121 132
3702 12 109
3703 126 151
3704 36 123
3705 97 115
3706 31 160
3707 197 200
3708 35 165
3709 55 62
3710 130 147
3711 25 127
3712 102 127
3713 49 65
3714 68 187
3715 31 49
3716 106 114
3717 35 50
3718 115 192
3719 45 149
3720 48 135
3721 11 13
3722 149 151
3723 7 89
3724 101 142
3725 128 158
3726 6 147
3727 172 175
3728 87 92
3729 125 137
3730 77 102
3731 6 34
3732 91 182
3733 110 150
3734 111 187
3735 76 177
3736 114 124
3737 191 192
3738 104 186
3739 124 165
3740 5 12
3741 80 195
3742 100 142
3743 137 156
3744 66 106
3745 65 162
3746 42 146
3747 189 193
3748 32 132
3749 165 168
3750 98 157
3751 17 97
3752 71 178
3753 178 180
3754 108 181
3755 112 176
3756 40 173
3757 107 119
3758 141 145
3759 40 60
3760 69 191
3761 73 180
3762 2 104
3763 26 98
3764 12 17
3765 106 180
3766 126 179
3767 153 157
3768 102 136
3769 139 158
3770 35 65
3771 21 158
3772 79 136
3773 82 92
3774 68 159
3775 35 46
3776 44 160
3777 7 44
3778 120 198
3779 149 171
3780 81 173
3781 48 50
3782 176 199
3783 77 185
3784 24 59
3785 10 114
3786 105 176
3787 87 96
3788 125 173
3789 6 14
3790 138 158
3791 67 157
3792 9 20
3793 104 150
3794 123 146
3795 33 142
3796 52 158
3797 80 175
3798 136 145
3799 9 101
3800 32 49
3801 14 65
3802 109 189
3803 38 123
3804 113 186
3805 99 123
3806 122 184
3807 32 160
3808 94 162
3809 98 161
3810 151 169
3811 99 200
3812 107 194
3813 127 143
3814 26 164
3815 46 163
3816 140 156
3817 13 106
3818 73 199
3819 22 152
3820 16 33
3821 73 80
3822 36 44
3823 26 70
3824 150 175
3825 82 177
3826 45 59
3827 49 56
3828 55 102
3829 25 55
3830 183 194
3831 152 174
3832 25 160
3833 44 132
3834 7 16
3835 105 114
3836 92 152
3837 129 130
3838 148 154
3839 78 95
3840 101 198
3841 20 92
3842 77 93
3843 63 158
3844 10 22
3845 158 166
3846 57 66
3847 80 109
3848 123 193
3849 124 126
3850 119 181
3851 156 161
3852 29 173
3853 123 190
3854 160 164
3855 52 114
3856 109 127
3857 56 117
3858 80 139
3859 133 159
3860 136 141
3861 65 106
3862 51 171
3863 71 84
3864 109 161
3865 166 168
3866 4 19
3867 99 151
3868 118 145
3869 28 137
3870 47 159
3871 94 158
3872 131 144
3873 27 67
3874 84 144
3875 179 188
3876 108 110
3877 37 38
3878 155 167
3879 144 180
3880 127 163
3881 60 120
3882 23 100
3883 26 184
3884 121 126
3885 22 164
3886 26 43
3887 73 76
3888 36 64
3889 55 164
3890 153 164
3891 102 193
3892 106 140
3893 16 156
3894 130 140
3895 25 98
3896 135 157
3897 1 153
3898 92 94
3899 1 10
3900 44 104
3901 7 116
3902 30 175
3903 105 110
3904 58 60
3905 148 190
3906 34 37
3907 58 175
3908 157 169
3909 105 136
3910 161 174
3911 91 173
3912 134 155
3913 67 196
3914 57 94
3915 124 130
3916 52 167
3917 19 22
3918 9 44
3919 184 198
3920 42 44
3921 132 174
3922 38 48
3923 62 186
3924 65 118
3925 28 126
3926 122 129
3927 145 190
3928 109 133
3929 95 182
3930 51 52
3931 131 140
3932 95 199
3933 98 105
3934 27 47
3935 17 21
3936 112 149
3937 23 27
3938 61 196
3939 74 81
3940 37 171
3941 40 65
3942 3 87
3943 97 144
3944 23 136
3945 140 164
3946 70 173
3947 121 139
3948 126 148
3949 97 114
3950 31 163
3951 35 164
3952 55 57
3953 130 144
3954 25 126
3955 83 176
3956 102 124
3957 49 64
3958 68 164
3959 106 115
3960 35 53
3961 45 148
3962 48 184
3963 11 12
3964 1 22
3965 149 150
3966 101 141
3967 195 200
3968 128 159
3969 24 32
3970 87 95
3971 125 136
3972 101 111
3973 111 186
3974 39 169
3975 134 135
3976 67 160
3977 87 189
3978 76 178
3979 39 62
3980 114 125
3981 191 195
3982 104 187
3983 123 137
3984 19 50
3985 42 113
3986 5 11
3987 80 196
3988 62 116
3989 89 186
3990 85 174
3991 14 106
3992 42 147
3993 189 192
3994 14 21
3995 95 170
3996 75 182
3997 178 181
3998 3 34
3999 107 118
4000 141 144
4001 17 130
4002 108 197
4003 40 61
4004 23 172
4005 73 187
4006 2 105
4007 117 162
4008 12 18
4009 126 176
4010 36 152
4011 153 156
4012 102 137
4013 139 145
4014 106 196
4015 35 64
4016 21 157
4017 59 70
4018 82 93
4019 68 152
4020 116 140
4021 7 47
4022 120 199
4023 34 139
4024 96 176
4025 149 170
4026 44 48
4027 48 51
4028 105 183
4029 34 109
4030 125 172
4031 6 15
4032 138 159
4033 67 156
4034 104 151
4035 123 149
4036 15 21
4037 5 111
4038 136 146
4039 9 100
4040 89 150
4041 32 50
4042 14 70
4043 71 115
4044 113 185
4045 118 138
4046 122 185
4047 142 170
4048 94 163
4049 41 53
4050 178 198
4051 41 70
4052 127 142
4053 37 146
4054 26 165
4055 46 160
4056 140 157
4057 23 176
4058 69 146
4059 16 34
4060 36 45
4061 12 54
4062 103 119
4063 130 169
4064 82 174
4065 45 58
4066 102 181
4067 49 63
4068 12 133
4069 31 123
4070 103 196
4071 55 97
4072 59 98
4073 45 75
4074 21 34
4075 115 187
4076 152 175
4077 44 133
4078 7 19
4079 48 64
4080 105 113
4081 34 175
4082 92 153
4083 148 155
4084 78 92
4085 101 197
4086 20 93
4087 77 92
4088 105 147
4089 158 167
4090 34 113
4091 57 65
4092 20 179
4093 39 113
4094 43 114
4095 29 59
4096 124 127
4097 53 181
4098 5 50
4099 119 180
4100 156 162
4101 29 172
4102 160 165
4103 109 126
4104 19 106
4105 113 123
4106 133 158
4107 136 142
4108 65 105
4109 71 87
4110 109 160
4111 146 170
4112 166 169
4113 4 28
4114 99 150
4115 118 150
4116 28 138
4117 47 158
4118 94 159
4119 131 147
4120 27 66
4121 179 191
4122 108 111
4123 155 166
4124 3 122
4125 97 139
4126 117 120
4127 121 125
4128 22 165
4129 26 40
4130 46 47
4131 69 118
4132 36 65
4133 55 167
4134 59 160
4135 153 171
4136 117 154
4137 126 200
4138 130 141
4139 135 156
4140 12 169
4141 92 95
4142 55 69
4143 48 157
4144 1 9
4145 115 151
4146 116 196
4147 11 112
4148 30 172
4149 105 109
4150 34 179
4151 128 180
4152 58 61
4153 148 191
4154 58 172
4155 10 11
4156 157 168
4157 105 143
4158 161 173
4159 91 172
4160 39 132
4161 57 93
4162 29 31
4163 33 196
4164 52 160
4165 124 131
4166 5 22
4167 184 199
4168 38 166
4169 42 45
4170 132 175
4171 136 170
4172 65 196
4173 86 178
4174 38 49
4175 4 97
4176 28 127
4177 122 142
4178 145 189
4179 109 132
4180 95 177
4181 51 55
4182 71 200
4183 131 143
4184 95 198
4185 98 102
4186 27 46
4187 17 20
4188 112 150
4189 23 26
4190 144 145
4191 74 94
4192 40 66
4193 97 151
4194 23 139
4195 26 157
4196 70 162
4197 2 130
4198 83 85
4199 46 75
4200 121 138
4201 69 106
4202 126 149
4203 36 101
4204 97 113
4205 35 167
4206 130 145
4207 59 61
4208 102 125
4209 68 165
4210 31 51
4211 106 112
4212 35 52
4213 45 147
4214 11 15
4215 54 99
4216 1 21
4217 101 140
4218 128 144
4219 24 33
4220 6 145
4221 87 94
4222 34 70
4223 125 135
4224 20 21
4225 101 110
4226 111 197
4227 43 45
4228 29 114
4229 67 163
4230 39 57
4231 190 191
4232 191 194
4233 123 136
4234 124 167
4235 15 48
4236 42 126
4237 5 10
4238 100 136
4239 119 124
4240 89 185
4241 62 196
4242 28 44
4243 18 22
4244 122 162
4245 89 91
4246 27 157
4247 75 169
4248 61 118
4249 108 183
4250 127 149
4251 88 187
4252 141 143
4253 108 198
4254 40 62
4255 97 179
4256 23 175
4257 69 189
4258 73 186
4259 2 102
4260 117 161
4261 12 19
4262 106 178
4263 102 142
4264 139 144
4265 106 197
4266 35 67
4267 21 156
4268 82 90
4269 45 102
4270 44 162
4271 34 136
4272 92 182
4273 129 164
4274 21 126
4275 149 169
4276 48 52
4277 24 61
4278 105 182
4279 125 171
4280 114 188
4281 24 172
4282 6 12
4283 138 156
4284 190 200
4285 67 159
4286 123 148
4287 52 152
4288 15 20
4289 5 110
4290 80 161
4291 136 147
4292 180 196
4293 28 48
4294 32 51
4295 113 184
4296 118 139
4297 41 52
4298 47 106
4299 178 199
4300 71 144
4301 41 69
4302 61 154
4303 127 137
4304 60 86
4305 26 162
4306 84 92
4307 140 158
4308 13 104
4309 22 158
4310 69 145
4311 73 86
4312 36 46
4313 26 68
4314 12 55
4315 103 118
4316 106 150
4317 45 57
4318 12 134
4319 1 179
4320 25 53
4321 1 44
4322 21 33
4323 44 134
4324 7 18
4325 48 65
4326 105 112
4327 34 172
4328 128 169
4329 92 154
4330 78 93
4331 101 196
4332 77 91
4333 24 25
4334 63 152
4335 10 20
4336 105 146
4337 158 164
4338 111 140
4339 57 64
4340 43 117
4341 29 58
4342 119 183
4343 156 163
4344 29 171
4345 123 176
4346 160 166
4347 19 109
4348 113 122
4349 132 180
4350 133 157
4351 136 143
4352 51 173
4353 71 86
4354 109 159
4355 146 171
4356 166 174
4357 118 151
4358 28 139
4359 94 156
4360 131 146
4361 51 75
4362 179 190
4363 127 173
4364 3 125
4365 97 138
4366 26 134
4367 121 124
4368 26 41
4369 69 117
4370 36 66
4371 59 163
4372 153 170
4373 130 138
4374 135 159
4375 12 170
4376 31 94
4377 55 68
4378 120 145
4379 49 171
4380 1 8
4381 115 150
4382 25 130
4383 44 106
4384 101 151
4385 48 109
4386 105 108
4387 34 176
4388 54 55
4389 10 185
4390 34 35
4391 58 173
4392 6 69
4393 63 188
4394 157 167
4395 105 142
4396 161 172
4397 39 135
4398 114 196
4399 134 153
4400 29 109
4401 67 198
4402 33 106
4403 57 92
4404 9 193
4405 29 30
4406 124 156
4407 5 21
4408 62 94
4409 100 149
4410 29 143
4411 184 200
4412 38 167
4413 4 98
4414 8 101
4415 65 116
4416 122 143
4417 32 123
4418 89 126
4419 145 188
4420 95 176
4421 27 176
4422 51 54
4423 131 142
4424 4 128
4425 98 103
4426 27 33
4427 112 151
4428 40 180
4429 41 157
4430 74 95
4431 37 169
4432 40 67
4433 3 89
4434 97 150
4435 70 163
4436 2 131
4437 83 84
4438 121 137
4439 93 115
4440 97 112
4441 31 173
4442 35 166
4443 55 59
4444 21 135
4445 59 60
4446 186 198
4447 83 178
4448 102 114
4449 49 70
4450 68 166
4451 31 50
4452 106 113
4453 72 161
4454 35 55
4455 139 196
4456 115 197
4457 45 146
4458 11 14
4459 1 20
4460 7 90
4461 101 139
4462 128 145
4463 129 200
4464 24 34
4465 87 89
4466 125 134
4467 20 22
4468 6 33
4469 81 96
4470 101 109
4471 111 196
4472 39 171
4473 43 44
4474 67 162
4475 33 118
4476 57 120
4477 114 123
4478 104 189
4479 123 139
4480 124 160
4481 56 64
4482 19 52
4483 42 127
4484 5 9
4485 100 137
4486 119 127
4487 132 140
4488 65 167
4489 28 45
4490 32 40
4491 14 104
4492 113 147
4493 42 145
4494 122 163
4495 32 135
4496 89 90
4497 145 152
4498 98 152
4499 27 156
4500 75 168
4501 108 176
4502 127 148
4503 112 179
4504 141 142
4505 97 178
4506 69 188
4507 73 185
4508 2 103
4509 106 179
4510 126 182
4511 36 154
4512 2 22
4513 102 143
4514 139 147
4515 31 129
4516 35 66
4517 21 155
4518 82 91
4519 68 154
4520 96 195
4521 129 187
4522 21 125
4523 96 178
4524 81 162
4525 48 53
4526 24 62
4527 6 114
4528 125 170
4529 24 173
4530 6 13
4531 138 157
4532 63 69
4533 67 158
4534 123 151
4535 38 156
4536 5 109
4537 80 162
4538 136 148
4539 9 106
4540 15 132
4541 32 52
4542 38 126
4543 113 191
4544 118 136
4545 28 160
4546 122 199
4547 32 163
4548 94 161
4549 41 59
4550 131 185
4551 151 170
4552 41 68
4553 131 198
4554 13 22
4555 127 136
4556 26 163
4557 46 166
4558 84 93
4559 140 159
4560 13 103
4561 88 152
4562 73 196
4563 3 145
4564 22 159
4565 73 85
4566 36 47
4567 26 69
4568 12 48
4569 103 113
4570 106 151
4571 16 179
4572 35 145
4573 130 167
4574 150 162
4575 139 191
4576 12 135
4577 31 101
4578 59 100
4579 25 52
4580 25 165
4581 44 135
4582 7 13
4583 48 66
4584 105 119
4585 34 173
4586 128 170
4587 92 155
4588 129 135
4589 148 165
4590 20 95
4591 77 90
4592 24 26
4593 10 21
4594 105 145
4595 158 165
4596 80 96
4597 43 116
4598 29 57
4599 57 176
4600 5 48
4601 171 200
4602 119 182
4603 29 170
4604 123 179
4605 160 167
4606 109 124
4607 38 184
4608 132 181
4609 5 65
4610 133 156
4611 136 176
4612 42 198
4613 65 111
4614 51 172
4615 71 81
4616 166 175
4617 118 148
4618 28 132
4619 47 152
4620 193 195
4621 94 157
4622 131 149
4623 27 68
4624 41 160
4625 127 172
4626 3 124
4627 97 137
4628 26 135
4629 144 198
4630 36 67
4631 55 161
4632 59 162
4633 22 42
4634 97 107
4635 153 169
4636 102 196
4637 106 139
4638 130 139
4639 135 158
4640 83 153
4641 45 173
4642 159 165
4643 1 15
4644 25 129
4645 101 150
4646 11 114
4647 128 182
4648 58 59
4649 148 185
4650 181 191
4651 24 118
4652 157 166
4653 105 141
4654 161 163
4655 134 158
4656 57 99
4657 124 157
4658 52 162
4659 56 165
4660 5 20
4661 29 142
4662 89 163
4663 19 136
4664 42 43
4665 132 169
4666 136 172
4667 86 176
4668 180 189
4669 38 55
4670 4 99
4671 122 140
4672 14 60
4673 109 130
4674 47 188
4675 51 57
4676 98 100
4677 64 188
4678 27 32
4679 112 136
4680 88 161
4681 144 147
4682 74 92
4683 40 68
4684 97 149
4685 188 196
4686 70 160
4687 74 175
4688 83 87
4689 121 136
4690 12 105
4691 97 119
4692 31 172
4693 35 169
4694 55 58
4695 21 134
4696 59 63
4697 186 199
4698 25 67
4699 102 115
4700 49 69
4701 68 167
4702 31 61
4703 106 126
4704 139 199
4705 182 187
4706 115 196
4707 116 171
4708 44 184
4709 45 145
4710 92 172
4711 115 117
4712 101 138
4713 68 69
4714 128 146
4715 24 35
4716 87 88
4717 34 68
4718 125 133
4719 6 38
4720 101 108
4721 111 199
4722 29 112
4723 67 165
4724 33 117
4725 39 59
4726 114 120
4727 123 138
4728 124 161
4729 15 50
4730 56 65
4731 42 124
4732 5 8
4733 119 126
4734 29 146
4735 52 53
4736 132 141
4737 28 46
4738 85 171
4739 32 41
4740 18 20
4741 75 77
4742 113 146
4743 122 160
4744 17 101
4745 75 171
4746 61 116
4747 64 152
4748 108 177
4749 127 151
4750 112 180
4751 40 145
4752 88 189
4753 108 192
4754 69 187
4755 36 52
4756 2 100
4757 83 115
4758 12 13
4759 106 176
4760 102 140
4761 139 146
4762 12 156
4763 21 154
4764 82 88
4765 48 200
4766 21 124
4767 48 54
4768 105 180
4769 125 169
4770 138 154
4771 91 150
4772 63 68
4773 53 94
4774 123 150
4775 15 22
4776 38 157
4777 80 163
4778 136 149
4779 89 155
4780 180 198
4781 32 53
4782 14 69
4783 113 190
4784 118 137
4785 32 164
4786 94 166
4787 41 58
4788 27 123
4789 47 116
4790 178 197
4791 41 75
4792 13 21
4793 107 198
4794 108 149
4795 127 139
4796 26 160
4797 84 94
4798 88 153
4799 3 144
4800 22 156
4801 73 84
4802 36 40
4803 26 66
4804 103 112
4805 130 164
4806 150 163
4807 45 55
4808 139 190
4809 12 128
4810 59 103
4811 25 59
4812 1 34
4813 44 128
4814 7 12
4815 48 67
4816 105 118
4817 72 73
4818 128 171
4819 129 134
4820 10 131
4821 77 89
4822 24 27
4823 63 154
4824 10 18
4825 105 144
4826 158 170
4827 39 157
4828 134 179
4829 138 190
4830 57 70
4831 100 108
4832 123 197
4833 123 178
4834 15 106
4835 109 123
4836 113 120
4837 42 52
4838 80 143
4839 132 182
4840 133 155
4841 14 182
4842 85 99
4843 51 175
4844 14 33
4845 89 96
4846 71 80
4847 109 157
4848 146 169
4849 166 172
4850 118 149
4851 28 133
4852 193 194
4853 131 148
4854 84 156
4855 127 175
4856 3 127
4857 97 136
4858 60 116
4859 26 132
4860 50 62
4861 26 55
4862 46 50
4863 50 145
4864 55 160
4865 2 44
4866 59 165
4867 97 106
4868 153 168
4869 102 197
4870 106 136
4871 130 136
4872 135 153
4873 83 152
4874 72 135
4875 55 70
4876 45 172
4877 120 147
4878 49 169
4879 159 164
4880 1 14
4881 25 128
4882 7 112
4883 101 149
4884 48 111
4885 11 117
4886 128 183
4887 30 34
4888 181 190
4889 20 124
4890 58 171
4891 185 187
4892 6 59
4893 101 119
4894 157 165
4895 105 140
4896 161 162
4897 91 161
4898 39 129
4899 134 159
4900 67 200
4901 33 104
4902 124 158
4903 52 163
4904 5 19
4905 100 151
4906 119 149
4907 160 196
4908 89 162
4909 38 165
4910 132 170
4911 86 177
4912 180 190
4913 184 185
4914 38 52
4915 4 108
4916 169 171
4917 8 103
4918 28 122
4919 122 141
4920 145 178
4921 109 129
4922 95 178
4923 51 56
4924 95 195
4925 98 101
4926 27 35
4927 198 200
4928 112 137
4929 40 182
4930 41 131
4931 88 162
4932 144 148
4933 74 93
4934 3 91
4935 97 148
4936 23 132
4937 26 152
4938 188 197
4939 69 198
4940 73 131
4941 168 169
4942 83 86
4943 121 143
4944 12 106
4945 16 109
4946 2 48
4947 97 118
4948 59 62
4949 25 66
4950 102 112
4951 49 68
4952 68 160
4953 106 127
4954 139 198
4955 35 57
4956 182 184
4957 48 188
4958 92 173
4959 21 103
4960 101 137
4961 68 70
4962 128 147
4963 24 36
4964 87 91
4965 34 69
4966 125 132
4967 114 151
4968 43 145
4969 111 198
4970 39 165
4971 43 46
4972 33 116
4973 39 58
4974 114 121
4975 119 200
4976 123 141
4977 124 162
4978 15 61
4979 56 66
4980 100 139
4981 119 121
4982 29 145
4983 52 54
4984 132 142
4985 65 165
4986 32 42
4987 14 110
4988 18 21
4989 75 76
4990 38 80
4991 113 145
4992 95 150
4993 98 150
4994 88 96
4995 17 100
4996 127 150
4997 40 146
4998 3 38
4999 46 136
5000 108 193
5001 50 198
5002 36 53
5003 2 101
5004 121 171
5005 12 14
5006 126 180
5007 2 20
5008 139 149
5009 106 192
5010 35 68
5011 21 153
5012 82 89
5013 44 157
5014 11 44
5015 34 135
5016 54 66
5017 129 185
5018 21 123
5019 7 184
5020 48 55
5021 125 168
5022 110 196
5023 111 117
5024 24 175
5025 138 155
5026 143 174
5027 29 196
5028 33 129
5029 15 17
5030 38 146
5031 133 166
5032 136 150
5033 137 163
5034 66 75
5035 180 199
5036 28 51
5037 113 189
5038 99 126
5039 118 142
5040 122 197
5041 32 165
5042 94 167
5043 41 57
5044 131 187
5045 151 164
5046 13 131
5047 131 200
5048 13 20
5049 108 150
5050 127 138
5051 37 158
5052 26 161
5053 84 95
5054 140 153
5055 13 101
5056 88 154
5057 70 94
5058 3 147
5059 192 200
5060 73 91
5061 36 41
5062 59 152
5063 79 85
5064 26 67
5065 12 50
5066 103 115
5067 130 165
5068 150 160
5069 82 170
5070 49 51
5071 12 129
5072 16 196
5073 1 176
5074 25 58
5075 115 191
5076 25 171
5077 44 129
5078 7 15
5079 48 68
5080 105 117
5081 34 171
5082 72 74
5083 129 133
5084 148 167
5085 101 193
5086 20 89
5087 77 88
5088 24 28
5089 10 19
5090 30 86
5091 105 151
5092 158 171
5093 39 156
5094 24 139
5095 57 69
5096 43 118
5097 9 170
5098 100 109
5099 29 55
5100 33 60
5101 57 182
5102 5 62
5103 119 176
5104 29 168
5105 123 181
5106 109 122
5107 19 110
5108 132 183
5109 80 128
5110 133 154
5111 66 175
5112 86 170
5113 14 183
5114 113 200
5115 42 196
5116 14 38
5117 71 83
5118 166 173
5119 27 169
5120 28 134
5121 47 154
5122 131 151
5123 151 200
5124 8 170
5125 27 70
5126 84 157
5127 17 44
5128 41 166
5129 127 174
5130 97 143
5131 60 117
5132 23 99
5133 26 52
5134 46 51
5135 69 114
5136 55 163
5137 59 164
5138 97 105
5139 153 175
5140 130 137
5141 25 101
5142 135 152
5143 12 165
5144 1 156
5145 55 65
5146 45 171
5147 48 145
5148 49 168
5149 159 167
5150 1 13
5151 115 155
5152 44 101
5153 101 148
5154 11 116
5155 128 136
5156 148 187
5157 30 35
5158 34 62
5159 181 189
5160 20 125
5161 185 186
5162 101 118
5163 157 164
5164 134 156
5165 110 111
5166 124 159
5167 52 172
5168 167 173
5169 5 18
5170 100 144
5171 89 161
5172 15 73
5173 180 191
5174 184 186
5175 38 53
5176 4 109
5177 42 184
5178 169 170
5179 28 123
5180 122 138
5181 32 126
5182 145 177
5183 109 128
5184 95 189
5185 51 59
5186 27 34
5187 112 138
5188 144 149
5189 74 90
5190 40 70
5191 3 90
5192 188 198
5193 26 153
5194 168 170
5195 22 69
5196 83 89
5197 121 142
5198 97 117
5199 21 132
5200 186 197
5201 25 65
5202 79 178
5203 45 126
5204 68 161
5205 72 164
5206 35 56
5207 115 198
5208 45 143
5209 1 105
5210 92 174
5211 21 102
5212 115 119
5213 101 136
5214 128 148
5215 24 37
5216 30 31
5217 87 90
5218 34 66
5219 125 131
5220 77 96
5221 101 106
5222 111 193
5223 39 164
5224 67 167
5225 39 53
5226 114 118
5227 123 140
5228 124 163
5229 15 60
5230 56 67
5231 42 122
5232 5 118
5233 80 185
5234 119 120
5235 123 125
5236 86 99
5237 89 189
5238 52 55
5239 132 143
5240 28 40
5241 32 43
5242 14 111
5243 75 79
5244 32 154
5245 89 95
5246 145 157
5247 95 145
5248 98 151
5249 71 168
5250 75 173
5251 61 114
5252 64 154
5253 108 179
5254 127 145
5255 50 116
5256 107 109
5257 17 133
5258 93 178
5259 97 183
5260 60 61
5261 36 54
5262 74 193
5263 2 98
5264 121 170
5265 12 15
5266 177 200
5267 126 181
5268 36 133
5269 2 21
5270 102 130
5271 139 148
5272 106 193
5273 21 152
5274 82 86
5275 45 98
5276 1 196
5277 116 137
5278 11 47
5279 34 132
5280 1 117
5281 92 178
5282 21 122
5283 96 181
5284 44 45
5285 7 187
5286 10 124
5287 125 167
5288 91 123
5289 114 184
5290 138 152
5291 33 128
5292 15 16
5293 5 106
5294 80 165
5295 133 165
5296 136 151
5297 89 153
5298 180 192
5299 32 55
5300 109 183
5301 38 125
5302 4 37
5303 118 143
5304 51 194
5305 94 164
5306 151 167
5307 13 130
5308 178 195
5309 13 19
5310 108 151
5311 127 181
5312 37 157
5313 3 5
5314 60 82
5315 26 174
5316 46 165
5317 84 88
5318 140 154
5319 88 155
5320 141 175
5321 3 146
5322 22 146
5323 69 157
5324 16 39
5325 73 90
5326 36 42
5327 79 84
5328 26 64
5329 117 129
5330 103 114
5331 106 146
5332 35 146
5333 150 161
5334 82 171
5335 45 53
5336 49 50
5337 12 130
5338 139 176
5339 96 115
5340 25 57
5341 45 70
5342 135 196
5343 115 190
5344 44 130
5345 7 14
5346 48 69
5347 72 75
5348 129 132
5349 101 192
5350 20 90
5351 77 87
5352 24 29
5353 10 16
5354 105 150
5355 158 168
5356 111 136
5357 39 159
5358 24 140
5359 57 68
5360 147 198
5361 43 105
5362 100 110
5363 104 105
5364 123 199
5365 57 181
5366 5 61
5367 29 167
5368 123 180
5369 52 120
5370 15 116
5371 109 121
5372 113 126
5373 42 50
5374 80 129
5375 133 153
5376 66 172
5377 86 171
5378 89 102
5379 71 82
5380 28 135
5381 47 165
5382 131 150
5383 84 158
5384 88 89
5385 41 165
5386 127 169
5387 164 165
5388 3 97
5389 97 142
5390 23 98
5391 50 60
5392 140 190
5393 3 142
5394 26 53
5395 55 162
5396 59 167
5397 97 104
5398 153 174
5399 16 146
5400 130 134
5401 135 155
5402 1 147
5403 55 64
5404 187 200
5405 120 149
5406 48 146
5407 49 175
5408 159 166
5409 1 12
5410 44 102
5411 7 114
5412 101 147
5413 48 97
5414 128 137
5415 11 196
5416 30 32
5417 196 200
5418 34 63
5419 181 188
5420 58 169
5421 77 123
5422 157 163
5423 43 196
5424 134 157
5425 57 96
5426 124 152
5427 167 172
5428 5 17
5429 62 66
5430 100 145
5431 119 151
5432 132 148
5433 38 42
5434 4 110
5435 42 185
5436 28 116
5437 122 139
5438 145 176
5439 51 58
5440 98 99
5441 61 109
5442 27 37
5443 84 178
5444 37 196
5445 112 139
5446 41 129
5447 144 150
5448 74 91
5449 188 199
5450 69 196
5451 70 167
5452 73 129
5453 168 171
5454 83 88
5455 121 141
5456 36 98
5457 55 134
5458 2 14
5459 97 116
5460 31 169
5461 25 64
5462 45 125
5463 83 182
5464 102 118
5465 68 162
5466 31 62
5467 72 165
5468 35 59
5469 182 190
5470 45 142
5471 92 175
5472 21 101
5473 96 170
5474 115 118
5475 81 186
5476 7 86
5477 101 183
5478 11 147
5479 128 149
5480 24 38
5481 34 67
5482 125 130
5483 101 105
5484 111 192
5485 39 167
5486 24 196
5487 39 52
5488 114 119
5489 123 143
5490 56 68
5491 42 123
5492 5 117
5493 80 186
5494 9 114
5495 119 123
5496 123 124
5497 86 96
5498 132 136
5499 28 41
5500 32 44
5501 14 108
5502 18 19
5503 75 78
5504 113 151
5505 122 175
5506 89 94
5507 95 144
5508 98 148
5509 75 172
5510 127 144
5511 112 183
5512 50 117
5513 107 108
5514 70 112
5515 3 185
5516 60 62
5517 50 196
5518 69 184
5519 73 189
5520 36 55
5521 2 99
5522 79 115
5523 26 109
5524 154 166
5525 121 169
5526 2 18
5527 102 131
5528 139 151
5529 12 159
5530 35 70
5531 1 170
5532 21 167
5533 82 87
5534 96 199
5535 72 80
5536 1 116
5537 129 191
5538 21 121
5539 96 182
5540 77 178
5541 6 118
5542 10 125
5543 105 185
5544 111 119
5545 138 153
5546 63 65
5547 15 19
5548 5 105
5549 80 166
5550 133 164
5551 89 152
5552 180 193
5553 18 119
5554 109 182
5555 38 114
5556 113 179
5557 8 33
5558 118 140
5559 32 167
5560 94 165
5561 178 192
5562 13 18
5563 108 144
5564 127 180
5565 37 156
5566 3 4
5567 84 89
5568 140 155
5569 13 99
5570 88 156
5571 73 200
5572 22 147
5573 73 89
5574 36 43
5575 59 154
5576 79 87
5577 26 65
5578 103 109
5579 106 147
5580 36 186
5581 130 163
5582 45 52
5583 135 182
5584 139 179
5585 35 98
5586 59 120
5587 45 69
5588 120 122
5589 1 39
5590 21 44
5591 115 129
5592 44 131
5593 7 9
5594 48 70
5595 105 123
5596 34 169
5597 72 76
5598 129 155
5599 148 161
5600 77 197
5601 20 91
5602 77 86
5603 24 30
5604 10 17
5605 105 149
5606 158 169
5607 181 200
5608 111 139
5609 20 185
5610 43 104
5611 100 111
5612 104 106
5613 123 198
5614 5 60
5615 119 178
5616 123 183
5617 109 120
5618 38 188
5619 113 125
5620 42 51
5621 133 152
5622 136 180
5623 66 173
5624 86 168
5625 85 96
5626 51 176
5627 71 77
5628 109 154
5629 146 164
5630 27 171
5631 28 128
5632 47 164
5633 193 199
5634 37 94
5635 84 159
5636 88 90
5637 17 34
5638 37 47
5639 41 164
5640 17 179
5641 164 166
5642 3 96
5643 97 141
5644 50 61
5645 140 191
5646 26 50
5647 12 65
5648 69 112
5649 97 111
5650 153 173
5651 154 158
5652 103 145
5653 16 147
5654 130 135
5655 135 154
5656 12 167
5657 1 146
5658 55 67
5659 45 169
5660 159 161
5661 1 3
5662 92 196
5663 96 143
5664 7 109
5665 101 146
5666 48 98
5667 128 138
5668 181 187
5669 58 182
5670 24 122
5671 101 116
5672 157 162
5673 161 167
5674 91 162
5675 110 130
5676 114 193
5677 134 146
5678 9 196
5679 124 153
5680 167 175
5681 5 16
5682 62 67
5683 100 146
5684 119 150
5685 136 193
5686 29 138
5687 132 149
5688 14 145
5689 180 185
5690 18 44
5691 38 43
5692 4 111
5693 28 117
5694 122 136
5695 32 112
5696 145 183
5697 51 61
5698 37 114
5699 27 36
5700 112 140
5701 41 128
5702 88 165
5703 144 151
5704 74 88
5705 3 92
5706 23 129
5707 140 163
5708 73 128
5709 168 172
5710 83 91
5711 121 140
5712 12 101
5713 36 99
5714 2 15
5715 35 173
5716 21 130
5717 186 195
5718 45 124
5719 83 185
5720 102 119
5721 68 163
5722 31 57
5723 72 166
5724 35 58
5725 182 191
5726 120 178
5727 92 168
5728 21 100
5729 115 121
5730 149 159
5731 81 185
5732 101 182
5733 11 146
5734 128 150
5735 24 39
5736 34 64
5737 125 129
5738 114 146
5739 43 146
5740 81 91
5741 101 104
5742 111 195
5743 67 169
5744 53 70
5745 39 55
5746 114 116
5747 119 197
5748 191 200
5749 123 142
5750 15 62
5751 56 69
5752 19 59
5753 80 187
5754 9 113
5755 119 122
5756 123 127
5757 89 131
5758 38 196
5759 132 137
5760 28 42
5761 32 45
5762 14 109
5763 14 28
5764 89 93
5765 145 147
5766 98 149
5767 151 157
5768 27 147
5769 28 200
5770 71 170
5771 61 112
5772 64 156
5773 127 147
5774 50 114
5775 107 111
5776 93 176
5777 3 184
5778 60 63
5779 16 61
5780 36 48
5781 154 167
5782 106 188
5783 126 187
5784 2 19
5785 102 128
5786 139 150
5787 25 35
5788 79 144
5789 82 84
5790 21 23
5791 44 152
5792 72 81
5793 54 65
5794 129 190
5795 105 184
5796 125 165
5797 111 118
5798 114 182
5799 147 172
5800 9 179
5801 100 116
5802 52 102
5803 15 18
5804 38 145
5805 76 92
5806 133 163
5807 136 153
5808 9 109
5809 137 160
5810 66 70
5811 89 159
5812 15 131
5813 180 194
5814 19 196
5815 18 116
5816 113 178
5817 4 39
5818 118 141
5819 51 196
5820 41 62
5821 27 127
5822 47 112
5823 178 193
5824 13 17
5825 108 145
5826 127 183
5827 3 7
5828 26 172
5829 84 90
5830 140 148
5831 141 173
5832 73 88
5833 59 157
5834 79 86
5835 103 108
5836 106 144
5837 130 160
5838 45 51
5839 12 188
5840 35 101
5841 59 123
5842 116 120
5843 45 68
5844 120 123
5845 1 38
5846 115 128
5847 44 124
5848 7 8
5849 105 122
5850 34 166
5851 72 77
5852 128 175
5853 92 144
5854 129 154
5855 10 143
5856 77 85
5857 24 31
5858 158 174
5859 111 138
5860 24 142
5861 134 183
5862 20 186
5863 100 104
5864 29 52
5865 104 107
5866 33 49
5867 57 187
5868 5 59
5869 119 141
5870 29 165
5871 123 182
5872 109 119
5873 113 124
5874 42 48
5875 80 131
5876 133 135
5877 4 116
5878 65 98
5879 89 100
5880 71 76
5881 109 153
5882 28 129
5883 47 167
5884 193 198
5885 32 196
5886 84 152
5887 88 91
5888 37 46
5889 41 171
5890 164 167
5891 3 99
5892 97 140
5893 60 112
5894 23 124
5895 26 128
5896 50 58
5897 2 185
5898 26 51
5899 97 110
5900 153 172
5901 154 159
5902 16 148
5903 130 132
5904 135 149
5905 31 68
5906 1 145
5907 55 66
5908 25 27
5909 48 148
5910 49 173
5911 159 160
5912 163 165
5913 1 2
5914 101 145
5915 128 139
5916 78 131
5917 30 38
5918 34 61
5919 181 186
5920 185 191
5921 24 123
5922 101 115
5923 157 161
5924 161 166
5925 91 165
5926 134 147
5927 110 114
5928 57 102
5929 5 142
5930 124 154
5931 167 174
5932 62 64
5933 100 147
5934 119 145
5935 156 157
5936 29 137
5937 86 90
5938 89 166
5939 52 94
5940 132 150
5941 180 186
5942 184 189
5943 38 40
5944 4 104
5945 169 175
5946 28 118
5947 122 137
5948 145 182
5949 98 142
5950 51 60
5951 71 193
5952 27 39
5953 112 141
5954 41 135
5955 88 166
5956 74 89
5957 23 128
5958 188 193
5959 70 165
5960 73 135
5961 74 168
5962 168 173
5963 83 90
5964 121 147
5965 12 102
5966 16 97
5967 2 12
5968 35 172
5969 21 129
5970 186 192
5971 25 70
5972 45 123
5973 102 116
5974 68 172
5975 31 56
5976 106 123
5977 35 61
5978 182 188
5979 45 140
5980 58 105
5981 21 99
5982 115 120
5983 149 158
5984 128 151
5985 24 40
5986 6 136
5987 105 195
5988 34 65
5989 125 128
5990 81 90
5991 20 131
5992 39 161
5993 29 75
5994 53 69
5995 114 117
5996 119 196
5997 104 163
5998 123 129
5999 124 190
6000 15 57
6001 56 70
6002 100 183
6003 137 139
6004 66 99
6005 123 126
6006 86 102
6007 132 138
6008 28 43
6009 32 46
6010 14 114
6011 113 149
6012 32 157
6013 89 92
6014 145 146
6015 98 146
6016 71 165
6017 75 174
6018 127 146
6019 40 150
6020 60 73
6021 107 110
6022 97 180
6023 50 194
6024 69 166
6025 2 97
6026 22 100
6027 154 164
6028 106 189
6029 2 16
6030 102 129
6031 21 165
6032 59 94
6033 25 34
6034 82 85
6035 21 22
6036 44 153
6037 11 32
6038 72 82
6039 129 189
6040 6 116
6041 105 191
6042 125 164
6043 162 174
6044 91 124
6045 111 113
6046 6 7
6047 134 200
6048 147 175
6049 100 117
6050 63 67
6051 29 47
6052 104 112
6053 100 196
6054 33 133
6055 76 93
6056 80 152
6057 133 162
6058 137 167
6059 15 130
6060 180 195
6061 118 130
6062 94 171
6063 41 61
6064 131 191
6065 84 133
6066 13 16
6067 108 146
6068 37 154
6069 40 114
6070 3 6
6071 26 173
6072 84 91
6073 140 149
6074 88 158
6075 141 172
6076 22 145
6077 73 95
6078 59 156
6079 79 81
6080 103 111
6081 106 145
6082 35 151
6083 55 200
6084 130 161
6085 82 166
6086 45 50
6087 83 131
6088 49 55
6089 139 181
6090 25 62
6091 45 67
6092 115 131
6093 44 125
6094 7 11
6095 105 121
6096 34 167
6097 72 78
6098 129 153
6099 77 84
6100 6 80
6101 158 175
6102 39 152
6103 57 73
6104 80 102
6105 100 105
6106 29 51
6107 104 108
6108 57 186
6109 119 140
6110 29 164
6111 109 118
6112 113 115
6113 42 49
6114 80 132
6115 132 179
6116 133 134
6117 136 182
6118 66 171
6119 86 174
6120 4 117
6121 14 42
6122 71 79
6123 109 152
6124 27 173
6125 28 130
6126 193 197
6127 61 70
6128 84 153
6129 88 92
6130 37 45
6131 13 52
6132 97 131
6133 23 127
6134 26 129
6135 46 196
6136 50 59
6137 26 48
6138 69 126
6139 73 123
6140 55 191
6141 22 44
6142 97 109
6143 154 156
6144 16 149
6145 130 133
6146 135 148
6147 12 161
6148 1 144
6149 25 26
6150 49 172
6151 159 163
6152 163 164
6153 44 97
6154 7 111
6155 48 100
6156 11 104
6157 128 140
6158 30 39
6159 34 58
6160 181 185
6161 185 190
6162 58 180
6163 101 114
6164 157 160
6165 161 165
6166 134 144
6167 110 115
6168 124 155
6169 167 169
6170 62 65
6171 156 158
6172 86 91
6173 89 165
6174 132 151
6175 180 187
6176 184 190
6177 38 41
6178 4 105
6179 169 174
6180 28 119
6181 122 150
6182 32 114
6183 145 181
6184 98 143
6185 99 186
6186 51 63
6187 94 99
6188 98 126
6189 61 106
6190 27 38
6191 112 142
6192 188 194
6193 70 154
6194 168 174
6195 83 93
6196 121 146
6197 12 103
6198 16 98
6199 126 157
6200 2 13
6201 59 196
6202 35 175
6203 21 128
6204 186 193
6205 25 69
6206 45 122
6207 83 187
6208 102 117
6209 68 173
6210 31 59
6211 106 120
6212 72 168
6213 126 127
6214 182 189
6215 45 139
6216 120 180
6217 1 109
6218 92 170
6219 21 98
6220 96 173
6221 115 123
6222 149 157
6223 101 180
6224 11 148
6225 129 193
6226 24 41
6227 125 159
6228 43 148
6229 81 89
6230 39 160
6231 67 171
6232 53 68
6233 39 49
6234 119 199
6235 123 128
6236 42 102
6237 5 114
6238 80 189
6239 137 138
6240 19 170
6241 132 139
6242 28 36
6243 32 47
6244 42 152
6245 122 170
6246 32 158
6247 98 147
6248 151 159
6249 47 94
6250 75 161
6251 94 95
6252 64 158
6253 127 157
6254 50 112
6255 36 50
6256 2 126
6257 22 101
6258 154 165
6259 106 186
6260 126 185
6261 36 129
6262 2 17
6263 102 134
6264 35 75
6265 1 175
6266 21 164
6267 25 33
6268 72 83
6269 6 117
6270 105 190
6271 125 163
6272 162 175
6273 111 112
6274 53 55
6275 39 68
6276 80 123
6277 100 118
6278 63 66
6279 29 46
6280 104 113
6281 33 43
6282 104 128
6283 33 132
6284 76 94
6285 80 153
6286 133 161
6287 66 68
6288 89 157
6289 19 198
6290 32 75
6291 18 114
6292 109 179
6293 4 33
6294 95 96
6295 98 196
6296 99 101
6297 118 131
6298 51 198
6299 142 179
6300 94 168
6301 41 60
6302 131 190
6303 151 163
6304 47 114
6305 13 15
6306 108 147
6307 127 177
6308 3 9
6309 26 170
6310 84 100
6311 140 150
6312 3 150
6313 69 153
6314 36 86
6315 79 80
6316 103 110
6317 16 170
6318 36 165
6319 45 49
6320 135 179
6321 49 54
6322 139 180
6323 31 98
6324 55 120
6325 21 184
6326 25 61
6327 45 66
6328 21 41
6329 44 126
6330 7 10
6331 105 120
6332 34 164
6333 72 79
6334 10 141
6335 20 102
6336 58 145
6337 77 83
6338 67 69
6339 158 172
6340 134 181
6341 33 70
6342 91 200
6343 100 106
6344 29 50
6345 104 109
6346 57 185
6347 29 163
6348 52 68
6349 109 117
6350 19 117
6351 38 179
6352 113 114
6353 14 184
6354 113 195
6355 4 118
6356 51 181
6357 71 78
6358 109 151
6359 145 200
6360 146 163
6361 4 5
6362 27 172
6363 28 131
6364 47 161
6365 193 196
6366 142 143
6367 61 69
6368 151 199
6369 84 154
6370 88 93
6371 17 39
6372 37 44
6373 41 169
6374 3 101
6375 97 130
6376 60 114
6377 23 126
6378 26 142
6379 50 56
6380 74 178
6381 46 52
6382 12 124
6383 177 187
6384 97 108
6385 154 157
6386 103 146
6387 25 104
6388 135 151
6389 12 162
6390 31 70
6391 45 166
6392 49 163
6393 159 162
6394 163 167
6395 44 98
6396 7 110
6397 34 200
6398 128 141
6399 30 36
6400 34 59
6401 185 189
6402 81 124
6403 101 113
6404 161 164
6405 91 167
6406 134 145
6407 29 101
6408 33 98
6409 110 112
6410 124 148
6411 167 168
6412 62 70
6413 136 196
6414 119 147
6415 156 159
6416 29 135
6417 86 88
6418 19 145
6419 132 144
6420 184 191
6421 38 46
6422 4 106
6423 169 173
6424 122 151
6425 51 145
6426 145 180
6427 98 140
6428 47 69
6429 51 62
6430 94 96
6431 41 116
6432 4 136
6433 27 57
6434 118 122
6435 3 48
6436 23 45
6437 155 157
6438 88 168
6439 40 75
6440 23 130
6441 188 195
6442 73 133
6443 168 175
6444 83 92
6445 121 145
6446 50 175
6447 126 130
6448 2 10
6449 103 182
6450 21 143
6451 25 68
6452 79 185
6453 102 106
6454 31 58
6455 7 61
6456 45 138
6457 92 171
6458 21 97
6459 115 122
6460 149 156
6461 11 151
6462 105 193
6463 125 158
6464 114 145
6465 43 151
6466 81 88
6467 91 131
6468 147 149
6469 20 141
6470 39 163
6471 53 67
6472 143 193
6473 114 115
6474 123 131
6475 15 59
6476 86 100
6477 89 128
6478 52 60
6479 28 37
6480 14 112
6481 8 9
6482 122 171
6483 98 144
6484 151 158
6485 75 160
6486 127 156
6487 40 152
6488 3 44
6489 23 49
6490 70 116
6491 16 48
6492 36 51
6493 117 168
6494 154 162
6495 177 195
6496 126 190
6497 102 135
6498 12 155
6499 21 163
6500 25 32
6501 82 83
6502 49 154
6503 34 129
6504 72 84
6505 54 68
6506 129 179
6507 10 150
6508 11 179
6509 105 189
6510 162 172
6511 111 115
6512 90 186
6513 53 54
6514 100 119
6515 29 45
6516 104 114
6517 33 42
6518 53 167
6519 76 200
6520 5 196
6521 100 198
6522 104 129
6523 123 175
6524 52 97
6525 76 95
6526 80 154
6527 66 69
6528 89 156
6529 113 183
6530 38 118
6531 99 100
6532 118 128
6533 28 184
6534 94 169
6535 4 177
6536 37 55
6537 112 120
6538 13 14
6539 108 140
6540 127 176
6541 37 152
6542 40 116
6543 3 8
6544 60 111
6545 26 171
6546 140 151
6547 22 151
6548 69 152
6549 73 93
6550 59 158
6551 79 83
6552 103 105
6553 1 138
6554 45 65
6555 120 126
6556 1 59
6557 115 133
6558 48 122
6559 105 127
6560 34 165
6561 128 162
6562 129 159
6563 58 158
6564 77 82
6565 24 98
6566 67 68
6567 158 173
6568 24 145
6569 134 170
6570 33 69
6571 80 88
6572 100 107
6573 29 49
6574 104 110
6575 5 56
6576 119 142
6577 29 162
6578 52 69
6579 19 116
6580 42 63
6581 86 172
6582 4 119
6583 8 114
6584 65 103
6585 71 73
6586 109 150
6587 146 160
6588 166 167
6589 4 6
6590 99 128
6591 27 175
6592 47 160
6593 131 157
6594 4 149
6595 61 68
6596 151 198
6597 84 155
6598 88 94
6599 37 43
6600 3 100
6601 97 129
6602 26 143
6603 50 57
6604 140 187
6605 26 62
6606 46 53
6607 177 186
6608 69 124
6609 36 75
6610 55 185
6611 2 39
6612 22 34
6613 97 99
6614 16 151
6615 130 131
6616 135 150
6617 12 163
6618 31 65
6619 45 165
6620 49 162
6621 159 173
6622 163 166
6623 1 7
6624 96 131
6625 25 137
6626 48 102
6627 11 106
6628 128 142
6629 176 186
6630 30 37
6631 34 56
6632 24 126
6633 101 112
6634 110 134
6635 134 150
6636 33 97
6637 110 113
6638 124 149
6639 167 171
6640 119 146
6641 86 89
6642 89 171
6643 15 87
6644 19 144
6645 132 145
6646 86 200
6647 15 196
6648 75 89
6649 38 47
6650 169 172
6651 42 162
6652 65 67
6653 28 113
6654 122 148
6655 32 116
6656 95 187
6657 47 68
6658 41 123
6659 95 200
6660 98 124
6661 118 123
6662 47 53
6663 41 132
6664 23 44
6665 155 156
6666 140 200
6667 17 147
6668 73 132
6669 83 95
6670 121 144
6671 50 172
6672 126 131
6673 55 157
6674 2 11
6675 102 152
6676 21 142
6677 25 75
6678 68 175
6679 31 37
6680 72 170
6681 35 62
6682 186 190
6683 7 60
6684 45 137
6685 48 179
6686 92 164
6687 149 155
6688 78 115
6689 101 178
6690 24 43
6691 105 192
6692 125 157
6693 114 142
6694 81 95
6695 147 148
6696 67 173
6697 53 66
6698 76 165
6699 39 51
6700 170 174
6701 119 193
6702 123 130
6703 124 185
6704 5 112
6705 62 99
6706 9 117
6707 52 61
6708 28 38
6709 32 33
6710 38 75
6711 42 134
6712 8 10
6713 145 151
6714 98 145
6715 151 153
6716 71 166
6717 75 163
6718 61 140
6719 179 193
6720 127 159
6721 60 68
6722 50 110
6723 36 60
6724 26 118
6725 117 183
6726 154 163
6727 177 194
6728 106 184
6729 126 191
6730 102 132
6731 12 148
6732 21 162
6733 25 39
6734 44 148
6735 7 32
6736 34 158
6737 72 85
6738 54 69
6739 78 79
6740 81 153
6741 20 76
6742 105 188
6743 125 161
6744 162 173
6745 111 114
6746 114 178
