1 158 193
2 147 176
3 53 166
4 5 195
5 100 199
6 19 91
7 136 157
8 86 129
9 14 162
10 15 143
11 19 200
12 8 87
13 109 177
14 75 97
15 95 98
16 98 194
17 8 38
18 118 129
19 32 188
20 61 63
21 8 181
22 84 128
23 13 188
24 51 121
25 108 126
26 112 121
27 41 179
28 61 144
29 40 117
30 3 11
31 60 104
32 26 168
33 64 107
34 84 102
35 140 144
36 141 169
37 93 144
38 22 148
39 12 90
40 69 135
41 73 92
42 2 64
43 59 145
44 150 200
45 79 82
46 103 104
47 16 172
48 35 152
49 130 188
50 79 195
51 82 165
52 45 47
53 102 160
54 55 122
55 21 198
56 45 64
57 120 127
58 21 55
59 48 123
60 30 191
61 34 162
62 129 158
63 77 192
64 78 171
65 6 196
66 10 139
67 77 81
68 24 99
69 6 87
70 63 130
71 10 26
72 67 71
73 111 150
74 39 149
75 90 159
76 5 150
77 63 96
78 104 111
79 33 53
80 9 60
81 38 177
82 132 190
83 86 173
84 14 190
85 4 112
86 65 102
87 85 107
88 89 104
89 146 161
90 4 7
91 8 194
92 47 163
93 4 150
94 61 67
95 64 169
96 27 95
97 151 193
98 13 160
99 41 175
100 175 188
101 107 154
102 144 160
103 37 187
104 3 103
105 50 54
106 2 181
107 69 123
108 55 184
109 2 36
110 93 101
111 97 98
112 154 155
113 103 140
114 16 136
115 35 180
116 197 199
117 49 80
118 1 149
119 49 161
120 1 6
121 92 193
122 7 104
123 48 103
124 11 109
125 68 106
126 34 198
127 128 143
128 6 160
129 10 175
130 58 179
131 10 62
132 157 189
133 110 135
134 111 170
135 29 99
136 67 176
137 90 115
138 124 150
139 167 170
140 62 68
141 9 88
142 100 159
143 89 170
144 85 158
145 14 154
146 38 44
147 42 163
148 8 111
149 65 66
150 28 114
151 122 149
152 145 170
153 98 138
154 99 191
155 27 138
156 17 112
157 37 125
158 94 102
159 4 138
160 61 103
161 64 181
162 118 120
163 47 52
164 13 196
165 112 129
166 3 50
167 50 75
168 88 170
169 17 146
170 164 199
171 93 167
172 3 67
173 73 139
174 2 153
175 22 92
176 79 101
177 83 94
178 12 98
179 16 101
180 126 128
181 36 104
182 55 156
183 2 8
184 103 176
185 79 187
186 82 109
187 45 119
188 49 124
189 68 168
190 116 188
191 44 177
192 7 63
193 45 136
194 120 183
195 92 165
196 21 111
197 96 160
198 115 124
199 149 154
200 44 64
201 7 76
202 24 44
203 6 140
204 10 67
205 34 93
206 81 94
207 91 133
208 9 154
209 67 172
210 87 177
211 76 166
212 170 175
213 104 167
214 124 186
215 5 127
216 80 176
217 62 96
218 9 116
219 85 193
220 14 199
221 89 134
222 56 57
223 32 34
224 42 135
225 8 11
226 28 86
227 151 152
228 8 154
229 28 197
230 13 151
231 88 104
232 17 92
233 75 162
234 61 139
235 64 145
236 112 173
237 40 154
238 3 46
239 60 69
240 46 144
241 50 111
242 88 134
243 70 106
244 93 139
245 40 41
246 3 191
247 23 160
248 26 196
249 70 133
250 74 200
251 79 121
252 117 182
253 126 188
254 150 156
255 139 141
256 12 149
257 31 139
258 1 172
259 79 159
260 45 91
261 72 199
262 7 35
263 11 36
264 34 159
265 129 177
266 7 176
267 10 103
268 30 98
269 87 119
270 34 97
271 162 170
272 91 112
273 111 125
274 114 179
275 5 177
276 5 194
277 104 131
278 52 99
279 15 25
280 38 138
281 133 174
282 136 158
283 66 67
284 156 193
285 86 134
286 14 163
287 8 88
288 32 78
289 71 103
290 109 176
291 38 116
292 113 181
293 95 109
294 98 195
295 99 102
296 47 142
297 112 122
298 107 177
299 108 142
300 127 178
301 40 118
302 3 10
303 60 105
304 26 169
305 140 145
306 141 168
307 70 86
308 2 174
309 22 149
310 23 196
311 12 91
312 69 134
313 36 81
314 2 65
315 59 144
316 79 93
317 103 107
318 106 157
319 35 155
320 36 160
321 79 194
322 45 46
323 102 161
324 12 185
325 21 197
326 120 128
327 44 121
328 48 124
329 11 64
330 34 163
331 129 157
332 6 197
333 10 136
334 77 80
335 24 100
336 67 70
337 30 94
338 105 159
339 39 148
340 134 168
341 138 167
342 87 136
343 90 156
344 76 159
345 33 52
346 171 194
347 33 165
348 109 114
349 42 61
350 66 167
351 14 191
352 4 113
353 8 116
354 62 139
355 28 111
356 89 111
357 169 199
358 8 195
359 142 146
360 94 139
361 61 66
362 64 170
363 27 94
364 17 36
365 37 41
366 155 178
367 13 48
368 107 157
369 144 161
370 37 186
371 84 123
372 2 37
373 93 100
374 59 188
375 22 32
376 153 183
377 197 198
378 68 181
379 49 160
380 92 194
381 1 5
382 25 143
383 44 93
384 7 107
385 11 108
386 68 107
387 34 199
388 6 161
389 10 172
390 58 176
391 138 200
392 157 188
393 110 132
394 29 98
395 87 172
396 53 108
397 56 175
398 62 69
399 9 95
400 29 132
401 86 95
402 89 169
403 76 97
404 85 157
405 14 155
406 18 38
407 8 16
408 62 167
409 32 118
410 51 146
411 145 169
412 165 166
413 95 165
414 98 139
415 99 190
416 27 141
417 37 124
418 4 139
419 98 122
420 118 121
421 112 130
422 3 53
423 155 158
424 50 72
425 107 121
426 17 145
427 93 166
428 3 66
429 97 163
430 23 159
431 73 138
432 2 150
433 22 93
434 79 100
435 83 97
436 121 150
437 12 99
438 69 94
439 16 102
440 126 129
441 36 105
442 2 9
443 103 179
444 79 186
445 45 118
446 83 191
447 102 105
448 49 115
449 68 169
450 44 178
451 7 62
452 48 181
453 92 166
454 58 114
455 21 110
456 115 127
457 149 153
458 44 65
459 129 197
460 6 141
461 10 64
462 67 113
463 20 25
464 114 140
465 24 92
466 43 136
467 81 93
468 63 197
469 147 150
470 9 153
471 67 175
472 87 176
473 57 133
474 170 172
475 104 168
476 56 75
477 5 126
478 80 177
479 9 123
480 85 192
481 14 196
482 65 188
483 28 32
484 8 12
485 151 155
486 8 155
487 28 198
488 13 150
489 88 105
490 75 165
491 64 146
492 112 174
493 40 155
494 3 17
495 60 70
496 46 145
497 70 107
498 74 102
499 40 42
500 23 163
501 73 166
502 2 122
503 117 181
504 121 178
505 150 157
506 82 191
507 139 140
508 12 150
509 1 163
510 92 100
511 96 111
512 49 159
513 68 141
514 129 176
515 6 105
516 10 100
517 162 171
518 91 115
519 111 124
520 114 176
521 147 178
522 5 176
523 9 181
524 5 193
525 119 167
526 15 24
527 19 93
528 42 70
529 5 82
530 132 196
531 133 173
532 14 160
533 180 200
534 8 89
535 32 79
536 109 175
537 75 99
538 4 45
539 27 196
540 94 172
541 51 123
542 17 63
543 108 120
544 112 123
545 155 169
546 107 176
547 37 133
548 40 119
549 3 13
550 60 106
551 117 119
552 64 109
553 140 146
554 141 167
555 70 87
556 2 175
557 3 154
558 23 199
559 192 193
560 12 84
561 2 94
562 79 92
563 12 43
564 103 106
565 35 154
566 82 163
567 102 166
568 139 168
569 21 196
570 59 113
571 120 129
572 44 122
573 11 67
574 30 189
575 105 124
576 34 160
577 77 79
578 24 101
579 10 24
580 30 95
581 111 144
582 39 151
583 134 169
584 138 164
585 87 139
586 90 157
587 43 97
588 171 180
589 5 37
590 156 183
591 29 191
592 52 64
593 109 113
594 76 126
595 14 188
596 4 114
597 8 117
598 62 136
599 8 196
600 28 159
601 4 144
602 61 65
603 64 171
604 27 81
605 41 173
606 144 162
607 37 185
608 3 105
609 22 199
610 50 52
611 74 190
612 2 179
613 55 186
614 93 99
615 59 191
616 22 33
617 103 142
618 31 189
619 25 108
620 79 161
621 49 86
622 72 177
623 48 138
624 1 4
625 92 195
626 44 94
627 7 106
628 11 111
629 34 196
630 128 129
631 58 177
632 81 112
633 10 60
634 111 180
635 29 97
636 33 102
637 90 113
638 53 107
639 56 176
640 19 36
641 5 25
642 9 94
643 89 168
644 14 152
645 4 86
646 8 17
647 28 76
648 145 168
649 95 164
650 99 161
651 27 140
652 37 123
653 94 100
654 118 126
655 47 54
656 112 131
657 3 52
658 41 137
659 23 41
660 50 73
661 88 172
662 107 120
663 93 165
664 97 162
665 70 159
666 22 82
667 46 84
668 36 106
669 55 158
670 2 6
671 102 159
672 103 178
673 31 145
674 82 107
675 45 117
676 83 190
677 68 170
678 72 173
679 7 57
680 49 195
681 1 96
682 115 126
683 149 152
684 81 178
685 7 78
686 101 191
687 129 196
688 81 195
689 67 112
690 125 154
691 20 26
692 24 93
693 81 92
694 90 162
695 111 200
696 9 152
697 87 179
698 76 160
699 39 44
700 104 169
701 124 180
702 80 178
703 62 102
704 100 189
705 14 197
706 28 33
707 8 13
708 28 80
709 32 147
710 98 172
711 151 154
712 8 156
713 28 199
714 47 101
715 13 149
716 64 147
717 108 164
718 127 152
719 112 175
720 3 16
721 60 71
722 70 104
723 40 43
724 3 161
725 23 162
726 73 165
727 2 123
728 79 123
729 26 117
730 117 180
731 154 174
732 46 112
733 121 177
734 106 167
735 16 67
736 139 143
737 92 101
738 48 195
739 68 142
740 115 173
741 116 146
742 11 38
743 92 139
744 148 149
745 78 82
746 10 146
747 58 134
748 7 195
749 10 101
750 87 113
751 91 114
752 111 127
753 158 196
754 90 134
755 147 181
756 20 173
757 5 191
758 80 112
759 33 46
760 53 163
761 5 192
762 33 159
763 56 104
764 19 92
765 65 159
766 32 64
767 109 174
768 75 98
769 4 46
770 98 193
771 27 199
772 112 124
773 41 176
774 107 179
775 108 136
776 127 188
777 40 120
778 3 12
779 60 107
780 117 118
781 64 110
782 84 97
783 140 147
784 141 166
785 2 172
786 22 171
787 192 194
788 69 132
789 2 95
790 59 146
791 22 26
792 79 95
793 12 36
794 36 162
795 82 160
796 102 167
797 21 195
798 59 112
799 120 130
800 159 181
801 1 63
802 44 123
803 48 126
804 11 66
805 30 162
806 68 113
807 34 161
808 72 116
809 20 99
810 77 78
811 24 102
812 63 143
813 10 25
814 39 150
815 24 149
816 134 174
817 87 138
818 90 154
819 80 92
820 5 147
821 43 96
822 63 109
823 5 36
824 171 196
825 29 190
826 109 112
827 113 117
828 86 160
829 14 189
830 4 115
831 62 137
832 28 105
833 14 44
834 145 195
835 109 146
836 169 197
837 99 132
838 8 197
839 27 163
840 142 144
841 4 145
842 61 64
843 64 172
844 27 80
845 17 26
846 41 172
847 144 163
848 17 171
849 37 184
850 22 196
851 23 117
852 50 53
853 70 176
854 74 191
855 2 176
856 93 98
857 22 38
858 12 200
859 103 137
860 16 139
861 79 160
862 49 85
863 31 77
864 114 178
865 72 178
866 11 17
867 49 166
868 159 169
869 152 153
870 25 141
871 44 95
872 7 101
873 34 197
874 128 130
875 6 167
876 10 170
877 34 52
878 24 66
879 43 174
880 10 61
881 161 191
882 110 138
883 134 138
884 33 101
885 43 76
886 15 34
887 56 177
888 89 175
889 14 153
890 75 93
891 4 87
892 8 18
893 65 71
894 28 77
895 95 167
896 99 160
897 17 117
898 94 101
899 118 127
900 47 49
901 13 193
902 198 199
903 23 40
904 88 173
905 107 123
906 97 161
907 64 86
908 79 102
909 83 99
910 46 85
911 121 148
912 12 29
913 36 107
914 55 153
915 2 7
916 103 173
917 31 144
918 21 138
919 82 104
920 45 116
921 102 111
922 68 171
923 31 33
924 182 183
925 116 191
926 44 172
927 120 186
928 11 61
929 49 194
930 1 103
931 92 160
932 58 112
933 21 108
934 101 190
935 11 138
936 6 131
937 81 194
938 67 115
939 125 153
940 54 159
941 114 138
942 24 94
943 43 138
944 6 18
945 81 83
946 157 158
947 90 163
948 91 134
949 9 159
950 63 84
951 87 178
952 76 161
953 104 170
954 19 67
955 42 96
956 5 124
957 80 179
958 100 190
959 28 34
960 85 191
961 32 37
962 14 117
963 8 14
964 28 81
965 122 180
966 47 100
967 13 148
968 88 107
969 127 155
970 60 64
971 88 137
972 70 105
973 74 100
974 40 44
975 3 160
976 26 195
977 69 175
978 2 120
979 154 175
980 121 176
981 106 164
982 82 189
983 139 142
984 35 113
985 1 161
986 92 102
987 21 174
988 96 97
989 25 43
990 45 88
991 68 143
992 44 144
993 7 28
994 11 89
995 1 67
996 129 182
997 148 150
998 78 83
999 10 147
1000 58 135
1001 78 194
1002 6 111
1003 10 98
1004 67 111
1005 30 97
1006 105 160
1007 158 186
1008 91 117
1009 111 126
1010 158 197
1011 80 113
1012 100 195
1013 15 26
1014 19 95
1015 5 80
1016 80 159
1017 8 91
1018 65 158
1019 71 96
1020 109 173
1021 75 101
1022 4 47
1023 99 107
1024 8 42
1025 27 198
1026 47 139
1027 142 181
1028 94 146
1029 4 190
1030 8 185
1031 84 140
1032 71 134
1033 112 125
1034 61 172
1035 155 171
1036 107 178
1037 108 137
1038 37 131
1039 40 121
1040 64 111
1041 84 98
1042 141 165
1043 2 173
1044 22 168
1045 192 195
1046 12 86
1047 16 17
1048 26 86
1049 12 37
1050 16 160
1051 35 156
1052 36 163
1053 150 191
1054 82 161
1055 139 170
1056 1 141
1057 183 189
1058 120 131
1059 44 116
1060 30 163
1061 68 114
1062 34 190
1063 125 127
1064 129 146
1065 7 145
1066 30 50
1067 24 103
1068 63 142
1069 30 93
1070 90 155
1071 5 146
1072 171 199
1073 9 32
1074 29 189
1075 109 111
1076 38 181
1077 62 63
1078 4 124
1079 8 119
1080 65 122
1081 32 109
1082 89 108
1083 145 194
1084 8 198
1085 27 162
1086 142 145
1087 4 146
1088 27 83
1089 17 25
1090 127 194
1091 175 184
1092 13 45
1093 37 167
1094 3 107
1095 73 147
1096 2 177
1097 69 103
1098 73 124
1099 55 180
1100 2 32
1101 93 97
1102 59 177
1103 97 102
1104 31 191
1105 25 114
1106 31 76
1107 187 194
1108 11 16
1109 159 168
1110 152 154
1111 25 140
1112 44 88
1113 30 159
1114 68 86
1115 34 194
1116 128 131
1117 78 139
1118 6 164
1119 10 171
1120 34 53
1121 54 176
1122 43 161
1123 10 58
1124 161 190
1125 29 127
1126 33 100
1127 87 169
1128 124 146
1129 53 154
1130 5 7
1131 9 92
1132 137 151
1133 89 174
1134 75 92
1135 4 80
1136 8 19
1137 62 170
1138 65 70
1139 28 78
1140 95 166
1141 99 163
1142 27 142
1143 17 116
1144 37 121
1145 27 63
1146 118 124
1147 47 48
1148 13 192
1149 40 162
1150 3 54
1151 23 43
1152 88 174
1153 93 163
1154 3 71
1155 97 160
1156 64 87
1157 79 97
1158 83 98
1159 12 30
1160 2 4
1161 103 172
1162 31 147
1163 21 137
1164 45 115
1165 31 32
1166 35 37
1167 186 187
1168 120 187
1169 48 168
1170 49 193
1171 92 161
1172 58 113
1173 96 164
1174 101 189
1175 11 141
1176 81 193
1177 67 114
1178 125 152
1179 91 104
1180 20 36
1181 114 139
1182 6 19
1183 81 82
1184 63 198
1185 91 153
1186 110 167
1187 39 89
1188 9 158
1189 170 171
1190 123 153
1191 124 182
1192 52 139
1193 42 97
1194 5 123
1195 9 120
1196 100 191
1197 137 179
1198 89 138
1199 15 182
1200 85 190
1201 113 141
1202 4 52
1203 28 82
1204 8 158
1205 28 193
1206 13 147
1207 88 108
1208 17 80
1209 75 166
1210 127 154
1211 3 18
1212 60 65
1213 13 117
1214 88 138
1215 70 110
1216 74 101
1217 3 163
1218 26 192
1219 117 178
1220 16 69
1221 82 186
1222 12 145
1223 96 98
1224 59 86
1225 25 42
1226 45 87
1227 21 30
1228 115 175
1229 44 145
1230 11 88
1231 54 94
1232 1 66
1233 148 151
1234 78 80
1235 7 172
1236 10 144
1237 11 169
1238 78 195
1239 6 108
1240 10 99
1241 67 110
1242 30 102
1243 105 167
1244 87 115
1245 158 187
1246 162 166
1247 91 116
1248 111 121
1249 20 175
1250 80 114
1251 53 161
1252 76 198
1253 9 11
1254 15 101
1255 19 94
1256 76 85
1257 132 199
1258 5 95
1259 80 144
1260 137 175
1261 86 154
1262 14 167
1263 8 92
1264 14 86
1265 75 100
1266 113 169
1267 4 40
1268 95 105
1269 8 43
1270 118 154
1271 94 147
1272 4 191
1273 8 186
1274 84 141
1275 51 124
1276 17 60
1277 37 49
1278 112 126
1279 108 138
1280 3 14
1281 64 96
1282 84 99
1283 140 141
1284 141 164
1285 2 170
1286 3 159
1287 22 169
1288 23 192
1289 192 196
1290 16 18
1291 22 24
1292 117 150
1293 106 153
1294 16 161
1295 150 188
1296 135 168
1297 83 139
1298 102 165
1299 21 193
1300 59 114
1301 1 61
1302 58 70
1303 44 117
1304 48 112
1305 34 191
1306 125 126
1307 128 184
1308 148 171
1309 7 144
1310 105 131
1311 111 157
1312 134 172
1313 33 95
1314 90 152
1315 143 150
1316 91 193
1317 63 111
1318 124 143
1319 5 34
1320 52 67
1321 109 110
1322 8 120
1323 62 143
1324 28 107
1325 89 115
1326 145 193
1327 109 144
1328 146 154
1329 4 12
1330 8 199
1331 99 134
1332 75 145
1333 27 82
1334 17 24
1335 112 154
1336 175 187
1337 13 44
1338 17 169
1339 164 168
1340 40 86
1341 3 106
1342 26 137
1343 50 51
1344 140 177
1345 74 189
1346 173 183
1347 12 123
1348 177 188
1349 36 113
1350 2 33
1351 93 96
1352 59 176
1353 22 36
1354 97 101
1355 103 139
1356 31 190
1357 16 141
1358 79 162
1359 49 75
1360 31 79
1361 72 180
1362 187 197
1363 159 171
1364 1 25
1365 58 90
1366 152 155
1367 25 147
1368 44 89
1369 34 195
1370 10 168
1371 34 50
1372 58 188
1373 43 160
1374 6 52
1375 161 189
1376 111 177
1377 39 180
1378 134 136
1379 67 183
1380 87 168
1381 43 78
1382 104 176
1383 52 176
1384 56 179
1385 19 41
1386 5 6
1387 9 67
1388 137 150
1389 89 173
1390 15 93
1391 14 159
1392 75 95
1393 42 172
1394 62 171
1395 65 69
1396 28 79
1397 122 158
1398 51 150
1399 142 195
1400 95 161
1401 99 162
1402 17 107
1403 75 189
1404 118 125
1405 47 51
1406 40 163
1407 88 175
1408 74 78
1409 93 162
1410 97 167
1411 70 146
1412 73 142
1413 2 146
1414 83 101
1415 121 154
1416 50 166
1417 69 90
1418 16 90
1419 126 133
1420 55 155
1421 2 5
1422 103 175
1423 21 136
1424 82 102
1425 45 114
1426 102 109
1427 35 36
1428 45 131
1429 120 188
1430 92 162
1431 129 168
1432 21 106
1433 11 140
1434 81 192
1435 67 117
1436 87 110
1437 91 107
1438 24 160
1439 6 16
1440 63 193
1441 39 88
1442 63 86
1443 67 147
1444 57 137
1445 76 163
1446 39 41
1447 104 172
1448 123 152
1449 124 183
1450 56 79
1451 5 122
1452 137 178
1453 14 200
1454 89 137
1455 56 62
1456 65 176
1457 85 189
1458 4 53
1459 8 48
1460 28 83
1461 122 178
1462 4 196
1463 98 171
1464 8 159
1465 27 109
1466 28 194
1467 47 102
1468 13 146
1469 88 109
1470 17 87
1471 64 150
1472 155 193
1473 108 167
1474 40 159
1475 60 66
1476 50 104
1477 141 191
1478 74 98
1479 97 195
1480 121 197
1481 59 139
1482 121 182
1483 106 162
1484 126 161
1485 82 187
1486 102 190
1487 12 146
1488 1 167
1489 55 108
1490 92 96
1491 96 99
1492 59 105
1493 45 86
1494 49 147
1495 21 29
1496 44 146
1497 11 91
1498 54 95
1499 1 65
1500 129 180
1501 78 81
1502 10 145
1503 11 168
1504 78 192
1505 6 109
1506 10 96
1507 87 114
1508 125 187
1509 91 119
1510 114 172
1511 39 124
1512 80 115
1513 5 188
1514 43 121
1515 9 185
1516 53 160
1517 9 10
1518 15 100
1519 19 97
1520 132 192
1521 80 145
1522 14 164
1523 15 149
1524 32 67
1525 14 87
1526 71 98
1527 109 171
1528 28 183
1529 32 178
1530 94 144
1531 27 73
1532 84 142
1533 37 48
1534 112 127
1535 61 170
1536 37 129
1537 40 123
1538 3 113
1539 60 102
1540 23 82
1541 140 142
1542 3 158
1543 192 197
1544 50 159
1545 16 19
1546 36 94
1547 22 25
1548 150 194
1549 117 149
1550 12 39
1551 35 158
1552 36 173
1553 130 182
1554 82 159
1555 135 171
1556 35 111
1557 1 131
1558 183 191
1559 21 192
1560 59 117
1561 49 191
1562 58 71
1563 115 138
1564 44 118
1565 48 113
1566 34 188
1567 148 180
1568 78 173
1569 6 190
1570 7 147
1571 63 136
1572 111 156
1573 39 147
1574 24 152
1575 134 173
1576 138 160
1577 33 94
1578 90 153
1579 143 145
1580 5 144
1581 43 101
1582 80 95
1583 5 33
1584 9 38
1585 52 76
1586 86 167
1587 18 63
1588 8 121
1589 65 120
1590 89 114
1591 109 143
1592 4 13
1593 8 200
1594 37 67
1595 75 144
1596 94 140
1597 27 85
1598 84 162
1599 13 43
1600 107 144
1601 144 166
1602 17 168
1603 164 169
1604 40 87
1605 3 109
1606 140 178
1607 141 199
1608 73 145
1609 2 143
1610 26 57
1611 177 179
1612 50 131
1613 69 101
1614 59 179
1615 97 100
1616 103 138
1617 130 154
1618 79 173
1619 135 143
1620 31 78
1621 96 154
1622 152 156
1623 25 146
1624 44 90
1625 7 102
1626 11 99
1627 30 157
1628 6 154
1629 10 169
1630 176 177
1631 161 195
1632 24 69
1633 43 163
1634 6 53
1635 157 183
1636 161 188
1637 111 176
1638 134 137
1639 67 182
1640 53 119
1641 76 184
1642 104 177
1643 52 177
1644 56 180
1645 9 66
1646 137 149
1647 89 172
1648 15 92
1649 14 156
1650 75 94
1651 8 21
1652 62 168
1653 65 68
1654 28 72
1655 14 15
1656 145 172
1657 95 160
1658 98 132
1659 99 165
1660 118 195
1661 47 77
1662 64 139
1663 27 49
1664 47 50
1665 40 164
1666 140 199
1667 88 176
1668 107 124
1669 74 79
1670 93 161
1671 97 166
1672 70 147
1673 73 141
1674 2 147
1675 22 86
1676 79 99
1677 83 100
1678 121 153
1679 12 24
1680 69 89
1681 126 138
1682 102 147
1683 103 174
1684 21 151
1685 45 113
1686 31 34
1687 35 39
1688 7 53
1689 45 130
1690 49 199
1691 54 112
1692 92 163
1693 129 175
1694 149 164
1695 101 187
1696 48 57
1697 11 143
1698 6 134
1699 81 199
1700 67 116
1701 87 105
1702 125 150
1703 20 38
1704 6 17
1705 90 174
1706 91 155
1707 9 156
1708 57 136
1709 39 40
1710 104 173
1711 124 176
1712 56 80
1713 86 124
1714 89 136
1715 85 188
1716 113 131
1717 4 54
1718 95 119
1719 8 49
1720 118 188
1721 28 172
1722 4 197
1723 8 128
1724 27 108
1725 28 195
1726 47 97
1727 13 145
1728 88 110
1729 17 86
1730 27 29
1731 40 128
1732 3 20
1733 60 67
1734 141 190
1735 74 99
1736 97 194
1737 23 190
1738 121 196
1739 69 172
1740 16 40
1741 2 119
1742 153 193
1743 117 176
1744 36 138
1745 82 184
1746 102 191
1747 12 147
1748 1 166
1749 55 111
1750 92 97
1751 96 100
1752 59 104
1753 21 171
1754 25 40
1755 115 177
1756 44 147
1757 7 25
1758 72 92
1759 54 92
1760 1 64
1761 10 158
1762 11 171
1763 78 193
1764 6 98
1765 63 151
1766 10 97
1767 105 165
1768 162 164
1769 91 118
1770 111 123
1771 114 173
1772 24 189
1773 158 200
1774 143 188
1775 80 116
1776 43 120
1777 33 34
1778 76 192
1779 160 171
1780 33 147
1781 56 108
1782 19 96
1783 38 140
1784 5 93
1785 80 146
1786 137 173
1787 14 84
1788 109 170
1789 146 180
1790 75 102
1791 113 175
1792 4 42
1793 95 107
1794 8 45
1795 94 145
1796 41 43
1797 131 169
1798 27 72
1799 108 117
1800 61 169
1801 17 195
1802 108 132
1803 37 128
1804 40 124
1805 3 112
1806 60 103
1807 26 179
1808 141 162
1809 2 168
1810 3 129
1811 192 198
1812 16 20
1813 36 95
1814 55 173
1815 2 91
1816 22 30
1817 117 148
1818 150 178
1819 135 170
1820 83 141
1821 139 175
1822 31 85
1823 35 110
1824 1 130
1825 45 185
1826 49 190
1827 58 68
1828 48 114
1829 72 120
1830 128 186
1831 78 178
1832 6 191
1833 7 146
1834 24 106
1835 67 76
1836 39 146
1837 24 153
1838 138 161
1839 33 93
1840 91 195
1841 5 159
1842 43 100
1843 194 200
1844 53 131
1845 5 32
1846 9 37
1847 33 191
1848 38 168
1849 136 160
1850 86 164
1851 18 60
1852 62 141
1853 28 101
1854 89 113
1855 145 199
1856 4 14
1857 94 141
1858 27 84
1859 50 94
1860 144 167
1861 17 175
1862 164 170
1863 40 88
1864 3 108
1865 141 198
1866 73 144
1867 117 199
1868 177 178
1869 69 100
1870 73 97
1871 22 58
1872 103 133
1873 16 143
1874 130 155
1875 82 128
1876 135 142
1877 49 73
1878 31 73
1879 72 182
1880 163 193
1881 163 174
1882 58 88
1883 152 157
1884 25 145
1885 7 97
1886 34 193
1887 78 142
1888 10 86
1889 176 178
1890 161 194
1891 63 175
1892 110 142
1893 111 179
1894 43 51
1895 134 142
1896 87 170
1897 170 178
1898 104 178
1899 124 173
1900 52 178
1901 9 65
1902 100 134
1903 89 179
1904 15 95
1905 18 145
1906 65 170
1907 75 81
1908 38 39
1909 8 22
1910 28 73
1911 122 156
1912 142 193
1913 145 163
1914 95 163
1915 99 164
1916 118 192
1917 47 76
1918 17 105
1919 75 191
1920 84 199
1921 122 126
1922 3 59
1923 23 36
1924 50 66
1925 88 177
1926 74 76
1927 93 160
1928 97 165
1929 73 140
1930 2 144
1931 22 87
1932 12 25
1933 69 88
1934 16 92
1935 55 149
1936 2 3
1937 102 144
1938 103 169
1939 35 89
1940 21 150
1941 45 112
1942 106 110
1943 35 38
1944 44 168
1945 7 52
1946 45 129
1947 11 49
1948 49 198
1949 1 123
1950 96 167
1951 6 135
1952 34 84
1953 24 162
1954 6 22
1955 91 154
1956 110 170
1957 39 90
1958 9 131
1959 190 194
1960 143 200
1961 39 43
1962 104 174
1963 123 154
1964 124 177
1965 19 71
1966 5 120
1967 133 179
1968 62 107
1969 137 176
1970 32 57
1971 109 197
1972 42 142
1973 28 173
1974 98 169
1975 8 129
1976 27 111
1977 88 111
1978 41 95
1979 27 28
1980 108 161
1981 40 129
1982 50 102
1983 141 189
1984 70 109
1985 2 197
1986 3 164
1987 97 193
1988 69 171
1989 16 41
1990 2 116
1991 117 191
1992 154 171
1993 121 180
1994 12 61
1995 103 124
1996 106 160
1997 150 151
1998 102 188
1999 92 98
2000 55 110
2001 96 101
2002 59 107
2003 25 47
2004 49 145
2005 68 139
2006 21 27
2007 115 176
2008 44 140
2009 7 24
2010 72 93
2011 54 93
2012 1 71
2013 7 169
2014 10 159
2015 125 200
2016 77 165
2017 78 198
2018 6 99
2019 63 150
2020 105 164
2021 162 165
2022 111 122
2023 114 170
2024 39 126
2025 5 186
2026 80 117
2027 63 116
2028 104 123
2029 76 193
2030 156 169
2031 104 138
2032 15 102
2033 19 99
2034 76 80
2035 80 147
2036 86 153
2037 14 170
2038 8 95
2039 85 95
2040 71 92
2041 38 111
2042 113 174
2043 4 43
2044 28 177
2045 27 75
2046 179 180
2047 112 113
2048 61 168
2049 17 194
2050 108 133
2051 40 125
2052 60 96
2053 26 176
2054 141 161
2055 22 172
2056 192 199
2057 16 21
2058 2 88
2059 59 169
2060 22 31
2061 12 33
2062 31 199
2063 106 132
2064 16 164
2065 35 128
2066 130 180
2067 135 165
2068 83 140
2069 31 84
2070 1 129
2071 183 185
2072 45 184
2073 49 189
2074 1 50
2075 58 69
2076 21 63
2077 115 140
2078 44 112
2079 48 115
2080 11 121
2081 128 187
2082 129 150
2083 148 182
2084 6 188
2085 7 141
2086 58 167
2087 63 138
2088 111 158
2089 24 154
2090 33 92
2091 143 147
2092 80 81
2093 119 129
2094 33 190
2095 52 78
2096 18 170
2097 14 134
2098 8 123
2099 89 112
2100 145 198
2101 109 141
2102 4 15
2103 169 200
2104 99 139
2105 4 158
2106 107 146
2107 17 174
2108 164 171
2109 40 89
2110 3 111
2111 70 181
2112 2 141
2113 117 198
2114 46 66
2115 121 131
2116 69 99
2117 59 181
2118 22 59
2119 12 197
2120 103 132
2121 130 152
2122 135 137
2123 49 72
2124 68 188
2125 31 72
2126 11 20
2127 58 89
2128 152 158
2129 25 144
2130 10 196
2131 172 176
2132 10 87
2133 176 179
2134 161 193
2135 6 43
2136 10 38
2137 157 181
2138 90 200
2139 91 177
2140 111 178
2141 134 143
2142 67 184
2143 87 165
2144 76 186
2145 43 67
2146 104 179
2147 124 174
2148 15 41
2149 19 42
2150 9 64
2151 137 155
2152 89 178
2153 15 94
2154 65 169
2155 14 98
2156 75 80
2157 4 92
2158 8 23
2159 62 174
2160 189 200
2161 28 74
2162 122 157
2163 142 198
2164 145 162
2165 95 162
2166 75 190
2167 64 141
2168 84 192
2169 122 127
2170 140 193
2171 88 178
2172 107 126
2173 74 77
2174 93 191
2175 70 145
2176 2 145
2177 79 109
2178 83 102
2179 12 26
2180 50 165
2181 69 71
2182 16 93
2183 126 136
2184 36 144
2185 55 148
2186 102 145
2187 103 168
2188 31 159
2189 21 149
2190 79 131
2191 45 111
2192 68 144
2193 106 111
2194 35 41
2195 25 195
2196 44 169
2197 45 128
2198 120 191
2199 11 48
2200 92 189
2201 129 173
2202 96 184
2203 149 162
2204 48 59
2205 11 129
2206 6 132
2207 67 118
2208 34 85
2209 125 148
2210 91 108
2211 54 144
2212 43 129
2213 6 23
2214 90 172
2215 91 157
2216 147 159
2217 190 195
2218 29 95
2219 53 73
2220 39 42
2221 9 19
2222 104 175
2223 124 178
2224 56 82
2225 62 104
2226 9 124
2227 86 114
2228 65 181
2229 4 48
2230 42 143
2231 8 51
2232 99 114
2233 142 162
2234 4 199
2235 99 195
2236 47 99
2237 13 143
2238 88 112
2239 61 131
2240 27 31
2241 108 162
2242 40 130
2243 3 22
2244 13 113
2245 70 98
2246 74 97
2247 2 194
2248 3 167
2249 69 170
2250 36 37
2251 2 117
2252 22 112
2253 117 190
2254 154 168
2255 174 175
2256 102 189
2257 12 141
2258 1 164
2259 92 99
2260 21 169
2261 59 106
2262 96 102
2263 49 144
2264 21 26
2265 116 152
2266 44 141
2267 72 94
2268 78 84
2269 81 144
2270 7 168
2271 11 173
2272 125 199
2273 78 199
2274 6 96
2275 10 111
2276 67 82
2277 105 171
2278 125 184
2279 111 133
2280 39 121
2281 29 35
2282 123 200
2283 52 196
2284 33 145
2285 15 97
2286 19 98
2287 76 81
2288 132 195
2289 86 158
2290 14 171
2291 8 64
2292 65 145
2293 85 94
2294 14 90
2295 71 95
2296 109 168
2297 146 178
2298 113 173
2299 4 20
2300 28 178
2301 142 190
2302 8 190
2303 27 74
2304 51 64
2305 17 48
2306 37 61
2307 112 114
2308 61 167
2309 155 174
2310 107 169
2311 108 134
2312 40 126
2313 3 114
2314 141 160
2315 3 131
2316 168 194
2317 16 22
2318 73 75
2319 2 89
2320 59 168
2321 22 28
2322 150 193
2323 153 163
2324 31 198
2325 106 133
2326 16 165
2327 135 164
2328 139 161
2329 183 184
2330 58 66
2331 115 143
2332 11 120
2333 34 187
2334 24 108
2335 162 198
2336 111 153
2337 24 155
2338 134 160
2339 138 175
2340 33 83
2341 143 146
2342 5 157
2343 80 82
2344 63 107
2345 194 198
2346 53 129
2347 167 185
2348 9 43
2349 119 128
2350 33 189
2351 52 79
2352 18 171
2353 76 117
2354 133 138
2355 86 186
2356 14 135
2357 8 124
2358 62 179
2359 89 119
2360 146 150
2361 4 8
2362 142 154
2363 4 159
2364 98 110
2365 50 92
2366 13 40
2367 40 90
2368 97 159
2369 70 170
2370 117 197
2371 173 179
2372 121 130
2373 50 190
2374 16 114
2375 70 197
2376 2 61
2377 103 135
2378 25 117
2379 82 126
2380 135 136
2381 49 79
2382 31 75
2383 72 184
2384 163 195
2385 45 155
2386 48 129
2387 44 85
2388 7 99
2389 10 197
2390 11 100
2391 128 152
2392 78 140
2393 6 153
2394 172 177
2395 34 78
2396 125 143
2397 43 164
2398 101 102
2399 157 180
2400 161 177
2401 91 176
2402 29 122
2403 67 187
2404 76 187
2405 124 175
2406 52 188
2407 56 183
2408 9 71
2409 137 154
2410 86 87
2411 89 177
2412 18 143
2413 132 155
2414 65 168
2415 66 131
2416 14 99
2417 75 83
2418 4 93
2419 189 199
2420 28 75
2421 122 154
2422 51 154
2423 14 18
2424 142 199
2425 145 161
2426 99 166
2427 17 111
2428 75 177
2429 64 142
2430 27 50
2431 84 193
2432 122 124
2433 3 61
2434 23 38
2435 140 194
2436 88 179
2437 107 113
2438 93 190
2439 97 187
2440 69 181
2441 73 178
2442 2 110
2443 22 85
2444 46 95
2445 50 162
2446 69 70
2447 16 94
2448 55 151
2449 153 155
2450 154 196
2451 21 148
2452 59 65
2453 45 110
2454 49 107
2455 68 145
2456 31 47
2457 106 108
2458 35 40
2459 44 170
2460 48 173
2461 11 51
2462 1 121
2463 92 190
2464 21 118
2465 7 71
2466 77 191
2467 6 133
2468 34 82
2469 91 111
2470 54 145
2471 24 164
2472 81 85
2473 138 148
2474 90 173
2475 91 156
2476 20 144
2477 9 129
2478 190 192
2479 29 94
2480 9 18
2481 104 144
2482 124 179
2483 52 144
2484 5 102
2485 133 177
2486 62 105
2487 9 99
2488 100 164
2489 66 116
2490 4 49
2491 8 52
2492 142 163
2493 4 192
2494 8 131
2495 27 97
2496 99 194
2497 47 98
2498 13 142
2499 51 103
2500 88 113
2501 27 30
2502 127 129
2503 40 131
2504 3 25
2505 50 100
2506 13 112
2507 70 99
2508 3 166
2509 22 134
2510 97 199
2511 69 169
2512 16 43
2513 36 38
2514 2 114
2515 59 143
2516 12 63
2517 82 183
2518 12 142
2519 31 114
2520 35 119
2521 55 104
2522 59 109
2523 183 196
2524 115 178
2525 116 153
2526 7 26
2527 72 95
2528 148 156
2529 78 85
2530 7 171
2531 11 172
2532 125 198
2533 54 194
2534 20 86
2535 10 108
2536 105 170
2537 125 183
2538 162 163
2539 39 120
2540 5 184
2541 63 118
2542 29 34
2543 52 197
2544 53 172
2545 9 14
2546 156 171
2547 104 140
2548 33 144
2549 52 116
2550 15 96
2551 19 101
2552 76 82
2553 66 88
2554 86 159
2555 14 168
2556 8 65
2557 65 144
2558 85 93
2559 32 71
2560 14 91
2561 109 167
2562 146 179
2563 38 109
2564 4 21
2565 99 145
2566 47 145
2567 32 182
2568 142 191
2569 4 164
2570 8 191
2571 27 77
2572 13 178
2573 108 112
2574 112 115
2575 61 166
2576 107 168
2577 144 190
2578 17 192
2579 108 135
2580 112 194
2581 40 127
2582 3 117
2583 26 190
2584 117 127
2585 2 167
2586 168 195
2587 22 162
2588 69 141
2589 16 23
2590 73 74
2591 2 86
2592 59 171
2593 22 29
2594 153 162
2595 31 193
2596 150 177
2597 83 142
2598 139 160
2599 12 178
2600 55 76
2601 183 187
2602 187 188
2603 49 179
2604 1 48
2605 58 67
2606 148 193
2607 115 142
2608 44 114
2609 48 117
2610 11 123
2611 30 165
2612 34 184
2613 72 123
2614 129 148
2615 7 143
2616 63 180
2617 162 199
2618 111 152
2619 39 143
2620 134 161
2621 33 82
2622 80 83
2623 43 89
2624 171 172
2625 63 106
2626 194 199
2627 33 195
2628 167 184
2629 5 45
2630 9 42
2631 119 131
2632 33 188
2633 52 72
2634 18 168
2635 133 137
2636 65 195
2637 14 132
2638 89 197
2639 18 59
2640 62 176
2641 65 124
2642 122 135
2643 51 129
2644 89 118
2645 4 9
2646 99 141
2647 37 79
2648 98 111
2649 61 89
2650 17 19
2651 127 200
2652 50 93
2653 13 39
2654 37 161
2655 40 91
2656 97 158
2657 23 114
2658 64 65
2659 141 195
2660 70 171
2661 168 191
2662 117 196
2663 173 178
2664 121 129
2665 12 112
2666 50 191
2667 69 97
2668 177 183
2669 73 102
2670 12 199
2671 31 165
2672 103 134
2673 130 150
2674 82 127
2675 49 78
2676 31 74
2677 163 194
2678 45 154
2679 11 22
2680 1 28
2681 58 103
2682 96 158
2683 78 98
2684 44 86
2685 7 98
2686 11 103
2687 78 141
2688 6 158
2689 172 178
2690 161 199
2691 34 79
2692 63 168
2693 10 36
2694 91 179
2695 67 186
2696 53 115
2697 191 197
2698 52 189
2699 15 43
2700 56 184
2701 19 44
2702 42 119
2703 9 70
2704 137 153
2705 89 176
2706 14 96
2707 75 82
2708 8 25
2709 189 198
2710 122 155
2711 14 19
2712 145 160
2713 95 172
2714 47 73
2715 75 176
2716 84 194
2717 122 125
2718 178 187
2719 112 187
2720 140 195
2721 88 180
2722 107 112
2723 74 75
2724 93 189
2725 73 177
2726 2 111
2727 79 111
2728 46 92
2729 12 20
2730 50 163
2731 36 146
2732 55 150
2733 93 95
2734 153 154
2735 154 197
2736 103 170
2737 59 64
2738 79 141
2739 45 109
2740 106 109
2741 35 43
2742 44 171
2743 120 193
2744 11 50
2745 1 120
2746 92 191
2747 58 123
2748 21 117
2749 44 58
2750 7 70
2751 101 167
2752 48 61
2753 11 131
2754 77 190
2755 67 120
2756 87 101
2757 34 83
2758 114 133
2759 43 131
2760 6 21
2761 81 84
2762 138 149
2763 90 170
2764 91 159
2765 147 161
2766 190 193
2767 29 93
2768 9 17
2769 33 139
2770 5 101
2771 133 176
2772 62 110
2773 9 98
2774 100 165
2775 86 112
2776 65 139
2777 71 117
2778 109 194
2779 75 126
2780 4 50
2781 42 141
2782 95 115
2783 8 53
2784 142 160
2785 41 51
2786 131 177
2787 98 164
2788 8 132
2789 13 141
2790 88 114
2791 155 196
2792 108 156
2793 127 128
2794 112 167
2795 84 85
2796 50 101
2797 13 111
2798 70 96
2799 3 169
2800 22 135
2801 121 200
2802 69 168
2803 16 44
2804 36 39
2805 2 115
2806 59 142
2807 117 188
2808 82 180
2809 12 143
2810 21 183
2811 59 108
2812 49 150
2813 1 43
2814 21 24
2815 115 181
2816 116 154
2817 11 94
2818 129 143
2819 148 157
2820 7 170
2821 10 154
2822 11 175
2823 54 195
2824 20 87
2825 58 142
2826 6 102
2827 10 109
2828 125 182
2829 147 189
2830 39 123
2831 5 167
2832 43 124
2833 9 188
2834 29 33
2835 5 200
2836 9 13
2837 156 164
2838 104 141
2839 123 187
2840 52 117
2841 15 99
2842 19 100
2843 76 83
2844 14 169
2845 8 66
2846 28 29
2847 85 92
2848 71 89
2849 109 166
2850 146 176
2851 4 22
2852 99 144
2853 28 140
2854 47 144
2855 131 173
2856 8 160
2857 27 76
2858 84 139
2859 51 66
2860 108 113
2861 112 116
2862 107 171
2863 144 191
2864 17 199
2865 112 195
2866 3 116
2867 26 191
2868 117 126
2869 121 123
2870 2 164
2871 2 87
2872 59 170
2873 83 145
2874 31 81
2875 183 186
2876 49 178
2877 159 189
2878 58 64
2879 115 145
2880 44 115
2881 105 107
2882 72 124
2883 196 197
2884 181 183
2885 24 110
2886 6 66
2887 105 133
2888 111 155
2889 24 157
2890 33 81
2891 76 145
2892 80 84
2893 43 88
2894 194 196
2895 33 194
2896 5 44
2897 119 130
2898 52 73
2899 18 169
2900 133 136
2901 136 164
2902 65 194
2903 14 133
2904 180 181
2905 4 123
2906 47 199
2907 89 117
2908 109 138
2909 4 10
2910 99 140
2911 28 144
2912 37 78
2913 4 153
2914 98 108
2915 61 88
2916 17 18
2917 112 144
2918 13 38
2919 74 84
2920 37 160
2921 64 66
2922 141 194
2923 70 168
2924 117 195
2925 173 177
2926 121 128
2927 12 113
2928 177 182
2929 69 96
2930 126 147
2931 2 59
2932 59 182
2933 153 189
2934 82 124
2935 135 138
2936 49 77
2937 72 186
2938 45 153
2939 48 131
2940 54 105
2941 78 99
2942 44 87
2943 195 197
2944 6 159
2945 172 179
2946 176 182
2947 161 198
2948 34 76
2949 54 139
2950 43 166
2951 63 171
2952 10 37
2953 157 178
2954 91 178
2955 39 178
2956 87 166
2957 191 196
2958 52 190
2959 15 42
2960 42 116
2961 137 152
2962 66 110
2963 89 183
2964 18 141
2965 132 133
2966 66 129
2967 14 97
2968 75 85
2969 38 91
2970 4 95
2971 8 26
2972 62 173
2973 189 197
2974 122 152
2975 14 16
2976 94 194
2977 118 196
2978 17 109
2979 64 128
2980 118 119
2981 84 195
2982 112 188
2983 46 131
2984 88 181
2985 107 115
2986 69 179
2987 2 108
2988 22 107
2989 46 93
2990 12 21
2991 126 143
2992 93 94
2993 130 200
2994 154 194
2995 59 67
2996 25 87
2997 79 140
2998 82 96
2999 45 108
3000 49 105
3001 35 42
3002 44 164
3003 7 48
3004 120 194
3005 11 53
3006 34 142
3007 1 127
3008 21 116
3009 44 59
3010 7 65
3011 101 166
3012 48 62
3013 77 189
3014 6 123
3015 67 123
3016 6 10
3017 143 167
3018 91 158
3019 147 160
3020 20 146
3021 9 135
3022 190 198
3023 9 16
3024 104 146
3025 53 199
3026 100 166
3027 66 114
3028 86 113
3029 28 58
3030 4 51
3031 8 54
3032 122 188
3033 142 161
3034 94 190
3035 131 176
3036 4 194
3037 8 133
3038 47 108
3039 17 73
3040 41 67
3041 131 193
3042 127 131
3043 60 88
3044 23 68
3045 46 159
3046 50 98
3047 88 145
3048 73 195
3049 3 168
3050 97 197
3051 2 112
3052 117 187
3053 154 183
3054 174 178
3055 135 189
3056 12 136
3057 1 185
3058 59 111
3059 1 42
3060 21 39
3061 115 180
3062 44 136
3063 7 20
3064 54 81
3065 1 91
3066 148 158
3067 11 174
3068 125 196
3069 6 103
3070 10 106
3071 105 168
3072 158 162
3073 181 195
3074 90 143
3075 57 62
3076 147 188
3077 29 32
3078 52 199
3079 9 12
3080 119 185
3081 52 118
3082 15 98
3083 56 113
3084 38 129
3085 5 88
3086 136 137
3087 66 86
3088 86 157
3089 8 67
3090 28 30
3091 14 89
3092 71 88
3093 18 100
3094 109 165
3095 146 177
3096 4 23
3097 99 147
3098 28 141
3099 47 147
3100 142 189
3101 131 172
3102 27 79
3103 108 114
3104 112 117
3105 60 141
3106 155 163
3107 107 170
3108 3 119
3109 117 125
3110 64 103
3111 121 122
3112 3 132
3113 22 160
3114 59 173
3115 103 156
3116 31 195
3117 35 132
3118 83 144
3119 139 162
3120 31 80
3121 182 196
3122 58 65
3123 115 144
3124 45 197
3125 105 106
3126 34 182
3127 196 198
3128 181 182
3129 24 111
3130 6 67
3131 10 14
3132 91 169
3133 111 154
3134 24 158
3135 134 167
3136 67 192
3137 33 80
3138 90 99
3139 80 85
3140 43 91
3141 194 197
3142 33 193
3143 167 186
3144 5 43
3145 38 173
3146 85 142
3147 14 138
3148 180 182
3149 4 100
3150 65 114
3151 47 198
3152 51 131
3153 89 116
3154 4 11
3155 99 143
3156 4 154
3157 61 87
3158 27 43
3159 112 145
3160 60 145
3161 17 162
3162 74 85
3163 37 175
3164 64 67
3165 140 168
3166 141 193
3167 70 169
3168 117 194
3169 173 176
3170 12 114
3171 69 111
3172 126 144
3173 22 63
3174 153 188
3175 35 160
3176 130 148
3177 31 52
3178 72 187
3179 30 135
3180 195 196
3181 78 147
3182 176 183
3183 161 197
3184 34 77
3185 114 159
3186 6 47
3187 63 170
3188 67 188
3189 87 161
3190 191 199
3191 52 191
3192 56 186
3193 62 112
3194 9 68
3195 66 111
3196 86 106
3197 18 138
3198 19 159
3199 132 134
3200 62 195
3201 66 158
3202 85 162
3203 86 197
3204 14 102
3205 75 84
3206 189 196
3207 122 153
3208 32 129
3209 14 17
3210 145 166
3211 94 195
3212 98 158
3213 47 75
3214 71 177
3215 75 178
3216 64 129
3217 122 123
3218 108 186
3219 40 170
3220 107 114
3221 17 142
3222 69 178
3223 73 183
3224 2 109
3225 79 105
3226 12 22
3227 50 161
3228 2 28
3229 154 195
3230 103 164
3231 21 145
3232 59 66
3233 82 97
3234 45 107
3235 49 104
3236 106 107
3237 116 128
3238 44 165
3239 11 52
3240 128 200
3241 1 126
3242 21 115
3243 96 188
3244 149 174
3245 7 64
3246 101 165
3247 11 133
3248 105 179
3249 34 81
3250 91 96
3251 43 133
3252 6 11
3253 90 168
3254 147 163
3255 9 134
3256 190 199
3257 90 91
3258 53 85
3259 9 23
3260 52 147
3261 53 198
3262 38 154
3263 42 105
3264 9 96
3265 66 115
3266 14 66
3267 113 133
3268 4 60
3269 118 182
3270 122 189
3271 142 166
3272 75 193
3273 94 191
3274 4 195
3275 98 162
3276 99 199
3277 27 98
3278 13 139
3279 88 116
3280 127 130
3281 37 150
3282 60 89
3283 23 71
3284 50 99
3285 13 109
3286 88 146
3287 70 102
3288 73 194
3289 93 159
3290 3 171
3291 22 133
3292 26 200
3293 73 83
3294 2 113
3295 174 179
3296 82 178
3297 59 110
3298 116 117
3299 115 183
3300 152 171
3301 25 163
3302 34 147
3303 1 90
3304 125 195
3305 6 100
3306 63 157
3307 10 107
3308 67 86
3309 105 175
3310 157 200
3311 125 180
3312 162 190
3313 111 129
3314 114 167
3315 33 75
3316 147 191
3317 43 126
3318 100 101
3319 63 115
3320 52 192
3321 53 169
3322 9 51
3323 160 161
3324 19 102
3325 76 77
3326 136 138
3327 66 87
3328 86 146
3329 8 68
3330 28 31
3331 14 94
3332 71 91
3333 18 101
3334 146 174
3335 38 96
3336 4 16
3337 99 146
3338 28 142
3339 131 175
3340 4 167
3341 8 162
3342 27 78
3343 112 118
3344 60 142
3345 155 162
3346 107 173
3347 17 197
3348 164 188
3349 37 138
3350 112 197
3351 117 124
3352 64 120
3353 22 161
3354 26 44
3355 73 79
3356 59 172
3357 150 197
3358 117 158
3359 31 194
3360 35 135
3361 126 196
3362 130 177
3363 150 180
3364 83 147
3365 139 165
3366 31 83
3367 55 73
3368 45 179
3369 49 176
3370 159 191
3371 1 53
3372 44 109
3373 48 104
3374 11 124
3375 72 126
3376 7 136
3377 10 188
3378 196 199
3379 54 173
3380 6 64
3381 63 177
3382 30 74
3383 158 159
3384 162 194
3385 39 136
3386 134 164
3387 138 171
3388 76 147
3389 53 141
3390 19 21
3391 18 167
3392 38 162
3393 76 113
3394 85 141
3395 14 139
3396 180 183
3397 38 61
3398 4 101
3399 8 96
3400 189 191
3401 65 113
3402 47 193
3403 122 130
3404 89 123
3405 99 142
3406 27 189
3407 142 158
3408 37 76
3409 112 146
3410 13 36
3411 74 82
3412 97 147
3413 64 68
3414 93 199
3415 188 189
3416 117 193
3417 173 175
3418 177 180
3419 69 110
3420 2 57
3421 22 60
3422 103 131
3423 82 122
3424 139 193
3425 163 199
3426 116 173
3427 1 17
3428 96 145
3429 78 97
3430 7 95
3431 195 199
3432 128 156
3433 78 144
3434 172 173
3435 34 74
3436 6 44
3437 111 185
3438 39 172
3439 76 183
3440 191 198
3441 104 184
3442 5 14
3443 80 193
3444 62 113
3445 100 140
3446 137 158
3447 66 108
3448 86 107
3449 15 165
3450 18 139
3451 199 200
3452 132 135
3453 65 172
3454 85 161
3455 14 103
3456 18 26
3457 38 89
3458 8 28
3459 189 195
3460 32 130
3461 14 22
3462 145 165
3463 95 169
3464 98 159
3465 99 170
3466 17 99
3467 64 130
3468 178 182
3469 108 187
3470 88 183
3471 107 117
3472 141 147
3473 97 191
3474 69 177
3475 79 104
3476 26 100
3477 46 99
3478 130 198
3479 103 167
3480 59 69
3481 79 142
3482 35 44
3483 116 129
3484 44 166
3485 34 140
3486 7 67
3487 101 164
3488 105 178
3489 87 102
3490 125 175
3491 91 99
3492 6 8
3493 138 144
3494 110 172
3495 147 162
3496 9 133
3497 190 196
3498 9 22
3499 56 87
3500 5 98
3501 80 173
3502 62 109
3503 9 103
3504 100 160
3505 66 112
3506 89 145
3507 28 52
3508 32 63
3509 14 67
3510 109 191
3511 4 61
3512 75 192
3513 131 178
3514 95 141
3515 98 163
3516 99 198
3517 27 101
3518 13 138
3519 51 107
3520 88 117
3521 17 79
3522 61 158
3523 40 135
3524 60 90
3525 13 108
3526 88 147
3527 73 193
3528 3 170
3529 22 154
3530 73 82
3531 59 131
3532 22 117
3533 174 176
3534 106 170
3535 16 190
3536 150 169
3537 82 179
3538 45 61
3539 12 138
3540 21 180
3541 116 118
3542 49 139
3543 1 40
3544 183 192
3545 115 182
3546 34 144
3547 1 89
3548 148 152
3549 149 193
3550 81 139
3551 7 167
3552 10 153
3553 11 160
3554 125 194
3555 58 141
3556 77 95
3557 6 101
3558 63 156
3559 10 104
3560 157 199
3561 162 191
3562 181 193
3563 24 132
3564 33 74
3565 147 190
3566 20 176
3567 39 116
3568 80 107
3569 43 113
3570 100 102
3571 53 168
3572 57 173
3573 119 187
3574 123 188
3575 160 162
3576 52 112
3577 76 78
3578 132 200
3579 14 172
3580 14 95
3581 18 98
3582 146 175
3583 4 17
3584 28 143
3585 193 200
3586 41 44
3587 4 160
3588 13 174
3589 17 43
3590 37 56
3591 112 119
3592 13 63
3593 107 172
3594 144 178
3595 108 131
3596 164 189
3597 3 121
3598 117 123
3599 64 121
3600 74 142
3601 73 78
3602 26 92
3603 117 157
3604 102 195
3605 103 158
3606 126 197
3607 150 181
3608 139 164
3609 31 82
3610 72 129
3611 1 155
3612 21 200
3613 45 178
3614 48 154
3615 159 190
3616 1 52
3617 48 105
3618 72 127
3619 58 62
3620 7 139
3621 54 162
3622 10 12
3623 157 171
3624 30 75
3625 105 138
3626 162 195
3627 91 171
3628 111 164
3629 138 168
3630 87 159
3631 76 140
3632 194 195
3633 33 199
3634 52 165
3635 124 128
3636 18 164
3637 19 133
3638 38 163
3639 42 46
3640 85 140
3641 14 136
3642 4 102
3643 189 190
3644 65 112
3645 122 131
3646 14 59
3647 89 122
3648 146 147
3649 28 147
3650 142 159
3651 131 138
3652 4 132
3653 95 197
3654 64 167
3655 17 23
3656 112 147
3657 13 35
3658 107 136
3659 74 83
3660 40 95
3661 64 69
3662 93 198
3663 188 190
3664 117 192
3665 173 174
3666 12 108
3667 69 109
3668 126 150
3669 2 54
3670 93 119
3671 31 161
3672 16 134
3673 35 162
3674 49 66
3675 115 193
3676 45 150
3677 1 16
3678 78 102
3679 25 154
3680 101 143
3681 195 198
3682 68 88
3683 128 157
3684 78 145
3685 6 146
3686 172 174
3687 87 93
3688 34 75
3689 54 142
3690 43 155
3691 6 45
3692 33 114
3693 87 163
3694 76 176
3695 191 193
3696 104 185
3697 42 115
3698 5 13
3699 80 194
3700 100 141
3701 137 157
3702 66 109
3703 86 104
3704 18 136
3705 19 161
3706 85 160
3707 14 100
3708 38 94
3709 113 159
3710 189 194
3711 32 131
3712 14 23
3713 142 200
3714 145 164
3715 98 156
3716 47 85
3717 17 98
3718 71 179
3719 37 111
3720 178 183
3721 112 191
3722 13 71
3723 107 116
3724 70 120
3725 17 140
3726 141 146
3727 3 177
3728 97 190
3729 69 176
3730 70 139
3731 74 198
3732 2 107
3733 12 16
3734 126 178
3735 153 158
3736 154 193
3737 102 139
3738 139 159
3739 59 68
3740 82 95
3741 45 105
3742 116 130
3743 44 167
3744 120 197
3745 11 54
3746 34 141
3747 54 72
3748 1 124
3749 96 190
3750 7 66
3751 101 163
3752 48 49
3753 6 126
3754 10 117
3755 67 124
3756 105 177
3757 6 9
3758 63 200
3759 190 197
3760 63 89
3761 9 21
3762 33 143
3763 56 88
3764 9 102
3765 100 161
3766 66 113
3767 86 116
3768 65 143
3769 28 53
3770 71 113
3771 118 180
3772 75 195
3773 94 189
3774 41 55
3775 95 140
3776 98 160
3777 27 100
3778 13 137
3779 131 194
3780 13 26
3781 107 195
3782 108 152
3783 60 91
3784 46 162
3785 13 107
3786 73 192
3787 22 155
3788 73 81
3789 154 178
3790 174 177
3791 150 174
3792 82 176
3793 12 139
3794 35 122
3795 55 103
3796 59 96
3797 25 48
3798 116 119
3799 183 195
3800 25 161
3801 44 139
3802 7 17
3803 34 145
3804 1 88
3805 92 159
3806 129 131
3807 148 153
3808 78 94
3809 7 166
3810 10 134
3811 101 199
3812 54 199
3813 77 94
3814 10 105
3815 105 173
3816 111 131
3817 24 133
3818 33 73
3819 90 138
3820 57 67
3821 147 193
3822 39 119
3823 80 108
3824 43 112
3825 9 160
3826 63 125
3827 33 58
3828 52 194
3829 124 125
3830 5 52
3831 119 186
3832 160 163
3833 76 79
3834 133 144
3835 8 70
3836 65 107
3837 14 92
3838 18 99
3839 109 162
3840 146 172
3841 113 167
3842 4 18
3843 4 161
3844 8 164
3845 17 42
3846 108 109
3847 37 39
3848 155 164
3849 13 62
3850 107 175
3851 144 179
3852 37 136
3853 23 101
3854 117 122
3855 121 127
3856 22 167
3857 73 77
3858 117 156
3859 103 153
3860 130 143
3861 135 162
3862 139 167
3863 31 93
3864 1 154
3865 92 93
3866 1 11
3867 115 149
3868 44 111
3869 7 117
3870 45 194
3871 48 106
3872 11 126
3873 105 111
3874 58 63
3875 7 138
3876 54 163
3877 24 114
3878 6 70
3879 10 13
3880 30 72
3881 162 192
3882 111 167
3883 39 138
3884 134 154
3885 67 197
3886 33 85
3887 33 198
3888 52 166
3889 124 129
3890 53 139
3891 19 23
3892 9 45
3893 52 85
3894 15 67
3895 18 165
3896 19 132
3897 38 160
3898 132 173
3899 85 139
3900 86 188
3901 14 137
3902 38 51
3903 4 103
3904 8 98
3905 47 195
3906 122 128
3907 51 132
3908 89 121
3909 145 191
3910 18 71
3911 27 191
3912 51 53
3913 75 139
3914 4 133
3915 17 22
3916 60 172
3917 23 24
3918 50 86
3919 107 139
3920 144 159
3921 74 80
3922 97 145
3923 188 200
3924 26 159
3925 64 70
3926 70 172
3927 22 67
3928 188 191
3929 12 109
3930 55 137
3931 197 200
3932 55 62
3933 139 195
3934 106 114
3935 72 190
3936 116 175
3937 44 188
3938 11 13
3939 54 109
3940 21 92
3941 149 151
3942 25 153
3943 7 89
3944 101 142
3945 11 154
3946 6 147
3947 172 175
3948 10 94
3949 87 92
3950 34 72
3951 77 102
3952 43 154
3953 81 99
3954 10 33
3955 111 187
3956 39 174
3957 191 192
3958 104 186
3959 5 12
3960 80 195
3961 100 142
3962 137 156
3963 66 106
3964 86 105
3965 19 160
3966 14 101
3967 18 24
3968 165 199
3969 38 95
3970 4 91
3971 42 146
3972 189 193
3973 94 198
3974 95 171
3975 98 157
3976 17 97
3977 37 110
3978 112 176
3979 13 70
3980 107 119
3981 141 145
3982 17 131
3983 74 199
3984 2 104
3985 46 97
3986 12 17
3987 130 196
3988 153 157
3989 21 158
3990 59 71
3991 25 91
3992 82 92
3993 45 104
3994 68 159
3995 1 194
3996 96 192
3997 116 131
3998 44 160
3999 7 44
4000 54 73
4001 1 115
4002 21 112
4003 149 171
4004 152 193
4005 101 162
4006 48 50
4007 11 134
4008 24 59
4009 10 114
4010 105 176
4011 87 96
4012 91 101
4013 6 14
4014 138 158
4015 90 183
4016 147 164
4017 9 139
4018 9 20
4019 33 142
4020 53 195
4021 38 153
4022 5 96
4023 80 175
4024 100 162
4025 86 117
4026 89 151
4027 65 142
4028 71 112
4029 113 186
4030 4 63
4031 28 165
4032 142 165
4033 75 194
4034 131 180
4035 95 143
4036 98 161
4037 27 103
4038 88 119
4039 131 197
4040 13 25
4041 107 194
4042 108 153
4043 127 143
4044 26 164
4045 46 163
4046 73 199
4047 73 80
4048 36 44
4049 153 200
4050 12 53
4051 126 175
4052 36 179
4053 82 177
4054 45 59
4055 12 132
4056 21 178
4057 183 194
4058 21 35
4059 152 174
4060 7 16
4061 105 114
4062 129 130
4063 148 154
4064 78 95
4065 6 200
4066 7 161
4067 10 135
4068 101 198
4069 30 194
4070 125 192
4071 58 139
4072 77 93
4073 6 91
4074 63 158
4075 10 22
4076 67 91
4077 105 172
4078 125 177
4079 162 189
4080 114 162
4081 138 178
4082 33 72
4083 80 109
4084 9 167
4085 123 193
4086 124 126
4087 52 195
4088 9 48
4089 160 164
4090 19 107
4091 80 139
4092 86 145
4093 8 71
4094 65 106
4095 14 93
4096 18 96
4097 146 173
4098 113 166
4099 4 19
4100 47 159
4101 131 144
4102 4 162
4103 27 67
4104 84 144
4105 108 110
4106 37 38
4107 41 163
4108 13 61
4109 107 174
4110 40 101
4111 23 100
4112 117 121
4113 64 123
4114 121 126
4115 74 140
4116 2 161
4117 22 164
4118 26 43
4119 73 76
4120 22 23
4121 153 164
4122 117 155
4123 103 152
4124 106 140
4125 35 136
4126 25 98
4127 135 157
4128 139 166
4129 12 168
4130 31 92
4131 72 131
4132 1 153
4133 55 74
4134 92 94
4135 120 143
4136 163 189
4137 1 10
4138 115 148
4139 44 104
4140 7 116
4141 48 107
4142 11 113
4143 105 110
4144 72 97
4145 58 60
4146 34 37
4147 58 175
4148 43 177
4149 6 71
4150 63 178
4151 30 73
4152 162 193
4153 91 173
4154 67 196
4155 33 84
4156 87 153
4157 76 142
4158 43 95
4159 9 195
4160 124 130
4161 19 22
4162 9 44
4163 119 153
4164 18 162
4165 132 174
4166 65 197
4167 14 142
4168 38 48
4169 4 96
4170 8 99
4171 47 194
4172 122 129
4173 32 121
4174 89 120
4175 145 190
4176 18 68
4177 109 133
4178 27 190
4179 51 52
4180 37 73
4181 95 199
4182 98 105
4183 17 21
4184 40 178
4185 41 159
4186 107 138
4187 17 166
4188 74 81
4189 37 171
4190 3 87
4191 97 144
4192 64 71
4193 73 159
4194 22 64
4195 69 107
4196 126 148
4197 36 100
4198 55 136
4199 2 52
4200 31 163
4201 55 57
4202 79 183
4203 139 194
4204 72 191
4205 11 12
4206 54 98
4207 1 22
4208 21 91
4209 149 150
4210 78 100
4211 7 88
4212 101 141
4213 30 139
4214 195 200
4215 6 144
4216 10 95
4217 87 95
4218 34 73
4219 54 140
4220 77 101
4221 81 98
4222 10 46
4223 101 111
4224 39 169
4225 134 135
4226 33 112
4227 76 178
4228 167 197
4229 191 195
4230 5 11
4231 119 125
4232 66 107
4233 18 134
4234 19 163
4235 18 25
4236 165 198
4237 4 68
4238 42 147
4239 189 192
4240 28 66
4241 14 21
4242 94 199
4243 98 154
4244 17 96
4245 37 109
4246 112 177
4247 141 144
4248 3 179
4249 73 187
4250 2 105
4251 46 102
4252 12 18
4253 126 176
4254 153 156
4255 139 145
4256 21 157
4257 59 70
4258 79 139
4259 45 103
4260 34 139
4261 21 127
4262 7 188
4263 101 161
4264 48 51
4265 11 185
4266 87 99
4267 20 40
4268 24 171
4269 110 179
4270 147 167
4271 9 138
4272 63 91
4273 29 87
4274 29 200
4275 33 141
4276 52 159
4277 15 21
4278 53 194
4279 5 111
4280 9 100
4281 100 163
4282 86 138
4283 89 150
4284 19 191
4285 65 141
4286 14 70
4287 8 59
4288 28 166
4289 142 170
4290 94 163
4291 95 142
4292 98 190
4293 8 138
4294 27 102
4295 51 108
4296 71 145
4297 131 196
4298 13 24
4299 107 197
4300 108 154
4301 37 146
4302 23 67
4303 13 105
4304 88 150
4305 70 90
4306 73 198
4307 3 175
4308 22 153
4309 36 45
4310 150 172
4311 139 189
4312 12 133
4313 1 188
4314 159 199
4315 1 45
4316 115 187
4317 7 19
4318 48 64
4319 105 113
4320 148 155
4321 78 92
4322 7 160
4323 10 132
4324 101 197
4325 30 195
4326 77 92
4327 6 88
4328 63 153
4329 10 23
4330 157 196
4331 30 82
4332 111 141
4333 24 135
4334 33 79
4335 90 136
4336 57 65
4337 20 179
4338 147 195
4339 43 114
4340 63 127
4341 124 127
4342 119 180
4343 123 177
4344 160 165
4345 52 115
4346 56 118
4347 19 106
4348 5 67
4349 80 140
4350 133 158
4351 65 105
4352 85 102
4353 71 87
4354 109 160
4355 38 100
4356 4 28
4357 94 159
4358 4 163
4359 84 145
4360 13 171
4361 17 40
4362 108 111
4363 60 138
4364 13 60
4365 97 139
4366 117 120
4367 64 124
4368 121 125
4369 84 119
4370 74 141
4371 3 139
4372 22 165
4373 26 40
4374 46 47
4375 59 160
4376 153 171
4377 26 91
4378 117 154
4379 102 198
4380 103 155
4381 126 200
4382 135 156
4383 12 169
4384 31 95
4385 1 152
4386 92 95
4387 45 175
4388 1 9
4389 148 200
4390 116 196
4391 44 105
4392 48 108
4393 11 112
4394 105 109
4395 72 98
4396 128 180
4397 58 61
4398 54 161
4399 58 172
4400 10 11
4401 30 78
4402 91 172
4403 90 108
4404 170 196
4405 43 94
4406 9 194
4407 29 31
4408 124 131
4409 167 177
4410 5 22
4411 119 152
4412 19 134
4413 38 166
4414 76 109
4415 86 178
4416 14 143
4417 4 97
4418 14 62
4419 89 127
4420 145 189
4421 27 177
4422 75 141
4423 131 143
4424 4 135
4425 95 198
4426 98 102
4427 64 186
4428 17 20
4429 112 150
4430 23 26
4431 50 84
4432 144 145
4433 74 94
4434 37 170
4435 64 88
4436 140 165
4437 73 158
4438 93 195
4439 83 85
4440 46 75
4441 121 138
4442 12 111
4443 69 106
4444 2 53
4445 31 162
4446 55 56
4447 59 61
4448 82 118
4449 106 112
4450 72 160
4451 48 185
4452 54 99
4453 1 21
4454 21 90
4455 78 101
4456 25 159
4457 101 140
4458 77 147
4459 6 145
4460 10 92
4461 54 141
4462 77 100
4463 81 97
4464 10 47
4465 101 110
4466 91 136
4467 43 45
4468 190 191
4469 191 194
4470 5 10
4471 119 124
4472 66 104
4473 86 111
4474 18 135
4475 14 107
4476 18 22
4477 4 69
4478 118 175
4479 28 67
4480 14 26
4481 89 91
4482 95 149
4483 98 155
4484 47 86
4485 17 103
4486 71 172
4487 37 108
4488 64 134
4489 112 178
4490 3 37
4491 13 68
4492 141 143
4493 17 129
4494 70 142
4495 73 186
4496 3 195
4497 26 96
4498 46 103
4499 12 19
4500 16 86
4501 126 177
4502 2 25
4503 102 142
4504 139 144
4505 21 156
4506 59 89
4507 79 138
4508 49 99
4509 44 162
4510 120 200
4511 11 43
4512 54 79
4513 7 191
4514 101 160
4515 48 52
4516 10 112
4517 87 98
4518 125 171
4519 20 41
4520 6 12
4521 138 156
4522 90 181
4523 147 166
4524 190 200
4525 63 90
4526 53 80
4527 9 26
4528 29 199
4529 123 148
4530 33 140
4531 53 193
4532 38 159
4533 80 161
4534 9 107
4535 100 172
4536 89 149
4537 19 190
4538 14 71
4539 71 114
4540 38 121
4541 113 184
4542 4 57
4543 8 60
4544 28 167
4545 94 160
4546 131 182
4547 98 191
4548 13 134
4549 88 121
4550 71 144
4551 61 154
4552 13 23
4553 108 155
4554 60 86
4555 46 161
4556 84 92
4557 73 197
4558 3 174
4559 22 158
4560 69 145
4561 174 180
4562 126 173
4563 102 170
4564 12 134
4565 35 127
4566 1 179
4567 159 198
4568 1 44
4569 25 166
4570 44 134
4571 7 18
4572 48 65
4573 105 112
4574 78 93
4575 7 163
4576 10 133
4577 11 164
4578 30 192
4579 24 25
4580 6 89
4581 10 20
4582 30 83
4583 105 146
4584 158 164
4585 114 160
4586 33 78
4587 90 137
4588 147 194
4589 80 111
4590 43 117
4591 123 195
4592 156 163
4593 29 171
4594 123 176
4595 160 166
4596 52 124
4597 5 66
4598 80 141
4599 65 104
4600 85 101
4601 51 173
4602 14 35
4603 18 94
4604 109 159
4605 131 146
4606 4 172
4607 8 167
4608 175 197
4609 13 170
4610 13 59
4611 107 160
4612 127 173
4613 23 102
4614 26 134
4615 64 125
4616 121 124
4617 70 71
4618 2 191
4619 3 138
4620 26 41
4621 69 117
4622 2 46
4623 93 111
4624 26 88
4625 117 153
4626 102 199
4627 106 138
4628 35 138
4629 82 147
4630 12 170
4631 31 94
4632 1 159
4633 45 174
4634 163 191
4635 1 8
4636 115 150
4637 116 197
4638 44 106
4639 48 109
4640 105 108
4641 68 96
4642 72 99
4643 128 181
4644 6 170
4645 7 135
4646 10 185
4647 54 166
4648 24 117
4649 43 179
4650 6 69
4651 63 188
4652 30 79
4653 105 142
4654 91 175
4655 39 135
4656 134 153
4657 90 109
4658 29 30
4659 52 161
4660 19 24
4661 167 176
4662 160 194
4663 52 80
4664 18 160
4665 184 200
4666 76 110
4667 136 171
4668 86 179
4669 4 98
4670 8 101
4671 32 123
4672 51 137
4673 14 63
4674 89 126
4675 109 131
4676 51 54
4677 37 119
4678 75 140
4679 98 103
4680 27 33
4681 40 180
4682 50 85
4683 13 95
4684 144 146
4685 17 164
4686 74 95
4687 3 89
4688 64 89
4689 140 166
4690 2 131
4691 83 84
4692 69 105
4693 126 154
4694 55 138
4695 2 50
4696 93 115
4697 21 135
4698 59 60
4699 79 177
4700 102 114
4701 31 50
4702 106 113
4703 72 161
4704 35 55
4705 182 186
4706 115 197
4707 45 146
4708 48 186
4709 11 14
4710 1 20
4711 58 111
4712 21 89
4713 25 158
4714 44 78
4715 7 90
4716 101 139
4717 129 200
4718 6 150
4719 10 93
4720 87 89
4721 77 99
4722 43 159
4723 6 33
4724 10 44
4725 101 109
4726 43 44
4727 53 123
4728 5 9
4729 80 198
4730 119 127
4731 66 105
4732 86 108
4733 18 132
4734 62 197
4735 65 167
4736 18 23
4737 42 145
4738 89 90
4739 98 152
4740 8 144
4741 47 81
4742 71 175
4743 37 107
4744 64 135
4745 178 179
4746 108 176
4747 127 148
4748 112 179
4749 3 36
4750 88 188
4751 141 142
4752 70 143
4753 74 194
4754 2 103
4755 3 194
4756 22 98
4757 46 100
4758 106 179
4759 16 87
4760 126 182
4761 2 22
4762 102 143
4763 139 147
4764 21 155
4765 59 88
4766 49 98
4767 1 199
4768 1 112
4769 21 125
4770 81 162
4771 48 53
4772 6 114
4773 10 113
4774 67 96
4775 105 181
4776 20 42
4777 6 13
4778 90 178
4779 91 151
4780 110 177
4781 147 169
4782 9 136
4783 63 69
4784 29 85
4785 67 158
4786 9 25
4787 29 198
4788 124 196
4789 15 23
4790 19 80
4791 5 109
4792 9 106
4793 86 136
4794 89 148
4795 32 52
4796 71 109
4797 109 186
4798 4 58
4799 8 61
4800 142 168
4801 75 199
4802 94 161
4803 95 136
4804 8 140
4805 17 66
4806 71 147
4807 61 153
4808 13 22
4809 37 144
4810 60 87
4811 23 93
4812 46 166
4813 84 93
4814 140 159
4815 13 103
4816 88 152
4817 70 88
4818 3 145
4819 16 36
4820 73 85
4821 59 134
4822 117 132
4823 12 48
4824 103 113
4825 150 162
4826 45 56
4827 102 171
4828 139 191
4829 12 135
4830 35 126
4831 1 178
4832 21 191
4833 96 112
4834 49 142
4835 159 193
4836 21 32
4837 7 13
4838 48 66
4839 11 86
4840 81 142
4841 101 195
4842 11 167
4843 30 193
4844 24 26
4845 6 94
4846 63 155
4847 10 21
4848 30 80
4849 111 143
4850 114 161
4851 33 77
4852 90 150
4853 80 96
4854 43 116
4855 9 164
4856 63 121
4857 57 176
4858 171 200
4859 9 53
4860 5 65
4861 80 142
4862 136 176
4863 65 111
4864 85 100
4865 32 80
4866 18 95
4867 109 158
4868 146 168
4869 118 148
4870 193 195
4871 37 82
4872 8 168
4873 84 147
4874 13 169
4875 17 46
4876 41 160
4877 88 197
4878 17 191
4879 3 124
4880 22 200
4881 23 97
4882 26 135
4883 64 126
4884 46 194
4885 144 198
4886 74 139
4887 2 188
4888 3 141
4889 50 144
4890 73 113
4891 2 47
4892 59 162
4893 153 169
4894 117 152
4895 103 149
4896 25 103
4897 135 158
4898 12 171
4899 1 158
4900 45 173
4901 120 146
4902 159 165
4903 163 190
4904 1 15
4905 96 139
4906 44 107
4907 7 113
4908 48 110
4909 72 100
4910 128 182
4911 58 59
4912 78 190
4913 6 171
4914 58 170
4915 6 58
4916 30 76
4917 161 163
4918 91 174
4919 39 134
4920 29 108
4921 87 154
4922 53 102
4923 5 131
4924 9 192
4925 167 179
4926 62 95
4927 119 154
4928 29 142
4929 160 195
4930 89 163
4931 38 164
4932 42 43
4933 86 176
4934 14 141
4935 4 99
4936 8 102
4937 32 124
4938 89 125
4939 18 67
4940 51 57
4941 17 121
4942 4 129
4943 98 100
4944 64 188
4945 27 32
4946 60 168
4947 50 82
4948 13 94
4949 88 161
4950 144 147
4951 74 92
4952 3 88
4953 188 196
4954 140 167
4955 22 71
4956 46 73
4957 69 104
4958 126 155
4959 73 109
4960 36 103
4961 55 133
4962 2 51
4963 93 114
4964 59 63
4965 25 67
4966 79 176
4967 139 199
4968 68 167
4969 72 162
4970 182 187
4971 44 184
4972 54 97
4973 115 117
4974 78 107
4975 30 142
4976 68 69
4977 77 145
4978 24 35
4979 87 88
4980 77 98
4981 6 38
4982 10 45
4983 91 138
4984 29 112
4985 76 173
4986 123 138
4987 5 8
4988 80 199
4989 119 126
4990 66 102
4991 86 109
4992 52 53
4993 18 133
4994 19 164
4995 28 46
4996 85 171
4997 18 20
4998 75 77
4999 4 71
5000 65 87
5001 14 24
5002 145 159
5003 98 153
5004 27 159
5005 47 80
5006 71 174
5007 37 106
5008 108 177
5009 112 180
5010 46 139
5011 13 66
5012 73 184
5013 74 195
5014 22 99
5015 46 101
5016 12 13
5017 102 140
5018 139 146
5019 12 156
5020 21 154
5021 49 97
5022 96 196
5023 116 143
5024 48 167
5025 11 45
5026 54 77
5027 1 119
5028 21 124
5029 81 161
5030 7 185
5031 48 54
5032 105 180
5033 87 124
5034 91 121
5035 138 154
5036 90 179
5037 91 150
5038 147 168
5039 9 143
5040 63 68
5041 29 84
5042 67 129
5043 9 24
5044 123 150
5045 124 197
5046 52 154
5047 15 22
5048 5 108
5049 80 163
5050 133 167
5051 9 105
5052 156 200
5053 86 137
5054 89 155
5055 19 192
5056 71 108
5057 109 185
5058 4 59
5059 8 62
5060 28 161
5061 75 198
5062 95 139
5063 98 189
5064 13 132
5065 17 65
5066 71 146
5067 13 21
5068 23 92
5069 26 160
5070 84 94
5071 88 153
5072 70 89
5073 3 144
5074 22 156
5075 73 84
5076 36 40
5077 117 131
5078 103 112
5079 82 173
5080 139 190
5081 12 128
5082 31 100
5083 1 177
5084 59 103
5085 116 124
5086 49 141
5087 25 164
5088 7 12
5089 72 73
5090 78 163
5091 81 141
5092 10 131
5093 30 198
5094 6 95
5095 63 154
5096 10 18
5097 157 193
5098 30 81
5099 105 144
5100 134 179
5101 33 76
5102 90 151
5103 5 174
5104 43 119
5105 9 171
5106 63 120
5107 123 197
5108 56 138
5109 5 63
5110 9 52
5111 119 177
5112 123 178
5113 52 126
5114 109 123
5115 113 120
5116 5 64
5117 66 174
5118 15 155
5119 65 110
5120 85 99
5121 32 81
5122 51 175
5123 14 33
5124 18 92
5125 193 194
5126 32 192
5127 131 148
5128 4 174
5129 8 169
5130 13 168
5131 17 45
5132 60 133
5133 64 192
5134 144 168
5135 127 175
5136 23 96
5137 64 127
5138 46 195
5139 144 199
5140 3 140
5141 46 50
5142 50 145
5143 36 76
5144 93 109
5145 22 43
5146 153 168
5147 102 197
5148 135 153
5149 12 164
5150 159 164
5151 1 14
5152 44 100
5153 7 112
5154 48 111
5155 11 117
5156 30 147
5157 72 101
5158 128 183
5159 78 191
5160 6 168
5161 7 129
5162 10 167
5163 30 34
5164 185 187
5165 58 171
5166 6 59
5167 10 54
5168 30 77
5169 105 140
5170 161 162
5171 91 161
5172 39 129
5173 87 149
5174 53 101
5175 9 199
5176 52 163
5177 53 150
5178 19 26
5179 167 178
5180 119 149
5181 89 162
5182 52 82
5183 18 158
5184 76 104
5185 132 170
5186 136 173
5187 86 177
5188 184 185
5189 169 171
5190 8 103
5191 89 124
5192 18 64
5193 27 178
5194 47 191
5195 17 120
5196 71 197
5197 37 117
5198 75 142
5199 95 195
5200 98 101
5201 61 111
5202 198 200
5203 60 169
5204 50 83
5205 107 142
5206 17 154
5207 74 93
5208 3 91
5209 23 132
5210 188 197
5211 140 160
5212 73 131
5213 2 129
5214 168 169
5215 22 68
5216 46 78
5217 121 143
5218 12 106
5219 69 87
5220 126 152
5221 36 96
5222 55 132
5223 2 48
5224 83 199
5225 21 133
5226 59 62
5227 79 179
5228 82 117
5229 45 127
5230 102 112
5231 139 198
5232 182 184
5233 116 180
5234 45 144
5235 54 102
5236 58 109
5237 21 103
5238 115 116
5239 25 156
5240 10 200
5241 68 70
5242 77 144
5243 10 91
5244 87 91
5245 77 97
5246 81 102
5247 9 146
5248 29 79
5249 87 185
5250 5 119
5251 62 120
5252 100 139
5253 119 121
5254 66 103
5255 52 54
5256 18 21
5257 75 76
5258 165 194
5259 4 64
5260 65 86
5261 14 25
5262 145 158
5263 95 150
5264 98 150
5265 8 146
5266 47 83
5267 17 100
5268 71 169
5269 37 105
5270 108 178
5271 127 150
5272 40 146
5273 3 38
5274 70 114
5275 50 198
5276 70 141
5277 73 191
5278 2 101
5279 22 96
5280 79 113
5281 12 14
5282 126 180
5283 2 20
5284 82 198
5285 102 141
5286 21 153
5287 68 132
5288 96 197
5289 44 157
5290 7 43
5291 128 192
5292 21 123
5293 81 160
5294 7 184
5295 6 112
5296 67 98
5297 91 120
5298 111 117
5299 114 187
5300 138 155
5301 90 176
5302 143 174
5303 29 83
5304 67 128
5305 15 17
5306 19 82
5307 38 146
5308 5 107
5309 9 104
5310 89 154
5311 19 195
5312 14 74
5313 95 101
5314 8 63
5315 28 162
5316 32 165
5317 41 57
5318 151 164
5319 8 142
5320 88 124
5321 51 112
5322 17 64
5323 71 141
5324 13 20
5325 84 95
5326 13 101
5327 88 154
5328 3 147
5329 22 157
5330 192 200
5331 16 38
5332 36 41
5333 2 73
5334 79 85
5335 117 130
5336 154 188
5337 36 184
5338 45 54
5339 49 51
5340 21 189
5341 59 102
5342 96 114
5343 116 125
5344 49 140
5345 159 195
5346 44 129
5347 7 15
5348 72 74
5349 77 199
5350 78 160
5351 81 140
5352 30 199
5353 6 92
5354 10 19
5355 157 192
5356 158 171
5357 111 137
5358 39 156
5359 147 199
5360 5 173
5361 43 118
5362 9 170
5363 63 123
5364 123 196
5365 9 59
5366 136 178
5367 86 170
5368 15 154
5369 65 109
5370 85 98
5371 32 82
5372 51 174
5373 14 38
5374 89 103
5375 4 24
5376 151 200
5377 8 170
5378 13 167
5379 17 44
5380 41 166
5381 60 134
5382 64 193
5383 175 183
5384 144 169
5385 40 106
5386 3 126
5387 23 99
5388 64 112
5389 46 192
5390 84 115
5391 2 186
5392 3 143
5393 46 51
5394 12 71
5395 69 114
5396 2 45
5397 22 40
5398 97 105
5399 103 151
5400 106 137
5401 16 145
5402 35 143
5403 25 101
5404 135 152
5405 49 95
5406 1 156
5407 45 171
5408 120 148
5409 1 13
5410 58 86
5411 96 141
5412 44 101
5413 7 115
5414 11 116
5415 30 144
5416 72 102
5417 6 169
5418 10 164
5419 54 165
5420 185 186
5421 58 168
5422 157 164
5423 111 173
5424 134 156
5425 90 104
5426 110 111
5427 76 139
5428 5 129
5429 9 198
5430 167 173
5431 100 144
5432 119 148
5433 29 140
5434 18 159
5435 76 105
5436 132 171
5437 184 186
5438 4 109
5439 169 170
5440 8 104
5441 28 123
5442 32 126
5443 165 190
5444 95 189
5445 37 116
5446 4 131
5447 95 194
5448 61 110
5449 27 34
5450 60 170
5451 50 80
5452 13 92
5453 88 163
5454 107 129
5455 17 153
5456 188 198
5457 140 161
5458 2 158
5459 168 170
5460 22 69
5461 12 107
5462 69 86
5463 126 153
5464 36 97
5465 59 192
5466 21 132
5467 186 197
5468 79 178
5469 45 126
5470 49 123
5471 182 185
5472 44 186
5473 54 103
5474 1 105
5475 58 106
5476 96 169
5477 115 119
5478 7 87
5479 101 136
5480 11 144
5481 30 140
5482 68 71
5483 128 148
5484 10 88
5485 30 31
5486 87 90
5487 125 131
5488 81 101
5489 110 152
5490 39 164
5491 9 145
5492 29 78
5493 67 167
5494 87 184
5495 5 118
5496 119 120
5497 123 125
5498 32 43
5499 75 79
5500 113 144
5501 165 193
5502 4 65
5503 28 95
5504 122 174
5505 95 145
5506 98 151
5507 27 145
5508 13 158
5509 17 91
5510 71 168
5511 37 104
5512 75 173
5513 108 179
5514 112 182
5515 40 147
5516 13 64
5517 88 191
5518 107 109
5519 74 126
5520 60 61
5521 23 171
5522 50 199
5523 73 190
5524 36 54
5525 74 193
5526 3 199
5527 22 97
5528 79 112
5529 117 173
5530 82 199
5531 154 200
5532 12 158
5533 1 171
5534 21 152
5535 49 103
5536 68 133
5537 44 158
5538 7 42
5539 1 117
5540 21 122
5541 6 113
5542 87 126
5543 34 102
5544 91 123
5545 111 116
5546 90 177
5547 143 169
5548 9 141
5549 63 70
5550 29 82
5551 67 131
5552 53 92
5553 119 175
5554 29 195
5555 15 16
5556 42 94
5557 136 151
5558 9 111
5559 89 153
5560 65 128
5561 71 110
5562 75 107
5563 95 100
5564 8 32
5565 118 143
5566 28 163
5567 32 166
5568 94 164
5569 41 56
5570 8 143
5571 51 115
5572 13 19
5573 3 5
5574 23 94
5575 46 165
5576 13 100
5577 88 155
5578 70 95
5579 141 175
5580 3 146
5581 16 39
5582 36 42
5583 79 84
5584 117 129
5585 103 114
5586 106 146
5587 45 53
5588 49 50
5589 31 102
5590 16 197
5591 21 188
5592 116 126
5593 120 121
5594 49 131
5595 159 194
5596 1 32
5597 152 180
5598 44 130
5599 7 14
5600 72 75
5601 78 161
5602 6 194
5603 7 159
5604 20 90
5605 10 16
5606 158 168
5607 111 136
5608 39 159
5609 134 177
5610 90 149
5611 147 198
5612 5 172
5613 43 105
5614 80 99
5615 9 169
5616 63 122
5617 104 105
5618 9 58
5619 123 180
5620 52 120
5621 80 129
5622 66 172
5623 86 171
5624 85 97
5625 32 83
5626 51 177
5627 14 39
5628 18 90
5629 146 167
5630 4 25
5631 47 165
5632 37 95
5633 131 150
5634 4 168
5635 8 171
5636 88 89
5637 60 135
5638 61 186
5639 13 55
5640 144 170
5641 164 165
5642 97 142
5643 23 98
5644 64 113
5645 50 60
5646 2 187
5647 22 190
5648 46 48
5649 12 64
5650 69 113
5651 59 167
5652 22 41
5653 16 146
5654 82 143
5655 135 155
5656 49 94
5657 48 146
5658 159 166
5659 1 12
5660 58 87
5661 115 154
5662 116 193
5663 7 114
5664 101 147
5665 11 119
5666 78 189
5667 7 131
5668 10 165
5669 30 32
5670 196 200
5671 58 169
5672 10 52
5673 91 163
5674 111 172
5675 39 131
5676 87 151
5677 90 105
5678 53 99
5679 57 96
5680 5 128
5681 9 197
5682 124 152
5683 52 173
5684 167 172
5685 5 17
5686 62 66
5687 9 86
5688 100 145
5689 29 139
5690 160 198
5691 89 160
5692 52 92
5693 76 106
5694 86 183
5695 180 184
5696 184 187
5697 38 42
5698 8 105
5699 62 188
5700 32 127
5701 165 189
5702 95 188
5703 37 115
5704 98 99
5705 61 109
5706 64 191
5707 27 37
5708 60 171
5709 50 81
5710 13 91
5711 188 199
5712 140 162
5713 70 167
5714 73 129
5715 168 171
5716 22 90
5717 117 200
5718 46 76
5719 12 100
5720 55 134
5721 2 14
5722 59 195
5723 21 131
5724 25 64
5725 82 115
5726 116 182
5727 54 100
5728 58 107
5729 96 170
5730 115 118
5731 7 86
5732 11 147
5733 77 142
5734 6 138
5735 34 67
5736 125 130
5737 43 147
5738 6 37
5739 81 100
5740 10 40
5741 91 143
5742 110 153
5743 9 144
5744 29 77
5745 87 187
5746 143 197
5747 123 143
5748 124 188
5749 52 129
5750 5 117
5751 80 186
5752 9 114
5753 119 123
5754 85 199
5755 123 124
5756 15 172
5757 19 169
5758 132 136
5759 14 108
5760 18 19
5761 75 78
5762 4 66
5763 122 175
5764 95 144
5765 98 148
5766 27 144
5767 47 93
5768 13 157
5769 71 171
5770 41 108
5771 61 113
5772 108 172
5773 40 148
5774 3 40
5775 107 108
5776 3 185
5777 60 62
5778 69 184
5779 73 189
5780 2 99
5781 126 186
5782 36 134
5783 150 154
5784 12 159
5785 31 141
5786 1 170
5787 79 145
5788 49 102
5789 68 134
5790 72 193
5791 44 159
5792 7 37
5793 11 46
5794 72 80
5795 128 194
5796 1 116
5797 149 180
5798 81 166
5799 138 153
5800 5 183
5801 63 65
5802 29 81
5803 29 194
5804 52 101
5805 15 19
5806 5 105
5807 80 166
5808 133 164
5809 180 193
5810 32 72
5811 14 72
5812 71 105
5813 113 179
5814 4 38
5815 94 165
5816 88 126
5817 71 143
5818 13 18
5819 108 144
5820 127 180
5821 3 4
5822 26 175
5823 13 99
5824 88 156
5825 16 24
5826 36 43
5827 2 71
5828 117 128
5829 12 44
5830 35 149
5831 45 52
5832 12 131
5833 31 97
5834 35 98
5835 59 120
5836 116 127
5837 120 122
5838 49 130
5839 21 44
5840 115 129
5841 25 169
5842 44 131
5843 7 9
5844 72 76
5845 149 200
5846 78 166
5847 6 195
5848 7 158
5849 63 135
5850 10 17
5851 30 84
5852 158 169
5853 181 200
5854 39 158
5855 90 146
5856 39 111
5857 5 171
5858 43 104
5859 80 100
5860 9 168
5861 171 191
5862 104 106
5863 33 50
5864 53 191
5865 160 187
5866 33 163
5867 52 121
5868 86 168
5869 18 200
5870 51 176
5871 18 91
5872 4 26
5873 193 199
5874 131 153
5875 4 169
5876 8 172
5877 88 90
5878 61 185
5879 64 195
5880 175 177
5881 144 171
5882 164 166
5883 97 141
5884 64 114
5885 46 198
5886 140 191
5887 2 184
5888 168 176
5889 46 49
5890 50 140
5891 69 112
5892 73 117
5893 36 79
5894 2 43
5895 97 111
5896 154 158
5897 103 145
5898 16 147
5899 82 140
5900 135 154
5901 49 93
5902 12 167
5903 1 146
5904 120 150
5905 11 25
5906 159 161
5907 1 3
5908 21 64
5909 96 143
5910 25 133
5911 44 103
5912 7 109
5913 116 194
5914 72 104
5915 6 175
5916 30 33
5917 181 187
5918 24 122
5919 6 62
5920 63 187
5921 10 53
5922 157 162
5923 111 175
5924 134 146
5925 87 150
5926 5 143
5927 9 196
5928 124 153
5929 53 147
5930 167 175
5931 62 67
5932 119 150
5933 160 199
5934 89 167
5935 52 93
5936 18 157
5937 76 107
5938 85 147
5939 86 180
5940 14 145
5941 180 185
5942 18 44
5943 38 43
5944 4 111
5945 8 106
5946 28 117
5947 122 136
5948 32 112
5949 95 191
5950 37 114
5951 4 141
5952 61 108
5953 50 78
5954 13 90
5955 107 131
5956 17 159
5957 188 192
5958 140 163
5959 168 172
5960 22 91
5961 46 77
5962 12 101
5963 16 96
5964 36 99
5965 21 130
5966 25 71
5967 45 124
5968 49 121
5969 106 122
5970 115 200
5971 44 180
5972 54 101
5973 1 111
5974 58 104
5975 96 171
5976 115 121
5977 11 146
5978 77 141
5979 6 139
5980 10 70
5981 125 129
5982 114 146
5983 43 146
5984 6 26
5985 110 158
5986 39 166
5987 29 76
5988 119 197
5989 191 200
5990 19 59
5991 5 116
5992 9 113
5993 85 198
5994 123 127
5995 89 131
5996 19 168
5997 132 137
5998 65 186
5999 14 109
6000 38 87
6001 4 67
6002 42 154
6003 145 147
6004 95 147
6005 98 149
6006 151 157
6007 27 147
6008 47 92
6009 13 156
6010 71 170
6011 61 112
6012 108 173
6013 112 168
6014 40 149
6015 3 43
6016 88 129
6017 107 111
6018 70 113
6019 60 63
6020 69 167
6021 36 48
6022 117 171
6023 121 168
6024 126 187
6025 150 155
6026 12 152
6027 31 140
6028 79 144
6029 82 84
6030 68 135
6031 21 23
6032 7 36
6033 72 81
6034 128 195
6035 92 140
6036 34 100
6037 91 125
6038 24 178
6039 147 172
6040 39 74
6041 9 179
6042 63 64
6043 29 80
6044 5 199
6045 9 28
6046 29 193
6047 123 170
6048 124 193
6049 52 102
6050 15 18
6051 19 87
6052 76 92
6053 42 92
6054 136 153
6055 9 109
6056 66 70
6057 89 159
6058 19 196
6059 65 134
6060 32 73
6061 71 104
6062 109 181
6063 38 115
6064 113 178
6065 95 102
6066 98 198
6067 28 189
6068 47 131
6069 41 62
6070 131 188
6071 88 127
6072 51 117
6073 71 142
6074 13 17
6075 3 7
6076 60 108
6077 13 98
6078 74 144
6079 12 94
6080 16 25
6081 12 45
6082 103 108
6083 106 144
6084 35 148
6085 79 199
6086 45 51
6087 12 188
6088 16 199
6089 1 181
6090 55 126
6091 92 114
6092 116 120
6093 120 123
6094 49 129
6095 1 38
6096 21 43
6097 115 128
6098 25 168
6099 44 124
6100 7 8
6101 34 166
6102 72 77
6103 1 87
6104 92 144
6105 129 154
6106 6 192
6107 10 143
6108 58 147
6109 77 85
6110 63 134
6111 30 85
6112 111 138
6113 39 153
6114 138 186
6115 90 147
6116 39 110
6117 5 170
6118 43 107
6119 104 107
6120 29 52
6121 33 49
6122 53 190
6123 5 59
6124 29 165
6125 123 182
6126 33 162
6127 15 118
6128 109 119
6129 113 124
6130 42 48
6131 133 135
6132 66 170
6133 86 169
6134 62 134
6135 51 179
6136 18 88
6137 99 159
6138 193 198
6139 32 196
6140 131 152
6141 4 170
6142 61 71
6143 13 164
6144 88 91
6145 64 196
6146 175 176
6147 13 53
6148 17 178
6149 3 99
6150 97 140
6151 60 112
6152 64 115
6153 46 199
6154 2 185
6155 168 177
6156 22 188
6157 46 54
6158 50 141
6159 73 116
6160 36 72
6161 2 40
6162 103 144
6163 25 106
6164 82 141
6165 135 149
6166 49 92
6167 12 160
6168 72 139
6169 1 145
6170 45 168
6171 159 160
6172 163 165
6173 1 2
6174 44 96
6175 101 145
6176 48 99
6177 11 105
6178 68 110
6179 6 172
6180 181 186
6181 6 63
6182 81 126
6183 10 50
6184 161 166
6185 87 145
6186 90 119
6187 110 114
6188 43 87
6189 124 154
6190 52 175
6191 167 174
6192 62 64
6193 100 147
6194 156 157
6195 86 90
6196 89 166
6197 76 100
6198 132 150
6199 66 142
6200 86 181
6201 14 150
6202 180 186
6203 38 40
6204 169 175
6205 8 107
6206 122 137
6207 95 190
6208 98 142
6209 17 124
6210 37 113
6211 94 98
6212 61 107
6213 64 177
6214 13 200
6215 112 141
6216 50 79
6217 13 89
6218 88 166
6219 17 158
6220 93 171
6221 188 193
6222 69 194
6223 70 165
6224 22 88
6225 46 82
6226 16 97
6227 2 12
6228 59 197
6229 35 172
6230 21 129
6231 79 191
6232 82 113
6233 45 123
6234 116 176
6235 48 176
6236 92 169
6237 58 105
6238 115 120
6239 149 158
6240 7 80
6241 129 194
6242 77 140
6243 78 159
6244 6 136
6245 10 71
6246 125 128
6247 114 147
6248 43 149
6249 91 129
6250 111 194
6251 39 161
6252 29 75
6253 87 181
6254 114 117
6255 123 129
6256 52 131
6257 5 115
6258 9 112
6259 85 197
6260 123 126
6261 14 195
6262 89 130
6263 19 171
6264 132 138
6265 66 146
6266 14 114
6267 4 76
6268 14 29
6269 145 146
6270 151 156
6271 47 95
6272 13 155
6273 108 174
6274 40 150
6275 46 140
6276 88 130
6277 107 110
6278 93 143
6279 23 164
6280 50 194
6281 73 163
6282 22 100
6283 154 164
6284 121 175
6285 126 184
6286 2 16
6287 150 152
6288 82 194
6289 12 153
6290 35 72
6291 1 168
6292 21 165
6293 96 106
6294 79 147
6295 82 85
6296 49 100
6297 72 195
6298 21 22
6299 116 148
6300 72 82
6301 128 196
6302 92 141
6303 11 177
6304 7 197
6305 34 101
6306 91 124
6307 111 113
6308 6 7
6309 147 175
6310 5 181
6311 63 67
6312 104 112
6313 124 194
6314 76 93
6315 42 93
6316 9 108
6317 100 171
6318 66 71
6319 19 199
6320 71 107
6321 109 180
6322 38 112
6323 113 177
6324 4 32
6325 95 97
6326 98 199
6327 118 130
6328 28 190
6329 122 193
6330 94 171
6331 27 126
6332 13 16
6333 108 146
6334 127 182
6335 37 154
6336 3 6
6337 64 104
6338 74 145
6339 93 147
6340 22 145
6341 12 95
6342 16 26
6343 73 95
6344 79 81
6345 117 142
6346 103 111
6347 16 169
6348 35 151
6349 36 164
6350 55 200
6351 79 198
6352 82 166
6353 45 50
6354 72 144
6355 116 121
6356 120 124
6357 1 37
6358 115 131
6359 7 11
6360 48 120
6361 72 78
6362 1 86
6363 92 145
6364 129 153
6365 77 195
6366 10 140
6367 77 84
6368 24 96
6369 63 129
6370 111 149
6371 39 152
6372 24 143
6373 87 140
6374 5 169
6375 43 106
6376 9 174
6377 104 108
6378 9 63
6379 33 161
6380 56 126
6381 19 114
6382 38 178
6383 132 179
6384 133 134
6385 86 174
6386 4 117
6387 169 178
6388 8 112
6389 51 178
6390 14 42
6391 89 107
6392 18 89
6393 193 197
6394 47 166
6395 32 197
6396 4 171
6397 61 70
6398 8 174
6399 13 163
6400 17 32
6401 37 45
6402 61 183
6403 64 197
6404 175 179
6405 144 173
6406 17 177
6407 40 110
6408 3 98
6409 22 194
6410 60 113
6411 84 127
6412 168 178
6413 73 123
6414 22 44
6415 97 109
6416 154 156
6417 103 147
6418 25 105
6419 83 159
6420 49 83
6421 12 161
6422 72 140
6423 49 172
6424 159 163
6425 163 164
6426 92 198
6427 25 139
6428 7 111
6429 101 144
6430 10 160
6431 181 185
6432 10 51
6433 101 114
6434 161 165
6435 91 164
6436 29 102
6437 33 99
6438 87 144
6439 90 116
6440 52 168
6441 15 36
6442 53 145
6443 167 169
6444 62 65
6445 9 91
6446 156 158
6447 86 91
6448 52 95
6449 76 101
6450 132 151
6451 85 145
6452 180 187
6453 38 41
6454 4 105
6455 169 174
6456 8 108
6457 122 150
6458 32 114
6459 145 181
6460 98 143
6461 17 115
6462 37 112
6463 94 99
6464 4 143
6465 61 106
6466 84 189
6467 13 199
6468 41 134
6469 13 88
6470 88 167
6471 107 133
6472 188 194
6473 2 154
6474 168 174
6475 22 89
6476 83 93
6477 46 83
6478 121 146
6479 12 103
6480 69 82
6481 16 98
6482 36 109
6483 2 13
6484 59 196
6485 79 190
6486 126 127
6487 116 177
6488 120 180
6489 48 177
6490 1 109
6491 21 98
6492 115 123
6493 149 157
6494 81 191
6495 11 148
6496 129 193
6497 77 139
6498 10 68
6499 34 94
6500 114 144
6501 6 24
6502 110 156
6503 39 160
6504 29 74
6505 67 171
6506 87 180
6507 123 128
6508 52 140
6509 80 189
6510 137 138
6511 66 96
6512 85 196
6513 86 103
6514 14 192
6515 89 129
6516 19 170
6517 28 36
6518 32 158
6519 47 94
6520 13 154
6521 94 95
6522 61 142
6523 64 158
6524 108 175
6525 112 170
6526 3 45
6527 46 141
6528 88 131
6529 93 142
6530 50 195
6531 70 134
6532 73 162
6533 22 101
6534 117 169
6535 2 17
6536 150 153
6537 82 195
6538 12 154
6539 31 142
6540 1 175
6541 21 164
6542 96 107
6543 7 38
6544 72 83
6545 92 142
6546 129 188
6547 6 117
6548 67 105
6549 34 98
6550 91 127
6551 111 112
6552 110 184
6553 5 180
6554 29 46
6555 104 113
6556 5 197
6557 76 94
6558 133 161
6559 66 68
6560 86 131
6561 89 157
6562 32 75
6563 71 106
6564 109 179
6565 38 113
6566 113 176
6567 4 33
6568 95 96
6569 8 36
6570 99 101
6571 118 131
6572 28 191
6573 47 141
6574 8 179
6575 47 114
6576 17 59
6577 107 188
6578 127 177
6579 37 153
6580 40 115
6581 3 9
6582 60 110
6583 26 170
6584 64 105
6585 84 100
6586 13 96
6587 88 159
6588 141 171
6589 3 150
6590 2 66
6591 59 159
6592 79 80
6593 103 110
6594 106 158
6595 35 150
6596 79 193
6597 45 49
6598 102 162
6599 49 54
6600 139 180
6601 31 98
6602 72 145
6603 116 122
6604 120 125
6605 1 36
6606 115 130
6607 44 126
6608 7 10
6609 48 121
6610 72 79
6611 129 152
6612 77 194
6613 78 165
6614 6 198
6615 10 141
6616 58 145
6617 77 83
6618 24 97
6619 63 128
6620 10 28
6621 67 69
6622 111 148
6623 39 155
6624 138 184
6625 87 143
6626 91 200
6627 5 168
6628 43 109
6629 80 103
6630 9 173
6631 29 50
6632 104 109
6633 56 144
6634 171 193
6635 9 62
6636 119 143
6637 160 190
6638 109 117
6639 19 117
6640 38 179
6641 113 114
6642 66 168
6643 86 175
6644 169 177
6645 8 113
6646 62 132
6647 65 96
6648 51 181
6649 14 43
6650 18 86
6651 4 5
6652 8 192
6653 193 196
6654 47 161
6655 142 143
6656 131 154
6657 61 69
6658 27 93
6659 13 162
6660 127 196
6661 37 44
6662 64 198
6663 175 178
6664 40 111
6665 60 114
6666 64 117
6667 84 120
6668 74 178
6669 46 52
6670 177 187
6671 50 139
6672 2 38
6673 154 157
6674 103 146
6675 49 82
6676 72 141
6677 120 153
6678 159 162
6679 92 199
6680 115 158
6681 25 138
6682 7 110
6683 101 159
6684 11 107
6685 30 149
6686 68 104
6687 10 161
6688 181 184
6689 58 181
6690 43 171
6691 6 61
6692 10 48
6693 161 164
6694 91 167
6695 33 98
6696 87 147
6697 124 148
6698 53 144
6699 167 168
6700 62 70
6701 119 147
6702 29 135
6703 86 88
6704 89 164
6705 76 102
6706 85 144
6707 14 148
6708 4 106
6709 8 109
6710 28 112
6711 122 151
6712 166 194
6713 98 140
6714 99 189
6715 51 62
6716 17 114
6717 37 127
6718 94 96
6719 61 105
6720 118 122
6721 84 190
6722 13 198
6723 3 48
6724 60 167
6725 155 157
6726 50 77
6727 88 168
6728 164 197
6729 93 169
6730 3 65
6731 188 195
6732 168 175
6733 22 94
6734 83 92
6735 46 80
6736 16 99
6737 126 130
6738 2 10
6739 82 111
6740 45 121
6741 49 126
6742 35 63
6743 116 178
6744 7 61
6745 45 138
6746 48 178
6747 120 181
6748 92 171
6749 115 122
6750 149 156
6751 81 190
6752 34 95
6753 125 158
6754 6 25
6755 91 131
6756 39 163
6757 29 73
6758 67 170
6759 87 183
6760 123 131
6761 52 141
6762 15 59
6763 80 190
6764 85 195
6765 14 193
6766 89 128
6767 28 37
6768 66 144
6769 14 112
6770 42 153
6771 8 9
6772 28 84
6773 98 144
6774 151 158
6775 8 152
6776 13 153
6777 71 167
6778 61 141
6779 155 200
6780 127 156
6781 112 171
6782 40 152
6783 93 141
6784 26 198
6785 70 135
6786 73 161
6787 117 168
6788 154 162
6789 177 195
6790 150 158
6791 82 192
6792 12 155
6793 35 74
6794 1 174
6795 82 83
6796 49 154
6797 116 150
6798 44 155
6799 7 33
6800 72 84
6801 92 143
6802 11 179
6803 67 104
6804 87 117
6805 34 99
6806 91 126
6807 111 115
6808 114 181
6809 53 54
6810 143 180
6811 147 177
6812 5 179
6813 104 114
6814 5 196
6815 100 198
6816 119 170
6817 123 175
6818 42 91
6819 5 85
6820 133 160
6821 136 156
6822 66 69
6823 89 156
6824 8 86
6825 32 76
6826 71 101
6827 109 178
6828 113 183
6829 95 99
6830 98 197
6831 8 37
6832 27 195
6833 99 100
6834 28 184
6835 47 140
6836 118 128
6837 32 187
6838 98 180
6839 151 162
6840 27 112
6841 71 139
6842 37 55
6843 112 120
6844 61 145
6845 13 14
6846 107 191
6847 108 140
6848 40 116
6849 3 8
6850 60 111
6851 26 171
6852 64 106
6853 84 101
6854 141 170
6855 93 145
6856 3 153
6857 12 89
6858 73 93
6859 2 67
6860 59 158
6861 79 83
6862 12 40
6863 103 105
6864 16 171
6865 35 153
6866 36 166
6867 45 48
6868 102 163
6869 49 53
6870 1 138
6871 21 199
6872 116 123
6873 45 65
6874 120 126
6875 1 59
6876 44 127
6877 30 190
6878 34 165
6879 72 112
6880 92 147
6881 6 199
6882 77 82
6883 24 98
6884 6 86
6885 63 131
6886 67 68
6887 111 151
6888 39 154
6889 134 170
6890 87 142
6891 90 158
6892 43 108
6893 9 172
6894 100 107
6895 29 49
6896 104 110
6897 33 54
6898 9 61
6899 29 162
6900 132 189
6901 86 172
6902 169 176
6903 8 114
6904 62 133
6905 65 103
6906 28 109
6907 14 40
6908 89 105
6909 4 6
6910 8 193
6911 47 160
6912 61 68
6913 64 168
6914 17 38
6915 127 199
6916 37 43
6917 61 181
6918 64 199
6919 22 192
6920 70 188
6921 46 53
6922 12 125
6923 93 102
6924 97 99
6925 103 141
6926 130 131
6927 25 111
6928 83 161
6929 49 81
6930 12 163
6931 72 142
6932 1 150
6933 120 154
6934 163 166
6935 1 7
6936 7 105
6937 68 105
6938 10 174
6939 54 191
6940 58 178
6941 63 167
6942 161 187
6943 111 171
6944 43 59
6945 67 177
6946 33 97
6947 90 114
6948 110 113
6949 5 139
6950 9 200
6951 15 38
6952 53 159
6953 56 173
6954 167 171
6955 5 28
6956 62 71
6957 136 197
6958 119 146
6959 86 89
6960 66 141
6961 85 159
6962 14 149
6963 4 107
6964 42 162
6965 169 172
6966 65 67
6967 122 148
6968 32 116
6969 145 171
6970 166 195
6971 98 141
6972 27 139
6973 118 200
6974 17 113
6975 37 126
6976 94 97
6977 61 104
6978 64 180
6979 118 123
6980 84 191
6981 47 53
6982 13 197
6983 3 51
6984 41 132
6985 23 44
6986 155 156
6987 13 86
6988 88 169
6989 3 64
6990 22 95
6991 83 95
6992 46 81
6993 50 172
6994 16 100
6995 126 131
6996 55 157
6997 2 11
6998 103 177
6999 79 184
7000 45 120
7001 49 125
7002 120 182
7003 48 179
7004 92 164
7005 21 96
7006 115 125
7007 149 155
7008 81 189
7009 11 150
7010 6 143
7011 10 66
7012 34 92
7013 125 157
7014 24 90
7015 43 150
7016 81 95
7017 90 167
7018 91 130
7019 39 162
7020 9 155
7021 29 72
7022 87 182
7023 76 165
7024 170 174
7025 119 193
7026 123 130
7027 42 100
7028 5 112
7029 80 191
7030 9 117
7031 66 126
7032 85 194
7033 15 171
7034 66 145
7035 32 33
7036 113 138
7037 8 10
7038 28 85
7039 95 159
7040 98 145
7041 151 153
7042 8 153
7043 27 151
7044 13 152
7045 88 103
7046 64 144
7047 108 169
7048 40 153
7049 60 68
7050 46 147
7051 13 122
7052 88 133
7053 93 140
7054 3 188
7055 23 161
7056 26 199
7057 70 132
7058 73 160
7059 2 124
7060 79 126
7061 117 183
7062 154 163
7063 177 194
7064 126 191
7065 82 193
7066 21 162
7067 96 109
7068 7 32
7069 11 37
7070 34 158
7071 72 85
7072 129 178
7073 78 79
7074 11 178
7075 6 107
7076 10 102
7077 67 107
7078 87 116
7079 91 113
7080 20 51
7081 111 114
