1 1 17
2 1 105
3 1 129
4 1 161
5 1 168
6 2 13
7 2 102
8 2 112
9 2 163
10 2 170
11 3 5
12 3 48
13 3 63
14 3 81
15 3 172
16 3 203
17 4 49
18 4 52
19 4 56
20 4 73
21 4 84
22 4 108
23 4 142
24 4 143
25 4 149
26 4 155
27 4 189
28 4 196
29 5 48
30 5 63
31 5 81
32 5 172
33 5 203
34 7 20
35 7 46
36 7 62
37 7 67
38 7 68
39 7 82
40 7 147
41 7 173
42 7 178
43 7 204
44 8 19
45 8 24
46 8 31
47 8 50
48 8 79
49 8 89
50 8 101
51 8 133
52 8 140
53 8 149
54 8 164
55 8 199
56 9 30
57 9 33
58 9 71
59 9 89
60 9 100
61 9 149
62 9 199
63 10 19
64 10 88
65 10 129
66 10 133
67 10 150
68 11 30
69 11 71
70 11 89
71 11 132
72 11 137
73 11 138
74 11 149
75 11 182
76 11 199
77 13 102
78 13 112
79 13 163
80 13 170
81 17 105
82 17 129
83 17 161
84 17 168
85 18 130
86 19 30
87 19 37
88 19 70
89 19 88
90 19 89
91 19 90
92 19 99
93 19 101
94 19 129
95 19 133
96 19 140
97 19 149
98 19 150
99 19 188
100 20 46
101 20 62
102 20 67
103 20 68
104 20 82
105 20 147
106 20 173
107 20 178
108 20 204
109 21 94
110 22 101
111 22 114
112 22 149
113 24 37
114 24 70
115 24 90
116 24 101
117 24 133
118 24 140
119 24 149
120 24 195
121 26 30
122 26 71
123 26 89
124 26 91
125 26 98
126 26 138
127 26 149
128 26 182
129 26 194
130 27 149
131 27 164
132 27 188
133 27 199
134 28 190
135 29 31
136 29 40
137 29 79
138 29 123
139 29 160
140 29 180
141 30 31
142 30 50
143 30 71
144 30 79
145 30 89
146 30 100
147 30 101
148 30 110
149 30 123
150 30 132
151 30 138
152 30 149
153 30 182
154 30 194
155 30 199
156 31 40
157 31 50
158 31 79
159 31 101
160 31 123
161 31 138
162 31 149
163 31 160
164 31 180
165 31 199
166 32 41
167 32 52
168 32 56
169 32 108
170 32 142
171 32 153
172 32 155
173 32 167
174 33 100
175 33 113
176 33 149
177 33 199
178 34 134
179 35 71
180 35 138
181 36 93
182 36 127
183 36 128
184 36 130
185 37 70
186 37 90
187 37 133
188 37 140
189 37 149
190 38 54
191 38 120
192 38 174
193 38 185
194 40 79
195 40 123
196 40 149
197 40 160
198 40 180
199 40 199
200 41 52
201 41 56
202 41 84
203 41 108
204 41 124
205 41 142
206 41 143
207 41 149
208 41 153
209 41 155
210 41 167
211 41 191
212 43 47
213 43 52
214 43 55
215 43 56
216 43 92
217 43 96
218 43 121
219 43 122
220 43 124
221 43 131
222 43 142
223 43 146
224 43 149
225 43 153
226 43 154
227 43 158
228 43 191
229 43 202
230 44 60
231 45 61
232 46 62
233 46 67
234 46 68
235 46 82
236 46 97
237 46 147
238 46 173
239 46 178
240 46 204
241 47 55
242 47 92
243 47 96
244 47 121
245 47 122
246 47 124
247 47 131
248 47 146
249 47 154
250 48 63
251 48 81
252 48 145
253 48 172
254 48 203
255 49 52
256 49 56
257 49 73
258 49 108
259 49 142
260 49 143
261 49 155
262 49 189
263 49 196
264 50 79
265 50 80
266 50 89
267 50 101
268 50 137
269 50 149
270 50 179
271 50 182
272 50 199
273 52 56
274 52 73
275 52 84
276 52 108
277 52 121
278 52 124
279 52 142
280 52 143
281 52 149
282 52 153
283 52 155
284 52 167
285 52 191
286 52 198
287 54 75
288 54 120
289 54 174
290 54 185
291 55 92
292 55 96
293 55 122
294 55 124
295 55 191
296 56 73
297 56 80
298 56 84
299 56 108
300 56 142
301 56 143
302 56 149
303 56 153
304 56 155
305 56 167
306 56 191
307 62 67
308 62 68
309 62 82
310 62 147
311 62 173
312 62 178
313 62 204
314 63 81
315 63 203
316 64 125
317 66 172
318 66 175
319 66 203
320 67 68
321 67 82
322 67 147
323 67 173
324 67 178
325 67 204
326 68 82
327 68 97
328 68 147
329 68 173
330 68 178
331 68 204
332 69 115
333 69 135
334 69 149
335 70 90
336 70 133
337 70 140
338 70 149
339 70 195
340 71 89
341 71 91
342 71 132
343 71 138
344 71 149
345 71 182
346 71 194
347 71 199
348 72 124
349 72 149
350 73 108
351 73 142
352 73 149
353 73 155
354 73 167
355 73 189
356 73 196
357 74 149
358 74 157
359 75 120
360 75 185
361 76 149
362 77 149
363 77 191
364 78 116
365 78 149
366 78 193
367 79 101
368 79 123
369 79 138
370 79 149
371 79 160
372 79 180
373 79 199
374 80 149
375 80 158
376 80 202
377 81 203
378 82 147
379 82 173
380 82 178
381 82 204
382 84 108
383 84 142
384 84 143
385 84 153
386 86 159
387 88 90
388 88 101
389 88 129
390 88 133
391 88 140
392 88 149
393 88 150
394 88 168
395 88 188
396 89 100
397 89 101
398 89 132
399 89 133
400 89 137
401 89 138
402 89 149
403 89 177
404 89 182
405 89 188
406 89 191
407 89 194
408 89 198
409 89 199
410 90 101
411 90 133
412 90 140
413 90 149
414 90 195
415 91 100
416 91 138
417 91 149
418 91 194
419 91 199
420 92 96
421 92 121
422 92 122
423 92 124
424 92 131
425 92 146
426 92 149
427 92 154
428 92 191
429 93 127
430 93 128
431 93 130
432 96 121
433 96 122
434 96 124
435 96 131
436 96 146
437 96 154
438 96 191
439 97 173
440 97 204
441 98 149
442 99 149
443 100 132
444 100 138
445 100 149
446 100 199
447 101 123
448 101 133
449 101 137
450 101 140
451 101 149
452 101 150
453 101 164
454 101 188
455 101 199
456 102 112
457 102 163
458 102 170
459 103 148
460 103 149
461 103 192
462 103 199
463 105 129
464 105 161
465 105 168
466 106 149
467 106 177
468 106 199
469 107 202
470 108 124
471 108 142
472 108 143
473 108 149
474 108 153
475 108 155
476 108 167
477 108 191
478 109 149
479 110 149
480 110 182
481 112 163
482 112 170
483 113 149
484 115 135
485 115 149
486 116 193
487 118 149
488 120 174
489 120 185
490 121 122
491 121 124
492 121 131
493 121 146
494 121 154
495 121 191
496 122 124
497 122 131
498 122 146
499 122 154
500 122 191
501 122 202
502 123 138
503 123 149
504 123 160
505 123 180
506 123 199
507 124 131
508 124 142
509 124 146
510 124 149
511 124 153
512 124 154
513 124 155
514 124 158
515 124 191
516 124 198
517 124 202
518 127 128
519 127 130
520 128 130
521 129 133
522 129 149
523 129 161
524 129 168
525 129 188
526 131 146
527 131 149
528 131 154
529 131 158
530 131 191
531 132 138
532 132 149
533 132 182
534 132 199
535 133 140
536 133 149
537 133 150
538 133 188
539 133 199
540 137 149
541 137 179
542 137 199
543 138 149
544 138 182
545 138 194
546 138 199
547 140 149
548 140 150
549 140 188
550 140 195
551 140 199
552 141 149
553 142 143
554 142 149
555 142 153
556 142 155
557 142 167
558 142 191
559 143 153
560 143 155
561 143 196
562 145 172
563 145 203
564 146 149
565 146 154
566 146 191
567 147 173
568 147 178
569 147 204
570 148 185
571 148 192
572 149 150
573 149 153
574 149 154
575 149 155
576 149 156
577 149 158
578 149 160
579 149 164
580 149 167
581 149 168
582 149 170
583 149 176
584 149 177
585 149 179
586 149 180
587 149 182
588 149 188
589 149 191
590 149 192
591 149 193
592 149 194
593 149 198
594 149 199
595 149 202
596 153 155
597 153 167
598 153 191
599 154 191
600 155 167
601 155 191
602 158 177
603 158 187
604 158 198
605 158 202
606 160 180
607 160 199
608 161 168
609 161 188
610 162 190
611 163 170
612 164 188
613 167 191
614 168 188
615 172 175
616 172 203
617 173 178
618 173 204
619 174 185
620 175 203
621 177 198
622 177 202
623 178 204
624 179 199
625 180 199
626 182 199
627 187 199
628 189 196
629 191 198
630 192 199
631 193 199
632 198 202
