1 1 17
2 1 27
3 1 88
4 1 105
5 1 129
6 1 161
7 1 168
8 1 188
9 2 13
10 2 30
11 2 102
12 2 112
13 2 149
14 2 163
15 2 170
16 3 5
17 3 48
18 3 63
19 3 66
20 3 81
21 3 145
22 3 172
23 3 203
24 4 41
25 4 49
26 4 52
27 4 56
28 4 73
29 4 84
30 4 92
31 4 108
32 4 142
33 4 143
34 4 149
35 4 153
36 4 155
37 4 167
38 4 189
39 4 196
40 4 199
41 5 48
42 5 63
43 5 65
44 5 66
45 5 81
46 5 145
47 5 172
48 5 203
49 7 20
50 7 46
51 7 62
52 7 67
53 7 68
54 7 82
55 7 97
56 7 147
57 7 173
58 7 178
59 7 204
60 8 19
61 8 22
62 8 24
63 8 30
64 8 31
65 8 37
66 8 50
67 8 52
68 8 79
69 8 88
70 8 89
71 8 101
72 8 123
73 8 124
74 8 133
75 8 140
76 8 149
77 8 150
78 8 160
79 8 164
80 8 199
81 9 30
82 9 31
83 9 33
84 9 71
85 9 79
86 9 89
87 9 100
88 9 101
89 9 123
90 9 138
91 9 149
92 9 160
93 9 199
94 10 19
95 10 27
96 10 88
97 10 90
98 10 101
99 10 129
100 10 133
101 10 140
102 10 149
103 10 150
104 10 188
105 11 19
106 11 30
107 11 31
108 11 50
109 11 52
110 11 71
111 11 79
112 11 89
113 11 91
114 11 100
115 11 123
116 11 132
117 11 137
118 11 138
119 11 149
120 11 160
121 11 177
122 11 182
123 11 188
124 11 194
125 11 199
126 13 30
127 13 102
128 13 112
129 13 149
130 13 163
131 13 170
132 15 23
133 16 129
134 17 27
135 17 88
136 17 105
137 17 129
138 17 161
139 17 168
140 17 188
141 18 93
142 18 130
143 19 22
144 19 24
145 19 27
146 19 30
147 19 37
148 19 70
149 19 80
150 19 88
151 19 89
152 19 90
153 19 99
154 19 101
155 19 129
156 19 133
157 19 137
158 19 140
159 19 142
160 19 149
161 19 150
162 19 161
163 19 164
164 19 168
165 19 188
166 19 195
167 19 199
168 20 46
169 20 62
170 20 67
171 20 68
172 20 82
173 20 97
174 20 147
175 20 173
176 20 178
177 20 204
178 21 94
179 22 89
180 22 101
181 22 114
182 22 124
183 22 133
184 22 149
185 22 199
186 24 37
187 24 50
188 24 70
189 24 88
190 24 90
191 24 101
192 24 133
193 24 137
194 24 140
195 24 149
196 24 150
197 24 188
198 24 195
199 26 30
200 26 31
201 26 50
202 26 71
203 26 79
204 26 89
205 26 91
206 26 98
207 26 138
208 26 142
209 26 149
210 26 182
211 26 194
212 26 199
213 27 88
214 27 105
215 27 129
216 27 140
217 27 149
218 27 150
219 27 161
220 27 164
221 27 168
222 27 188
223 27 199
224 28 162
225 28 190
226 29 31
227 29 40
228 29 79
229 29 123
230 29 160
231 29 180
232 30 31
233 30 33
234 30 50
235 30 71
236 30 79
237 30 89
238 30 91
239 30 100
240 30 101
241 30 110
242 30 123
243 30 132
244 30 133
245 30 137
246 30 138
247 30 149
248 30 160
249 30 163
250 30 170
251 30 182
252 30 194
253 30 199
254 31 33
255 31 40
256 31 50
257 31 74
258 31 79
259 31 89
260 31 100
261 31 101
262 31 115
263 31 123
264 31 132
265 31 133
266 31 137
267 31 138
268 31 140
269 31 149
270 31 153
271 31 160
272 31 170
273 31 180
274 31 182
275 31 194
276 31 199
277 32 41
278 32 49
279 32 52
280 32 56
281 32 73
282 32 84
283 32 108
284 32 142
285 32 143
286 32 153
287 32 155
288 32 167
289 33 79
290 33 89
291 33 100
292 33 113
293 33 132
294 33 149
295 33 160
296 33 199
297 34 134
298 34 149
299 35 71
300 35 138
301 36 93
302 36 127
303 36 128
304 36 130
305 37 70
306 37 88
307 37 90
308 37 101
309 37 133
310 37 140
311 37 149
312 37 195
313 38 54
314 38 75
315 38 120
316 38 174
317 38 185
318 39 149
319 40 79
320 40 123
321 40 149
322 40 160
323 40 180
324 40 199
325 41 43
326 41 49
327 41 50
328 41 52
329 41 56
330 41 72
331 41 73
332 41 80
333 41 84
334 41 89
335 41 92
336 41 108
337 41 124
338 41 130
339 41 142
340 41 143
341 41 149
342 41 153
343 41 155
344 41 167
345 41 177
346 41 191
347 41 196
348 41 198
349 41 202
350 42 92
351 43 47
352 43 52
353 43 55
354 43 56
355 43 80
356 43 89
357 43 92
358 43 96
359 43 106
360 43 108
361 43 121
362 43 122
363 43 124
364 43 131
365 43 142
366 43 146
367 43 149
368 43 153
369 43 154
370 43 155
371 43 158
372 43 167
373 43 177
374 43 191
375 43 198
376 43 202
377 44 60
378 45 61
379 46 62
380 46 67
381 46 68
382 46 82
383 46 97
384 46 147
385 46 173
386 46 178
387 46 204
388 47 55
389 47 92
390 47 96
391 47 121
392 47 122
393 47 124
394 47 131
395 47 146
396 47 154
397 47 191
398 48 63
399 48 66
400 48 81
401 48 145
402 48 172
403 48 175
404 48 203
405 49 52
406 49 56
407 49 73
408 49 84
409 49 108
410 49 142
411 49 143
412 49 149
413 49 155
414 49 167
415 49 189
416 49 196
417 49 199
418 50 52
419 50 69
420 50 71
421 50 74
422 50 77
423 50 79
424 50 80
425 50 89
426 50 101
427 50 115
428 50 123
429 50 133
430 50 137
431 50 149
432 50 153
433 50 158
434 50 179
435 50 182
436 50 199
437 52 56
438 52 73
439 52 80
440 52 84
441 52 89
442 52 92
443 52 101
444 52 103
445 52 107
446 52 108
447 52 121
448 52 122
449 52 124
450 52 137
451 52 142
452 52 143
453 52 146
454 52 149
455 52 153
456 52 154
457 52 155
458 52 158
459 52 167
460 52 177
461 52 191
462 52 192
463 52 196
464 52 198
465 52 199
466 52 202
467 54 75
468 54 120
469 54 141
470 54 174
471 54 185
472 55 92
473 55 96
474 55 121
475 55 122
476 55 124
477 55 131
478 55 149
479 55 191
480 56 73
481 56 80
482 56 84
483 56 89
484 56 107
485 56 108
486 56 118
487 56 122
488 56 124
489 56 126
490 56 142
491 56 143
492 56 149
493 56 153
494 56 155
495 56 158
496 56 167
497 56 177
498 56 182
499 56 191
500 56 196
501 56 202
502 62 67
503 62 68
504 62 82
505 62 97
506 62 147
507 62 173
508 62 178
509 62 204
510 63 81
511 63 172
512 63 203
513 64 125
514 65 172
515 65 203
516 66 145
517 66 172
518 66 175
519 66 203
520 67 68
521 67 82
522 67 97
523 67 147
524 67 173
525 67 178
526 67 204
527 68 82
528 68 97
529 68 147
530 68 173
531 68 178
532 68 204
533 69 101
534 69 115
535 69 135
536 69 149
537 69 176
538 70 88
539 70 90
540 70 101
541 70 133
542 70 140
543 70 149
544 70 195
545 71 76
546 71 89
547 71 91
548 71 98
549 71 100
550 71 101
551 71 108
552 71 132
553 71 138
554 71 142
555 71 149
556 71 153
557 71 182
558 71 194
559 71 198
560 71 199
561 72 80
562 72 89
563 72 108
564 72 124
565 72 142
566 72 149
567 72 153
568 72 155
569 72 158
570 72 191
571 72 202
572 73 75
573 73 84
574 73 108
575 73 142
576 73 143
577 73 149
578 73 153
579 73 155
580 73 167
581 73 189
582 73 196
583 73 199
584 74 79
585 74 80
586 74 89
587 74 101
588 74 123
589 74 137
590 74 149
591 74 157
592 74 160
593 74 199
594 75 120
595 75 142
596 75 148
597 75 174
598 75 177
599 75 185
600 75 199
601 76 149
602 77 80
603 77 134
604 77 149
605 77 158
606 77 191
607 78 116
608 78 149
609 78 193
610 78 199
611 79 89
612 79 100
613 79 101
614 79 115
615 79 123
616 79 132
617 79 133
618 79 137
619 79 138
620 79 140
621 79 149
622 79 153
623 79 160
624 79 170
625 79 180
626 79 182
627 79 194
628 79 199
629 80 89
630 80 101
631 80 118
632 80 121
633 80 122
634 80 124
635 80 131
636 80 137
637 80 142
638 80 143
639 80 149
640 80 153
641 80 155
642 80 158
643 80 177
644 80 182
645 80 191
646 80 198
647 80 199
648 80 202
649 81 172
650 81 175
651 81 203
652 82 97
653 82 147
654 82 173
655 82 178
656 82 204
657 84 108
658 84 126
659 84 142
660 84 143
661 84 153
662 84 155
663 86 159
664 88 89
665 88 90
666 88 101
667 88 105
668 88 129
669 88 133
670 88 137
671 88 140
672 88 149
673 88 150
674 88 161
675 88 164
676 88 168
677 88 188
678 88 195
679 88 199
680 89 91
681 89 100
682 89 101
683 89 108
684 89 110
685 89 112
686 89 123
687 89 124
688 89 132
689 89 133
690 89 137
691 89 138
692 89 140
693 89 142
694 89 149
695 89 153
696 89 155
697 89 158
698 89 160
699 89 163
700 89 170
701 89 177
702 89 182
703 89 188
704 89 191
705 89 194
706 89 198
707 89 199
708 90 101
709 90 133
710 90 140
711 90 149
712 90 150
713 90 195
714 90 199
715 91 100
716 91 138
717 91 149
718 91 194
719 91 199
720 92 96
721 92 106
722 92 108
723 92 121
724 92 122
725 92 124
726 92 131
727 92 146
728 92 149
729 92 154
730 92 155
731 92 158
732 92 177
733 92 191
734 93 127
735 93 128
736 93 130
737 96 121
738 96 122
739 96 124
740 96 131
741 96 146
742 96 149
743 96 154
744 96 191
745 97 147
746 97 173
747 97 178
748 97 204
749 98 149
750 98 194
751 99 149
752 99 150
753 100 113
754 100 123
755 100 132
756 100 137
757 100 138
758 100 149
759 100 180
760 100 182
761 100 194
762 100 199
763 101 123
764 101 129
765 101 132
766 101 133
767 101 137
768 101 140
769 101 149
770 101 150
771 101 160
772 101 164
773 101 177
774 101 180
775 101 182
776 101 188
777 101 198
778 101 199
779 102 112
780 102 149
781 102 163
782 102 170
783 103 121
784 103 130
785 103 146
786 103 148
787 103 149
788 103 154
789 103 155
790 103 185
791 103 192
792 103 199
793 105 129
794 105 161
795 105 164
796 105 168
797 105 188
798 106 118
799 106 124
800 106 142
801 106 149
802 106 158
803 106 167
804 106 177
805 106 191
806 106 198
807 106 199
808 106 202
809 107 167
810 107 198
811 107 202
812 108 124
813 108 142
814 108 143
815 108 149
816 108 153
817 108 155
818 108 158
819 108 167
820 108 191
821 108 202
822 109 149
823 110 149
824 110 182
825 112 163
826 112 170
827 112 190
828 113 149
829 113 199
830 114 149
831 114 199
832 115 135
833 115 137
834 115 149
835 115 199
836 116 149
837 116 193
838 118 149
839 118 177
840 118 193
841 120 174
842 120 185
843 121 122
844 121 124
845 121 131
846 121 142
847 121 146
848 121 149
849 121 154
850 121 158
851 121 167
852 121 191
853 121 192
854 122 124
855 122 131
856 122 142
857 122 146
858 122 149
859 122 154
860 122 155
861 122 191
862 122 202
863 123 137
864 123 138
865 123 149
866 123 160
867 123 180
868 123 182
869 123 199
870 124 131
871 124 142
872 124 146
873 124 149
874 124 153
875 124 154
876 124 155
877 124 158
878 124 167
879 124 177
880 124 191
881 124 198
882 124 202
883 126 143
884 127 128
885 127 130
886 128 130
887 129 133
888 129 149
889 129 161
890 129 164
891 129 168
892 129 188
893 130 192
894 131 142
895 131 146
896 131 149
897 131 154
898 131 158
899 131 191
900 132 137
901 132 138
902 132 149
903 132 182
904 132 194
905 132 199
906 133 137
907 133 140
908 133 149
909 133 150
910 133 160
911 133 164
912 133 168
913 133 188
914 133 199
915 134 149
916 134 199
917 135 149
918 137 138
919 137 140
920 137 149
921 137 153
922 137 160
923 137 179
924 137 194
925 137 199
926 138 149
927 138 160
928 138 180
929 138 182
930 138 194
931 138 199
932 140 149
933 140 150
934 140 188
935 140 195
936 140 199
937 141 149
938 141 158
939 141 185
940 141 191
941 141 199
942 142 143
943 142 146
944 142 149
945 142 153
946 142 154
947 142 155
948 142 167
949 142 177
950 142 182
951 142 191
952 142 194
953 142 196
954 142 198
955 142 202
956 143 149
957 143 153
958 143 155
959 143 167
960 143 196
961 145 172
962 145 175
963 145 203
964 146 149
965 146 154
966 146 158
967 146 191
968 146 192
969 146 199
970 147 173
971 147 178
972 147 204
973 148 185
974 148 192
975 149 150
976 149 153
977 149 154
978 149 155
979 149 156
980 149 158
981 149 160
982 149 161
983 149 163
984 149 164
985 149 167
986 149 168
987 149 170
988 149 176
989 149 177
990 149 179
991 149 180
992 149 181
993 149 182
994 149 188
995 149 191
996 149 192
997 149 193
998 149 194
999 149 195
1000 149 196
1001 149 198
1002 149 199
1003 149 202
1004 150 188
1005 153 155
1006 153 167
1007 153 191
1008 153 196
1009 153 198
1010 153 199
1011 153 202
1012 154 158
1013 154 191
1014 154 192
1015 154 199
1016 155 158
1017 155 167
1018 155 191
1019 155 192
1020 155 196
1021 155 202
1022 156 199
1023 156 201
1024 158 167
1025 158 177
1026 158 187
1027 158 191
1028 158 198
1029 158 199
1030 158 202
1031 160 180
1032 160 199
1033 161 168
1034 161 188
1035 162 190
1036 163 170
1037 164 168
1038 164 188
1039 167 177
1040 167 191
1041 167 198
1042 167 202
1043 168 188
1044 172 175
1045 172 203
1046 173 178
1047 173 204
1048 174 185
1049 175 203
1050 177 191
1051 177 198
1052 177 199
1053 177 202
1054 178 204
1055 179 199
1056 180 199
1057 182 194
1058 182 199
1059 185 192
1060 187 199
1061 188 199
1062 189 196
1063 191 198
1064 191 199
1065 191 202
1066 192 199
1067 193 199
1068 194 199
1069 198 199
1070 198 202
