1 1 4
2 1 10
3 1 16
4 1 17
5 1 19
6 1 24
7 1 27
8 1 31
9 1 37
10 1 70
11 1 79
12 1 88
13 1 89
14 1 90
15 1 91
16 1 99
17 1 101
18 1 105
19 1 118
20 1 123
21 1 129
22 1 133
23 1 135
24 1 137
25 1 140
26 1 149
27 1 150
28 1 160
29 1 161
30 1 164
31 1 168
32 1 169
33 1 181
34 1 188
35 1 195
36 1 199
37 2 4
38 2 9
39 2 11
40 2 13
41 2 15
42 2 19
43 2 23
44 2 26
45 2 27
46 2 28
47 2 30
48 2 31
49 2 33
50 2 41
51 2 49
52 2 50
53 2 51
54 2 52
55 2 54
56 2 56
57 2 71
58 2 74
59 2 77
60 2 79
61 2 80
62 2 89
63 2 91
64 2 100
65 2 101
66 2 102
67 2 110
68 2 112
69 2 118
70 2 121
71 2 123
72 2 129
73 2 132
74 2 133
75 2 137
76 2 138
77 2 142
78 2 146
79 2 149
80 2 153
81 2 154
82 2 155
83 2 156
84 2 160
85 2 163
86 2 167
87 2 168
88 2 170
89 2 179
90 2 180
91 2 182
92 2 188
93 2 190
94 2 194
95 2 199
96 3 5
97 3 48
98 3 63
99 3 65
100 3 66
101 3 81
102 3 83
103 3 145
104 3 172
105 3 175
106 3 203
107 4 9
108 4 11
109 4 13
110 4 17
111 4 19
112 4 21
113 4 24
114 4 26
115 4 27
116 4 30
117 4 31
118 4 32
119 4 33
120 4 34
121 4 36
122 4 37
123 4 39
124 4 41
125 4 42
126 4 43
127 4 47
128 4 49
129 4 50
130 4 52
131 4 54
132 4 55
133 4 56
134 4 70
135 4 71
136 4 72
137 4 73
138 4 74
139 4 75
140 4 76
141 4 77
142 4 78
143 4 79
144 4 80
145 4 84
146 4 88
147 4 89
148 4 90
149 4 91
150 4 92
151 4 93
152 4 96
153 4 98
154 4 100
155 4 101
156 4 102
157 4 103
158 4 105
159 4 106
160 4 107
161 4 108
162 4 109
163 4 110
164 4 116
165 4 118
166 4 120
167 4 121
168 4 122
169 4 123
170 4 124
171 4 126
172 4 127
173 4 128
174 4 129
175 4 130
176 4 131
177 4 132
178 4 133
179 4 134
180 4 137
181 4 138
182 4 140
183 4 141
184 4 142
185 4 143
186 4 146
187 4 148
188 4 149
189 4 151
190 4 153
191 4 154
192 4 155
193 4 156
194 4 158
195 4 160
196 4 161
197 4 167
198 4 168
199 4 170
200 4 174
201 4 177
202 4 179
203 4 182
204 4 185
205 4 187
206 4 189
207 4 191
208 4 192
209 4 193
210 4 194
211 4 196
212 4 198
213 4 199
214 4 202
215 5 48
216 5 63
217 5 65
218 5 66
219 5 81
220 5 83
221 5 145
222 5 172
223 5 175
224 5 203
225 6 11
226 6 19
227 6 24
228 6 27
229 6 30
230 6 31
231 6 32
232 6 33
233 6 34
234 6 38
235 6 39
236 6 41
237 6 42
238 6 43
239 6 47
240 6 49
241 6 50
242 6 52
243 6 54
244 6 56
245 6 71
246 6 73
247 6 74
248 6 75
249 6 77
250 6 78
251 6 79
252 6 80
253 6 84
254 6 88
255 6 89
256 6 91
257 6 92
258 6 100
259 6 101
260 6 103
261 6 106
262 6 107
263 6 108
264 6 109
265 6 113
266 6 116
267 6 120
268 6 121
269 6 123
270 6 132
271 6 133
272 6 134
273 6 137
274 6 138
275 6 140
276 6 141
277 6 142
278 6 143
279 6 146
280 6 148
281 6 149
282 6 152
283 6 153
284 6 154
285 6 155
286 6 156
287 6 158
288 6 160
289 6 167
290 6 174
291 6 177
292 6 179
293 6 180
294 6 181
295 6 185
296 6 187
297 6 191
298 6 192
299 6 193
300 6 195
301 6 198
302 6 199
303 6 201
304 6 202
305 7 20
306 7 46
307 7 62
308 7 67
309 7 68
310 7 82
311 7 97
312 7 140
313 7 147
314 7 149
315 7 173
316 7 178
317 7 204
318 8 9
319 8 10
320 8 11
321 8 19
322 8 22
323 8 24
324 8 26
325 8 27
326 8 30
327 8 31
328 8 32
329 8 33
330 8 34
331 8 37
332 8 39
333 8 41
334 8 42
335 8 43
336 8 44
337 8 49
338 8 50
339 8 52
340 8 54
341 8 56
342 8 60
343 8 69
344 8 70
345 8 71
346 8 72
347 8 73
348 8 74
349 8 77
350 8 78
351 8 79
352 8 80
353 8 88
354 8 89
355 8 90
356 8 91
357 8 92
358 8 96
359 8 98
360 8 99
361 8 100
362 8 101
363 8 103
364 8 106
365 8 107
366 8 108
367 8 109
368 8 110
369 8 114
370 8 115
371 8 118
372 8 121
373 8 122
374 8 123
375 8 124
376 8 129
377 8 130
378 8 131
379 8 132
380 8 133
381 8 134
382 8 137
383 8 138
384 8 140
385 8 142
386 8 146
387 8 149
388 8 150
389 8 153
390 8 154
391 8 155
392 8 156
393 8 158
394 8 160
395 8 161
396 8 162
397 8 163
398 8 164
399 8 167
400 8 168
401 8 170
402 8 176
403 8 177
404 8 179
405 8 180
406 8 182
407 8 187
408 8 188
409 8 191
410 8 192
411 8 193
412 8 194
413 8 195
414 8 198
415 8 199
416 8 202
417 9 10
418 9 11
419 9 13
420 9 19
421 9 22
422 9 24
423 9 26
424 9 27
425 9 30
426 9 31
427 9 33
428 9 35
429 9 37
430 9 39
431 9 40
432 9 43
433 9 45
434 9 49
435 9 50
436 9 52
437 9 56
438 9 61
439 9 69
440 9 71
441 9 72
442 9 73
443 9 74
444 9 75
445 9 76
446 9 77
447 9 78
448 9 79
449 9 80
450 9 88
451 9 89
452 9 90
453 9 91
454 9 92
455 9 96
456 9 98
457 9 99
458 9 100
459 9 101
460 9 102
461 9 103
462 9 109
463 9 110
464 9 112
465 9 113
466 9 115
467 9 118
468 9 121
469 9 122
470 9 123
471 9 124
472 9 129
473 9 130
474 9 132
475 9 133
476 9 134
477 9 137
478 9 138
479 9 140
480 9 141
481 9 146
482 9 149
483 9 150
484 9 154
485 9 158
486 9 160
487 9 164
488 9 168
489 9 170
490 9 176
491 9 177
492 9 179
493 9 180
494 9 181
495 9 182
496 9 187
497 9 188
498 9 190
499 9 191
500 9 192
501 9 193
502 9 194
503 9 195
504 9 198
505 9 199
506 9 202
507 10 11
508 10 16
509 10 17
510 10 19
511 10 22
512 10 24
513 10 27
514 10 30
515 10 31
516 10 37
517 10 41
518 10 44
519 10 50
520 10 52
521 10 54
522 10 56
523 10 60
524 10 70
525 10 71
526 10 79
527 10 88
528 10 89
529 10 90
530 10 91
531 10 99
532 10 100
533 10 101
534 10 105
535 10 106
536 10 118
537 10 123
538 10 129
539 10 132
540 10 133
541 10 137
542 10 138
543 10 140
544 10 149
545 10 150
546 10 153
547 10 160
548 10 161
549 10 164
550 10 167
551 10 168
552 10 169
553 10 179
554 10 180
555 10 181
556 10 188
557 10 194
558 10 195
559 10 199
560 11 13
561 11 19
562 11 22
563 11 24
564 11 26
565 11 27
566 11 28
567 11 30
568 11 31
569 11 32
570 11 33
571 11 34
572 11 35
573 11 36
574 11 37
575 11 41
576 11 42
577 11 43
578 11 45
579 11 49
580 11 50
581 11 52
582 11 54
583 11 56
584 11 61
585 11 69
586 11 70
587 11 71
588 11 72
589 11 73
590 11 74
591 11 75
592 11 76
593 11 77
594 11 78
595 11 79
596 11 80
597 11 84
598 11 88
599 11 89
600 11 90
601 11 91
602 11 92
603 11 93
604 11 96
605 11 98
606 11 99
607 11 100
608 11 101
609 11 102
610 11 103
611 11 106
612 11 107
613 11 108
614 11 109
615 11 110
616 11 112
617 11 113
618 11 115
619 11 116
620 11 118
621 11 121
622 11 122
623 11 123
624 11 124
625 11 127
626 11 128
627 11 129
628 11 130
629 11 132
630 11 133
631 11 134
632 11 135
633 11 137
634 11 138
635 11 140
636 11 141
637 11 142
638 11 143
639 11 146
640 11 148
641 11 149
642 11 150
643 11 153
644 11 154
645 11 155
646 11 156
647 11 158
648 11 160
649 11 161
650 11 162
651 11 163
652 11 164
653 11 167
654 11 168
655 11 170
656 11 174
657 11 177
658 11 179
659 11 180
660 11 182
661 11 185
662 11 188
663 11 190
664 11 191
665 11 192
666 11 193
667 11 194
668 11 195
669 11 196
670 11 198
671 11 199
672 11 202
673 12 86
674 12 159
675 12 186
676 13 15
677 13 19
678 13 23
679 13 26
680 13 27
681 13 28
682 13 30
683 13 31
684 13 33
685 13 41
686 13 49
687 13 50
688 13 51
689 13 52
690 13 54
691 13 56
692 13 71
693 13 74
694 13 77
695 13 79
696 13 80
697 13 89
698 13 91
699 13 100
700 13 101
701 13 102
702 13 110
703 13 112
704 13 118
705 13 121
706 13 123
707 13 129
708 13 132
709 13 133
710 13 137
711 13 138
712 13 142
713 13 146
714 13 149
715 13 153
716 13 154
717 13 155
718 13 156
719 13 160
720 13 163
721 13 167
722 13 168
723 13 170
724 13 179
725 13 180
726 13 182
727 13 188
728 13 190
729 13 194
730 13 199
731 14 87
732 14 184
733 14 200
734 15 23
735 15 28
736 15 30
737 15 51
738 15 89
739 15 102
740 15 112
741 15 132
742 15 149
743 15 160
744 15 163
745 15 170
746 15 190
747 15 199
748 16 17
749 16 19
750 16 25
751 16 27
752 16 33
753 16 88
754 16 90
755 16 101
756 16 105
757 16 129
758 16 132
759 16 133
760 16 140
761 16 149
762 16 150
763 16 161
764 16 164
765 16 168
766 16 169
767 16 188
768 17 19
769 17 24
770 17 27
771 17 31
772 17 37
773 17 70
774 17 79
775 17 88
776 17 89
777 17 90
778 17 91
779 17 99
780 17 101
781 17 105
782 17 118
783 17 123
784 17 129
785 17 133
786 17 135
787 17 137
788 17 140
789 17 149
790 17 150
791 17 160
792 17 161
793 17 164
794 17 168
795 17 169
796 17 181
797 17 188
798 17 195
799 17 199
800 18 36
801 18 93
802 18 120
803 18 127
804 18 128
805 18 130
806 18 148
807 19 22
808 19 24
809 19 26
810 19 27
811 19 30
812 19 31
813 19 33
814 19 37
815 19 39
816 19 41
817 19 42
818 19 43
819 19 44
820 19 50
821 19 52
822 19 56
823 19 60
824 19 69
825 19 70
826 19 71
827 19 72
828 19 73
829 19 74
830 19 75
831 19 77
832 19 78
833 19 79
834 19 80
835 19 88
836 19 89
837 19 90
838 19 91
839 19 92
840 19 96
841 19 98
842 19 99
843 19 100
844 19 101
845 19 102
846 19 103
847 19 105
848 19 106
849 19 107
850 19 108
851 19 109
852 19 110
853 19 114
854 19 115
855 19 118
856 19 121
857 19 122
858 19 123
859 19 124
860 19 129
861 19 131
862 19 132
863 19 133
864 19 135
865 19 137
866 19 138
867 19 140
868 19 141
869 19 142
870 19 149
871 19 150
872 19 153
873 19 155
874 19 156
875 19 158
876 19 160
877 19 161
878 19 163
879 19 164
880 19 167
881 19 168
882 19 169
883 19 170
884 19 174
885 19 177
886 19 179
887 19 180
888 19 181
889 19 182
890 19 185
891 19 187
892 19 188
893 19 191
894 19 192
895 19 194
896 19 195
897 19 198
898 19 199
899 19 202
900 20 46
901 20 62
902 20 67
903 20 68
904 20 82
905 20 97
906 20 140
907 20 147
908 20 149
909 20 173
910 20 178
911 20 204
912 21 27
913 21 32
914 21 33
915 21 36
916 21 39
917 21 41
918 21 42
919 21 43
920 21 49
921 21 52
922 21 53
923 21 56
924 21 58
925 21 73
926 21 75
927 21 80
928 21 89
929 21 93
930 21 94
931 21 103
932 21 108
933 21 118
934 21 127
935 21 128
936 21 130
937 21 137
938 21 140
939 21 142
940 21 143
941 21 148
942 21 149
943 21 155
944 21 158
945 21 160
946 21 167
947 21 174
948 21 177
949 21 187
950 21 192
951 21 193
952 21 196
953 21 198
954 21 199
955 21 202
956 22 24
957 22 26
958 22 27
959 22 29
960 22 30
961 22 31
962 22 33
963 22 39
964 22 41
965 22 42
966 22 43
967 22 49
968 22 50
969 22 52
970 22 56
971 22 69
972 22 70
973 22 71
974 22 72
975 22 73
976 22 74
977 22 78
978 22 79
979 22 80
980 22 88
981 22 89
982 22 90
983 22 92
984 22 96
985 22 98
986 22 99
987 22 100
988 22 101
989 22 103
990 22 106
991 22 107
992 22 108
993 22 109
994 22 110
995 22 114
996 22 115
997 22 118
998 22 121
999 22 122
1000 22 123
1001 22 124
1002 22 129
1003 22 130
1004 22 131
1005 22 132
1006 22 133
1007 22 135
1008 22 137
1009 22 138
1010 22 140
1011 22 142
1012 22 143
1013 22 146
1014 22 149
1015 22 150
1016 22 153
1017 22 154
1018 22 155
1019 22 156
1020 22 158
1021 22 160
1022 22 161
1023 22 164
1024 22 167
1025 22 168
1026 22 170
1027 22 176
1028 22 177
1029 22 179
1030 22 180
1031 22 182
1032 22 187
1033 22 188
1034 22 191
1035 22 192
1036 22 193
1037 22 194
1038 22 195
1039 22 196
1040 22 198
1041 22 199
1042 22 202
1043 23 51
1044 23 102
1045 23 112
1046 23 163
1047 23 170
1048 24 26
1049 24 27
1050 24 30
1051 24 31
1052 24 32
1053 24 33
1054 24 34
1055 24 37
1056 24 39
1057 24 41
1058 24 42
1059 24 43
1060 24 49
1061 24 50
1062 24 52
1063 24 56
1064 24 69
1065 24 70
1066 24 71
1067 24 72
1068 24 74
1069 24 75
1070 24 76
1071 24 77
1072 24 78
1073 24 79
1074 24 80
1075 24 84
1076 24 88
1077 24 89
1078 24 90
1079 24 91
1080 24 92
1081 24 95
1082 24 98
1083 24 99
1084 24 100
1085 24 101
1086 24 103
1087 24 105
1088 24 106
1089 24 108
1090 24 109
1091 24 110
1092 24 114
1093 24 115
1094 24 118
1095 24 121
1096 24 122
1097 24 123
1098 24 124
1099 24 129
1100 24 130
1101 24 131
1102 24 132
1103 24 133
1104 24 134
1105 24 135
1106 24 137
1107 24 138
1108 24 140
1109 24 141
1110 24 142
1111 24 146
1112 24 149
1113 24 150
1114 24 153
1115 24 154
1116 24 155
1117 24 158
1118 24 160
1119 24 161
1120 24 164
1121 24 167
1122 24 168
1123 24 174
1124 24 177
1125 24 179
1126 24 180
1127 24 182
1128 24 187
1129 24 188
1130 24 191
1131 24 192
1132 24 194
1133 24 195
1134 24 196
1135 24 198
1136 24 199
1137 24 202
1138 25 27
1139 25 129
1140 25 161
1141 26 30
1142 26 31
1143 26 32
1144 26 33
1145 26 35
1146 26 37
1147 26 41
1148 26 42
1149 26 43
1150 26 50
1151 26 52
1152 26 56
1153 26 69
1154 26 71
1155 26 72
1156 26 73
1157 26 74
1158 26 75
1159 26 76
1160 26 77
1161 26 79
1162 26 80
1163 26 88
1164 26 89
1165 26 91
1166 26 92
1167 26 98
1168 26 100
1169 26 101
1170 26 102
1171 26 103
1172 26 107
1173 26 108
1174 26 109
1175 26 110
1176 26 112
1177 26 113
1178 26 115
1179 26 121
1180 26 122
1181 26 123
1182 26 124
1183 26 129
1184 26 130
1185 26 131
1186 26 132
1187 26 133
1188 26 134
1189 26 137
1190 26 138
1191 26 140
1192 26 142
1193 26 146
1194 26 149
1195 26 150
1196 26 153
1197 26 154
1198 26 155
1199 26 158
1200 26 160
1201 26 162
1202 26 163
1203 26 164
1204 26 167
1205 26 170
1206 26 177
1207 26 179
1208 26 180
1209 26 182
1210 26 188
1211 26 190
1212 26 191
1213 26 192
1214 26 194
1215 26 195
1216 26 198
1217 26 199
1218 26 202
1219 27 30
1220 27 31
1221 27 33
1222 27 34
1223 27 36
1224 27 37
1225 27 39
1226 27 41
1227 27 42
1228 27 43
1229 27 44
1230 27 49
1231 27 50
1232 27 52
1233 27 54
1234 27 55
1235 27 56
1236 27 60
1237 27 69
1238 27 70
1239 27 71
1240 27 74
1241 27 75
1242 27 77
1243 27 78
1244 27 79
1245 27 80
1246 27 84
1247 27 88
1248 27 89
1249 27 90
1250 27 91
1251 27 92
1252 27 93
1253 27 98
1254 27 99
1255 27 100
1256 27 101
1257 27 102
1258 27 103
1259 27 105
1260 27 106
1261 27 108
1262 27 109
1263 27 113
1264 27 114
1265 27 115
1266 27 118
1267 27 121
1268 27 122
1269 27 123
1270 27 124
1271 27 127
1272 27 128
1273 27 129
1274 27 130
1275 27 132
1276 27 133
1277 27 134
1278 27 135
1279 27 137
1280 27 138
1281 27 140
1282 27 141
1283 27 142
1284 27 143
1285 27 146
1286 27 148
1287 27 149
1288 27 150
1289 27 153
1290 27 154
1291 27 155
1292 27 156
1293 27 158
1294 27 160
1295 27 161
1296 27 164
1297 27 167
1298 27 168
1299 27 169
1300 27 170
1301 27 174
1302 27 177
1303 27 179
1304 27 180
1305 27 181
1306 27 182
1307 27 185
1308 27 187
1309 27 188
1310 27 191
1311 27 192
1312 27 193
1313 27 194
1314 27 195
1315 27 196
1316 27 198
1317 27 199
1318 28 30
1319 28 71
1320 28 89
1321 28 98
1322 28 100
1323 28 102
1324 28 112
1325 28 132
1326 28 138
1327 28 149
1328 28 162
1329 28 163
1330 28 170
1331 28 182
1332 28 190
1333 28 199
1334 29 31
1335 29 40
1336 29 70
1337 29 79
1338 29 123
1339 29 149
1340 29 160
1341 29 180
1342 29 199
1343 30 31
1344 30 33
1345 30 34
1346 30 35
1347 30 37
1348 30 39
1349 30 41
1350 30 43
1351 30 45
1352 30 49
1353 30 50
1354 30 52
1355 30 54
1356 30 55
1357 30 56
1358 30 61
1359 30 69
1360 30 70
1361 30 71
1362 30 72
1363 30 73
1364 30 74
1365 30 75
1366 30 76
1367 30 77
1368 30 78
1369 30 79
1370 30 80
1371 30 88
1372 30 89
1373 30 90
1374 30 91
1375 30 92
1376 30 94
1377 30 96
1378 30 98
1379 30 99
1380 30 100
1381 30 101
1382 30 102
1383 30 103
1384 30 106
1385 30 107
1386 30 108
1387 30 109
1388 30 110
1389 30 112
1390 30 113
1391 30 115
1392 30 118
1393 30 121
1394 30 122
1395 30 123
1396 30 124
1397 30 129
1398 30 130
1399 30 131
1400 30 132
1401 30 133
1402 30 134
1403 30 137
1404 30 138
1405 30 140
1406 30 141
1407 30 142
1408 30 146
1409 30 149
1410 30 150
1411 30 153
1412 30 154
1413 30 155
1414 30 156
1415 30 157
1416 30 158
1417 30 160
1418 30 161
1419 30 162
1420 30 163
1421 30 164
1422 30 167
1423 30 170
1424 30 177
1425 30 179
1426 30 180
1427 30 182
1428 30 185
1429 30 187
1430 30 188
1431 30 190
1432 30 191
1433 30 192
1434 30 193
1435 30 194
1436 30 195
1437 30 196
1438 30 198
1439 30 199
1440 30 202
1441 31 33
1442 31 36
1443 31 37
1444 31 39
1445 31 40
1446 31 41
1447 31 43
1448 31 49
1449 31 50
1450 31 52
1451 31 55
1452 31 56
1453 31 69
1454 31 70
1455 31 71
1456 31 72
1457 31 73
1458 31 74
1459 31 75
1460 31 76
1461 31 77
1462 31 78
1463 31 79
1464 31 80
1465 31 82
1466 31 84
1467 31 88
1468 31 89
1469 31 91
1470 31 92
1471 31 93
1472 31 94
1473 31 96
1474 31 98
1475 31 100
1476 31 101
1477 31 102
1478 31 103
1479 31 105
1480 31 106
1481 31 108
1482 31 109
1483 31 110
1484 31 112
1485 31 113
1486 31 114
1487 31 115
1488 31 118
1489 31 121
1490 31 122
1491 31 123
1492 31 124
1493 31 127
1494 31 128
1495 31 129
1496 31 130
1497 31 131
1498 31 132
1499 31 133
1500 31 137
1501 31 138
1502 31 140
1503 31 141
1504 31 142
1505 31 143
1506 31 146
1507 31 148
1508 31 149
1509 31 153
1510 31 154
1511 31 155
1512 31 156
1513 31 157
1514 31 158
1515 31 160
1516 31 163
1517 31 164
1518 31 167
1519 31 168
1520 31 170
1521 31 177
1522 31 179
1523 31 180
1524 31 182
1525 31 188
1526 31 190
1527 31 191
1528 31 192
1529 31 193
1530 31 194
1531 31 195
1532 31 196
1533 31 198
1534 31 199
1535 31 202
1536 32 33
1537 32 34
1538 32 36
1539 32 38
1540 32 39
1541 32 41
1542 32 42
1543 32 43
1544 32 47
1545 32 49
1546 32 50
1547 32 52
1548 32 54
1549 32 55
1550 32 56
1551 32 71
1552 32 72
1553 32 73
1554 32 74
1555 32 75
1556 32 77
1557 32 78
1558 32 80
1559 32 84
1560 32 89
1561 32 92
1562 32 94
1563 32 96
1564 32 100
1565 32 101
1566 32 103
1567 32 106
1568 32 107
1569 32 108
1570 32 116
1571 32 118
1572 32 120
1573 32 121
1574 32 122
1575 32 124
1576 32 126
1577 32 127
1578 32 128
1579 32 131
1580 32 134
1581 32 135
1582 32 137
1583 32 138
1584 32 140
1585 32 142
1586 32 143
1587 32 146
1588 32 148
1589 32 149
1590 32 152
1591 32 153
1592 32 154
1593 32 155
1594 32 156
1595 32 158
1596 32 161
1597 32 167
1598 32 174
1599 32 177
1600 32 179
1601 32 182
1602 32 185
1603 32 187
1604 32 189
1605 32 191
1606 32 192
1607 32 193
1608 32 194
1609 32 196
1610 32 198
1611 32 199
1612 32 201
1613 32 202
1614 33 34
1615 33 35
1616 33 37
1617 33 39
1618 33 41
1619 33 42
1620 33 43
1621 33 45
1622 33 49
1623 33 50
1624 33 52
1625 33 54
1626 33 55
1627 33 56
1628 33 61
1629 33 69
1630 33 70
1631 33 71
1632 33 72
1633 33 73
1634 33 74
1635 33 75
1636 33 76
1637 33 77
1638 33 78
1639 33 79
1640 33 80
1641 33 84
1642 33 88
1643 33 89
1644 33 90
1645 33 91
1646 33 92
1647 33 98
1648 33 99
1649 33 100
1650 33 101
1651 33 102
1652 33 103
1653 33 106
1654 33 109
1655 33 110
1656 33 113
1657 33 114
1658 33 115
1659 33 116
1660 33 118
1661 33 121
1662 33 123
1663 33 129
1664 33 130
1665 33 132
1666 33 133
1667 33 134
1668 33 135
1669 33 137
1670 33 138
1671 33 140
1672 33 141
1673 33 142
1674 33 146
1675 33 148
1676 33 149
1677 33 150
1678 33 153
1679 33 154
1680 33 155
1681 33 156
1682 33 158
1683 33 160
1684 33 161
1685 33 163
1686 33 164
1687 33 167
1688 33 168
1689 33 169
1690 33 170
1691 33 174
1692 33 176
1693 33 177
1694 33 179
1695 33 180
1696 33 181
1697 33 182
1698 33 185
1699 33 187
1700 33 188
1701 33 190
1702 33 192
1703 33 193
1704 33 194
1705 33 195
1706 33 196
1707 33 198
1708 33 199
1709 33 202
1710 34 39
1711 34 41
1712 34 42
1713 34 43
1714 34 47
1715 34 49
1716 34 50
1717 34 52
1718 34 53
1719 34 54
1720 34 55
1721 34 56
1722 34 71
1723 34 72
1724 34 73
1725 34 74
1726 34 75
1727 34 77
1728 34 78
1729 34 80
1730 34 84
1731 34 88
1732 34 89
1733 34 91
1734 34 92
1735 34 94
1736 34 96
1737 34 100
1738 34 101
1739 34 103
1740 34 106
1741 34 107
1742 34 108
1743 34 109
1744 34 116
1745 34 117
1746 34 118
1747 34 121
1748 34 122
1749 34 124
1750 34 129
1751 34 131
1752 34 132
1753 34 133
1754 34 134
1755 34 137
1756 34 138
1757 34 141
1758 34 142
1759 34 143
1760 34 146
1761 34 149
1762 34 153
1763 34 154
1764 34 155
1765 34 156
1766 34 158
1767 34 160
1768 34 164
1769 34 167
1770 34 170
1771 34 174
1772 34 177
1773 34 179
1774 34 185
1775 34 187
1776 34 188
1777 34 191
1778 34 192
1779 34 193
1780 34 194
1781 34 196
1782 34 198
1783 34 199
1784 34 202
1785 35 71
1786 35 89
1787 35 91
1788 35 100
1789 35 132
1790 35 137
1791 35 138
1792 35 149
1793 35 182
1794 35 194
1795 35 199
1796 36 38
1797 36 39
1798 36 41
1799 36 42
1800 36 43
1801 36 50
1802 36 52
1803 36 54
1804 36 56
1805 36 75
1806 36 77
1807 36 78
1808 36 79
1809 36 80
1810 36 89
1811 36 92
1812 36 93
1813 36 94
1814 36 103
1815 36 106
1816 36 108
1817 36 109
1818 36 116
1819 36 118
1820 36 120
1821 36 121
1822 36 123
1823 36 127
1824 36 128
1825 36 130
1826 36 131
1827 36 133
1828 36 137
1829 36 138
1830 36 141
1831 36 142
1832 36 143
1833 36 146
1834 36 148
1835 36 149
1836 36 152
1837 36 153
1838 36 154
1839 36 158
1840 36 160
1841 36 167
1842 36 174
1843 36 177
1844 36 179
1845 36 180
1846 36 185
1847 36 187
1848 36 191
1849 36 192
1850 36 193
1851 36 196
1852 36 198
1853 36 199
1854 36 202
1855 37 41
1856 37 43
1857 37 49
1858 37 50
1859 37 52
1860 37 70
1861 37 72
1862 37 74
1863 37 79
1864 37 80
1865 37 84
1866 37 88
1867 37 89
1868 37 90
1869 37 92
1870 37 99
1871 37 100
1872 37 101
1873 37 103
1874 37 105
1875 37 108
1876 37 109
1877 37 115
1878 37 118
1879 37 121
1880 37 122
1881 37 123
1882 37 124
1883 37 129
1884 37 132
1885 37 133
1886 37 137
1887 37 140
1888 37 142
1889 37 146
1890 37 149
1891 37 150
1892 37 153
1893 37 154
1894 37 155
1895 37 158
1896 37 160
1897 37 164
1898 37 168
1899 37 173
1900 37 177
1901 37 182
1902 37 187
1903 37 188
1904 37 191
1905 37 192
1906 37 195
1907 37 196
1908 37 198
1909 37 199
1910 38 39
1911 38 49
1912 38 50
1913 38 52
1914 38 54
1915 38 55
1916 38 71
1917 38 73
1918 38 75
1919 38 77
1920 38 89
1921 38 93
1922 38 103
1923 38 106
1924 38 108
1925 38 109
1926 38 116
1927 38 120
1928 38 127
1929 38 128
1930 38 133
1931 38 137
1932 38 139
1933 38 141
1934 38 148
1935 38 155
1936 38 158
1937 38 167
1938 38 174
1939 38 177
1940 38 179
1941 38 181
1942 38 185
1943 38 187
1944 38 191
1945 38 192
1946 38 201
1947 38 202
1948 39 41
1949 39 42
1950 39 43
1951 39 47
1952 39 49
1953 39 50
1954 39 52
1955 39 54
1956 39 55
1957 39 56
1958 39 71
1959 39 72
1960 39 73
1961 39 74
1962 39 75
1963 39 76
1964 39 77
1965 39 78
1966 39 79
1967 39 80
1968 39 84
1969 39 88
1970 39 89
1971 39 91
1972 39 92
1973 39 93
1974 39 96
1975 39 100
1976 39 101
1977 39 103
1978 39 106
1979 39 107
1980 39 108
1981 39 116
1982 39 118
1983 39 122
1984 39 123
1985 39 124
1986 39 126
1987 39 127
1988 39 128
1989 39 130
1990 39 131
1991 39 132
1992 39 133
1993 39 134
1994 39 137
1995 39 140
1996 39 141
1997 39 142
1998 39 143
1999 39 148
2000 39 149
2001 39 152
2002 39 153
2003 39 155
2004 39 156
2005 39 158
2006 39 167
2007 39 174
2008 39 177
2009 39 179
2010 39 181
2011 39 182
2012 39 185
2013 39 187
2014 39 188
2015 39 191
2016 39 192
2017 39 193
2018 39 194
2019 39 198
2020 39 199
2021 39 202
2022 40 79
2023 40 89
2024 40 100
2025 40 114
2026 40 123
2027 40 133
2028 40 149
2029 40 160
2030 40 180
2031 40 182
2032 40 199
2033 41 42
2034 41 43
2035 41 47
2036 41 49
2037 41 50
2038 41 52
2039 41 53
2040 41 54
2041 41 55
2042 41 56
2043 41 58
2044 41 69
2045 41 70
2046 41 71
2047 41 72
2048 41 73
2049 41 74
2050 41 75
2051 41 76
2052 41 77
2053 41 78
2054 41 79
2055 41 80
2056 41 84
2057 41 88
2058 41 89
2059 41 91
2060 41 92
2061 41 93
2062 41 94
2063 41 96
2064 41 98
2065 41 100
2066 41 101
2067 41 102
2068 41 103
2069 41 106
2070 41 107
2071 41 108
2072 41 109
2073 41 110
2074 41 113
2075 41 115
2076 41 116
2077 41 118
2078 41 120
2079 41 121
2080 41 122
2081 41 123
2082 41 124
2083 41 126
2084 41 127
2085 41 128
2086 41 129
2087 41 130
2088 41 131
2089 41 132
2090 41 133
2091 41 134
2092 41 137
2093 41 138
2094 41 140
2095 41 141
2096 41 142
2097 41 143
2098 41 146
2099 41 148
2100 41 149
2101 41 150
2102 41 152
2103 41 153
2104 41 154
2105 41 155
2106 41 156
2107 41 158
2108 41 160
2109 41 161
2110 41 163
2111 41 164
2112 41 167
2113 41 170
2114 41 173
2115 41 174
2116 41 176
2117 41 177
2118 41 179
2119 41 180
2120 41 182
2121 41 185
2122 41 187
2123 41 188
2124 41 189
2125 41 191
2126 41 192
2127 41 193
2128 41 194
2129 41 195
2130 41 196
2131 41 198
2132 41 199
2133 41 202
2134 42 43
2135 42 47
2136 42 49
2137 42 50
2138 42 52
2139 42 53
2140 42 54
2141 42 55
2142 42 56
2143 42 71
2144 42 72
2145 42 73
2146 42 74
2147 42 75
2148 42 77
2149 42 78
2150 42 80
2151 42 84
2152 42 88
2153 42 89
2154 42 92
2155 42 93
2156 42 94
2157 42 96
2158 42 101
2159 42 103
2160 42 106
2161 42 107
2162 42 108
2163 42 109
2164 42 114
2165 42 116
2166 42 118
2167 42 121
2168 42 122
2169 42 124
2170 42 125
2171 42 127
2172 42 128
2173 42 129
2174 42 130
2175 42 131
2176 42 133
2177 42 134
2178 42 137
2179 42 138
2180 42 140
2181 42 141
2182 42 142
2183 42 143
2184 42 146
2185 42 148
2186 42 149
2187 42 152
2188 42 153
2189 42 154
2190 42 155
2191 42 158
2192 42 161
2193 42 164
2194 42 167
2195 42 168
2196 42 177
2197 42 179
2198 42 181
2199 42 185
2200 42 187
2201 42 188
2202 42 191
2203 42 192
2204 42 193
2205 42 194
2206 42 195
2207 42 196
2208 42 198
2209 42 199
2210 42 202
2211 43 47
2212 43 49
2213 43 50
2214 43 52
2215 43 53
2216 43 54
2217 43 55
2218 43 56
2219 43 69
2220 43 71
2221 43 72
2222 43 73
2223 43 74
2224 43 75
2225 43 77
2226 43 78
2227 43 79
2228 43 80
2229 43 84
2230 43 88
2231 43 89
2232 43 92
2233 43 93
2234 43 94
2235 43 96
2236 43 98
2237 43 100
2238 43 101
2239 43 103
2240 43 106
2241 43 107
2242 43 108
2243 43 109
2244 43 110
2245 43 116
2246 43 117
2247 43 118
2248 43 120
2249 43 121
2250 43 122
2251 43 123
2252 43 124
2253 43 126
2254 43 127
2255 43 128
2256 43 130
2257 43 131
2258 43 133
2259 43 134
2260 43 137
2261 43 138
2262 43 140
2263 43 141
2264 43 142
2265 43 143
2266 43 146
2267 43 148
2268 43 149
2269 43 153
2270 43 154
2271 43 155
2272 43 156
2273 43 158
2274 43 164
2275 43 167
2276 43 174
2277 43 177
2278 43 179
2279 43 181
2280 43 182
2281 43 185
2282 43 187
2283 43 188
2284 43 191
2285 43 192
2286 43 193
2287 43 195
2288 43 196
2289 43 198
2290 43 199
2291 43 201
2292 43 202
2293 44 50
2294 44 60
2295 44 70
2296 44 88
2297 44 101
2298 44 129
2299 44 133
2300 44 140
2301 44 149
2302 44 150
2303 44 161
2304 44 164
2305 44 168
2306 45 50
2307 45 61
2308 45 71
2309 45 73
2310 45 74
2311 45 80
2312 45 89
2313 45 91
2314 45 100
2315 45 103
2316 45 106
2317 45 110
2318 45 132
2319 45 138
2320 45 149
2321 45 158
2322 45 160
2323 45 179
2324 45 182
2325 45 192
2326 45 199
2327 46 62
2328 46 67
2329 46 68
2330 46 82
2331 46 97
2332 46 101
2333 46 140
2334 46 147
2335 46 149
2336 46 173
2337 46 178
2338 46 202
2339 46 204
2340 47 49
2341 47 52
2342 47 54
2343 47 55
2344 47 56
2345 47 72
2346 47 73
2347 47 75
2348 47 77
2349 47 80
2350 47 84
2351 47 92
2352 47 94
2353 47 96
2354 47 103
2355 47 106
2356 47 107
2357 47 108
2358 47 109
2359 47 116
2360 47 120
2361 47 121
2362 47 122
2363 47 124
2364 47 125
2365 47 130
2366 47 131
2367 47 134
2368 47 138
2369 47 141
2370 47 142
2371 47 143
2372 47 146
2373 47 149
2374 47 153
2375 47 154
2376 47 155
2377 47 158
2378 47 167
2379 47 177
2380 47 179
2381 47 185
2382 47 187
2383 47 191
2384 47 192
2385 47 193
2386 47 196
2387 47 198
2388 47 199
2389 47 202
2390 48 63
2391 48 65
2392 48 66
2393 48 81
2394 48 83
2395 48 145
2396 48 172
2397 48 175
2398 48 203
2399 49 50
2400 49 52
2401 49 54
2402 49 55
2403 49 56
2404 49 71
2405 49 72
2406 49 73
2407 49 74
2408 49 75
2409 49 77
2410 49 78
2411 49 79
2412 49 80
2413 49 84
2414 49 88
2415 49 89
2416 49 90
2417 49 92
2418 49 94
2419 49 96
2420 49 100
2421 49 101
2422 49 102
2423 49 103
2424 49 106
2425 49 107
2426 49 108
2427 49 109
2428 49 110
2429 49 116
2430 49 118
2431 49 120
2432 49 121
2433 49 122
2434 49 123
2435 49 124
2436 49 126
2437 49 129
2438 49 130
2439 49 131
2440 49 133
2441 49 134
2442 49 137
2443 49 138
2444 49 140
2445 49 142
2446 49 143
2447 49 146
2448 49 148
2449 49 149
2450 49 151
2451 49 153
2452 49 154
2453 49 155
2454 49 156
2455 49 158
2456 49 161
2457 49 167
2458 49 170
2459 49 174
2460 49 177
2461 49 179
2462 49 182
2463 49 185
2464 49 188
2465 49 189
2466 49 191
2467 49 192
2468 49 193
2469 49 194
2470 49 196
2471 49 198
2472 49 199
2473 49 202
2474 50 52
2475 50 54
2476 50 55
2477 50 56
2478 50 60
2479 50 69
2480 50 70
2481 50 71
2482 50 72
2483 50 73
2484 50 74
2485 50 75
2486 50 76
2487 50 77
2488 50 78
2489 50 79
2490 50 80
2491 50 84
2492 50 88
2493 50 89
2494 50 90
2495 50 91
2496 50 92
2497 50 93
2498 50 94
2499 50 96
2500 50 98
2501 50 99
2502 50 100
2503 50 101
2504 50 102
2505 50 103
2506 50 106
2507 50 107
2508 50 108
2509 50 109
2510 50 110
2511 50 112
2512 50 113
2513 50 114
2514 50 115
2515 50 116
2516 50 118
2517 50 120
2518 50 121
2519 50 122
2520 50 123
2521 50 124
2522 50 127
2523 50 128
2524 50 129
2525 50 130
2526 50 131
2527 50 132
2528 50 133
2529 50 134
2530 50 135
2531 50 137
2532 50 138
2533 50 139
2534 50 140
2535 50 141
2536 50 142
2537 50 143
2538 50 146
2539 50 148
2540 50 149
2541 50 150
2542 50 152
2543 50 153
2544 50 154
2545 50 155
2546 50 156
2547 50 157
2548 50 158
2549 50 160
2550 50 161
2551 50 164
2552 50 167
2553 50 168
2554 50 169
2555 50 170
2556 50 174
2557 50 176
2558 50 177
2559 50 179
2560 50 180
2561 50 181
2562 50 182
2563 50 185
2564 50 187
2565 50 188
2566 50 191
2567 50 192
2568 50 193
2569 50 194
2570 50 195
2571 50 196
2572 50 198
2573 50 199
2574 50 202
2575 51 102
2576 51 112
2577 51 163
2578 51 170
2579 52 53
2580 52 54
2581 52 55
2582 52 56
2583 52 58
2584 52 69
2585 52 71
2586 52 72
2587 52 73
2588 52 74
2589 52 75
2590 52 76
2591 52 77
2592 52 78
2593 52 79
2594 52 80
2595 52 84
2596 52 88
2597 52 89
2598 52 90
2599 52 92
2600 52 93
2601 52 94
2602 52 96
2603 52 98
2604 52 99
2605 52 100
2606 52 101
2607 52 102
2608 52 103
2609 52 106
2610 52 107
2611 52 108
2612 52 109
2613 52 110
2614 52 115
2615 52 116
2616 52 118
2617 52 120
2618 52 121
2619 52 122
2620 52 123
2621 52 124
2622 52 126
2623 52 127
2624 52 128
2625 52 129
2626 52 130
2627 52 131
2628 52 132
2629 52 133
2630 52 134
2631 52 135
2632 52 137
2633 52 138
2634 52 140
2635 52 141
2636 52 142
2637 52 143
2638 52 146
2639 52 147
2640 52 148
2641 52 149
2642 52 150
2643 52 151
2644 52 152
2645 52 153
2646 52 154
2647 52 155
2648 52 156
2649 52 158
2650 52 160
2651 52 163
2652 52 164
2653 52 167
2654 52 168
2655 52 170
2656 52 173
2657 52 174
2658 52 177
2659 52 178
2660 52 179
2661 52 180
2662 52 182
2663 52 185
2664 52 187
2665 52 188
2666 52 189
2667 52 191
2668 52 192
2669 52 193
2670 52 194
2671 52 195
2672 52 196
2673 52 198
2674 52 199
2675 52 201
2676 52 202
2677 53 56
2678 53 58
2679 53 77
2680 53 80
2681 53 89
2682 53 94
2683 53 107
2684 53 124
2685 53 131
2686 53 134
2687 53 142
2688 53 149
2689 53 153
2690 53 158
2691 53 167
2692 53 177
2693 53 191
2694 53 198
2695 53 202
2696 54 55
2697 54 56
2698 54 71
2699 54 72
2700 54 73
2701 54 74
2702 54 75
2703 54 77
2704 54 78
2705 54 80
2706 54 84
2707 54 88
2708 54 89
2709 54 91
2710 54 92
2711 54 93
2712 54 94
2713 54 96
2714 54 101
2715 54 102
2716 54 103
2717 54 106
2718 54 108
2719 54 109
2720 54 110
2721 54 116
2722 54 118
2723 54 120
2724 54 121
2725 54 122
2726 54 124
2727 54 127
2728 54 128
2729 54 129
2730 54 130
2731 54 132
2732 54 133
2733 54 137
2734 54 138
2735 54 139
2736 54 141
2737 54 142
2738 54 143
2739 54 146
2740 54 148
2741 54 149
2742 54 150
2743 54 152
2744 54 153
2745 54 154
2746 54 156
2747 54 158
2748 54 161
2749 54 164
2750 54 167
2751 54 168
2752 54 169
2753 54 170
2754 54 174
2755 54 177
2756 54 179
2757 54 181
2758 54 185
2759 54 187
2760 54 188
2761 54 191
2762 54 192
2763 54 193
2764 54 194
2765 54 196
2766 54 198
2767 54 199
2768 54 201
2769 55 56
2770 55 64
2771 55 70
2772 55 71
2773 55 72
2774 55 73
2775 55 74
2776 55 75
2777 55 77
2778 55 79
2779 55 80
2780 55 84
2781 55 88
2782 55 89
2783 55 92
2784 55 94
2785 55 96
2786 55 100
2787 55 101
2788 55 103
2789 55 106
2790 55 108
2791 55 109
2792 55 118
2793 55 120
2794 55 121
2795 55 122
2796 55 123
2797 55 124
2798 55 125
2799 55 131
2800 55 132
2801 55 133
2802 55 134
2803 55 137
2804 55 138
2805 55 139
2806 55 140
2807 55 141
2808 55 142
2809 55 143
2810 55 146
2811 55 148
2812 55 149
2813 55 153
2814 55 154
2815 55 155
2816 55 158
2817 55 160
2818 55 167
2819 55 174
2820 55 177
2821 55 179
2822 55 180
2823 55 185
2824 55 187
2825 55 188
2826 55 191
2827 55 192
2828 55 193
2829 55 196
2830 55 198
2831 55 199
2832 55 202
2833 56 58
2834 56 69
2835 56 71
2836 56 72
2837 56 73
2838 56 74
2839 56 75
2840 56 76
2841 56 77
2842 56 78
2843 56 79
2844 56 80
2845 56 84
2846 56 89
2847 56 90
2848 56 92
2849 56 93
2850 56 94
2851 56 96
2852 56 98
2853 56 100
2854 56 101
2855 56 102
2856 56 103
2857 56 106
2858 56 107
2859 56 108
2860 56 109
2861 56 110
2862 56 116
2863 56 118
2864 56 121
2865 56 122
2866 56 123
2867 56 124
2868 56 126
2869 56 127
2870 56 128
2871 56 129
2872 56 130
2873 56 131
2874 56 132
2875 56 133
2876 56 134
2877 56 137
2878 56 138
2879 56 140
2880 56 141
2881 56 142
2882 56 143
2883 56 146
2884 56 148
2885 56 149
2886 56 151
2887 56 153
2888 56 154
2889 56 155
2890 56 156
2891 56 158
2892 56 160
2893 56 161
2894 56 164
2895 56 166
2896 56 167
2897 56 170
2898 56 174
2899 56 177
2900 56 179
2901 56 180
2902 56 182
2903 56 185
2904 56 187
2905 56 188
2906 56 189
2907 56 191
2908 56 192
2909 56 193
2910 56 194
2911 56 196
2912 56 198
2913 56 199
2914 56 201
2915 56 202
2916 58 80
2917 58 94
2918 58 142
2919 58 149
2920 58 153
2921 58 155
2922 58 158
2923 58 191
2924 58 198
2925 59 100
2926 59 149
2927 59 199
2928 60 70
2929 60 88
2930 60 101
2931 60 129
2932 60 133
2933 60 140
2934 60 149
2935 60 150
2936 60 161
2937 60 164
2938 60 168
2939 61 71
2940 61 89
2941 61 91
2942 61 100
2943 61 103
2944 61 110
2945 61 132
2946 61 138
2947 61 149
2948 61 179
2949 61 182
2950 61 192
2951 61 199
2952 62 67
2953 62 68
2954 62 82
2955 62 97
2956 62 147
2957 62 149
2958 62 173
2959 62 178
2960 62 204
2961 63 65
2962 63 66
2963 63 81
2964 63 83
2965 63 145
2966 63 172
2967 63 175
2968 63 203
2969 64 96
2970 64 124
2971 64 125
2972 65 66
2973 65 81
2974 65 83
2975 65 145
2976 65 172
2977 65 175
2978 65 203
2979 66 81
2980 66 83
2981 66 145
2982 66 172
2983 66 175
2984 66 203
2985 67 68
2986 67 82
2987 67 97
2988 67 140
2989 67 147
2990 67 149
2991 67 158
2992 67 173
2993 67 178
2994 67 204
2995 68 82
2996 68 97
2997 68 147
2998 68 173
2999 68 178
3000 68 204
3001 69 71
3002 69 72
3003 69 74
3004 69 76
3005 69 77
3006 69 79
3007 69 80
3008 69 89
3009 69 90
3010 69 91
3011 69 92
3012 69 98
3013 69 99
3014 69 100
3015 69 101
3016 69 103
3017 69 106
3018 69 110
3019 69 112
3020 69 115
3021 69 121
3022 69 123
3023 69 124
3024 69 129
3025 69 131
3026 69 132
3027 69 133
3028 69 135
3029 69 137
3030 69 138
3031 69 140
3032 69 142
3033 69 146
3034 69 149
3035 69 153
3036 69 154
3037 69 156
3038 69 158
3039 69 160
3040 69 164
3041 69 167
3042 69 170
3043 69 176
3044 69 177
3045 69 179
3046 69 182
3047 69 188
3048 69 191
3049 69 192
3050 69 194
3051 69 195
3052 69 198
3053 69 199
3054 69 202
3055 70 71
3056 70 74
3057 70 75
3058 70 77
3059 70 78
3060 70 79
3061 70 80
3062 70 84
3063 70 88
3064 70 89
3065 70 90
3066 70 91
3067 70 92
3068 70 99
3069 70 100
3070 70 101
3071 70 103
3072 70 105
3073 70 106
3074 70 113
3075 70 114
3076 70 116
3077 70 118
3078 70 121
3079 70 123
3080 70 124
3081 70 129
3082 70 132
3083 70 133
3084 70 134
3085 70 137
3086 70 138
3087 70 140
3088 70 141
3089 70 148
3090 70 149
3091 70 150
3092 70 153
3093 70 160
3094 70 161
3095 70 164
3096 70 167
3097 70 168
3098 70 174
3099 70 179
3100 70 180
3101 70 181
3102 70 182
3103 70 185
3104 70 187
3105 70 188
3106 70 192
3107 70 193
3108 70 195
3109 70 199
3110 71 72
3111 71 73
3112 71 74
3113 71 75
3114 71 76
3115 71 77
3116 71 78
3117 71 79
3118 71 80
3119 71 84
3120 71 88
3121 71 89
3122 71 90
3123 71 91
3124 71 92
3125 71 96
3126 71 98
3127 71 99
3128 71 100
3129 71 101
3130 71 102
3131 71 103
3132 71 106
3133 71 108
3134 71 109
3135 71 110
3136 71 112
3137 71 113
3138 71 115
3139 71 118
3140 71 121
3141 71 122
3142 71 123
3143 71 124
3144 71 129
3145 71 130
3146 71 131
3147 71 132
3148 71 133
3149 71 134
3150 71 135
3151 71 137
3152 71 138
3153 71 140
3154 71 141
3155 71 142
3156 71 143
3157 71 146
3158 71 149
3159 71 150
3160 71 153
3161 71 154
3162 71 155
3163 71 156
3164 71 158
3165 71 160
3166 71 161
3167 71 163
3168 71 164
3169 71 167
3170 71 168
3171 71 170
3172 71 174
3173 71 177
3174 71 179
3175 71 180
3176 71 182
3177 71 185
3178 71 187
3179 71 188
3180 71 190
3181 71 191
3182 71 192
3183 71 193
3184 71 194
3185 71 195
3186 71 198
3187 71 199
3188 71 201
3189 71 202
3190 72 73
3191 72 74
3192 72 75
3193 72 76
3194 72 77
3195 72 78
3196 72 79
3197 72 80
3198 72 88
3199 72 89
3200 72 92
3201 72 94
3202 72 96
3203 72 98
3204 72 101
3205 72 103
3206 72 106
3207 72 107
3208 72 108
3209 72 109
3210 72 110
3211 72 116
3212 72 117
3213 72 118
3214 72 121
3215 72 122
3216 72 123
3217 72 124
3218 72 129
3219 72 130
3220 72 131
3221 72 132
3222 72 133
3223 72 134
3224 72 137
3225 72 138
3226 72 140
3227 72 141
3228 72 142
3229 72 146
3230 72 149
3231 72 153
3232 72 154
3233 72 155
3234 72 156
3235 72 158
3236 72 160
3237 72 164
3238 72 167
3239 72 170
3240 72 174
3241 72 177
3242 72 179
3243 72 180
3244 72 182
3245 72 185
3246 72 187
3247 72 188
3248 72 191
3249 72 192
3250 72 193
3251 72 194
3252 72 195
3253 72 198
3254 72 199
3255 72 202
3256 73 75
3257 73 77
3258 73 78
3259 73 79
3260 73 80
3261 73 84
3262 73 88
3263 73 89
3264 73 90
3265 73 92
3266 73 96
3267 73 100
3268 73 101
3269 73 103
3270 73 106
3271 73 107
3272 73 108
3273 73 109
3274 73 110
3275 73 116
3276 73 118
3277 73 120
3278 73 121
3279 73 122
3280 73 123
3281 73 124
3282 73 126
3283 73 130
3284 73 131
3285 73 133
3286 73 134
3287 73 137
3288 73 138
3289 73 140
3290 73 142
3291 73 143
3292 73 146
3293 73 148
3294 73 149
3295 73 151
3296 73 153
3297 73 154
3298 73 155
3299 73 156
3300 73 158
3301 73 167
3302 73 170
3303 73 174
3304 73 177
3305 73 179
3306 73 182
3307 73 185
3308 73 187
3309 73 188
3310 73 189
3311 73 191
3312 73 192
3313 73 193
3314 73 194
3315 73 196
3316 73 198
3317 73 199
3318 73 202
3319 74 75
3320 74 77
3321 74 78
3322 74 79
3323 74 80
3324 74 84
3325 74 88
3326 74 89
3327 74 91
3328 74 92
3329 74 94
3330 74 96
3331 74 98
3332 74 100
3333 74 101
3334 74 102
3335 74 103
3336 74 106
3337 74 108
3338 74 109
3339 74 113
3340 74 115
3341 74 116
3342 74 118
3343 74 121
3344 74 123
3345 74 124
3346 74 129
3347 74 130
3348 74 132
3349 74 133
3350 74 134
3351 74 135
3352 74 137
3353 74 138
3354 74 140
3355 74 141
3356 74 142
3357 74 143
3358 74 146
3359 74 148
3360 74 149
3361 74 150
3362 74 153
3363 74 154
3364 74 155
3365 74 156
3366 74 157
3367 74 158
3368 74 160
3369 74 161
3370 74 164
3371 74 167
3372 74 170
3373 74 174
3374 74 177
3375 74 179
3376 74 180
3377 74 182
3378 74 188
3379 74 191
3380 74 192
3381 74 193
3382 74 194
3383 74 195
3384 74 198
3385 74 199
3386 74 202
3387 75 77
3388 75 78
3389 75 79
3390 75 80
3391 75 84
3392 75 88
3393 75 89
3394 75 90
3395 75 91
3396 75 92
3397 75 93
3398 75 94
3399 75 96
3400 75 98
3401 75 99
3402 75 100
3403 75 101
3404 75 103
3405 75 106
3406 75 107
3407 75 108
3408 75 109
3409 75 115
3410 75 116
3411 75 118
3412 75 120
3413 75 121
3414 75 122
3415 75 123
3416 75 124
3417 75 126
3418 75 127
3419 75 128
3420 75 129
3421 75 130
3422 75 131
3423 75 132
3424 75 133
3425 75 134
3426 75 135
3427 75 137
3428 75 138
3429 75 140
3430 75 141
3431 75 142
3432 75 143
3433 75 146
3434 75 148
3435 75 149
3436 75 152
3437 75 153
3438 75 154
3439 75 155
3440 75 156
3441 75 158
3442 75 160
3443 75 167
3444 75 174
3445 75 177
3446 75 179
3447 75 180
3448 75 181
3449 75 182
3450 75 185
3451 75 187
3452 75 188
3453 75 191
3454 75 192
3455 75 193
3456 75 194
3457 75 195
3458 75 196
3459 75 198
3460 75 199
3461 75 201
3462 75 202
3463 76 77
3464 76 78
3465 76 79
3466 76 80
3467 76 89
3468 76 91
3469 76 98
3470 76 100
3471 76 103
3472 76 109
3473 76 110
3474 76 123
3475 76 130
3476 76 132
3477 76 133
3478 76 137
3479 76 138
3480 76 142
3481 76 149
3482 76 153
3483 76 158
3484 76 160
3485 76 167
3486 76 177
3487 76 180
3488 76 182
3489 76 191
3490 76 192
3491 76 194
3492 76 199
3493 76 202
3494 77 78
3495 77 79
3496 77 80
3497 77 88
3498 77 89
3499 77 91
3500 77 92
3501 77 93
3502 77 94
3503 77 96
3504 77 100
3505 77 101
3506 77 102
3507 77 103
3508 77 106
3509 77 107
3510 77 108
3511 77 109
3512 77 112
3513 77 113
3514 77 115
3515 77 116
3516 77 118
3517 77 120
3518 77 121
3519 77 122
3520 77 124
3521 77 127
3522 77 128
3523 77 129
3524 77 130
3525 77 131
3526 77 132
3527 77 133
3528 77 134
3529 77 137
3530 77 138
3531 77 139
3532 77 140
3533 77 141
3534 77 142
3535 77 143
3536 77 146
3537 77 148
3538 77 149
3539 77 153
3540 77 154
3541 77 155
3542 77 156
3543 77 157
3544 77 158
3545 77 161
3546 77 163
3547 77 164
3548 77 167
3549 77 170
3550 77 174
3551 77 177
3552 77 179
3553 77 181
3554 77 182
3555 77 185
3556 77 187
3557 77 188
3558 77 191
3559 77 192
3560 77 193
3561 77 195
3562 77 196
3563 77 198
3564 77 199
3565 77 201
3566 77 202
3567 78 79
3568 78 80
3569 78 84
3570 78 88
3571 78 89
3572 78 90
3573 78 92
3574 78 93
3575 78 94
3576 78 96
3577 78 100
3578 78 101
3579 78 103
3580 78 106
3581 78 108
3582 78 113
3583 78 114
3584 78 116
3585 78 118
3586 78 121
3587 78 122
3588 78 123
3589 78 124
3590 78 127
3591 78 128
3592 78 130
3593 78 131
3594 78 132
3595 78 133
3596 78 134
3597 78 137
3598 78 138
3599 78 140
3600 78 141
3601 78 142
3602 78 143
3603 78 146
3604 78 149
3605 78 152
3606 78 153
3607 78 154
3608 78 155
3609 78 156
3610 78 158
3611 78 160
3612 78 164
3613 78 167
3614 78 174
3615 78 177
3616 78 179
3617 78 181
3618 78 182
3619 78 185
3620 78 187
3621 78 188
3622 78 191
3623 78 192
3624 78 193
3625 78 194
3626 78 196
3627 78 198
3628 78 199
3629 78 201
3630 78 202
3631 79 80
3632 79 82
3633 79 84
3634 79 88
3635 79 89
3636 79 91
3637 79 92
3638 79 93
3639 79 94
3640 79 96
3641 79 98
3642 79 100
3643 79 101
3644 79 102
3645 79 103
3646 79 105
3647 79 106
3648 79 108
3649 79 109
3650 79 110
3651 79 112
3652 79 113
3653 79 114
3654 79 115
3655 79 118
3656 79 121
3657 79 122
3658 79 123
3659 79 124
3660 79 127
3661 79 128
3662 79 129
3663 79 130
3664 79 131
3665 79 132
3666 79 133
3667 79 137
3668 79 138
3669 79 140
3670 79 141
3671 79 142
3672 79 143
3673 79 146
3674 79 148
3675 79 149
3676 79 153
3677 79 154
3678 79 155
3679 79 156
3680 79 157
3681 79 158
3682 79 160
3683 79 163
3684 79 164
3685 79 167
3686 79 168
3687 79 170
3688 79 177
3689 79 179
3690 79 180
3691 79 182
3692 79 188
3693 79 190
3694 79 191
3695 79 192
3696 79 193
3697 79 194
3698 79 195
3699 79 196
3700 79 198
3701 79 199
3702 79 202
3703 80 84
3704 80 88
3705 80 89
3706 80 91
3707 80 92
3708 80 93
3709 80 94
3710 80 96
3711 80 98
3712 80 99
3713 80 100
3714 80 101
3715 80 102
3716 80 103
3717 80 106
3718 80 107
3719 80 108
3720 80 109
3721 80 110
3722 80 112
3723 80 113
3724 80 115
3725 80 116
3726 80 118
3727 80 121
3728 80 122
3729 80 123
3730 80 124
3731 80 126
3732 80 127
3733 80 128
3734 80 129
3735 80 130
3736 80 131
3737 80 132
3738 80 133
3739 80 134
3740 80 135
3741 80 137
3742 80 138
3743 80 140
3744 80 141
3745 80 142
3746 80 143
3747 80 146
3748 80 149
3749 80 150
3750 80 152
3751 80 153
3752 80 154
3753 80 155
3754 80 156
3755 80 157
3756 80 158
3757 80 160
3758 80 161
3759 80 163
3760 80 164
3761 80 167
3762 80 170
3763 80 174
3764 80 177
3765 80 179
3766 80 180
3767 80 181
3768 80 182
3769 80 185
3770 80 187
3771 80 188
3772 80 191
3773 80 192
3774 80 193
3775 80 194
3776 80 195
3777 80 196
3778 80 198
3779 80 199
3780 80 201
3781 80 202
3782 81 83
3783 81 145
3784 81 172
3785 81 175
3786 81 203
3787 82 97
3788 82 140
3789 82 147
3790 82 149
3791 82 173
3792 82 178
3793 82 204
3794 83 145
3795 83 172
3796 83 175
3797 83 203
3798 84 88
3799 84 89
3800 84 90
3801 84 92
3802 84 94
3803 84 101
3804 84 103
3805 84 106
3806 84 108
3807 84 116
3808 84 118
3809 84 121
3810 84 122
3811 84 123
3812 84 124
3813 84 126
3814 84 131
3815 84 132
3816 84 133
3817 84 134
3818 84 137
3819 84 140
3820 84 141
3821 84 142
3822 84 143
3823 84 148
3824 84 149
3825 84 153
3826 84 155
3827 84 156
3828 84 158
3829 84 160
3830 84 167
3831 84 174
3832 84 177
3833 84 179
3834 84 180
3835 84 185
3836 84 187
3837 84 188
3838 84 189
3839 84 191
3840 84 192
3841 84 193
3842 84 196
3843 84 198
3844 84 199
3845 84 202
3846 86 159
3847 86 186
3848 87 200
3849 88 89
3850 88 90
3851 88 91
3852 88 92
3853 88 96
3854 88 98
3855 88 99
3856 88 100
3857 88 101
3858 88 103
3859 88 105
3860 88 106
3861 88 108
3862 88 109
3863 88 110
3864 88 113
3865 88 114
3866 88 115
3867 88 118
3868 88 121
3869 88 122
3870 88 123
3871 88 124
3872 88 129
3873 88 130
3874 88 131
3875 88 132
3876 88 133
3877 88 134
3878 88 137
3879 88 138
3880 88 140
3881 88 141
3882 88 142
3883 88 148
3884 88 149
3885 88 150
3886 88 153
3887 88 156
3888 88 158
3889 88 160
3890 88 161
3891 88 163
3892 88 164
3893 88 168
3894 88 169
3895 88 174
3896 88 177
3897 88 179
3898 88 180
3899 88 181
3900 88 182
3901 88 185
3902 88 187
3903 88 188
3904 88 191
3905 88 192
3906 88 193
3907 88 194
3908 88 195
3909 88 198
3910 88 199
3911 88 201
3912 88 202
3913 89 90
3914 89 91
3915 89 92
3916 89 93
3917 89 94
3918 89 96
3919 89 98
3920 89 99
3921 89 100
3922 89 101
3923 89 102
3924 89 103
3925 89 105
3926 89 106
3927 89 107
3928 89 108
3929 89 109
3930 89 110
3931 89 112
3932 89 113
3933 89 114
3934 89 115
3935 89 116
3936 89 118
3937 89 120
3938 89 121
3939 89 122
3940 89 123
3941 89 124
3942 89 127
3943 89 128
3944 89 129
3945 89 130
3946 89 131
3947 89 132
3948 89 133
3949 89 134
3950 89 135
3951 89 137
3952 89 138
3953 89 140
3954 89 141
3955 89 142
3956 89 143
3957 89 146
3958 89 148
3959 89 149
3960 89 150
3961 89 153
3962 89 154
3963 89 155
3964 89 156
3965 89 157
3966 89 158
3967 89 160
3968 89 161
3969 89 163
3970 89 164
3971 89 167
3972 89 168
3973 89 170
3974 89 173
3975 89 174
3976 89 176
3977 89 177
3978 89 179
3979 89 180
3980 89 181
3981 89 182
3982 89 185
3983 89 187
3984 89 188
3985 89 190
3986 89 191
3987 89 192
3988 89 193
3989 89 194
3990 89 195
3991 89 198
3992 89 199
3993 89 202
3994 90 91
3995 90 95
3996 90 99
3997 90 100
3998 90 101
3999 90 103
4000 90 105
4001 90 108
4002 90 110
4003 90 114
4004 90 115
4005 90 118
4006 90 124
4007 90 129
4008 90 132
4009 90 133
4010 90 137
4011 90 138
4012 90 140
4013 90 141
4014 90 148
4015 90 149
4016 90 150
4017 90 153
4018 90 160
4019 90 161
4020 90 164
4021 90 168
4022 90 169
4023 90 174
4024 90 177
4025 90 182
4026 90 185
4027 90 188
4028 90 192
4029 90 193
4030 90 194
4031 90 195
4032 90 196
4033 90 198
4034 90 199
4035 91 98
4036 91 100
4037 91 101
4038 91 102
4039 91 103
4040 91 105
4041 91 106
4042 91 110
4043 91 113
4044 91 115
4045 91 123
4046 91 129
4047 91 132
4048 91 133
4049 91 134
4050 91 135
4051 91 137
4052 91 138
4053 91 140
4054 91 141
4055 91 142
4056 91 148
4057 91 149
4058 91 150
4059 91 153
4060 91 155
4061 91 158
4062 91 160
4063 91 161
4064 91 163
4065 91 164
4066 91 167
4067 91 168
4068 91 169
4069 91 170
4070 91 177
4071 91 179
4072 91 180
4073 91 182
4074 91 188
4075 91 192
4076 91 194
4077 91 195
4078 91 198
4079 91 199
4080 91 202
4081 92 93
4082 92 96
4083 92 100
4084 92 101
4085 92 103
4086 92 106
4087 92 107
4088 92 108
4089 92 109
4090 92 110
4091 92 115
4092 92 116
4093 92 118
4094 92 120
4095 92 121
4096 92 122
4097 92 124
4098 92 125
4099 92 126
4100 92 127
4101 92 128
4102 92 129
4103 92 130
4104 92 131
4105 92 132
4106 92 133
4107 92 134
4108 92 136
4109 92 137
4110 92 138
4111 92 140
4112 92 141
4113 92 142
4114 92 143
4115 92 146
4116 92 148
4117 92 149
4118 92 150
4119 92 153
4120 92 154
4121 92 155
4122 92 156
4123 92 158
4124 92 160
4125 92 164
4126 92 167
4127 92 170
4128 92 174
4129 92 177
4130 92 179
4131 92 181
4132 92 182
4133 92 185
4134 92 187
4135 92 188
4136 92 191
4137 92 192
4138 92 193
4139 92 194
4140 92 196
4141 92 198
4142 92 199
4143 92 201
4144 92 202
4145 93 94
4146 93 100
4147 93 103
4148 93 106
4149 93 109
4150 93 114
4151 93 116
4152 93 118
4153 93 120
4154 93 121
4155 93 123
4156 93 127
4157 93 128
4158 93 130
4159 93 131
4160 93 133
4161 93 137
4162 93 141
4163 93 142
4164 93 143
4165 93 146
4166 93 148
4167 93 149
4168 93 152
4169 93 153
4170 93 154
4171 93 158
4172 93 160
4173 93 167
4174 93 174
4175 93 177
4176 93 179
4177 93 180
4178 93 181
4179 93 185
4180 93 187
4181 93 191
4182 93 192
4183 93 193
4184 93 196
4185 93 198
4186 93 199
4187 93 202
4188 94 96
4189 94 103
4190 94 106
4191 94 107
4192 94 116
4193 94 118
4194 94 121
4195 94 123
4196 94 124
4197 94 127
4198 94 128
4199 94 130
4200 94 131
4201 94 134
4202 94 137
4203 94 142
4204 94 143
4205 94 146
4206 94 148
4207 94 149
4208 94 153
4209 94 154
4210 94 155
4211 94 158
4212 94 160
4213 94 164
4214 94 167
4215 94 174
4216 94 177
4217 94 182
4218 94 185
4219 94 187
4220 94 191
4221 94 192
4222 94 193
4223 94 198
4224 94 199
4225 94 202
4226 95 101
4227 95 137
4228 95 140
4229 95 195
4230 96 100
4231 96 101
4232 96 103
4233 96 106
4234 96 107
4235 96 108
4236 96 109
4237 96 110
4238 96 116
4239 96 118
4240 96 120
4241 96 121
4242 96 122
4243 96 123
4244 96 124
4245 96 125
4246 96 130
4247 96 131
4248 96 133
4249 96 134
4250 96 136
4251 96 138
4252 96 140
4253 96 141
4254 96 142
4255 96 143
4256 96 146
4257 96 148
4258 96 149
4259 96 153
4260 96 154
4261 96 155
4262 96 158
4263 96 160
4264 96 164
4265 96 167
4266 96 174
4267 96 177
4268 96 179
4269 96 181
4270 96 185
4271 96 187
4272 96 191
4273 96 192
4274 96 193
4275 96 194
4276 96 196
4277 96 198
4278 96 199
4279 96 202
4280 97 147
4281 97 149
4282 97 173
4283 97 178
4284 97 204
4285 98 100
4286 98 101
4287 98 103
4288 98 106
4289 98 110
4290 98 115
4291 98 123
4292 98 129
4293 98 132
4294 98 133
4295 98 137
4296 98 138
4297 98 140
4298 98 142
4299 98 149
4300 98 153
4301 98 158
4302 98 160
4303 98 164
4304 98 167
4305 98 177
4306 98 179
4307 98 182
4308 98 188
4309 98 190
4310 98 192
4311 98 194
4312 98 198
4313 98 199
4314 99 100
4315 99 101
4316 99 105
4317 99 108
4318 99 129
4319 99 132
4320 99 133
4321 99 137
4322 99 138
4323 99 140
4324 99 142
4325 99 149
4326 99 150
4327 99 153
4328 99 155
4329 99 156
4330 99 160
4331 99 161
4332 99 164
4333 99 168
4334 99 169
4335 99 177
4336 99 182
4337 99 188
4338 99 195
4339 99 199
4340 100 101
4341 100 102
4342 100 103
4343 100 106
4344 100 108
4345 100 110
4346 100 112
4347 100 113
4348 100 114
4349 100 115
4350 100 116
4351 100 118
4352 100 121
4353 100 122
4354 100 123
4355 100 124
4356 100 129
4357 100 130
4358 100 132
4359 100 133
4360 100 134
4361 100 135
4362 100 137
4363 100 138
4364 100 140
4365 100 141
4366 100 142
4367 100 143
4368 100 146
4369 100 149
4370 100 150
4371 100 153
4372 100 154
4373 100 155
4374 100 158
4375 100 160
4376 100 161
4377 100 163
4378 100 164
4379 100 167
4380 100 170
4381 100 174
4382 100 176
4383 100 177
4384 100 179
4385 100 180
4386 100 181
4387 100 182
4388 100 185
4389 100 187
4390 100 188
4391 100 191
4392 100 192
4393 100 193
4394 100 194
4395 100 195
4396 100 198
4397 100 199
4398 100 202
4399 101 102
4400 101 103
4401 101 105
4402 101 106
4403 101 107
4404 101 108
4405 101 109
4406 101 110
4407 101 113
4408 101 114
4409 101 115
4410 101 118
4411 101 121
4412 101 122
4413 101 123
4414 101 124
4415 101 129
4416 101 130
4417 101 131
4418 101 132
4419 101 133
4420 101 134
4421 101 135
4422 101 137
4423 101 138
4424 101 140
4425 101 141
4426 101 142
4427 101 143
4428 101 146
4429 101 149
4430 101 150
4431 101 153
4432 101 154
4433 101 155
4434 101 156
4435 101 158
4436 101 160
4437 101 161
4438 101 163
4439 101 164
4440 101 167
4441 101 168
4442 101 170
4443 101 173
4444 101 174
4445 101 176
4446 101 177
4447 101 179
4448 101 180
4449 101 182
4450 101 185
4451 101 187
4452 101 188
4453 101 191
4454 101 192
4455 101 193
4456 101 194
4457 101 195
4458 101 196
4459 101 198
4460 101 199
4461 101 202
4462 102 103
4463 102 110
4464 102 112
4465 102 118
4466 102 121
4467 102 123
4468 102 129
4469 102 132
4470 102 133
4471 102 137
4472 102 138
4473 102 142
4474 102 146
4475 102 149
4476 102 153
4477 102 154
4478 102 155
4479 102 156
4480 102 160
4481 102 163
4482 102 167
4483 102 168
4484 102 170
4485 102 179
4486 102 180
4487 102 182
4488 102 188
4489 102 190
4490 102 194
4491 102 199
4492 103 106
4493 103 107
4494 103 108
4495 103 109
4496 103 113
4497 103 114
4498 103 115
4499 103 116
4500 103 118
4501 103 120
4502 103 121
4503 103 122
4504 103 123
4505 103 124
4506 103 127
4507 103 128
4508 103 129
4509 103 130
4510 103 131
4511 103 132
4512 103 133
4513 103 134
4514 103 135
4515 103 137
4516 103 138
4517 103 140
4518 103 141
4519 103 142
4520 103 143
4521 103 146
4522 103 148
4523 103 149
4524 103 152
4525 103 153
4526 103 154
4527 103 155
4528 103 156
4529 103 158
4530 103 160
4531 103 164
4532 103 167
4533 103 168
4534 103 169
4535 103 170
4536 103 174
4537 103 177
4538 103 179
4539 103 180
4540 103 182
4541 103 185
4542 103 187
4543 103 188
4544 103 191
4545 103 192
4546 103 193
4547 103 194
4548 103 195
4549 103 196
4550 103 198
4551 103 199
4552 103 201
4553 103 202
4554 105 118
4555 105 123
4556 105 129
4557 105 133
4558 105 135
4559 105 137
4560 105 140
4561 105 149
4562 105 150
4563 105 160
4564 105 161
4565 105 164
4566 105 168
4567 105 169
4568 105 181
4569 105 188
4570 105 195
4571 105 199
4572 106 107
4573 106 108
4574 106 109
4575 106 110
4576 106 115
4577 106 116
4578 106 118
4579 106 120
4580 106 121
4581 106 122
4582 106 123
4583 106 124
4584 106 127
4585 106 128
4586 106 129
4587 106 130
4588 106 131
4589 106 132
4590 106 133
4591 106 134
4592 106 137
4593 106 138
4594 106 139
4595 106 140
4596 106 141
4597 106 142
4598 106 143
4599 106 146
4600 106 148
4601 106 149
4602 106 153
4603 106 154
4604 106 155
4605 106 156
4606 106 158
4607 106 160
4608 106 164
4609 106 167
4610 106 174
4611 106 177
4612 106 179
4613 106 180
4614 106 182
4615 106 185
4616 106 187
4617 106 188
4618 106 191
4619 106 192
4620 106 193
4621 106 194
4622 106 196
4623 106 198
4624 106 199
4625 106 201
4626 106 202
4627 107 108
4628 107 110
4629 107 117
4630 107 118
4631 107 121
4632 107 122
4633 107 124
4634 107 130
4635 107 131
4636 107 133
4637 107 134
4638 107 137
4639 107 141
4640 107 142
4641 107 143
4642 107 146
4643 107 147
4644 107 149
4645 107 153
4646 107 154
4647 107 155
4648 107 156
4649 107 158
4650 107 164
4651 107 167
4652 107 177
4653 107 182
4654 107 187
4655 107 191
4656 107 192
4657 107 193
4658 107 194
4659 107 196
4660 107 198
4661 107 199
4662 107 202
4663 108 109
4664 108 110
4665 108 116
4666 108 118
4667 108 120
4668 108 121
4669 108 122
4670 108 123
4671 108 124
4672 108 126
4673 108 128
4674 108 129
4675 108 130
4676 108 131
4677 108 132
4678 108 133
4679 108 134
4680 108 137
4681 108 138
4682 108 140
4683 108 142
4684 108 143
4685 108 146
4686 108 147
4687 108 148
4688 108 149
4689 108 151
4690 108 153
4691 108 154
4692 108 155
4693 108 156
4694 108 158
4695 108 161
4696 108 164
4697 108 167
4698 108 173
4699 108 174
4700 108 177
4701 108 178
4702 108 179
4703 108 182
4704 108 185
4705 108 187
4706 108 188
4707 108 189
4708 108 191
4709 108 192
4710 108 193
4711 108 194
4712 108 196
4713 108 198
4714 108 199
4715 108 202
4716 109 110
4717 109 118
4718 109 121
4719 109 122
4720 109 123
4721 109 124
4722 109 127
4723 109 128
4724 109 129
4725 109 130
4726 109 131
4727 109 133
4728 109 137
4729 109 138
4730 109 140
4731 109 142
4732 109 146
4733 109 148
4734 109 149
4735 109 153
4736 109 154
4737 109 155
4738 109 156
4739 109 158
4740 109 160
4741 109 164
4742 109 167
4743 109 170
4744 109 174
4745 109 177
4746 109 179
4747 109 181
4748 109 182
4749 109 185
4750 109 187
4751 109 188
4752 109 191
4753 109 192
4754 109 196
4755 109 198
4756 109 199
4757 109 201
4758 109 202
4759 110 115
4760 110 121
4761 110 122
4762 110 123
4763 110 124
4764 110 132
4765 110 133
4766 110 137
4767 110 138
4768 110 140
4769 110 142
4770 110 146
4771 110 149
4772 110 153
4773 110 154
4774 110 155
4775 110 156
4776 110 158
4777 110 160
4778 110 164
4779 110 167
4780 110 170
4781 110 177
4782 110 180
4783 110 182
4784 110 188
4785 110 190
4786 110 191
4787 110 194
4788 110 198
4789 110 199
4790 110 202
4791 111 149
4792 112 123
4793 112 132
4794 112 138
4795 112 149
4796 112 153
4797 112 160
4798 112 162
4799 112 163
4800 112 170
4801 112 180
4802 112 182
4803 112 190
4804 112 194
4805 112 199
4806 113 123
4807 113 129
4808 113 132
4809 113 133
4810 113 137
4811 113 138
4812 113 141
4813 113 148
4814 113 149
4815 113 150
4816 113 153
4817 113 158
4818 113 160
4819 113 161
4820 113 168
4821 113 174
4822 113 179
4823 113 180
4824 113 181
4825 113 182
4826 113 185
4827 113 188
4828 113 192
4829 113 193
4830 113 194
4831 113 199
4832 114 115
4833 114 121
4834 114 123
4835 114 129
4836 114 132
4837 114 133
4838 114 137
4839 114 140
4840 114 141
4841 114 149
4842 114 150
4843 114 156
4844 114 158
4845 114 160
4846 114 167
4847 114 168
4848 114 179
4849 114 180
4850 114 187
4851 114 188
4852 114 192
4853 114 193
4854 114 195
4855 114 199
4856 114 201
4857 115 121
4858 115 123
4859 115 124
4860 115 129
4861 115 132
4862 115 133
4863 115 135
4864 115 137
4865 115 138
4866 115 140
4867 115 142
4868 115 143
4869 115 146
4870 115 149
4871 115 150
4872 115 153
4873 115 154
4874 115 158
4875 115 160
4876 115 164
4877 115 167
4878 115 176
4879 115 177
4880 115 179
4881 115 180
4882 115 182
4883 115 187
4884 115 188
4885 115 191
4886 115 192
4887 115 194
4888 115 195
4889 115 198
4890 115 199
4891 115 202
4892 116 118
4893 116 121
4894 116 124
4895 116 127
4896 116 128
4897 116 131
4898 116 133
4899 116 134
4900 116 140
4901 116 141
4902 116 142
4903 116 143
4904 116 146
4905 116 149
4906 116 152
4907 116 153
4908 116 154
4909 116 155
4910 116 156
4911 116 158
4912 116 167
4913 116 174
4914 116 177
4915 116 179
4916 116 181
4917 116 182
4918 116 185
4919 116 187
4920 116 191
4921 116 192
4922 116 193
4923 116 196
4924 116 198
4925 116 199
4926 116 201
4927 117 121
4928 117 122
4929 117 124
4930 117 149
4931 117 158
4932 117 167
4933 117 187
4934 117 202
4935 118 121
4936 118 122
4937 118 123
4938 118 124
4939 118 127
4940 118 128
4941 118 129
4942 118 130
4943 118 131
4944 118 132
4945 118 133
4946 118 134
4947 118 137
4948 118 138
4949 118 140
4950 118 141
4951 118 142
4952 118 143
4953 118 146
4954 118 148
4955 118 149
4956 118 150
4957 118 153
4958 118 154
4959 118 155
4960 118 156
4961 118 158
4962 118 160
4963 118 161
4964 118 164
4965 118 167
4966 118 168
4967 118 174
4968 118 177
4969 118 179
4970 118 180
4971 118 181
4972 118 182
4973 118 185
4974 118 187
4975 118 188
4976 118 191
4977 118 192
4978 118 193
4979 118 194
4980 118 195
4981 118 196
4982 118 198
4983 118 199
4984 118 201
4985 118 202
4986 120 121
4987 120 124
4988 120 127
4989 120 128
4990 120 129
4991 120 141
4992 120 142
4993 120 146
4994 120 148
4995 120 153
4996 120 154
4997 120 155
4998 120 158
4999 120 167
5000 120 174
5001 120 177
5002 120 179
5003 120 185
5004 120 191
5005 120 192
5006 120 196
5007 120 198
5008 120 202
5009 121 122
5010 121 123
5011 121 124
5012 121 125
5013 121 127
5014 121 128
5015 121 129
5016 121 130
5017 121 131
5018 121 132
5019 121 133
5020 121 134
5021 121 136
5022 121 137
5023 121 138
5024 121 140
5025 121 141
5026 121 142
5027 121 143
5028 121 146
5029 121 148
5030 121 149
5031 121 153
5032 121 154
5033 121 155
5034 121 156
5035 121 158
5036 121 160
5037 121 164
5038 121 167
5039 121 168
5040 121 170
5041 121 174
5042 121 177
5043 121 179
5044 121 181
5045 121 182
5046 121 185
5047 121 187
5048 121 188
5049 121 191
5050 121 192
5051 121 193
5052 121 194
5053 121 195
5054 121 196
5055 121 198
5056 121 199
5057 121 201
5058 121 202
5059 122 123
5060 122 124
5061 122 125
5062 122 130
5063 122 131
5064 122 133
5065 122 134
5066 122 137
5067 122 138
5068 122 140
5069 122 141
5070 122 142
5071 122 143
5072 122 146
5073 122 149
5074 122 153
5075 122 154
5076 122 155
5077 122 156
5078 122 158
5079 122 164
5080 122 167
5081 122 168
5082 122 177
5083 122 179
5084 122 182
5085 122 185
5086 122 187
5087 122 188
5088 122 191
5089 122 192
5090 122 193
5091 122 195
5092 122 196
5093 122 198
5094 122 199
5095 122 202
5096 123 124
5097 123 127
5098 123 128
5099 123 129
5100 123 130
5101 123 131
5102 123 132
5103 123 133
5104 123 137
5105 123 138
5106 123 140
5107 123 141
5108 123 142
5109 123 143
5110 123 146
5111 123 149
5112 123 153
5113 123 154
5114 123 155
5115 123 156
5116 123 157
5117 123 158
5118 123 160
5119 123 163
5120 123 164
5121 123 167
5122 123 168
5123 123 170
5124 123 177
5125 123 179
5126 123 180
5127 123 182
5128 123 188
5129 123 191
5130 123 192
5131 123 193
5132 123 194
5133 123 195
5134 123 196
5135 123 198
5136 123 199
5137 123 202
5138 124 125
5139 124 126
5140 124 129
5141 124 130
5142 124 131
5143 124 132
5144 124 133
5145 124 134
5146 124 136
5147 124 137
5148 124 138
5149 124 140
5150 124 141
5151 124 142
5152 124 143
5153 124 146
5154 124 147
5155 124 149
5156 124 150
5157 124 153
5158 124 154
5159 124 155
5160 124 156
5161 124 158
5162 124 160
5163 124 164
5164 124 167
5165 124 170
5166 124 173
5167 124 177
5168 124 179
5169 124 182
5170 124 185
5171 124 187
5172 124 188
5173 124 191
5174 124 192
5175 124 193
5176 124 195
5177 124 196
5178 124 198
5179 124 199
5180 124 202
5181 124 204
5182 125 146
5183 125 154
5184 125 177
5185 125 198
5186 126 134
5187 126 137
5188 126 138
5189 126 140
5190 126 142
5191 126 143
5192 126 149
5193 126 153
5194 126 155
5195 126 156
5196 126 158
5197 126 167
5198 126 177
5199 126 189
5200 126 191
5201 126 196
5202 126 198
5203 127 128
5204 127 130
5205 127 131
5206 127 133
5207 127 137
5208 127 138
5209 127 141
5210 127 142
5211 127 143
5212 127 146
5213 127 148
5214 127 149
5215 127 152
5216 127 153
5217 127 154
5218 127 158
5219 127 160
5220 127 167
5221 127 174
5222 127 177
5223 127 179
5224 127 180
5225 127 185
5226 127 187
5227 127 191
5228 127 192
5229 127 193
5230 127 196
5231 127 198
5232 127 199
5233 127 202
5234 128 130
5235 128 131
5236 128 133
5237 128 137
5238 128 138
5239 128 141
5240 128 142
5241 128 143
5242 128 146
5243 128 148
5244 128 149
5245 128 152
5246 128 153
5247 128 154
5248 128 158
5249 128 160
5250 128 167
5251 128 174
5252 128 177
5253 128 179
5254 128 180
5255 128 185
5256 128 187
5257 128 191
5258 128 192
5259 128 193
5260 128 196
5261 128 198
5262 128 199
5263 128 202
5264 129 130
5265 129 132
5266 129 133
5267 129 135
5268 129 137
5269 129 138
5270 129 140
5271 129 141
5272 129 142
5273 129 146
5274 129 148
5275 129 149
5276 129 150
5277 129 153
5278 129 154
5279 129 155
5280 129 156
5281 129 158
5282 129 160
5283 129 161
5284 129 164
5285 129 167
5286 129 168
5287 129 169
5288 129 170
5289 129 179
5290 129 180
5291 129 181
5292 129 182
5293 129 185
5294 129 187
5295 129 188
5296 129 192
5297 129 194
5298 129 195
5299 129 198
5300 129 199
5301 129 202
5302 130 131
5303 130 133
5304 130 137
5305 130 138
5306 130 140
5307 130 141
5308 130 142
5309 130 143
5310 130 146
5311 130 148
5312 130 149
5313 130 152
5314 130 153
5315 130 154
5316 130 155
5317 130 156
5318 130 158
5319 130 160
5320 130 167
5321 130 174
5322 130 177
5323 130 179
5324 130 182
5325 130 185
5326 130 187
5327 130 188
5328 130 191
5329 130 192
5330 130 196
5331 130 198
5332 130 199
5333 130 202
5334 131 133
5335 131 134
5336 131 137
5337 131 138
5338 131 140
5339 131 141
5340 131 142
5341 131 143
5342 131 146
5343 131 149
5344 131 153
5345 131 154
5346 131 155
5347 131 156
5348 131 158
5349 131 160
5350 131 164
5351 131 167
5352 131 174
5353 131 177
5354 131 182
5355 131 185
5356 131 187
5357 131 188
5358 131 191
5359 131 192
5360 131 193
5361 131 194
5362 131 196
5363 131 198
5364 131 199
5365 131 202
5366 132 133
5367 132 134
5368 132 135
5369 132 137
5370 132 138
5371 132 140
5372 132 141
5373 132 142
5374 132 146
5375 132 148
5376 132 149
5377 132 150
5378 132 153
5379 132 154
5380 132 155
5381 132 156
5382 132 157
5383 132 158
5384 132 160
5385 132 161
5386 132 163
5387 132 164
5388 132 167
5389 132 168
5390 132 170
5391 132 174
5392 132 177
5393 132 179
5394 132 180
5395 132 181
5396 132 182
5397 132 185
5398 132 187
5399 132 188
5400 132 190
5401 132 191
5402 132 192
5403 132 193
5404 132 194
5405 132 195
5406 132 198
5407 132 199
5408 132 202
5409 133 137
5410 133 138
5411 133 140
5412 133 141
5413 133 142
5414 133 146
5415 133 148
5416 133 149
5417 133 150
5418 133 153
5419 133 154
5420 133 155
5421 133 156
5422 133 158
5423 133 160
5424 133 161
5425 133 163
5426 133 164
5427 133 167
5428 133 168
5429 133 169
5430 133 170
5431 133 174
5432 133 177
5433 133 179
5434 133 180
5435 133 181
5436 133 182
5437 133 185
5438 133 187
5439 133 188
5440 133 191
5441 133 192
5442 133 193
5443 133 194
5444 133 195
5445 133 196
5446 133 198
5447 133 199
5448 133 201
5449 133 202
5450 134 137
5451 134 138
5452 134 140
5453 134 141
5454 134 142
5455 134 143
5456 134 146
5457 134 148
5458 134 149
5459 134 153
5460 134 154
5461 134 155
5462 134 156
5463 134 158
5464 134 160
5465 134 164
5466 134 167
5467 134 174
5468 134 177
5469 134 179
5470 134 182
5471 134 185
5472 134 187
5473 134 191
5474 134 192
5475 134 193
5476 134 194
5477 134 196
5478 134 198
5479 134 199
5480 134 202
5481 135 137
5482 135 138
5483 135 140
5484 135 149
5485 135 150
5486 135 160
5487 135 161
5488 135 167
5489 135 168
5490 135 176
5491 135 182
5492 135 188
5493 135 192
5494 135 199
5495 136 146
5496 136 154
5497 137 138
5498 137 140
5499 137 141
5500 137 142
5501 137 143
5502 137 146
5503 137 148
5504 137 149
5505 137 150
5506 137 153
5507 137 154
5508 137 155
5509 137 156
5510 137 157
5511 137 158
5512 137 160
5513 137 161
5514 137 163
5515 137 164
5516 137 167
5517 137 168
5518 137 170
5519 137 174
5520 137 176
5521 137 177
5522 137 179
5523 137 180
5524 137 182
5525 137 185
5526 137 187
5527 137 188
5528 137 191
5529 137 192
5530 137 193
5531 137 194
5532 137 195
5533 137 196
5534 137 198
5535 137 199
5536 137 202
5537 138 140
5538 138 141
5539 138 142
5540 138 143
5541 138 149
5542 138 150
5543 138 153
5544 138 155
5545 138 156
5546 138 157
5547 138 158
5548 138 160
5549 138 163
5550 138 164
5551 138 167
5552 138 168
5553 138 170
5554 138 174
5555 138 177
5556 138 179
5557 138 180
5558 138 182
5559 138 185
5560 138 188
5561 138 190
5562 138 191
5563 138 192
5564 138 193
5565 138 194
5566 138 195
5567 138 198
5568 138 199
5569 138 202
5570 139 141
5571 139 142
5572 139 149
5573 139 174
5574 139 179
5575 139 185
5576 140 141
5577 140 142
5578 140 143
5579 140 146
5580 140 148
5581 140 149
5582 140 150
5583 140 153
5584 140 154
5585 140 155
5586 140 156
5587 140 157
5588 140 158
5589 140 160
5590 140 161
5591 140 164
5592 140 167
5593 140 168
5594 140 169
5595 140 170
5596 140 173
5597 140 174
5598 140 176
5599 140 177
5600 140 179
5601 140 180
5602 140 182
5603 140 187
5604 140 188
5605 140 191
5606 140 192
5607 140 193
5608 140 194
5609 140 195
5610 140 196
5611 140 198
5612 140 199
5613 140 202
5614 141 142
5615 141 143
5616 141 146
5617 141 148
5618 141 149
5619 141 152
5620 141 153
5621 141 154
5622 141 157
5623 141 158
5624 141 161
5625 141 167
5626 141 174
5627 141 177
5628 141 179
5629 141 180
5630 141 182
5631 141 185
5632 141 187
5633 141 188
5634 141 191
5635 141 192
5636 141 193
5637 141 195
5638 141 198
5639 141 199
5640 141 201
5641 141 202
5642 142 143
5643 142 146
5644 142 147
5645 142 148
5646 142 149
5647 142 150
5648 142 152
5649 142 153
5650 142 154
5651 142 155
5652 142 156
5653 142 158
5654 142 160
5655 142 161
5656 142 163
5657 142 164
5658 142 167
5659 142 170
5660 142 173
5661 142 174
5662 142 177
5663 142 178
5664 142 179
5665 142 180
5666 142 182
5667 142 185
5668 142 187
5669 142 188
5670 142 189
5671 142 191
5672 142 192
5673 142 193
5674 142 194
5675 142 196
5676 142 198
5677 142 199
5678 142 202
5679 142 204
5680 143 146
5681 143 148
5682 143 149
5683 143 153
5684 143 154
5685 143 155
5686 143 158
5687 143 160
5688 143 167
5689 143 174
5690 143 177
5691 143 179
5692 143 180
5693 143 182
5694 143 185
5695 143 187
5696 143 189
5697 143 191
5698 143 192
5699 143 193
5700 143 196
5701 143 198
5702 143 199
5703 143 202
5704 144 149
5705 145 172
5706 145 175
5707 145 203
5708 146 148
5709 146 149
5710 146 153
5711 146 154
5712 146 155
5713 146 158
5714 146 160
5715 146 164
5716 146 167
5717 146 170
5718 146 174
5719 146 177
5720 146 179
5721 146 180
5722 146 181
5723 146 182
5724 146 185
5725 146 187
5726 146 188
5727 146 191
5728 146 192
5729 146 193
5730 146 194
5731 146 195
5732 146 196
5733 146 198
5734 146 199
5735 146 202
5736 147 149
5737 147 153
5738 147 164
5739 147 173
5740 147 178
5741 147 202
5742 147 204
5743 148 149
5744 148 152
5745 148 153
5746 148 154
5747 148 155
5748 148 158
5749 148 160
5750 148 161
5751 148 164
5752 148 167
5753 148 169
5754 148 174
5755 148 177
5756 148 179
5757 148 180
5758 148 181
5759 148 185
5760 148 187
5761 148 188
5762 148 189
5763 148 191
5764 148 192
5765 148 196
5766 148 198
5767 148 199
5768 148 201
5769 148 202
5770 149 150
5771 149 151
5772 149 153
5773 149 154
5774 149 155
5775 149 156
5776 149 157
5777 149 158
5778 149 160
5779 149 161
5780 149 162
5781 149 163
5782 149 164
5783 149 167
5784 149 168
5785 149 169
5786 149 170
5787 149 171
5788 149 173
5789 149 174
5790 149 176
5791 149 177
5792 149 179
5793 149 180
5794 149 181
5795 149 182
5796 149 185
5797 149 187
5798 149 188
5799 149 190
5800 149 191
5801 149 192
5802 149 193
5803 149 194
5804 149 195
5805 149 196
5806 149 198
5807 149 199
5808 149 201
5809 149 202
5810 149 204
5811 150 153
5812 150 158
5813 150 160
5814 150 161
5815 150 164
5816 150 168
5817 150 169
5818 150 179
5819 150 182
5820 150 187
5821 150 188
5822 150 194
5823 150 195
5824 150 199
5825 151 189
5826 151 196
5827 151 199
5828 152 153
5829 152 158
5830 152 167
5831 152 174
5832 152 179
5833 152 185
5834 152 187
5835 152 192
5836 152 193
5837 152 199
5838 153 154
5839 153 155
5840 153 156
5841 153 158
5842 153 160
5843 153 163
5844 153 164
5845 153 167
5846 153 170
5847 153 174
5848 153 177
5849 153 179
5850 153 180
5851 153 182
5852 153 185
5853 153 187
5854 153 188
5855 153 189
5856 153 191
5857 153 192
5858 153 193
5859 153 194
5860 153 195
5861 153 196
5862 153 198
5863 153 199
5864 153 202
5865 154 155
5866 154 158
5867 154 160
5868 154 164
5869 154 167
5870 154 170
5871 154 174
5872 154 177
5873 154 179
5874 154 180
5875 154 181
5876 154 182
5877 154 185
5878 154 187
5879 154 188
5880 154 191
5881 154 192
5882 154 193
5883 154 194
5884 154 195
5885 154 196
5886 154 198
5887 154 199
5888 154 202
5889 155 156
5890 155 158
5891 155 160
5892 155 161
5893 155 164
5894 155 167
5895 155 170
5896 155 173
5897 155 174
5898 155 177
5899 155 180
5900 155 182
5901 155 185
5902 155 187
5903 155 188
5904 155 189
5905 155 191
5906 155 192
5907 155 193
5908 155 194
5909 155 196
5910 155 198
5911 155 199
5912 155 202
5913 155 204
5914 156 158
5915 156 160
5916 156 163
5917 156 164
5918 156 167
5919 156 170
5920 156 177
5921 156 179
5922 156 180
5923 156 182
5924 156 185
5925 156 188
5926 156 191
5927 156 192
5928 156 193
5929 156 195
5930 156 196
5931 156 198
5932 156 199
5933 156 201
5934 156 202
5935 157 160
5936 157 174
5937 157 179
5938 157 180
5939 157 185
5940 157 191
5941 158 160
5942 158 161
5943 158 164
5944 158 167
5945 158 168
5946 158 169
5947 158 174
5948 158 177
5949 158 179
5950 158 180
5951 158 181
5952 158 182
5953 158 185
5954 158 187
5955 158 188
5956 158 191
5957 158 192
5958 158 193
5959 158 194
5960 158 196
5961 158 198
5962 158 199
5963 158 201
5964 158 202
5965 159 186
5966 160 163
5967 160 164
5968 160 167
5969 160 168
5970 160 170
5971 160 177
5972 160 179
5973 160 180
5974 160 181
5975 160 182
5976 160 185
5977 160 188
5978 160 190
5979 160 191
5980 160 192
5981 160 193
5982 160 194
5983 160 195
5984 160 196
5985 160 198
5986 160 199
5987 160 202
5988 161 164
5989 161 168
5990 161 169
5991 161 179
5992 161 181
5993 161 185
5994 161 187
5995 161 188
5996 161 194
5997 161 195
5998 161 199
5999 162 163
6000 162 170
6001 162 182
6002 162 190
6003 163 164
6004 163 170
6005 163 182
6006 163 190
6007 163 194
6008 163 199
6009 164 167
6010 164 168
6011 164 169
6012 164 177
6013 164 180
6014 164 181
6015 164 182
6016 164 188
6017 164 191
6018 164 192
6019 164 194
6020 164 195
6021 164 198
6022 164 199
6023 164 202
6024 167 170
6025 167 173
6026 167 174
6027 167 177
6028 167 179
6029 167 180
6030 167 182
6031 167 185
6032 167 187
6033 167 188
6034 167 189
6035 167 191
6036 167 192
6037 167 193
6038 167 194
6039 167 196
6040 167 198
6041 167 199
6042 167 201
6043 167 202
6044 168 169
6045 168 177
6046 168 179
6047 168 180
6048 168 181
6049 168 182
6050 168 188
6051 168 192
6052 168 194
6053 168 195
6054 168 199
6055 169 174
6056 169 181
6057 169 187
6058 169 188
6059 169 192
6060 169 199
6061 170 179
6062 170 180
6063 170 182
6064 170 188
6065 170 190
6066 170 192
6067 170 194
6068 170 199
6069 172 175
6070 172 203
6071 173 178
6072 173 202
6073 173 204
6074 174 177
6075 174 179
6076 174 181
6077 174 185
6078 174 187
6079 174 188
6080 174 189
6081 174 191
6082 174 192
6083 174 193
6084 174 196
6085 174 198
6086 174 199
6087 174 201
6088 175 203
6089 176 199
6090 177 179
6091 177 180
6092 177 182
6093 177 185
6094 177 187
6095 177 188
6096 177 191
6097 177 192
6098 177 193
6099 177 194
6100 177 196
6101 177 198
6102 177 199
6103 177 201
6104 177 202
6105 178 204
6106 179 180
6107 179 182
6108 179 185
6109 179 187
6110 179 188
6111 179 191
6112 179 192
6113 179 193
6114 179 194
6115 179 195
6116 179 196
6117 179 198
6118 179 199
6119 179 202
6120 180 182
6121 180 185
6122 180 187
6123 180 188
6124 180 191
6125 180 192
6126 180 194
6127 180 195
6128 180 199
6129 181 185
6130 181 187
6131 181 188
6132 181 193
6133 181 199
6134 182 188
6135 182 190
6136 182 191
6137 182 192
6138 182 193
6139 182 194
6140 182 195
6141 182 198
6142 182 199
6143 182 202
6144 184 200
6145 185 187
6146 185 188
6147 185 191
6148 185 192
6149 185 193
6150 185 198
6151 185 199
6152 185 201
6153 185 202
6154 187 188
6155 187 191
6156 187 192
6157 187 193
6158 187 194
6159 187 195
6160 187 196
6161 187 198
6162 187 199
6163 187 201
6164 187 202
6165 188 191
6166 188 192
6167 188 193
6168 188 194
6169 188 195
6170 188 196
6171 188 198
6172 188 199
6173 188 202
6174 189 196
6175 190 199
6176 191 192
6177 191 193
6178 191 194
6179 191 195
6180 191 196
6181 191 198
6182 191 199
6183 191 202
6184 192 193
6185 192 194
6186 192 195
6187 192 196
6188 192 198
6189 192 199
6190 192 201
6191 192 202
6192 193 194
6193 193 196
6194 193 198
6195 193 199
6196 193 201
6197 193 202
6198 194 195
6199 194 198
6200 194 199
6201 194 202
6202 195 199
6203 196 198
6204 196 199
6205 196 201
6206 196 202
6207 198 199
6208 198 201
6209 198 202
6210 199 201
6211 199 202
6212 202 204
