1 1 25
2 1 26
3 1 70
4 1 91
5 1 111
6 1 118
7 1 126
8 1 145
9 1 155
10 1 159
11 1 179
12 1 184
13 1 188
14 1 199
15 2 135
16 4 113
17 4 204
18 5 55
19 6 27
20 6 97
21 7 28
22 7 98
23 8 51
24 9 29
25 9 81
26 9 99
27 9 150
28 9 156
29 9 196
30 10 58
31 10 61
32 10 65
33 10 67
34 10 73
35 10 114
36 10 154
37 10 162
38 10 169
39 11 17
40 12 54
41 12 77
42 12 142
43 12 168
44 12 180
45 12 183
46 13 18
47 13 21
48 13 22
49 13 32
50 13 36
51 13 42
52 13 48
53 13 53
54 13 57
55 13 71
56 13 78
57 13 92
58 13 94
59 13 112
60 13 115
61 13 122
62 13 127
63 13 133
64 13 144
65 13 152
66 13 167
67 13 178
68 13 182
69 13 186
70 13 200
71 13 207
72 14 23
73 14 24
74 14 35
75 14 38
76 14 39
77 14 43
78 14 44
79 14 56
80 14 59
81 14 72
82 14 80
83 14 84
84 14 93
85 14 103
86 14 110
87 14 117
88 14 119
89 14 125
90 14 130
91 14 131
92 14 132
93 14 141
94 14 146
95 14 149
96 14 151
97 14 166
98 14 170
99 14 177
100 14 181
101 14 202
102 15 210
103 16 211
104 18 21
105 18 22
106 18 32
107 18 36
108 18 42
109 18 48
110 18 85
111 18 92
112 18 94
113 18 104
114 18 115
115 18 133
116 18 144
117 18 164
118 18 167
119 18 178
120 18 182
121 19 46
122 19 90
123 20 86
124 20 105
125 20 176
126 21 22
127 21 32
128 21 36
129 21 40
130 21 42
131 21 48
132 21 53
133 21 57
134 21 71
135 21 92
136 21 94
137 21 107
138 21 112
139 21 115
140 21 122
141 21 127
142 21 133
143 21 144
144 21 152
145 21 178
146 21 182
147 21 186
148 21 200
149 21 207
150 22 32
151 22 36
152 22 42
153 22 48
154 22 53
155 22 57
156 22 71
157 22 92
158 22 94
159 22 107
160 22 112
161 22 115
162 22 122
163 22 127
164 22 133
165 22 144
166 22 152
167 22 167
168 22 178
169 22 182
170 22 186
171 22 200
172 22 207
173 23 24
174 23 35
175 23 38
176 23 39
177 23 43
178 23 44
179 23 56
180 23 59
181 23 72
182 23 80
183 23 84
184 23 93
185 23 103
186 23 110
187 23 117
188 23 119
189 23 125
190 23 130
191 23 131
192 23 132
193 23 141
194 23 146
195 23 149
196 23 151
197 23 166
198 23 170
199 23 177
200 23 181
201 23 189
202 23 202
203 24 35
204 24 38
205 24 39
206 24 43
207 24 44
208 24 56
209 24 59
210 24 72
211 24 84
212 24 93
213 24 103
214 24 110
215 24 117
216 24 119
217 24 125
218 24 130
219 24 131
220 24 132
221 24 141
222 24 146
223 24 149
224 24 151
225 24 166
226 24 170
227 24 177
228 24 181
229 24 202
230 25 26
231 25 70
232 25 91
233 25 111
234 25 118
235 25 126
236 25 145
237 25 155
238 25 159
239 25 179
240 25 184
241 25 188
242 25 199
243 26 70
244 26 91
245 26 111
246 26 118
247 26 126
248 26 145
249 26 155
250 26 159
251 26 179
252 26 184
253 26 188
254 26 199
255 27 97
256 28 98
257 29 81
258 29 99
259 29 150
260 29 156
261 29 196
262 30 76
263 31 79
264 32 36
265 32 42
266 32 48
267 32 53
268 32 57
269 32 71
270 32 92
271 32 94
272 32 107
273 32 112
274 32 115
275 32 122
276 32 127
277 32 133
278 32 144
279 32 152
280 32 167
281 32 178
282 32 182
283 32 186
284 32 200
285 32 207
286 33 123
287 34 36
288 34 42
289 34 71
290 34 92
291 34 122
292 34 127
293 34 133
294 34 207
295 35 38
296 35 39
297 35 43
298 35 44
299 35 56
300 35 59
301 35 72
302 35 80
303 35 84
304 35 93
305 35 103
306 35 110
307 35 117
308 35 119
309 35 125
310 35 130
311 35 131
312 35 132
313 35 141
314 35 146
315 35 149
316 35 151
317 35 166
318 35 170
319 35 177
320 35 181
321 35 202
322 36 42
323 36 48
324 36 53
325 36 57
326 36 71
327 36 83
328 36 92
329 36 94
330 36 102
331 36 107
332 36 112
333 36 115
334 36 122
335 36 127
336 36 128
337 36 133
338 36 144
339 36 148
340 36 152
341 36 164
342 36 167
343 36 178
344 36 182
345 36 186
346 36 200
347 36 207
348 37 52
349 37 69
350 37 121
351 37 129
352 37 134
353 37 153
354 37 209
355 38 39
356 38 43
357 38 44
358 38 56
359 38 59
360 38 72
361 38 80
362 38 84
363 38 93
364 38 103
365 38 110
366 38 117
367 38 119
368 38 125
369 38 130
370 38 131
371 38 132
372 38 141
373 38 146
374 38 149
375 38 151
376 38 166
377 38 170
378 38 177
379 38 181
380 38 189
381 38 191
382 38 202
383 39 43
384 39 44
385 39 56
386 39 59
387 39 72
388 39 80
389 39 84
390 39 93
391 39 103
392 39 110
393 39 117
394 39 119
395 39 125
396 39 130
397 39 131
398 39 132
399 39 141
400 39 146
401 39 149
402 39 151
403 39 166
404 39 170
405 39 177
406 39 181
407 39 202
408 40 194
409 41 106
410 41 165
411 42 48
412 42 53
413 42 57
414 42 71
415 42 78
416 42 92
417 42 94
418 42 107
419 42 112
420 42 115
421 42 122
422 42 127
423 42 128
424 42 133
425 42 144
426 42 148
427 42 152
428 42 167
429 42 178
430 42 182
431 42 186
432 42 200
433 42 207
434 43 44
435 43 56
436 43 59
437 43 72
438 43 80
439 43 84
440 43 93
441 43 103
442 43 110
443 43 117
444 43 119
445 43 125
446 43 130
447 43 131
448 43 132
449 43 141
450 43 146
451 43 149
452 43 151
453 43 166
454 43 170
455 43 177
456 43 181
457 43 202
458 44 56
459 44 59
460 44 72
461 44 80
462 44 84
463 44 93
464 44 103
465 44 110
466 44 117
467 44 119
468 44 125
469 44 130
470 44 131
471 44 132
472 44 141
473 44 146
474 44 149
475 44 151
476 44 166
477 44 170
478 44 177
479 44 181
480 44 202
481 46 195
482 48 53
483 48 57
484 48 71
485 48 92
486 48 94
487 48 107
488 48 112
489 48 115
490 48 122
491 48 127
492 48 133
493 48 144
494 48 152
495 48 167
496 48 178
497 48 182
498 48 186
499 48 200
500 48 207
501 49 136
502 49 192
503 50 128
504 50 148
505 52 69
506 52 121
507 52 129
508 52 134
509 52 153
510 52 187
511 52 197
512 52 209
513 53 57
514 53 71
515 53 83
516 53 92
517 53 94
518 53 102
519 53 107
520 53 112
521 53 115
522 53 122
523 53 127
524 53 128
525 53 133
526 53 144
527 53 148
528 53 152
529 53 167
530 53 178
531 53 182
532 53 186
533 53 200
534 53 207
535 54 77
536 54 142
537 54 168
538 54 180
539 54 183
540 56 59
541 56 72
542 56 80
543 56 84
544 56 93
545 56 103
546 56 110
547 56 117
548 56 119
549 56 125
550 56 130
551 56 131
552 56 132
553 56 141
554 56 146
555 56 149
556 56 151
557 56 166
558 56 170
559 56 177
560 56 181
561 56 202
562 57 71
563 57 78
564 57 92
565 57 94
566 57 112
567 57 115
568 57 122
569 57 127
570 57 133
571 57 144
572 57 152
573 57 167
574 57 178
575 57 182
576 57 186
577 57 200
578 57 207
579 58 67
580 59 72
581 59 80
582 59 84
583 59 93
584 59 103
585 59 110
586 59 117
587 59 119
588 59 125
589 59 130
590 59 131
591 59 132
592 59 141
593 59 146
594 59 149
595 59 151
596 59 166
597 59 170
598 59 177
599 59 181
600 59 202
601 60 74
602 61 65
603 61 67
604 61 73
605 61 154
606 61 162
607 61 169
608 63 101
609 63 121
610 63 209
611 65 67
612 65 73
613 65 162
614 67 73
615 67 114
616 67 154
617 67 162
618 67 169
619 69 121
620 69 134
621 69 153
622 69 209
623 70 91
624 70 111
625 70 118
626 70 126
627 70 145
628 70 155
629 70 159
630 70 179
631 70 184
632 70 188
633 70 199
634 71 83
635 71 92
636 71 94
637 71 102
638 71 107
639 71 112
640 71 115
641 71 122
642 71 127
643 71 128
644 71 133
645 71 144
646 71 148
647 71 152
648 71 167
649 71 178
650 71 182
651 71 186
652 71 200
653 71 207
654 72 80
655 72 84
656 72 93
657 72 103
658 72 110
659 72 117
660 72 119
661 72 125
662 72 130
663 72 131
664 72 132
665 72 141
666 72 146
667 72 149
668 72 151
669 72 166
670 72 170
671 72 177
672 72 181
673 72 202
674 73 162
675 73 169
676 77 142
677 77 168
678 77 180
679 77 183
680 78 92
681 78 127
682 78 144
683 78 167
684 78 178
685 78 182
686 80 84
687 80 93
688 80 103
689 80 110
690 80 117
691 80 119
692 80 125
693 80 130
694 80 131
695 80 132
696 80 141
697 80 146
698 80 149
699 80 151
700 80 166
701 80 170
702 80 177
703 80 181
704 80 202
705 81 99
706 81 150
707 81 156
708 81 196
709 82 100
710 83 92
711 83 102
712 83 112
713 83 122
714 83 127
715 83 133
716 83 152
717 83 186
718 83 200
719 83 207
720 84 93
721 84 103
722 84 110
723 84 117
724 84 119
725 84 125
726 84 130
727 84 131
728 84 132
729 84 141
730 84 146
731 84 149
732 84 151
733 84 166
734 84 170
735 84 177
736 84 181
737 84 202
738 85 104
739 85 164
740 86 105
741 86 176
742 87 88
743 87 193
744 88 193
745 89 175
746 91 111
747 91 118
748 91 126
749 91 145
750 91 155
751 91 159
752 91 179
753 91 184
754 91 188
755 91 199
756 92 94
757 92 102
758 92 107
759 92 112
760 92 115
761 92 122
762 92 127
763 92 128
764 92 133
765 92 144
766 92 148
767 92 152
768 92 167
769 92 178
770 92 182
771 92 186
772 92 200
773 92 207
774 93 103
775 93 110
776 93 117
777 93 119
778 93 125
779 93 130
780 93 131
781 93 132
782 93 141
783 93 146
784 93 149
785 93 151
786 93 166
787 93 170
788 93 177
789 93 181
790 93 202
791 94 107
792 94 112
793 94 115
794 94 122
795 94 127
796 94 133
797 94 144
798 94 152
799 94 164
800 94 167
801 94 178
802 94 182
803 94 186
804 94 200
805 94 207
806 95 109
807 99 150
808 99 156
809 99 196
810 101 121
811 101 209
812 102 112
813 102 122
814 102 127
815 102 133
816 102 152
817 102 186
818 102 200
819 102 207
820 103 110
821 103 117
822 103 119
823 103 125
824 103 130
825 103 131
826 103 132
827 103 141
828 103 146
829 103 149
830 103 151
831 103 166
832 103 170
833 103 177
834 103 181
835 103 202
836 104 164
837 105 176
838 106 165
839 107 112
840 107 115
841 107 122
842 107 127
843 107 133
844 107 152
845 107 186
846 107 200
847 107 207
848 110 117
849 110 119
850 110 125
851 110 130
852 110 131
853 110 132
854 110 141
855 110 146
856 110 149
857 110 151
858 110 159
859 110 166
860 110 170
861 110 177
862 110 181
863 110 202
864 111 118
865 111 126
866 111 145
867 111 155
868 111 159
869 111 184
870 111 188
871 111 199
872 112 115
873 112 122
874 112 127
875 112 128
876 112 133
877 112 144
878 112 148
879 112 152
880 112 167
881 112 178
882 112 182
883 112 186
884 112 200
885 112 207
886 114 154
887 115 122
888 115 127
889 115 133
890 115 144
891 115 152
892 115 164
893 115 167
894 115 178
895 115 182
896 115 186
897 115 200
898 115 207
899 116 160
900 116 208
901 117 119
902 117 125
903 117 130
904 117 131
905 117 132
906 117 141
907 117 146
908 117 149
909 117 151
910 117 166
911 117 170
912 117 177
913 117 181
914 117 202
915 118 126
916 118 145
917 118 155
918 118 159
919 118 179
920 118 184
921 118 188
922 118 199
923 119 125
924 119 130
925 119 131
926 119 132
927 119 141
928 119 146
929 119 149
930 119 151
931 119 166
932 119 170
933 119 177
934 119 181
935 119 202
936 121 129
937 121 134
938 121 153
939 121 209
940 122 127
941 122 128
942 122 133
943 122 144
944 122 148
945 122 152
946 122 167
947 122 178
948 122 182
949 122 186
950 122 200
951 122 207
952 124 147
953 125 130
954 125 131
955 125 132
956 125 141
957 125 146
958 125 149
959 125 151
960 125 166
961 125 170
962 125 177
963 125 181
964 125 202
965 126 145
966 126 155
967 126 159
968 126 179
969 126 184
970 126 188
971 126 199
972 127 128
973 127 133
974 127 144
975 127 148
976 127 152
977 127 167
978 127 178
979 127 182
980 127 186
981 127 200
982 127 207
983 128 133
984 128 148
985 128 152
986 128 186
987 128 200
988 128 207
989 129 134
990 129 187
991 129 197
992 130 131
993 130 132
994 130 141
995 130 146
996 130 149
997 130 151
998 130 166
999 130 170
1000 130 177
1001 130 181
1002 130 202
1003 131 132
1004 131 141
1005 131 146
1006 131 149
1007 131 151
1008 131 166
1009 131 170
1010 131 177
1011 131 181
1012 131 202
1013 132 141
1014 132 146
1015 132 149
1016 132 151
1017 132 166
1018 132 170
1019 132 177
1020 132 181
1021 132 202
1022 133 144
1023 133 148
1024 133 152
1025 133 167
1026 133 178
1027 133 182
1028 133 186
1029 133 200
1030 133 207
1031 134 153
1032 134 187
1033 134 209
1034 136 192
1035 137 161
1036 137 205
1037 141 146
1038 141 149
1039 141 151
1040 141 166
1041 141 170
1042 141 177
1043 141 181
1044 141 202
1045 142 168
1046 142 180
1047 142 183
1048 143 185
1049 144 152
1050 144 167
1051 144 178
1052 144 182
1053 144 186
1054 144 200
1055 144 207
1056 145 155
1057 145 159
1058 145 179
1059 145 188
1060 145 199
1061 146 149
1062 146 151
1063 146 166
1064 146 170
1065 146 177
1066 146 181
1067 146 202
1068 148 152
1069 148 186
1070 148 200
1071 148 207
1072 149 151
1073 149 166
1074 149 170
1075 149 177
1076 149 181
1077 149 202
1078 150 156
1079 150 196
1080 151 166
1081 151 170
1082 151 177
1083 151 181
1084 151 202
1085 152 167
1086 152 178
1087 152 182
1088 152 186
1089 152 200
1090 152 207
1091 155 159
1092 155 179
1093 155 184
1094 155 188
1095 155 199
1096 156 196
1097 159 179
1098 159 184
1099 159 188
1100 159 199
1101 161 170
1102 162 169
1103 166 170
1104 166 177
1105 166 181
1106 166 202
1107 167 178
1108 167 182
1109 167 186
1110 167 200
1111 167 207
1112 168 180
1113 168 183
1114 170 177
1115 170 181
1116 170 202
1117 173 190
1118 174 201
1119 177 181
1120 177 202
1121 178 182
1122 178 186
1123 178 200
1124 178 207
1125 179 184
1126 179 188
1127 179 199
1128 180 183
1129 181 202
1130 182 186
1131 182 200
1132 182 207
1133 184 188
1134 184 199
1135 186 200
1136 186 207
1137 187 197
1138 188 199
1139 200 207
