1 1 25
2 1 26
3 1 70
4 1 75
5 1 91
6 1 111
7 1 118
8 1 126
9 1 145
10 1 155
11 1 159
12 1 179
13 1 184
14 1 188
15 1 199
16 2 41
17 2 106
18 2 120
19 2 135
20 3 49
21 3 136
22 3 192
23 4 113
24 4 204
25 5 55
26 6 27
27 6 97
28 7 28
29 7 66
30 7 98
31 8 51
32 9 29
33 9 62
34 9 81
35 9 99
36 9 150
37 9 156
38 9 196
39 10 58
40 10 61
41 10 65
42 10 67
43 10 73
44 10 106
45 10 114
46 10 135
47 10 154
48 10 162
49 10 169
50 10 192
51 11 17
52 12 19
53 12 37
54 12 52
55 12 54
56 12 77
57 12 90
58 12 121
59 12 134
60 12 142
61 12 168
62 12 180
63 12 183
64 13 18
65 13 21
66 13 22
67 13 32
68 13 34
69 13 36
70 13 42
71 13 48
72 13 53
73 13 57
74 13 71
75 13 78
76 13 83
77 13 85
78 13 92
79 13 94
80 13 102
81 13 107
82 13 112
83 13 115
84 13 122
85 13 127
86 13 128
87 13 133
88 13 144
89 13 148
90 13 152
91 13 164
92 13 167
93 13 171
94 13 178
95 13 182
96 13 186
97 13 200
98 13 207
99 14 23
100 14 24
101 14 35
102 14 38
103 14 39
104 14 43
105 14 44
106 14 56
107 14 59
108 14 70
109 14 72
110 14 80
111 14 84
112 14 93
113 14 103
114 14 110
115 14 117
116 14 119
117 14 125
118 14 126
119 14 130
120 14 131
121 14 132
122 14 141
123 14 146
124 14 149
125 14 151
126 14 155
127 14 159
128 14 161
129 14 166
130 14 170
131 14 177
132 14 181
133 14 189
134 14 202
135 15 210
136 16 211
137 18 21
138 18 22
139 18 32
140 18 36
141 18 42
142 18 48
143 18 53
144 18 57
145 18 71
146 18 78
147 18 83
148 18 85
149 18 92
150 18 94
151 18 102
152 18 104
153 18 107
154 18 112
155 18 115
156 18 122
157 18 127
158 18 133
159 18 144
160 18 152
161 18 164
162 18 167
163 18 178
164 18 182
165 18 186
166 18 200
167 18 207
168 19 33
169 19 37
170 19 46
171 19 52
172 19 54
173 19 63
174 19 90
175 19 101
176 19 121
177 19 123
178 19 129
179 19 134
180 19 142
181 19 168
182 19 172
183 19 180
184 19 183
185 19 195
186 19 209
187 20 24
188 20 86
189 20 105
190 20 117
191 20 176
192 21 22
193 21 32
194 21 36
195 21 40
196 21 42
197 21 48
198 21 53
199 21 57
200 21 71
201 21 83
202 21 85
203 21 92
204 21 94
205 21 102
206 21 107
207 21 112
208 21 115
209 21 122
210 21 127
211 21 128
212 21 133
213 21 144
214 21 148
215 21 152
216 21 164
217 21 167
218 21 178
219 21 182
220 21 186
221 21 194
222 21 200
223 21 207
224 22 32
225 22 34
226 22 36
227 22 42
228 22 48
229 22 53
230 22 57
231 22 71
232 22 78
233 22 85
234 22 92
235 22 94
236 22 104
237 22 107
238 22 112
239 22 115
240 22 122
241 22 127
242 22 128
243 22 133
244 22 144
245 22 148
246 22 152
247 22 164
248 22 167
249 22 171
250 22 178
251 22 182
252 22 186
253 22 200
254 22 207
255 23 24
256 23 25
257 23 35
258 23 38
259 23 39
260 23 43
261 23 44
262 23 56
263 23 59
264 23 70
265 23 72
266 23 80
267 23 84
268 23 91
269 23 93
270 23 103
271 23 110
272 23 117
273 23 119
274 23 125
275 23 126
276 23 130
277 23 131
278 23 132
279 23 141
280 23 146
281 23 149
282 23 151
283 23 155
284 23 159
285 23 161
286 23 166
287 23 170
288 23 177
289 23 181
290 23 189
291 23 199
292 23 202
293 24 25
294 24 35
295 24 38
296 24 39
297 24 43
298 24 44
299 24 56
300 24 59
301 24 70
302 24 72
303 24 80
304 24 84
305 24 86
306 24 93
307 24 103
308 24 110
309 24 117
310 24 119
311 24 125
312 24 126
313 24 130
314 24 131
315 24 132
316 24 141
317 24 146
318 24 149
319 24 151
320 24 155
321 24 159
322 24 161
323 24 166
324 24 170
325 24 176
326 24 177
327 24 181
328 24 199
329 24 202
330 25 26
331 25 70
332 25 75
333 25 91
334 25 111
335 25 117
336 25 118
337 25 126
338 25 145
339 25 155
340 25 159
341 25 179
342 25 184
343 25 188
344 25 199
345 26 70
346 26 75
347 26 84
348 26 91
349 26 103
350 26 111
351 26 118
352 26 126
353 26 145
354 26 155
355 26 159
356 26 179
357 26 184
358 26 188
359 26 199
360 27 97
361 28 66
362 28 98
363 29 62
364 29 81
365 29 99
366 29 150
367 29 156
368 29 196
369 30 76
370 31 62
371 31 79
372 32 34
373 32 36
374 32 42
375 32 48
376 32 53
377 32 57
378 32 71
379 32 78
380 32 83
381 32 85
382 32 92
383 32 94
384 32 102
385 32 104
386 32 107
387 32 112
388 32 115
389 32 122
390 32 127
391 32 128
392 32 133
393 32 144
394 32 148
395 32 152
396 32 164
397 32 167
398 32 171
399 32 178
400 32 182
401 32 186
402 32 200
403 32 207
404 33 52
405 33 121
406 33 123
407 33 134
408 33 209
409 34 36
410 34 42
411 34 48
412 34 53
413 34 57
414 34 71
415 34 92
416 34 94
417 34 112
418 34 115
419 34 122
420 34 127
421 34 128
422 34 133
423 34 144
424 34 148
425 34 152
426 34 167
427 34 178
428 34 182
429 34 186
430 34 200
431 34 207
432 35 38
433 35 39
434 35 43
435 35 44
436 35 56
437 35 59
438 35 72
439 35 80
440 35 84
441 35 93
442 35 103
443 35 110
444 35 117
445 35 119
446 35 125
447 35 126
448 35 130
449 35 131
450 35 132
451 35 141
452 35 146
453 35 149
454 35 151
455 35 155
456 35 159
457 35 161
458 35 166
459 35 170
460 35 177
461 35 181
462 35 199
463 35 202
464 36 42
465 36 48
466 36 50
467 36 53
468 36 57
469 36 71
470 36 78
471 36 83
472 36 85
473 36 92
474 36 94
475 36 102
476 36 104
477 36 107
478 36 112
479 36 115
480 36 122
481 36 127
482 36 128
483 36 133
484 36 144
485 36 148
486 36 152
487 36 164
488 36 167
489 36 171
490 36 178
491 36 182
492 36 186
493 36 200
494 36 207
495 37 52
496 37 54
497 37 63
498 37 69
499 37 90
500 37 101
501 37 121
502 37 123
503 37 129
504 37 134
505 37 142
506 37 153
507 37 168
508 37 172
509 37 173
510 37 180
511 37 183
512 37 187
513 37 190
514 37 197
515 37 209
516 38 39
517 38 43
518 38 44
519 38 56
520 38 59
521 38 70
522 38 72
523 38 80
524 38 84
525 38 93
526 38 103
527 38 110
528 38 117
529 38 119
530 38 125
531 38 126
532 38 130
533 38 131
534 38 132
535 38 141
536 38 146
537 38 149
538 38 151
539 38 155
540 38 159
541 38 161
542 38 166
543 38 170
544 38 177
545 38 181
546 38 189
547 38 191
548 38 202
549 39 43
550 39 44
551 39 56
552 39 59
553 39 70
554 39 72
555 39 80
556 39 84
557 39 93
558 39 103
559 39 110
560 39 111
561 39 117
562 39 119
563 39 125
564 39 126
565 39 130
566 39 131
567 39 132
568 39 141
569 39 146
570 39 149
571 39 151
572 39 155
573 39 159
574 39 161
575 39 166
576 39 170
577 39 177
578 39 181
579 39 189
580 39 199
581 39 202
582 40 92
583 40 194
584 41 58
585 41 106
586 41 135
587 41 165
588 42 48
589 42 50
590 42 53
591 42 57
592 42 71
593 42 78
594 42 83
595 42 85
596 42 92
597 42 94
598 42 102
599 42 104
600 42 107
601 42 112
602 42 115
603 42 122
604 42 127
605 42 128
606 42 133
607 42 144
608 42 148
609 42 152
610 42 164
611 42 167
612 42 178
613 42 182
614 42 186
615 42 200
616 42 207
617 43 44
618 43 56
619 43 59
620 43 70
621 43 72
622 43 80
623 43 84
624 43 93
625 43 103
626 43 110
627 43 117
628 43 119
629 43 125
630 43 126
631 43 130
632 43 131
633 43 132
634 43 141
635 43 146
636 43 149
637 43 151
638 43 155
639 43 159
640 43 161
641 43 166
642 43 170
643 43 177
644 43 181
645 43 199
646 43 202
647 44 56
648 44 59
649 44 70
650 44 72
651 44 80
652 44 84
653 44 93
654 44 103
655 44 110
656 44 117
657 44 119
658 44 125
659 44 126
660 44 130
661 44 131
662 44 132
663 44 141
664 44 146
665 44 149
666 44 151
667 44 155
668 44 159
669 44 161
670 44 166
671 44 170
672 44 177
673 44 181
674 44 189
675 44 199
676 44 202
677 46 195
678 48 53
679 48 57
680 48 71
681 48 78
682 48 85
683 48 92
684 48 94
685 48 104
686 48 107
687 48 112
688 48 115
689 48 122
690 48 127
691 48 128
692 48 133
693 48 144
694 48 148
695 48 152
696 48 164
697 48 167
698 48 178
699 48 182
700 48 186
701 48 200
702 48 207
703 49 136
704 49 192
705 50 71
706 50 92
707 50 122
708 50 128
709 50 133
710 50 148
711 50 152
712 50 186
713 50 200
714 50 207
715 52 54
716 52 63
717 52 69
718 52 90
719 52 101
720 52 121
721 52 123
722 52 129
723 52 134
724 52 142
725 52 153
726 52 168
727 52 172
728 52 183
729 52 187
730 52 190
731 52 197
732 52 209
733 53 57
734 53 71
735 53 78
736 53 83
737 53 85
738 53 92
739 53 94
740 53 102
741 53 104
742 53 107
743 53 112
744 53 115
745 53 122
746 53 127
747 53 128
748 53 133
749 53 144
750 53 148
751 53 152
752 53 164
753 53 167
754 53 171
755 53 178
756 53 182
757 53 186
758 53 200
759 53 207
760 54 63
761 54 69
762 54 77
763 54 90
764 54 121
765 54 134
766 54 142
767 54 168
768 54 172
769 54 180
770 54 183
771 54 209
772 56 59
773 56 70
774 56 72
775 56 80
776 56 84
777 56 93
778 56 103
779 56 110
780 56 117
781 56 119
782 56 125
783 56 126
784 56 130
785 56 131
786 56 132
787 56 141
788 56 146
789 56 149
790 56 151
791 56 155
792 56 159
793 56 161
794 56 166
795 56 170
796 56 177
797 56 181
798 56 189
799 56 202
800 57 71
801 57 78
802 57 83
803 57 85
804 57 92
805 57 94
806 57 102
807 57 107
808 57 112
809 57 115
810 57 122
811 57 127
812 57 128
813 57 133
814 57 144
815 57 148
816 57 152
817 57 164
818 57 167
819 57 178
820 57 182
821 57 186
822 57 200
823 57 207
824 58 61
825 58 65
826 58 67
827 58 73
828 58 165
829 59 72
830 59 80
831 59 84
832 59 93
833 59 103
834 59 110
835 59 117
836 59 119
837 59 125
838 59 130
839 59 131
840 59 132
841 59 141
842 59 146
843 59 149
844 59 151
845 59 159
846 59 161
847 59 166
848 59 170
849 59 177
850 59 181
851 59 189
852 59 202
853 60 74
854 61 65
855 61 67
856 61 73
857 61 114
858 61 154
859 61 162
860 61 169
861 61 192
862 62 79
863 62 81
864 62 99
865 62 150
866 62 156
867 63 69
868 63 90
869 63 101
870 63 121
871 63 123
872 63 134
873 63 153
874 63 168
875 63 209
876 65 67
877 65 73
878 65 154
879 65 162
880 65 169
881 66 98
882 67 73
883 67 114
884 67 136
885 67 154
886 67 162
887 67 169
888 67 192
889 67 198
890 69 82
891 69 90
892 69 101
893 69 121
894 69 123
895 69 129
896 69 134
897 69 153
898 69 173
899 69 187
900 69 190
901 69 197
902 69 209
903 70 72
904 70 75
905 70 80
906 70 84
907 70 91
908 70 93
909 70 103
910 70 110
911 70 111
912 70 117
913 70 118
914 70 125
915 70 126
916 70 130
917 70 131
918 70 145
919 70 146
920 70 149
921 70 155
922 70 159
923 70 161
924 70 166
925 70 170
926 70 177
927 70 179
928 70 181
929 70 184
930 70 188
931 70 199
932 71 78
933 71 83
934 71 85
935 71 92
936 71 94
937 71 102
938 71 107
939 71 112
940 71 115
941 71 122
942 71 127
943 71 128
944 71 133
945 71 144
946 71 148
947 71 152
948 71 164
949 71 167
950 71 171
951 71 178
952 71 182
953 71 186
954 71 200
955 71 207
956 72 80
957 72 84
958 72 91
959 72 93
960 72 103
961 72 110
962 72 117
963 72 119
964 72 125
965 72 126
966 72 130
967 72 131
968 72 132
969 72 141
970 72 146
971 72 149
972 72 151
973 72 155
974 72 159
975 72 161
976 72 166
977 72 170
978 72 177
979 72 181
980 72 189
981 72 199
982 72 202
983 73 114
984 73 154
985 73 162
986 73 169
987 73 192
988 75 91
989 75 118
990 75 126
991 75 145
992 75 155
993 75 159
994 75 179
995 75 184
996 75 188
997 75 199
998 77 142
999 77 168
1000 77 180
1001 77 183
1002 78 92
1003 78 94
1004 78 112
1005 78 115
1006 78 122
1007 78 127
1008 78 133
1009 78 144
1010 78 152
1011 78 167
1012 78 178
1013 78 182
1014 78 186
1015 78 200
1016 78 207
1017 80 84
1018 80 93
1019 80 103
1020 80 110
1021 80 117
1022 80 119
1023 80 125
1024 80 130
1025 80 131
1026 80 132
1027 80 141
1028 80 146
1029 80 149
1030 80 151
1031 80 155
1032 80 159
1033 80 166
1034 80 170
1035 80 177
1036 80 181
1037 80 189
1038 80 202
1039 81 99
1040 81 150
1041 81 156
1042 81 196
1043 82 100
1044 83 92
1045 83 94
1046 83 102
1047 83 112
1048 83 115
1049 83 122
1050 83 127
1051 83 128
1052 83 133
1053 83 144
1054 83 148
1055 83 152
1056 83 178
1057 83 182
1058 83 186
1059 83 200
1060 83 207
1061 84 93
1062 84 103
1063 84 110
1064 84 117
1065 84 118
1066 84 119
1067 84 125
1068 84 126
1069 84 130
1070 84 131
1071 84 132
1072 84 141
1073 84 146
1074 84 149
1075 84 151
1076 84 155
1077 84 159
1078 84 161
1079 84 166
1080 84 170
1081 84 176
1082 84 177
1083 84 181
1084 84 189
1085 84 202
1086 85 92
1087 85 94
1088 85 104
1089 85 112
1090 85 115
1091 85 122
1092 85 127
1093 85 133
1094 85 144
1095 85 152
1096 85 164
1097 85 178
1098 85 182
1099 85 186
1100 85 200
1101 85 207
1102 86 105
1103 86 117
1104 86 131
1105 86 149
1106 86 176
1107 87 88
1108 87 193
1109 88 193
1110 89 175
1111 90 101
1112 90 121
1113 90 134
1114 90 142
1115 90 168
1116 90 180
1117 90 183
1118 90 209
1119 91 110
1120 91 111
1121 91 117
1122 91 118
1123 91 125
1124 91 126
1125 91 145
1126 91 155
1127 91 159
1128 91 170
1129 91 179
1130 91 184
1131 91 188
1132 91 199
1133 92 94
1134 92 102
1135 92 104
1136 92 107
1137 92 112
1138 92 115
1139 92 122
1140 92 127
1141 92 128
1142 92 133
1143 92 144
1144 92 148
1145 92 152
1146 92 164
1147 92 167
1148 92 178
1149 92 182
1150 92 186
1151 92 200
1152 92 207
1153 93 103
1154 93 110
1155 93 111
1156 93 117
1157 93 119
1158 93 125
1159 93 126
1160 93 130
1161 93 131
1162 93 132
1163 93 141
1164 93 146
1165 93 149
1166 93 151
1167 93 155
1168 93 159
1169 93 161
1170 93 166
1171 93 170
1172 93 177
1173 93 181
1174 93 189
1175 93 199
1176 93 202
1177 94 102
1178 94 104
1179 94 107
1180 94 112
1181 94 115
1182 94 122
1183 94 127
1184 94 128
1185 94 133
1186 94 144
1187 94 148
1188 94 152
1189 94 164
1190 94 167
1191 94 178
1192 94 182
1193 94 186
1194 94 200
1195 94 207
1196 95 109
1197 99 150
1198 99 156
1199 99 196
1200 101 121
1201 101 134
1202 101 153
1203 101 209
1204 102 112
1205 102 115
1206 102 122
1207 102 127
1208 102 128
1209 102 133
1210 102 144
1211 102 148
1212 102 152
1213 102 178
1214 102 182
1215 102 186
1216 102 200
1217 102 207
1218 103 110
1219 103 117
1220 103 118
1221 103 119
1222 103 125
1223 103 126
1224 103 130
1225 103 131
1226 103 132
1227 103 141
1228 103 146
1229 103 149
1230 103 151
1231 103 155
1232 103 159
1233 103 161
1234 103 166
1235 103 170
1236 103 176
1237 103 177
1238 103 181
1239 103 189
1240 103 202
1241 104 115
1242 104 122
1243 104 127
1244 104 133
1245 104 164
1246 105 176
1247 106 135
1248 106 165
1249 107 112
1250 107 115
1251 107 122
1252 107 127
1253 107 128
1254 107 133
1255 107 144
1256 107 148
1257 107 152
1258 107 164
1259 107 167
1260 107 178
1261 107 182
1262 107 186
1263 107 200
1264 107 207
1265 110 117
1266 110 119
1267 110 125
1268 110 126
1269 110 130
1270 110 131
1271 110 132
1272 110 141
1273 110 146
1274 110 149
1275 110 151
1276 110 155
1277 110 159
1278 110 161
1279 110 166
1280 110 170
1281 110 177
1282 110 181
1283 110 189
1284 110 202
1285 111 118
1286 111 125
1287 111 126
1288 111 145
1289 111 155
1290 111 159
1291 111 179
1292 111 184
1293 111 188
1294 111 199
1295 112 115
1296 112 122
1297 112 127
1298 112 128
1299 112 133
1300 112 144
1301 112 148
1302 112 152
1303 112 164
1304 112 167
1305 112 171
1306 112 178
1307 112 182
1308 112 186
1309 112 200
1310 112 207
1311 113 204
1312 114 154
1313 114 162
1314 114 169
1315 115 122
1316 115 127
1317 115 128
1318 115 133
1319 115 144
1320 115 148
1321 115 152
1322 115 164
1323 115 167
1324 115 171
1325 115 178
1326 115 182
1327 115 186
1328 115 200
1329 115 207
1330 116 158
1331 116 160
1332 116 208
1333 117 119
1334 117 125
1335 117 126
1336 117 130
1337 117 131
1338 117 132
1339 117 141
1340 117 146
1341 117 149
1342 117 151
1343 117 155
1344 117 159
1345 117 161
1346 117 166
1347 117 170
1348 117 176
1349 117 177
1350 117 181
1351 117 189
1352 117 199
1353 117 202
1354 118 126
1355 118 145
1356 118 155
1357 118 159
1358 118 179
1359 118 184
1360 118 188
1361 118 199
1362 119 125
1363 119 130
1364 119 131
1365 119 132
1366 119 141
1367 119 146
1368 119 149
1369 119 151
1370 119 161
1371 119 166
1372 119 170
1373 119 177
1374 119 181
1375 119 189
1376 119 202
1377 120 135
1378 121 123
1379 121 129
1380 121 134
1381 121 153
1382 121 168
1383 121 172
1384 121 173
1385 121 183
1386 121 187
1387 121 190
1388 121 197
1389 121 209
1390 122 127
1391 122 128
1392 122 133
1393 122 144
1394 122 148
1395 122 152
1396 122 164
1397 122 167
1398 122 171
1399 122 178
1400 122 182
1401 122 186
1402 122 200
1403 122 207
1404 123 134
1405 124 147
1406 125 126
1407 125 130
1408 125 131
1409 125 132
1410 125 141
1411 125 146
1412 125 149
1413 125 151
1414 125 155
1415 125 159
1416 125 161
1417 125 166
1418 125 170
1419 125 177
1420 125 181
1421 125 189
1422 125 202
1423 126 130
1424 126 131
1425 126 132
1426 126 141
1427 126 145
1428 126 146
1429 126 149
1430 126 155
1431 126 159
1432 126 161
1433 126 166
1434 126 170
1435 126 177
1436 126 179
1437 126 181
1438 126 184
1439 126 188
1440 126 199
1441 126 202
1442 127 128
1443 127 133
1444 127 144
1445 127 148
1446 127 152
1447 127 164
1448 127 167
1449 127 171
1450 127 178
1451 127 182
1452 127 186
1453 127 200
1454 127 207
1455 128 133
1456 128 144
1457 128 148
1458 128 152
1459 128 167
1460 128 178
1461 128 182
1462 128 186
1463 128 200
1464 128 207
1465 129 134
1466 129 153
1467 129 187
1468 129 197
1469 129 209
1470 130 131
1471 130 132
1472 130 141
1473 130 146
1474 130 149
1475 130 151
1476 130 155
1477 130 159
1478 130 161
1479 130 166
1480 130 170
1481 130 177
1482 130 181
1483 130 189
1484 130 199
1485 130 202
1486 131 132
1487 131 141
1488 131 146
1489 131 149
1490 131 151
1491 131 155
1492 131 159
1493 131 161
1494 131 166
1495 131 170
1496 131 177
1497 131 181
1498 131 189
1499 131 202
1500 132 141
1501 132 146
1502 132 149
1503 132 151
1504 132 155
1505 132 159
1506 132 161
1507 132 166
1508 132 170
1509 132 177
1510 132 181
1511 132 189
1512 132 199
1513 132 202
1514 133 144
1515 133 148
1516 133 152
1517 133 164
1518 133 167
1519 133 171
1520 133 178
1521 133 182
1522 133 186
1523 133 200
1524 133 207
1525 134 142
1526 134 153
1527 134 168
1528 134 172
1529 134 173
1530 134 180
1531 134 183
1532 134 187
1533 134 190
1534 134 197
1535 134 209
1536 135 165
1537 136 192
1538 137 161
1539 137 205
1540 141 146
1541 141 149
1542 141 151
1543 141 155
1544 141 166
1545 141 170
1546 141 177
1547 141 181
1548 141 189
1549 141 202
1550 142 168
1551 142 180
1552 142 183
1553 143 185
1554 144 148
1555 144 152
1556 144 164
1557 144 167
1558 144 171
1559 144 178
1560 144 182
1561 144 186
1562 144 200
1563 144 207
1564 145 155
1565 145 159
1566 145 179
1567 145 184
1568 145 188
1569 145 199
1570 146 149
1571 146 151
1572 146 155
1573 146 159
1574 146 161
1575 146 166
1576 146 170
1577 146 177
1578 146 181
1579 146 189
1580 146 202
1581 148 152
1582 148 167
1583 148 178
1584 148 182
1585 148 186
1586 148 200
1587 148 207
1588 149 151
1589 149 155
1590 149 159
1591 149 161
1592 149 166
1593 149 170
1594 149 177
1595 149 181
1596 149 202
1597 150 156
1598 150 196
1599 151 161
1600 151 166
1601 151 170
1602 151 177
1603 151 181
1604 151 189
1605 151 202
1606 152 164
1607 152 167
1608 152 171
1609 152 178
1610 152 182
1611 152 186
1612 152 200
1613 152 207
1614 153 173
1615 153 187
1616 153 197
1617 153 209
1618 154 162
1619 154 169
1620 155 159
1621 155 166
1622 155 170
1623 155 177
1624 155 179
1625 155 181
1626 155 184
1627 155 188
1628 155 199
1629 155 202
1630 156 196
1631 157 161
1632 158 160
1633 158 208
1634 159 161
1635 159 166
1636 159 170
1637 159 177
1638 159 179
1639 159 181
1640 159 184
1641 159 188
1642 159 199
1643 160 208
1644 161 166
1645 161 170
1646 161 177
1647 161 181
1648 161 205
1649 162 169
1650 164 167
1651 164 178
1652 164 182
1653 164 186
1654 164 200
1655 164 207
1656 166 170
1657 166 177
1658 166 181
1659 166 189
1660 166 202
1661 167 171
1662 167 178
1663 167 182
1664 167 186
1665 167 200
1666 167 207
1667 168 180
1668 168 183
1669 170 177
1670 170 181
1671 170 202
1672 171 178
1673 171 182
1674 171 186
1675 171 200
1676 171 207
1677 172 209
1678 173 190
1679 174 201
1680 177 181
1681 177 189
1682 177 202
1683 178 182
1684 178 186
1685 178 200
1686 178 207
1687 179 184
1688 179 188
1689 179 199
1690 180 183
1691 181 189
1692 181 202
1693 182 186
1694 182 200
1695 182 207
1696 184 188
1697 184 199
1698 186 200
1699 186 207
1700 187 197
1701 187 209
1702 188 199
1703 189 202
1704 197 209
1705 200 207
