1 1 14
2 1 23
3 1 24
4 1 25
5 1 26
6 1 35
7 1 38
8 1 39
9 1 43
10 1 44
11 1 56
12 1 59
13 1 70
14 1 72
15 1 75
16 1 84
17 1 91
18 1 93
19 1 103
20 1 110
21 1 111
22 1 117
23 1 118
24 1 125
25 1 126
26 1 130
27 1 131
28 1 132
29 1 141
30 1 145
31 1 146
32 1 149
33 1 151
34 1 155
35 1 159
36 1 161
37 1 166
38 1 170
39 1 177
40 1 179
41 1 181
42 1 184
43 1 188
44 1 199
45 1 202
46 2 4
47 2 6
48 2 10
49 2 19
50 2 27
51 2 37
52 2 41
53 2 52
54 2 58
55 2 61
56 2 65
57 2 67
58 2 73
59 2 90
60 2 97
61 2 106
62 2 113
63 2 120
64 2 121
65 2 135
66 2 162
67 2 165
68 2 169
69 2 172
70 2 206
71 2 209
72 3 10
73 3 49
74 3 61
75 3 65
76 3 67
77 3 73
78 3 114
79 3 136
80 3 154
81 3 169
82 3 192
83 4 10
84 4 58
85 4 62
86 4 64
87 4 67
88 4 70
89 4 73
90 4 106
91 4 113
92 4 135
93 4 162
94 4 204
95 5 55
96 6 8
97 6 27
98 6 30
99 6 45
100 6 51
101 6 76
102 6 97
103 6 135
104 7 14
105 7 24
106 7 25
107 7 26
108 7 28
109 7 38
110 7 39
111 7 59
112 7 66
113 7 70
114 7 84
115 7 91
116 7 93
117 7 98
118 7 103
119 7 111
120 7 117
121 7 126
122 7 131
123 7 146
124 7 149
125 7 155
126 7 159
127 7 166
128 7 170
129 7 177
130 7 181
131 7 199
132 8 27
133 8 51
134 8 97
135 9 29
136 9 31
137 9 62
138 9 64
139 9 79
140 9 81
141 9 99
142 9 150
143 9 156
144 9 196
145 10 19
146 10 41
147 10 49
148 10 58
149 10 61
150 10 65
151 10 67
152 10 73
153 10 106
154 10 109
155 10 113
156 10 114
157 10 120
158 10 135
159 10 136
160 10 154
161 10 162
162 10 165
163 10 169
164 10 192
165 10 198
166 11 17
167 12 19
168 12 33
169 12 37
170 12 52
171 12 54
172 12 63
173 12 69
174 12 77
175 12 82
176 12 90
177 12 100
178 12 101
179 12 120
180 12 121
181 12 123
182 12 124
183 12 129
184 12 134
185 12 142
186 12 147
187 12 153
188 12 168
189 12 172
190 12 180
191 12 183
192 12 187
193 12 197
194 12 209
195 13 18
196 13 21
197 13 22
198 13 32
199 13 34
200 13 36
201 13 40
202 13 42
203 13 48
204 13 50
205 13 53
206 13 57
207 13 71
208 13 78
209 13 83
210 13 85
211 13 92
212 13 94
213 13 102
214 13 104
215 13 107
216 13 112
217 13 115
218 13 122
219 13 127
220 13 128
221 13 133
222 13 144
223 13 148
224 13 152
225 13 164
226 13 167
227 13 171
228 13 178
229 13 182
230 13 186
231 13 200
232 13 207
233 14 20
234 14 23
235 14 24
236 14 25
237 14 26
238 14 28
239 14 35
240 14 38
241 14 39
242 14 43
243 14 44
244 14 56
245 14 59
246 14 70
247 14 72
248 14 80
249 14 84
250 14 86
251 14 91
252 14 93
253 14 98
254 14 103
255 14 105
256 14 110
257 14 111
258 14 117
259 14 118
260 14 119
261 14 125
262 14 126
263 14 130
264 14 131
265 14 132
266 14 140
267 14 141
268 14 146
269 14 149
270 14 151
271 14 155
272 14 159
273 14 161
274 14 166
275 14 170
276 14 176
277 14 177
278 14 179
279 14 181
280 14 184
281 14 188
282 14 189
283 14 199
284 14 202
285 14 205
286 15 210
287 16 185
288 16 211
289 18 21
290 18 22
291 18 32
292 18 34
293 18 36
294 18 40
295 18 42
296 18 48
297 18 53
298 18 57
299 18 58
300 18 70
301 18 71
302 18 78
303 18 83
304 18 85
305 18 92
306 18 94
307 18 102
308 18 104
309 18 107
310 18 112
311 18 115
312 18 122
313 18 126
314 18 127
315 18 128
316 18 133
317 18 144
318 18 148
319 18 152
320 18 164
321 18 167
322 18 171
323 18 178
324 18 182
325 18 186
326 18 200
327 18 207
328 19 33
329 19 37
330 19 46
331 19 52
332 19 54
333 19 58
334 19 63
335 19 67
336 19 69
337 19 82
338 19 90
339 19 100
340 19 101
341 19 113
342 19 120
343 19 121
344 19 123
345 19 124
346 19 129
347 19 134
348 19 135
349 19 142
350 19 147
351 19 153
352 19 165
353 19 168
354 19 172
355 19 173
356 19 180
357 19 183
358 19 187
359 19 190
360 19 195
361 19 197
362 19 204
363 19 209
364 20 23
365 20 24
366 20 35
367 20 38
368 20 39
369 20 43
370 20 44
371 20 56
372 20 59
373 20 72
374 20 80
375 20 84
376 20 86
377 20 93
378 20 103
379 20 105
380 20 110
381 20 117
382 20 119
383 20 125
384 20 130
385 20 131
386 20 132
387 20 141
388 20 146
389 20 149
390 20 151
391 20 166
392 20 170
393 20 176
394 20 177
395 20 181
396 20 202
397 21 22
398 21 32
399 21 34
400 21 36
401 21 40
402 21 42
403 21 48
404 21 50
405 21 53
406 21 57
407 21 62
408 21 70
409 21 71
410 21 78
411 21 83
412 21 85
413 21 92
414 21 94
415 21 102
416 21 104
417 21 107
418 21 112
419 21 115
420 21 122
421 21 126
422 21 127
423 21 128
424 21 133
425 21 144
426 21 148
427 21 152
428 21 155
429 21 164
430 21 167
431 21 171
432 21 178
433 21 182
434 21 186
435 21 194
436 21 200
437 21 204
438 21 207
439 22 32
440 22 34
441 22 36
442 22 40
443 22 42
444 22 48
445 22 50
446 22 53
447 22 57
448 22 71
449 22 78
450 22 83
451 22 85
452 22 92
453 22 94
454 22 102
455 22 104
456 22 107
457 22 112
458 22 115
459 22 122
460 22 127
461 22 128
462 22 133
463 22 144
464 22 148
465 22 152
466 22 164
467 22 167
468 22 171
469 22 178
470 22 182
471 22 186
472 22 194
473 22 200
474 22 207
475 23 24
476 23 25
477 23 26
478 23 35
479 23 38
480 23 39
481 23 43
482 23 44
483 23 56
484 23 59
485 23 66
486 23 70
487 23 72
488 23 80
489 23 84
490 23 86
491 23 91
492 23 93
493 23 103
494 23 105
495 23 106
496 23 110
497 23 111
498 23 117
499 23 118
500 23 119
501 23 125
502 23 126
503 23 130
504 23 131
505 23 132
506 23 137
507 23 141
508 23 145
509 23 146
510 23 149
511 23 151
512 23 155
513 23 157
514 23 159
515 23 161
516 23 166
517 23 170
518 23 176
519 23 177
520 23 179
521 23 181
522 23 184
523 23 188
524 23 189
525 23 191
526 23 199
527 23 202
528 24 25
529 24 26
530 24 28
531 24 35
532 24 38
533 24 39
534 24 43
535 24 44
536 24 56
537 24 59
538 24 70
539 24 72
540 24 75
541 24 80
542 24 84
543 24 86
544 24 91
545 24 93
546 24 98
547 24 103
548 24 105
549 24 110
550 24 111
551 24 117
552 24 118
553 24 119
554 24 125
555 24 126
556 24 130
557 24 131
558 24 132
559 24 140
560 24 141
561 24 145
562 24 146
563 24 149
564 24 151
565 24 155
566 24 159
567 24 161
568 24 166
569 24 170
570 24 176
571 24 177
572 24 179
573 24 181
574 24 184
575 24 188
576 24 189
577 24 199
578 24 202
579 25 26
580 25 28
581 25 35
582 25 38
583 25 39
584 25 43
585 25 44
586 25 56
587 25 59
588 25 66
589 25 70
590 25 72
591 25 75
592 25 80
593 25 84
594 25 91
595 25 93
596 25 98
597 25 103
598 25 110
599 25 111
600 25 117
601 25 118
602 25 119
603 25 125
604 25 126
605 25 130
606 25 131
607 25 132
608 25 137
609 25 141
610 25 145
611 25 146
612 25 149
613 25 151
614 25 155
615 25 159
616 25 161
617 25 165
618 25 166
619 25 170
620 25 177
621 25 179
622 25 181
623 25 184
624 25 188
625 25 199
626 25 202
627 26 28
628 26 35
629 26 38
630 26 39
631 26 43
632 26 44
633 26 56
634 26 59
635 26 70
636 26 72
637 26 75
638 26 80
639 26 84
640 26 91
641 26 93
642 26 98
643 26 103
644 26 110
645 26 111
646 26 117
647 26 118
648 26 119
649 26 125
650 26 126
651 26 130
652 26 131
653 26 132
654 26 137
655 26 141
656 26 145
657 26 146
658 26 149
659 26 151
660 26 155
661 26 159
662 26 161
663 26 166
664 26 170
665 26 177
666 26 179
667 26 181
668 26 184
669 26 188
670 26 199
671 26 202
672 27 30
673 27 45
674 27 51
675 27 76
676 27 97
677 27 135
678 28 38
679 28 39
680 28 59
681 28 66
682 28 70
683 28 84
684 28 91
685 28 93
686 28 98
687 28 103
688 28 111
689 28 117
690 28 126
691 28 131
692 28 146
693 28 149
694 28 155
695 28 159
696 28 166
697 28 170
698 28 177
699 28 181
700 28 199
701 29 31
702 29 62
703 29 64
704 29 79
705 29 81
706 29 99
707 29 150
708 29 156
709 29 196
710 30 76
711 30 97
712 31 62
713 31 79
714 31 99
715 32 34
716 32 36
717 32 40
718 32 42
719 32 48
720 32 53
721 32 57
722 32 71
723 32 78
724 32 83
725 32 85
726 32 92
727 32 94
728 32 102
729 32 104
730 32 107
731 32 112
732 32 115
733 32 122
734 32 127
735 32 128
736 32 133
737 32 144
738 32 148
739 32 152
740 32 164
741 32 167
742 32 171
743 32 178
744 32 182
745 32 186
746 32 194
747 32 200
748 32 207
749 33 37
750 33 46
751 33 52
752 33 54
753 33 63
754 33 69
755 33 90
756 33 101
757 33 121
758 33 123
759 33 129
760 33 134
761 33 142
762 33 153
763 33 168
764 33 172
765 33 180
766 33 183
767 33 187
768 33 190
769 33 195
770 33 197
771 33 209
772 34 36
773 34 42
774 34 48
775 34 53
776 34 57
777 34 71
778 34 78
779 34 83
780 34 85
781 34 92
782 34 94
783 34 102
784 34 107
785 34 112
786 34 115
787 34 122
788 34 127
789 34 128
790 34 133
791 34 144
792 34 148
793 34 152
794 34 164
795 34 167
796 34 178
797 34 182
798 34 186
799 34 200
800 34 207
801 35 38
802 35 39
803 35 43
804 35 44
805 35 56
806 35 59
807 35 70
808 35 72
809 35 80
810 35 84
811 35 86
812 35 91
813 35 93
814 35 103
815 35 105
816 35 110
817 35 111
818 35 117
819 35 118
820 35 119
821 35 125
822 35 126
823 35 130
824 35 131
825 35 132
826 35 137
827 35 140
828 35 141
829 35 146
830 35 149
831 35 151
832 35 155
833 35 159
834 35 161
835 35 166
836 35 170
837 35 176
838 35 177
839 35 181
840 35 184
841 35 188
842 35 189
843 35 199
844 35 202
845 36 40
846 36 42
847 36 48
848 36 50
849 36 53
850 36 57
851 36 62
852 36 71
853 36 78
854 36 83
855 36 85
856 36 92
857 36 94
858 36 102
859 36 104
860 36 107
861 36 112
862 36 115
863 36 122
864 36 127
865 36 128
866 36 133
867 36 144
868 36 148
869 36 152
870 36 164
871 36 167
872 36 171
873 36 178
874 36 182
875 36 186
876 36 194
877 36 200
878 36 204
879 36 207
880 37 52
881 37 54
882 37 63
883 37 69
884 37 82
885 37 90
886 37 100
887 37 101
888 37 121
889 37 123
890 37 124
891 37 129
892 37 134
893 37 135
894 37 142
895 37 147
896 37 153
897 37 168
898 37 172
899 37 173
900 37 180
901 37 183
902 37 187
903 37 190
904 37 197
905 37 209
906 38 39
907 38 43
908 38 44
909 38 56
910 38 59
911 38 62
912 38 70
913 38 72
914 38 80
915 38 84
916 38 86
917 38 91
918 38 93
919 38 98
920 38 103
921 38 110
922 38 111
923 38 117
924 38 119
925 38 125
926 38 126
927 38 130
928 38 131
929 38 132
930 38 141
931 38 145
932 38 146
933 38 149
934 38 151
935 38 155
936 38 159
937 38 161
938 38 166
939 38 170
940 38 176
941 38 177
942 38 181
943 38 184
944 38 188
945 38 189
946 38 191
947 38 199
948 38 202
949 39 43
950 39 44
951 39 56
952 39 59
953 39 62
954 39 70
955 39 72
956 39 80
957 39 84
958 39 86
959 39 91
960 39 93
961 39 98
962 39 103
963 39 110
964 39 111
965 39 117
966 39 118
967 39 119
968 39 125
969 39 126
970 39 130
971 39 131
972 39 132
973 39 137
974 39 140
975 39 141
976 39 145
977 39 146
978 39 149
979 39 151
980 39 155
981 39 159
982 39 161
983 39 166
984 39 170
985 39 176
986 39 177
987 39 181
988 39 184
989 39 188
990 39 189
991 39 199
992 39 202
993 39 205
994 40 42
995 40 48
996 40 53
997 40 57
998 40 71
999 40 92
1000 40 94
1001 40 107
1002 40 112
1003 40 115
1004 40 122
1005 40 127
1006 40 128
1007 40 133
1008 40 144
1009 40 148
1010 40 152
1011 40 167
1012 40 178
1013 40 182
1014 40 186
1015 40 194
1016 40 200
1017 40 207
1018 41 58
1019 41 62
1020 41 64
1021 41 67
1022 41 73
1023 41 106
1024 41 120
1025 41 135
1026 41 159
1027 41 165
1028 41 199
1029 41 204
1030 42 48
1031 42 50
1032 42 53
1033 42 57
1034 42 71
1035 42 78
1036 42 83
1037 42 85
1038 42 92
1039 42 94
1040 42 102
1041 42 104
1042 42 107
1043 42 112
1044 42 113
1045 42 115
1046 42 122
1047 42 127
1048 42 128
1049 42 133
1050 42 144
1051 42 148
1052 42 152
1053 42 164
1054 42 167
1055 42 171
1056 42 178
1057 42 182
1058 42 186
1059 42 194
1060 42 200
1061 42 204
1062 42 207
1063 43 44
1064 43 56
1065 43 59
1066 43 70
1067 43 72
1068 43 75
1069 43 80
1070 43 84
1071 43 86
1072 43 91
1073 43 93
1074 43 103
1075 43 105
1076 43 110
1077 43 111
1078 43 117
1079 43 118
1080 43 119
1081 43 125
1082 43 126
1083 43 130
1084 43 131
1085 43 132
1086 43 137
1087 43 141
1088 43 146
1089 43 149
1090 43 151
1091 43 155
1092 43 159
1093 43 161
1094 43 166
1095 43 170
1096 43 176
1097 43 177
1098 43 179
1099 43 181
1100 43 184
1101 43 188
1102 43 189
1103 43 199
1104 43 202
1105 44 56
1106 44 59
1107 44 70
1108 44 72
1109 44 80
1110 44 84
1111 44 86
1112 44 91
1113 44 93
1114 44 103
1115 44 105
1116 44 110
1117 44 111
1118 44 117
1119 44 118
1120 44 119
1121 44 125
1122 44 126
1123 44 130
1124 44 131
1125 44 132
1126 44 137
1127 44 141
1128 44 146
1129 44 149
1130 44 151
1131 44 155
1132 44 159
1133 44 161
1134 44 166
1135 44 170
1136 44 176
1137 44 177
1138 44 179
1139 44 181
1140 44 184
1141 44 188
1142 44 189
1143 44 199
1144 44 202
1145 44 205
1146 45 97
1147 46 54
1148 46 63
1149 46 69
1150 46 90
1151 46 121
1152 46 129
1153 46 134
1154 46 180
1155 46 195
1156 46 209
1157 48 50
1158 48 53
1159 48 57
1160 48 71
1161 48 78
1162 48 83
1163 48 85
1164 48 92
1165 48 94
1166 48 102
1167 48 104
1168 48 107
1169 48 112
1170 48 115
1171 48 122
1172 48 127
1173 48 128
1174 48 133
1175 48 144
1176 48 148
1177 48 152
1178 48 164
1179 48 167
1180 48 171
1181 48 178
1182 48 182
1183 48 186
1184 48 194
1185 48 200
1186 48 207
1187 49 61
1188 49 65
1189 49 67
1190 49 73
1191 49 136
1192 49 154
1193 49 169
1194 49 192
1195 50 53
1196 50 57
1197 50 71
1198 50 78
1199 50 83
1200 50 92
1201 50 94
1202 50 102
1203 50 107
1204 50 112
1205 50 115
1206 50 122
1207 50 127
1208 50 128
1209 50 133
1210 50 144
1211 50 148
1212 50 152
1213 50 167
1214 50 178
1215 50 182
1216 50 186
1217 50 200
1218 50 207
1219 51 97
1220 52 54
1221 52 63
1222 52 69
1223 52 82
1224 52 90
1225 52 100
1226 52 101
1227 52 121
1228 52 123
1229 52 124
1230 52 129
1231 52 134
1232 52 135
1233 52 142
1234 52 147
1235 52 153
1236 52 168
1237 52 172
1238 52 173
1239 52 180
1240 52 183
1241 52 187
1242 52 190
1243 52 197
1244 52 209
1245 53 57
1246 53 58
1247 53 71
1248 53 78
1249 53 83
1250 53 85
1251 53 92
1252 53 94
1253 53 102
1254 53 104
1255 53 107
1256 53 112
1257 53 115
1258 53 122
1259 53 127
1260 53 128
1261 53 133
1262 53 144
1263 53 148
1264 53 152
1265 53 164
1266 53 167
1267 53 171
1268 53 178
1269 53 182
1270 53 186
1271 53 194
1272 53 200
1273 53 207
1274 54 63
1275 54 69
1276 54 77
1277 54 82
1278 54 90
1279 54 100
1280 54 101
1281 54 120
1282 54 121
1283 54 123
1284 54 124
1285 54 129
1286 54 134
1287 54 142
1288 54 147
1289 54 153
1290 54 168
1291 54 172
1292 54 180
1293 54 183
1294 54 187
1295 54 195
1296 54 197
1297 54 209
1298 56 59
1299 56 70
1300 56 72
1301 56 80
1302 56 84
1303 56 86
1304 56 91
1305 56 93
1306 56 103
1307 56 105
1308 56 110
1309 56 111
1310 56 117
1311 56 118
1312 56 119
1313 56 125
1314 56 126
1315 56 130
1316 56 131
1317 56 132
1318 56 140
1319 56 141
1320 56 146
1321 56 149
1322 56 151
1323 56 155
1324 56 159
1325 56 161
1326 56 166
1327 56 170
1328 56 176
1329 56 177
1330 56 181
1331 56 184
1332 56 188
1333 56 189
1334 56 199
1335 56 202
1336 56 205
1337 57 58
1338 57 71
1339 57 78
1340 57 83
1341 57 85
1342 57 92
1343 57 94
1344 57 102
1345 57 104
1346 57 107
1347 57 112
1348 57 115
1349 57 122
1350 57 127
1351 57 128
1352 57 133
1353 57 144
1354 57 148
1355 57 152
1356 57 164
1357 57 167
1358 57 171
1359 57 178
1360 57 182
1361 57 186
1362 57 194
1363 57 200
1364 57 207
1365 58 61
1366 58 62
1367 58 65
1368 58 67
1369 58 70
1370 58 71
1371 58 73
1372 58 94
1373 58 98
1374 58 106
1375 58 113
1376 58 117
1377 58 120
1378 58 133
1379 58 135
1380 58 154
1381 58 155
1382 58 162
1383 58 165
1384 58 169
1385 58 192
1386 58 199
1387 58 204
1388 59 70
1389 59 72
1390 59 80
1391 59 84
1392 59 86
1393 59 91
1394 59 93
1395 59 98
1396 59 103
1397 59 105
1398 59 110
1399 59 111
1400 59 117
1401 59 118
1402 59 119
1403 59 125
1404 59 126
1405 59 130
1406 59 131
1407 59 132
1408 59 137
1409 59 140
1410 59 141
1411 59 145
1412 59 146
1413 59 149
1414 59 151
1415 59 155
1416 59 159
1417 59 161
1418 59 166
1419 59 170
1420 59 176
1421 59 177
1422 59 179
1423 59 181
1424 59 184
1425 59 188
1426 59 189
1427 59 199
1428 59 202
1429 59 205
1430 60 74
1431 61 65
1432 61 67
1433 61 73
1434 61 106
1435 61 114
1436 61 120
1437 61 135
1438 61 136
1439 61 154
1440 61 162
1441 61 165
1442 61 169
1443 61 192
1444 61 198
1445 62 64
1446 62 70
1447 62 71
1448 62 79
1449 62 81
1450 62 91
1451 62 99
1452 62 106
1453 62 107
1454 62 113
1455 62 122
1456 62 126
1457 62 150
1458 62 152
1459 62 155
1460 62 156
1461 62 165
1462 62 196
1463 62 204
1464 63 69
1465 63 77
1466 63 82
1467 63 90
1468 63 100
1469 63 101
1470 63 121
1471 63 123
1472 63 129
1473 63 134
1474 63 142
1475 63 153
1476 63 168
1477 63 172
1478 63 173
1479 63 180
1480 63 183
1481 63 187
1482 63 190
1483 63 195
1484 63 197
1485 63 209
1486 64 81
1487 64 99
1488 64 106
1489 64 113
1490 64 150
1491 64 156
1492 64 165
1493 64 196
1494 64 204
1495 65 67
1496 65 73
1497 65 106
1498 65 114
1499 65 120
1500 65 133
1501 65 135
1502 65 136
1503 65 154
1504 65 162
1505 65 165
1506 65 169
1507 65 192
1508 65 198
1509 66 70
1510 66 98
1511 66 126
1512 66 155
1513 66 159
1514 66 199
1515 67 73
1516 67 106
1517 67 109
1518 67 113
1519 67 114
1520 67 120
1521 67 135
1522 67 136
1523 67 139
1524 67 154
1525 67 162
1526 67 165
1527 67 169
1528 67 192
1529 67 198
1530 67 204
1531 68 124
1532 68 147
1533 69 77
1534 69 82
1535 69 90
1536 69 100
1537 69 101
1538 69 121
1539 69 123
1540 69 124
1541 69 129
1542 69 134
1543 69 142
1544 69 147
1545 69 153
1546 69 168
1547 69 172
1548 69 173
1549 69 180
1550 69 183
1551 69 187
1552 69 190
1553 69 197
1554 69 209
1555 70 72
1556 70 75
1557 70 80
1558 70 84
1559 70 91
1560 70 93
1561 70 94
1562 70 98
1563 70 103
1564 70 110
1565 70 111
1566 70 113
1567 70 117
1568 70 118
1569 70 119
1570 70 125
1571 70 126
1572 70 130
1573 70 131
1574 70 132
1575 70 135
1576 70 137
1577 70 141
1578 70 145
1579 70 146
1580 70 149
1581 70 151
1582 70 152
1583 70 155
1584 70 159
1585 70 161
1586 70 166
1587 70 170
1588 70 177
1589 70 179
1590 70 181
1591 70 184
1592 70 188
1593 70 189
1594 70 199
1595 70 202
1596 70 204
1597 71 78
1598 71 83
1599 71 85
1600 71 92
1601 71 94
1602 71 102
1603 71 104
1604 71 107
1605 71 112
1606 71 115
1607 71 122
1608 71 127
1609 71 128
1610 71 133
1611 71 144
1612 71 148
1613 71 152
1614 71 164
1615 71 167
1616 71 171
1617 71 178
1618 71 182
1619 71 186
1620 71 194
1621 71 200
1622 71 204
1623 71 207
1624 72 80
1625 72 84
1626 72 86
1627 72 91
1628 72 93
1629 72 103
1630 72 105
1631 72 110
1632 72 111
1633 72 117
1634 72 118
1635 72 119
1636 72 125
1637 72 126
1638 72 130
1639 72 131
1640 72 132
1641 72 137
1642 72 141
1643 72 146
1644 72 149
1645 72 151
1646 72 155
1647 72 157
1648 72 159
1649 72 161
1650 72 166
1651 72 170
1652 72 176
1653 72 177
1654 72 181
1655 72 184
1656 72 188
1657 72 189
1658 72 191
1659 72 199
1660 72 202
1661 72 205
1662 73 106
1663 73 113
1664 73 114
1665 73 120
1666 73 135
1667 73 136
1668 73 139
1669 73 154
1670 73 162
1671 73 165
1672 73 169
1673 73 192
1674 75 84
1675 75 91
1676 75 93
1677 75 103
1678 75 111
1679 75 117
1680 75 118
1681 75 126
1682 75 132
1683 75 145
1684 75 155
1685 75 159
1686 75 179
1687 75 184
1688 75 188
1689 75 199
1690 76 97
1691 77 101
1692 77 142
1693 77 168
1694 77 180
1695 77 183
1696 78 83
1697 78 85
1698 78 92
1699 78 94
1700 78 102
1701 78 107
1702 78 112
1703 78 115
1704 78 122
1705 78 127
1706 78 128
1707 78 133
1708 78 144
1709 78 148
1710 78 152
1711 78 164
1712 78 167
1713 78 171
1714 78 178
1715 78 182
1716 78 186
1717 78 200
1718 78 207
1719 79 99
1720 80 84
1721 80 86
1722 80 91
1723 80 93
1724 80 103
1725 80 110
1726 80 111
1727 80 117
1728 80 119
1729 80 125
1730 80 126
1731 80 130
1732 80 131
1733 80 132
1734 80 140
1735 80 141
1736 80 146
1737 80 149
1738 80 151
1739 80 155
1740 80 159
1741 80 161
1742 80 166
1743 80 170
1744 80 177
1745 80 181
1746 80 189
1747 80 199
1748 80 202
1749 81 99
1750 81 150
1751 81 156
1752 81 196
1753 82 90
1754 82 100
1755 82 101
1756 82 121
1757 82 123
1758 82 129
1759 82 134
1760 82 142
1761 82 153
1762 82 168
1763 82 172
1764 82 180
1765 82 183
1766 82 187
1767 82 197
1768 82 209
1769 83 85
1770 83 92
1771 83 94
1772 83 102
1773 83 107
1774 83 112
1775 83 115
1776 83 122
1777 83 127
1778 83 128
1779 83 133
1780 83 144
1781 83 148
1782 83 152
1783 83 164
1784 83 167
1785 83 171
1786 83 178
1787 83 182
1788 83 186
1789 83 200
1790 83 207
1791 84 86
1792 84 91
1793 84 93
1794 84 98
1795 84 103
1796 84 105
1797 84 110
1798 84 111
1799 84 117
1800 84 118
1801 84 119
1802 84 125
1803 84 126
1804 84 130
1805 84 131
1806 84 132
1807 84 137
1808 84 140
1809 84 141
1810 84 145
1811 84 146
1812 84 149
1813 84 151
1814 84 155
1815 84 159
1816 84 161
1817 84 166
1818 84 170
1819 84 176
1820 84 177
1821 84 179
1822 84 181
1823 84 184
1824 84 188
1825 84 189
1826 84 199
1827 84 202
1828 84 205
1829 85 92
1830 85 94
1831 85 102
1832 85 104
1833 85 107
1834 85 112
1835 85 115
1836 85 122
1837 85 127
1838 85 128
1839 85 133
1840 85 144
1841 85 148
1842 85 152
1843 85 164
1844 85 167
1845 85 171
1846 85 178
1847 85 182
1848 85 186
1849 85 200
1850 85 207
1851 86 93
1852 86 103
1853 86 105
1854 86 110
1855 86 117
1856 86 119
1857 86 125
1858 86 130
1859 86 131
1860 86 132
1861 86 141
1862 86 146
1863 86 149
1864 86 151
1865 86 159
1866 86 166
1867 86 170
1868 86 176
1869 86 177
1870 86 181
1871 86 202
1872 87 88
1873 87 108
1874 87 193
1875 88 108
1876 88 193
1877 89 175
1878 90 100
1879 90 101
1880 90 120
1881 90 121
1882 90 123
1883 90 124
1884 90 129
1885 90 134
1886 90 142
1887 90 147
1888 90 153
1889 90 168
1890 90 172
1891 90 180
1892 90 183
1893 90 187
1894 90 195
1895 90 197
1896 90 209
1897 91 93
1898 91 98
1899 91 103
1900 91 110
1901 91 111
1902 91 117
1903 91 118
1904 91 119
1905 91 125
1906 91 126
1907 91 130
1908 91 131
1909 91 132
1910 91 137
1911 91 141
1912 91 145
1913 91 146
1914 91 149
1915 91 151
1916 91 155
1917 91 159
1918 91 161
1919 91 165
1920 91 166
1921 91 170
1922 91 177
1923 91 179
1924 91 181
1925 91 184
1926 91 185
1927 91 188
1928 91 199
1929 91 202
1930 92 94
1931 92 102
1932 92 104
1933 92 107
1934 92 112
1935 92 113
1936 92 115
1937 92 122
1938 92 127
1939 92 128
1940 92 133
1941 92 144
1942 92 148
1943 92 152
1944 92 164
1945 92 167
1946 92 171
1947 92 178
1948 92 182
1949 92 186
1950 92 194
1951 92 200
1952 92 204
1953 92 207
1954 93 98
1955 93 103
1956 93 105
1957 93 106
1958 93 110
1959 93 111
1960 93 117
1961 93 118
1962 93 119
1963 93 125
1964 93 126
1965 93 130
1966 93 131
1967 93 132
1968 93 140
1969 93 141
1970 93 146
1971 93 149
1972 93 151
1973 93 155
1974 93 159
1975 93 161
1976 93 166
1977 93 170
1978 93 176
1979 93 177
1980 93 179
1981 93 181
1982 93 184
1983 93 188
1984 93 189
1985 93 199
1986 93 202
1987 94 102
1988 94 104
1989 94 107
1990 94 112
1991 94 115
1992 94 122
1993 94 127
1994 94 128
1995 94 133
1996 94 144
1997 94 148
1998 94 152
1999 94 155
2000 94 164
2001 94 167
2002 94 171
2003 94 178
2004 94 182
2005 94 186
2006 94 194
2007 94 200
2008 94 204
2009 94 207
2010 95 109
2011 97 135
2012 98 103
2013 98 111
2014 98 117
2015 98 126
2016 98 131
2017 98 146
2018 98 149
2019 98 155
2020 98 159
2021 98 166
2022 98 170
2023 98 177
2024 98 181
2025 98 199
2026 99 150
2027 99 156
2028 99 196
2029 100 101
2030 100 121
2031 100 123
2032 100 129
2033 100 134
2034 100 142
2035 100 153
2036 100 168
2037 100 172
2038 100 180
2039 100 183
2040 100 187
2041 100 197
2042 100 209
2043 101 121
2044 101 123
2045 101 129
2046 101 134
2047 101 142
2048 101 153
2049 101 168
2050 101 172
2051 101 173
2052 101 180
2053 101 183
2054 101 187
2055 101 190
2056 101 197
2057 101 209
2058 102 107
2059 102 112
2060 102 115
2061 102 122
2062 102 127
2063 102 128
2064 102 133
2065 102 144
2066 102 148
2067 102 152
2068 102 164
2069 102 167
2070 102 171
2071 102 178
2072 102 182
2073 102 186
2074 102 200
2075 102 207
2076 103 105
2077 103 110
2078 103 111
2079 103 117
2080 103 118
2081 103 119
2082 103 125
2083 103 126
2084 103 130
2085 103 131
2086 103 132
2087 103 137
2088 103 140
2089 103 141
2090 103 145
2091 103 146
2092 103 149
2093 103 151
2094 103 155
2095 103 159
2096 103 161
2097 103 166
2098 103 170
2099 103 176
2100 103 177
2101 103 179
2102 103 181
2103 103 184
2104 103 188
2105 103 189
2106 103 199
2107 103 202
2108 103 205
2109 104 107
2110 104 112
2111 104 115
2112 104 122
2113 104 127
2114 104 133
2115 104 144
2116 104 152
2117 104 164
2118 104 167
2119 104 178
2120 104 182
2121 104 186
2122 104 200
2123 104 207
2124 105 110
2125 105 117
2126 105 119
2127 105 125
2128 105 130
2129 105 131
2130 105 132
2131 105 146
2132 105 149
2133 105 166
2134 105 176
2135 105 177
2136 105 181
2137 106 113
2138 106 120
2139 106 135
2140 106 154
2141 106 159
2142 106 162
2143 106 165
2144 106 169
2145 106 204
2146 107 112
2147 107 115
2148 107 122
2149 107 127
2150 107 128
2151 107 133
2152 107 144
2153 107 148
2154 107 152
2155 107 164
2156 107 167
2157 107 171
2158 107 178
2159 107 182
2160 107 186
2161 107 194
2162 107 200
2163 107 207
2164 108 193
2165 109 135
2166 109 165
2167 110 111
2168 110 117
2169 110 118
2170 110 119
2171 110 125
2172 110 126
2173 110 130
2174 110 131
2175 110 132
2176 110 137
2177 110 140
2178 110 141
2179 110 145
2180 110 146
2181 110 149
2182 110 151
2183 110 155
2184 110 159
2185 110 161
2186 110 166
2187 110 170
2188 110 176
2189 110 177
2190 110 179
2191 110 181
2192 110 184
2193 110 188
2194 110 189
2195 110 199
2196 110 202
2197 110 205
2198 111 117
2199 111 118
2200 111 119
2201 111 125
2202 111 126
2203 111 130
2204 111 131
2205 111 132
2206 111 137
2207 111 141
2208 111 145
2209 111 146
2210 111 149
2211 111 151
2212 111 155
2213 111 159
2214 111 161
2215 111 166
2216 111 170
2217 111 177
2218 111 179
2219 111 181
2220 111 184
2221 111 188
2222 111 199
2223 111 202
2224 112 115
2225 112 122
2226 112 127
2227 112 128
2228 112 133
2229 112 144
2230 112 148
2231 112 152
2232 112 164
2233 112 167
2234 112 171
2235 112 178
2236 112 182
2237 112 186
2238 112 194
2239 112 200
2240 112 207
2241 113 120
2242 113 126
2243 113 135
2244 113 155
2245 113 159
2246 113 162
2247 113 204
2248 114 154
2249 114 162
2250 114 169
2251 114 198
2252 115 122
2253 115 127
2254 115 128
2255 115 133
2256 115 144
2257 115 148
2258 115 152
2259 115 164
2260 115 167
2261 115 171
2262 115 178
2263 115 182
2264 115 186
2265 115 194
2266 115 200
2267 115 207
2268 116 158
2269 116 160
2270 116 208
2271 117 118
2272 117 119
2273 117 125
2274 117 126
2275 117 130
2276 117 131
2277 117 132
2278 117 140
2279 117 141
2280 117 145
2281 117 146
2282 117 149
2283 117 151
2284 117 155
2285 117 159
2286 117 161
2287 117 165
2288 117 166
2289 117 170
2290 117 176
2291 117 177
2292 117 179
2293 117 181
2294 117 184
2295 117 188
2296 117 189
2297 117 199
2298 117 202
2299 117 205
2300 118 125
2301 118 126
2302 118 130
2303 118 131
2304 118 145
2305 118 146
2306 118 149
2307 118 151
2308 118 155
2309 118 159
2310 118 161
2311 118 166
2312 118 170
2313 118 177
2314 118 179
2315 118 181
2316 118 184
2317 118 188
2318 118 199
2319 119 125
2320 119 126
2321 119 130
2322 119 131
2323 119 132
2324 119 141
2325 119 145
2326 119 146
2327 119 149
2328 119 151
2329 119 155
2330 119 159
2331 119 161
2332 119 166
2333 119 170
2334 119 176
2335 119 177
2336 119 181
2337 119 184
2338 119 189
2339 119 199
2340 119 202
2341 120 121
2342 120 134
2343 120 135
2344 120 142
2345 120 162
2346 120 165
2347 120 172
2348 120 183
2349 120 185
2350 121 123
2351 121 124
2352 121 129
2353 121 134
2354 121 135
2355 121 142
2356 121 147
2357 121 153
2358 121 168
2359 121 172
2360 121 173
2361 121 180
2362 121 183
2363 121 187
2364 121 190
2365 121 197
2366 121 209
2367 122 127
2368 122 128
2369 122 133
2370 122 144
2371 122 148
2372 122 152
2373 122 164
2374 122 167
2375 122 171
2376 122 178
2377 122 182
2378 122 186
2379 122 194
2380 122 200
2381 122 207
2382 123 124
2383 123 129
2384 123 134
2385 123 142
2386 123 147
2387 123 153
2388 123 168
2389 123 172
2390 123 173
2391 123 180
2392 123 183
2393 123 187
2394 123 190
2395 123 197
2396 123 209
2397 124 129
2398 124 134
2399 124 142
2400 124 147
2401 124 153
2402 124 168
2403 124 172
2404 124 180
2405 124 183
2406 124 209
2407 125 126
2408 125 130
2409 125 131
2410 125 132
2411 125 137
2412 125 141
2413 125 146
2414 125 149
2415 125 151
2416 125 155
2417 125 159
2418 125 161
2419 125 166
2420 125 170
2421 125 176
2422 125 177
2423 125 181
2424 125 184
2425 125 188
2426 125 189
2427 125 199
2428 125 202
2429 125 205
2430 126 130
2431 126 131
2432 126 132
2433 126 137
2434 126 141
2435 126 145
2436 126 146
2437 126 149
2438 126 151
2439 126 155
2440 126 159
2441 126 161
2442 126 165
2443 126 166
2444 126 170
2445 126 177
2446 126 179
2447 126 181
2448 126 184
2449 126 188
2450 126 189
2451 126 199
2452 126 202
2453 127 128
2454 127 133
2455 127 144
2456 127 148
2457 127 152
2458 127 164
2459 127 167
2460 127 171
2461 127 178
2462 127 182
2463 127 186
2464 127 194
2465 127 200
2466 127 207
2467 128 133
2468 128 144
2469 128 148
2470 128 152
2471 128 164
2472 128 167
2473 128 171
2474 128 178
2475 128 182
2476 128 186
2477 128 200
2478 128 207
2479 129 134
2480 129 142
2481 129 147
2482 129 153
2483 129 168
2484 129 172
2485 129 173
2486 129 180
2487 129 183
2488 129 187
2489 129 190
2490 129 197
2491 129 209
2492 130 131
2493 130 132
2494 130 137
2495 130 141
2496 130 146
2497 130 149
2498 130 151
2499 130 155
2500 130 159
2501 130 161
2502 130 166
2503 130 170
2504 130 176
2505 130 177
2506 130 179
2507 130 181
2508 130 184
2509 130 188
2510 130 189
2511 130 199
2512 130 202
2513 130 205
2514 131 132
2515 131 137
2516 131 140
2517 131 141
2518 131 145
2519 131 146
2520 131 149
2521 131 151
2522 131 155
2523 131 157
2524 131 159
2525 131 161
2526 131 166
2527 131 170
2528 131 176
2529 131 177
2530 131 179
2531 131 181
2532 131 184
2533 131 188
2534 131 189
2535 131 191
2536 131 199
2537 131 202
2538 131 205
2539 132 137
2540 132 140
2541 132 141
2542 132 146
2543 132 149
2544 132 151
2545 132 155
2546 132 159
2547 132 161
2548 132 166
2549 132 170
2550 132 176
2551 132 177
2552 132 181
2553 132 184
2554 132 188
2555 132 189
2556 132 199
2557 132 202
2558 133 144
2559 133 148
2560 133 152
2561 133 164
2562 133 167
2563 133 171
2564 133 178
2565 133 182
2566 133 186
2567 133 194
2568 133 200
2569 133 204
2570 133 207
2571 134 142
2572 134 147
2573 134 153
2574 134 168
2575 134 172
2576 134 173
2577 134 180
2578 134 183
2579 134 187
2580 134 190
2581 134 197
2582 134 209
2583 135 162
2584 135 165
2585 135 169
2586 135 172
2587 135 192
2588 135 206
2589 136 154
2590 136 162
2591 136 169
2592 136 192
2593 137 141
2594 137 149
2595 137 151
2596 137 155
2597 137 157
2598 137 161
2599 137 199
2600 137 202
2601 137 205
2602 140 141
2603 140 146
2604 140 149
2605 140 166
2606 140 170
2607 140 177
2608 140 181
2609 140 202
2610 141 146
2611 141 149
2612 141 151
2613 141 155
2614 141 159
2615 141 161
2616 141 166
2617 141 170
2618 141 176
2619 141 177
2620 141 181
2621 141 184
2622 141 188
2623 141 189
2624 141 199
2625 141 202
2626 142 147
2627 142 153
2628 142 168
2629 142 172
2630 142 180
2631 142 183
2632 142 187
2633 142 197
2634 142 209
2635 143 185
2636 144 148
2637 144 152
2638 144 164
2639 144 167
2640 144 171
2641 144 178
2642 144 182
2643 144 186
2644 144 200
2645 144 207
2646 145 149
2647 145 155
2648 145 159
2649 145 179
2650 145 184
2651 145 188
2652 145 199
2653 146 149
2654 146 151
2655 146 155
2656 146 159
2657 146 161
2658 146 166
2659 146 170
2660 146 176
2661 146 177
2662 146 179
2663 146 181
2664 146 184
2665 146 188
2666 146 189
2667 146 199
2668 146 202
2669 146 205
2670 147 153
2671 147 168
2672 147 172
2673 147 180
2674 147 183
2675 147 209
2676 148 152
2677 148 164
2678 148 167
2679 148 171
2680 148 178
2681 148 182
2682 148 186
2683 148 200
2684 148 207
2685 149 151
2686 149 155
2687 149 157
2688 149 159
2689 149 161
2690 149 166
2691 149 170
2692 149 176
2693 149 177
2694 149 179
2695 149 181
2696 149 184
2697 149 188
2698 149 189
2699 149 191
2700 149 199
2701 149 202
2702 149 205
2703 150 156
2704 150 196
2705 151 155
2706 151 159
2707 151 161
2708 151 166
2709 151 170
2710 151 176
2711 151 177
2712 151 181
2713 151 188
2714 151 189
2715 151 199
2716 151 202
2717 152 164
2718 152 167
2719 152 171
2720 152 178
2721 152 182
2722 152 186
2723 152 194
2724 152 200
2725 152 207
2726 153 168
2727 153 172
2728 153 173
2729 153 180
2730 153 183
2731 153 187
2732 153 190
2733 153 197
2734 153 209
2735 154 162
2736 154 169
2737 154 192
2738 154 198
2739 155 159
2740 155 161
2741 155 165
2742 155 166
2743 155 170
2744 155 177
2745 155 179
2746 155 181
2747 155 184
2748 155 188
2749 155 189
2750 155 199
2751 155 202
2752 156 196
2753 157 161
2754 157 205
2755 158 160
2756 158 208
2757 159 161
2758 159 165
2759 159 166
2760 159 170
2761 159 177
2762 159 179
2763 159 181
2764 159 184
2765 159 188
2766 159 189
2767 159 199
2768 159 202
2769 159 204
2770 160 208
2771 161 166
2772 161 170
2773 161 177
2774 161 181
2775 161 184
2776 161 189
2777 161 199
2778 161 202
2779 161 205
2780 162 169
2781 162 192
2782 164 167
2783 164 171
2784 164 178
2785 164 182
2786 164 186
2787 164 200
2788 164 207
2789 165 169
2790 165 185
2791 165 199
2792 165 204
2793 166 170
2794 166 176
2795 166 177
2796 166 179
2797 166 181
2798 166 184
2799 166 188
2800 166 189
2801 166 199
2802 166 202
2803 166 205
2804 167 171
2805 167 178
2806 167 182
2807 167 186
2808 167 200
2809 167 207
2810 168 172
2811 168 180
2812 168 183
2813 168 187
2814 168 190
2815 168 197
2816 168 209
2817 169 192
2818 170 176
2819 170 177
2820 170 181
2821 170 184
2822 170 189
2823 170 199
2824 170 202
2825 170 205
2826 171 178
2827 171 182
2828 171 186
2829 171 200
2830 171 207
2831 172 180
2832 172 183
2833 172 187
2834 172 197
2835 172 209
2836 173 187
2837 173 190
2838 173 197
2839 173 209
2840 174 201
2841 176 177
2842 176 181
2843 176 202
2844 177 179
2845 177 181
2846 177 184
2847 177 188
2848 177 189
2849 177 199
2850 177 202
2851 177 205
2852 178 182
2853 178 186
2854 178 200
2855 178 207
2856 179 181
2857 179 184
2858 179 188
2859 179 199
2860 180 183
2861 180 187
2862 180 195
2863 180 197
2864 180 209
2865 181 184
2866 181 188
2867 181 189
2868 181 199
2869 181 202
2870 181 205
2871 182 186
2872 182 200
2873 182 207
2874 183 187
2875 183 197
2876 183 209
2877 184 188
2878 184 199
2879 184 202
2880 185 211
2881 186 194
2882 186 200
2883 186 207
2884 187 190
2885 187 197
2886 187 209
2887 188 199
2888 188 202
2889 189 202
2890 190 197
2891 190 209
2892 194 200
2893 194 207
2894 197 209
2895 199 202
2896 200 207
