1 1 2
2 1 4
3 1 6
4 1 7
5 1 9
6 1 13
7 1 14
8 1 18
9 1 23
10 1 24
11 1 25
12 1 26
13 1 28
14 1 29
15 1 35
16 1 38
17 1 39
18 1 41
19 1 43
20 1 44
21 1 56
22 1 57
23 1 58
24 1 59
25 1 62
26 1 64
27 1 66
28 1 70
29 1 72
30 1 75
31 1 80
32 1 84
33 1 85
34 1 91
35 1 93
36 1 97
37 1 98
38 1 99
39 1 103
40 1 106
41 1 110
42 1 111
43 1 113
44 1 117
45 1 118
46 1 119
47 1 125
48 1 126
49 1 130
50 1 131
51 1 132
52 1 135
53 1 137
54 1 141
55 1 144
56 1 145
57 1 146
58 1 149
59 1 151
60 1 155
61 1 157
62 1 159
63 1 160
64 1 161
65 1 165
66 1 166
67 1 167
68 1 170
69 1 174
70 1 177
71 1 178
72 1 179
73 1 181
74 1 182
75 1 184
76 1 185
77 1 188
78 1 189
79 1 199
80 1 201
81 1 202
82 1 205
83 2 4
84 2 6
85 2 7
86 2 8
87 2 10
88 2 12
89 2 14
90 2 18
91 2 19
92 2 21
93 2 22
94 2 23
95 2 24
96 2 25
97 2 26
98 2 27
99 2 28
100 2 32
101 2 33
102 2 36
103 2 37
104 2 38
105 2 41
106 2 42
107 2 44
108 2 45
109 2 46
110 2 48
111 2 49
112 2 51
113 2 52
114 2 54
115 2 56
116 2 58
117 2 59
118 2 61
119 2 62
120 2 63
121 2 64
122 2 65
123 2 66
124 2 67
125 2 68
126 2 69
127 2 70
128 2 71
129 2 72
130 2 73
131 2 75
132 2 80
133 2 83
134 2 84
135 2 90
136 2 91
137 2 92
138 2 93
139 2 94
140 2 95
141 2 97
142 2 98
143 2 101
144 2 102
145 2 103
146 2 106
147 2 107
148 2 109
149 2 110
150 2 111
151 2 112
152 2 113
153 2 114
154 2 115
155 2 117
156 2 119
157 2 120
158 2 121
159 2 122
160 2 123
161 2 124
162 2 126
163 2 127
164 2 129
165 2 130
166 2 133
167 2 134
168 2 135
169 2 136
170 2 141
171 2 142
172 2 143
173 2 145
174 2 146
175 2 147
176 2 152
177 2 153
178 2 154
179 2 155
180 2 159
181 2 160
182 2 162
183 2 164
184 2 165
185 2 166
186 2 168
187 2 169
188 2 170
189 2 172
190 2 173
191 2 174
192 2 177
193 2 179
194 2 180
195 2 181
196 2 183
197 2 184
198 2 185
199 2 186
200 2 187
201 2 188
202 2 190
203 2 192
204 2 195
205 2 196
206 2 197
207 2 199
208 2 200
209 2 201
210 2 202
211 2 204
212 2 206
213 2 209
214 3 10
215 3 49
216 3 58
217 3 61
218 3 65
219 3 67
220 3 73
221 3 106
222 3 114
223 3 120
224 3 136
225 3 139
226 3 154
227 3 162
228 3 169
229 3 192
230 4 6
231 4 7
232 4 8
233 4 9
234 4 10
235 4 13
236 4 14
237 4 18
238 4 19
239 4 21
240 4 22
241 4 23
242 4 24
243 4 25
244 4 26
245 4 27
246 4 28
247 4 29
248 4 32
249 4 33
250 4 36
251 4 37
252 4 38
253 4 39
254 4 41
255 4 42
256 4 44
257 4 48
258 4 52
259 4 53
260 4 54
261 4 57
262 4 58
263 4 60
264 4 61
265 4 62
266 4 64
267 4 65
268 4 67
269 4 69
270 4 70
271 4 71
272 4 73
273 4 74
274 4 75
275 4 83
276 4 84
277 4 90
278 4 91
279 4 92
280 4 93
281 4 94
282 4 95
283 4 97
284 4 98
285 4 99
286 4 101
287 4 102
288 4 103
289 4 106
290 4 107
291 4 109
292 4 110
293 4 111
294 4 112
295 4 113
296 4 115
297 4 117
298 4 118
299 4 119
300 4 120
301 4 121
302 4 122
303 4 123
304 4 125
305 4 126
306 4 127
307 4 128
308 4 130
309 4 131
310 4 133
311 4 134
312 4 135
313 4 141
314 4 144
315 4 145
316 4 146
317 4 148
318 4 149
319 4 151
320 4 152
321 4 154
322 4 155
323 4 159
324 4 160
325 4 162
326 4 164
327 4 165
328 4 166
329 4 167
330 4 169
331 4 170
332 4 172
333 4 174
334 4 178
335 4 179
336 4 181
337 4 182
338 4 184
339 4 185
340 4 186
341 4 192
342 4 199
343 4 200
344 4 201
345 4 202
346 4 204
347 4 206
348 5 55
349 6 7
350 6 8
351 6 9
352 6 13
353 6 14
354 6 18
355 6 19
356 6 21
357 6 23
358 6 24
359 6 25
360 6 26
361 6 27
362 6 28
363 6 29
364 6 30
365 6 31
366 6 34
367 6 35
368 6 39
369 6 41
370 6 42
371 6 44
372 6 45
373 6 51
374 6 53
375 6 56
376 6 57
377 6 58
378 6 59
379 6 62
380 6 64
381 6 66
382 6 70
383 6 72
384 6 75
385 6 76
386 6 79
387 6 84
388 6 91
389 6 92
390 6 97
391 6 98
392 6 99
393 6 103
394 6 106
395 6 107
396 6 110
397 6 111
398 6 113
399 6 116
400 6 117
401 6 118
402 6 119
403 6 120
404 6 125
405 6 126
406 6 127
407 6 130
408 6 131
409 6 132
410 6 135
411 6 141
412 6 144
413 6 145
414 6 146
415 6 149
416 6 155
417 6 158
418 6 159
419 6 160
420 6 164
421 6 165
422 6 166
423 6 167
424 6 170
425 6 177
426 6 178
427 6 179
428 6 181
429 6 182
430 6 184
431 6 188
432 6 199
433 6 202
434 6 204
435 6 208
436 7 9
437 7 10
438 7 14
439 7 18
440 7 21
441 7 23
442 7 24
443 7 25
444 7 26
445 7 28
446 7 29
447 7 35
448 7 38
449 7 39
450 7 41
451 7 43
452 7 44
453 7 53
454 7 56
455 7 58
456 7 59
457 7 61
458 7 62
459 7 64
460 7 65
461 7 66
462 7 67
463 7 70
464 7 72
465 7 73
466 7 75
467 7 80
468 7 84
469 7 91
470 7 92
471 7 93
472 7 97
473 7 98
474 7 99
475 7 103
476 7 106
477 7 110
478 7 111
479 7 112
480 7 113
481 7 117
482 7 118
483 7 119
484 7 120
485 7 125
486 7 126
487 7 130
488 7 131
489 7 132
490 7 135
491 7 141
492 7 145
493 7 146
494 7 149
495 7 151
496 7 155
497 7 158
498 7 159
499 7 160
500 7 161
501 7 162
502 7 165
503 7 166
504 7 170
505 7 174
506 7 177
507 7 179
508 7 181
509 7 184
510 7 185
511 7 186
512 7 188
513 7 189
514 7 199
515 7 200
516 7 201
517 7 202
518 7 205
519 7 208
520 8 10
521 8 19
522 8 27
523 8 30
524 8 45
525 8 51
526 8 52
527 8 58
528 8 62
529 8 64
530 8 70
531 8 76
532 8 97
533 8 106
534 8 113
535 8 120
536 8 135
537 8 155
538 8 158
539 8 160
540 8 165
541 8 170
542 8 208
543 9 10
544 9 18
545 9 24
546 9 25
547 9 27
548 9 28
549 9 29
550 9 31
551 9 32
552 9 36
553 9 38
554 9 41
555 9 42
556 9 53
557 9 57
558 9 58
559 9 62
560 9 64
561 9 67
562 9 71
563 9 75
564 9 79
565 9 81
566 9 85
567 9 91
568 9 92
569 9 97
570 9 98
571 9 99
572 9 106
573 9 111
574 9 113
575 9 126
576 9 133
577 9 137
578 9 143
579 9 150
580 9 152
581 9 155
582 9 156
583 9 159
584 9 160
585 9 165
586 9 177
587 9 184
588 9 185
589 9 196
590 9 199
591 9 204
592 9 207
593 10 13
594 10 14
595 10 18
596 10 19
597 10 21
598 10 22
599 10 24
600 10 25
601 10 26
602 10 28
603 10 29
604 10 32
605 10 33
606 10 34
607 10 36
608 10 37
609 10 38
610 10 39
611 10 41
612 10 42
613 10 44
614 10 45
615 10 48
616 10 49
617 10 51
618 10 52
619 10 53
620 10 54
621 10 57
622 10 58
623 10 60
624 10 61
625 10 62
626 10 63
627 10 64
628 10 65
629 10 66
630 10 67
631 10 69
632 10 70
633 10 71
634 10 73
635 10 74
636 10 75
637 10 83
638 10 88
639 10 90
640 10 91
641 10 92
642 10 94
643 10 95
644 10 97
645 10 98
646 10 99
647 10 102
648 10 106
649 10 107
650 10 109
651 10 111
652 10 112
653 10 113
654 10 114
655 10 115
656 10 117
657 10 118
658 10 120
659 10 121
660 10 122
661 10 126
662 10 127
663 10 128
664 10 130
665 10 133
666 10 134
667 10 135
668 10 136
669 10 139
670 10 144
671 10 146
672 10 148
673 10 152
674 10 154
675 10 155
676 10 159
677 10 160
678 10 162
679 10 164
680 10 165
681 10 166
682 10 167
683 10 169
684 10 170
685 10 171
686 10 172
687 10 174
688 10 178
689 10 181
690 10 182
691 10 185
692 10 186
693 10 192
694 10 198
695 10 199
696 10 200
697 10 201
698 10 204
699 10 206
700 10 207
701 11 17
702 12 19
703 12 33
704 12 37
705 12 42
706 12 46
707 12 52
708 12 54
709 12 58
710 12 63
711 12 65
712 12 68
713 12 69
714 12 77
715 12 82
716 12 90
717 12 100
718 12 101
719 12 107
720 12 113
721 12 120
722 12 121
723 12 123
724 12 124
725 12 129
726 12 134
727 12 135
728 12 142
729 12 147
730 12 153
731 12 168
732 12 172
733 12 173
734 12 180
735 12 183
736 12 187
737 12 190
738 12 195
739 12 197
740 12 209
741 13 18
742 13 21
743 13 22
744 13 25
745 13 27
746 13 32
747 13 34
748 13 36
749 13 38
750 13 40
751 13 41
752 13 42
753 13 48
754 13 50
755 13 53
756 13 57
757 13 58
758 13 62
759 13 64
760 13 65
761 13 67
762 13 70
763 13 71
764 13 73
765 13 78
766 13 83
767 13 85
768 13 91
769 13 92
770 13 93
771 13 94
772 13 97
773 13 102
774 13 104
775 13 106
776 13 107
777 13 112
778 13 113
779 13 115
780 13 116
781 13 117
782 13 120
783 13 122
784 13 126
785 13 127
786 13 128
787 13 133
788 13 144
789 13 145
790 13 148
791 13 152
792 13 154
793 13 155
794 13 159
795 13 160
796 13 164
797 13 165
798 13 167
799 13 171
800 13 178
801 13 182
802 13 186
803 13 194
804 13 199
805 13 200
806 13 201
807 13 204
808 13 207
809 14 19
810 14 20
811 14 23
812 14 24
813 14 25
814 14 26
815 14 27
816 14 28
817 14 32
818 14 35
819 14 36
820 14 38
821 14 39
822 14 41
823 14 42
824 14 43
825 14 44
826 14 47
827 14 52
828 14 56
829 14 58
830 14 59
831 14 61
832 14 62
833 14 65
834 14 66
835 14 67
836 14 70
837 14 71
838 14 72
839 14 75
840 14 80
841 14 84
842 14 86
843 14 91
844 14 92
845 14 93
846 14 94
847 14 97
848 14 98
849 14 103
850 14 105
851 14 106
852 14 107
853 14 110
854 14 111
855 14 113
856 14 115
857 14 117
858 14 118
859 14 119
860 14 120
861 14 122
862 14 125
863 14 126
864 14 127
865 14 130
866 14 131
867 14 132
868 14 133
869 14 134
870 14 135
871 14 137
872 14 140
873 14 141
874 14 143
875 14 145
876 14 146
877 14 149
878 14 151
879 14 155
880 14 157
881 14 159
882 14 161
883 14 165
884 14 166
885 14 170
886 14 175
887 14 176
888 14 177
889 14 179
890 14 181
891 14 184
892 14 185
893 14 188
894 14 189
895 14 191
896 14 199
897 14 201
898 14 202
899 14 204
900 14 205
901 14 208
902 15 210
903 16 39
904 16 75
905 16 80
906 16 111
907 16 143
908 16 185
909 16 211
910 18 19
911 18 21
912 18 22
913 18 25
914 18 26
915 18 27
916 18 28
917 18 29
918 18 32
919 18 34
920 18 36
921 18 38
922 18 40
923 18 41
924 18 42
925 18 45
926 18 48
927 18 50
928 18 53
929 18 57
930 18 58
931 18 61
932 18 62
933 18 65
934 18 67
935 18 69
936 18 70
937 18 71
938 18 72
939 18 73
940 18 75
941 18 78
942 18 83
943 18 85
944 18 86
945 18 91
946 18 92
947 18 93
948 18 94
949 18 97
950 18 98
951 18 99
952 18 102
953 18 104
954 18 106
955 18 107
956 18 111
957 18 112
958 18 113
959 18 115
960 18 116
961 18 118
962 18 120
963 18 121
964 18 122
965 18 126
966 18 127
967 18 128
968 18 133
969 18 135
970 18 144
971 18 148
972 18 152
973 18 154
974 18 155
975 18 158
976 18 159
977 18 160
978 18 162
979 18 164
980 18 165
981 18 167
982 18 169
983 18 171
984 18 174
985 18 178
986 18 182
987 18 184
988 18 185
989 18 186
990 18 188
991 18 194
992 18 199
993 18 200
994 18 207
995 19 21
996 19 22
997 19 24
998 19 25
999 19 26
1000 19 27
1001 19 32
1002 19 33
1003 19 35
1004 19 36
1005 19 37
1006 19 38
1007 19 39
1008 19 41
1009 19 42
1010 19 44
1011 19 46
1012 19 51
1013 19 52
1014 19 53
1015 19 54
1016 19 56
1017 19 58
1018 19 59
1019 19 60
1020 19 62
1021 19 63
1022 19 64
1023 19 65
1024 19 67
1025 19 68
1026 19 69
1027 19 70
1028 19 71
1029 19 72
1030 19 73
1031 19 74
1032 19 75
1033 19 77
1034 19 80
1035 19 82
1036 19 84
1037 19 90
1038 19 91
1039 19 92
1040 19 93
1041 19 94
1042 19 95
1043 19 96
1044 19 97
1045 19 100
1046 19 101
1047 19 103
1048 19 106
1049 19 107
1050 19 109
1051 19 110
1052 19 111
1053 19 112
1054 19 113
1055 19 115
1056 19 117
1057 19 119
1058 19 120
1059 19 121
1060 19 122
1061 19 123
1062 19 124
1063 19 125
1064 19 126
1065 19 127
1066 19 129
1067 19 130
1068 19 131
1069 19 132
1070 19 133
1071 19 134
1072 19 135
1073 19 142
1074 19 143
1075 19 146
1076 19 147
1077 19 149
1078 19 151
1079 19 152
1080 19 153
1081 19 154
1082 19 155
1083 19 159
1084 19 160
1085 19 161
1086 19 162
1087 19 164
1088 19 165
1089 19 166
1090 19 168
1091 19 169
1092 19 170
1093 19 172
1094 19 173
1095 19 177
1096 19 179
1097 19 180
1098 19 181
1099 19 183
1100 19 185
1101 19 186
1102 19 187
1103 19 188
1104 19 190
1105 19 195
1106 19 197
1107 19 199
1108 19 200
1109 19 203
1110 19 204
1111 19 209
1112 20 23
1113 20 24
1114 20 26
1115 20 35
1116 20 38
1117 20 39
1118 20 43
1119 20 44
1120 20 56
1121 20 58
1122 20 59
1123 20 70
1124 20 72
1125 20 80
1126 20 84
1127 20 86
1128 20 91
1129 20 93
1130 20 103
1131 20 105
1132 20 110
1133 20 111
1134 20 117
1135 20 119
1136 20 125
1137 20 126
1138 20 130
1139 20 131
1140 20 132
1141 20 141
1142 20 146
1143 20 149
1144 20 151
1145 20 155
1146 20 159
1147 20 161
1148 20 166
1149 20 170
1150 20 176
1151 20 177
1152 20 181
1153 20 188
1154 20 189
1155 20 202
1156 21 22
1157 21 25
1158 21 26
1159 21 27
1160 21 28
1161 21 32
1162 21 33
1163 21 34
1164 21 36
1165 21 38
1166 21 39
1167 21 40
1168 21 41
1169 21 42
1170 21 45
1171 21 48
1172 21 50
1173 21 52
1174 21 53
1175 21 57
1176 21 58
1177 21 62
1178 21 64
1179 21 65
1180 21 66
1181 21 67
1182 21 70
1183 21 71
1184 21 73
1185 21 74
1186 21 78
1187 21 80
1188 21 83
1189 21 84
1190 21 85
1191 21 91
1192 21 92
1193 21 93
1194 21 94
1195 21 97
1196 21 98
1197 21 102
1198 21 103
1199 21 104
1200 21 106
1201 21 107
1202 21 109
1203 21 110
1204 21 111
1205 21 112
1206 21 113
1207 21 115
1208 21 116
1209 21 117
1210 21 118
1211 21 120
1212 21 122
1213 21 126
1214 21 127
1215 21 128
1216 21 131
1217 21 133
1218 21 135
1219 21 144
1220 21 145
1221 21 148
1222 21 149
1223 21 152
1224 21 155
1225 21 158
1226 21 159
1227 21 160
1228 21 162
1229 21 164
1230 21 165
1231 21 166
1232 21 167
1233 21 171
1234 21 174
1235 21 178
1236 21 179
1237 21 182
1238 21 184
1239 21 185
1240 21 186
1241 21 194
1242 21 199
1243 21 200
1244 21 201
1245 21 204
1246 21 207
1247 21 208
1248 22 26
1249 22 32
1250 22 34
1251 22 36
1252 22 38
1253 22 40
1254 22 41
1255 22 42
1256 22 45
1257 22 48
1258 22 50
1259 22 53
1260 22 57
1261 22 58
1262 22 61
1263 22 62
1264 22 65
1265 22 67
1266 22 70
1267 22 71
1268 22 73
1269 22 78
1270 22 83
1271 22 85
1272 22 91
1273 22 92
1274 22 94
1275 22 102
1276 22 104
1277 22 106
1278 22 107
1279 22 111
1280 22 112
1281 22 113
1282 22 115
1283 22 116
1284 22 120
1285 22 122
1286 22 126
1287 22 127
1288 22 128
1289 22 133
1290 22 135
1291 22 144
1292 22 148
1293 22 152
1294 22 155
1295 22 159
1296 22 160
1297 22 162
1298 22 164
1299 22 165
1300 22 166
1301 22 167
1302 22 171
1303 22 178
1304 22 182
1305 22 186
1306 22 194
1307 22 200
1308 22 204
1309 22 207
1310 23 24
1311 23 25
1312 23 26
1313 23 27
1314 23 28
1315 23 35
1316 23 38
1317 23 39
1318 23 41
1319 23 43
1320 23 44
1321 23 56
1322 23 58
1323 23 59
1324 23 62
1325 23 64
1326 23 65
1327 23 66
1328 23 67
1329 23 70
1330 23 72
1331 23 75
1332 23 80
1333 23 84
1334 23 86
1335 23 91
1336 23 93
1337 23 97
1338 23 98
1339 23 103
1340 23 105
1341 23 106
1342 23 107
1343 23 110
1344 23 111
1345 23 113
1346 23 116
1347 23 117
1348 23 118
1349 23 119
1350 23 120
1351 23 125
1352 23 126
1353 23 130
1354 23 131
1355 23 132
1356 23 135
1357 23 137
1358 23 140
1359 23 141
1360 23 145
1361 23 146
1362 23 149
1363 23 151
1364 23 155
1365 23 157
1366 23 159
1367 23 161
1368 23 162
1369 23 165
1370 23 166
1371 23 170
1372 23 174
1373 23 176
1374 23 177
1375 23 179
1376 23 181
1377 23 184
1378 23 185
1379 23 188
1380 23 189
1381 23 191
1382 23 199
1383 23 202
1384 23 204
1385 23 205
1386 23 208
1387 24 25
1388 24 26
1389 24 27
1390 24 28
1391 24 35
1392 24 38
1393 24 39
1394 24 41
1395 24 43
1396 24 44
1397 24 47
1398 24 52
1399 24 56
1400 24 58
1401 24 59
1402 24 64
1403 24 66
1404 24 67
1405 24 70
1406 24 72
1407 24 75
1408 24 80
1409 24 84
1410 24 86
1411 24 91
1412 24 93
1413 24 97
1414 24 98
1415 24 99
1416 24 103
1417 24 105
1418 24 106
1419 24 110
1420 24 111
1421 24 113
1422 24 117
1423 24 118
1424 24 119
1425 24 125
1426 24 126
1427 24 130
1428 24 131
1429 24 132
1430 24 135
1431 24 137
1432 24 140
1433 24 141
1434 24 143
1435 24 145
1436 24 146
1437 24 149
1438 24 151
1439 24 155
1440 24 157
1441 24 159
1442 24 160
1443 24 161
1444 24 162
1445 24 165
1446 24 166
1447 24 170
1448 24 176
1449 24 177
1450 24 179
1451 24 181
1452 24 184
1453 24 185
1454 24 188
1455 24 189
1456 24 191
1457 24 199
1458 24 201
1459 24 202
1460 24 204
1461 24 205
1462 25 26
1463 25 27
1464 25 28
1465 25 29
1466 25 35
1467 25 38
1468 25 39
1469 25 41
1470 25 43
1471 25 44
1472 25 56
1473 25 57
1474 25 58
1475 25 59
1476 25 62
1477 25 64
1478 25 66
1479 25 67
1480 25 70
1481 25 72
1482 25 75
1483 25 80
1484 25 84
1485 25 85
1486 25 86
1487 25 91
1488 25 92
1489 25 93
1490 25 94
1491 25 97
1492 25 98
1493 25 99
1494 25 103
1495 25 105
1496 25 106
1497 25 110
1498 25 111
1499 25 113
1500 25 115
1501 25 117
1502 25 118
1503 25 119
1504 25 125
1505 25 126
1506 25 130
1507 25 131
1508 25 132
1509 25 135
1510 25 137
1511 25 141
1512 25 143
1513 25 144
1514 25 145
1515 25 146
1516 25 149
1517 25 151
1518 25 155
1519 25 157
1520 25 159
1521 25 160
1522 25 161
1523 25 164
1524 25 165
1525 25 166
1526 25 167
1527 25 170
1528 25 174
1529 25 176
1530 25 177
1531 25 178
1532 25 179
1533 25 181
1534 25 182
1535 25 184
1536 25 185
1537 25 188
1538 25 189
1539 25 199
1540 25 201
1541 25 202
1542 25 204
1543 25 205
1544 25 211
1545 26 27
1546 26 28
1547 26 32
1548 26 33
1549 26 35
1550 26 37
1551 26 38
1552 26 39
1553 26 41
1554 26 43
1555 26 44
1556 26 48
1557 26 56
1558 26 57
1559 26 58
1560 26 59
1561 26 62
1562 26 64
1563 26 66
1564 26 67
1565 26 70
1566 26 72
1567 26 75
1568 26 80
1569 26 84
1570 26 85
1571 26 86
1572 26 90
1573 26 91
1574 26 92
1575 26 93
1576 26 94
1577 26 97
1578 26 98
1579 26 103
1580 26 105
1581 26 106
1582 26 107
1583 26 110
1584 26 111
1585 26 113
1586 26 115
1587 26 116
1588 26 117
1589 26 118
1590 26 119
1591 26 120
1592 26 123
1593 26 125
1594 26 126
1595 26 130
1596 26 131
1597 26 132
1598 26 135
1599 26 137
1600 26 141
1601 26 145
1602 26 146
1603 26 149
1604 26 151
1605 26 152
1606 26 155
1607 26 157
1608 26 158
1609 26 159
1610 26 160
1611 26 161
1612 26 164
1613 26 165
1614 26 166
1615 26 170
1616 26 174
1617 26 176
1618 26 177
1619 26 179
1620 26 181
1621 26 184
1622 26 185
1623 26 188
1624 26 189
1625 26 199
1626 26 201
1627 26 202
1628 26 204
1629 26 205
1630 27 29
1631 27 30
1632 27 31
1633 27 34
1634 27 35
1635 27 39
1636 27 41
1637 27 42
1638 27 44
1639 27 45
1640 27 51
1641 27 53
1642 27 56
1643 27 57
1644 27 58
1645 27 59
1646 27 62
1647 27 64
1648 27 66
1649 27 70
1650 27 72
1651 27 75
1652 27 76
1653 27 79
1654 27 84
1655 27 91
1656 27 92
1657 27 97
1658 27 99
1659 27 103
1660 27 106
1661 27 110
1662 27 111
1663 27 113
1664 27 116
1665 27 117
1666 27 118
1667 27 119
1668 27 120
1669 27 125
1670 27 126
1671 27 130
1672 27 131
1673 27 132
1674 27 135
1675 27 141
1676 27 144
1677 27 145
1678 27 146
1679 27 149
1680 27 155
1681 27 158
1682 27 159
1683 27 160
1684 27 164
1685 27 165
1686 27 166
1687 27 167
1688 27 170
1689 27 177
1690 27 178
1691 27 179
1692 27 181
1693 27 182
1694 27 184
1695 27 188
1696 27 199
1697 27 202
1698 27 204
1699 27 208
1700 28 29
1701 28 35
1702 28 38
1703 28 39
1704 28 41
1705 28 43
1706 28 44
1707 28 53
1708 28 56
1709 28 58
1710 28 59
1711 28 61
1712 28 62
1713 28 64
1714 28 65
1715 28 66
1716 28 67
1717 28 70
1718 28 72
1719 28 73
1720 28 75
1721 28 80
1722 28 84
1723 28 91
1724 28 92
1725 28 93
1726 28 97
1727 28 98
1728 28 99
1729 28 103
1730 28 106
1731 28 110
1732 28 111
1733 28 112
1734 28 113
1735 28 117
1736 28 118
1737 28 119
1738 28 120
1739 28 125
1740 28 126
1741 28 130
1742 28 131
1743 28 132
1744 28 135
1745 28 141
1746 28 145
1747 28 146
1748 28 149
1749 28 151
1750 28 155
1751 28 158
1752 28 159
1753 28 160
1754 28 161
1755 28 162
1756 28 165
1757 28 166
1758 28 170
1759 28 174
1760 28 177
1761 28 179
1762 28 181
1763 28 184
1764 28 185
1765 28 186
1766 28 188
1767 28 189
1768 28 199
1769 28 200
1770 28 201
1771 28 202
1772 28 205
1773 28 208
1774 29 31
1775 29 36
1776 29 38
1777 29 41
1778 29 42
1779 29 44
1780 29 53
1781 29 57
1782 29 58
1783 29 62
1784 29 64
1785 29 67
1786 29 71
1787 29 75
1788 29 79
1789 29 81
1790 29 85
1791 29 91
1792 29 92
1793 29 97
1794 29 98
1795 29 99
1796 29 106
1797 29 111
1798 29 113
1799 29 126
1800 29 130
1801 29 133
1802 29 137
1803 29 143
1804 29 150
1805 29 152
1806 29 155
1807 29 156
1808 29 159
1809 29 160
1810 29 165
1811 29 177
1812 29 184
1813 29 185
1814 29 196
1815 29 199
1816 29 204
1817 29 207
1818 30 45
1819 30 51
1820 30 76
1821 30 97
1822 31 62
1823 31 79
1824 31 81
1825 31 84
1826 31 97
1827 31 99
1828 31 103
1829 31 106
1830 31 150
1831 31 156
1832 31 196
1833 32 34
1834 32 36
1835 32 38
1836 32 40
1837 32 42
1838 32 45
1839 32 48
1840 32 50
1841 32 53
1842 32 57
1843 32 58
1844 32 60
1845 32 61
1846 32 62
1847 32 65
1848 32 67
1849 32 70
1850 32 71
1851 32 73
1852 32 74
1853 32 78
1854 32 83
1855 32 85
1856 32 91
1857 32 92
1858 32 94
1859 32 102
1860 32 104
1861 32 106
1862 32 107
1863 32 111
1864 32 112
1865 32 113
1866 32 115
1867 32 116
1868 32 120
1869 32 122
1870 32 126
1871 32 127
1872 32 128
1873 32 133
1874 32 135
1875 32 144
1876 32 146
1877 32 148
1878 32 152
1879 32 154
1880 32 155
1881 32 158
1882 32 159
1883 32 160
1884 32 164
1885 32 165
1886 32 166
1887 32 167
1888 32 171
1889 32 178
1890 32 181
1891 32 182
1892 32 184
1893 32 186
1894 32 194
1895 32 200
1896 32 204
1897 32 207
1898 32 208
1899 33 36
1900 33 37
1901 33 41
1902 33 42
1903 33 46
1904 33 52
1905 33 53
1906 33 54
1907 33 58
1908 33 63
1909 33 65
1910 33 67
1911 33 68
1912 33 69
1913 33 71
1914 33 73
1915 33 77
1916 33 82
1917 33 90
1918 33 92
1919 33 96
1920 33 100
1921 33 101
1922 33 106
1923 33 107
1924 33 109
1925 33 112
1926 33 113
1927 33 120
1928 33 121
1929 33 122
1930 33 123
1931 33 124
1932 33 126
1933 33 128
1934 33 129
1935 33 133
1936 33 134
1937 33 135
1938 33 142
1939 33 147
1940 33 148
1941 33 152
1942 33 153
1943 33 162
1944 33 165
1945 33 168
1946 33 172
1947 33 173
1948 33 180
1949 33 183
1950 33 187
1951 33 190
1952 33 195
1953 33 197
1954 33 204
1955 33 209
1956 34 36
1957 34 40
1958 34 41
1959 34 42
1960 34 45
1961 34 48
1962 34 50
1963 34 53
1964 34 57
1965 34 71
1966 34 78
1967 34 83
1968 34 85
1969 34 92
1970 34 94
1971 34 97
1972 34 102
1973 34 104
1974 34 106
1975 34 107
1976 34 112
1977 34 115
1978 34 116
1979 34 122
1980 34 127
1981 34 128
1982 34 133
1983 34 144
1984 34 148
1985 34 152
1986 34 158
1987 34 160
1988 34 164
1989 34 165
1990 34 167
1991 34 171
1992 34 178
1993 34 182
1994 34 186
1995 34 194
1996 34 200
1997 34 207
1998 35 38
1999 35 39
2000 35 41
2001 35 43
2002 35 44
2003 35 47
2004 35 56
2005 35 58
2006 35 59
2007 35 62
2008 35 64
2009 35 66
2010 35 70
2011 35 72
2012 35 75
2013 35 80
2014 35 84
2015 35 86
2016 35 91
2017 35 93
2018 35 97
2019 35 98
2020 35 103
2021 35 105
2022 35 106
2023 35 107
2024 35 110
2025 35 111
2026 35 117
2027 35 118
2028 35 119
2029 35 125
2030 35 126
2031 35 127
2032 35 130
2033 35 131
2034 35 132
2035 35 137
2036 35 140
2037 35 141
2038 35 145
2039 35 146
2040 35 149
2041 35 151
2042 35 155
2043 35 157
2044 35 159
2045 35 161
2046 35 165
2047 35 166
2048 35 170
2049 35 176
2050 35 177
2051 35 179
2052 35 181
2053 35 184
2054 35 185
2055 35 188
2056 35 189
2057 35 191
2058 35 199
2059 35 201
2060 35 202
2061 35 205
2062 35 208
2063 36 38
2064 36 40
2065 36 41
2066 36 42
2067 36 48
2068 36 50
2069 36 53
2070 36 57
2071 36 58
2072 36 60
2073 36 61
2074 36 62
2075 36 65
2076 36 67
2077 36 70
2078 36 71
2079 36 73
2080 36 74
2081 36 78
2082 36 83
2083 36 85
2084 36 91
2085 36 92
2086 36 94
2087 36 102
2088 36 104
2089 36 106
2090 36 107
2091 36 112
2092 36 113
2093 36 115
2094 36 116
2095 36 117
2096 36 120
2097 36 122
2098 36 123
2099 36 126
2100 36 127
2101 36 128
2102 36 133
2103 36 135
2104 36 144
2105 36 146
2106 36 148
2107 36 152
2108 36 155
2109 36 158
2110 36 159
2111 36 160
2112 36 162
2113 36 164
2114 36 165
2115 36 166
2116 36 167
2117 36 169
2118 36 171
2119 36 178
2120 36 181
2121 36 182
2122 36 186
2123 36 194
2124 36 199
2125 36 200
2126 36 204
2127 36 207
2128 36 208
2129 37 42
2130 37 46
2131 37 52
2132 37 54
2133 37 58
2134 37 63
2135 37 65
2136 37 67
2137 37 68
2138 37 69
2139 37 73
2140 37 77
2141 37 82
2142 37 90
2143 37 92
2144 37 96
2145 37 100
2146 37 101
2147 37 106
2148 37 107
2149 37 113
2150 37 120
2151 37 121
2152 37 123
2153 37 124
2154 37 129
2155 37 134
2156 37 135
2157 37 142
2158 37 147
2159 37 153
2160 37 162
2161 37 165
2162 37 168
2163 37 172
2164 37 173
2165 37 180
2166 37 183
2167 37 187
2168 37 190
2169 37 195
2170 37 197
2171 37 209
2172 38 39
2173 38 41
2174 38 42
2175 38 43
2176 38 44
2177 38 47
2178 38 48
2179 38 53
2180 38 56
2181 38 57
2182 38 58
2183 38 59
2184 38 62
2185 38 64
2186 38 66
2187 38 67
2188 38 70
2189 38 71
2190 38 72
2191 38 73
2192 38 75
2193 38 80
2194 38 84
2195 38 86
2196 38 91
2197 38 92
2198 38 93
2199 38 94
2200 38 98
2201 38 99
2202 38 103
2203 38 105
2204 38 106
2205 38 107
2206 38 110
2207 38 111
2208 38 112
2209 38 113
2210 38 115
2211 38 116
2212 38 117
2213 38 118
2214 38 119
2215 38 120
2216 38 122
2217 38 125
2218 38 126
2219 38 127
2220 38 130
2221 38 131
2222 38 132
2223 38 133
2224 38 135
2225 38 137
2226 38 140
2227 38 141
2228 38 144
2229 38 145
2230 38 146
2231 38 149
2232 38 151
2233 38 152
2234 38 155
2235 38 157
2236 38 158
2237 38 159
2238 38 160
2239 38 161
2240 38 165
2241 38 166
2242 38 167
2243 38 170
2244 38 174
2245 38 176
2246 38 177
2247 38 178
2248 38 179
2249 38 181
2250 38 182
2251 38 184
2252 38 185
2253 38 186
2254 38 188
2255 38 189
2256 38 191
2257 38 195
2258 38 199
2259 38 201
2260 38 202
2261 38 204
2262 38 205
2263 39 41
2264 39 42
2265 39 43
2266 39 44
2267 39 52
2268 39 56
2269 39 58
2270 39 59
2271 39 62
2272 39 64
2273 39 66
2274 39 67
2275 39 70
2276 39 72
2277 39 75
2278 39 80
2279 39 84
2280 39 86
2281 39 91
2282 39 92
2283 39 93
2284 39 97
2285 39 98
2286 39 103
2287 39 105
2288 39 106
2289 39 109
2290 39 110
2291 39 111
2292 39 113
2293 39 117
2294 39 118
2295 39 119
2296 39 125
2297 39 126
2298 39 127
2299 39 130
2300 39 131
2301 39 132
2302 39 135
2303 39 137
2304 39 140
2305 39 141
2306 39 145
2307 39 146
2308 39 149
2309 39 151
2310 39 155
2311 39 157
2312 39 158
2313 39 159
2314 39 160
2315 39 161
2316 39 165
2317 39 166
2318 39 170
2319 39 176
2320 39 177
2321 39 179
2322 39 181
2323 39 184
2324 39 185
2325 39 188
2326 39 189
2327 39 191
2328 39 199
2329 39 202
2330 39 204
2331 39 205
2332 39 208
2333 40 42
2334 40 48
2335 40 50
2336 40 53
2337 40 57
2338 40 70
2339 40 71
2340 40 78
2341 40 83
2342 40 85
2343 40 92
2344 40 94
2345 40 102
2346 40 104
2347 40 107
2348 40 112
2349 40 115
2350 40 122
2351 40 127
2352 40 128
2353 40 133
2354 40 144
2355 40 148
2356 40 152
2357 40 164
2358 40 167
2359 40 171
2360 40 178
2361 40 182
2362 40 186
2363 40 194
2364 40 200
2365 40 207
2366 41 42
2367 41 43
2368 41 44
2369 41 46
2370 41 51
2371 41 52
2372 41 53
2373 41 56
2374 41 57
2375 41 58
2376 41 59
2377 41 61
2378 41 62
2379 41 64
2380 41 65
2381 41 67
2382 41 69
2383 41 70
2384 41 71
2385 41 72
2386 41 73
2387 41 75
2388 41 80
2389 41 81
2390 41 84
2391 41 86
2392 41 90
2393 41 91
2394 41 92
2395 41 93
2396 41 97
2397 41 98
2398 41 99
2399 41 103
2400 41 106
2401 41 107
2402 41 109
2403 41 110
2404 41 111
2405 41 112
2406 41 113
2407 41 114
2408 41 115
2409 41 117
2410 41 118
2411 41 119
2412 41 120
2413 41 122
2414 41 125
2415 41 126
2416 41 127
2417 41 130
2418 41 131
2419 41 132
2420 41 133
2421 41 134
2422 41 135
2423 41 141
2424 41 143
2425 41 144
2426 41 145
2427 41 146
2428 41 149
2429 41 150
2430 41 151
2431 41 152
2432 41 154
2433 41 155
2434 41 156
2435 41 158
2436 41 159
2437 41 160
2438 41 161
2439 41 162
2440 41 164
2441 41 165
2442 41 166
2443 41 167
2444 41 169
2445 41 170
2446 41 172
2447 41 174
2448 41 176
2449 41 177
2450 41 178
2451 41 179
2452 41 181
2453 41 182
2454 41 184
2455 41 185
2456 41 186
2457 41 196
2458 41 198
2459 41 199
2460 41 200
2461 41 201
2462 41 202
2463 41 204
2464 41 206
2465 41 207
2466 41 209
2467 42 43
2468 42 44
2469 42 45
2470 42 48
2471 42 50
2472 42 53
2473 42 56
2474 42 57
2475 42 58
2476 42 60
2477 42 61
2478 42 62
2479 42 64
2480 42 65
2481 42 66
2482 42 67
2483 42 69
2484 42 70
2485 42 71
2486 42 73
2487 42 74
2488 42 78
2489 42 80
2490 42 83
2491 42 85
2492 42 91
2493 42 92
2494 42 93
2495 42 94
2496 42 97
2497 42 102
2498 42 104
2499 42 106
2500 42 107
2501 42 110
2502 42 111
2503 42 112
2504 42 113
2505 42 115
2506 42 116
2507 42 120
2508 42 121
2509 42 122
2510 42 123
2511 42 126
2512 42 127
2513 42 128
2514 42 130
2515 42 133
2516 42 134
2517 42 135
2518 42 142
2519 42 144
2520 42 146
2521 42 148
2522 42 149
2523 42 152
2524 42 155
2525 42 158
2526 42 159
2527 42 160
2528 42 162
2529 42 164
2530 42 165
2531 42 166
2532 42 167
2533 42 169
2534 42 171
2535 42 177
2536 42 178
2537 42 181
2538 42 182
2539 42 183
2540 42 186
2541 42 194
2542 42 199
2543 42 200
2544 42 204
2545 42 207
2546 42 208
2547 43 44
2548 43 47
2549 43 56
2550 43 58
2551 43 59
2552 43 62
2553 43 64
2554 43 66
2555 43 67
2556 43 70
2557 43 72
2558 43 75
2559 43 80
2560 43 84
2561 43 86
2562 43 91
2563 43 92
2564 43 93
2565 43 98
2566 43 103
2567 43 105
2568 43 106
2569 43 107
2570 43 110
2571 43 111
2572 43 113
2573 43 116
2574 43 117
2575 43 118
2576 43 119
2577 43 125
2578 43 126
2579 43 127
2580 43 130
2581 43 131
2582 43 132
2583 43 135
2584 43 137
2585 43 140
2586 43 141
2587 43 145
2588 43 146
2589 43 149
2590 43 151
2591 43 155
2592 43 157
2593 43 159
2594 43 161
2595 43 165
2596 43 166
2597 43 170
2598 43 176
2599 43 177
2600 43 179
2601 43 181
2602 43 184
2603 43 185
2604 43 188
2605 43 189
2606 43 191
2607 43 199
2608 43 202
2609 43 204
2610 43 205
2611 44 47
2612 44 51
2613 44 52
2614 44 56
2615 44 58
2616 44 59
2617 44 61
2618 44 62
2619 44 64
2620 44 66
2621 44 67
2622 44 70
2623 44 72
2624 44 73
2625 44 75
2626 44 80
2627 44 84
2628 44 86
2629 44 91
2630 44 92
2631 44 93
2632 44 97
2633 44 98
2634 44 99
2635 44 103
2636 44 105
2637 44 106
2638 44 110
2639 44 111
2640 44 113
2641 44 116
2642 44 117
2643 44 118
2644 44 119
2645 44 120
2646 44 123
2647 44 125
2648 44 126
2649 44 127
2650 44 130
2651 44 131
2652 44 132
2653 44 135
2654 44 137
2655 44 140
2656 44 141
2657 44 145
2658 44 146
2659 44 149
2660 44 151
2661 44 155
2662 44 157
2663 44 159
2664 44 160
2665 44 161
2666 44 162
2667 44 165
2668 44 166
2669 44 170
2670 44 174
2671 44 176
2672 44 177
2673 44 179
2674 44 181
2675 44 184
2676 44 185
2677 44 188
2678 44 189
2679 44 199
2680 44 201
2681 44 202
2682 44 204
2683 44 205
2684 44 208
2685 45 48
2686 45 51
2687 45 62
2688 45 64
2689 45 65
2690 45 67
2691 45 71
2692 45 76
2693 45 92
2694 45 94
2695 45 97
2696 45 106
2697 45 115
2698 45 120
2699 45 127
2700 45 133
2701 45 135
2702 45 165
2703 46 52
2704 46 54
2705 46 58
2706 46 63
2707 46 68
2708 46 69
2709 46 77
2710 46 82
2711 46 90
2712 46 96
2713 46 100
2714 46 101
2715 46 120
2716 46 121
2717 46 123
2718 46 124
2719 46 129
2720 46 134
2721 46 135
2722 46 142
2723 46 147
2724 46 153
2725 46 165
2726 46 168
2727 46 172
2728 46 173
2729 46 180
2730 46 183
2731 46 187
2732 46 190
2733 46 195
2734 46 197
2735 46 203
2736 46 209
2737 47 59
2738 47 72
2739 47 80
2740 47 84
2741 47 89
2742 47 93
2743 47 103
2744 47 110
2745 47 117
2746 47 125
2747 47 130
2748 47 131
2749 47 132
2750 47 140
2751 47 146
2752 47 149
2753 47 151
2754 47 166
2755 47 170
2756 47 175
2757 47 177
2758 47 181
2759 48 50
2760 48 53
2761 48 57
2762 48 58
2763 48 61
2764 48 64
2765 48 65
2766 48 67
2767 48 70
2768 48 71
2769 48 73
2770 48 78
2771 48 83
2772 48 85
2773 48 92
2774 48 94
2775 48 102
2776 48 104
2777 48 106
2778 48 107
2779 48 112
2780 48 113
2781 48 115
2782 48 116
2783 48 120
2784 48 122
2785 48 126
2786 48 127
2787 48 128
2788 48 133
2789 48 135
2790 48 144
2791 48 148
2792 48 152
2793 48 155
2794 48 159
2795 48 160
2796 48 164
2797 48 165
2798 48 167
2799 48 171
2800 48 178
2801 48 182
2802 48 186
2803 48 194
2804 48 200
2805 48 204
2806 48 207
2807 49 58
2808 49 61
2809 49 65
2810 49 67
2811 49 73
2812 49 106
2813 49 114
2814 49 120
2815 49 135
2816 49 136
2817 49 139
2818 49 154
2819 49 162
2820 49 169
2821 49 192
2822 50 53
2823 50 57
2824 50 71
2825 50 78
2826 50 83
2827 50 85
2828 50 92
2829 50 94
2830 50 102
2831 50 104
2832 50 107
2833 50 112
2834 50 115
2835 50 122
2836 50 127
2837 50 128
2838 50 133
2839 50 144
2840 50 148
2841 50 152
2842 50 164
2843 50 167
2844 50 171
2845 50 178
2846 50 182
2847 50 186
2848 50 194
2849 50 200
2850 50 207
2851 51 58
2852 51 62
2853 51 64
2854 51 76
2855 51 84
2856 51 97
2857 51 103
2858 51 106
2859 51 120
2860 51 130
2861 51 135
2862 51 158
2863 51 165
2864 51 170
2865 51 208
2866 52 54
2867 52 58
2868 52 59
2869 52 61
2870 52 63
2871 52 65
2872 52 67
2873 52 68
2874 52 69
2875 52 70
2876 52 73
2877 52 77
2878 52 80
2879 52 82
2880 52 84
2881 52 90
2882 52 93
2883 52 100
2884 52 101
2885 52 103
2886 52 106
2887 52 109
2888 52 113
2889 52 117
2890 52 119
2891 52 120
2892 52 121
2893 52 123
2894 52 124
2895 52 129
2896 52 130
2897 52 131
2898 52 134
2899 52 135
2900 52 142
2901 52 146
2902 52 147
2903 52 149
2904 52 152
2905 52 153
2906 52 162
2907 52 165
2908 52 166
2909 52 168
2910 52 170
2911 52 172
2912 52 173
2913 52 177
2914 52 180
2915 52 181
2916 52 183
2917 52 187
2918 52 190
2919 52 195
2920 52 197
2921 52 203
2922 52 204
2923 52 209
2924 53 54
2925 53 57
2926 53 58
2927 53 61
2928 53 62
2929 53 65
2930 53 66
2931 53 67
2932 53 70
2933 53 71
2934 53 73
2935 53 78
2936 53 83
2937 53 85
2938 53 91
2939 53 92
2940 53 94
2941 53 97
2942 53 98
2943 53 99
2944 53 102
2945 53 104
2946 53 106
2947 53 107
2948 53 110
2949 53 111
2950 53 112
2951 53 113
2952 53 115
2953 53 116
2954 53 120
2955 53 122
2956 53 126
2957 53 127
2958 53 128
2959 53 133
2960 53 135
2961 53 144
2962 53 148
2963 53 151
2964 53 152
2965 53 155
2966 53 158
2967 53 159
2968 53 160
2969 53 162
2970 53 164
2971 53 165
2972 53 167
2973 53 171
2974 53 178
2975 53 182
2976 53 186
2977 53 194
2978 53 199
2979 53 200
2980 53 204
2981 53 207
2982 54 58
2983 54 63
2984 54 65
2985 54 67
2986 54 68
2987 54 69
2988 54 73
2989 54 77
2990 54 82
2991 54 84
2992 54 90
2993 54 92
2994 54 100
2995 54 101
2996 54 103
2997 54 106
2998 54 113
2999 54 120
3000 54 121
3001 54 123
3002 54 124
3003 54 129
3004 54 134
3005 54 135
3006 54 142
3007 54 147
3008 54 153
3009 54 165
3010 54 168
3011 54 172
3012 54 173
3013 54 180
3014 54 183
3015 54 187
3016 54 190
3017 54 195
3018 54 197
3019 54 204
3020 54 209
3021 55 62
3022 56 58
3023 56 59
3024 56 64
3025 56 65
3026 56 66
3027 56 70
3028 56 72
3029 56 75
3030 56 80
3031 56 84
3032 56 86
3033 56 91
3034 56 92
3035 56 93
3036 56 97
3037 56 98
3038 56 103
3039 56 105
3040 56 106
3041 56 107
3042 56 110
3043 56 111
3044 56 113
3045 56 117
3046 56 118
3047 56 119
3048 56 125
3049 56 126
3050 56 130
3051 56 131
3052 56 132
3053 56 135
3054 56 137
3055 56 140
3056 56 141
3057 56 145
3058 56 146
3059 56 149
3060 56 151
3061 56 155
3062 56 157
3063 56 159
3064 56 160
3065 56 161
3066 56 165
3067 56 166
3068 56 170
3069 56 176
3070 56 177
3071 56 178
3072 56 179
3073 56 181
3074 56 184
3075 56 185
3076 56 188
3077 56 189
3078 56 191
3079 56 199
3080 56 201
3081 56 202
3082 56 205
3083 57 58
3084 57 62
3085 57 65
3086 57 67
3087 57 70
3088 57 71
3089 57 73
3090 57 74
3091 57 78
3092 57 83
3093 57 85
3094 57 91
3095 57 92
3096 57 94
3097 57 97
3098 57 99
3099 57 102
3100 57 104
3101 57 106
3102 57 107
3103 57 112
3104 57 113
3105 57 115
3106 57 116
3107 57 120
3108 57 122
3109 57 126
3110 57 127
3111 57 128
3112 57 133
3113 57 135
3114 57 144
3115 57 148
3116 57 152
3117 57 155
3118 57 159
3119 57 160
3120 57 162
3121 57 164
3122 57 165
3123 57 167
3124 57 169
3125 57 171
3126 57 178
3127 57 182
3128 57 184
3129 57 186
3130 57 194
3131 57 199
3132 57 200
3133 57 204
3134 57 207
3135 57 208
3136 58 59
3137 58 60
3138 58 61
3139 58 62
3140 58 64
3141 58 65
3142 58 67
3143 58 69
3144 58 70
3145 58 71
3146 58 72
3147 58 73
3148 58 74
3149 58 75
3150 58 78
3151 58 80
3152 58 83
3153 58 84
3154 58 85
3155 58 86
3156 58 90
3157 58 91
3158 58 92
3159 58 93
3160 58 94
3161 58 97
3162 58 98
3163 58 99
3164 58 102
3165 58 103
3166 58 106
3167 58 107
3168 58 109
3169 58 110
3170 58 111
3171 58 112
3172 58 113
3173 58 114
3174 58 115
3175 58 116
3176 58 117
3177 58 119
3178 58 120
3179 58 121
3180 58 122
3181 58 123
3182 58 124
3183 58 125
3184 58 126
3185 58 127
3186 58 128
3187 58 130
3188 58 131
3189 58 133
3190 58 134
3191 58 135
3192 58 136
3193 58 139
3194 58 141
3195 58 142
3196 58 144
3197 58 145
3198 58 146
3199 58 147
3200 58 148
3201 58 149
3202 58 151
3203 58 152
3204 58 154
3205 58 155
3206 58 158
3207 58 159
3208 58 160
3209 58 161
3210 58 162
3211 58 164
3212 58 165
3213 58 166
3214 58 167
3215 58 169
3216 58 170
3217 58 172
3218 58 174
3219 58 176
3220 58 177
3221 58 178
3222 58 181
3223 58 182
3224 58 183
3225 58 184
3226 58 185
3227 58 186
3228 58 192
3229 58 193
3230 58 198
3231 58 199
3232 58 200
3233 58 202
3234 58 204
3235 58 206
3236 58 207
3237 58 208
3238 59 62
3239 59 66
3240 59 67
3241 59 70
3242 59 72
3243 59 75
3244 59 80
3245 59 84
3246 59 86
3247 59 91
3248 59 92
3249 59 93
3250 59 97
3251 59 98
3252 59 103
3253 59 105
3254 59 106
3255 59 107
3256 59 110
3257 59 111
3258 59 113
3259 59 117
3260 59 118
3261 59 119
3262 59 120
3263 59 122
3264 59 125
3265 59 126
3266 59 130
3267 59 131
3268 59 132
3269 59 135
3270 59 137
3271 59 140
3272 59 141
3273 59 143
3274 59 145
3275 59 146
3276 59 149
3277 59 151
3278 59 155
3279 59 157
3280 59 159
3281 59 160
3282 59 161
3283 59 165
3284 59 166
3285 59 170
3286 59 176
3287 59 177
3288 59 179
3289 59 181
3290 59 184
3291 59 185
3292 59 188
3293 59 189
3294 59 191
3295 59 199
3296 59 201
3297 59 202
3298 59 205
3299 60 65
3300 60 67
3301 60 71
3302 60 73
3303 60 74
3304 60 88
3305 60 94
3306 60 106
3307 60 108
3308 60 113
3309 60 120
3310 60 122
3311 60 133
3312 60 135
3313 60 178
3314 60 204
3315 61 64
3316 61 65
3317 61 67
3318 61 70
3319 61 71
3320 61 73
3321 61 83
3322 61 85
3323 61 92
3324 61 94
3325 61 95
3326 61 98
3327 61 102
3328 61 106
3329 61 107
3330 61 109
3331 61 111
3332 61 113
3333 61 114
3334 61 115
3335 61 120
3336 61 122
3337 61 126
3338 61 127
3339 61 128
3340 61 130
3341 61 133
3342 61 135
3343 61 136
3344 61 139
3345 61 146
3346 61 148
3347 61 152
3348 61 154
3349 61 155
3350 61 159
3351 61 162
3352 61 164
3353 61 165
3354 61 166
3355 61 169
3356 61 172
3357 61 177
3358 61 181
3359 61 185
3360 61 186
3361 61 192
3362 61 198
3363 61 199
3364 61 200
3365 61 204
3366 61 206
3367 62 64
3368 62 65
3369 62 67
3370 62 70
3371 62 71
3372 62 72
3373 62 73
3374 62 74
3375 62 75
3376 62 79
3377 62 80
3378 62 81
3379 62 83
3380 62 84
3381 62 85
3382 62 91
3383 62 92
3384 62 93
3385 62 94
3386 62 97
3387 62 98
3388 62 99
3389 62 102
3390 62 103
3391 62 106
3392 62 107
3393 62 109
3394 62 110
3395 62 111
3396 62 112
3397 62 113
3398 62 115
3399 62 116
3400 62 117
3401 62 118
3402 62 119
3403 62 120
3404 62 122
3405 62 125
3406 62 126
3407 62 127
3408 62 128
3409 62 130
3410 62 131
3411 62 132
3412 62 133
3413 62 135
3414 62 144
3415 62 146
3416 62 148
3417 62 149
3418 62 150
3419 62 151
3420 62 152
3421 62 155
3422 62 156
3423 62 158
3424 62 159
3425 62 160
3426 62 161
3427 62 162
3428 62 164
3429 62 165
3430 62 166
3431 62 167
3432 62 170
3433 62 172
3434 62 174
3435 62 177
3436 62 178
3437 62 179
3438 62 181
3439 62 182
3440 62 184
3441 62 185
3442 62 186
3443 62 188
3444 62 193
3445 62 196
3446 62 199
3447 62 200
3448 62 201
3449 62 204
3450 62 207
3451 62 208
3452 63 68
3453 63 69
3454 63 77
3455 63 82
3456 63 90
3457 63 96
3458 63 100
3459 63 101
3460 63 106
3461 63 107
3462 63 120
3463 63 121
3464 63 123
3465 63 124
3466 63 129
3467 63 134
3468 63 135
3469 63 142
3470 63 147
3471 63 153
3472 63 163
3473 63 165
3474 63 168
3475 63 169
3476 63 172
3477 63 173
3478 63 180
3479 63 183
3480 63 187
3481 63 190
3482 63 195
3483 63 197
3484 63 209
3485 64 65
3486 64 66
3487 64 67
3488 64 70
3489 64 71
3490 64 72
3491 64 73
3492 64 75
3493 64 81
3494 64 84
3495 64 91
3496 64 92
3497 64 93
3498 64 97
3499 64 98
3500 64 99
3501 64 103
3502 64 106
3503 64 109
3504 64 110
3505 64 111
3506 64 113
3507 64 117
3508 64 118
3509 64 120
3510 64 126
3511 64 130
3512 64 131
3513 64 135
3514 64 144
3515 64 149
3516 64 150
3517 64 154
3518 64 155
3519 64 156
3520 64 158
3521 64 159
3522 64 161
3523 64 162
3524 64 164
3525 64 165
3526 64 167
3527 64 170
3528 64 174
3529 64 179
3530 64 182
3531 64 184
3532 64 185
3533 64 188
3534 64 196
3535 64 199
3536 64 204
3537 65 67
3538 65 69
3539 65 70
3540 65 71
3541 65 73
3542 65 74
3543 65 75
3544 65 83
3545 65 84
3546 65 87
3547 65 88
3548 65 90
3549 65 92
3550 65 94
3551 65 98
3552 65 102
3553 65 103
3554 65 106
3555 65 107
3556 65 109
3557 65 110
3558 65 111
3559 65 112
3560 65 113
3561 65 114
3562 65 115
3563 65 116
3564 65 120
3565 65 121
3566 65 122
3567 65 126
3568 65 127
3569 65 128
3570 65 133
3571 65 134
3572 65 135
3573 65 136
3574 65 139
3575 65 142
3576 65 144
3577 65 146
3578 65 148
3579 65 152
3580 65 154
3581 65 155
3582 65 162
3583 65 165
3584 65 166
3585 65 167
3586 65 168
3587 65 169
3588 65 170
3589 65 172
3590 65 174
3591 65 177
3592 65 178
3593 65 181
3594 65 182
3595 65 183
3596 65 185
3597 65 186
3598 65 192
3599 65 193
3600 65 198
3601 65 200
3602 65 201
3603 65 204
3604 65 206
3605 65 207
3606 66 70
3607 66 72
3608 66 75
3609 66 80
3610 66 84
3611 66 91
3612 66 92
3613 66 93
3614 66 97
3615 66 98
3616 66 103
3617 66 106
3618 66 107
3619 66 110
3620 66 111
3621 66 116
3622 66 117
3623 66 118
3624 66 119
3625 66 125
3626 66 126
3627 66 130
3628 66 131
3629 66 132
3630 66 135
3631 66 141
3632 66 145
3633 66 146
3634 66 149
3635 66 151
3636 66 155
3637 66 159
3638 66 165
3639 66 166
3640 66 170
3641 66 177
3642 66 179
3643 66 181
3644 66 184
3645 66 185
3646 66 188
3647 66 189
3648 66 199
3649 66 202
3650 66 208
3651 67 68
3652 67 69
3653 67 70
3654 67 71
3655 67 73
3656 67 74
3657 67 75
3658 67 80
3659 67 83
3660 67 84
3661 67 90
3662 67 91
3663 67 92
3664 67 93
3665 67 94
3666 67 95
3667 67 98
3668 67 99
3669 67 102
3670 67 103
3671 67 106
3672 67 107
3673 67 109
3674 67 110
3675 67 111
3676 67 112
3677 67 113
3678 67 114
3679 67 115
3680 67 117
3681 67 118
3682 67 119
3683 67 120
3684 67 121
3685 67 122
3686 67 123
3687 67 124
3688 67 126
3689 67 127
3690 67 128
3691 67 130
3692 67 131
3693 67 133
3694 67 134
3695 67 135
3696 67 136
3697 67 139
3698 67 142
3699 67 144
3700 67 145
3701 67 146
3702 67 147
3703 67 148
3704 67 149
3705 67 152
3706 67 154
3707 67 155
3708 67 158
3709 67 159
3710 67 160
3711 67 161
3712 67 162
3713 67 164
3714 67 165
3715 67 166
3716 67 167
3717 67 169
3718 67 170
3719 67 172
3720 67 174
3721 67 177
3722 67 178
3723 67 181
3724 67 182
3725 67 184
3726 67 185
3727 67 186
3728 67 190
3729 67 192
3730 67 193
3731 67 197
3732 67 198
3733 67 199
3734 67 200
3735 67 201
3736 67 204
3737 67 206
3738 67 207
3739 68 69
3740 68 73
3741 68 77
3742 68 90
3743 68 106
3744 68 121
3745 68 123
3746 68 124
3747 68 129
3748 68 134
3749 68 135
3750 68 142
3751 68 147
3752 68 153
3753 68 168
3754 68 172
3755 68 173
3756 68 180
3757 68 183
3758 68 187
3759 68 190
3760 68 195
3761 68 197
3762 68 209
3763 69 77
3764 69 82
3765 69 90
3766 69 92
3767 69 96
3768 69 100
3769 69 101
3770 69 106
3771 69 113
3772 69 120
3773 69 121
3774 69 123
3775 69 124
3776 69 129
3777 69 134
3778 69 135
3779 69 142
3780 69 147
3781 69 153
3782 69 162
3783 69 165
3784 69 168
3785 69 172
3786 69 173
3787 69 180
3788 69 183
3789 69 187
3790 69 190
3791 69 195
3792 69 197
3793 69 209
3794 70 71
3795 70 72
3796 70 73
3797 70 75
3798 70 80
3799 70 84
3800 70 85
3801 70 86
3802 70 90
3803 70 91
3804 70 92
3805 70 93
3806 70 94
3807 70 97
3808 70 98
3809 70 103
3810 70 104
3811 70 105
3812 70 106
3813 70 107
3814 70 109
3815 70 110
3816 70 111
3817 70 112
3818 70 113
3819 70 115
3820 70 116
3821 70 117
3822 70 118
3823 70 119
3824 70 120
3825 70 122
3826 70 123
3827 70 125
3828 70 126
3829 70 127
3830 70 128
3831 70 130
3832 70 131
3833 70 132
3834 70 133
3835 70 134
3836 70 135
3837 70 137
3838 70 140
3839 70 141
3840 70 143
3841 70 144
3842 70 145
3843 70 146
3844 70 148
3845 70 149
3846 70 151
3847 70 152
3848 70 155
3849 70 157
3850 70 158
3851 70 159
3852 70 160
3853 70 161
3854 70 162
3855 70 164
3856 70 165
3857 70 166
3858 70 170
3859 70 174
3860 70 176
3861 70 177
3862 70 178
3863 70 179
3864 70 181
3865 70 182
3866 70 184
3867 70 185
3868 70 186
3869 70 188
3870 70 189
3871 70 199
3872 70 200
3873 70 201
3874 70 202
3875 70 204
3876 70 205
3877 70 207
3878 70 208
3879 71 73
3880 71 74
3881 71 78
3882 71 80
3883 71 83
3884 71 85
3885 71 92
3886 71 93
3887 71 94
3888 71 99
3889 71 102
3890 71 104
3891 71 106
3892 71 107
3893 71 111
3894 71 112
3895 71 113
3896 71 115
3897 71 116
3898 71 117
3899 71 120
3900 71 122
3901 71 123
3902 71 126
3903 71 127
3904 71 128
3905 71 133
3906 71 135
3907 71 144
3908 71 146
3909 71 148
3910 71 151
3911 71 152
3912 71 155
3913 71 158
3914 71 159
3915 71 160
3916 71 162
3917 71 164
3918 71 165
3919 71 166
3920 71 167
3921 71 169
3922 71 170
3923 71 171
3924 71 177
3925 71 178
3926 71 181
3927 71 182
3928 71 186
3929 71 194
3930 71 200
3931 71 204
3932 71 207
3933 71 208
3934 72 75
3935 72 80
3936 72 84
3937 72 86
3938 72 91
3939 72 93
3940 72 97
3941 72 98
3942 72 103
3943 72 105
3944 72 106
3945 72 107
3946 72 110
3947 72 111
3948 72 113
3949 72 117
3950 72 118
3951 72 119
3952 72 125
3953 72 126
3954 72 127
3955 72 130
3956 72 131
3957 72 132
3958 72 135
3959 72 137
3960 72 140
3961 72 141
3962 72 145
3963 72 146
3964 72 149
3965 72 151
3966 72 155
3967 72 157
3968 72 159
3969 72 160
3970 72 161
3971 72 165
3972 72 166
3973 72 170
3974 72 176
3975 72 177
3976 72 179
3977 72 181
3978 72 184
3979 72 185
3980 72 188
3981 72 189
3982 72 191
3983 72 199
3984 72 201
3985 72 202
3986 72 205
3987 73 74
3988 73 75
3989 73 78
3990 73 83
3991 73 84
3992 73 92
3993 73 94
3994 73 95
3995 73 98
3996 73 102
3997 73 103
3998 73 106
3999 73 107
4000 73 109
4001 73 112
4002 73 113
4003 73 114
4004 73 115
4005 73 116
4006 73 118
4007 73 120
4008 73 121
4009 73 122
4010 73 126
4011 73 127
4012 73 128
4013 73 130
4014 73 133
4015 73 134
4016 73 135
4017 73 136
4018 73 139
4019 73 144
4020 73 148
4021 73 152
4022 73 154
4023 73 155
4024 73 159
4025 73 162
4026 73 164
4027 73 165
4028 73 167
4029 73 169
4030 73 172
4031 73 174
4032 73 178
4033 73 182
4034 73 185
4035 73 186
4036 73 192
4037 73 198
4038 73 199
4039 73 200
4040 73 201
4041 73 204
4042 73 206
4043 73 207
4044 74 88
4045 74 92
4046 74 94
4047 74 106
4048 74 108
4049 74 113
4050 74 115
4051 74 120
4052 74 122
4053 74 133
4054 74 135
4055 74 154
4056 74 162
4057 74 178
4058 74 193
4059 74 204
4060 75 80
4061 75 84
4062 75 91
4063 75 93
4064 75 97
4065 75 98
4066 75 99
4067 75 103
4068 75 106
4069 75 110
4070 75 111
4071 75 113
4072 75 117
4073 75 118
4074 75 119
4075 75 120
4076 75 125
4077 75 126
4078 75 130
4079 75 131
4080 75 132
4081 75 135
4082 75 137
4083 75 140
4084 75 141
4085 75 145
4086 75 146
4087 75 149
4088 75 151
4089 75 155
4090 75 159
4091 75 160
4092 75 161
4093 75 165
4094 75 166
4095 75 169
4096 75 170
4097 75 177
4098 75 179
4099 75 181
4100 75 184
4101 75 185
4102 75 188
4103 75 199
4104 75 201
4105 75 202
4106 75 204
4107 75 205
4108 75 211
4109 76 97
4110 77 82
4111 77 90
4112 77 100
4113 77 101
4114 77 121
4115 77 123
4116 77 124
4117 77 129
4118 77 134
4119 77 142
4120 77 147
4121 77 153
4122 77 168
4123 77 172
4124 77 173
4125 77 180
4126 77 183
4127 77 187
4128 77 190
4129 77 195
4130 77 197
4131 77 209
4132 78 83
4133 78 85
4134 78 91
4135 78 92
4136 78 94
4137 78 102
4138 78 104
4139 78 107
4140 78 112
4141 78 115
4142 78 120
4143 78 122
4144 78 126
4145 78 127
4146 78 128
4147 78 133
4148 78 144
4149 78 148
4150 78 152
4151 78 164
4152 78 167
4153 78 169
4154 78 171
4155 78 178
4156 78 182
4157 78 186
4158 78 194
4159 78 200
4160 78 204
4161 78 207
4162 79 81
4163 79 84
4164 79 97
4165 79 99
4166 79 103
4167 79 106
4168 79 150
4169 79 156
4170 79 196
4171 80 84
4172 80 86
4173 80 91
4174 80 92
4175 80 93
4176 80 94
4177 80 98
4178 80 103
4179 80 105
4180 80 106
4181 80 110
4182 80 111
4183 80 113
4184 80 117
4185 80 118
4186 80 119
4187 80 123
4188 80 125
4189 80 126
4190 80 127
4191 80 130
4192 80 131
4193 80 132
4194 80 133
4195 80 135
4196 80 137
4197 80 140
4198 80 141
4199 80 145
4200 80 146
4201 80 149
4202 80 151
4203 80 155
4204 80 157
4205 80 158
4206 80 159
4207 80 161
4208 80 165
4209 80 166
4210 80 170
4211 80 176
4212 80 177
4213 80 179
4214 80 181
4215 80 184
4216 80 185
4217 80 188
4218 80 189
4219 80 191
4220 80 199
4221 80 202
4222 80 205
4223 80 208
4224 80 211
4225 81 99
4226 81 106
4227 81 113
4228 81 135
4229 81 150
4230 81 156
4231 81 165
4232 81 196
4233 82 90
4234 82 100
4235 82 101
4236 82 120
4237 82 121
4238 82 123
4239 82 124
4240 82 129
4241 82 134
4242 82 142
4243 82 147
4244 82 153
4245 82 168
4246 82 172
4247 82 173
4248 82 180
4249 82 183
4250 82 187
4251 82 190
4252 82 195
4253 82 197
4254 82 209
4255 83 85
4256 83 92
4257 83 94
4258 83 102
4259 83 104
4260 83 106
4261 83 107
4262 83 111
4263 83 112
4264 83 113
4265 83 115
4266 83 116
4267 83 120
4268 83 122
4269 83 127
4270 83 128
4271 83 133
4272 83 135
4273 83 144
4274 83 145
4275 83 148
4276 83 152
4277 83 155
4278 83 160
4279 83 162
4280 83 164
4281 83 167
4282 83 169
4283 83 171
4284 83 174
4285 83 178
4286 83 182
4287 83 185
4288 83 186
4289 83 194
4290 83 200
4291 83 207
4292 84 86
4293 84 91
4294 84 92
4295 84 93
4296 84 94
4297 84 97
4298 84 98
4299 84 103
4300 84 105
4301 84 106
4302 84 107
4303 84 110
4304 84 111
4305 84 113
4306 84 117
4307 84 118
4308 84 119
4309 84 120
4310 84 123
4311 84 125
4312 84 126
4313 84 130
4314 84 131
4315 84 132
4316 84 134
4317 84 135
4318 84 137
4319 84 140
4320 84 141
4321 84 145
4322 84 146
4323 84 149
4324 84 151
4325 84 155
4326 84 157
4327 84 158
4328 84 159
4329 84 160
4330 84 161
4331 84 165
4332 84 166
4333 84 170
4334 84 174
4335 84 176
4336 84 177
4337 84 179
4338 84 181
4339 84 184
4340 84 185
4341 84 188
4342 84 189
4343 84 191
4344 84 199
4345 84 201
4346 84 202
4347 84 204
4348 84 205
4349 85 91
4350 85 92
4351 85 94
4352 85 99
4353 85 102
4354 85 104
4355 85 106
4356 85 107
4357 85 112
4358 85 115
4359 85 122
4360 85 126
4361 85 127
4362 85 128
4363 85 133
4364 85 135
4365 85 144
4366 85 148
4367 85 152
4368 85 160
4369 85 162
4370 85 164
4371 85 165
4372 85 167
4373 85 171
4374 85 178
4375 85 182
4376 85 186
4377 85 194
4378 85 200
4379 85 207
4380 86 91
4381 86 93
4382 86 103
4383 86 105
4384 86 106
4385 86 110
4386 86 111
4387 86 117
4388 86 118
4389 86 119
4390 86 125
4391 86 126
4392 86 130
4393 86 131
4394 86 132
4395 86 137
4396 86 141
4397 86 145
4398 86 146
4399 86 149
4400 86 151
4401 86 155
4402 86 159
4403 86 161
4404 86 165
4405 86 166
4406 86 170
4407 86 176
4408 86 177
4409 86 179
4410 86 181
4411 86 184
4412 86 188
4413 86 189
4414 86 199
4415 86 202
4416 87 88
4417 87 106
4418 87 108
4419 87 193
4420 88 108
4421 88 193
4422 89 140
4423 89 175
4424 90 100
4425 90 101
4426 90 106
4427 90 107
4428 90 113
4429 90 120
4430 90 121
4431 90 123
4432 90 124
4433 90 129
4434 90 134
4435 90 135
4436 90 142
4437 90 147
4438 90 153
4439 90 159
4440 90 165
4441 90 168
4442 90 172
4443 90 173
4444 90 180
4445 90 183
4446 90 187
4447 90 190
4448 90 195
4449 90 197
4450 90 209
4451 91 92
4452 91 93
4453 91 94
4454 91 97
4455 91 98
4456 91 99
4457 91 103
4458 91 105
4459 91 106
4460 91 107
4461 91 110
4462 91 111
4463 91 112
4464 91 113
4465 91 115
4466 91 116
4467 91 117
4468 91 118
4469 91 119
4470 91 120
4471 91 125
4472 91 126
4473 91 127
4474 91 128
4475 91 130
4476 91 131
4477 91 132
4478 91 133
4479 91 135
4480 91 137
4481 91 141
4482 91 144
4483 91 145
4484 91 146
4485 91 148
4486 91 149
4487 91 151
4488 91 152
4489 91 155
4490 91 157
4491 91 158
4492 91 159
4493 91 160
4494 91 161
4495 91 164
4496 91 165
4497 91 166
4498 91 167
4499 91 170
4500 91 174
4501 91 176
4502 91 177
4503 91 178
4504 91 179
4505 91 181
4506 91 182
4507 91 184
4508 91 185
4509 91 186
4510 91 188
4511 91 189
4512 91 199
4513 91 200
4514 91 201
4515 91 202
4516 91 204
4517 91 205
4518 91 207
4519 91 208
4520 92 93
4521 92 94
4522 92 97
4523 92 98
4524 92 99
4525 92 101
4526 92 102
4527 92 103
4528 92 104
4529 92 106
4530 92 107
4531 92 110
4532 92 111
4533 92 112
4534 92 113
4535 92 115
4536 92 116
4537 92 117
4538 92 120
4539 92 122
4540 92 123
4541 92 126
4542 92 127
4543 92 128
4544 92 130
4545 92 133
4546 92 134
4547 92 135
4548 92 144
4549 92 146
4550 92 148
4551 92 152
4552 92 155
4553 92 158
4554 92 159
4555 92 160
4556 92 162
4557 92 164
4558 92 165
4559 92 166
4560 92 167
4561 92 169
4562 92 171
4563 92 177
4564 92 178
4565 92 181
4566 92 182
4567 92 185
4568 92 186
4569 92 194
4570 92 199
4571 92 200
4572 92 204
4573 92 207
4574 92 208
4575 93 98
4576 93 103
4577 93 105
4578 93 106
4579 93 107
4580 93 110
4581 93 111
4582 93 113
4583 93 116
4584 93 117
4585 93 118
4586 93 119
4587 93 120
4588 93 122
4589 93 125
4590 93 126
4591 93 127
4592 93 130
4593 93 131
4594 93 132
4595 93 135
4596 93 137
4597 93 140
4598 93 141
4599 93 144
4600 93 145
4601 93 146
4602 93 149
4603 93 151
4604 93 152
4605 93 155
4606 93 157
4607 93 158
4608 93 159
4609 93 160
4610 93 161
4611 93 162
4612 93 165
4613 93 166
4614 93 167
4615 93 170
4616 93 176
4617 93 177
4618 93 179
4619 93 181
4620 93 182
4621 93 184
4622 93 185
4623 93 188
4624 93 189
4625 93 190
4626 93 191
4627 93 199
4628 93 202
4629 93 204
4630 93 205
4631 94 102
4632 94 103
4633 94 104
4634 94 106
4635 94 107
4636 94 111
4637 94 112
4638 94 113
4639 94 115
4640 94 116
4641 94 118
4642 94 120
4643 94 122
4644 94 126
4645 94 127
4646 94 128
4647 94 133
4648 94 135
4649 94 143
4650 94 144
4651 94 146
4652 94 148
4653 94 152
4654 94 154
4655 94 155
4656 94 158
4657 94 159
4658 94 160
4659 94 164
4660 94 165
4661 94 166
4662 94 167
4663 94 169
4664 94 171
4665 94 177
4666 94 178
4667 94 179
4668 94 181
4669 94 182
4670 94 184
4671 94 186
4672 94 193
4673 94 194
4674 94 199
4675 94 200
4676 94 201
4677 94 204
4678 94 207
4679 94 208
4680 95 106
4681 95 109
4682 95 113
4683 95 120
4684 95 135
4685 95 154
4686 95 162
4687 95 165
4688 95 204
4689 96 121
4690 96 123
4691 96 134
4692 96 163
4693 96 180
4694 96 203
4695 97 98
4696 97 99
4697 97 103
4698 97 106
4699 97 107
4700 97 110
4701 97 111
4702 97 113
4703 97 117
4704 97 118
4705 97 119
4706 97 120
4707 97 125
4708 97 126
4709 97 127
4710 97 130
4711 97 131
4712 97 132
4713 97 135
4714 97 141
4715 97 144
4716 97 146
4717 97 149
4718 97 155
4719 97 158
4720 97 159
4721 97 160
4722 97 164
4723 97 165
4724 97 166
4725 97 167
4726 97 170
4727 97 176
4728 97 177
4729 97 178
4730 97 179
4731 97 181
4732 97 182
4733 97 184
4734 97 188
4735 97 199
4736 97 202
4737 97 204
4738 97 208
4739 98 99
4740 98 103
4741 98 106
4742 98 110
4743 98 111
4744 98 112
4745 98 113
4746 98 117
4747 98 118
4748 98 119
4749 98 120
4750 98 125
4751 98 126
4752 98 130
4753 98 131
4754 98 132
4755 98 135
4756 98 141
4757 98 145
4758 98 146
4759 98 149
4760 98 151
4761 98 155
4762 98 158
4763 98 159
4764 98 160
4765 98 161
4766 98 162
4767 98 165
4768 98 166
4769 98 170
4770 98 174
4771 98 177
4772 98 179
4773 98 181
4774 98 184
4775 98 185
4776 98 186
4777 98 188
4778 98 189
4779 98 199
4780 98 200
4781 98 201
4782 98 202
4783 98 205
4784 98 208
4785 99 106
4786 99 111
4787 99 113
4788 99 126
4789 99 130
4790 99 133
4791 99 137
4792 99 143
4793 99 150
4794 99 155
4795 99 156
4796 99 159
4797 99 160
4798 99 165
4799 99 177
4800 99 184
4801 99 185
4802 99 196
4803 99 199
4804 99 204
4805 99 207
4806 100 101
4807 100 120
4808 100 121
4809 100 123
4810 100 124
4811 100 129
4812 100 134
4813 100 142
4814 100 147
4815 100 153
4816 100 168
4817 100 172
4818 100 173
4819 100 180
4820 100 183
4821 100 187
4822 100 190
4823 100 195
4824 100 197
4825 100 209
4826 101 106
4827 101 107
4828 101 113
4829 101 120
4830 101 121
4831 101 123
4832 101 124
4833 101 129
4834 101 134
4835 101 135
4836 101 142
4837 101 147
4838 101 153
4839 101 163
4840 101 165
4841 101 168
4842 101 172
4843 101 173
4844 101 180
4845 101 183
4846 101 187
4847 101 190
4848 101 195
4849 101 197
4850 101 209
4851 102 104
4852 102 106
4853 102 107
4854 102 111
4855 102 112
4856 102 113
4857 102 115
4858 102 116
4859 102 120
4860 102 122
4861 102 127
4862 102 128
4863 102 133
4864 102 135
4865 102 144
4866 102 145
4867 102 148
4868 102 152
4869 102 155
4870 102 160
4871 102 162
4872 102 164
4873 102 167
4874 102 169
4875 102 171
4876 102 174
4877 102 178
4878 102 182
4879 102 185
4880 102 186
4881 102 194
4882 102 200
4883 102 207
4884 103 105
4885 103 106
4886 103 107
4887 103 110
4888 103 111
4889 103 113
4890 103 117
4891 103 118
4892 103 119
4893 103 120
4894 103 123
4895 103 125
4896 103 126
4897 103 130
4898 103 131
4899 103 132
4900 103 134
4901 103 135
4902 103 137
4903 103 140
4904 103 141
4905 103 145
4906 103 146
4907 103 149
4908 103 151
4909 103 155
4910 103 157
4911 103 158
4912 103 159
4913 103 160
4914 103 161
4915 103 165
4916 103 166
4917 103 170
4918 103 174
4919 103 176
4920 103 177
4921 103 179
4922 103 181
4923 103 184
4924 103 185
4925 103 188
4926 103 189
4927 103 191
4928 103 199
4929 103 201
4930 103 202
4931 103 204
4932 103 205
4933 104 106
4934 104 107
4935 104 112
4936 104 115
4937 104 120
4938 104 122
4939 104 127
4940 104 128
4941 104 133
4942 104 144
4943 104 148
4944 104 152
4945 104 160
4946 104 164
4947 104 167
4948 104 171
4949 104 178
4950 104 182
4951 104 186
4952 104 194
4953 104 200
4954 104 207
4955 105 110
4956 105 117
4957 105 119
4958 105 125
4959 105 126
4960 105 130
4961 105 131
4962 105 132
4963 105 141
4964 105 146
4965 105 149
4966 105 151
4967 105 155
4968 105 159
4969 105 166
4970 105 170
4971 105 176
4972 105 177
4973 105 181
4974 105 188
4975 105 189
4976 105 199
4977 105 202
4978 106 107
4979 106 109
4980 106 110
4981 106 111
4982 106 112
4983 106 113
4984 106 114
4985 106 115
4986 106 116
4987 106 117
4988 106 118
4989 106 119
4990 106 120
4991 106 121
4992 106 122
4993 106 123
4994 106 125
4995 106 126
4996 106 127
4997 106 130
4998 106 131
4999 106 132
5000 106 133
5001 106 134
5002 106 135
5003 106 136
5004 106 141
5005 106 144
5006 106 145
5007 106 146
5008 106 149
5009 106 150
5010 106 151
5011 106 152
5012 106 154
5013 106 155
5014 106 156
5015 106 158
5016 106 159
5017 106 160
5018 106 161
5019 106 162
5020 106 164
5021 106 165
5022 106 166
5023 106 167
5024 106 169
5025 106 170
5026 106 172
5027 106 173
5028 106 174
5029 106 176
5030 106 177
5031 106 178
5032 106 179
5033 106 181
5034 106 182
5035 106 184
5036 106 185
5037 106 186
5038 106 188
5039 106 190
5040 106 192
5041 106 193
5042 106 197
5043 106 198
5044 106 199
5045 106 200
5046 106 202
5047 106 204
5048 106 205
5049 106 206
5050 106 207
5051 106 208
5052 106 209
5053 107 110
5054 107 111
5055 107 112
5056 107 113
5057 107 115
5058 107 116
5059 107 117
5060 107 118
5061 107 120
5062 107 121
5063 107 122
5064 107 123
5065 107 126
5066 107 127
5067 107 128
5068 107 132
5069 107 133
5070 107 134
5071 107 135
5072 107 142
5073 107 144
5074 107 146
5075 107 148
5076 107 151
5077 107 152
5078 107 154
5079 107 155
5080 107 158
5081 107 159
5082 107 160
5083 107 162
5084 107 164
5085 107 165
5086 107 166
5087 107 167
5088 107 168
5089 107 169
5090 107 170
5091 107 171
5092 107 178
5093 107 179
5094 107 181
5095 107 182
5096 107 183
5097 107 185
5098 107 186
5099 107 194
5100 107 199
5101 107 200
5102 107 204
5103 107 207
5104 107 208
5105 108 193
5106 109 113
5107 109 120
5108 109 126
5109 109 135
5110 109 149
5111 109 154
5112 109 155
5113 109 162
5114 109 165
5115 109 169
5116 109 172
5117 109 174
5118 109 201
5119 109 204
5120 110 111
5121 110 113
5122 110 117
5123 110 118
5124 110 119
5125 110 121
5126 110 122
5127 110 125
5128 110 126
5129 110 127
5130 110 129
5131 110 130
5132 110 131
5133 110 132
5134 110 134
5135 110 135
5136 110 137
5137 110 140
5138 110 141
5139 110 143
5140 110 145
5141 110 146
5142 110 149
5143 110 151
5144 110 155
5145 110 157
5146 110 159
5147 110 160
5148 110 161
5149 110 165
5150 110 166
5151 110 170
5152 110 175
5153 110 176
5154 110 177
5155 110 179
5156 110 181
5157 110 184
5158 110 185
5159 110 186
5160 110 188
5161 110 189
5162 110 191
5163 110 199
5164 110 200
5165 110 201
5166 110 202
5167 110 205
5168 110 208
5169 111 112
5170 111 113
5171 111 115
5172 111 116
5173 111 117
5174 111 118
5175 111 119
5176 111 120
5177 111 121
5178 111 122
5179 111 125
5180 111 126
5181 111 127
5182 111 130
5183 111 131
5184 111 132
5185 111 135
5186 111 137
5187 111 140
5188 111 141
5189 111 145
5190 111 146
5191 111 149
5192 111 151
5193 111 155
5194 111 157
5195 111 158
5196 111 159
5197 111 160
5198 111 161
5199 111 162
5200 111 164
5201 111 165
5202 111 166
5203 111 169
5204 111 170
5205 111 176
5206 111 177
5207 111 179
5208 111 181
5209 111 184
5210 111 185
5211 111 186
5212 111 188
5213 111 189
5214 111 190
5215 111 199
5216 111 200
5217 111 202
5218 111 204
5219 111 205
5220 111 208
5221 111 211
5222 112 113
5223 112 115
5224 112 116
5225 112 120
5226 112 122
5227 112 127
5228 112 128
5229 112 133
5230 112 135
5231 112 144
5232 112 148
5233 112 152
5234 112 155
5235 112 158
5236 112 159
5237 112 160
5238 112 162
5239 112 164
5240 112 165
5241 112 167
5242 112 171
5243 112 178
5244 112 182
5245 112 184
5246 112 186
5247 112 194
5248 112 200
5249 112 204
5250 112 207
5251 112 208
5252 113 115
5253 113 116
5254 113 117
5255 113 118
5256 113 119
5257 113 120
5258 113 121
5259 113 122
5260 113 123
5261 113 125
5262 113 126
5263 113 127
5264 113 128
5265 113 130
5266 113 131
5267 113 133
5268 113 134
5269 113 135
5270 113 141
5271 113 142
5272 113 144
5273 113 145
5274 113 146
5275 113 148
5276 113 149
5277 113 150
5278 113 151
5279 113 152
5280 113 154
5281 113 155
5282 113 156
5283 113 159
5284 113 160
5285 113 162
5286 113 164
5287 113 165
5288 113 166
5289 113 167
5290 113 169
5291 113 170
5292 113 172
5293 113 174
5294 113 177
5295 113 178
5296 113 179
5297 113 181
5298 113 182
5299 113 183
5300 113 184
5301 113 185
5302 113 186
5303 113 190
5304 113 199
5305 113 200
5306 113 201
5307 113 202
5308 113 204
5309 113 206
5310 114 120
5311 114 135
5312 114 136
5313 114 139
5314 114 154
5315 114 162
5316 114 165
5317 114 169
5318 114 192
5319 114 198
5320 115 116
5321 115 118
5322 115 120
5323 115 122
5324 115 126
5325 115 127
5326 115 128
5327 115 133
5328 115 135
5329 115 144
5330 115 146
5331 115 148
5332 115 152
5333 115 154
5334 115 155
5335 115 159
5336 115 160
5337 115 164
5338 115 165
5339 115 166
5340 115 167
5341 115 171
5342 115 178
5343 115 181
5344 115 182
5345 115 184
5346 115 186
5347 115 194
5348 115 199
5349 115 200
5350 115 204
5351 115 207
5352 115 208
5353 116 120
5354 116 122
5355 116 126
5356 116 128
5357 116 130
5358 116 131
5359 116 133
5360 116 135
5361 116 144
5362 116 148
5363 116 149
5364 116 152
5365 116 155
5366 116 158
5367 116 159
5368 116 160
5369 116 164
5370 116 165
5371 116 167
5372 116 170
5373 116 178
5374 116 182
5375 116 186
5376 116 199
5377 116 200
5378 116 204
5379 116 208
5380 117 118
5381 117 119
5382 117 120
5383 117 122
5384 117 125
5385 117 126
5386 117 127
5387 117 130
5388 117 131
5389 117 132
5390 117 133
5391 117 134
5392 117 135
5393 117 137
5394 117 140
5395 117 141
5396 117 143
5397 117 144
5398 117 145
5399 117 146
5400 117 149
5401 117 151
5402 117 155
5403 117 157
5404 117 158
5405 117 159
5406 117 160
5407 117 161
5408 117 162
5409 117 165
5410 117 166
5411 117 167
5412 117 170
5413 117 174
5414 117 175
5415 117 176
5416 117 177
5417 117 179
5418 117 181
5419 117 182
5420 117 184
5421 117 185
5422 117 186
5423 117 188
5424 117 189
5425 117 191
5426 117 199
5427 117 201
5428 117 202
5429 117 204
5430 117 205
5431 117 208
5432 118 119
5433 118 125
5434 118 126
5435 118 130
5436 118 131
5437 118 132
5438 118 137
5439 118 141
5440 118 143
5441 118 145
5442 118 146
5443 118 149
5444 118 151
5445 118 155
5446 118 157
5447 118 159
5448 118 160
5449 118 161
5450 118 164
5451 118 165
5452 118 166
5453 118 170
5454 118 176
5455 118 177
5456 118 179
5457 118 181
5458 118 184
5459 118 185
5460 118 188
5461 118 189
5462 118 199
5463 118 201
5464 118 202
5465 118 204
5466 118 205
5467 119 125
5468 119 126
5469 119 130
5470 119 131
5471 119 132
5472 119 135
5473 119 137
5474 119 140
5475 119 141
5476 119 143
5477 119 145
5478 119 146
5479 119 149
5480 119 151
5481 119 155
5482 119 157
5483 119 159
5484 119 160
5485 119 161
5486 119 165
5487 119 166
5488 119 170
5489 119 176
5490 119 177
5491 119 179
5492 119 181
5493 119 184
5494 119 185
5495 119 188
5496 119 189
5497 119 191
5498 119 199
5499 119 202
5500 119 205
5501 119 208
5502 120 121
5503 120 122
5504 120 123
5505 120 126
5506 120 127
5507 120 128
5508 120 129
5509 120 130
5510 120 133
5511 120 134
5512 120 135
5513 120 136
5514 120 142
5515 120 143
5516 120 144
5517 120 146
5518 120 147
5519 120 148
5520 120 152
5521 120 153
5522 120 154
5523 120 155
5524 120 159
5525 120 160
5526 120 162
5527 120 164
5528 120 165
5529 120 166
5530 120 167
5531 120 168
5532 120 169
5533 120 172
5534 120 173
5535 120 174
5536 120 177
5537 120 178
5538 120 179
5539 120 180
5540 120 181
5541 120 182
5542 120 183
5543 120 185
5544 120 186
5545 120 190
5546 120 192
5547 120 198
5548 120 199
5549 120 200
5550 120 201
5551 120 204
5552 120 206
5553 120 207
5554 120 208
5555 120 209
5556 121 123
5557 121 124
5558 121 129
5559 121 134
5560 121 135
5561 121 142
5562 121 147
5563 121 153
5564 121 162
5565 121 165
5566 121 168
5567 121 172
5568 121 173
5569 121 180
5570 121 183
5571 121 187
5572 121 190
5573 121 195
5574 121 197
5575 121 203
5576 121 209
5577 122 123
5578 122 126
5579 122 127
5580 122 128
5581 122 133
5582 122 135
5583 122 144
5584 122 146
5585 122 148
5586 122 152
5587 122 155
5588 122 158
5589 122 159
5590 122 160
5591 122 162
5592 122 164
5593 122 165
5594 122 166
5595 122 167
5596 122 169
5597 122 171
5598 122 177
5599 122 178
5600 122 181
5601 122 182
5602 122 186
5603 122 194
5604 122 200
5605 122 204
5606 122 207
5607 122 208
5608 123 124
5609 123 126
5610 123 128
5611 123 129
5612 123 130
5613 123 133
5614 123 134
5615 123 135
5616 123 142
5617 123 147
5618 123 148
5619 123 153
5620 123 155
5621 123 159
5622 123 168
5623 123 172
5624 123 173
5625 123 180
5626 123 183
5627 123 187
5628 123 190
5629 123 195
5630 123 197
5631 123 199
5632 123 203
5633 123 204
5634 123 209
5635 124 129
5636 124 134
5637 124 135
5638 124 142
5639 124 147
5640 124 153
5641 124 168
5642 124 172
5643 124 173
5644 124 180
5645 124 183
5646 124 187
5647 124 190
5648 124 195
5649 124 197
5650 124 209
5651 125 126
5652 125 127
5653 125 130
5654 125 131
5655 125 132
5656 125 135
5657 125 137
5658 125 140
5659 125 141
5660 125 145
5661 125 146
5662 125 149
5663 125 151
5664 125 155
5665 125 157
5666 125 159
5667 125 160
5668 125 161
5669 125 165
5670 125 166
5671 125 170
5672 125 176
5673 125 177
5674 125 179
5675 125 181
5676 125 184
5677 125 185
5678 125 188
5679 125 189
5680 125 191
5681 125 199
5682 125 202
5683 125 205
5684 125 208
5685 126 127
5686 126 128
5687 126 130
5688 126 131
5689 126 132
5690 126 133
5691 126 134
5692 126 135
5693 126 137
5694 126 140
5695 126 141
5696 126 144
5697 126 145
5698 126 146
5699 126 148
5700 126 149
5701 126 151
5702 126 152
5703 126 154
5704 126 155
5705 126 157
5706 126 158
5707 126 159
5708 126 160
5709 126 161
5710 126 162
5711 126 164
5712 126 165
5713 126 166
5714 126 167
5715 126 169
5716 126 170
5717 126 174
5718 126 176
5719 126 177
5720 126 178
5721 126 179
5722 126 181
5723 126 182
5724 126 184
5725 126 185
5726 126 186
5727 126 188
5728 126 189
5729 126 199
5730 126 200
5731 126 201
5732 126 202
5733 126 204
5734 126 205
5735 126 207
5736 126 208
5737 127 128
5738 127 130
5739 127 133
5740 127 135
5741 127 144
5742 127 146
5743 127 148
5744 127 151
5745 127 152
5746 127 155
5747 127 158
5748 127 159
5749 127 160
5750 127 161
5751 127 164
5752 127 165
5753 127 166
5754 127 167
5755 127 171
5756 127 177
5757 127 178
5758 127 181
5759 127 182
5760 127 185
5761 127 186
5762 127 194
5763 127 200
5764 127 204
5765 127 207
5766 128 133
5767 128 134
5768 128 144
5769 128 148
5770 128 152
5771 128 155
5772 128 158
5773 128 160
5774 128 164
5775 128 167
5776 128 171
5777 128 178
5778 128 182
5779 128 184
5780 128 186
5781 128 194
5782 128 200
5783 128 207
5784 128 208
5785 129 134
5786 129 135
5787 129 142
5788 129 147
5789 129 153
5790 129 168
5791 129 172
5792 129 173
5793 129 180
5794 129 183
5795 129 187
5796 129 190
5797 129 195
5798 129 197
5799 129 209
5800 130 131
5801 130 132
5802 130 135
5803 130 137
5804 130 140
5805 130 141
5806 130 145
5807 130 146
5808 130 149
5809 130 151
5810 130 155
5811 130 157
5812 130 159
5813 130 160
5814 130 161
5815 130 162
5816 130 165
5817 130 166
5818 130 170
5819 130 174
5820 130 176
5821 130 177
5822 130 179
5823 130 181
5824 130 184
5825 130 185
5826 130 188
5827 130 189
5828 130 191
5829 130 199
5830 130 201
5831 130 202
5832 130 204
5833 130 205
5834 130 208
5835 131 132
5836 131 135
5837 131 137
5838 131 140
5839 131 141
5840 131 145
5841 131 146
5842 131 149
5843 131 151
5844 131 155
5845 131 157
5846 131 158
5847 131 159
5848 131 161
5849 131 165
5850 131 166
5851 131 170
5852 131 175
5853 131 176
5854 131 177
5855 131 179
5856 131 181
5857 131 184
5858 131 185
5859 131 188
5860 131 189
5861 131 190
5862 131 191
5863 131 199
5864 131 201
5865 131 202
5866 131 204
5867 131 205
5868 131 208
5869 132 137
5870 132 140
5871 132 141
5872 132 145
5873 132 146
5874 132 149
5875 132 151
5876 132 155
5877 132 157
5878 132 159
5879 132 160
5880 132 161
5881 132 165
5882 132 166
5883 132 170
5884 132 176
5885 132 177
5886 132 179
5887 132 181
5888 132 184
5889 132 185
5890 132 188
5891 132 189
5892 132 191
5893 132 199
5894 132 202
5895 132 205
5896 132 208
5897 133 135
5898 133 144
5899 133 146
5900 133 148
5901 133 152
5902 133 155
5903 133 158
5904 133 159
5905 133 160
5906 133 162
5907 133 164
5908 133 165
5909 133 166
5910 133 167
5911 133 169
5912 133 171
5913 133 177
5914 133 178
5915 133 181
5916 133 182
5917 133 185
5918 133 186
5919 133 194
5920 133 200
5921 133 204
5922 133 207
5923 133 208
5924 134 135
5925 134 142
5926 134 146
5927 134 147
5928 134 148
5929 134 153
5930 134 160
5931 134 162
5932 134 165
5933 134 166
5934 134 168
5935 134 172
5936 134 173
5937 134 177
5938 134 180
5939 134 181
5940 134 183
5941 134 187
5942 134 190
5943 134 195
5944 134 197
5945 134 204
5946 134 209
5947 135 136
5948 135 141
5949 135 142
5950 135 143
5951 135 145
5952 135 146
5953 135 147
5954 135 149
5955 135 150
5956 135 152
5957 135 153
5958 135 154
5959 135 155
5960 135 156
5961 135 159
5962 135 160
5963 135 162
5964 135 164
5965 135 165
5966 135 166
5967 135 168
5968 135 169
5969 135 170
5970 135 172
5971 135 173
5972 135 174
5973 135 176
5974 135 177
5975 135 179
5976 135 180
5977 135 181
5978 135 183
5979 135 184
5980 135 185
5981 135 186
5982 135 187
5983 135 188
5984 135 190
5985 135 192
5986 135 193
5987 135 196
5988 135 197
5989 135 199
5990 135 200
5991 135 201
5992 135 202
5993 135 204
5994 135 206
5995 135 209
5996 136 139
5997 136 154
5998 136 162
5999 136 169
6000 136 192
6001 136 198
6002 137 141
6003 137 145
6004 137 146
6005 137 149
6006 137 151
6007 137 155
6008 137 157
6009 137 159
6010 137 161
6011 137 166
6012 137 170
6013 137 177
6014 137 179
6015 137 181
6016 137 184
6017 137 188
6018 137 189
6019 137 199
6020 137 202
6021 137 205
6022 139 154
6023 139 162
6024 139 169
6025 139 192
6026 140 141
6027 140 146
6028 140 149
6029 140 151
6030 140 155
6031 140 159
6032 140 161
6033 140 166
6034 140 170
6035 140 175
6036 140 177
6037 140 181
6038 140 188
6039 140 189
6040 140 199
6041 140 202
6042 141 145
6043 141 146
6044 141 149
6045 141 151
6046 141 155
6047 141 157
6048 141 159
6049 141 160
6050 141 161
6051 141 165
6052 141 166
6053 141 170
6054 141 176
6055 141 177
6056 141 179
6057 141 181
6058 141 184
6059 141 185
6060 141 188
6061 141 189
6062 141 191
6063 141 199
6064 141 202
6065 141 205
6066 141 208
6067 142 147
6068 142 153
6069 142 168
6070 142 172
6071 142 173
6072 142 180
6073 142 183
6074 142 187
6075 142 190
6076 142 195
6077 142 197
6078 142 209
6079 143 145
6080 143 146
6081 143 165
6082 143 166
6083 143 170
6084 143 177
6085 143 179
6086 143 181
6087 143 185
6088 143 211
6089 144 145
6090 144 148
6091 144 152
6092 144 154
6093 144 155
6094 144 159
6095 144 160
6096 144 164
6097 144 165
6098 144 167
6099 144 171
6100 144 178
6101 144 182
6102 144 186
6103 144 194
6104 144 199
6105 144 200
6106 144 201
6107 144 204
6108 144 207
6109 145 146
6110 145 149
6111 145 151
6112 145 155
6113 145 158
6114 145 159
6115 145 161
6116 145 165
6117 145 166
6118 145 167
6119 145 170
6120 145 174
6121 145 176
6122 145 177
6123 145 178
6124 145 179
6125 145 181
6126 145 182
6127 145 184
6128 145 185
6129 145 188
6130 145 199
6131 145 201
6132 145 202
6133 146 149
6134 146 151
6135 146 155
6136 146 157
6137 146 159
6138 146 161
6139 146 165
6140 146 166
6141 146 170
6142 146 175
6143 146 176
6144 146 177
6145 146 179
6146 146 181
6147 146 184
6148 146 185
6149 146 188
6150 146 189
6151 146 191
6152 146 199
6153 146 201
6154 146 202
6155 146 204
6156 146 205
6157 146 208
6158 147 153
6159 147 168
6160 147 172
6161 147 173
6162 147 180
6163 147 183
6164 147 187
6165 147 190
6166 147 195
6167 147 197
6168 147 209
6169 148 152
6170 148 155
6171 148 158
6172 148 160
6173 148 164
6174 148 167
6175 148 171
6176 148 178
6177 148 182
6178 148 184
6179 148 186
6180 148 194
6181 148 199
6182 148 200
6183 148 207
6184 148 208
6185 149 151
6186 149 155
6187 149 157
6188 149 158
6189 149 159
6190 149 161
6191 149 165
6192 149 166
6193 149 170
6194 149 175
6195 149 176
6196 149 177
6197 149 179
6198 149 181
6199 149 184
6200 149 185
6201 149 188
6202 149 189
6203 149 190
6204 149 191
6205 149 199
6206 149 201
6207 149 202
6208 149 204
6209 149 205
6210 149 208
6211 150 156
6212 150 165
6213 150 196
6214 151 155
6215 151 157
6216 151 159
6217 151 161
6218 151 165
6219 151 166
6220 151 170
6221 151 174
6222 151 176
6223 151 177
6224 151 179
6225 151 181
6226 151 184
6227 151 185
6228 151 188
6229 151 189
6230 151 191
6231 151 199
6232 151 202
6233 151 205
6234 151 208
6235 152 155
6236 152 159
6237 152 160
6238 152 162
6239 152 164
6240 152 165
6241 152 167
6242 152 170
6243 152 171
6244 152 177
6245 152 178
6246 152 182
6247 152 186
6248 152 194
6249 152 199
6250 152 200
6251 152 204
6252 152 207
6253 152 208
6254 153 165
6255 153 168
6256 153 172
6257 153 173
6258 153 180
6259 153 183
6260 153 187
6261 153 190
6262 153 195
6263 153 197
6264 153 209
6265 154 155
6266 154 162
6267 154 165
6268 154 169
6269 154 172
6270 154 182
6271 154 192
6272 154 198
6273 154 206
6274 154 209
6275 155 157
6276 155 158
6277 155 159
6278 155 160
6279 155 161
6280 155 164
6281 155 165
6282 155 166
6283 155 167
6284 155 169
6285 155 170
6286 155 174
6287 155 176
6288 155 177
6289 155 178
6290 155 179
6291 155 181
6292 155 182
6293 155 184
6294 155 185
6295 155 186
6296 155 188
6297 155 189
6298 155 199
6299 155 200
6300 155 201
6301 155 202
6302 155 204
6303 155 205
6304 155 207
6305 156 165
6306 156 196
6307 157 159
6308 157 161
6309 157 166
6310 157 170
6311 157 177
6312 157 179
6313 157 181
6314 157 188
6315 157 189
6316 157 199
6317 157 202
6318 157 205
6319 158 159
6320 158 160
6321 158 164
6322 158 165
6323 158 186
6324 158 199
6325 158 200
6326 158 208
6327 159 160
6328 159 161
6329 159 162
6330 159 165
6331 159 166
6332 159 170
6333 159 174
6334 159 176
6335 159 177
6336 159 178
6337 159 179
6338 159 181
6339 159 182
6340 159 184
6341 159 185
6342 159 186
6343 159 188
6344 159 189
6345 159 199
6346 159 202
6347 159 204
6348 159 205
6349 160 161
6350 160 164
6351 160 165
6352 160 166
6353 160 167
6354 160 170
6355 160 177
6356 160 178
6357 160 182
6358 160 184
6359 160 186
6360 160 199
6361 160 200
6362 160 202
6363 160 204
6364 160 207
6365 160 208
6366 161 165
6367 161 166
6368 161 170
6369 161 176
6370 161 177
6371 161 179
6372 161 181
6373 161 184
6374 161 185
6375 161 188
6376 161 189
6377 161 199
6378 161 202
6379 161 205
6380 162 164
6381 162 165
6382 162 166
6383 162 169
6384 162 172
6385 162 192
6386 162 198
6387 162 201
6388 162 204
6389 162 206
6390 164 165
6391 164 167
6392 164 171
6393 164 178
6394 164 182
6395 164 184
6396 164 186
6397 164 194
6398 164 200
6399 164 207
6400 165 166
6401 165 167
6402 165 169
6403 165 170
6404 165 172
6405 165 174
6406 165 176
6407 165 177
6408 165 178
6409 165 179
6410 165 181
6411 165 182
6412 165 184
6413 165 185
6414 165 186
6415 165 192
6416 165 193
6417 165 196
6418 165 198
6419 165 199
6420 165 200
6421 165 201
6422 165 202
6423 165 204
6424 165 206
6425 165 207
6426 165 208
6427 165 209
6428 166 170
6429 166 175
6430 166 176
6431 166 177
6432 166 179
6433 166 181
6434 166 184
6435 166 185
6436 166 188
6437 166 189
6438 166 191
6439 166 199
6440 166 201
6441 166 202
6442 166 204
6443 166 205
6444 166 208
6445 167 171
6446 167 178
6447 167 182
6448 167 184
6449 167 186
6450 167 194
6451 167 199
6452 167 200
6453 167 204
6454 167 207
6455 168 172
6456 168 173
6457 168 180
6458 168 183
6459 168 187
6460 168 190
6461 168 195
6462 168 197
6463 168 209
6464 169 172
6465 169 173
6466 169 186
6467 169 190
6468 169 192
6469 169 198
6470 169 200
6471 169 204
6472 169 206
6473 169 207
6474 170 174
6475 170 176
6476 170 177
6477 170 179
6478 170 181
6479 170 184
6480 170 185
6481 170 188
6482 170 189
6483 170 191
6484 170 199
6485 170 201
6486 170 202
6487 170 205
6488 170 208
6489 171 178
6490 171 182
6491 171 186
6492 171 194
6493 171 200
6494 171 207
6495 172 173
6496 172 180
6497 172 183
6498 172 187
6499 172 190
6500 172 192
6501 172 195
6502 172 197
6503 172 204
6504 172 206
6505 172 209
6506 173 180
6507 173 183
6508 173 187
6509 173 190
6510 173 195
6511 173 197
6512 173 209
6513 174 184
6514 174 185
6515 174 201
6516 174 204
6517 175 181
6518 176 177
6519 176 179
6520 176 181
6521 176 184
6522 176 188
6523 176 189
6524 176 199
6525 176 202
6526 177 179
6527 177 181
6528 177 184
6529 177 185
6530 177 188
6531 177 189
6532 177 191
6533 177 199
6534 177 201
6535 177 202
6536 177 204
6537 177 205
6538 177 208
6539 178 182
6540 178 186
6541 178 194
6542 178 199
6543 178 200
6544 178 204
6545 178 207
6546 179 181
6547 179 184
6548 179 185
6549 179 188
6550 179 189
6551 179 199
6552 179 202
6553 179 205
6554 180 183
6555 180 187
6556 180 190
6557 180 195
6558 180 197
6559 180 209
6560 181 184
6561 181 185
6562 181 188
6563 181 189
6564 181 191
6565 181 199
6566 181 201
6567 181 202
6568 181 204
6569 181 205
6570 181 208
6571 182 186
6572 182 194
6573 182 199
6574 182 200
6575 182 201
6576 182 204
6577 182 207
6578 183 187
6579 183 190
6580 183 195
6581 183 197
6582 183 209
6583 184 185
6584 184 188
6585 184 189
6586 184 199
6587 184 201
6588 184 202
6589 184 204
6590 184 205
6591 185 188
6592 185 199
6593 185 201
6594 185 202
6595 185 204
6596 185 211
6597 186 194
6598 186 200
6599 186 204
6600 186 207
6601 186 208
6602 187 190
6603 187 195
6604 187 197
6605 187 209
6606 188 189
6607 188 199
6608 188 202
6609 188 205
6610 189 199
6611 189 202
6612 189 205
6613 190 195
6614 190 197
6615 190 209
6616 191 201
6617 191 202
6618 194 200
6619 194 207
6620 195 197
6621 195 209
6622 197 209
6623 199 201
6624 199 202
6625 199 204
6626 199 205
6627 200 204
6628 200 207
6629 200 208
6630 201 204
6631 202 205
6632 202 208
6633 204 207
