1 1 7
2 1 15
3 1 20
4 1 100
5 1 115
6 1 125
7 1 137
8 1 151
9 1 168
10 1 180
11 1 193
12 1 195
13 1 201
14 1 212
15 2 5
16 2 21
17 2 25
18 2 26
19 2 29
20 2 37
21 2 42
22 2 44
23 2 45
24 2 49
25 2 51
26 2 54
27 2 55
28 2 59
29 2 60
30 2 74
31 2 75
32 2 79
33 2 82
34 2 93
35 2 94
36 2 101
37 2 109
38 2 113
39 2 119
40 2 123
41 2 129
42 2 136
43 2 142
44 2 143
45 2 145
46 2 153
47 2 158
48 2 159
49 2 161
50 2 163
51 2 165
52 2 167
53 2 179
54 2 184
55 2 185
56 2 187
57 2 190
58 2 194
59 2 198
60 2 199
61 2 204
62 2 211
63 3 7
64 3 9
65 3 15
66 3 20
67 3 30
68 3 36
69 3 46
70 3 70
71 3 100
72 3 103
73 3 115
74 3 125
75 3 137
76 3 151
77 3 152
78 3 168
79 3 175
80 3 180
81 3 193
82 3 195
83 3 201
84 3 212
85 3 213
86 4 24
87 4 27
88 4 48
89 4 58
90 4 71
91 4 76
92 4 110
93 4 139
94 4 147
95 4 156
96 4 171
97 4 183
98 4 189
99 4 191
100 4 200
101 4 206
102 4 207
103 4 210
104 5 21
105 5 25
106 5 26
107 5 29
108 5 37
109 5 42
110 5 44
111 5 45
112 5 49
113 5 51
114 5 54
115 5 55
116 5 59
117 5 60
118 5 74
119 5 75
120 5 79
121 5 82
122 5 93
123 5 94
124 5 101
125 5 109
126 5 113
127 5 119
128 5 123
129 5 129
130 5 136
131 5 142
132 5 143
133 5 145
134 5 153
135 5 158
136 5 159
137 5 161
138 5 163
139 5 165
140 5 167
141 5 179
142 5 184
143 5 185
144 5 187
145 5 190
146 5 194
147 5 198
148 5 199
149 5 204
150 5 211
151 7 9
152 7 15
153 7 20
154 7 30
155 7 36
156 7 41
157 7 46
158 7 70
159 7 100
160 7 103
161 7 115
162 7 125
163 7 137
164 7 151
165 7 152
166 7 168
167 7 175
168 7 180
169 7 182
170 7 193
171 7 195
172 7 201
173 7 212
174 7 213
175 8 12
176 8 149
177 9 15
178 9 20
179 9 36
180 9 46
181 9 70
182 9 100
183 9 103
184 9 115
185 9 125
186 9 137
187 9 152
188 9 168
189 9 175
190 9 180
191 9 182
192 9 193
193 9 195
194 9 201
195 9 212
196 9 213
197 10 160
198 12 149
199 15 20
200 15 30
201 15 36
202 15 41
203 15 46
204 15 70
205 15 100
206 15 103
207 15 115
208 15 125
209 15 137
210 15 151
211 15 152
212 15 168
213 15 175
214 15 180
215 15 182
216 15 193
217 15 195
218 15 201
219 15 212
220 15 213
221 16 157
222 17 68
223 17 95
224 17 154
225 18 92
226 19 90
227 19 192
228 20 30
229 20 36
230 20 41
231 20 46
232 20 70
233 20 100
234 20 103
235 20 115
236 20 125
237 20 137
238 20 151
239 20 152
240 20 168
241 20 175
242 20 180
243 20 193
244 20 195
245 20 201
246 20 212
247 20 213
248 21 25
249 21 26
250 21 29
251 21 33
252 21 37
253 21 42
254 21 44
255 21 45
256 21 49
257 21 50
258 21 51
259 21 54
260 21 55
261 21 59
262 21 60
263 21 74
264 21 75
265 21 79
266 21 82
267 21 93
268 21 94
269 21 101
270 21 109
271 21 111
272 21 113
273 21 119
274 21 123
275 21 129
276 21 136
277 21 142
278 21 143
279 21 144
280 21 145
281 21 153
282 21 158
283 21 159
284 21 161
285 21 163
286 21 165
287 21 167
288 21 179
289 21 184
290 21 185
291 21 187
292 21 190
293 21 194
294 21 198
295 21 199
296 21 204
297 22 178
298 23 77
299 23 91
300 23 135
301 24 27
302 24 48
303 24 58
304 24 71
305 24 76
306 24 110
307 24 139
308 24 147
309 24 156
310 24 171
311 24 183
312 24 189
313 24 191
314 24 200
315 24 206
316 24 207
317 24 210
318 25 26
319 25 29
320 25 33
321 25 37
322 25 42
323 25 44
324 25 45
325 25 49
326 25 51
327 25 54
328 25 55
329 25 59
330 25 60
331 25 74
332 25 75
333 25 79
334 25 82
335 25 93
336 25 94
337 25 101
338 25 109
339 25 111
340 25 113
341 25 119
342 25 123
343 25 129
344 25 136
345 25 142
346 25 143
347 25 144
348 25 145
349 25 153
350 25 158
351 25 159
352 25 161
353 25 163
354 25 165
355 25 167
356 25 179
357 25 184
358 25 185
359 25 187
360 25 190
361 25 194
362 25 199
363 25 204
364 26 29
365 26 33
366 26 37
367 26 42
368 26 44
369 26 45
370 26 49
371 26 50
372 26 51
373 26 54
374 26 55
375 26 59
376 26 60
377 26 74
378 26 75
379 26 79
380 26 82
381 26 93
382 26 94
383 26 101
384 26 109
385 26 111
386 26 113
387 26 119
388 26 123
389 26 129
390 26 136
391 26 142
392 26 143
393 26 144
394 26 145
395 26 153
396 26 158
397 26 159
398 26 161
399 26 163
400 26 165
401 26 167
402 26 179
403 26 184
404 26 185
405 26 187
406 26 190
407 26 194
408 26 198
409 26 199
410 26 204
411 26 211
412 27 48
413 27 58
414 27 71
415 27 76
416 27 110
417 27 139
418 27 147
419 27 156
420 27 171
421 27 183
422 27 189
423 27 191
424 27 200
425 27 206
426 27 207
427 27 210
428 29 33
429 29 37
430 29 42
431 29 44
432 29 45
433 29 49
434 29 50
435 29 51
436 29 54
437 29 55
438 29 59
439 29 60
440 29 74
441 29 75
442 29 79
443 29 82
444 29 93
445 29 94
446 29 101
447 29 109
448 29 111
449 29 113
450 29 119
451 29 120
452 29 123
453 29 129
454 29 136
455 29 140
456 29 142
457 29 143
458 29 144
459 29 145
460 29 153
461 29 158
462 29 159
463 29 161
464 29 163
465 29 165
466 29 167
467 29 179
468 29 184
469 29 185
470 29 187
471 29 190
472 29 194
473 29 198
474 29 199
475 29 204
476 29 208
477 29 211
478 30 36
479 30 41
480 30 46
481 30 70
482 30 100
483 30 115
484 30 125
485 30 137
486 30 151
487 30 152
488 30 168
489 30 175
490 30 180
491 30 193
492 30 195
493 30 212
494 30 213
495 31 34
496 31 64
497 31 89
498 31 174
499 32 87
500 32 88
501 32 164
502 33 37
503 33 44
504 33 45
505 33 49
506 33 51
507 33 54
508 33 59
509 33 74
510 33 79
511 33 93
512 33 94
513 33 101
514 33 109
515 33 111
516 33 113
517 33 123
518 33 129
519 33 142
520 33 144
521 33 145
522 33 153
523 33 158
524 33 159
525 33 161
526 33 163
527 33 165
528 33 184
529 33 185
530 33 187
531 33 190
532 33 198
533 33 204
534 34 64
535 34 89
536 34 174
537 35 169
538 36 41
539 36 46
540 36 70
541 36 100
542 36 103
543 36 115
544 36 125
545 36 137
546 36 151
547 36 152
548 36 168
549 36 175
550 36 180
551 36 193
552 36 195
553 36 201
554 36 212
555 36 213
556 37 42
557 37 44
558 37 45
559 37 49
560 37 51
561 37 54
562 37 55
563 37 59
564 37 60
565 37 74
566 37 75
567 37 79
568 37 82
569 37 93
570 37 94
571 37 101
572 37 109
573 37 111
574 37 113
575 37 119
576 37 123
577 37 129
578 37 136
579 37 142
580 37 143
581 37 144
582 37 145
583 37 153
584 37 158
585 37 159
586 37 161
587 37 163
588 37 165
589 37 167
590 37 179
591 37 184
592 37 185
593 37 187
594 37 190
595 37 194
596 37 198
597 37 199
598 37 204
599 37 211
600 41 100
601 41 103
602 41 115
603 41 125
604 41 137
605 41 151
606 41 152
607 41 170
608 41 175
609 41 180
610 41 193
611 41 195
612 41 203
613 41 212
614 41 213
615 42 44
616 42 45
617 42 49
618 42 50
619 42 51
620 42 54
621 42 55
622 42 59
623 42 60
624 42 74
625 42 75
626 42 79
627 42 82
628 42 93
629 42 94
630 42 101
631 42 109
632 42 113
633 42 119
634 42 123
635 42 129
636 42 136
637 42 142
638 42 143
639 42 145
640 42 153
641 42 158
642 42 159
643 42 161
644 42 163
645 42 165
646 42 167
647 42 179
648 42 184
649 42 185
650 42 187
651 42 190
652 42 194
653 42 199
654 42 204
655 42 211
656 43 102
657 44 45
658 44 49
659 44 51
660 44 54
661 44 55
662 44 59
663 44 60
664 44 74
665 44 75
666 44 79
667 44 82
668 44 93
669 44 94
670 44 101
671 44 109
672 44 111
673 44 113
674 44 119
675 44 123
676 44 129
677 44 136
678 44 142
679 44 143
680 44 144
681 44 145
682 44 153
683 44 158
684 44 159
685 44 161
686 44 163
687 44 165
688 44 167
689 44 179
690 44 184
691 44 185
692 44 187
693 44 190
694 44 194
695 44 199
696 44 204
697 45 49
698 45 51
699 45 54
700 45 55
701 45 59
702 45 60
703 45 74
704 45 79
705 45 82
706 45 93
707 45 94
708 45 101
709 45 109
710 45 111
711 45 113
712 45 119
713 45 123
714 45 129
715 45 136
716 45 142
717 45 143
718 45 144
719 45 145
720 45 153
721 45 158
722 45 159
723 45 161
724 45 163
725 45 165
726 45 167
727 45 179
728 45 184
729 45 185
730 45 187
731 45 190
732 45 194
733 45 198
734 45 199
735 45 204
736 46 70
737 46 100
738 46 103
739 46 115
740 46 125
741 46 137
742 46 151
743 46 152
744 46 168
745 46 175
746 46 180
747 46 193
748 46 195
749 46 201
750 46 212
751 46 213
752 48 58
753 48 71
754 48 76
755 48 110
756 48 139
757 48 147
758 48 156
759 48 171
760 48 183
761 48 189
762 48 191
763 48 200
764 48 206
765 48 207
766 48 210
767 49 50
768 49 51
769 49 54
770 49 55
771 49 59
772 49 60
773 49 74
774 49 75
775 49 79
776 49 82
777 49 93
778 49 94
779 49 101
780 49 109
781 49 111
782 49 113
783 49 119
784 49 120
785 49 123
786 49 129
787 49 136
788 49 142
789 49 143
790 49 144
791 49 145
792 49 153
793 49 158
794 49 159
795 49 161
796 49 163
797 49 165
798 49 167
799 49 179
800 49 184
801 49 185
802 49 187
803 49 190
804 49 194
805 49 198
806 49 199
807 49 204
808 49 208
809 49 211
810 50 51
811 50 59
812 50 74
813 50 82
814 50 94
815 50 109
816 50 120
817 50 123
818 50 129
819 50 145
820 50 153
821 50 159
822 50 161
823 50 163
824 50 165
825 50 190
826 50 208
827 51 54
828 51 55
829 51 59
830 51 60
831 51 74
832 51 75
833 51 79
834 51 82
835 51 93
836 51 94
837 51 101
838 51 109
839 51 111
840 51 113
841 51 119
842 51 120
843 51 123
844 51 129
845 51 136
846 51 140
847 51 142
848 51 143
849 51 144
850 51 145
851 51 153
852 51 158
853 51 159
854 51 161
855 51 163
856 51 165
857 51 167
858 51 179
859 51 184
860 51 185
861 51 187
862 51 190
863 51 194
864 51 198
865 51 199
866 51 204
867 51 208
868 51 211
869 52 65
870 52 78
871 52 112
872 54 55
873 54 59
874 54 60
875 54 74
876 54 75
877 54 79
878 54 82
879 54 93
880 54 94
881 54 101
882 54 109
883 54 111
884 54 113
885 54 119
886 54 123
887 54 129
888 54 136
889 54 142
890 54 143
891 54 144
892 54 145
893 54 153
894 54 158
895 54 159
896 54 161
897 54 163
898 54 165
899 54 167
900 54 179
901 54 184
902 54 185
903 54 187
904 54 190
905 54 194
906 54 198
907 54 199
908 54 204
909 55 59
910 55 60
911 55 74
912 55 75
913 55 79
914 55 82
915 55 93
916 55 94
917 55 101
918 55 109
919 55 111
920 55 113
921 55 119
922 55 123
923 55 129
924 55 136
925 55 142
926 55 143
927 55 144
928 55 145
929 55 153
930 55 158
931 55 159
932 55 161
933 55 163
934 55 165
935 55 167
936 55 179
937 55 184
938 55 185
939 55 187
940 55 190
941 55 194
942 55 198
943 55 199
944 55 204
945 55 211
946 56 69
947 58 71
948 58 76
949 58 110
950 58 139
951 58 147
952 58 156
953 58 171
954 58 183
955 58 189
956 58 191
957 58 200
958 58 206
959 58 207
960 58 210
961 59 60
962 59 74
963 59 75
964 59 79
965 59 82
966 59 93
967 59 94
968 59 101
969 59 109
970 59 111
971 59 113
972 59 119
973 59 120
974 59 123
975 59 129
976 59 136
977 59 142
978 59 143
979 59 144
980 59 145
981 59 153
982 59 158
983 59 159
984 59 161
985 59 163
986 59 165
987 59 167
988 59 179
989 59 184
990 59 185
991 59 187
992 59 190
993 59 194
994 59 198
995 59 199
996 59 204
997 59 208
998 59 211
999 60 74
1000 60 75
1001 60 79
1002 60 82
1003 60 93
1004 60 94
1005 60 101
1006 60 109
1007 60 119
1008 60 123
1009 60 129
1010 60 136
1011 60 142
1012 60 143
1013 60 145
1014 60 153
1015 60 158
1016 60 159
1017 60 161
1018 60 163
1019 60 165
1020 60 167
1021 60 184
1022 60 185
1023 60 190
1024 60 194
1025 60 199
1026 60 204
1027 60 211
1028 64 89
1029 64 174
1030 65 78
1031 65 80
1032 65 112
1033 68 95
1034 68 154
1035 70 100
1036 70 103
1037 70 115
1038 70 125
1039 70 137
1040 70 151
1041 70 152
1042 70 168
1043 70 175
1044 70 180
1045 70 193
1046 70 195
1047 70 201
1048 70 212
1049 70 213
1050 71 76
1051 71 110
1052 71 139
1053 71 147
1054 71 156
1055 71 171
1056 71 183
1057 71 189
1058 71 191
1059 71 200
1060 71 206
1061 71 207
1062 71 210
1063 72 122
1064 74 75
1065 74 79
1066 74 82
1067 74 93
1068 74 94
1069 74 101
1070 74 109
1071 74 111
1072 74 113
1073 74 119
1074 74 123
1075 74 129
1076 74 136
1077 74 142
1078 74 143
1079 74 144
1080 74 145
1081 74 153
1082 74 158
1083 74 159
1084 74 161
1085 74 163
1086 74 165
1087 74 167
1088 74 179
1089 74 184
1090 74 185
1091 74 187
1092 74 190
1093 74 194
1094 74 198
1095 74 199
1096 74 204
1097 74 208
1098 74 211
1099 75 79
1100 75 82
1101 75 93
1102 75 94
1103 75 101
1104 75 109
1105 75 113
1106 75 119
1107 75 123
1108 75 129
1109 75 136
1110 75 142
1111 75 143
1112 75 145
1113 75 153
1114 75 158
1115 75 159
1116 75 161
1117 75 163
1118 75 165
1119 75 167
1120 75 179
1121 75 184
1122 75 185
1123 75 187
1124 75 190
1125 75 194
1126 75 199
1127 75 204
1128 75 211
1129 76 110
1130 76 139
1131 76 147
1132 76 156
1133 76 171
1134 76 183
1135 76 189
1136 76 191
1137 76 200
1138 76 206
1139 76 207
1140 76 210
1141 78 80
1142 78 112
1143 79 82
1144 79 93
1145 79 94
1146 79 101
1147 79 109
1148 79 111
1149 79 113
1150 79 119
1151 79 123
1152 79 129
1153 79 136
1154 79 142
1155 79 143
1156 79 144
1157 79 145
1158 79 153
1159 79 158
1160 79 159
1161 79 161
1162 79 163
1163 79 165
1164 79 167
1165 79 179
1166 79 184
1167 79 185
1168 79 187
1169 79 190
1170 79 194
1171 79 198
1172 79 199
1173 79 204
1174 80 112
1175 82 93
1176 82 94
1177 82 101
1178 82 109
1179 82 113
1180 82 119
1181 82 123
1182 82 129
1183 82 136
1184 82 142
1185 82 143
1186 82 145
1187 82 153
1188 82 158
1189 82 159
1190 82 161
1191 82 163
1192 82 165
1193 82 167
1194 82 179
1195 82 184
1196 82 185
1197 82 187
1198 82 190
1199 82 194
1200 82 199
1201 82 204
1202 82 211
1203 87 88
1204 87 164
1205 89 174
1206 90 192
1207 91 135
1208 93 94
1209 93 101
1210 93 109
1211 93 111
1212 93 113
1213 93 119
1214 93 123
1215 93 129
1216 93 136
1217 93 142
1218 93 143
1219 93 144
1220 93 145
1221 93 153
1222 93 158
1223 93 159
1224 93 161
1225 93 163
1226 93 165
1227 93 167
1228 93 179
1229 93 184
1230 93 185
1231 93 187
1232 93 190
1233 93 194
1234 93 198
1235 93 199
1236 93 204
1237 94 101
1238 94 109
1239 94 111
1240 94 113
1241 94 119
1242 94 120
1243 94 123
1244 94 129
1245 94 136
1246 94 140
1247 94 142
1248 94 143
1249 94 144
1250 94 145
1251 94 153
1252 94 158
1253 94 159
1254 94 161
1255 94 163
1256 94 165
1257 94 167
1258 94 179
1259 94 184
1260 94 185
1261 94 187
1262 94 190
1263 94 194
1264 94 198
1265 94 199
1266 94 204
1267 94 208
1268 94 211
1269 95 154
1270 99 138
1271 100 103
1272 100 115
1273 100 125
1274 100 137
1275 100 151
1276 100 152
1277 100 168
1278 100 175
1279 100 180
1280 100 182
1281 100 193
1282 100 195
1283 100 201
1284 100 212
1285 100 213
1286 101 109
1287 101 111
1288 101 113
1289 101 119
1290 101 123
1291 101 129
1292 101 136
1293 101 142
1294 101 143
1295 101 144
1296 101 145
1297 101 153
1298 101 158
1299 101 159
1300 101 161
1301 101 163
1302 101 165
1303 101 167
1304 101 184
1305 101 185
1306 101 187
1307 101 190
1308 101 194
1309 101 198
1310 101 199
1311 101 204
1312 103 115
1313 103 125
1314 103 137
1315 103 151
1316 103 152
1317 103 168
1318 103 175
1319 103 180
1320 103 182
1321 103 193
1322 103 195
1323 103 201
1324 103 212
1325 103 213
1326 106 114
1327 109 111
1328 109 113
1329 109 119
1330 109 123
1331 109 129
1332 109 136
1333 109 142
1334 109 143
1335 109 144
1336 109 145
1337 109 153
1338 109 158
1339 109 159
1340 109 161
1341 109 163
1342 109 165
1343 109 167
1344 109 179
1345 109 184
1346 109 185
1347 109 187
1348 109 190
1349 109 194
1350 109 198
1351 109 199
1352 109 204
1353 109 211
1354 110 139
1355 110 147
1356 110 156
1357 110 171
1358 110 183
1359 110 189
1360 110 191
1361 110 200
1362 110 206
1363 110 207
1364 110 210
1365 111 113
1366 111 123
1367 111 129
1368 111 144
1369 111 145
1370 111 153
1371 111 158
1372 111 159
1373 111 161
1374 111 163
1375 111 165
1376 111 184
1377 111 185
1378 111 187
1379 111 190
1380 111 198
1381 111 204
1382 113 119
1383 113 123
1384 113 129
1385 113 136
1386 113 142
1387 113 143
1388 113 144
1389 113 145
1390 113 153
1391 113 158
1392 113 159
1393 113 161
1394 113 163
1395 113 165
1396 113 184
1397 113 185
1398 113 187
1399 113 190
1400 113 199
1401 113 204
1402 115 125
1403 115 137
1404 115 151
1405 115 152
1406 115 168
1407 115 170
1408 115 175
1409 115 180
1410 115 182
1411 115 193
1412 115 195
1413 115 201
1414 115 203
1415 115 212
1416 115 213
1417 118 177
1418 119 123
1419 119 129
1420 119 136
1421 119 142
1422 119 143
1423 119 145
1424 119 153
1425 119 158
1426 119 159
1427 119 161
1428 119 163
1429 119 165
1430 119 167
1431 119 179
1432 119 184
1433 119 185
1434 119 190
1435 119 198
1436 119 199
1437 119 204
1438 120 145
1439 120 190
1440 120 208
1441 123 129
1442 123 136
1443 123 142
1444 123 143
1445 123 144
1446 123 145
1447 123 153
1448 123 158
1449 123 159
1450 123 161
1451 123 163
1452 123 165
1453 123 167
1454 123 179
1455 123 184
1456 123 185
1457 123 187
1458 123 190
1459 123 194
1460 123 198
1461 123 199
1462 123 204
1463 123 211
1464 124 148
1465 125 137
1466 125 151
1467 125 152
1468 125 168
1469 125 175
1470 125 180
1471 125 182
1472 125 193
1473 125 195
1474 125 201
1475 125 212
1476 125 213
1477 129 136
1478 129 142
1479 129 143
1480 129 144
1481 129 145
1482 129 153
1483 129 158
1484 129 159
1485 129 161
1486 129 163
1487 129 165
1488 129 167
1489 129 179
1490 129 184
1491 129 185
1492 129 187
1493 129 190
1494 129 194
1495 129 198
1496 129 199
1497 129 204
1498 129 211
1499 136 142
1500 136 143
1501 136 145
1502 136 153
1503 136 158
1504 136 159
1505 136 161
1506 136 163
1507 136 165
1508 136 167
1509 136 179
1510 136 184
1511 136 185
1512 136 187
1513 136 190
1514 136 194
1515 136 199
1516 136 204
1517 137 151
1518 137 152
1519 137 168
1520 137 175
1521 137 180
1522 137 182
1523 137 193
1524 137 195
1525 137 201
1526 137 212
1527 137 213
1528 139 147
1529 139 156
1530 139 171
1531 139 183
1532 139 189
1533 139 191
1534 139 200
1535 139 206
1536 139 207
1537 139 210
1538 140 145
1539 140 190
1540 142 143
1541 142 145
1542 142 153
1543 142 158
1544 142 159
1545 142 161
1546 142 163
1547 142 165
1548 142 167
1549 142 179
1550 142 184
1551 142 185
1552 142 190
1553 142 198
1554 142 199
1555 142 204
1556 143 145
1557 143 153
1558 143 158
1559 143 159
1560 143 161
1561 143 163
1562 143 165
1563 143 167
1564 143 179
1565 143 184
1566 143 185
1567 143 187
1568 143 190
1569 143 198
1570 143 199
1571 143 204
1572 144 145
1573 144 153
1574 144 158
1575 144 159
1576 144 161
1577 144 163
1578 144 165
1579 144 184
1580 144 185
1581 144 187
1582 144 190
1583 144 198
1584 144 204
1585 145 153
1586 145 158
1587 145 159
1588 145 161
1589 145 163
1590 145 165
1591 145 167
1592 145 179
1593 145 184
1594 145 185
1595 145 187
1596 145 190
1597 145 194
1598 145 198
1599 145 199
1600 145 204
1601 145 208
1602 145 211
1603 146 192
1604 147 156
1605 147 171
1606 147 183
1607 147 189
1608 147 191
1609 147 200
1610 147 206
1611 147 207
1612 147 210
1613 151 152
1614 151 168
1615 151 175
1616 151 180
1617 151 193
1618 151 195
1619 151 201
1620 151 212
1621 151 213
1622 152 168
1623 152 175
1624 152 180
1625 152 182
1626 152 193
1627 152 195
1628 152 201
1629 152 212
1630 152 213
1631 153 158
1632 153 159
1633 153 161
1634 153 163
1635 153 165
1636 153 167
1637 153 179
1638 153 184
1639 153 185
1640 153 187
1641 153 190
1642 153 194
1643 153 198
1644 153 199
1645 153 204
1646 153 211
1647 156 171
1648 156 183
1649 156 189
1650 156 191
1651 156 200
1652 156 206
1653 156 207
1654 156 210
1655 158 159
1656 158 161
1657 158 163
1658 158 165
1659 158 167
1660 158 179
1661 158 184
1662 158 185
1663 158 187
1664 158 190
1665 158 194
1666 158 199
1667 158 204
1668 159 161
1669 159 163
1670 159 165
1671 159 167
1672 159 179
1673 159 184
1674 159 185
1675 159 187
1676 159 190
1677 159 194
1678 159 198
1679 159 199
1680 159 204
1681 159 211
1682 160 172
1683 161 163
1684 161 165
1685 161 167
1686 161 179
1687 161 184
1688 161 185
1689 161 187
1690 161 190
1691 161 194
1692 161 198
1693 161 199
1694 161 204
1695 161 211
1696 163 165
1697 163 167
1698 163 179
1699 163 184
1700 163 185
1701 163 187
1702 163 190
1703 163 194
1704 163 198
1705 163 199
1706 163 204
1707 163 211
1708 165 167
1709 165 179
1710 165 184
1711 165 185
1712 165 187
1713 165 190
1714 165 194
1715 165 198
1716 165 199
1717 165 204
1718 165 211
1719 167 179
1720 167 184
1721 167 185
1722 167 187
1723 167 190
1724 167 194
1725 167 199
1726 167 204
1727 168 175
1728 168 180
1729 168 182
1730 168 193
1731 168 195
1732 168 201
1733 168 203
1734 168 212
1735 168 213
1736 170 175
1737 171 183
1738 171 189
1739 171 191
1740 171 200
1741 171 206
1742 171 207
1743 171 210
1744 175 180
1745 175 182
1746 175 193
1747 175 195
1748 175 201
1749 175 212
1750 175 213
1751 179 184
1752 179 190
1753 179 199
1754 179 204
1755 180 182
1756 180 193
1757 180 195
1758 180 201
1759 180 212
1760 180 213
1761 182 193
1762 182 195
1763 182 201
1764 183 189
1765 183 191
1766 183 200
1767 183 206
1768 183 207
1769 183 210
1770 184 185
1771 184 187
1772 184 190
1773 184 194
1774 184 198
1775 184 199
1776 184 204
1777 185 187
1778 185 190
1779 185 194
1780 185 198
1781 185 199
1782 185 204
1783 185 211
1784 187 190
1785 187 194
1786 187 204
1787 189 191
1788 189 200
1789 189 206
1790 189 207
1791 189 210
1792 190 194
1793 190 198
1794 190 199
1795 190 204
1796 190 208
1797 190 211
1798 191 200
1799 191 206
1800 191 207
1801 191 210
1802 193 195
1803 193 201
1804 193 203
1805 193 212
1806 193 213
1807 194 204
1808 194 208
1809 194 211
1810 195 201
1811 195 212
1812 195 213
1813 198 204
1814 199 204
1815 200 206
1816 200 207
1817 200 210
1818 201 212
1819 201 213
1820 203 212
1821 204 208
1822 204 211
1823 206 207
1824 206 210
1825 207 210
1826 212 213
