1 1 3
2 1 6
3 1 7
4 1 8
5 1 9
6 1 12
7 1 15
8 1 16
9 1 20
10 1 22
11 1 30
12 1 32
13 1 36
14 1 41
15 1 46
16 1 52
17 1 53
18 1 57
19 1 65
20 1 66
21 1 70
22 1 78
23 1 80
24 1 84
25 1 87
26 1 88
27 1 91
28 1 96
29 1 100
30 1 103
31 1 105
32 1 108
33 1 112
34 1 115
35 1 125
36 1 126
37 1 132
38 1 133
39 1 137
40 1 141
41 1 149
42 1 151
43 1 152
44 1 157
45 1 164
46 1 168
47 1 170
48 1 173
49 1 175
50 1 178
51 1 180
52 1 182
53 1 188
54 1 193
55 1 195
56 1 197
57 1 201
58 1 203
59 1 205
60 1 212
61 1 213
62 2 5
63 2 6
64 2 10
65 2 14
66 2 16
67 2 21
68 2 25
69 2 26
70 2 29
71 2 33
72 2 37
73 2 42
74 2 44
75 2 45
76 2 47
77 2 49
78 2 50
79 2 51
80 2 54
81 2 55
82 2 59
83 2 60
84 2 67
85 2 74
86 2 75
87 2 79
88 2 82
89 2 83
90 2 86
91 2 93
92 2 94
93 2 97
94 2 101
95 2 107
96 2 109
97 2 111
98 2 113
99 2 119
100 2 120
101 2 123
102 2 129
103 2 130
104 2 133
105 2 136
106 2 140
107 2 142
108 2 143
109 2 144
110 2 145
111 2 153
112 2 155
113 2 157
114 2 158
115 2 159
116 2 160
117 2 161
118 2 163
119 2 165
120 2 167
121 2 172
122 2 176
123 2 179
124 2 184
125 2 185
126 2 186
127 2 187
128 2 190
129 2 194
130 2 196
131 2 198
132 2 199
133 2 202
134 2 204
135 2 205
136 2 208
137 2 211
138 3 6
139 3 7
140 3 8
141 3 9
142 3 12
143 3 15
144 3 16
145 3 20
146 3 22
147 3 23
148 3 30
149 3 32
150 3 36
151 3 41
152 3 46
153 3 52
154 3 53
155 3 57
156 3 65
157 3 66
158 3 70
159 3 78
160 3 80
161 3 84
162 3 87
163 3 88
164 3 96
165 3 100
166 3 103
167 3 105
168 3 112
169 3 115
170 3 125
171 3 126
172 3 132
173 3 133
174 3 137
175 3 141
176 3 149
177 3 151
178 3 152
179 3 157
180 3 164
181 3 168
182 3 170
183 3 173
184 3 175
185 3 178
186 3 180
187 3 182
188 3 188
189 3 193
190 3 195
191 3 197
192 3 201
193 3 203
194 3 205
195 3 212
196 3 213
197 4 24
198 4 27
199 4 48
200 4 58
201 4 71
202 4 72
203 4 76
204 4 110
205 4 122
206 4 139
207 4 147
208 4 156
209 4 171
210 4 183
211 4 189
212 4 191
213 4 200
214 4 206
215 4 207
216 4 210
217 5 6
218 5 10
219 5 14
220 5 21
221 5 25
222 5 26
223 5 29
224 5 33
225 5 37
226 5 42
227 5 44
228 5 45
229 5 47
230 5 49
231 5 50
232 5 51
233 5 54
234 5 55
235 5 59
236 5 60
237 5 67
238 5 74
239 5 75
240 5 79
241 5 82
242 5 83
243 5 86
244 5 93
245 5 94
246 5 97
247 5 101
248 5 107
249 5 109
250 5 111
251 5 113
252 5 119
253 5 120
254 5 123
255 5 129
256 5 130
257 5 133
258 5 136
259 5 140
260 5 142
261 5 143
262 5 144
263 5 145
264 5 153
265 5 155
266 5 157
267 5 158
268 5 159
269 5 160
270 5 161
271 5 163
272 5 165
273 5 167
274 5 172
275 5 176
276 5 179
277 5 184
278 5 185
279 5 186
280 5 187
281 5 190
282 5 194
283 5 196
284 5 198
285 5 199
286 5 202
287 5 204
288 5 205
289 5 208
290 5 211
291 6 8
292 6 10
293 6 12
294 6 14
295 6 16
296 6 20
297 6 21
298 6 25
299 6 26
300 6 29
301 6 30
302 6 33
303 6 36
304 6 37
305 6 41
306 6 42
307 6 44
308 6 45
309 6 46
310 6 47
311 6 49
312 6 50
313 6 51
314 6 53
315 6 54
316 6 55
317 6 57
318 6 59
319 6 60
320 6 66
321 6 67
322 6 70
323 6 74
324 6 75
325 6 79
326 6 82
327 6 83
328 6 84
329 6 86
330 6 93
331 6 94
332 6 96
333 6 97
334 6 101
335 6 104
336 6 107
337 6 108
338 6 109
339 6 111
340 6 113
341 6 115
342 6 119
343 6 120
344 6 123
345 6 126
346 6 128
347 6 129
348 6 130
349 6 132
350 6 133
351 6 136
352 6 140
353 6 141
354 6 142
355 6 143
356 6 144
357 6 145
358 6 149
359 6 150
360 6 151
361 6 152
362 6 153
363 6 155
364 6 157
365 6 158
366 6 159
367 6 160
368 6 161
369 6 163
370 6 165
371 6 167
372 6 168
373 6 172
374 6 173
375 6 175
376 6 176
377 6 179
378 6 184
379 6 185
380 6 186
381 6 187
382 6 188
383 6 190
384 6 194
385 6 196
386 6 197
387 6 198
388 6 199
389 6 202
390 6 203
391 6 204
392 6 205
393 6 208
394 6 211
395 6 212
396 6 213
397 7 8
398 7 9
399 7 12
400 7 15
401 7 16
402 7 20
403 7 22
404 7 30
405 7 32
406 7 36
407 7 41
408 7 46
409 7 52
410 7 53
411 7 57
412 7 65
413 7 66
414 7 70
415 7 78
416 7 80
417 7 84
418 7 87
419 7 88
420 7 96
421 7 100
422 7 103
423 7 105
424 7 108
425 7 112
426 7 115
427 7 125
428 7 126
429 7 132
430 7 133
431 7 137
432 7 141
433 7 149
434 7 151
435 7 152
436 7 157
437 7 164
438 7 168
439 7 169
440 7 170
441 7 173
442 7 175
443 7 178
444 7 180
445 7 182
446 7 188
447 7 193
448 7 195
449 7 197
450 7 201
451 7 203
452 7 205
453 7 212
454 7 213
455 8 9
456 8 12
457 8 15
458 8 16
459 8 20
460 8 22
461 8 30
462 8 32
463 8 36
464 8 41
465 8 46
466 8 52
467 8 53
468 8 57
469 8 65
470 8 66
471 8 70
472 8 78
473 8 80
474 8 87
475 8 88
476 8 96
477 8 100
478 8 103
479 8 112
480 8 115
481 8 125
482 8 126
483 8 132
484 8 133
485 8 137
486 8 141
487 8 149
488 8 151
489 8 152
490 8 157
491 8 164
492 8 168
493 8 170
494 8 173
495 8 175
496 8 178
497 8 180
498 8 182
499 8 188
500 8 193
501 8 195
502 8 197
503 8 201
504 8 203
505 8 205
506 8 212
507 8 213
508 9 12
509 9 15
510 9 16
511 9 20
512 9 22
513 9 30
514 9 32
515 9 36
516 9 41
517 9 46
518 9 52
519 9 53
520 9 57
521 9 65
522 9 66
523 9 70
524 9 78
525 9 80
526 9 84
527 9 87
528 9 88
529 9 96
530 9 100
531 9 103
532 9 105
533 9 108
534 9 112
535 9 115
536 9 125
537 9 126
538 9 132
539 9 133
540 9 137
541 9 141
542 9 149
543 9 151
544 9 152
545 9 157
546 9 164
547 9 168
548 9 170
549 9 173
550 9 174
551 9 175
552 9 178
553 9 180
554 9 182
555 9 188
556 9 193
557 9 195
558 9 197
559 9 201
560 9 203
561 9 205
562 9 212
563 9 213
564 10 14
565 10 21
566 10 25
567 10 26
568 10 29
569 10 33
570 10 37
571 10 42
572 10 44
573 10 45
574 10 47
575 10 49
576 10 50
577 10 51
578 10 54
579 10 55
580 10 59
581 10 60
582 10 67
583 10 74
584 10 75
585 10 79
586 10 82
587 10 83
588 10 86
589 10 93
590 10 94
591 10 97
592 10 101
593 10 107
594 10 109
595 10 111
596 10 113
597 10 119
598 10 120
599 10 123
600 10 129
601 10 130
602 10 133
603 10 136
604 10 140
605 10 142
606 10 143
607 10 144
608 10 145
609 10 153
610 10 155
611 10 158
612 10 159
613 10 160
614 10 161
615 10 163
616 10 165
617 10 167
618 10 172
619 10 176
620 10 179
621 10 184
622 10 185
623 10 186
624 10 187
625 10 190
626 10 194
627 10 196
628 10 198
629 10 199
630 10 202
631 10 204
632 10 208
633 10 211
634 11 13
635 11 16
636 11 17
637 11 18
638 11 19
639 11 23
640 11 28
641 11 31
642 11 34
643 11 35
644 11 36
645 11 38
646 11 39
647 11 40
648 11 43
649 11 56
650 11 61
651 11 62
652 11 63
653 11 64
654 11 68
655 11 69
656 11 73
657 11 77
658 11 81
659 11 85
660 11 89
661 11 90
662 11 91
663 11 92
664 11 95
665 11 98
666 11 99
667 11 102
668 11 106
669 11 114
670 11 116
671 11 117
672 11 118
673 11 121
674 11 124
675 11 131
676 11 134
677 11 135
678 11 138
679 11 141
680 11 146
681 11 148
682 11 150
683 11 154
684 11 162
685 11 166
686 11 169
687 11 174
688 11 177
689 11 181
690 11 192
691 11 209
692 11 213
693 12 15
694 12 16
695 12 20
696 12 22
697 12 30
698 12 32
699 12 36
700 12 41
701 12 46
702 12 52
703 12 53
704 12 57
705 12 65
706 12 66
707 12 70
708 12 78
709 12 80
710 12 87
711 12 88
712 12 96
713 12 100
714 12 103
715 12 112
716 12 115
717 12 125
718 12 126
719 12 132
720 12 133
721 12 137
722 12 141
723 12 149
724 12 151
725 12 152
726 12 157
727 12 164
728 12 168
729 12 170
730 12 173
731 12 175
732 12 178
733 12 180
734 12 182
735 12 188
736 12 193
737 12 195
738 12 197
739 12 201
740 12 203
741 12 205
742 12 212
743 12 213
744 13 16
745 13 17
746 13 18
747 13 19
748 13 23
749 13 28
750 13 31
751 13 34
752 13 35
753 13 38
754 13 39
755 13 40
756 13 43
757 13 56
758 13 61
759 13 62
760 13 63
761 13 64
762 13 68
763 13 69
764 13 73
765 13 77
766 13 81
767 13 85
768 13 89
769 13 90
770 13 91
771 13 92
772 13 95
773 13 96
774 13 98
775 13 99
776 13 102
777 13 106
778 13 114
779 13 116
780 13 117
781 13 118
782 13 121
783 13 124
784 13 126
785 13 131
786 13 134
787 13 135
788 13 138
789 13 146
790 13 148
791 13 150
792 13 154
793 13 162
794 13 166
795 13 169
796 13 174
797 13 177
798 13 181
799 13 188
800 13 192
801 13 209
802 13 213
803 14 21
804 14 25
805 14 26
806 14 29
807 14 33
808 14 37
809 14 42
810 14 44
811 14 45
812 14 47
813 14 49
814 14 50
815 14 51
816 14 54
817 14 55
818 14 59
819 14 60
820 14 67
821 14 74
822 14 75
823 14 79
824 14 82
825 14 83
826 14 86
827 14 93
828 14 94
829 14 97
830 14 101
831 14 104
832 14 107
833 14 109
834 14 111
835 14 113
836 14 119
837 14 120
838 14 123
839 14 127
840 14 128
841 14 129
842 14 130
843 14 133
844 14 136
845 14 140
846 14 142
847 14 143
848 14 144
849 14 145
850 14 153
851 14 155
852 14 158
853 14 159
854 14 160
855 14 161
856 14 163
857 14 165
858 14 167
859 14 172
860 14 176
861 14 179
862 14 184
863 14 185
864 14 186
865 14 187
866 14 190
867 14 194
868 14 196
869 14 198
870 14 199
871 14 202
872 14 204
873 14 208
874 14 211
875 15 16
876 15 20
877 15 22
878 15 30
879 15 32
880 15 36
881 15 41
882 15 46
883 15 52
884 15 53
885 15 57
886 15 65
887 15 66
888 15 70
889 15 77
890 15 78
891 15 80
892 15 84
893 15 87
894 15 88
895 15 96
896 15 100
897 15 103
898 15 105
899 15 108
900 15 112
901 15 115
902 15 125
903 15 126
904 15 132
905 15 133
906 15 137
907 15 141
908 15 149
909 15 151
910 15 152
911 15 157
912 15 164
913 15 168
914 15 170
915 15 173
916 15 175
917 15 178
918 15 180
919 15 182
920 15 188
921 15 193
922 15 195
923 15 197
924 15 201
925 15 203
926 15 205
927 15 212
928 15 213
929 16 17
930 16 19
931 16 20
932 16 21
933 16 22
934 16 23
935 16 26
936 16 29
937 16 30
938 16 31
939 16 32
940 16 34
941 16 35
942 16 36
943 16 37
944 16 40
945 16 41
946 16 42
947 16 45
948 16 46
949 16 49
950 16 50
951 16 51
952 16 52
953 16 53
954 16 54
955 16 55
956 16 57
957 16 59
958 16 60
959 16 61
960 16 62
961 16 63
962 16 65
963 16 66
964 16 68
965 16 70
966 16 73
967 16 74
968 16 75
969 16 77
970 16 78
971 16 79
972 16 80
973 16 82
974 16 84
975 16 86
976 16 87
977 16 89
978 16 90
979 16 91
980 16 93
981 16 94
982 16 95
983 16 96
984 16 100
985 16 101
986 16 103
987 16 105
988 16 106
989 16 108
990 16 109
991 16 112
992 16 113
993 16 114
994 16 115
995 16 117
996 16 118
997 16 119
998 16 120
999 16 123
1000 16 125
1001 16 126
1002 16 129
1003 16 131
1004 16 132
1005 16 133
1006 16 134
1007 16 135
1008 16 136
1009 16 137
1010 16 140
1011 16 141
1012 16 142
1013 16 143
1014 16 145
1015 16 146
1016 16 149
1017 16 150
1018 16 151
1019 16 152
1020 16 153
1021 16 154
1022 16 157
1023 16 159
1024 16 161
1025 16 162
1026 16 163
1027 16 164
1028 16 165
1029 16 168
1030 16 169
1031 16 170
1032 16 172
1033 16 173
1034 16 174
1035 16 175
1036 16 177
1037 16 178
1038 16 179
1039 16 180
1040 16 182
1041 16 184
1042 16 185
1043 16 187
1044 16 188
1045 16 190
1046 16 192
1047 16 193
1048 16 194
1049 16 195
1050 16 197
1051 16 199
1052 16 201
1053 16 203
1054 16 204
1055 16 205
1056 16 208
1057 16 212
1058 16 213
1059 17 18
1060 17 19
1061 17 23
1062 17 28
1063 17 31
1064 17 34
1065 17 35
1066 17 36
1067 17 38
1068 17 39
1069 17 40
1070 17 43
1071 17 56
1072 17 61
1073 17 62
1074 17 63
1075 17 64
1076 17 68
1077 17 69
1078 17 73
1079 17 77
1080 17 81
1081 17 85
1082 17 89
1083 17 90
1084 17 91
1085 17 92
1086 17 95
1087 17 96
1088 17 98
1089 17 99
1090 17 102
1091 17 106
1092 17 114
1093 17 116
1094 17 117
1095 17 118
1096 17 121
1097 17 124
1098 17 126
1099 17 131
1100 17 134
1101 17 135
1102 17 138
1103 17 146
1104 17 148
1105 17 150
1106 17 154
1107 17 157
1108 17 162
1109 17 166
1110 17 169
1111 17 174
1112 17 177
1113 17 181
1114 17 188
1115 17 192
1116 17 209
1117 17 212
1118 18 19
1119 18 23
1120 18 28
1121 18 31
1122 18 34
1123 18 35
1124 18 38
1125 18 39
1126 18 40
1127 18 43
1128 18 56
1129 18 61
1130 18 62
1131 18 63
1132 18 64
1133 18 68
1134 18 69
1135 18 73
1136 18 77
1137 18 81
1138 18 85
1139 18 89
1140 18 90
1141 18 91
1142 18 92
1143 18 95
1144 18 98
1145 18 99
1146 18 102
1147 18 106
1148 18 114
1149 18 116
1150 18 117
1151 18 118
1152 18 121
1153 18 124
1154 18 131
1155 18 134
1156 18 135
1157 18 138
1158 18 146
1159 18 148
1160 18 150
1161 18 154
1162 18 162
1163 18 166
1164 18 169
1165 18 174
1166 18 177
1167 18 181
1168 18 192
1169 18 209
1170 19 23
1171 19 28
1172 19 31
1173 19 34
1174 19 35
1175 19 38
1176 19 39
1177 19 40
1178 19 43
1179 19 56
1180 19 61
1181 19 62
1182 19 63
1183 19 64
1184 19 66
1185 19 68
1186 19 69
1187 19 73
1188 19 77
1189 19 81
1190 19 85
1191 19 89
1192 19 90
1193 19 91
1194 19 92
1195 19 95
1196 19 96
1197 19 98
1198 19 99
1199 19 102
1200 19 106
1201 19 114
1202 19 116
1203 19 117
1204 19 118
1205 19 121
1206 19 124
1207 19 126
1208 19 131
1209 19 134
1210 19 135
1211 19 138
1212 19 146
1213 19 148
1214 19 150
1215 19 154
1216 19 157
1217 19 162
1218 19 166
1219 19 169
1220 19 174
1221 19 177
1222 19 181
1223 19 188
1224 19 192
1225 19 209
1226 20 22
1227 20 23
1228 20 30
1229 20 32
1230 20 36
1231 20 41
1232 20 46
1233 20 52
1234 20 53
1235 20 57
1236 20 65
1237 20 66
1238 20 70
1239 20 77
1240 20 78
1241 20 80
1242 20 84
1243 20 87
1244 20 88
1245 20 96
1246 20 100
1247 20 103
1248 20 112
1249 20 115
1250 20 117
1251 20 125
1252 20 126
1253 20 132
1254 20 133
1255 20 137
1256 20 141
1257 20 149
1258 20 151
1259 20 152
1260 20 157
1261 20 164
1262 20 168
1263 20 170
1264 20 173
1265 20 175
1266 20 178
1267 20 180
1268 20 182
1269 20 188
1270 20 193
1271 20 195
1272 20 197
1273 20 201
1274 20 203
1275 20 205
1276 20 212
1277 20 213
1278 21 25
1279 21 26
1280 21 29
1281 21 33
1282 21 37
1283 21 42
1284 21 44
1285 21 45
1286 21 47
1287 21 49
1288 21 50
1289 21 51
1290 21 54
1291 21 55
1292 21 57
1293 21 59
1294 21 60
1295 21 67
1296 21 74
1297 21 75
1298 21 79
1299 21 82
1300 21 83
1301 21 86
1302 21 93
1303 21 94
1304 21 97
1305 21 101
1306 21 107
1307 21 109
1308 21 111
1309 21 113
1310 21 119
1311 21 120
1312 21 123
1313 21 126
1314 21 127
1315 21 129
1316 21 130
1317 21 133
1318 21 136
1319 21 140
1320 21 142
1321 21 143
1322 21 144
1323 21 145
1324 21 153
1325 21 155
1326 21 157
1327 21 158
1328 21 159
1329 21 160
1330 21 161
1331 21 163
1332 21 165
1333 21 167
1334 21 172
1335 21 173
1336 21 176
1337 21 179
1338 21 184
1339 21 185
1340 21 186
1341 21 187
1342 21 190
1343 21 194
1344 21 196
1345 21 198
1346 21 199
1347 21 202
1348 21 204
1349 21 205
1350 21 208
1351 21 211
1352 22 30
1353 22 32
1354 22 36
1355 22 41
1356 22 46
1357 22 52
1358 22 53
1359 22 57
1360 22 65
1361 22 66
1362 22 70
1363 22 78
1364 22 80
1365 22 84
1366 22 87
1367 22 88
1368 22 96
1369 22 100
1370 22 103
1371 22 108
1372 22 112
1373 22 115
1374 22 125
1375 22 126
1376 22 132
1377 22 133
1378 22 137
1379 22 141
1380 22 149
1381 22 151
1382 22 152
1383 22 157
1384 22 164
1385 22 168
1386 22 170
1387 22 173
1388 22 175
1389 22 178
1390 22 180
1391 22 182
1392 22 188
1393 22 193
1394 22 195
1395 22 197
1396 22 201
1397 22 203
1398 22 205
1399 22 212
1400 22 213
1401 23 28
1402 23 31
1403 23 34
1404 23 35
1405 23 36
1406 23 38
1407 23 39
1408 23 40
1409 23 43
1410 23 56
1411 23 61
1412 23 62
1413 23 63
1414 23 64
1415 23 68
1416 23 69
1417 23 73
1418 23 77
1419 23 81
1420 23 84
1421 23 85
1422 23 89
1423 23 90
1424 23 91
1425 23 92
1426 23 95
1427 23 96
1428 23 98
1429 23 99
1430 23 102
1431 23 106
1432 23 114
1433 23 115
1434 23 116
1435 23 117
1436 23 118
1437 23 121
1438 23 124
1439 23 126
1440 23 131
1441 23 134
1442 23 135
1443 23 138
1444 23 141
1445 23 146
1446 23 148
1447 23 150
1448 23 152
1449 23 154
1450 23 157
1451 23 162
1452 23 166
1453 23 169
1454 23 173
1455 23 174
1456 23 177
1457 23 181
1458 23 188
1459 23 192
1460 23 197
1461 23 209
1462 23 212
1463 23 213
1464 24 27
1465 24 48
1466 24 58
1467 24 71
1468 24 72
1469 24 76
1470 24 110
1471 24 122
1472 24 139
1473 24 147
1474 24 156
1475 24 171
1476 24 183
1477 24 189
1478 24 191
1479 24 200
1480 24 206
1481 24 207
1482 24 210
1483 25 26
1484 25 29
1485 25 33
1486 25 37
1487 25 42
1488 25 44
1489 25 45
1490 25 47
1491 25 49
1492 25 50
1493 25 51
1494 25 54
1495 25 55
1496 25 57
1497 25 59
1498 25 60
1499 25 67
1500 25 74
1501 25 75
1502 25 79
1503 25 82
1504 25 83
1505 25 86
1506 25 93
1507 25 94
1508 25 97
1509 25 101
1510 25 107
1511 25 109
1512 25 111
1513 25 113
1514 25 119
1515 25 120
1516 25 123
1517 25 127
1518 25 129
1519 25 130
1520 25 133
1521 25 136
1522 25 140
1523 25 142
1524 25 143
1525 25 144
1526 25 145
1527 25 153
1528 25 155
1529 25 157
1530 25 158
1531 25 159
1532 25 160
1533 25 161
1534 25 163
1535 25 165
1536 25 167
1537 25 172
1538 25 176
1539 25 179
1540 25 184
1541 25 185
1542 25 186
1543 25 187
1544 25 190
1545 25 194
1546 25 196
1547 25 198
1548 25 199
1549 25 202
1550 25 204
1551 25 205
1552 25 208
1553 25 211
1554 26 29
1555 26 33
1556 26 37
1557 26 42
1558 26 44
1559 26 45
1560 26 47
1561 26 49
1562 26 50
1563 26 51
1564 26 54
1565 26 55
1566 26 57
1567 26 59
1568 26 60
1569 26 67
1570 26 74
1571 26 75
1572 26 79
1573 26 82
1574 26 83
1575 26 86
1576 26 93
1577 26 94
1578 26 96
1579 26 97
1580 26 101
1581 26 107
1582 26 109
1583 26 111
1584 26 113
1585 26 119
1586 26 120
1587 26 123
1588 26 126
1589 26 127
1590 26 129
1591 26 130
1592 26 133
1593 26 136
1594 26 140
1595 26 142
1596 26 143
1597 26 144
1598 26 145
1599 26 153
1600 26 155
1601 26 157
1602 26 158
1603 26 159
1604 26 160
1605 26 161
1606 26 163
1607 26 165
1608 26 167
1609 26 172
1610 26 176
1611 26 179
1612 26 184
1613 26 185
1614 26 186
1615 26 187
1616 26 190
1617 26 194
1618 26 196
1619 26 198
1620 26 199
1621 26 202
1622 26 204
1623 26 205
1624 26 208
1625 26 211
1626 27 48
1627 27 58
1628 27 71
1629 27 72
1630 27 76
1631 27 110
1632 27 122
1633 27 139
1634 27 147
1635 27 156
1636 27 171
1637 27 183
1638 27 189
1639 27 191
1640 27 200
1641 27 206
1642 27 207
1643 27 210
1644 28 31
1645 28 34
1646 28 35
1647 28 38
1648 28 39
1649 28 40
1650 28 43
1651 28 56
1652 28 61
1653 28 62
1654 28 63
1655 28 64
1656 28 68
1657 28 69
1658 28 73
1659 28 77
1660 28 81
1661 28 85
1662 28 89
1663 28 90
1664 28 91
1665 28 92
1666 28 95
1667 28 98
1668 28 99
1669 28 102
1670 28 106
1671 28 114
1672 28 116
1673 28 117
1674 28 118
1675 28 121
1676 28 124
1677 28 131
1678 28 134
1679 28 135
1680 28 138
1681 28 146
1682 28 148
1683 28 150
1684 28 154
1685 28 162
1686 28 166
1687 28 169
1688 28 174
1689 28 177
1690 28 181
1691 28 192
1692 28 209
1693 29 33
1694 29 37
1695 29 42
1696 29 44
1697 29 45
1698 29 47
1699 29 49
1700 29 50
1701 29 51
1702 29 54
1703 29 55
1704 29 57
1705 29 59
1706 29 60
1707 29 67
1708 29 74
1709 29 75
1710 29 79
1711 29 82
1712 29 83
1713 29 86
1714 29 93
1715 29 94
1716 29 97
1717 29 101
1718 29 107
1719 29 109
1720 29 111
1721 29 113
1722 29 119
1723 29 120
1724 29 123
1725 29 127
1726 29 129
1727 29 130
1728 29 133
1729 29 136
1730 29 140
1731 29 142
1732 29 143
1733 29 144
1734 29 145
1735 29 153
1736 29 155
1737 29 157
1738 29 158
1739 29 159
1740 29 160
1741 29 161
1742 29 163
1743 29 165
1744 29 167
1745 29 172
1746 29 176
1747 29 179
1748 29 184
1749 29 185
1750 29 186
1751 29 187
1752 29 190
1753 29 194
1754 29 196
1755 29 198
1756 29 199
1757 29 202
1758 29 204
1759 29 208
1760 29 211
1761 29 212
1762 30 32
1763 30 36
1764 30 41
1765 30 46
1766 30 52
1767 30 53
1768 30 57
1769 30 65
1770 30 66
1771 30 70
1772 30 78
1773 30 80
1774 30 84
1775 30 87
1776 30 88
1777 30 96
1778 30 100
1779 30 103
1780 30 105
1781 30 108
1782 30 112
1783 30 115
1784 30 125
1785 30 126
1786 30 132
1787 30 133
1788 30 137
1789 30 141
1790 30 146
1791 30 149
1792 30 151
1793 30 152
1794 30 157
1795 30 164
1796 30 168
1797 30 170
1798 30 173
1799 30 175
1800 30 178
1801 30 180
1802 30 182
1803 30 188
1804 30 193
1805 30 195
1806 30 197
1807 30 201
1808 30 203
1809 30 205
1810 30 212
1811 30 213
1812 31 34
1813 31 35
1814 31 36
1815 31 38
1816 31 39
1817 31 40
1818 31 43
1819 31 56
1820 31 61
1821 31 62
1822 31 63
1823 31 64
1824 31 68
1825 31 69
1826 31 73
1827 31 77
1828 31 81
1829 31 85
1830 31 89
1831 31 90
1832 31 91
1833 31 92
1834 31 95
1835 31 96
1836 31 98
1837 31 99
1838 31 102
1839 31 106
1840 31 114
1841 31 116
1842 31 117
1843 31 118
1844 31 121
1845 31 124
1846 31 126
1847 31 131
1848 31 134
1849 31 135
1850 31 138
1851 31 146
1852 31 148
1853 31 150
1854 31 154
1855 31 157
1856 31 162
1857 31 166
1858 31 169
1859 31 174
1860 31 177
1861 31 181
1862 31 182
1863 31 192
1864 31 209
1865 31 213
1866 32 36
1867 32 41
1868 32 46
1869 32 52
1870 32 53
1871 32 57
1872 32 65
1873 32 66
1874 32 70
1875 32 78
1876 32 80
1877 32 87
1878 32 88
1879 32 100
1880 32 103
1881 32 112
1882 32 115
1883 32 125
1884 32 126
1885 32 137
1886 32 149
1887 32 151
1888 32 152
1889 32 157
1890 32 164
1891 32 168
1892 32 170
1893 32 173
1894 32 175
1895 32 178
1896 32 180
1897 32 182
1898 32 188
1899 32 193
1900 32 195
1901 32 201
1902 32 203
1903 32 212
1904 32 213
1905 33 37
1906 33 42
1907 33 44
1908 33 45
1909 33 47
1910 33 49
1911 33 50
1912 33 51
1913 33 54
1914 33 55
1915 33 59
1916 33 60
1917 33 67
1918 33 74
1919 33 75
1920 33 79
1921 33 82
1922 33 83
1923 33 86
1924 33 93
1925 33 94
1926 33 97
1927 33 101
1928 33 107
1929 33 109
1930 33 111
1931 33 113
1932 33 119
1933 33 120
1934 33 123
1935 33 127
1936 33 129
1937 33 130
1938 33 133
1939 33 136
1940 33 140
1941 33 142
1942 33 143
1943 33 144
1944 33 145
1945 33 153
1946 33 155
1947 33 158
1948 33 159
1949 33 160
1950 33 161
1951 33 163
1952 33 165
1953 33 167
1954 33 172
1955 33 176
1956 33 179
1957 33 184
1958 33 185
1959 33 186
1960 33 187
1961 33 190
1962 33 194
1963 33 196
1964 33 198
1965 33 199
1966 33 202
1967 33 204
1968 33 208
1969 33 211
1970 34 35
1971 34 36
1972 34 38
1973 34 39
1974 34 40
1975 34 43
1976 34 56
1977 34 61
1978 34 62
1979 34 63
1980 34 64
1981 34 68
1982 34 69
1983 34 73
1984 34 77
1985 34 81
1986 34 85
1987 34 89
1988 34 90
1989 34 91
1990 34 92
1991 34 95
1992 34 96
1993 34 98
1994 34 99
1995 34 102
1996 34 103
1997 34 106
1998 34 114
1999 34 116
2000 34 117
2001 34 118
2002 34 121
2003 34 124
2004 34 126
2005 34 131
2006 34 134
2007 34 135
2008 34 138
2009 34 146
2010 34 148
2011 34 150
2012 34 154
2013 34 157
2014 34 162
2015 34 166
2016 34 169
2017 34 174
2018 34 177
2019 34 181
2020 34 182
2021 34 188
2022 34 192
2023 34 209
2024 34 212
2025 34 213
2026 35 36
2027 35 38
2028 35 39
2029 35 40
2030 35 43
2031 35 56
2032 35 61
2033 35 62
2034 35 63
2035 35 64
2036 35 68
2037 35 69
2038 35 73
2039 35 77
2040 35 81
2041 35 85
2042 35 89
2043 35 90
2044 35 91
2045 35 92
2046 35 95
2047 35 98
2048 35 99
2049 35 102
2050 35 106
2051 35 114
2052 35 116
2053 35 117
2054 35 118
2055 35 121
2056 35 124
2057 35 126
2058 35 131
2059 35 134
2060 35 135
2061 35 138
2062 35 146
2063 35 148
2064 35 150
2065 35 154
2066 35 157
2067 35 162
2068 35 166
2069 35 169
2070 35 174
2071 35 177
2072 35 181
2073 35 182
2074 35 192
2075 35 209
2076 35 213
2077 36 40
2078 36 41
2079 36 46
2080 36 51
2081 36 52
2082 36 53
2083 36 56
2084 36 57
2085 36 60
2086 36 61
2087 36 62
2088 36 65
2089 36 66
2090 36 69
2091 36 70
2092 36 73
2093 36 75
2094 36 77
2095 36 78
2096 36 80
2097 36 84
2098 36 87
2099 36 88
2100 36 89
2101 36 90
2102 36 91
2103 36 95
2104 36 96
2105 36 100
2106 36 103
2107 36 105
2108 36 108
2109 36 112
2110 36 115
2111 36 125
2112 36 126
2113 36 132
2114 36 133
2115 36 134
2116 36 137
2117 36 141
2118 36 146
2119 36 149
2120 36 150
2121 36 151
2122 36 152
2123 36 157
2124 36 162
2125 36 164
2126 36 168
2127 36 169
2128 36 170
2129 36 173
2130 36 174
2131 36 175
2132 36 178
2133 36 180
2134 36 182
2135 36 188
2136 36 193
2137 36 195
2138 36 197
2139 36 201
2140 36 203
2141 36 205
2142 36 212
2143 36 213
2144 37 42
2145 37 44
2146 37 45
2147 37 47
2148 37 49
2149 37 50
2150 37 51
2151 37 54
2152 37 55
2153 37 57
2154 37 59
2155 37 60
2156 37 67
2157 37 74
2158 37 75
2159 37 79
2160 37 82
2161 37 83
2162 37 86
2163 37 93
2164 37 94
2165 37 101
2166 37 107
2167 37 109
2168 37 111
2169 37 113
2170 37 119
2171 37 120
2172 37 123
2173 37 127
2174 37 129
2175 37 130
2176 37 133
2177 37 136
2178 37 140
2179 37 142
2180 37 143
2181 37 144
2182 37 145
2183 37 153
2184 37 155
2185 37 157
2186 37 158
2187 37 159
2188 37 160
2189 37 161
2190 37 163
2191 37 165
2192 37 167
2193 37 172
2194 37 176
2195 37 179
2196 37 184
2197 37 185
2198 37 186
2199 37 187
2200 37 190
2201 37 194
2202 37 196
2203 37 198
2204 37 199
2205 37 202
2206 37 204
2207 37 208
2208 37 211
2209 38 39
2210 38 40
2211 38 43
2212 38 56
2213 38 61
2214 38 62
2215 38 63
2216 38 64
2217 38 68
2218 38 69
2219 38 73
2220 38 77
2221 38 81
2222 38 85
2223 38 89
2224 38 90
2225 38 91
2226 38 92
2227 38 95
2228 38 98
2229 38 99
2230 38 102
2231 38 106
2232 38 114
2233 38 116
2234 38 117
2235 38 118
2236 38 121
2237 38 124
2238 38 131
2239 38 134
2240 38 135
2241 38 138
2242 38 146
2243 38 148
2244 38 150
2245 38 154
2246 38 162
2247 38 166
2248 38 169
2249 38 174
2250 38 177
2251 38 181
2252 38 192
2253 38 209
2254 39 40
2255 39 43
2256 39 56
2257 39 61
2258 39 62
2259 39 63
2260 39 64
2261 39 68
2262 39 69
2263 39 73
2264 39 77
2265 39 81
2266 39 85
2267 39 89
2268 39 90
2269 39 91
2270 39 92
2271 39 95
2272 39 98
2273 39 99
2274 39 102
2275 39 106
2276 39 114
2277 39 116
2278 39 117
2279 39 118
2280 39 121
2281 39 124
2282 39 131
2283 39 134
2284 39 135
2285 39 138
2286 39 146
2287 39 148
2288 39 150
2289 39 154
2290 39 162
2291 39 166
2292 39 169
2293 39 174
2294 39 177
2295 39 181
2296 39 192
2297 39 209
2298 40 43
2299 40 56
2300 40 61
2301 40 62
2302 40 63
2303 40 64
2304 40 66
2305 40 68
2306 40 69
2307 40 73
2308 40 77
2309 40 81
2310 40 84
2311 40 85
2312 40 89
2313 40 90
2314 40 91
2315 40 92
2316 40 95
2317 40 96
2318 40 98
2319 40 99
2320 40 102
2321 40 106
2322 40 114
2323 40 116
2324 40 117
2325 40 118
2326 40 121
2327 40 124
2328 40 126
2329 40 131
2330 40 134
2331 40 135
2332 40 138
2333 40 146
2334 40 148
2335 40 150
2336 40 154
2337 40 162
2338 40 166
2339 40 169
2340 40 173
2341 40 174
2342 40 177
2343 40 181
2344 40 188
2345 40 192
2346 40 209
2347 40 212
2348 41 46
2349 41 52
2350 41 53
2351 41 57
2352 41 65
2353 41 66
2354 41 70
2355 41 73
2356 41 78
2357 41 80
2358 41 84
2359 41 87
2360 41 88
2361 41 96
2362 41 100
2363 41 103
2364 41 108
2365 41 112
2366 41 115
2367 41 125
2368 41 126
2369 41 132
2370 41 133
2371 41 137
2372 41 141
2373 41 149
2374 41 151
2375 41 152
2376 41 157
2377 41 164
2378 41 168
2379 41 170
2380 41 173
2381 41 175
2382 41 178
2383 41 180
2384 41 182
2385 41 188
2386 41 193
2387 41 195
2388 41 197
2389 41 201
2390 41 203
2391 41 205
2392 41 212
2393 41 213
2394 42 44
2395 42 45
2396 42 47
2397 42 49
2398 42 50
2399 42 51
2400 42 54
2401 42 55
2402 42 59
2403 42 60
2404 42 67
2405 42 74
2406 42 75
2407 42 79
2408 42 82
2409 42 83
2410 42 86
2411 42 93
2412 42 94
2413 42 97
2414 42 101
2415 42 107
2416 42 109
2417 42 111
2418 42 113
2419 42 119
2420 42 120
2421 42 123
2422 42 127
2423 42 129
2424 42 130
2425 42 133
2426 42 136
2427 42 140
2428 42 142
2429 42 143
2430 42 144
2431 42 145
2432 42 153
2433 42 155
2434 42 157
2435 42 158
2436 42 159
2437 42 160
2438 42 161
2439 42 163
2440 42 165
2441 42 167
2442 42 172
2443 42 176
2444 42 179
2445 42 184
2446 42 185
2447 42 186
2448 42 187
2449 42 190
2450 42 194
2451 42 196
2452 42 198
2453 42 199
2454 42 202
2455 42 204
2456 42 208
2457 42 211
2458 43 56
2459 43 61
2460 43 62
2461 43 63
2462 43 64
2463 43 68
2464 43 69
2465 43 73
2466 43 77
2467 43 81
2468 43 85
2469 43 89
2470 43 90
2471 43 91
2472 43 92
2473 43 95
2474 43 96
2475 43 98
2476 43 99
2477 43 102
2478 43 106
2479 43 114
2480 43 116
2481 43 117
2482 43 118
2483 43 121
2484 43 124
2485 43 126
2486 43 131
2487 43 134
2488 43 135
2489 43 138
2490 43 146
2491 43 148
2492 43 150
2493 43 154
2494 43 162
2495 43 166
2496 43 169
2497 43 174
2498 43 177
2499 43 181
2500 43 188
2501 43 192
2502 43 209
2503 44 45
2504 44 47
2505 44 49
2506 44 50
2507 44 51
2508 44 54
2509 44 55
2510 44 57
2511 44 59
2512 44 60
2513 44 67
2514 44 74
2515 44 75
2516 44 79
2517 44 82
2518 44 83
2519 44 86
2520 44 93
2521 44 94
2522 44 97
2523 44 101
2524 44 107
2525 44 109
2526 44 111
2527 44 113
2528 44 119
2529 44 120
2530 44 123
2531 44 127
2532 44 129
2533 44 130
2534 44 133
2535 44 136
2536 44 140
2537 44 142
2538 44 143
2539 44 144
2540 44 145
2541 44 153
2542 44 155
2543 44 157
2544 44 158
2545 44 159
2546 44 160
2547 44 161
2548 44 163
2549 44 165
2550 44 167
2551 44 172
2552 44 176
2553 44 179
2554 44 184
2555 44 185
2556 44 186
2557 44 187
2558 44 190
2559 44 194
2560 44 196
2561 44 198
2562 44 199
2563 44 202
2564 44 204
2565 44 205
2566 44 208
2567 44 211
2568 45 47
2569 45 49
2570 45 50
2571 45 51
2572 45 54
2573 45 55
2574 45 57
2575 45 59
2576 45 60
2577 45 67
2578 45 74
2579 45 75
2580 45 79
2581 45 82
2582 45 83
2583 45 86
2584 45 93
2585 45 94
2586 45 101
2587 45 107
2588 45 109
2589 45 111
2590 45 113
2591 45 119
2592 45 120
2593 45 123
2594 45 129
2595 45 130
2596 45 133
2597 45 136
2598 45 140
2599 45 142
2600 45 143
2601 45 144
2602 45 145
2603 45 153
2604 45 155
2605 45 157
2606 45 158
2607 45 159
2608 45 160
2609 45 161
2610 45 163
2611 45 165
2612 45 167
2613 45 172
2614 45 176
2615 45 179
2616 45 184
2617 45 185
2618 45 186
2619 45 187
2620 45 190
2621 45 194
2622 45 196
2623 45 198
2624 45 199
2625 45 204
2626 45 208
2627 45 211
2628 46 52
2629 46 53
2630 46 57
2631 46 65
2632 46 66
2633 46 70
2634 46 78
2635 46 80
2636 46 84
2637 46 87
2638 46 88
2639 46 96
2640 46 100
2641 46 103
2642 46 112
2643 46 115
2644 46 125
2645 46 126
2646 46 132
2647 46 133
2648 46 137
2649 46 141
2650 46 149
2651 46 151
2652 46 152
2653 46 157
2654 46 164
2655 46 168
2656 46 170
2657 46 173
2658 46 175
2659 46 178
2660 46 180
2661 46 182
2662 46 188
2663 46 193
2664 46 195
2665 46 197
2666 46 201
2667 46 203
2668 46 205
2669 46 212
2670 46 213
2671 47 49
2672 47 50
2673 47 51
2674 47 54
2675 47 55
2676 47 59
2677 47 60
2678 47 67
2679 47 74
2680 47 75
2681 47 79
2682 47 82
2683 47 83
2684 47 86
2685 47 93
2686 47 94
2687 47 97
2688 47 101
2689 47 104
2690 47 107
2691 47 109
2692 47 111
2693 47 113
2694 47 119
2695 47 120
2696 47 123
2697 47 127
2698 47 128
2699 47 129
2700 47 130
2701 47 133
2702 47 136
2703 47 140
2704 47 142
2705 47 143
2706 47 144
2707 47 145
2708 47 153
2709 47 155
2710 47 158
2711 47 159
2712 47 160
2713 47 161
2714 47 163
2715 47 165
2716 47 167
2717 47 172
2718 47 176
2719 47 179
2720 47 184
2721 47 185
2722 47 186
2723 47 187
2724 47 190
2725 47 194
2726 47 196
2727 47 198
2728 47 199
2729 47 202
2730 47 204
2731 47 208
2732 47 211
2733 48 58
2734 48 71
2735 48 72
2736 48 76
2737 48 110
2738 48 122
2739 48 139
2740 48 147
2741 48 156
2742 48 171
2743 48 183
2744 48 189
2745 48 191
2746 48 200
2747 48 206
2748 48 207
2749 48 210
2750 49 50
2751 49 51
2752 49 54
2753 49 55
2754 49 57
2755 49 59
2756 49 60
2757 49 67
2758 49 74
2759 49 75
2760 49 79
2761 49 82
2762 49 83
2763 49 86
2764 49 93
2765 49 94
2766 49 101
2767 49 107
2768 49 109
2769 49 111
2770 49 113
2771 49 119
2772 49 120
2773 49 123
2774 49 127
2775 49 129
2776 49 130
2777 49 133
2778 49 136
2779 49 140
2780 49 142
2781 49 143
2782 49 144
2783 49 145
2784 49 153
2785 49 155
2786 49 157
2787 49 158
2788 49 159
2789 49 160
2790 49 161
2791 49 163
2792 49 165
2793 49 167
2794 49 172
2795 49 176
2796 49 179
2797 49 184
2798 49 185
2799 49 186
2800 49 187
2801 49 190
2802 49 194
2803 49 196
2804 49 198
2805 49 199
2806 49 202
2807 49 204
2808 49 208
2809 49 211
2810 50 51
2811 50 54
2812 50 55
2813 50 59
2814 50 60
2815 50 66
2816 50 67
2817 50 74
2818 50 75
2819 50 79
2820 50 82
2821 50 83
2822 50 86
2823 50 93
2824 50 94
2825 50 97
2826 50 101
2827 50 107
2828 50 109
2829 50 111
2830 50 113
2831 50 119
2832 50 120
2833 50 123
2834 50 129
2835 50 130
2836 50 133
2837 50 136
2838 50 140
2839 50 142
2840 50 143
2841 50 144
2842 50 145
2843 50 153
2844 50 155
2845 50 157
2846 50 158
2847 50 159
2848 50 160
2849 50 161
2850 50 163
2851 50 165
2852 50 167
2853 50 172
2854 50 176
2855 50 179
2856 50 184
2857 50 185
2858 50 186
2859 50 187
2860 50 190
2861 50 194
2862 50 196
2863 50 198
2864 50 199
2865 50 202
2866 50 204
2867 50 208
2868 50 211
2869 51 54
2870 51 55
2871 51 57
2872 51 59
2873 51 60
2874 51 67
2875 51 74
2876 51 75
2877 51 79
2878 51 82
2879 51 83
2880 51 86
2881 51 93
2882 51 94
2883 51 97
2884 51 101
2885 51 107
2886 51 109
2887 51 111
2888 51 113
2889 51 119
2890 51 120
2891 51 123
2892 51 129
2893 51 130
2894 51 133
2895 51 136
2896 51 140
2897 51 142
2898 51 143
2899 51 144
2900 51 145
2901 51 153
2902 51 155
2903 51 157
2904 51 158
2905 51 159
2906 51 160
2907 51 161
2908 51 163
2909 51 165
2910 51 167
2911 51 172
2912 51 176
2913 51 179
2914 51 184
2915 51 185
2916 51 186
2917 51 187
2918 51 190
2919 51 194
2920 51 196
2921 51 198
2922 51 199
2923 51 202
2924 51 204
2925 51 208
2926 51 211
2927 52 53
2928 52 57
2929 52 65
2930 52 66
2931 52 70
2932 52 78
2933 52 80
2934 52 84
2935 52 87
2936 52 88
2937 52 96
2938 52 100
2939 52 103
2940 52 105
2941 52 108
2942 52 112
2943 52 115
2944 52 125
2945 52 126
2946 52 132
2947 52 133
2948 52 137
2949 52 141
2950 52 149
2951 52 151
2952 52 152
2953 52 157
2954 52 164
2955 52 168
2956 52 170
2957 52 173
2958 52 175
2959 52 178
2960 52 180
2961 52 182
2962 52 188
2963 52 193
2964 52 195
2965 52 197
2966 52 201
2967 52 203
2968 52 205
2969 52 212
2970 52 213
2971 53 57
2972 53 65
2973 53 66
2974 53 70
2975 53 78
2976 53 80
2977 53 84
2978 53 87
2979 53 88
2980 53 96
2981 53 100
2982 53 103
2983 53 105
2984 53 108
2985 53 112
2986 53 115
2987 53 125
2988 53 126
2989 53 132
2990 53 133
2991 53 137
2992 53 141
2993 53 149
2994 53 151
2995 53 152
2996 53 157
2997 53 164
2998 53 168
2999 53 170
3000 53 173
3001 53 175
3002 53 178
3003 53 180
3004 53 182
3005 53 188
3006 53 193
3007 53 195
3008 53 197
3009 53 201
3010 53 203
3011 53 205
3012 53 208
3013 53 212
3014 53 213
3015 54 55
3016 54 59
3017 54 60
3018 54 66
3019 54 67
3020 54 74
3021 54 75
3022 54 79
3023 54 82
3024 54 83
3025 54 86
3026 54 93
3027 54 94
3028 54 97
3029 54 101
3030 54 107
3031 54 109
3032 54 111
3033 54 113
3034 54 119
3035 54 120
3036 54 123
3037 54 127
3038 54 129
3039 54 130
3040 54 133
3041 54 136
3042 54 140
3043 54 142
3044 54 143
3045 54 144
3046 54 145
3047 54 153
3048 54 155
3049 54 157
3050 54 158
3051 54 159
3052 54 160
3053 54 161
3054 54 163
3055 54 165
3056 54 167
3057 54 172
3058 54 176
3059 54 179
3060 54 184
3061 54 185
3062 54 186
3063 54 187
3064 54 190
3065 54 194
3066 54 196
3067 54 198
3068 54 199
3069 54 202
3070 54 204
3071 54 208
3072 54 211
3073 55 59
3074 55 60
3075 55 67
3076 55 74
3077 55 75
3078 55 79
3079 55 82
3080 55 83
3081 55 86
3082 55 93
3083 55 94
3084 55 97
3085 55 101
3086 55 107
3087 55 109
3088 55 111
3089 55 113
3090 55 119
3091 55 120
3092 55 123
3093 55 127
3094 55 129
3095 55 130
3096 55 133
3097 55 136
3098 55 140
3099 55 142
3100 55 143
3101 55 144
3102 55 145
3103 55 153
3104 55 155
3105 55 157
3106 55 158
3107 55 159
3108 55 160
3109 55 161
3110 55 163
3111 55 165
3112 55 167
3113 55 172
3114 55 176
3115 55 179
3116 55 184
3117 55 185
3118 55 186
3119 55 187
3120 55 190
3121 55 194
3122 55 196
3123 55 198
3124 55 199
3125 55 202
3126 55 204
3127 55 208
3128 55 211
3129 56 61
3130 56 62
3131 56 63
3132 56 64
3133 56 68
3134 56 69
3135 56 73
3136 56 77
3137 56 81
3138 56 85
3139 56 89
3140 56 90
3141 56 91
3142 56 92
3143 56 95
3144 56 98
3145 56 99
3146 56 102
3147 56 106
3148 56 114
3149 56 116
3150 56 117
3151 56 118
3152 56 121
3153 56 124
3154 56 126
3155 56 131
3156 56 134
3157 56 135
3158 56 138
3159 56 146
3160 56 148
3161 56 150
3162 56 154
3163 56 162
3164 56 166
3165 56 169
3166 56 174
3167 56 177
3168 56 181
3169 56 188
3170 56 192
3171 56 197
3172 56 209
3173 56 213
3174 57 59
3175 57 60
3176 57 65
3177 57 66
3178 57 70
3179 57 73
3180 57 75
3181 57 77
3182 57 78
3183 57 84
3184 57 85
3185 57 86
3186 57 87
3187 57 94
3188 57 96
3189 57 100
3190 57 101
3191 57 103
3192 57 105
3193 57 108
3194 57 109
3195 57 112
3196 57 113
3197 57 115
3198 57 119
3199 57 120
3200 57 123
3201 57 125
3202 57 126
3203 57 129
3204 57 131
3205 57 132
3206 57 133
3207 57 137
3208 57 140
3209 57 141
3210 57 142
3211 57 143
3212 57 145
3213 57 149
3214 57 151
3215 57 152
3216 57 153
3217 57 157
3218 57 158
3219 57 159
3220 57 161
3221 57 163
3222 57 164
3223 57 165
3224 57 167
3225 57 168
3226 57 170
3227 57 172
3228 57 173
3229 57 175
3230 57 178
3231 57 180
3232 57 182
3233 57 184
3234 57 185
3235 57 187
3236 57 188
3237 57 190
3238 57 193
3239 57 194
3240 57 195
3241 57 197
3242 57 199
3243 57 201
3244 57 203
3245 57 204
3246 57 205
3247 57 208
3248 57 211
3249 57 212
3250 57 213
3251 58 71
3252 58 72
3253 58 76
3254 58 110
3255 58 122
3256 58 139
3257 58 147
3258 58 156
3259 58 171
3260 58 183
3261 58 189
3262 58 191
3263 58 200
3264 58 206
3265 58 207
3266 58 210
3267 59 60
3268 59 66
3269 59 67
3270 59 74
3271 59 75
3272 59 79
3273 59 82
3274 59 83
3275 59 86
3276 59 93
3277 59 94
3278 59 97
3279 59 101
3280 59 107
3281 59 109
3282 59 111
3283 59 113
3284 59 119
3285 59 120
3286 59 123
3287 59 127
3288 59 129
3289 59 130
3290 59 133
3291 59 136
3292 59 140
3293 59 142
3294 59 143
3295 59 144
3296 59 145
3297 59 153
3298 59 155
3299 59 157
3300 59 158
3301 59 159
3302 59 160
3303 59 161
3304 59 163
3305 59 165
3306 59 167
3307 59 172
3308 59 176
3309 59 179
3310 59 184
3311 59 185
3312 59 186
3313 59 187
3314 59 190
3315 59 194
3316 59 196
3317 59 198
3318 59 199
3319 59 202
3320 59 204
3321 59 208
3322 59 211
3323 60 66
3324 60 67
3325 60 74
3326 60 75
3327 60 79
3328 60 82
3329 60 83
3330 60 86
3331 60 93
3332 60 94
3333 60 97
3334 60 101
3335 60 107
3336 60 109
3337 60 111
3338 60 113
3339 60 119
3340 60 120
3341 60 123
3342 60 129
3343 60 130
3344 60 133
3345 60 136
3346 60 140
3347 60 142
3348 60 143
3349 60 144
3350 60 145
3351 60 153
3352 60 155
3353 60 157
3354 60 158
3355 60 159
3356 60 160
3357 60 161
3358 60 163
3359 60 165
3360 60 167
3361 60 172
3362 60 176
3363 60 179
3364 60 184
3365 60 185
3366 60 186
3367 60 187
3368 60 190
3369 60 194
3370 60 196
3371 60 198
3372 60 199
3373 60 202
3374 60 204
3375 60 208
3376 60 211
3377 61 62
3378 61 63
3379 61 64
3380 61 68
3381 61 69
3382 61 73
3383 61 77
3384 61 81
3385 61 85
3386 61 89
3387 61 90
3388 61 91
3389 61 92
3390 61 95
3391 61 96
3392 61 98
3393 61 99
3394 61 102
3395 61 106
3396 61 114
3397 61 116
3398 61 117
3399 61 118
3400 61 121
3401 61 124
3402 61 126
3403 61 131
3404 61 134
3405 61 135
3406 61 138
3407 61 146
3408 61 148
3409 61 150
3410 61 151
3411 61 154
3412 61 157
3413 61 162
3414 61 166
3415 61 169
3416 61 174
3417 61 177
3418 61 181
3419 61 188
3420 61 192
3421 61 209
3422 61 213
3423 62 63
3424 62 64
3425 62 66
3426 62 68
3427 62 69
3428 62 73
3429 62 77
3430 62 81
3431 62 85
3432 62 89
3433 62 90
3434 62 91
3435 62 92
3436 62 95
3437 62 96
3438 62 98
3439 62 99
3440 62 102
3441 62 106
3442 62 114
3443 62 116
3444 62 117
3445 62 118
3446 62 121
3447 62 124
3448 62 126
3449 62 131
3450 62 134
3451 62 135
3452 62 138
3453 62 146
3454 62 148
3455 62 150
3456 62 154
3457 62 157
3458 62 162
3459 62 166
3460 62 169
3461 62 174
3462 62 177
3463 62 181
3464 62 188
3465 62 192
3466 62 209
3467 62 212
3468 62 213
3469 63 64
3470 63 66
3471 63 68
3472 63 69
3473 63 73
3474 63 77
3475 63 81
3476 63 84
3477 63 85
3478 63 89
3479 63 90
3480 63 91
3481 63 92
3482 63 95
3483 63 96
3484 63 98
3485 63 99
3486 63 102
3487 63 106
3488 63 114
3489 63 116
3490 63 117
3491 63 118
3492 63 121
3493 63 124
3494 63 126
3495 63 131
3496 63 134
3497 63 135
3498 63 138
3499 63 146
3500 63 148
3501 63 150
3502 63 154
3503 63 157
3504 63 162
3505 63 166
3506 63 169
3507 63 174
3508 63 177
3509 63 181
3510 63 188
3511 63 192
3512 63 197
3513 63 209
3514 64 68
3515 64 69
3516 64 73
3517 64 77
3518 64 81
3519 64 85
3520 64 89
3521 64 90
3522 64 91
3523 64 92
3524 64 95
3525 64 98
3526 64 99
3527 64 102
3528 64 106
3529 64 114
3530 64 116
3531 64 117
3532 64 118
3533 64 121
3534 64 124
3535 64 131
3536 64 134
3537 64 135
3538 64 138
3539 64 146
3540 64 148
3541 64 150
3542 64 154
3543 64 162
3544 64 166
3545 64 169
3546 64 174
3547 64 177
3548 64 181
3549 64 192
3550 64 209
3551 65 66
3552 65 70
3553 65 78
3554 65 80
3555 65 87
3556 65 88
3557 65 96
3558 65 100
3559 65 103
3560 65 105
3561 65 112
3562 65 115
3563 65 125
3564 65 126
3565 65 133
3566 65 137
3567 65 141
3568 65 149
3569 65 151
3570 65 152
3571 65 157
3572 65 164
3573 65 168
3574 65 170
3575 65 173
3576 65 175
3577 65 178
3578 65 180
3579 65 182
3580 65 188
3581 65 193
3582 65 195
3583 65 197
3584 65 201
3585 65 203
3586 65 205
3587 65 212
3588 65 213
3589 66 70
3590 66 73
3591 66 77
3592 66 78
3593 66 79
3594 66 80
3595 66 84
3596 66 86
3597 66 91
3598 66 93
3599 66 94
3600 66 96
3601 66 100
3602 66 103
3603 66 105
3604 66 108
3605 66 112
3606 66 115
3607 66 117
3608 66 119
3609 66 120
3610 66 121
3611 66 125
3612 66 126
3613 66 131
3614 66 132
3615 66 133
3616 66 135
3617 66 137
3618 66 140
3619 66 141
3620 66 145
3621 66 149
3622 66 151
3623 66 152
3624 66 157
3625 66 168
3626 66 169
3627 66 170
3628 66 173
3629 66 175
3630 66 178
3631 66 180
3632 66 182
3633 66 188
3634 66 193
3635 66 194
3636 66 195
3637 66 197
3638 66 201
3639 66 203
3640 66 205
3641 66 208
3642 66 209
3643 66 211
3644 66 212
3645 66 213
3646 67 74
3647 67 75
3648 67 79
3649 67 82
3650 67 83
3651 67 86
3652 67 93
3653 67 94
3654 67 97
3655 67 101
3656 67 104
3657 67 107
3658 67 109
3659 67 110
3660 67 111
3661 67 113
3662 67 119
3663 67 120
3664 67 123
3665 67 127
3666 67 128
3667 67 129
3668 67 130
3669 67 133
3670 67 136
3671 67 140
3672 67 142
3673 67 143
3674 67 144
3675 67 145
3676 67 153
3677 67 155
3678 67 158
3679 67 159
3680 67 160
3681 67 161
3682 67 163
3683 67 165
3684 67 167
3685 67 172
3686 67 176
3687 67 179
3688 67 184
3689 67 185
3690 67 186
3691 67 187
3692 67 190
3693 67 194
3694 67 196
3695 67 198
3696 67 199
3697 67 202
3698 67 204
3699 67 208
3700 67 211
3701 68 69
3702 68 73
3703 68 77
3704 68 81
3705 68 85
3706 68 89
3707 68 90
3708 68 91
3709 68 92
3710 68 95
3711 68 98
3712 68 99
3713 68 102
3714 68 106
3715 68 114
3716 68 116
3717 68 117
3718 68 118
3719 68 121
3720 68 124
3721 68 126
3722 68 131
3723 68 134
3724 68 135
3725 68 138
3726 68 146
3727 68 148
3728 68 150
3729 68 154
3730 68 157
3731 68 162
3732 68 166
3733 68 169
3734 68 174
3735 68 177
3736 68 181
3737 68 188
3738 68 192
3739 68 209
3740 69 70
3741 69 73
3742 69 77
3743 69 81
3744 69 85
3745 69 89
3746 69 90
3747 69 91
3748 69 92
3749 69 95
3750 69 98
3751 69 99
3752 69 102
3753 69 106
3754 69 114
3755 69 116
3756 69 117
3757 69 118
3758 69 121
3759 69 124
3760 69 126
3761 69 131
3762 69 134
3763 69 135
3764 69 138
3765 69 146
3766 69 148
3767 69 150
3768 69 154
3769 69 157
3770 69 162
3771 69 166
3772 69 169
3773 69 174
3774 69 177
3775 69 181
3776 69 188
3777 69 192
3778 69 197
3779 69 209
3780 69 213
3781 70 73
3782 70 78
3783 70 80
3784 70 84
3785 70 87
3786 70 88
3787 70 96
3788 70 100
3789 70 103
3790 70 105
3791 70 108
3792 70 112
3793 70 115
3794 70 117
3795 70 125
3796 70 126
3797 70 132
3798 70 133
3799 70 137
3800 70 141
3801 70 149
3802 70 151
3803 70 152
3804 70 157
3805 70 164
3806 70 168
3807 70 170
3808 70 173
3809 70 175
3810 70 178
3811 70 180
3812 70 182
3813 70 188
3814 70 193
3815 70 195
3816 70 197
3817 70 201
3818 70 203
3819 70 205
3820 70 212
3821 70 213
3822 71 72
3823 71 76
3824 71 110
3825 71 122
3826 71 139
3827 71 147
3828 71 156
3829 71 171
3830 71 183
3831 71 189
3832 71 191
3833 71 200
3834 71 206
3835 71 207
3836 71 210
3837 72 76
3838 72 110
3839 72 122
3840 72 139
3841 72 147
3842 72 156
3843 72 171
3844 72 183
3845 72 189
3846 72 191
3847 72 200
3848 72 206
3849 72 207
3850 72 210
3851 73 77
3852 73 81
3853 73 85
3854 73 89
3855 73 90
3856 73 91
3857 73 92
3858 73 95
3859 73 96
3860 73 98
3861 73 99
3862 73 102
3863 73 106
3864 73 114
3865 73 116
3866 73 117
3867 73 118
3868 73 121
3869 73 124
3870 73 126
3871 73 131
3872 73 134
3873 73 135
3874 73 138
3875 73 141
3876 73 146
3877 73 148
3878 73 150
3879 73 154
3880 73 157
3881 73 162
3882 73 166
3883 73 169
3884 73 173
3885 73 174
3886 73 177
3887 73 181
3888 73 188
3889 73 192
3890 73 197
3891 73 209
3892 73 213
3893 74 75
3894 74 79
3895 74 82
3896 74 83
3897 74 86
3898 74 93
3899 74 94
3900 74 97
3901 74 101
3902 74 107
3903 74 109
3904 74 111
3905 74 113
3906 74 119
3907 74 120
3908 74 123
3909 74 127
3910 74 129
3911 74 130
3912 74 133
3913 74 136
3914 74 140
3915 74 142
3916 74 143
3917 74 144
3918 74 145
3919 74 153
3920 74 155
3921 74 157
3922 74 158
3923 74 159
3924 74 160
3925 74 161
3926 74 163
3927 74 165
3928 74 167
3929 74 172
3930 74 176
3931 74 179
3932 74 184
3933 74 185
3934 74 186
3935 74 187
3936 74 190
3937 74 194
3938 74 196
3939 74 198
3940 74 199
3941 74 202
3942 74 204
3943 74 205
3944 74 208
3945 74 211
3946 75 79
3947 75 82
3948 75 83
3949 75 86
3950 75 93
3951 75 94
3952 75 96
3953 75 97
3954 75 101
3955 75 104
3956 75 107
3957 75 109
3958 75 111
3959 75 113
3960 75 119
3961 75 120
3962 75 123
3963 75 127
3964 75 129
3965 75 130
3966 75 133
3967 75 136
3968 75 140
3969 75 142
3970 75 143
3971 75 144
3972 75 145
3973 75 153
3974 75 155
3975 75 157
3976 75 158
3977 75 159
3978 75 160
3979 75 161
3980 75 163
3981 75 165
3982 75 167
3983 75 172
3984 75 176
3985 75 179
3986 75 184
3987 75 185
3988 75 186
3989 75 187
3990 75 190
3991 75 194
3992 75 196
3993 75 198
3994 75 199
3995 75 202
3996 75 204
3997 75 205
3998 75 208
3999 75 211
4000 76 110
4001 76 122
4002 76 139
4003 76 147
4004 76 156
4005 76 171
4006 76 183
4007 76 189
4008 76 191
4009 76 200
4010 76 206
4011 76 207
4012 76 210
4013 77 81
4014 77 84
4015 77 85
4016 77 89
4017 77 90
4018 77 91
4019 77 92
4020 77 95
4021 77 96
4022 77 98
4023 77 99
4024 77 102
4025 77 103
4026 77 106
4027 77 114
4028 77 116
4029 77 117
4030 77 118
4031 77 121
4032 77 124
4033 77 125
4034 77 126
4035 77 131
4036 77 134
4037 77 135
4038 77 137
4039 77 138
4040 77 146
4041 77 148
4042 77 150
4043 77 154
4044 77 157
4045 77 162
4046 77 166
4047 77 169
4048 77 173
4049 77 174
4050 77 177
4051 77 180
4052 77 181
4053 77 188
4054 77 192
4055 77 197
4056 77 209
4057 77 212
4058 77 213
4059 78 80
4060 78 84
4061 78 87
4062 78 88
4063 78 96
4064 78 100
4065 78 103
4066 78 105
4067 78 108
4068 78 112
4069 78 115
4070 78 125
4071 78 126
4072 78 132
4073 78 133
4074 78 137
4075 78 141
4076 78 149
4077 78 151
4078 78 152
4079 78 157
4080 78 164
4081 78 168
4082 78 170
4083 78 173
4084 78 175
4085 78 178
4086 78 180
4087 78 182
4088 78 188
4089 78 193
4090 78 195
4091 78 197
4092 78 201
4093 78 203
4094 78 205
4095 78 212
4096 78 213
4097 79 82
4098 79 83
4099 79 86
4100 79 93
4101 79 94
4102 79 97
4103 79 101
4104 79 107
4105 79 109
4106 79 111
4107 79 113
4108 79 119
4109 79 120
4110 79 123
4111 79 129
4112 79 130
4113 79 133
4114 79 136
4115 79 140
4116 79 142
4117 79 143
4118 79 144
4119 79 145
4120 79 153
4121 79 155
4122 79 157
4123 79 158
4124 79 159
4125 79 160
4126 79 161
4127 79 163
4128 79 165
4129 79 167
4130 79 172
4131 79 176
4132 79 179
4133 79 184
4134 79 185
4135 79 186
4136 79 187
4137 79 190
4138 79 194
4139 79 196
4140 79 198
4141 79 199
4142 79 202
4143 79 204
4144 79 208
4145 79 211
4146 80 84
4147 80 87
4148 80 88
4149 80 100
4150 80 103
4151 80 112
4152 80 115
4153 80 125
4154 80 126
4155 80 137
4156 80 141
4157 80 149
4158 80 151
4159 80 152
4160 80 157
4161 80 164
4162 80 168
4163 80 170
4164 80 175
4165 80 178
4166 80 180
4167 80 182
4168 80 193
4169 80 195
4170 80 197
4171 80 201
4172 80 203
4173 80 205
4174 80 212
4175 80 213
4176 81 85
4177 81 89
4178 81 90
4179 81 91
4180 81 92
4181 81 95
4182 81 98
4183 81 99
4184 81 102
4185 81 106
4186 81 114
4187 81 116
4188 81 117
4189 81 118
4190 81 121
4191 81 124
4192 81 131
4193 81 134
4194 81 135
4195 81 138
4196 81 146
4197 81 148
4198 81 150
4199 81 154
4200 81 162
4201 81 166
4202 81 169
4203 81 174
4204 81 177
4205 81 181
4206 81 192
4207 81 209
4208 82 83
4209 82 86
4210 82 93
4211 82 94
4212 82 97
4213 82 101
4214 82 107
4215 82 109
4216 82 111
4217 82 113
4218 82 119
4219 82 120
4220 82 123
4221 82 127
4222 82 129
4223 82 130
4224 82 133
4225 82 136
4226 82 140
4227 82 142
4228 82 143
4229 82 144
4230 82 145
4231 82 153
4232 82 155
4233 82 157
4234 82 158
4235 82 159
4236 82 160
4237 82 161
4238 82 163
4239 82 165
4240 82 167
4241 82 172
4242 82 176
4243 82 179
4244 82 184
4245 82 185
4246 82 186
4247 82 187
4248 82 190
4249 82 194
4250 82 196
4251 82 198
4252 82 199
4253 82 202
4254 82 204
4255 82 208
4256 82 211
4257 83 86
4258 83 93
4259 83 94
4260 83 97
4261 83 101
4262 83 104
4263 83 107
4264 83 109
4265 83 111
4266 83 113
4267 83 119
4268 83 120
4269 83 123
4270 83 127
4271 83 128
4272 83 129
4273 83 130
4274 83 133
4275 83 136
4276 83 140
4277 83 142
4278 83 143
4279 83 144
4280 83 145
4281 83 153
4282 83 155
4283 83 158
4284 83 159
4285 83 160
4286 83 161
4287 83 163
4288 83 165
4289 83 167
4290 83 172
4291 83 176
4292 83 179
4293 83 184
4294 83 185
4295 83 186
4296 83 187
4297 83 190
4298 83 194
4299 83 196
4300 83 198
4301 83 199
4302 83 202
4303 83 204
4304 83 208
4305 83 211
4306 84 87
4307 84 91
4308 84 96
4309 84 100
4310 84 103
4311 84 105
4312 84 108
4313 84 112
4314 84 115
4315 84 124
4316 84 125
4317 84 126
4318 84 132
4319 84 133
4320 84 137
4321 84 141
4322 84 146
4323 84 149
4324 84 151
4325 84 152
4326 84 157
4327 84 162
4328 84 168
4329 84 170
4330 84 173
4331 84 175
4332 84 178
4333 84 180
4334 84 182
4335 84 188
4336 84 192
4337 84 193
4338 84 195
4339 84 197
4340 84 201
4341 84 203
4342 84 205
4343 84 212
4344 84 213
4345 85 89
4346 85 90
4347 85 91
4348 85 92
4349 85 95
4350 85 96
4351 85 98
4352 85 99
4353 85 102
4354 85 106
4355 85 114
4356 85 116
4357 85 117
4358 85 118
4359 85 121
4360 85 124
4361 85 126
4362 85 131
4363 85 134
4364 85 135
4365 85 138
4366 85 146
4367 85 148
4368 85 150
4369 85 154
4370 85 162
4371 85 166
4372 85 169
4373 85 173
4374 85 174
4375 85 177
4376 85 181
4377 85 188
4378 85 192
4379 85 209
4380 86 93
4381 86 94
4382 86 97
4383 86 101
4384 86 107
4385 86 109
4386 86 111
4387 86 113
4388 86 119
4389 86 120
4390 86 123
4391 86 129
4392 86 130
4393 86 133
4394 86 136
4395 86 140
4396 86 142
4397 86 143
4398 86 144
4399 86 145
4400 86 153
4401 86 155
4402 86 157
4403 86 158
4404 86 159
4405 86 160
4406 86 161
4407 86 163
4408 86 165
4409 86 167
4410 86 172
4411 86 176
4412 86 179
4413 86 184
4414 86 185
4415 86 186
4416 86 187
4417 86 190
4418 86 194
4419 86 196
4420 86 198
4421 86 199
4422 86 202
4423 86 204
4424 86 205
4425 86 208
4426 86 211
4427 87 88
4428 87 96
4429 87 100
4430 87 103
4431 87 112
4432 87 115
4433 87 125
4434 87 126
4435 87 137
4436 87 149
4437 87 151
4438 87 152
4439 87 157
4440 87 164
4441 87 168
4442 87 170
4443 87 173
4444 87 175
4445 87 178
4446 87 180
4447 87 182
4448 87 188
4449 87 193
4450 87 195
4451 87 201
4452 87 203
4453 87 212
4454 87 213
4455 88 96
4456 88 100
4457 88 103
4458 88 112
4459 88 115
4460 88 125
4461 88 137
4462 88 149
4463 88 151
4464 88 152
4465 88 157
4466 88 164
4467 88 168
4468 88 170
4469 88 175
4470 88 178
4471 88 180
4472 88 182
4473 88 188
4474 88 193
4475 88 195
4476 88 201
4477 88 203
4478 88 212
4479 88 213
4480 89 90
4481 89 91
4482 89 92
4483 89 95
4484 89 96
4485 89 98
4486 89 99
4487 89 102
4488 89 106
4489 89 114
4490 89 116
4491 89 117
4492 89 118
4493 89 121
4494 89 124
4495 89 126
4496 89 131
4497 89 134
4498 89 135
4499 89 138
4500 89 146
4501 89 148
4502 89 150
4503 89 154
4504 89 162
4505 89 166
4506 89 169
4507 89 174
4508 89 177
4509 89 181
4510 89 182
4511 89 188
4512 89 192
4513 89 209
4514 89 213
4515 90 91
4516 90 92
4517 90 95
4518 90 96
4519 90 98
4520 90 99
4521 90 102
4522 90 106
4523 90 114
4524 90 116
4525 90 117
4526 90 118
4527 90 121
4528 90 124
4529 90 126
4530 90 131
4531 90 134
4532 90 135
4533 90 138
4534 90 146
4535 90 148
4536 90 150
4537 90 154
4538 90 157
4539 90 162
4540 90 166
4541 90 169
4542 90 174
4543 90 177
4544 90 181
4545 90 188
4546 90 192
4547 90 209
4548 90 213
4549 91 92
4550 91 95
4551 91 96
4552 91 98
4553 91 99
4554 91 102
4555 91 106
4556 91 114
4557 91 116
4558 91 117
4559 91 118
4560 91 121
4561 91 124
4562 91 126
4563 91 131
4564 91 134
4565 91 135
4566 91 138
4567 91 141
4568 91 146
4569 91 148
4570 91 150
4571 91 154
4572 91 157
4573 91 162
4574 91 166
4575 91 169
4576 91 173
4577 91 174
4578 91 177
4579 91 181
4580 91 188
4581 91 192
4582 91 197
4583 91 209
4584 91 212
4585 91 213
4586 92 95
4587 92 98
4588 92 99
4589 92 102
4590 92 106
4591 92 114
4592 92 116
4593 92 117
4594 92 118
4595 92 121
4596 92 124
4597 92 131
4598 92 134
4599 92 135
4600 92 138
4601 92 146
4602 92 148
4603 92 150
4604 92 154
4605 92 162
4606 92 166
4607 92 169
4608 92 174
4609 92 177
4610 92 181
4611 92 192
4612 92 209
4613 93 94
4614 93 97
4615 93 101
4616 93 107
4617 93 109
4618 93 111
4619 93 113
4620 93 119
4621 93 120
4622 93 123
4623 93 127
4624 93 129
4625 93 130
4626 93 133
4627 93 136
4628 93 140
4629 93 142
4630 93 143
4631 93 144
4632 93 145
4633 93 153
4634 93 155
4635 93 157
4636 93 158
4637 93 159
4638 93 160
4639 93 161
4640 93 163
4641 93 165
4642 93 167
4643 93 172
4644 93 176
4645 93 179
4646 93 184
4647 93 185
4648 93 186
4649 93 187
4650 93 190
4651 93 194
4652 93 196
4653 93 198
4654 93 199
4655 93 202
4656 93 204
4657 93 208
4658 93 211
4659 94 97
4660 94 101
4661 94 104
4662 94 107
4663 94 109
4664 94 111
4665 94 113
4666 94 119
4667 94 120
4668 94 123
4669 94 126
4670 94 128
4671 94 129
4672 94 130
4673 94 133
4674 94 136
4675 94 140
4676 94 142
4677 94 143
4678 94 144
4679 94 145
4680 94 153
4681 94 155
4682 94 157
4683 94 158
4684 94 159
4685 94 160
4686 94 161
4687 94 163
4688 94 165
4689 94 167
4690 94 172
4691 94 176
4692 94 179
4693 94 184
4694 94 185
4695 94 186
4696 94 187
4697 94 190
4698 94 194
4699 94 196
4700 94 198
4701 94 199
4702 94 202
4703 94 204
4704 94 208
4705 94 211
4706 95 96
4707 95 98
4708 95 99
4709 95 102
4710 95 106
4711 95 114
4712 95 116
4713 95 117
4714 95 118
4715 95 121
4716 95 124
4717 95 126
4718 95 131
4719 95 134
4720 95 135
4721 95 138
4722 95 141
4723 95 146
4724 95 148
4725 95 150
4726 95 154
4727 95 157
4728 95 162
4729 95 166
4730 95 169
4731 95 173
4732 95 174
4733 95 177
4734 95 181
4735 95 188
4736 95 192
4737 95 209
4738 95 213
4739 96 100
4740 96 102
4741 96 103
4742 96 105
4743 96 108
4744 96 112
4745 96 115
4746 96 116
4747 96 117
4748 96 118
4749 96 121
4750 96 125
4751 96 126
4752 96 131
4753 96 132
4754 96 133
4755 96 135
4756 96 137
4757 96 140
4758 96 141
4759 96 146
4760 96 149
4761 96 150
4762 96 151
4763 96 152
4764 96 154
4765 96 157
4766 96 159
4767 96 162
4768 96 164
4769 96 165
4770 96 168
4771 96 170
4772 96 173
4773 96 174
4774 96 175
4775 96 177
4776 96 178
4777 96 180
4778 96 182
4779 96 188
4780 96 192
4781 96 193
4782 96 195
4783 96 197
4784 96 201
4785 96 203
4786 96 205
4787 96 212
4788 96 213
4789 97 101
4790 97 104
4791 97 107
4792 97 109
4793 97 111
4794 97 113
4795 97 119
4796 97 120
4797 97 123
4798 97 127
4799 97 128
4800 97 129
4801 97 130
4802 97 133
4803 97 136
4804 97 140
4805 97 142
4806 97 143
4807 97 144
4808 97 145
4809 97 153
4810 97 155
4811 97 158
4812 97 159
4813 97 160
4814 97 161
4815 97 163
4816 97 165
4817 97 167
4818 97 172
4819 97 176
4820 97 179
4821 97 184
4822 97 185
4823 97 186
4824 97 187
4825 97 190
4826 97 194
4827 97 196
4828 97 198
4829 97 199
4830 97 202
4831 97 204
4832 97 208
4833 97 211
4834 98 99
4835 98 102
4836 98 106
4837 98 114
4838 98 116
4839 98 117
4840 98 118
4841 98 121
4842 98 124
4843 98 131
4844 98 134
4845 98 135
4846 98 138
4847 98 146
4848 98 148
4849 98 150
4850 98 154
4851 98 162
4852 98 166
4853 98 169
4854 98 174
4855 98 177
4856 98 181
4857 98 188
4858 98 192
4859 98 209
4860 99 102
4861 99 106
4862 99 114
4863 99 116
4864 99 117
4865 99 118
4866 99 121
4867 99 124
4868 99 131
4869 99 134
4870 99 135
4871 99 138
4872 99 146
4873 99 148
4874 99 150
4875 99 154
4876 99 162
4877 99 166
4878 99 169
4879 99 174
4880 99 177
4881 99 181
4882 99 192
4883 99 209
4884 100 103
4885 100 105
4886 100 112
4887 100 115
4888 100 125
4889 100 126
4890 100 132
4891 100 133
4892 100 137
4893 100 141
4894 100 149
4895 100 151
4896 100 152
4897 100 157
4898 100 164
4899 100 168
4900 100 170
4901 100 173
4902 100 175
4903 100 178
4904 100 180
4905 100 182
4906 100 188
4907 100 193
4908 100 195
4909 100 197
4910 100 201
4911 100 203
4912 100 205
4913 100 212
4914 100 213
4915 101 107
4916 101 109
4917 101 111
4918 101 113
4919 101 119
4920 101 120
4921 101 123
4922 101 128
4923 101 129
4924 101 130
4925 101 133
4926 101 136
4927 101 140
4928 101 142
4929 101 143
4930 101 144
4931 101 145
4932 101 153
4933 101 155
4934 101 157
4935 101 158
4936 101 159
4937 101 160
4938 101 161
4939 101 163
4940 101 165
4941 101 167
4942 101 172
4943 101 176
4944 101 179
4945 101 184
4946 101 185
4947 101 186
4948 101 187
4949 101 190
4950 101 194
4951 101 196
4952 101 198
4953 101 199
4954 101 202
4955 101 204
4956 101 205
4957 101 208
4958 101 211
4959 102 106
4960 102 114
4961 102 116
4962 102 117
4963 102 118
4964 102 121
4965 102 124
4966 102 126
4967 102 131
4968 102 134
4969 102 135
4970 102 138
4971 102 146
4972 102 148
4973 102 150
4974 102 154
4975 102 162
4976 102 166
4977 102 169
4978 102 174
4979 102 177
4980 102 181
4981 102 188
4982 102 192
4983 102 209
4984 103 105
4985 103 108
4986 103 112
4987 103 115
4988 103 125
4989 103 126
4990 103 132
4991 103 133
4992 103 137
4993 103 141
4994 103 149
4995 103 151
4996 103 152
4997 103 157
4998 103 164
4999 103 168
5000 103 169
5001 103 170
5002 103 173
5003 103 174
5004 103 175
5005 103 178
5006 103 180
5007 103 182
5008 103 188
5009 103 193
5010 103 195
5011 103 197
5012 103 201
5013 103 203
5014 103 205
5015 103 212
5016 103 213
5017 104 107
5018 104 128
5019 104 130
5020 104 133
5021 104 155
5022 104 160
5023 104 176
5024 104 186
5025 104 196
5026 104 202
5027 104 204
5028 104 211
5029 105 108
5030 105 112
5031 105 115
5032 105 125
5033 105 126
5034 105 132
5035 105 133
5036 105 137
5037 105 141
5038 105 151
5039 105 152
5040 105 157
5041 105 168
5042 105 173
5043 105 175
5044 105 180
5045 105 188
5046 105 193
5047 105 195
5048 105 197
5049 105 201
5050 105 203
5051 105 205
5052 105 212
5053 105 213
5054 106 114
5055 106 116
5056 106 117
5057 106 118
5058 106 121
5059 106 124
5060 106 126
5061 106 131
5062 106 134
5063 106 135
5064 106 138
5065 106 146
5066 106 148
5067 106 150
5068 106 154
5069 106 162
5070 106 166
5071 106 169
5072 106 174
5073 106 177
5074 106 181
5075 106 192
5076 106 209
5077 107 109
5078 107 111
5079 107 113
5080 107 119
5081 107 120
5082 107 123
5083 107 127
5084 107 128
5085 107 129
5086 107 130
5087 107 133
5088 107 136
5089 107 140
5090 107 142
5091 107 143
5092 107 144
5093 107 145
5094 107 153
5095 107 155
5096 107 158
5097 107 159
5098 107 160
5099 107 161
5100 107 163
5101 107 165
5102 107 167
5103 107 172
5104 107 176
5105 107 179
5106 107 184
5107 107 185
5108 107 186
5109 107 187
5110 107 190
5111 107 194
5112 107 196
5113 107 198
5114 107 199
5115 107 202
5116 107 204
5117 107 208
5118 107 211
5119 108 112
5120 108 115
5121 108 125
5122 108 126
5123 108 132
5124 108 133
5125 108 137
5126 108 141
5127 108 151
5128 108 157
5129 108 168
5130 108 173
5131 108 178
5132 108 180
5133 108 188
5134 108 193
5135 108 195
5136 108 197
5137 108 201
5138 108 203
5139 108 205
5140 108 212
5141 108 213
5142 109 111
5143 109 113
5144 109 119
5145 109 120
5146 109 123
5147 109 127
5148 109 129
5149 109 130
5150 109 133
5151 109 136
5152 109 140
5153 109 142
5154 109 143
5155 109 144
5156 109 145
5157 109 153
5158 109 155
5159 109 157
5160 109 158
5161 109 159
5162 109 160
5163 109 161
5164 109 163
5165 109 165
5166 109 167
5167 109 172
5168 109 176
5169 109 179
5170 109 184
5171 109 185
5172 109 186
5173 109 187
5174 109 190
5175 109 194
5176 109 196
5177 109 198
5178 109 199
5179 109 202
5180 109 204
5181 109 208
5182 109 211
5183 110 122
5184 110 139
5185 110 147
5186 110 156
5187 110 171
5188 110 183
5189 110 189
5190 110 191
5191 110 200
5192 110 206
5193 110 207
5194 110 210
5195 111 113
5196 111 119
5197 111 120
5198 111 123
5199 111 127
5200 111 129
5201 111 130
5202 111 133
5203 111 136
5204 111 140
5205 111 142
5206 111 143
5207 111 144
5208 111 145
5209 111 153
5210 111 155
5211 111 158
5212 111 159
5213 111 160
5214 111 161
5215 111 163
5216 111 165
5217 111 167
5218 111 172
5219 111 176
5220 111 179
5221 111 184
5222 111 185
5223 111 186
5224 111 187
5225 111 190
5226 111 194
5227 111 196
5228 111 198
5229 111 199
5230 111 202
5231 111 204
5232 111 208
5233 111 211
5234 112 115
5235 112 125
5236 112 126
5237 112 132
5238 112 133
5239 112 137
5240 112 141
5241 112 149
5242 112 151
5243 112 152
5244 112 157
5245 112 164
5246 112 168
5247 112 170
5248 112 173
5249 112 175
5250 112 178
5251 112 180
5252 112 182
5253 112 188
5254 112 193
5255 112 195
5256 112 197
5257 112 201
5258 112 203
5259 112 205
5260 112 212
5261 112 213
5262 113 119
5263 113 120
5264 113 123
5265 113 129
5266 113 130
5267 113 133
5268 113 136
5269 113 140
5270 113 142
5271 113 143
5272 113 144
5273 113 145
5274 113 153
5275 113 155
5276 113 157
5277 113 158
5278 113 159
5279 113 160
5280 113 161
5281 113 163
5282 113 165
5283 113 167
5284 113 172
5285 113 176
5286 113 179
5287 113 184
5288 113 185
5289 113 186
5290 113 187
5291 113 190
5292 113 194
5293 113 196
5294 113 198
5295 113 199
5296 113 202
5297 113 204
5298 113 208
5299 113 211
5300 114 116
5301 114 117
5302 114 118
5303 114 121
5304 114 124
5305 114 126
5306 114 131
5307 114 134
5308 114 135
5309 114 138
5310 114 146
5311 114 148
5312 114 150
5313 114 154
5314 114 157
5315 114 162
5316 114 166
5317 114 169
5318 114 174
5319 114 177
5320 114 181
5321 114 188
5322 114 192
5323 114 209
5324 115 125
5325 115 126
5326 115 132
5327 115 133
5328 115 137
5329 115 141
5330 115 149
5331 115 150
5332 115 151
5333 115 152
5334 115 153
5335 115 157
5336 115 161
5337 115 164
5338 115 168
5339 115 170
5340 115 173
5341 115 175
5342 115 178
5343 115 180
5344 115 182
5345 115 188
5346 115 190
5347 115 193
5348 115 195
5349 115 197
5350 115 201
5351 115 203
5352 115 205
5353 115 212
5354 115 213
5355 116 117
5356 116 118
5357 116 121
5358 116 124
5359 116 126
5360 116 131
5361 116 134
5362 116 135
5363 116 138
5364 116 146
5365 116 148
5366 116 150
5367 116 154
5368 116 162
5369 116 166
5370 116 169
5371 116 174
5372 116 177
5373 116 181
5374 116 192
5375 116 209
5376 116 213
5377 117 118
5378 117 121
5379 117 124
5380 117 126
5381 117 131
5382 117 134
5383 117 135
5384 117 138
5385 117 141
5386 117 146
5387 117 148
5388 117 150
5389 117 152
5390 117 154
5391 117 157
5392 117 162
5393 117 166
5394 117 169
5395 117 174
5396 117 177
5397 117 181
5398 117 188
5399 117 192
5400 117 209
5401 118 121
5402 118 124
5403 118 126
5404 118 131
5405 118 134
5406 118 135
5407 118 138
5408 118 146
5409 118 148
5410 118 150
5411 118 154
5412 118 157
5413 118 162
5414 118 166
5415 118 169
5416 118 174
5417 118 177
5418 118 181
5419 118 188
5420 118 192
5421 118 209
5422 119 120
5423 119 123
5424 119 129
5425 119 130
5426 119 133
5427 119 136
5428 119 140
5429 119 142
5430 119 143
5431 119 144
5432 119 145
5433 119 153
5434 119 155
5435 119 157
5436 119 158
5437 119 159
5438 119 160
5439 119 161
5440 119 163
5441 119 165
5442 119 167
5443 119 172
5444 119 176
5445 119 179
5446 119 184
5447 119 185
5448 119 186
5449 119 187
5450 119 190
5451 119 194
5452 119 196
5453 119 198
5454 119 199
5455 119 202
5456 119 204
5457 119 205
5458 119 208
5459 119 211
5460 120 123
5461 120 127
5462 120 129
5463 120 130
5464 120 133
5465 120 136
5466 120 140
5467 120 142
5468 120 143
5469 120 144
5470 120 145
5471 120 153
5472 120 155
5473 120 157
5474 120 158
5475 120 159
5476 120 160
5477 120 161
5478 120 163
5479 120 165
5480 120 167
5481 120 172
5482 120 176
5483 120 179
5484 120 184
5485 120 185
5486 120 186
5487 120 187
5488 120 190
5489 120 194
5490 120 196
5491 120 198
5492 120 199
5493 120 202
5494 120 204
5495 120 205
5496 120 208
5497 120 211
5498 121 124
5499 121 126
5500 121 131
5501 121 134
5502 121 135
5503 121 138
5504 121 146
5505 121 148
5506 121 150
5507 121 154
5508 121 162
5509 121 166
5510 121 169
5511 121 174
5512 121 177
5513 121 181
5514 121 192
5515 121 209
5516 122 139
5517 122 147
5518 122 156
5519 122 171
5520 122 183
5521 122 189
5522 122 191
5523 122 200
5524 122 206
5525 122 207
5526 122 210
5527 123 127
5528 123 129
5529 123 130
5530 123 133
5531 123 136
5532 123 140
5533 123 142
5534 123 143
5535 123 144
5536 123 145
5537 123 153
5538 123 155
5539 123 157
5540 123 158
5541 123 159
5542 123 160
5543 123 161
5544 123 163
5545 123 165
5546 123 167
5547 123 172
5548 123 173
5549 123 176
5550 123 179
5551 123 184
5552 123 185
5553 123 186
5554 123 187
5555 123 190
5556 123 194
5557 123 196
5558 123 198
5559 123 199
5560 123 202
5561 123 204
5562 123 205
5563 123 208
5564 123 211
5565 124 126
5566 124 131
5567 124 134
5568 124 135
5569 124 138
5570 124 146
5571 124 148
5572 124 150
5573 124 154
5574 124 162
5575 124 166
5576 124 169
5577 124 174
5578 124 177
5579 124 181
5580 124 188
5581 124 192
5582 124 209
5583 125 126
5584 125 132
5585 125 133
5586 125 137
5587 125 141
5588 125 149
5589 125 151
5590 125 152
5591 125 157
5592 125 164
5593 125 168
5594 125 170
5595 125 173
5596 125 175
5597 125 178
5598 125 180
5599 125 182
5600 125 188
5601 125 193
5602 125 195
5603 125 197
5604 125 201
5605 125 203
5606 125 205
5607 125 212
5608 125 213
5609 126 131
5610 126 132
5611 126 133
5612 126 135
5613 126 137
5614 126 141
5615 126 146
5616 126 149
5617 126 151
5618 126 152
5619 126 154
5620 126 157
5621 126 159
5622 126 162
5623 126 164
5624 126 165
5625 126 168
5626 126 169
5627 126 170
5628 126 172
5629 126 173
5630 126 174
5631 126 175
5632 126 178
5633 126 180
5634 126 182
5635 126 188
5636 126 192
5637 126 193
5638 126 195
5639 126 197
5640 126 201
5641 126 203
5642 126 205
5643 126 212
5644 126 213
5645 127 128
5646 127 129
5647 127 130
5648 127 133
5649 127 136
5650 127 143
5651 127 144
5652 127 155
5653 127 158
5654 127 159
5655 127 163
5656 127 165
5657 127 167
5658 127 176
5659 127 184
5660 127 185
5661 127 186
5662 127 190
5663 127 196
5664 127 198
5665 127 202
5666 127 208
5667 127 211
5668 128 130
5669 128 133
5670 128 155
5671 128 176
5672 128 186
5673 128 196
5674 128 202
5675 129 130
5676 129 133
5677 129 136
5678 129 140
5679 129 142
5680 129 143
5681 129 144
5682 129 145
5683 129 153
5684 129 155
5685 129 157
5686 129 158
5687 129 159
5688 129 160
5689 129 161
5690 129 163
5691 129 165
5692 129 167
5693 129 172
5694 129 176
5695 129 179
5696 129 184
5697 129 185
5698 129 186
5699 129 187
5700 129 190
5701 129 194
5702 129 196
5703 129 198
5704 129 199
5705 129 202
5706 129 204
5707 129 205
5708 129 208
5709 129 211
5710 130 133
5711 130 136
5712 130 140
5713 130 142
5714 130 143
5715 130 144
5716 130 145
5717 130 153
5718 130 155
5719 130 158
5720 130 159
5721 130 160
5722 130 161
5723 130 163
5724 130 165
5725 130 167
5726 130 172
5727 130 176
5728 130 179
5729 130 184
5730 130 185
5731 130 186
5732 130 187
5733 130 190
5734 130 194
5735 130 196
5736 130 198
5737 130 199
5738 130 202
5739 130 204
5740 130 208
5741 130 211
5742 131 134
5743 131 135
5744 131 138
5745 131 146
5746 131 148
5747 131 150
5748 131 154
5749 131 157
5750 131 162
5751 131 166
5752 131 169
5753 131 174
5754 131 177
5755 131 181
5756 131 188
5757 131 192
5758 131 209
5759 131 212
5760 131 213
5761 132 133
5762 132 137
5763 132 141
5764 132 151
5765 132 152
5766 132 157
5767 132 168
5768 132 173
5769 132 178
5770 132 180
5771 132 182
5772 132 188
5773 132 193
5774 132 195
5775 132 197
5776 132 201
5777 132 205
5778 132 212
5779 132 213
5780 133 136
5781 133 137
5782 133 140
5783 133 141
5784 133 142
5785 133 143
5786 133 144
5787 133 145
5788 133 149
5789 133 151
5790 133 152
5791 133 153
5792 133 155
5793 133 157
5794 133 158
5795 133 159
5796 133 160
5797 133 161
5798 133 163
5799 133 165
5800 133 167
5801 133 168
5802 133 170
5803 133 172
5804 133 173
5805 133 175
5806 133 176
5807 133 179
5808 133 180
5809 133 182
5810 133 184
5811 133 185
5812 133 186
5813 133 187
5814 133 188
5815 133 190
5816 133 193
5817 133 194
5818 133 195
5819 133 196
5820 133 197
5821 133 198
5822 133 199
5823 133 201
5824 133 202
5825 133 203
5826 133 204
5827 133 205
5828 133 208
5829 133 211
5830 133 212
5831 133 213
5832 134 135
5833 134 138
5834 134 146
5835 134 148
5836 134 150
5837 134 154
5838 134 157
5839 134 162
5840 134 166
5841 134 169
5842 134 174
5843 134 177
5844 134 181
5845 134 188
5846 134 192
5847 134 209
5848 134 212
5849 134 213
5850 135 138
5851 135 141
5852 135 146
5853 135 148
5854 135 150
5855 135 154
5856 135 157
5857 135 162
5858 135 166
5859 135 169
5860 135 173
5861 135 174
5862 135 177
5863 135 181
5864 135 188
5865 135 192
5866 135 197
5867 135 209
5868 136 140
5869 136 142
5870 136 143
5871 136 144
5872 136 145
5873 136 153
5874 136 155
5875 136 157
5876 136 158
5877 136 159
5878 136 160
5879 136 161
5880 136 163
5881 136 165
5882 136 167
5883 136 172
5884 136 176
5885 136 179
5886 136 184
5887 136 185
5888 136 186
5889 136 187
5890 136 190
5891 136 194
5892 136 196
5893 136 198
5894 136 199
5895 136 202
5896 136 204
5897 136 208
5898 136 211
5899 137 141
5900 137 149
5901 137 151
5902 137 152
5903 137 157
5904 137 164
5905 137 168
5906 137 170
5907 137 173
5908 137 175
5909 137 178
5910 137 180
5911 137 182
5912 137 188
5913 137 193
5914 137 195
5915 137 197
5916 137 201
5917 137 203
5918 137 205
5919 137 212
5920 137 213
5921 138 146
5922 138 148
5923 138 150
5924 138 154
5925 138 162
5926 138 166
5927 138 169
5928 138 174
5929 138 177
5930 138 181
5931 138 192
5932 138 209
5933 139 147
5934 139 156
5935 139 171
5936 139 183
5937 139 189
5938 139 191
5939 139 200
5940 139 206
5941 139 207
5942 139 210
5943 140 142
5944 140 143
5945 140 144
5946 140 145
5947 140 149
5948 140 151
5949 140 153
5950 140 155
5951 140 157
5952 140 158
5953 140 159
5954 140 160
5955 140 161
5956 140 163
5957 140 165
5958 140 167
5959 140 172
5960 140 176
5961 140 179
5962 140 184
5963 140 185
5964 140 186
5965 140 187
5966 140 190
5967 140 194
5968 140 196
5969 140 198
5970 140 199
5971 140 202
5972 140 204
5973 140 208
5974 140 211
5975 141 149
5976 141 151
5977 141 152
5978 141 157
5979 141 168
5980 141 170
5981 141 173
5982 141 175
5983 141 178
5984 141 180
5985 141 182
5986 141 188
5987 141 192
5988 141 193
5989 141 195
5990 141 197
5991 141 201
5992 141 203
5993 141 205
5994 141 212
5995 141 213
5996 142 143
5997 142 144
5998 142 145
5999 142 153
6000 142 155
6001 142 157
6002 142 158
6003 142 159
6004 142 160
6005 142 161
6006 142 163
6007 142 165
6008 142 167
6009 142 172
6010 142 176
6011 142 179
6012 142 184
6013 142 185
6014 142 186
6015 142 187
6016 142 190
6017 142 194
6018 142 196
6019 142 198
6020 142 199
6021 142 202
6022 142 204
6023 142 208
6024 142 211
6025 143 144
6026 143 145
6027 143 153
6028 143 155
6029 143 157
6030 143 158
6031 143 159
6032 143 160
6033 143 161
6034 143 163
6035 143 165
6036 143 167
6037 143 172
6038 143 176
6039 143 179
6040 143 184
6041 143 185
6042 143 186
6043 143 187
6044 143 190
6045 143 194
6046 143 196
6047 143 198
6048 143 199
6049 143 202
6050 143 204
6051 143 208
6052 143 211
6053 144 145
6054 144 153
6055 144 155
6056 144 158
6057 144 159
6058 144 160
6059 144 161
6060 144 163
6061 144 165
6062 144 167
6063 144 172
6064 144 176
6065 144 179
6066 144 184
6067 144 185
6068 144 186
6069 144 187
6070 144 190
6071 144 194
6072 144 196
6073 144 198
6074 144 199
6075 144 202
6076 144 204
6077 144 208
6078 144 211
6079 145 153
6080 145 155
6081 145 157
6082 145 158
6083 145 159
6084 145 160
6085 145 161
6086 145 163
6087 145 165
6088 145 167
6089 145 172
6090 145 176
6091 145 179
6092 145 184
6093 145 185
6094 145 186
6095 145 187
6096 145 190
6097 145 194
6098 145 196
6099 145 198
6100 145 199
6101 145 202
6102 145 204
6103 145 208
6104 145 211
6105 146 148
6106 146 150
6107 146 154
6108 146 157
6109 146 162
6110 146 166
6111 146 169
6112 146 174
6113 146 177
6114 146 181
6115 146 182
6116 146 188
6117 146 192
6118 146 209
6119 146 213
6120 147 156
6121 147 171
6122 147 183
6123 147 189
6124 147 191
6125 147 200
6126 147 206
6127 147 207
6128 147 210
6129 148 150
6130 148 154
6131 148 162
6132 148 166
6133 148 169
6134 148 174
6135 148 177
6136 148 181
6137 148 192
6138 148 209
6139 149 151
6140 149 152
6141 149 157
6142 149 164
6143 149 168
6144 149 170
6145 149 173
6146 149 175
6147 149 178
6148 149 180
6149 149 182
6150 149 188
6151 149 193
6152 149 195
6153 149 197
6154 149 201
6155 149 203
6156 149 205
6157 149 208
6158 149 212
6159 149 213
6160 150 154
6161 150 157
6162 150 162
6163 150 166
6164 150 169
6165 150 174
6166 150 177
6167 150 181
6168 150 188
6169 150 192
6170 150 209
6171 150 213
6172 151 152
6173 151 157
6174 151 164
6175 151 168
6176 151 170
6177 151 173
6178 151 175
6179 151 178
6180 151 180
6181 151 182
6182 151 188
6183 151 193
6184 151 195
6185 151 197
6186 151 201
6187 151 203
6188 151 205
6189 151 212
6190 151 213
6191 152 157
6192 152 164
6193 152 168
6194 152 170
6195 152 173
6196 152 175
6197 152 178
6198 152 180
6199 152 182
6200 152 188
6201 152 193
6202 152 195
6203 152 197
6204 152 201
6205 152 203
6206 152 205
6207 152 212
6208 152 213
6209 153 155
6210 153 157
6211 153 158
6212 153 159
6213 153 160
6214 153 161
6215 153 163
6216 153 165
6217 153 167
6218 153 172
6219 153 176
6220 153 179
6221 153 184
6222 153 185
6223 153 186
6224 153 187
6225 153 190
6226 153 194
6227 153 196
6228 153 198
6229 153 199
6230 153 202
6231 153 204
6232 153 205
6233 153 208
6234 153 211
6235 154 162
6236 154 166
6237 154 169
6238 154 174
6239 154 177
6240 154 181
6241 154 188
6242 154 192
6243 154 203
6244 154 209
6245 155 158
6246 155 159
6247 155 160
6248 155 161
6249 155 163
6250 155 165
6251 155 167
6252 155 172
6253 155 176
6254 155 179
6255 155 184
6256 155 185
6257 155 186
6258 155 187
6259 155 190
6260 155 194
6261 155 196
6262 155 198
6263 155 199
6264 155 202
6265 155 204
6266 155 208
6267 155 211
6268 156 171
6269 156 183
6270 156 189
6271 156 191
6272 156 200
6273 156 206
6274 156 207
6275 156 210
6276 157 158
6277 157 159
6278 157 161
6279 157 163
6280 157 164
6281 157 165
6282 157 168
6283 157 169
6284 157 170
6285 157 172
6286 157 173
6287 157 174
6288 157 175
6289 157 177
6290 157 178
6291 157 179
6292 157 180
6293 157 182
6294 157 184
6295 157 185
6296 157 187
6297 157 188
6298 157 190
6299 157 193
6300 157 194
6301 157 195
6302 157 197
6303 157 199
6304 157 201
6305 157 203
6306 157 204
6307 157 205
6308 157 208
6309 157 209
6310 157 211
6311 157 212
6312 157 213
6313 158 159
6314 158 160
6315 158 161
6316 158 163
6317 158 165
6318 158 167
6319 158 172
6320 158 176
6321 158 179
6322 158 184
6323 158 185
6324 158 186
6325 158 187
6326 158 190
6327 158 194
6328 158 196
6329 158 198
6330 158 199
6331 158 202
6332 158 204
6333 158 205
6334 158 208
6335 158 211
6336 159 160
6337 159 161
6338 159 163
6339 159 165
6340 159 167
6341 159 172
6342 159 176
6343 159 179
6344 159 184
6345 159 185
6346 159 186
6347 159 187
6348 159 190
6349 159 194
6350 159 196
6351 159 198
6352 159 199
6353 159 202
6354 159 204
6355 159 205
6356 159 208
6357 159 211
6358 160 161
6359 160 163
6360 160 165
6361 160 167
6362 160 172
6363 160 176
6364 160 179
6365 160 184
6366 160 185
6367 160 186
6368 160 187
6369 160 190
6370 160 194
6371 160 196
6372 160 198
6373 160 199
6374 160 202
6375 160 204
6376 160 208
6377 160 211
6378 161 163
6379 161 165
6380 161 167
6381 161 172
6382 161 176
6383 161 179
6384 161 184
6385 161 185
6386 161 186
6387 161 187
6388 161 190
6389 161 194
6390 161 196
6391 161 198
6392 161 199
6393 161 202
6394 161 204
6395 161 205
6396 161 208
6397 161 211
6398 162 166
6399 162 169
6400 162 173
6401 162 174
6402 162 177
6403 162 181
6404 162 188
6405 162 192
6406 162 209
6407 162 213
6408 163 165
6409 163 167
6410 163 172
6411 163 176
6412 163 179
6413 163 184
6414 163 185
6415 163 186
6416 163 187
6417 163 190
6418 163 194
6419 163 196
6420 163 198
6421 163 199
6422 163 202
6423 163 204
6424 163 205
6425 163 208
6426 163 211
6427 164 168
6428 164 170
6429 164 173
6430 164 175
6431 164 178
6432 164 180
6433 164 182
6434 164 188
6435 164 193
6436 164 195
6437 164 201
6438 164 203
6439 164 212
6440 164 213
6441 165 167
6442 165 172
6443 165 176
6444 165 179
6445 165 184
6446 165 185
6447 165 186
6448 165 187
6449 165 190
6450 165 194
6451 165 196
6452 165 198
6453 165 199
6454 165 202
6455 165 204
6456 165 205
6457 165 208
6458 165 211
6459 166 169
6460 166 174
6461 166 177
6462 166 181
6463 166 192
6464 166 209
6465 167 172
6466 167 176
6467 167 179
6468 167 184
6469 167 185
6470 167 186
6471 167 187
6472 167 190
6473 167 194
6474 167 196
6475 167 198
6476 167 199
6477 167 202
6478 167 204
6479 167 208
6480 167 211
6481 168 170
6482 168 173
6483 168 175
6484 168 178
6485 168 180
6486 168 182
6487 168 188
6488 168 193
6489 168 195
6490 168 197
6491 168 201
6492 168 203
6493 168 205
6494 168 212
6495 168 213
6496 169 174
6497 169 177
6498 169 181
6499 169 182
6500 169 192
6501 169 209
6502 169 213
6503 170 173
6504 170 175
6505 170 178
6506 170 180
6507 170 182
6508 170 188
6509 170 193
6510 170 195
6511 170 197
6512 170 201
6513 170 203
6514 170 205
6515 170 212
6516 170 213
6517 171 183
6518 171 189
6519 171 191
6520 171 200
6521 171 206
6522 171 207
6523 171 210
6524 172 176
6525 172 179
6526 172 184
6527 172 185
6528 172 186
6529 172 187
6530 172 190
6531 172 194
6532 172 196
6533 172 198
6534 172 199
6535 172 202
6536 172 204
6537 172 208
6538 172 211
6539 173 175
6540 173 178
6541 173 180
6542 173 182
6543 173 188
6544 173 193
6545 173 195
6546 173 197
6547 173 201
6548 173 203
6549 173 205
6550 173 212
6551 173 213
6552 174 177
6553 174 181
6554 174 182
6555 174 188
6556 174 192
6557 174 209
6558 174 213
6559 175 178
6560 175 180
6561 175 182
6562 175 188
6563 175 193
6564 175 195
6565 175 197
6566 175 201
6567 175 203
6568 175 205
6569 175 212
6570 175 213
6571 176 179
6572 176 184
6573 176 185
6574 176 186
6575 176 187
6576 176 190
6577 176 194
6578 176 196
6579 176 198
6580 176 199
6581 176 202
6582 176 204
6583 176 208
6584 176 211
6585 177 181
6586 177 188
6587 177 192
6588 177 209
6589 178 180
6590 178 182
6591 178 188
6592 178 193
6593 178 195
6594 178 197
6595 178 201
6596 178 203
6597 178 205
6598 178 212
6599 178 213
6600 179 184
6601 179 185
6602 179 186
6603 179 187
6604 179 190
6605 179 194
6606 179 196
6607 179 198
6608 179 199
6609 179 202
6610 179 204
6611 179 208
6612 179 211
6613 180 182
6614 180 188
6615 180 193
6616 180 195
6617 180 197
6618 180 201
6619 180 203
6620 180 205
6621 180 212
6622 180 213
6623 181 192
6624 181 209
6625 182 188
6626 182 193
6627 182 195
6628 182 197
6629 182 201
6630 182 203
6631 182 205
6632 182 212
6633 182 213
6634 183 189
6635 183 191
6636 183 200
6637 183 206
6638 183 207
6639 183 210
6640 184 185
6641 184 186
6642 184 187
6643 184 190
6644 184 194
6645 184 196
6646 184 198
6647 184 199
6648 184 202
6649 184 204
6650 184 205
6651 184 208
6652 184 211
6653 185 186
6654 185 187
6655 185 190
6656 185 194
6657 185 196
6658 185 198
6659 185 199
6660 185 202
6661 185 204
6662 185 208
6663 185 211
6664 186 187
6665 186 190
6666 186 194
6667 186 196
6668 186 198
6669 186 199
6670 186 202
6671 186 204
6672 186 208
6673 186 211
6674 187 190
6675 187 194
6676 187 196
6677 187 198
6678 187 199
6679 187 202
6680 187 204
6681 187 205
6682 187 208
6683 187 211
6684 188 192
6685 188 193
6686 188 195
6687 188 197
6688 188 201
6689 188 203
6690 188 205
6691 188 212
6692 188 213
6693 189 191
6694 189 200
6695 189 206
6696 189 207
6697 189 210
6698 190 194
6699 190 196
6700 190 198
6701 190 199
6702 190 202
6703 190 204
6704 190 208
6705 190 211
6706 191 200
6707 191 206
6708 191 207
6709 191 210
6710 192 209
6711 192 213
6712 193 195
6713 193 197
6714 193 201
6715 193 203
6716 193 205
6717 193 212
6718 193 213
6719 194 196
6720 194 198
6721 194 199
6722 194 202
6723 194 204
6724 194 208
6725 194 211
6726 195 197
6727 195 201
6728 195 203
6729 195 205
6730 195 212
6731 195 213
6732 196 198
6733 196 199
6734 196 202
6735 196 204
6736 196 208
6737 196 211
6738 197 201
6739 197 203
6740 197 205
6741 197 212
6742 197 213
6743 198 199
6744 198 204
6745 198 205
6746 198 208
6747 198 211
6748 199 202
6749 199 204
6750 199 208
6751 199 211
6752 200 206
6753 200 207
6754 200 210
6755 201 203
6756 201 205
6757 201 212
6758 201 213
6759 202 204
6760 202 208
6761 202 211
6762 203 205
6763 203 212
6764 203 213
6765 204 208
6766 204 211
6767 205 212
6768 205 213
6769 206 207
6770 206 210
6771 207 210
6772 208 211
6773 212 213
