1 1 25
2 1 27
3 1 30
4 1 38
5 1 39
6 1 44
7 1 46
8 1 47
9 1 49
10 1 51
11 1 54
12 1 55
13 1 60
14 1 64
15 1 66
16 1 67
17 1 70
18 1 71
19 1 72
20 1 73
21 1 77
22 1 82
23 1 88
24 1 92
25 1 95
26 1 97
27 1 98
28 1 106
29 1 115
30 1 119
31 1 121
32 1 139
33 1 143
34 1 159
35 1 166
36 1 168
37 1 169
38 1 170
39 1 177
40 1 178
41 1 181
42 1 182
43 1 184
44 1 195
45 1 203
46 1 205
47 1 211
48 1 213
49 2 7
50 2 17
51 2 20
52 2 21
53 2 22
54 2 28
55 2 32
56 2 35
57 2 36
58 2 50
59 2 61
60 2 69
61 2 76
62 2 79
63 2 89
64 2 93
65 2 94
66 2 102
67 2 105
68 2 107
69 2 122
70 2 126
71 2 135
72 2 137
73 2 145
74 2 150
75 2 158
76 2 160
77 2 167
78 2 185
79 2 186
80 2 187
81 2 189
82 2 194
83 2 197
84 2 200
85 2 202
86 2 204
87 3 16
88 3 34
89 3 188
90 3 210
91 4 11
92 4 15
93 4 43
94 4 57
95 4 84
96 4 103
97 4 116
98 4 144
99 4 153
100 4 198
101 5 30
102 5 38
103 5 46
104 5 47
105 5 54
106 5 55
107 5 70
108 5 72
109 5 73
110 5 97
111 5 177
112 5 181
113 5 184
114 6 91
115 6 179
116 7 12
117 7 17
118 7 20
119 7 21
120 7 22
121 7 28
122 7 32
123 7 36
124 7 50
125 7 61
126 7 69
127 7 76
128 7 79
129 7 89
130 7 93
131 7 94
132 7 102
133 7 105
134 7 107
135 7 122
136 7 126
137 7 135
138 7 145
139 7 150
140 7 158
141 7 160
142 7 167
143 7 185
144 7 186
145 7 189
146 7 194
147 7 197
148 7 200
149 7 202
150 7 204
151 7 214
152 8 90
153 9 41
154 9 42
155 9 48
156 9 53
157 9 58
158 9 81
159 9 87
160 9 118
161 9 124
162 9 127
163 9 129
164 9 134
165 9 140
166 9 141
167 9 142
168 9 151
169 9 155
170 9 156
171 9 164
172 9 173
173 9 183
174 9 190
175 9 212
176 10 61
177 10 79
178 10 86
179 10 135
180 10 150
181 10 167
182 10 208
183 11 15
184 11 43
185 11 57
186 11 84
187 11 116
188 11 144
189 11 153
190 11 198
191 12 21
192 12 79
193 12 202
194 12 214
195 13 45
196 13 74
197 13 114
198 13 123
199 13 138
200 13 148
201 13 199
202 14 15
203 14 18
204 14 57
205 14 78
206 14 80
207 14 83
208 14 99
209 14 103
210 14 113
211 14 128
212 14 153
213 14 154
214 14 162
215 14 191
216 15 43
217 15 57
218 15 78
219 15 83
220 15 84
221 15 113
222 15 116
223 15 120
224 15 128
225 15 144
226 15 153
227 15 191
228 15 198
229 16 34
230 16 110
231 16 188
232 16 210
233 17 20
234 17 28
235 17 32
236 17 36
237 17 69
238 17 76
239 17 79
240 17 89
241 17 93
242 17 94
243 17 102
244 17 105
245 17 107
246 17 122
247 17 135
248 17 145
249 17 150
250 17 158
251 17 160
252 17 185
253 17 186
254 17 189
255 17 194
256 17 197
257 17 200
258 17 204
259 18 57
260 18 78
261 18 80
262 18 83
263 18 99
264 18 103
265 18 113
266 18 128
267 18 149
268 18 153
269 18 154
270 18 162
271 18 191
272 20 22
273 20 28
274 20 32
275 20 36
276 20 50
277 20 61
278 20 69
279 20 76
280 20 79
281 20 89
282 20 93
283 20 102
284 20 105
285 20 107
286 20 122
287 20 126
288 20 135
289 20 137
290 20 145
291 20 158
292 20 160
293 20 167
294 20 185
295 20 186
296 20 194
297 20 197
298 20 200
299 20 204
300 21 28
301 21 32
302 21 61
303 21 69
304 21 79
305 21 93
306 21 102
307 21 145
308 21 158
309 21 160
310 21 200
311 21 202
312 21 204
313 21 214
314 22 28
315 22 32
316 22 69
317 22 79
318 22 89
319 22 102
320 22 105
321 22 107
322 22 135
323 22 158
324 22 160
325 22 167
326 22 194
327 22 200
328 22 204
329 23 27
330 23 46
331 23 49
332 23 54
333 23 64
334 23 77
335 23 106
336 23 119
337 23 159
338 23 168
339 23 178
340 23 211
341 25 27
342 25 30
343 25 38
344 25 39
345 25 44
346 25 46
347 25 47
348 25 49
349 25 51
350 25 54
351 25 55
352 25 60
353 25 64
354 25 66
355 25 67
356 25 70
357 25 71
358 25 72
359 25 73
360 25 77
361 25 82
362 25 88
363 25 92
364 25 95
365 25 97
366 25 98
367 25 106
368 25 115
369 25 119
370 25 121
371 25 139
372 25 143
373 25 159
374 25 166
375 25 168
376 25 169
377 25 170
378 25 177
379 25 178
380 25 181
381 25 182
382 25 184
383 25 195
384 25 203
385 25 205
386 25 211
387 25 213
388 27 30
389 27 38
390 27 39
391 27 44
392 27 46
393 27 47
394 27 49
395 27 51
396 27 52
397 27 54
398 27 55
399 27 60
400 27 64
401 27 66
402 27 67
403 27 70
404 27 71
405 27 72
406 27 73
407 27 77
408 27 82
409 27 92
410 27 97
411 27 98
412 27 106
413 27 115
414 27 119
415 27 121
416 27 139
417 27 143
418 27 159
419 27 166
420 27 168
421 27 169
422 27 170
423 27 178
424 27 181
425 27 182
426 27 184
427 27 195
428 27 203
429 27 205
430 27 211
431 27 213
432 28 32
433 28 36
434 28 50
435 28 61
436 28 69
437 28 76
438 28 79
439 28 89
440 28 93
441 28 94
442 28 102
443 28 105
444 28 107
445 28 122
446 28 126
447 28 135
448 28 137
449 28 145
450 28 150
451 28 158
452 28 160
453 28 167
454 28 185
455 28 186
456 28 187
457 28 189
458 28 194
459 28 197
460 28 200
461 28 202
462 28 204
463 29 122
464 29 161
465 29 174
466 30 38
467 30 46
468 30 47
469 30 49
470 30 51
471 30 52
472 30 54
473 30 55
474 30 64
475 30 66
476 30 67
477 30 70
478 30 71
479 30 72
480 30 73
481 30 77
482 30 82
483 30 92
484 30 97
485 30 98
486 30 106
487 30 115
488 30 119
489 30 121
490 30 139
491 30 143
492 30 159
493 30 166
494 30 169
495 30 170
496 30 177
497 30 178
498 30 180
499 30 181
500 30 182
501 30 184
502 30 195
503 30 203
504 30 205
505 30 211
506 30 213
507 31 146
508 32 36
509 32 50
510 32 61
511 32 69
512 32 76
513 32 79
514 32 89
515 32 93
516 32 94
517 32 102
518 32 105
519 32 107
520 32 122
521 32 126
522 32 135
523 32 137
524 32 145
525 32 150
526 32 158
527 32 160
528 32 167
529 32 185
530 32 186
531 32 187
532 32 189
533 32 194
534 32 197
535 32 200
536 32 202
537 32 204
538 33 109
539 34 110
540 34 188
541 34 210
542 35 36
543 35 50
544 35 61
545 35 69
546 35 79
547 35 89
548 35 93
549 35 122
550 35 126
551 35 135
552 35 186
553 35 187
554 35 200
555 36 50
556 36 61
557 36 69
558 36 76
559 36 79
560 36 89
561 36 93
562 36 94
563 36 102
564 36 105
565 36 107
566 36 122
567 36 126
568 36 135
569 36 137
570 36 145
571 36 158
572 36 160
573 36 167
574 36 185
575 36 186
576 36 187
577 36 189
578 36 194
579 36 197
580 36 200
581 36 202
582 36 204
583 38 46
584 38 47
585 38 49
586 38 51
587 38 52
588 38 54
589 38 55
590 38 64
591 38 66
592 38 67
593 38 70
594 38 71
595 38 72
596 38 73
597 38 77
598 38 82
599 38 92
600 38 97
601 38 98
602 38 106
603 38 115
604 38 119
605 38 121
606 38 139
607 38 143
608 38 159
609 38 166
610 38 169
611 38 170
612 38 177
613 38 178
614 38 181
615 38 182
616 38 184
617 38 195
618 38 203
619 38 205
620 38 211
621 38 213
622 39 49
623 39 51
624 39 64
625 39 77
626 39 92
627 39 119
628 39 121
629 39 139
630 39 159
631 39 203
632 39 211
633 40 175
634 41 42
635 41 48
636 41 53
637 41 81
638 41 87
639 41 118
640 41 124
641 41 127
642 41 129
643 41 134
644 41 140
645 41 141
646 41 142
647 41 151
648 41 155
649 41 156
650 41 164
651 41 212
652 42 48
653 42 53
654 42 81
655 42 87
656 42 118
657 42 124
658 42 127
659 42 129
660 42 134
661 42 140
662 42 141
663 42 142
664 42 151
665 42 155
666 42 156
667 42 164
668 42 190
669 42 212
670 43 57
671 43 84
672 43 116
673 43 144
674 43 153
675 43 198
676 44 47
677 44 49
678 44 51
679 44 67
680 44 71
681 44 82
682 44 98
683 44 119
684 44 121
685 44 182
686 44 195
687 44 203
688 44 211
689 45 74
690 45 114
691 45 123
692 45 138
693 45 148
694 45 199
695 46 47
696 46 49
697 46 51
698 46 54
699 46 55
700 46 60
701 46 64
702 46 66
703 46 67
704 46 70
705 46 71
706 46 72
707 46 73
708 46 77
709 46 82
710 46 88
711 46 95
712 46 97
713 46 98
714 46 106
715 46 115
716 46 119
717 46 121
718 46 139
719 46 159
720 46 166
721 46 168
722 46 169
723 46 170
724 46 177
725 46 178
726 46 181
727 46 182
728 46 184
729 46 195
730 46 203
731 46 205
732 46 211
733 46 213
734 47 51
735 47 54
736 47 55
737 47 64
738 47 66
739 47 67
740 47 70
741 47 71
742 47 72
743 47 73
744 47 77
745 47 82
746 47 88
747 47 92
748 47 97
749 47 98
750 47 106
751 47 115
752 47 121
753 47 139
754 47 143
755 47 159
756 47 168
757 47 170
758 47 178
759 47 181
760 47 182
761 47 184
762 47 195
763 47 203
764 47 205
765 47 211
766 48 53
767 48 58
768 48 81
769 48 87
770 48 118
771 48 124
772 48 127
773 48 129
774 48 134
775 48 140
776 48 141
777 48 142
778 48 151
779 48 155
780 48 156
781 48 164
782 48 173
783 48 183
784 48 190
785 48 212
786 49 51
787 49 54
788 49 55
789 49 64
790 49 66
791 49 67
792 49 70
793 49 71
794 49 72
795 49 73
796 49 77
797 49 82
798 49 92
799 49 97
800 49 98
801 49 106
802 49 115
803 49 119
804 49 121
805 49 139
806 49 143
807 49 159
808 49 169
809 49 170
810 49 178
811 49 181
812 49 182
813 49 184
814 49 195
815 49 203
816 49 205
817 49 211
818 49 213
819 50 59
820 50 61
821 50 69
822 50 76
823 50 79
824 50 89
825 50 93
826 50 94
827 50 102
828 50 105
829 50 107
830 50 122
831 50 126
832 50 135
833 50 145
834 50 150
835 50 158
836 50 160
837 50 167
838 50 185
839 50 186
840 50 189
841 50 194
842 50 197
843 50 200
844 50 202
845 50 204
846 51 52
847 51 54
848 51 55
849 51 60
850 51 64
851 51 66
852 51 67
853 51 70
854 51 71
855 51 72
856 51 73
857 51 77
858 51 82
859 51 92
860 51 95
861 51 97
862 51 98
863 51 106
864 51 115
865 51 119
866 51 121
867 51 139
868 51 143
869 51 159
870 51 166
871 51 168
872 51 169
873 51 170
874 51 177
875 51 178
876 51 181
877 51 182
878 51 184
879 51 195
880 51 203
881 51 205
882 51 211
883 51 213
884 52 54
885 52 55
886 52 70
887 52 72
888 52 97
889 52 115
890 52 159
891 52 170
892 52 178
893 52 181
894 52 184
895 53 58
896 53 81
897 53 87
898 53 118
899 53 124
900 53 127
901 53 129
902 53 134
903 53 140
904 53 141
905 53 142
906 53 151
907 53 155
908 53 156
909 53 164
910 53 173
911 53 183
912 53 190
913 53 212
914 54 55
915 54 64
916 54 66
917 54 67
918 54 70
919 54 71
920 54 72
921 54 73
922 54 77
923 54 82
924 54 92
925 54 97
926 54 98
927 54 106
928 54 115
929 54 119
930 54 121
931 54 139
932 54 143
933 54 159
934 54 166
935 54 169
936 54 170
937 54 177
938 54 178
939 54 181
940 54 182
941 54 184
942 54 195
943 54 203
944 54 205
945 54 211
946 54 212
947 54 213
948 55 64
949 55 66
950 55 67
951 55 70
952 55 71
953 55 72
954 55 73
955 55 77
956 55 82
957 55 88
958 55 92
959 55 96
960 55 97
961 55 98
962 55 106
963 55 108
964 55 115
965 55 119
966 55 121
967 55 139
968 55 143
969 55 159
970 55 166
971 55 169
972 55 170
973 55 177
974 55 178
975 55 181
976 55 182
977 55 184
978 55 195
979 55 203
980 55 205
981 55 209
982 55 211
983 55 213
984 57 78
985 57 80
986 57 83
987 57 84
988 57 99
989 57 103
990 57 113
991 57 116
992 57 120
993 57 128
994 57 153
995 57 154
996 57 162
997 57 191
998 58 81
999 58 118
1000 58 142
1001 58 151
1002 58 155
1003 58 173
1004 58 183
1005 58 212
1006 59 61
1007 59 89
1008 59 122
1009 59 145
1010 59 150
1011 59 167
1012 59 185
1013 59 189
1014 60 73
1015 60 92
1016 60 95
1017 60 97
1018 60 98
1019 60 106
1020 60 115
1021 60 121
1022 60 159
1023 60 169
1024 60 170
1025 60 181
1026 60 184
1027 60 203
1028 61 69
1029 61 79
1030 61 89
1031 61 93
1032 61 94
1033 61 102
1034 61 105
1035 61 122
1036 61 126
1037 61 135
1038 61 145
1039 61 150
1040 61 158
1041 61 160
1042 61 167
1043 61 185
1044 61 186
1045 61 189
1046 61 194
1047 61 197
1048 61 200
1049 61 202
1050 61 204
1051 61 208
1052 62 147
1053 63 75
1054 63 104
1055 64 66
1056 64 67
1057 64 70
1058 64 71
1059 64 72
1060 64 73
1061 64 77
1062 64 82
1063 64 92
1064 64 97
1065 64 98
1066 64 106
1067 64 115
1068 64 119
1069 64 121
1070 64 139
1071 64 143
1072 64 159
1073 64 166
1074 64 168
1075 64 169
1076 64 170
1077 64 178
1078 64 181
1079 64 182
1080 64 184
1081 64 195
1082 64 203
1083 64 205
1084 64 211
1085 64 213
1086 66 67
1087 66 70
1088 66 72
1089 66 77
1090 66 82
1091 66 97
1092 66 98
1093 66 106
1094 66 108
1095 66 115
1096 66 119
1097 66 121
1098 66 139
1099 66 143
1100 66 159
1101 66 166
1102 66 170
1103 66 178
1104 66 181
1105 66 184
1106 66 195
1107 66 203
1108 66 205
1109 66 209
1110 66 211
1111 66 213
1112 67 70
1113 67 71
1114 67 72
1115 67 77
1116 67 82
1117 67 92
1118 67 97
1119 67 98
1120 67 106
1121 67 115
1122 67 119
1123 67 121
1124 67 139
1125 67 159
1126 67 168
1127 67 169
1128 67 170
1129 67 178
1130 67 181
1131 67 182
1132 67 184
1133 67 195
1134 67 203
1135 67 211
1136 67 213
1137 69 76
1138 69 79
1139 69 89
1140 69 93
1141 69 94
1142 69 102
1143 69 105
1144 69 107
1145 69 122
1146 69 126
1147 69 135
1148 69 145
1149 69 150
1150 69 158
1151 69 160
1152 69 167
1153 69 185
1154 69 186
1155 69 189
1156 69 194
1157 69 197
1158 69 200
1159 69 202
1160 69 204
1161 70 71
1162 70 72
1163 70 73
1164 70 77
1165 70 82
1166 70 92
1167 70 97
1168 70 98
1169 70 106
1170 70 115
1171 70 119
1172 70 121
1173 70 139
1174 70 143
1175 70 159
1176 70 166
1177 70 169
1178 70 170
1179 70 177
1180 70 178
1181 70 180
1182 70 181
1183 70 182
1184 70 184
1185 70 195
1186 70 203
1187 70 205
1188 70 211
1189 70 213
1190 71 72
1191 71 77
1192 71 82
1193 71 92
1194 71 97
1195 71 98
1196 71 106
1197 71 115
1198 71 119
1199 71 121
1200 71 139
1201 71 159
1202 71 168
1203 71 169
1204 71 170
1205 71 178
1206 71 181
1207 71 182
1208 71 184
1209 71 195
1210 71 203
1211 71 211
1212 71 213
1213 72 73
1214 72 77
1215 72 82
1216 72 92
1217 72 97
1218 72 98
1219 72 106
1220 72 115
1221 72 119
1222 72 121
1223 72 139
1224 72 143
1225 72 159
1226 72 166
1227 72 169
1228 72 170
1229 72 177
1230 72 178
1231 72 180
1232 72 181
1233 72 182
1234 72 184
1235 72 195
1236 72 203
1237 72 205
1238 72 211
1239 72 213
1240 73 88
1241 73 97
1242 73 106
1243 73 115
1244 73 121
1245 73 143
1246 73 159
1247 73 166
1248 73 169
1249 73 170
1250 73 177
1251 73 178
1252 73 181
1253 73 184
1254 73 195
1255 73 203
1256 73 205
1257 73 213
1258 74 114
1259 74 123
1260 74 138
1261 74 148
1262 74 199
1263 75 104
1264 75 131
1265 76 79
1266 76 89
1267 76 93
1268 76 94
1269 76 102
1270 76 105
1271 76 107
1272 76 122
1273 76 135
1274 76 137
1275 76 145
1276 76 150
1277 76 158
1278 76 160
1279 76 185
1280 76 186
1281 76 189
1282 76 194
1283 76 197
1284 76 200
1285 76 204
1286 77 82
1287 77 92
1288 77 97
1289 77 98
1290 77 106
1291 77 115
1292 77 119
1293 77 121
1294 77 139
1295 77 159
1296 77 166
1297 77 169
1298 77 170
1299 77 178
1300 77 181
1301 77 182
1302 77 184
1303 77 195
1304 77 203
1305 77 211
1306 77 213
1307 78 80
1308 78 83
1309 78 84
1310 78 99
1311 78 103
1312 78 113
1313 78 128
1314 78 149
1315 78 153
1316 78 154
1317 78 162
1318 78 191
1319 79 89
1320 79 93
1321 79 94
1322 79 102
1323 79 105
1324 79 107
1325 79 122
1326 79 126
1327 79 135
1328 79 145
1329 79 150
1330 79 158
1331 79 160
1332 79 161
1333 79 167
1334 79 185
1335 79 186
1336 79 189
1337 79 194
1338 79 197
1339 79 200
1340 79 202
1341 79 204
1342 79 208
1343 79 214
1344 80 83
1345 80 99
1346 80 113
1347 80 128
1348 80 153
1349 80 154
1350 80 191
1351 81 87
1352 81 118
1353 81 124
1354 81 127
1355 81 129
1356 81 134
1357 81 140
1358 81 141
1359 81 142
1360 81 151
1361 81 155
1362 81 156
1363 81 164
1364 81 173
1365 81 183
1366 81 190
1367 81 212
1368 82 92
1369 82 98
1370 82 106
1371 82 115
1372 82 119
1373 82 121
1374 82 139
1375 82 143
1376 82 159
1377 82 168
1378 82 169
1379 82 170
1380 82 178
1381 82 181
1382 82 182
1383 82 184
1384 82 195
1385 82 203
1386 82 211
1387 82 213
1388 83 99
1389 83 103
1390 83 120
1391 83 128
1392 83 149
1393 83 153
1394 83 154
1395 83 162
1396 83 191
1397 84 99
1398 84 116
1399 84 144
1400 84 153
1401 84 191
1402 84 198
1403 86 208
1404 87 118
1405 87 124
1406 87 127
1407 87 129
1408 87 134
1409 87 140
1410 87 141
1411 87 142
1412 87 151
1413 87 155
1414 87 156
1415 87 164
1416 87 212
1417 88 143
1418 88 181
1419 88 205
1420 89 93
1421 89 94
1422 89 102
1423 89 105
1424 89 107
1425 89 122
1426 89 126
1427 89 135
1428 89 145
1429 89 150
1430 89 158
1431 89 160
1432 89 161
1433 89 167
1434 89 185
1435 89 186
1436 89 189
1437 89 194
1438 89 197
1439 89 200
1440 89 202
1441 89 204
1442 91 179
1443 92 97
1444 92 98
1445 92 106
1446 92 115
1447 92 119
1448 92 121
1449 92 139
1450 92 159
1451 92 166
1452 92 169
1453 92 170
1454 92 178
1455 92 181
1456 92 182
1457 92 184
1458 92 195
1459 92 203
1460 92 211
1461 92 213
1462 93 94
1463 93 102
1464 93 105
1465 93 107
1466 93 122
1467 93 126
1468 93 135
1469 93 137
1470 93 145
1471 93 150
1472 93 158
1473 93 160
1474 93 161
1475 93 167
1476 93 185
1477 93 186
1478 93 189
1479 93 194
1480 93 197
1481 93 200
1482 93 202
1483 93 204
1484 94 102
1485 94 105
1486 94 107
1487 94 122
1488 94 126
1489 94 135
1490 94 145
1491 94 150
1492 94 158
1493 94 160
1494 94 167
1495 94 185
1496 94 186
1497 94 189
1498 94 194
1499 94 197
1500 94 200
1501 94 202
1502 94 204
1503 96 180
1504 96 181
1505 97 98
1506 97 106
1507 97 108
1508 97 115
1509 97 119
1510 97 121
1511 97 139
1512 97 143
1513 97 159
1514 97 166
1515 97 169
1516 97 170
1517 97 177
1518 97 178
1519 97 181
1520 97 182
1521 97 184
1522 97 195
1523 97 203
1524 97 205
1525 97 209
1526 97 213
1527 98 106
1528 98 115
1529 98 119
1530 98 121
1531 98 139
1532 98 159
1533 98 169
1534 98 170
1535 98 178
1536 98 181
1537 98 182
1538 98 184
1539 98 195
1540 98 203
1541 98 205
1542 98 211
1543 98 213
1544 99 103
1545 99 113
1546 99 120
1547 99 128
1548 99 153
1549 99 154
1550 99 191
1551 100 163
1552 101 196
1553 102 105
1554 102 107
1555 102 122
1556 102 126
1557 102 135
1558 102 145
1559 102 158
1560 102 160
1561 102 167
1562 102 185
1563 102 186
1564 102 194
1565 102 197
1566 102 200
1567 102 204
1568 103 113
1569 103 120
1570 103 128
1571 103 149
1572 103 153
1573 103 162
1574 103 191
1575 104 131
1576 105 107
1577 105 122
1578 105 126
1579 105 135
1580 105 145
1581 105 150
1582 105 158
1583 105 160
1584 105 167
1585 105 185
1586 105 186
1587 105 189
1588 105 194
1589 105 197
1590 105 200
1591 105 202
1592 105 204
1593 106 108
1594 106 115
1595 106 119
1596 106 121
1597 106 139
1598 106 143
1599 106 159
1600 106 166
1601 106 169
1602 106 170
1603 106 178
1604 106 181
1605 106 182
1606 106 184
1607 106 195
1608 106 203
1609 106 205
1610 106 209
1611 106 211
1612 106 213
1613 107 135
1614 107 137
1615 107 145
1616 107 158
1617 107 160
1618 107 185
1619 107 186
1620 107 189
1621 107 194
1622 107 197
1623 107 200
1624 107 204
1625 108 143
1626 108 159
1627 108 181
1628 108 184
1629 108 195
1630 108 209
1631 110 210
1632 113 120
1633 113 128
1634 113 153
1635 113 162
1636 113 191
1637 114 123
1638 114 138
1639 114 148
1640 114 199
1641 115 119
1642 115 121
1643 115 139
1644 115 143
1645 115 159
1646 115 166
1647 115 169
1648 115 170
1649 115 178
1650 115 181
1651 115 182
1652 115 184
1653 115 195
1654 115 203
1655 115 205
1656 115 211
1657 115 213
1658 116 144
1659 116 153
1660 116 191
1661 116 198
1662 117 157
1663 118 124
1664 118 127
1665 118 129
1666 118 134
1667 118 140
1668 118 141
1669 118 142
1670 118 151
1671 118 155
1672 118 156
1673 118 164
1674 118 173
1675 118 183
1676 118 190
1677 118 212
1678 119 121
1679 119 139
1680 119 159
1681 119 166
1682 119 169
1683 119 170
1684 119 178
1685 119 181
1686 119 182
1687 119 184
1688 119 195
1689 119 203
1690 119 211
1691 119 213
1692 120 128
1693 120 153
1694 121 139
1695 121 143
1696 121 159
1697 121 166
1698 121 168
1699 121 169
1700 121 170
1701 121 177
1702 121 178
1703 121 181
1704 121 182
1705 121 184
1706 121 195
1707 121 203
1708 121 205
1709 121 211
1710 121 213
1711 122 126
1712 122 135
1713 122 145
1714 122 150
1715 122 158
1716 122 160
1717 122 161
1718 122 167
1719 122 174
1720 122 185
1721 122 186
1722 122 189
1723 122 194
1724 122 197
1725 122 200
1726 122 202
1727 122 204
1728 123 138
1729 123 148
1730 123 199
1731 124 127
1732 124 129
1733 124 134
1734 124 140
1735 124 141
1736 124 142
1737 124 151
1738 124 155
1739 124 156
1740 124 164
1741 124 173
1742 124 181
1743 124 183
1744 124 190
1745 124 212
1746 126 135
1747 126 145
1748 126 150
1749 126 158
1750 126 160
1751 126 167
1752 126 185
1753 126 186
1754 126 189
1755 126 194
1756 126 197
1757 126 200
1758 126 204
1759 127 129
1760 127 134
1761 127 140
1762 127 141
1763 127 142
1764 127 151
1765 127 155
1766 127 156
1767 127 164
1768 127 190
1769 127 212
1770 128 149
1771 128 153
1772 128 154
1773 128 162
1774 128 191
1775 129 134
1776 129 140
1777 129 141
1778 129 142
1779 129 151
1780 129 155
1781 129 156
1782 129 164
1783 129 173
1784 129 190
1785 129 212
1786 130 193
1787 134 140
1788 134 141
1789 134 142
1790 134 151
1791 134 155
1792 134 156
1793 134 164
1794 134 190
1795 134 212
1796 135 145
1797 135 150
1798 135 158
1799 135 160
1800 135 167
1801 135 185
1802 135 186
1803 135 189
1804 135 194
1805 135 197
1806 135 200
1807 135 202
1808 135 204
1809 135 208
1810 136 191
1811 137 145
1812 137 158
1813 137 160
1814 137 186
1815 137 194
1816 137 200
1817 137 204
1818 138 148
1819 138 199
1820 139 159
1821 139 166
1822 139 169
1823 139 170
1824 139 178
1825 139 181
1826 139 182
1827 139 184
1828 139 195
1829 139 203
1830 139 211
1831 139 213
1832 140 141
1833 140 142
1834 140 151
1835 140 155
1836 140 156
1837 140 164
1838 140 190
1839 140 212
1840 141 142
1841 141 151
1842 141 155
1843 141 156
1844 141 164
1845 141 190
1846 141 212
1847 142 151
1848 142 155
1849 142 156
1850 142 164
1851 142 173
1852 142 183
1853 142 190
1854 142 212
1855 143 159
1856 143 170
1857 143 178
1858 143 181
1859 143 182
1860 143 184
1861 143 195
1862 143 203
1863 143 205
1864 143 209
1865 144 198
1866 145 150
1867 145 158
1868 145 160
1869 145 167
1870 145 185
1871 145 186
1872 145 187
1873 145 189
1874 145 194
1875 145 197
1876 145 200
1877 145 202
1878 145 204
1879 148 199
1880 149 153
1881 149 162
1882 149 191
1883 150 158
1884 150 160
1885 150 161
1886 150 167
1887 150 185
1888 150 189
1889 150 194
1890 150 197
1891 150 204
1892 150 208
1893 151 155
1894 151 156
1895 151 164
1896 151 173
1897 151 183
1898 151 190
1899 151 212
1900 153 154
1901 153 162
1902 153 191
1903 154 191
1904 155 156
1905 155 164
1906 155 173
1907 155 183
1908 155 190
1909 155 212
1910 156 164
1911 156 173
1912 156 183
1913 156 190
1914 156 212
1915 158 160
1916 158 167
1917 158 185
1918 158 186
1919 158 187
1920 158 189
1921 158 194
1922 158 197
1923 158 200
1924 158 202
1925 158 204
1926 159 166
1927 159 169
1928 159 170
1929 159 178
1930 159 181
1931 159 182
1932 159 184
1933 159 195
1934 159 203
1935 159 205
1936 159 209
1937 159 211
1938 159 213
1939 160 167
1940 160 185
1941 160 186
1942 160 187
1943 160 189
1944 160 194
1945 160 197
1946 160 200
1947 160 202
1948 160 204
1949 161 167
1950 161 174
1951 164 190
1952 164 212
1953 166 169
1954 166 170
1955 166 178
1956 166 181
1957 166 182
1958 166 184
1959 166 195
1960 166 203
1961 166 213
1962 167 185
1963 167 186
1964 167 189
1965 167 194
1966 167 197
1967 167 200
1968 167 202
1969 167 204
1970 167 208
1971 168 182
1972 168 203
1973 168 211
1974 169 170
1975 169 178
1976 169 181
1977 169 182
1978 169 184
1979 169 195
1980 169 203
1981 169 205
1982 169 211
1983 169 213
1984 170 178
1985 170 181
1986 170 182
1987 170 184
1988 170 195
1989 170 203
1990 170 205
1991 170 211
1992 170 213
1993 173 183
1994 173 190
1995 173 212
1996 177 181
1997 177 195
1998 178 181
1999 178 182
2000 178 184
2001 178 195
2002 178 203
2003 178 205
2004 178 211
2005 178 213
2006 181 182
2007 181 184
2008 181 190
2009 181 195
2010 181 203
2011 181 205
2012 181 209
2013 181 211
2014 181 212
2015 181 213
2016 182 184
2017 182 195
2018 182 203
2019 182 211
2020 182 213
2021 183 190
2022 183 212
2023 184 195
2024 184 203
2025 184 205
2026 184 209
2027 184 211
2028 184 213
2029 185 186
2030 185 189
2031 185 194
2032 185 197
2033 185 200
2034 185 204
2035 186 187
2036 186 189
2037 186 194
2038 186 197
2039 186 200
2040 186 202
2041 186 204
2042 187 200
2043 187 204
2044 188 210
2045 189 194
2046 189 197
2047 189 200
2048 189 204
2049 190 212
2050 194 197
2051 194 200
2052 194 202
2053 194 204
2054 195 203
2055 195 205
2056 195 209
2057 195 211
2058 195 213
2059 197 200
2060 197 202
2061 197 204
2062 200 202
2063 200 204
2064 202 204
2065 202 214
2066 203 205
2067 203 211
2068 203 213
2069 205 213
2070 211 213
