1 1 5
2 1 19
3 1 23
4 1 25
5 1 27
6 1 30
7 1 38
8 1 39
9 1 42
10 1 44
11 1 46
12 1 47
13 1 48
14 1 49
15 1 51
16 1 52
17 1 53
18 1 54
19 1 55
20 1 60
21 1 64
22 1 66
23 1 67
24 1 68
25 1 70
26 1 71
27 1 72
28 1 73
29 1 77
30 1 82
31 1 88
32 1 92
33 1 95
34 1 96
35 1 97
36 1 98
37 1 100
38 1 106
39 1 108
40 1 115
41 1 118
42 1 119
43 1 121
44 1 124
45 1 127
46 1 134
47 1 139
48 1 141
49 1 142
50 1 143
51 1 151
52 1 155
53 1 156
54 1 159
55 1 163
56 1 164
57 1 166
58 1 168
59 1 169
60 1 170
61 1 177
62 1 178
63 1 180
64 1 181
65 1 182
66 1 183
67 1 184
68 1 190
69 1 195
70 1 203
71 1 205
72 1 209
73 1 211
74 1 212
75 1 213
76 2 6
77 2 7
78 2 10
79 2 12
80 2 17
81 2 20
82 2 21
83 2 22
84 2 28
85 2 29
86 2 32
87 2 35
88 2 36
89 2 50
90 2 59
91 2 61
92 2 69
93 2 76
94 2 79
95 2 86
96 2 89
97 2 93
98 2 94
99 2 101
100 2 102
101 2 105
102 2 107
103 2 122
104 2 126
105 2 135
106 2 137
107 2 145
108 2 150
109 2 158
110 2 160
111 2 161
112 2 167
113 2 174
114 2 179
115 2 185
116 2 186
117 2 187
118 2 189
119 2 194
120 2 196
121 2 197
122 2 200
123 2 202
124 2 204
125 2 208
126 2 214
127 3 16
128 3 33
129 3 34
130 3 109
131 3 110
132 3 171
133 3 188
134 3 210
135 4 11
136 4 14
137 4 15
138 4 18
139 4 43
140 4 57
141 4 78
142 4 80
143 4 83
144 4 84
145 4 99
146 4 103
147 4 113
148 4 116
149 4 120
150 4 128
151 4 136
152 4 144
153 4 149
154 4 153
155 4 154
156 4 162
157 4 191
158 4 198
159 5 9
160 5 19
161 5 23
162 5 25
163 5 27
164 5 30
165 5 38
166 5 42
167 5 44
168 5 46
169 5 47
170 5 48
171 5 49
172 5 51
173 5 52
174 5 53
175 5 54
176 5 55
177 5 58
178 5 60
179 5 64
180 5 66
181 5 67
182 5 70
183 5 71
184 5 72
185 5 73
186 5 77
187 5 81
188 5 82
189 5 88
190 5 92
191 5 96
192 5 97
193 5 98
194 5 100
195 5 106
196 5 115
197 5 118
198 5 119
199 5 121
200 5 124
201 5 134
202 5 139
203 5 143
204 5 151
205 5 155
206 5 156
207 5 159
208 5 163
209 5 166
210 5 168
211 5 169
212 5 170
213 5 173
214 5 176
215 5 177
216 5 178
217 5 180
218 5 181
219 5 182
220 5 184
221 5 190
222 5 195
223 5 203
224 5 205
225 5 211
226 5 212
227 5 213
228 6 7
229 6 28
230 6 32
231 6 36
232 6 61
233 6 69
234 6 91
235 6 93
236 6 101
237 6 102
238 6 126
239 6 158
240 6 160
241 6 179
242 6 186
243 6 196
244 6 204
245 7 10
246 7 12
247 7 17
248 7 20
249 7 21
250 7 22
251 7 28
252 7 29
253 7 32
254 7 35
255 7 36
256 7 50
257 7 59
258 7 61
259 7 69
260 7 76
261 7 79
262 7 86
263 7 89
264 7 93
265 7 94
266 7 102
267 7 105
268 7 107
269 7 122
270 7 126
271 7 135
272 7 137
273 7 145
274 7 150
275 7 158
276 7 160
277 7 161
278 7 167
279 7 174
280 7 185
281 7 186
282 7 187
283 7 189
284 7 194
285 7 197
286 7 200
287 7 202
288 7 204
289 7 208
290 7 214
291 8 24
292 8 45
293 8 62
294 8 74
295 8 90
296 8 111
297 8 123
298 8 125
299 8 133
300 8 138
301 8 147
302 8 165
303 8 206
304 9 19
305 9 27
306 9 30
307 9 38
308 9 41
309 9 42
310 9 46
311 9 47
312 9 48
313 9 49
314 9 52
315 9 53
316 9 54
317 9 55
318 9 58
319 9 64
320 9 66
321 9 67
322 9 70
323 9 71
324 9 72
325 9 73
326 9 77
327 9 81
328 9 82
329 9 87
330 9 92
331 9 96
332 9 97
333 9 98
334 9 106
335 9 115
336 9 118
337 9 121
338 9 124
339 9 127
340 9 129
341 9 134
342 9 140
343 9 141
344 9 142
345 9 143
346 9 151
347 9 155
348 9 156
349 9 159
350 9 164
351 9 166
352 9 169
353 9 170
354 9 173
355 9 177
356 9 178
357 9 180
358 9 181
359 9 182
360 9 183
361 9 184
362 9 190
363 9 195
364 9 203
365 9 205
366 9 211
367 9 212
368 10 17
369 10 20
370 10 21
371 10 22
372 10 28
373 10 29
374 10 32
375 10 35
376 10 36
377 10 50
378 10 59
379 10 61
380 10 69
381 10 76
382 10 79
383 10 86
384 10 89
385 10 93
386 10 94
387 10 102
388 10 105
389 10 107
390 10 122
391 10 126
392 10 135
393 10 137
394 10 145
395 10 150
396 10 158
397 10 160
398 10 161
399 10 167
400 10 174
401 10 185
402 10 186
403 10 187
404 10 189
405 10 194
406 10 197
407 10 200
408 10 202
409 10 204
410 10 208
411 11 14
412 11 15
413 11 18
414 11 43
415 11 57
416 11 78
417 11 80
418 11 83
419 11 84
420 11 99
421 11 103
422 11 113
423 11 116
424 11 120
425 11 128
426 11 144
427 11 149
428 11 153
429 11 154
430 11 162
431 11 191
432 11 198
433 12 17
434 12 20
435 12 21
436 12 22
437 12 28
438 12 32
439 12 36
440 12 50
441 12 61
442 12 69
443 12 76
444 12 79
445 12 89
446 12 93
447 12 94
448 12 102
449 12 105
450 12 107
451 12 122
452 12 126
453 12 135
454 12 137
455 12 145
456 12 150
457 12 158
458 12 160
459 12 161
460 12 167
461 12 185
462 12 186
463 12 189
464 12 194
465 12 197
466 12 200
467 12 202
468 12 204
469 12 214
470 13 45
471 13 74
472 13 111
473 13 114
474 13 123
475 13 138
476 13 148
477 13 199
478 14 15
479 14 18
480 14 43
481 14 57
482 14 78
483 14 80
484 14 83
485 14 84
486 14 99
487 14 103
488 14 113
489 14 116
490 14 120
491 14 128
492 14 136
493 14 144
494 14 149
495 14 153
496 14 154
497 14 162
498 14 191
499 14 198
500 15 18
501 15 43
502 15 57
503 15 78
504 15 80
505 15 83
506 15 84
507 15 99
508 15 103
509 15 113
510 15 116
511 15 120
512 15 128
513 15 136
514 15 144
515 15 149
516 15 153
517 15 154
518 15 162
519 15 191
520 15 198
521 16 33
522 16 34
523 16 109
524 16 110
525 16 171
526 16 188
527 16 192
528 16 210
529 17 20
530 17 21
531 17 22
532 17 28
533 17 32
534 17 35
535 17 36
536 17 50
537 17 59
538 17 61
539 17 69
540 17 76
541 17 79
542 17 89
543 17 93
544 17 94
545 17 102
546 17 105
547 17 107
548 17 122
549 17 126
550 17 135
551 17 137
552 17 145
553 17 150
554 17 158
555 17 160
556 17 161
557 17 167
558 17 185
559 17 186
560 17 187
561 17 189
562 17 194
563 17 197
564 17 200
565 17 202
566 17 204
567 17 208
568 17 214
569 18 43
570 18 57
571 18 78
572 18 80
573 18 83
574 18 84
575 18 99
576 18 103
577 18 113
578 18 116
579 18 120
580 18 128
581 18 136
582 18 144
583 18 149
584 18 153
585 18 154
586 18 162
587 18 191
588 18 198
589 19 25
590 19 27
591 19 30
592 19 38
593 19 42
594 19 47
595 19 51
596 19 53
597 19 54
598 19 55
599 19 64
600 19 67
601 19 70
602 19 71
603 19 72
604 19 73
605 19 81
606 19 82
607 19 92
608 19 98
609 19 115
610 19 124
611 19 134
612 19 143
613 19 151
614 19 159
615 19 169
616 19 176
617 19 181
618 19 182
619 19 190
620 19 195
621 19 203
622 19 205
623 19 211
624 19 212
625 20 21
626 20 22
627 20 28
628 20 32
629 20 35
630 20 36
631 20 50
632 20 59
633 20 61
634 20 69
635 20 76
636 20 79
637 20 86
638 20 89
639 20 93
640 20 94
641 20 102
642 20 105
643 20 107
644 20 122
645 20 126
646 20 135
647 20 137
648 20 145
649 20 150
650 20 158
651 20 160
652 20 161
653 20 167
654 20 185
655 20 186
656 20 187
657 20 189
658 20 194
659 20 197
660 20 200
661 20 202
662 20 204
663 20 208
664 20 214
665 21 22
666 21 28
667 21 29
668 21 32
669 21 35
670 21 36
671 21 50
672 21 61
673 21 69
674 21 76
675 21 79
676 21 89
677 21 93
678 21 94
679 21 102
680 21 105
681 21 107
682 21 122
683 21 126
684 21 135
685 21 137
686 21 145
687 21 150
688 21 158
689 21 160
690 21 161
691 21 167
692 21 174
693 21 185
694 21 186
695 21 187
696 21 189
697 21 194
698 21 197
699 21 200
700 21 202
701 21 204
702 21 208
703 21 214
704 22 28
705 22 29
706 22 32
707 22 35
708 22 36
709 22 50
710 22 59
711 22 61
712 22 69
713 22 76
714 22 79
715 22 86
716 22 89
717 22 93
718 22 94
719 22 102
720 22 105
721 22 107
722 22 122
723 22 126
724 22 135
725 22 137
726 22 145
727 22 150
728 22 158
729 22 160
730 22 161
731 22 167
732 22 185
733 22 186
734 22 187
735 22 189
736 22 194
737 22 197
738 22 200
739 22 202
740 22 204
741 22 208
742 22 214
743 23 25
744 23 27
745 23 30
746 23 38
747 23 39
748 23 44
749 23 46
750 23 47
751 23 49
752 23 51
753 23 52
754 23 54
755 23 55
756 23 60
757 23 64
758 23 66
759 23 67
760 23 70
761 23 71
762 23 72
763 23 73
764 23 77
765 23 82
766 23 88
767 23 92
768 23 95
769 23 96
770 23 97
771 23 98
772 23 106
773 23 108
774 23 115
775 23 119
776 23 121
777 23 139
778 23 143
779 23 151
780 23 159
781 23 166
782 23 168
783 23 169
784 23 170
785 23 176
786 23 177
787 23 178
788 23 180
789 23 181
790 23 182
791 23 183
792 23 184
793 23 195
794 23 203
795 23 205
796 23 209
797 23 211
798 23 213
799 24 62
800 24 90
801 24 117
802 24 125
803 24 138
804 24 147
805 24 157
806 24 165
807 24 172
808 24 206
809 24 215
810 25 27
811 25 30
812 25 38
813 25 39
814 25 42
815 25 44
816 25 46
817 25 47
818 25 48
819 25 49
820 25 51
821 25 52
822 25 53
823 25 54
824 25 55
825 25 60
826 25 64
827 25 66
828 25 67
829 25 68
830 25 70
831 25 71
832 25 72
833 25 73
834 25 77
835 25 82
836 25 88
837 25 92
838 25 95
839 25 96
840 25 97
841 25 98
842 25 100
843 25 106
844 25 108
845 25 115
846 25 118
847 25 119
848 25 121
849 25 124
850 25 127
851 25 134
852 25 139
853 25 141
854 25 142
855 25 143
856 25 151
857 25 155
858 25 156
859 25 159
860 25 163
861 25 164
862 25 166
863 25 168
864 25 169
865 25 170
866 25 177
867 25 178
868 25 180
869 25 181
870 25 182
871 25 183
872 25 184
873 25 190
874 25 195
875 25 203
876 25 205
877 25 209
878 25 211
879 25 212
880 25 213
881 26 37
882 26 40
883 26 85
884 26 175
885 26 207
886 27 30
887 27 38
888 27 39
889 27 42
890 27 44
891 27 46
892 27 47
893 27 48
894 27 49
895 27 51
896 27 52
897 27 53
898 27 54
899 27 55
900 27 58
901 27 60
902 27 64
903 27 66
904 27 67
905 27 68
906 27 70
907 27 71
908 27 72
909 27 73
910 27 77
911 27 81
912 27 82
913 27 88
914 27 92
915 27 95
916 27 96
917 27 97
918 27 98
919 27 100
920 27 106
921 27 108
922 27 115
923 27 118
924 27 119
925 27 121
926 27 124
927 27 127
928 27 129
929 27 131
930 27 134
931 27 139
932 27 141
933 27 142
934 27 143
935 27 151
936 27 155
937 27 156
938 27 159
939 27 163
940 27 164
941 27 166
942 27 168
943 27 169
944 27 170
945 27 173
946 27 176
947 27 177
948 27 178
949 27 180
950 27 181
951 27 182
952 27 183
953 27 184
954 27 190
955 27 195
956 27 203
957 27 205
958 27 209
959 27 211
960 27 212
961 27 213
962 28 29
963 28 32
964 28 35
965 28 36
966 28 50
967 28 59
968 28 61
969 28 69
970 28 76
971 28 79
972 28 86
973 28 89
974 28 91
975 28 93
976 28 94
977 28 102
978 28 105
979 28 107
980 28 122
981 28 126
982 28 135
983 28 137
984 28 145
985 28 150
986 28 158
987 28 160
988 28 161
989 28 167
990 28 174
991 28 179
992 28 185
993 28 186
994 28 187
995 28 189
996 28 194
997 28 197
998 28 200
999 28 202
1000 28 204
1001 28 208
1002 28 214
1003 29 32
1004 29 35
1005 29 36
1006 29 50
1007 29 59
1008 29 61
1009 29 69
1010 29 76
1011 29 79
1012 29 86
1013 29 89
1014 29 93
1015 29 94
1016 29 102
1017 29 105
1018 29 107
1019 29 122
1020 29 126
1021 29 135
1022 29 137
1023 29 145
1024 29 150
1025 29 158
1026 29 160
1027 29 161
1028 29 167
1029 29 174
1030 29 185
1031 29 186
1032 29 187
1033 29 189
1034 29 194
1035 29 197
1036 29 200
1037 29 202
1038 29 204
1039 29 208
1040 30 38
1041 30 39
1042 30 42
1043 30 44
1044 30 46
1045 30 47
1046 30 48
1047 30 49
1048 30 51
1049 30 52
1050 30 53
1051 30 54
1052 30 55
1053 30 60
1054 30 63
1055 30 64
1056 30 66
1057 30 67
1058 30 68
1059 30 70
1060 30 71
1061 30 72
1062 30 73
1063 30 77
1064 30 81
1065 30 82
1066 30 88
1067 30 92
1068 30 95
1069 30 96
1070 30 97
1071 30 98
1072 30 100
1073 30 106
1074 30 108
1075 30 115
1076 30 118
1077 30 119
1078 30 121
1079 30 124
1080 30 131
1081 30 134
1082 30 139
1083 30 141
1084 30 142
1085 30 143
1086 30 151
1087 30 155
1088 30 156
1089 30 159
1090 30 163
1091 30 166
1092 30 168
1093 30 169
1094 30 170
1095 30 176
1096 30 177
1097 30 178
1098 30 180
1099 30 181
1100 30 182
1101 30 183
1102 30 184
1103 30 190
1104 30 195
1105 30 203
1106 30 205
1107 30 209
1108 30 211
1109 30 212
1110 30 213
1111 31 37
1112 31 132
1113 31 146
1114 31 193
1115 31 201
1116 32 35
1117 32 36
1118 32 50
1119 32 59
1120 32 61
1121 32 69
1122 32 76
1123 32 79
1124 32 86
1125 32 89
1126 32 91
1127 32 93
1128 32 94
1129 32 102
1130 32 105
1131 32 107
1132 32 122
1133 32 126
1134 32 135
1135 32 137
1136 32 145
1137 32 150
1138 32 158
1139 32 160
1140 32 161
1141 32 167
1142 32 174
1143 32 185
1144 32 186
1145 32 187
1146 32 189
1147 32 194
1148 32 197
1149 32 200
1150 32 202
1151 32 204
1152 32 208
1153 32 214
1154 33 34
1155 33 109
1156 33 110
1157 33 171
1158 33 188
1159 33 210
1160 34 40
1161 34 109
1162 34 110
1163 34 171
1164 34 188
1165 34 192
1166 34 210
1167 35 36
1168 35 50
1169 35 59
1170 35 61
1171 35 69
1172 35 76
1173 35 79
1174 35 86
1175 35 89
1176 35 93
1177 35 94
1178 35 102
1179 35 105
1180 35 107
1181 35 122
1182 35 126
1183 35 135
1184 35 137
1185 35 145
1186 35 150
1187 35 158
1188 35 160
1189 35 161
1190 35 167
1191 35 174
1192 35 185
1193 35 186
1194 35 187
1195 35 189
1196 35 194
1197 35 197
1198 35 200
1199 35 202
1200 35 204
1201 35 208
1202 36 50
1203 36 59
1204 36 61
1205 36 69
1206 36 76
1207 36 79
1208 36 86
1209 36 89
1210 36 91
1211 36 93
1212 36 94
1213 36 102
1214 36 105
1215 36 107
1216 36 122
1217 36 126
1218 36 135
1219 36 137
1220 36 145
1221 36 150
1222 36 158
1223 36 160
1224 36 161
1225 36 167
1226 36 174
1227 36 185
1228 36 186
1229 36 187
1230 36 189
1231 36 194
1232 36 197
1233 36 200
1234 36 202
1235 36 204
1236 36 208
1237 36 214
1238 37 85
1239 37 192
1240 37 193
1241 38 39
1242 38 42
1243 38 44
1244 38 46
1245 38 47
1246 38 48
1247 38 49
1248 38 51
1249 38 52
1250 38 53
1251 38 54
1252 38 55
1253 38 58
1254 38 60
1255 38 64
1256 38 66
1257 38 67
1258 38 68
1259 38 70
1260 38 71
1261 38 72
1262 38 73
1263 38 77
1264 38 81
1265 38 82
1266 38 88
1267 38 92
1268 38 95
1269 38 96
1270 38 97
1271 38 98
1272 38 100
1273 38 106
1274 38 108
1275 38 115
1276 38 118
1277 38 119
1278 38 121
1279 38 124
1280 38 131
1281 38 134
1282 38 139
1283 38 141
1284 38 142
1285 38 143
1286 38 151
1287 38 155
1288 38 156
1289 38 159
1290 38 163
1291 38 166
1292 38 168
1293 38 169
1294 38 170
1295 38 176
1296 38 177
1297 38 178
1298 38 180
1299 38 181
1300 38 182
1301 38 183
1302 38 184
1303 38 190
1304 38 195
1305 38 203
1306 38 205
1307 38 209
1308 38 211
1309 38 212
1310 38 213
1311 39 44
1312 39 46
1313 39 47
1314 39 49
1315 39 51
1316 39 52
1317 39 54
1318 39 55
1319 39 60
1320 39 64
1321 39 66
1322 39 67
1323 39 70
1324 39 71
1325 39 72
1326 39 73
1327 39 77
1328 39 82
1329 39 88
1330 39 92
1331 39 95
1332 39 96
1333 39 97
1334 39 98
1335 39 106
1336 39 108
1337 39 115
1338 39 119
1339 39 121
1340 39 139
1341 39 143
1342 39 159
1343 39 166
1344 39 168
1345 39 169
1346 39 170
1347 39 178
1348 39 181
1349 39 182
1350 39 184
1351 39 195
1352 39 203
1353 39 205
1354 39 209
1355 39 211
1356 39 213
1357 40 175
1358 40 192
1359 40 207
1360 41 42
1361 41 48
1362 41 52
1363 41 53
1364 41 58
1365 41 81
1366 41 82
1367 41 87
1368 41 118
1369 41 124
1370 41 127
1371 41 129
1372 41 134
1373 41 140
1374 41 141
1375 41 142
1376 41 151
1377 41 155
1378 41 156
1379 41 164
1380 41 170
1381 41 173
1382 41 183
1383 41 190
1384 41 212
1385 42 46
1386 42 47
1387 42 48
1388 42 49
1389 42 51
1390 42 52
1391 42 53
1392 42 54
1393 42 55
1394 42 58
1395 42 64
1396 42 67
1397 42 70
1398 42 71
1399 42 72
1400 42 73
1401 42 81
1402 42 82
1403 42 87
1404 42 92
1405 42 97
1406 42 98
1407 42 106
1408 42 115
1409 42 118
1410 42 124
1411 42 127
1412 42 129
1413 42 134
1414 42 139
1415 42 140
1416 42 141
1417 42 142
1418 42 151
1419 42 155
1420 42 156
1421 42 159
1422 42 164
1423 42 168
1424 42 169
1425 42 170
1426 42 173
1427 42 176
1428 42 177
1429 42 178
1430 42 181
1431 42 182
1432 42 183
1433 42 184
1434 42 190
1435 42 195
1436 42 203
1437 42 205
1438 42 212
1439 42 213
1440 43 57
1441 43 78
1442 43 80
1443 43 83
1444 43 84
1445 43 99
1446 43 103
1447 43 113
1448 43 116
1449 43 120
1450 43 128
1451 43 136
1452 43 144
1453 43 149
1454 43 153
1455 43 154
1456 43 162
1457 43 191
1458 43 198
1459 44 46
1460 44 47
1461 44 49
1462 44 51
1463 44 52
1464 44 54
1465 44 55
1466 44 60
1467 44 64
1468 44 66
1469 44 67
1470 44 70
1471 44 71
1472 44 72
1473 44 73
1474 44 77
1475 44 82
1476 44 88
1477 44 92
1478 44 95
1479 44 96
1480 44 97
1481 44 98
1482 44 106
1483 44 108
1484 44 115
1485 44 119
1486 44 121
1487 44 124
1488 44 127
1489 44 139
1490 44 143
1491 44 156
1492 44 159
1493 44 163
1494 44 164
1495 44 166
1496 44 168
1497 44 169
1498 44 170
1499 44 177
1500 44 178
1501 44 180
1502 44 181
1503 44 182
1504 44 184
1505 44 195
1506 44 203
1507 44 205
1508 44 209
1509 44 211
1510 44 212
1511 44 213
1512 45 74
1513 45 90
1514 45 114
1515 45 123
1516 45 138
1517 45 148
1518 45 199
1519 45 206
1520 46 47
1521 46 48
1522 46 49
1523 46 51
1524 46 52
1525 46 53
1526 46 54
1527 46 55
1528 46 58
1529 46 60
1530 46 64
1531 46 66
1532 46 67
1533 46 70
1534 46 71
1535 46 72
1536 46 73
1537 46 77
1538 46 81
1539 46 82
1540 46 88
1541 46 92
1542 46 95
1543 46 96
1544 46 97
1545 46 98
1546 46 100
1547 46 106
1548 46 108
1549 46 115
1550 46 118
1551 46 119
1552 46 121
1553 46 124
1554 46 139
1555 46 142
1556 46 143
1557 46 151
1558 46 155
1559 46 156
1560 46 159
1561 46 163
1562 46 166
1563 46 168
1564 46 169
1565 46 170
1566 46 173
1567 46 176
1568 46 177
1569 46 178
1570 46 180
1571 46 181
1572 46 182
1573 46 184
1574 46 190
1575 46 195
1576 46 203
1577 46 205
1578 46 209
1579 46 211
1580 46 212
1581 46 213
1582 47 48
1583 47 49
1584 47 51
1585 47 52
1586 47 53
1587 47 54
1588 47 55
1589 47 58
1590 47 60
1591 47 64
1592 47 66
1593 47 67
1594 47 70
1595 47 71
1596 47 72
1597 47 73
1598 47 77
1599 47 81
1600 47 82
1601 47 88
1602 47 92
1603 47 95
1604 47 96
1605 47 97
1606 47 98
1607 47 100
1608 47 106
1609 47 108
1610 47 115
1611 47 118
1612 47 119
1613 47 121
1614 47 124
1615 47 127
1616 47 129
1617 47 134
1618 47 139
1619 47 141
1620 47 142
1621 47 143
1622 47 151
1623 47 155
1624 47 156
1625 47 159
1626 47 163
1627 47 164
1628 47 166
1629 47 168
1630 47 169
1631 47 170
1632 47 173
1633 47 176
1634 47 177
1635 47 178
1636 47 180
1637 47 181
1638 47 182
1639 47 183
1640 47 184
1641 47 190
1642 47 195
1643 47 203
1644 47 205
1645 47 209
1646 47 211
1647 47 212
1648 47 213
1649 48 49
1650 48 51
1651 48 52
1652 48 53
1653 48 54
1654 48 55
1655 48 58
1656 48 60
1657 48 64
1658 48 66
1659 48 67
1660 48 70
1661 48 71
1662 48 72
1663 48 73
1664 48 77
1665 48 81
1666 48 82
1667 48 87
1668 48 88
1669 48 92
1670 48 97
1671 48 98
1672 48 106
1673 48 115
1674 48 118
1675 48 121
1676 48 124
1677 48 127
1678 48 129
1679 48 134
1680 48 139
1681 48 140
1682 48 141
1683 48 142
1684 48 151
1685 48 155
1686 48 156
1687 48 159
1688 48 164
1689 48 166
1690 48 169
1691 48 170
1692 48 173
1693 48 177
1694 48 178
1695 48 180
1696 48 181
1697 48 182
1698 48 183
1699 48 184
1700 48 190
1701 48 195
1702 48 203
1703 48 205
1704 48 211
1705 48 212
1706 48 213
1707 49 51
1708 49 52
1709 49 53
1710 49 54
1711 49 55
1712 49 60
1713 49 64
1714 49 66
1715 49 67
1716 49 70
1717 49 71
1718 49 72
1719 49 73
1720 49 77
1721 49 82
1722 49 88
1723 49 92
1724 49 95
1725 49 96
1726 49 97
1727 49 98
1728 49 106
1729 49 108
1730 49 115
1731 49 119
1732 49 121
1733 49 124
1734 49 139
1735 49 142
1736 49 143
1737 49 151
1738 49 159
1739 49 163
1740 49 166
1741 49 168
1742 49 169
1743 49 170
1744 49 177
1745 49 178
1746 49 180
1747 49 181
1748 49 182
1749 49 184
1750 49 190
1751 49 195
1752 49 203
1753 49 205
1754 49 209
1755 49 211
1756 49 212
1757 49 213
1758 50 59
1759 50 61
1760 50 69
1761 50 76
1762 50 79
1763 50 86
1764 50 89
1765 50 93
1766 50 94
1767 50 102
1768 50 105
1769 50 107
1770 50 122
1771 50 126
1772 50 135
1773 50 137
1774 50 145
1775 50 150
1776 50 158
1777 50 160
1778 50 161
1779 50 167
1780 50 174
1781 50 185
1782 50 186
1783 50 187
1784 50 189
1785 50 194
1786 50 197
1787 50 200
1788 50 202
1789 50 204
1790 50 208
1791 50 214
1792 51 52
1793 51 53
1794 51 54
1795 51 55
1796 51 60
1797 51 64
1798 51 66
1799 51 67
1800 51 68
1801 51 70
1802 51 71
1803 51 72
1804 51 73
1805 51 77
1806 51 82
1807 51 88
1808 51 92
1809 51 95
1810 51 96
1811 51 97
1812 51 98
1813 51 100
1814 51 106
1815 51 108
1816 51 115
1817 51 118
1818 51 119
1819 51 121
1820 51 124
1821 51 127
1822 51 134
1823 51 139
1824 51 141
1825 51 142
1826 51 143
1827 51 151
1828 51 155
1829 51 156
1830 51 159
1831 51 163
1832 51 164
1833 51 166
1834 51 168
1835 51 169
1836 51 170
1837 51 177
1838 51 178
1839 51 180
1840 51 181
1841 51 182
1842 51 183
1843 51 184
1844 51 190
1845 51 195
1846 51 203
1847 51 205
1848 51 209
1849 51 211
1850 51 212
1851 51 213
1852 52 53
1853 52 54
1854 52 55
1855 52 58
1856 52 60
1857 52 64
1858 52 66
1859 52 67
1860 52 70
1861 52 71
1862 52 72
1863 52 73
1864 52 77
1865 52 81
1866 52 82
1867 52 87
1868 52 92
1869 52 95
1870 52 96
1871 52 97
1872 52 98
1873 52 100
1874 52 106
1875 52 108
1876 52 115
1877 52 118
1878 52 119
1879 52 121
1880 52 124
1881 52 129
1882 52 134
1883 52 139
1884 52 140
1885 52 141
1886 52 142
1887 52 143
1888 52 151
1889 52 155
1890 52 156
1891 52 159
1892 52 163
1893 52 166
1894 52 168
1895 52 169
1896 52 170
1897 52 173
1898 52 176
1899 52 177
1900 52 178
1901 52 180
1902 52 181
1903 52 182
1904 52 183
1905 52 184
1906 52 190
1907 52 195
1908 52 203
1909 52 205
1910 52 209
1911 52 211
1912 52 212
1913 52 213
1914 53 54
1915 53 55
1916 53 58
1917 53 64
1918 53 67
1919 53 70
1920 53 71
1921 53 72
1922 53 73
1923 53 77
1924 53 81
1925 53 82
1926 53 87
1927 53 92
1928 53 97
1929 53 98
1930 53 106
1931 53 115
1932 53 118
1933 53 119
1934 53 121
1935 53 124
1936 53 127
1937 53 129
1938 53 134
1939 53 139
1940 53 140
1941 53 141
1942 53 142
1943 53 143
1944 53 151
1945 53 155
1946 53 156
1947 53 159
1948 53 164
1949 53 166
1950 53 169
1951 53 170
1952 53 173
1953 53 177
1954 53 178
1955 53 181
1956 53 182
1957 53 183
1958 53 184
1959 53 190
1960 53 195
1961 53 203
1962 53 211
1963 53 212
1964 53 213
1965 54 55
1966 54 58
1967 54 60
1968 54 64
1969 54 66
1970 54 67
1971 54 68
1972 54 70
1973 54 71
1974 54 72
1975 54 73
1976 54 77
1977 54 81
1978 54 82
1979 54 88
1980 54 92
1981 54 95
1982 54 96
1983 54 97
1984 54 98
1985 54 100
1986 54 106
1987 54 108
1988 54 115
1989 54 118
1990 54 119
1991 54 121
1992 54 124
1993 54 134
1994 54 139
1995 54 141
1996 54 142
1997 54 143
1998 54 151
1999 54 155
2000 54 156
2001 54 159
2002 54 163
2003 54 166
2004 54 168
2005 54 169
2006 54 170
2007 54 173
2008 54 176
2009 54 177
2010 54 178
2011 54 180
2012 54 181
2013 54 182
2014 54 183
2015 54 184
2016 54 190
2017 54 195
2018 54 203
2019 54 205
2020 54 209
2021 54 211
2022 54 212
2023 54 213
2024 55 58
2025 55 60
2026 55 64
2027 55 66
2028 55 67
2029 55 68
2030 55 70
2031 55 71
2032 55 72
2033 55 73
2034 55 77
2035 55 81
2036 55 82
2037 55 88
2038 55 92
2039 55 95
2040 55 96
2041 55 97
2042 55 98
2043 55 100
2044 55 106
2045 55 108
2046 55 115
2047 55 118
2048 55 119
2049 55 121
2050 55 124
2051 55 127
2052 55 129
2053 55 134
2054 55 139
2055 55 141
2056 55 142
2057 55 143
2058 55 151
2059 55 155
2060 55 156
2061 55 159
2062 55 163
2063 55 164
2064 55 166
2065 55 168
2066 55 169
2067 55 170
2068 55 173
2069 55 176
2070 55 177
2071 55 178
2072 55 180
2073 55 181
2074 55 182
2075 55 183
2076 55 184
2077 55 190
2078 55 195
2079 55 203
2080 55 205
2081 55 209
2082 55 211
2083 55 212
2084 55 213
2085 56 172
2086 57 78
2087 57 80
2088 57 83
2089 57 84
2090 57 99
2091 57 103
2092 57 113
2093 57 116
2094 57 120
2095 57 128
2096 57 136
2097 57 144
2098 57 149
2099 57 153
2100 57 154
2101 57 162
2102 57 191
2103 57 198
2104 58 60
2105 58 64
2106 58 66
2107 58 67
2108 58 71
2109 58 73
2110 58 81
2111 58 82
2112 58 87
2113 58 88
2114 58 106
2115 58 115
2116 58 118
2117 58 119
2118 58 121
2119 58 124
2120 58 127
2121 58 129
2122 58 134
2123 58 140
2124 58 141
2125 58 142
2126 58 151
2127 58 155
2128 58 156
2129 58 159
2130 58 163
2131 58 164
2132 58 166
2133 58 170
2134 58 173
2135 58 176
2136 58 181
2137 58 182
2138 58 183
2139 58 184
2140 58 190
2141 58 195
2142 58 203
2143 58 205
2144 58 211
2145 58 212
2146 59 61
2147 59 69
2148 59 76
2149 59 79
2150 59 86
2151 59 89
2152 59 93
2153 59 94
2154 59 102
2155 59 105
2156 59 107
2157 59 122
2158 59 126
2159 59 135
2160 59 137
2161 59 145
2162 59 150
2163 59 158
2164 59 160
2165 59 161
2166 59 167
2167 59 174
2168 59 185
2169 59 186
2170 59 187
2171 59 189
2172 59 194
2173 59 197
2174 59 200
2175 59 202
2176 59 204
2177 59 208
2178 60 64
2179 60 66
2180 60 67
2181 60 70
2182 60 71
2183 60 72
2184 60 73
2185 60 77
2186 60 82
2187 60 88
2188 60 92
2189 60 95
2190 60 97
2191 60 98
2192 60 106
2193 60 108
2194 60 115
2195 60 118
2196 60 119
2197 60 121
2198 60 124
2199 60 139
2200 60 142
2201 60 143
2202 60 151
2203 60 159
2204 60 166
2205 60 168
2206 60 169
2207 60 170
2208 60 177
2209 60 178
2210 60 181
2211 60 182
2212 60 184
2213 60 190
2214 60 195
2215 60 203
2216 60 205
2217 60 209
2218 60 211
2219 60 212
2220 60 213
2221 61 69
2222 61 76
2223 61 79
2224 61 86
2225 61 89
2226 61 93
2227 61 94
2228 61 102
2229 61 105
2230 61 107
2231 61 122
2232 61 126
2233 61 135
2234 61 137
2235 61 145
2236 61 150
2237 61 158
2238 61 160
2239 61 161
2240 61 167
2241 61 174
2242 61 185
2243 61 186
2244 61 187
2245 61 189
2246 61 194
2247 61 197
2248 61 200
2249 61 202
2250 61 204
2251 61 208
2252 61 214
2253 62 74
2254 62 90
2255 62 111
2256 62 123
2257 62 133
2258 62 138
2259 62 147
2260 62 206
2261 63 70
2262 63 72
2263 63 75
2264 63 104
2265 63 131
2266 64 66
2267 64 67
2268 64 70
2269 64 71
2270 64 72
2271 64 73
2272 64 77
2273 64 81
2274 64 82
2275 64 88
2276 64 92
2277 64 95
2278 64 96
2279 64 97
2280 64 98
2281 64 100
2282 64 106
2283 64 108
2284 64 115
2285 64 118
2286 64 119
2287 64 121
2288 64 124
2289 64 127
2290 64 134
2291 64 139
2292 64 142
2293 64 143
2294 64 151
2295 64 155
2296 64 156
2297 64 159
2298 64 163
2299 64 164
2300 64 166
2301 64 168
2302 64 169
2303 64 170
2304 64 173
2305 64 176
2306 64 177
2307 64 178
2308 64 180
2309 64 181
2310 64 182
2311 64 183
2312 64 184
2313 64 190
2314 64 195
2315 64 203
2316 64 205
2317 64 209
2318 64 211
2319 64 212
2320 64 213
2321 66 67
2322 66 70
2323 66 71
2324 66 72
2325 66 73
2326 66 77
2327 66 82
2328 66 88
2329 66 92
2330 66 95
2331 66 96
2332 66 97
2333 66 98
2334 66 106
2335 66 108
2336 66 115
2337 66 118
2338 66 119
2339 66 121
2340 66 124
2341 66 127
2342 66 139
2343 66 143
2344 66 151
2345 66 156
2346 66 159
2347 66 163
2348 66 164
2349 66 166
2350 66 168
2351 66 169
2352 66 170
2353 66 173
2354 66 177
2355 66 178
2356 66 180
2357 66 181
2358 66 182
2359 66 183
2360 66 184
2361 66 190
2362 66 195
2363 66 203
2364 66 205
2365 66 209
2366 66 211
2367 66 212
2368 66 213
2369 67 68
2370 67 70
2371 67 71
2372 67 72
2373 67 73
2374 67 77
2375 67 81
2376 67 82
2377 67 87
2378 67 88
2379 67 92
2380 67 95
2381 67 96
2382 67 97
2383 67 98
2384 67 100
2385 67 106
2386 67 108
2387 67 115
2388 67 118
2389 67 119
2390 67 121
2391 67 124
2392 67 127
2393 67 134
2394 67 139
2395 67 140
2396 67 141
2397 67 142
2398 67 143
2399 67 151
2400 67 156
2401 67 159
2402 67 163
2403 67 164
2404 67 166
2405 67 168
2406 67 169
2407 67 170
2408 67 173
2409 67 176
2410 67 177
2411 67 178
2412 67 180
2413 67 181
2414 67 182
2415 67 183
2416 67 184
2417 67 190
2418 67 195
2419 67 203
2420 67 205
2421 67 209
2422 67 211
2423 67 212
2424 67 213
2425 68 70
2426 68 71
2427 68 72
2428 68 82
2429 68 98
2430 68 139
2431 68 168
2432 68 169
2433 68 181
2434 68 182
2435 68 190
2436 68 203
2437 68 205
2438 68 213
2439 69 76
2440 69 79
2441 69 86
2442 69 89
2443 69 93
2444 69 94
2445 69 102
2446 69 105
2447 69 107
2448 69 122
2449 69 126
2450 69 135
2451 69 137
2452 69 145
2453 69 150
2454 69 158
2455 69 160
2456 69 161
2457 69 167
2458 69 174
2459 69 185
2460 69 186
2461 69 187
2462 69 189
2463 69 194
2464 69 197
2465 69 200
2466 69 202
2467 69 204
2468 69 208
2469 69 214
2470 70 71
2471 70 72
2472 70 73
2473 70 77
2474 70 81
2475 70 82
2476 70 88
2477 70 92
2478 70 95
2479 70 96
2480 70 97
2481 70 98
2482 70 100
2483 70 106
2484 70 108
2485 70 115
2486 70 118
2487 70 119
2488 70 121
2489 70 124
2490 70 131
2491 70 134
2492 70 139
2493 70 141
2494 70 142
2495 70 143
2496 70 151
2497 70 155
2498 70 156
2499 70 159
2500 70 163
2501 70 166
2502 70 168
2503 70 169
2504 70 170
2505 70 176
2506 70 177
2507 70 178
2508 70 180
2509 70 181
2510 70 182
2511 70 183
2512 70 184
2513 70 190
2514 70 195
2515 70 203
2516 70 205
2517 70 209
2518 70 211
2519 70 212
2520 70 213
2521 71 72
2522 71 73
2523 71 77
2524 71 81
2525 71 82
2526 71 87
2527 71 88
2528 71 92
2529 71 95
2530 71 96
2531 71 97
2532 71 98
2533 71 100
2534 71 106
2535 71 108
2536 71 115
2537 71 118
2538 71 119
2539 71 121
2540 71 124
2541 71 127
2542 71 129
2543 71 134
2544 71 139
2545 71 140
2546 71 141
2547 71 142
2548 71 143
2549 71 151
2550 71 155
2551 71 156
2552 71 159
2553 71 163
2554 71 164
2555 71 166
2556 71 168
2557 71 169
2558 71 170
2559 71 173
2560 71 176
2561 71 177
2562 71 178
2563 71 180
2564 71 181
2565 71 182
2566 71 183
2567 71 184
2568 71 190
2569 71 195
2570 71 203
2571 71 205
2572 71 209
2573 71 211
2574 71 212
2575 71 213
2576 72 73
2577 72 77
2578 72 81
2579 72 82
2580 72 88
2581 72 92
2582 72 95
2583 72 96
2584 72 97
2585 72 98
2586 72 100
2587 72 106
2588 72 108
2589 72 115
2590 72 118
2591 72 119
2592 72 121
2593 72 124
2594 72 131
2595 72 134
2596 72 139
2597 72 141
2598 72 142
2599 72 143
2600 72 151
2601 72 155
2602 72 156
2603 72 159
2604 72 163
2605 72 166
2606 72 168
2607 72 169
2608 72 170
2609 72 176
2610 72 177
2611 72 178
2612 72 180
2613 72 181
2614 72 182
2615 72 183
2616 72 184
2617 72 190
2618 72 195
2619 72 203
2620 72 205
2621 72 209
2622 72 211
2623 72 212
2624 72 213
2625 73 77
2626 73 81
2627 73 82
2628 73 88
2629 73 92
2630 73 95
2631 73 96
2632 73 97
2633 73 98
2634 73 100
2635 73 106
2636 73 108
2637 73 115
2638 73 118
2639 73 119
2640 73 121
2641 73 124
2642 73 139
2643 73 141
2644 73 142
2645 73 143
2646 73 151
2647 73 155
2648 73 156
2649 73 159
2650 73 163
2651 73 166
2652 73 168
2653 73 169
2654 73 170
2655 73 173
2656 73 176
2657 73 177
2658 73 178
2659 73 180
2660 73 181
2661 73 182
2662 73 184
2663 73 190
2664 73 195
2665 73 203
2666 73 205
2667 73 209
2668 73 211
2669 73 212
2670 73 213
2671 74 90
2672 74 111
2673 74 114
2674 74 123
2675 74 138
2676 74 148
2677 74 199
2678 74 206
2679 75 104
2680 75 131
2681 76 79
2682 76 86
2683 76 89
2684 76 93
2685 76 94
2686 76 102
2687 76 105
2688 76 107
2689 76 122
2690 76 126
2691 76 135
2692 76 137
2693 76 145
2694 76 150
2695 76 158
2696 76 160
2697 76 161
2698 76 167
2699 76 174
2700 76 185
2701 76 186
2702 76 187
2703 76 189
2704 76 194
2705 76 197
2706 76 200
2707 76 202
2708 76 204
2709 76 208
2710 76 214
2711 77 82
2712 77 88
2713 77 92
2714 77 95
2715 77 96
2716 77 97
2717 77 98
2718 77 100
2719 77 106
2720 77 108
2721 77 115
2722 77 118
2723 77 119
2724 77 121
2725 77 124
2726 77 139
2727 77 142
2728 77 143
2729 77 151
2730 77 155
2731 77 156
2732 77 159
2733 77 163
2734 77 166
2735 77 168
2736 77 169
2737 77 170
2738 77 177
2739 77 178
2740 77 180
2741 77 181
2742 77 182
2743 77 183
2744 77 184
2745 77 190
2746 77 195
2747 77 203
2748 77 205
2749 77 209
2750 77 211
2751 77 212
2752 77 213
2753 78 80
2754 78 83
2755 78 84
2756 78 99
2757 78 103
2758 78 113
2759 78 116
2760 78 120
2761 78 128
2762 78 136
2763 78 144
2764 78 149
2765 78 153
2766 78 154
2767 78 162
2768 78 191
2769 78 198
2770 79 86
2771 79 89
2772 79 93
2773 79 94
2774 79 102
2775 79 105
2776 79 107
2777 79 122
2778 79 126
2779 79 135
2780 79 137
2781 79 145
2782 79 150
2783 79 158
2784 79 160
2785 79 161
2786 79 167
2787 79 174
2788 79 185
2789 79 186
2790 79 187
2791 79 189
2792 79 194
2793 79 197
2794 79 200
2795 79 202
2796 79 204
2797 79 208
2798 79 214
2799 80 83
2800 80 84
2801 80 99
2802 80 103
2803 80 113
2804 80 116
2805 80 120
2806 80 128
2807 80 136
2808 80 144
2809 80 149
2810 80 153
2811 80 154
2812 80 162
2813 80 191
2814 80 198
2815 81 82
2816 81 87
2817 81 92
2818 81 96
2819 81 97
2820 81 98
2821 81 106
2822 81 115
2823 81 118
2824 81 124
2825 81 127
2826 81 129
2827 81 134
2828 81 140
2829 81 141
2830 81 142
2831 81 151
2832 81 155
2833 81 156
2834 81 159
2835 81 164
2836 81 166
2837 81 169
2838 81 170
2839 81 173
2840 81 178
2841 81 181
2842 81 182
2843 81 183
2844 81 184
2845 81 190
2846 81 195
2847 81 203
2848 81 205
2849 81 212
2850 82 87
2851 82 88
2852 82 92
2853 82 95
2854 82 96
2855 82 97
2856 82 98
2857 82 100
2858 82 106
2859 82 108
2860 82 115
2861 82 118
2862 82 119
2863 82 121
2864 82 124
2865 82 127
2866 82 129
2867 82 134
2868 82 139
2869 82 140
2870 82 141
2871 82 142
2872 82 143
2873 82 151
2874 82 155
2875 82 156
2876 82 159
2877 82 163
2878 82 164
2879 82 166
2880 82 168
2881 82 169
2882 82 170
2883 82 173
2884 82 176
2885 82 177
2886 82 178
2887 82 180
2888 82 181
2889 82 182
2890 82 183
2891 82 184
2892 82 190
2893 82 195
2894 82 203
2895 82 205
2896 82 209
2897 82 211
2898 82 212
2899 82 213
2900 83 84
2901 83 99
2902 83 103
2903 83 113
2904 83 116
2905 83 120
2906 83 128
2907 83 136
2908 83 144
2909 83 149
2910 83 153
2911 83 154
2912 83 162
2913 83 191
2914 83 198
2915 84 99
2916 84 103
2917 84 113
2918 84 116
2919 84 120
2920 84 128
2921 84 136
2922 84 144
2923 84 149
2924 84 153
2925 84 154
2926 84 162
2927 84 191
2928 84 198
2929 86 89
2930 86 93
2931 86 94
2932 86 102
2933 86 105
2934 86 107
2935 86 122
2936 86 126
2937 86 135
2938 86 137
2939 86 145
2940 86 150
2941 86 158
2942 86 160
2943 86 161
2944 86 167
2945 86 174
2946 86 185
2947 86 186
2948 86 187
2949 86 189
2950 86 194
2951 86 197
2952 86 200
2953 86 204
2954 86 208
2955 87 118
2956 87 124
2957 87 127
2958 87 129
2959 87 134
2960 87 140
2961 87 141
2962 87 142
2963 87 151
2964 87 155
2965 87 156
2966 87 164
2967 87 170
2968 87 173
2969 87 181
2970 87 182
2971 87 183
2972 87 190
2973 87 212
2974 88 92
2975 88 95
2976 88 96
2977 88 97
2978 88 98
2979 88 100
2980 88 106
2981 88 108
2982 88 115
2983 88 119
2984 88 121
2985 88 127
2986 88 139
2987 88 142
2988 88 143
2989 88 151
2990 88 156
2991 88 159
2992 88 163
2993 88 164
2994 88 166
2995 88 168
2996 88 169
2997 88 170
2998 88 177
2999 88 178
3000 88 180
3001 88 181
3002 88 182
3003 88 184
3004 88 195
3005 88 203
3006 88 205
3007 88 209
3008 88 211
3009 88 212
3010 88 213
3011 89 93
3012 89 94
3013 89 102
3014 89 105
3015 89 107
3016 89 122
3017 89 126
3018 89 135
3019 89 137
3020 89 145
3021 89 150
3022 89 158
3023 89 160
3024 89 161
3025 89 167
3026 89 174
3027 89 185
3028 89 186
3029 89 187
3030 89 189
3031 89 194
3032 89 197
3033 89 200
3034 89 202
3035 89 204
3036 89 208
3037 89 214
3038 90 114
3039 90 117
3040 90 123
3041 90 125
3042 90 133
3043 90 138
3044 90 147
3045 90 165
3046 90 206
3047 91 101
3048 91 158
3049 91 160
3050 91 179
3051 91 196
3052 91 204
3053 92 95
3054 92 96
3055 92 97
3056 92 98
3057 92 106
3058 92 108
3059 92 115
3060 92 118
3061 92 119
3062 92 121
3063 92 124
3064 92 127
3065 92 139
3066 92 141
3067 92 143
3068 92 151
3069 92 155
3070 92 156
3071 92 159
3072 92 163
3073 92 164
3074 92 166
3075 92 168
3076 92 169
3077 92 170
3078 92 177
3079 92 178
3080 92 180
3081 92 181
3082 92 182
3083 92 183
3084 92 184
3085 92 190
3086 92 195
3087 92 203
3088 92 205
3089 92 209
3090 92 211
3091 92 212
3092 92 213
3093 93 94
3094 93 102
3095 93 105
3096 93 107
3097 93 122
3098 93 126
3099 93 135
3100 93 137
3101 93 145
3102 93 150
3103 93 158
3104 93 160
3105 93 161
3106 93 167
3107 93 174
3108 93 179
3109 93 185
3110 93 186
3111 93 187
3112 93 189
3113 93 194
3114 93 197
3115 93 200
3116 93 202
3117 93 204
3118 93 208
3119 93 214
3120 94 102
3121 94 105
3122 94 107
3123 94 122
3124 94 126
3125 94 135
3126 94 137
3127 94 145
3128 94 150
3129 94 158
3130 94 160
3131 94 161
3132 94 167
3133 94 174
3134 94 185
3135 94 186
3136 94 189
3137 94 194
3138 94 197
3139 94 200
3140 94 202
3141 94 204
3142 94 208
3143 94 214
3144 95 96
3145 95 97
3146 95 98
3147 95 106
3148 95 108
3149 95 115
3150 95 119
3151 95 121
3152 95 124
3153 95 139
3154 95 143
3155 95 151
3156 95 159
3157 95 166
3158 95 168
3159 95 169
3160 95 170
3161 95 177
3162 95 178
3163 95 181
3164 95 182
3165 95 184
3166 95 195
3167 95 203
3168 95 205
3169 95 209
3170 95 211
3171 95 213
3172 96 97
3173 96 98
3174 96 106
3175 96 108
3176 96 115
3177 96 118
3178 96 119
3179 96 121
3180 96 124
3181 96 139
3182 96 143
3183 96 151
3184 96 156
3185 96 159
3186 96 163
3187 96 166
3188 96 168
3189 96 169
3190 96 170
3191 96 177
3192 96 178
3193 96 180
3194 96 181
3195 96 182
3196 96 184
3197 96 190
3198 96 195
3199 96 203
3200 96 205
3201 96 209
3202 96 211
3203 96 212
3204 96 213
3205 97 98
3206 97 100
3207 97 106
3208 97 108
3209 97 115
3210 97 118
3211 97 119
3212 97 121
3213 97 124
3214 97 134
3215 97 139
3216 97 140
3217 97 142
3218 97 143
3219 97 151
3220 97 155
3221 97 156
3222 97 159
3223 97 163
3224 97 166
3225 97 168
3226 97 169
3227 97 170
3228 97 173
3229 97 177
3230 97 178
3231 97 180
3232 97 181
3233 97 182
3234 97 183
3235 97 184
3236 97 190
3237 97 195
3238 97 203
3239 97 205
3240 97 209
3241 97 211
3242 97 212
3243 97 213
3244 98 100
3245 98 106
3246 98 108
3247 98 115
3248 98 118
3249 98 119
3250 98 121
3251 98 124
3252 98 134
3253 98 139
3254 98 140
3255 98 141
3256 98 142
3257 98 143
3258 98 151
3259 98 155
3260 98 156
3261 98 159
3262 98 163
3263 98 166
3264 98 168
3265 98 169
3266 98 170
3267 98 176
3268 98 177
3269 98 178
3270 98 180
3271 98 181
3272 98 182
3273 98 183
3274 98 184
3275 98 190
3276 98 195
3277 98 203
3278 98 205
3279 98 209
3280 98 211
3281 98 212
3282 98 213
3283 99 103
3284 99 113
3285 99 116
3286 99 120
3287 99 128
3288 99 136
3289 99 144
3290 99 149
3291 99 153
3292 99 154
3293 99 162
3294 99 191
3295 99 198
3296 100 106
3297 100 115
3298 100 139
3299 100 143
3300 100 151
3301 100 159
3302 100 163
3303 100 166
3304 100 168
3305 100 169
3306 100 170
3307 100 176
3308 100 177
3309 100 181
3310 100 182
3311 100 184
3312 100 195
3313 100 205
3314 100 212
3315 100 213
3316 101 179
3317 101 196
3318 102 105
3319 102 107
3320 102 122
3321 102 126
3322 102 135
3323 102 137
3324 102 145
3325 102 150
3326 102 158
3327 102 160
3328 102 161
3329 102 167
3330 102 174
3331 102 185
3332 102 186
3333 102 187
3334 102 189
3335 102 194
3336 102 197
3337 102 200
3338 102 202
3339 102 204
3340 102 208
3341 102 214
3342 103 113
3343 103 116
3344 103 120
3345 103 128
3346 103 136
3347 103 144
3348 103 149
3349 103 153
3350 103 154
3351 103 162
3352 103 191
3353 103 198
3354 104 131
3355 105 107
3356 105 122
3357 105 126
3358 105 135
3359 105 137
3360 105 145
3361 105 150
3362 105 158
3363 105 160
3364 105 161
3365 105 167
3366 105 174
3367 105 185
3368 105 186
3369 105 187
3370 105 189
3371 105 194
3372 105 197
3373 105 200
3374 105 202
3375 105 204
3376 105 208
3377 105 214
3378 106 108
3379 106 115
3380 106 118
3381 106 119
3382 106 121
3383 106 124
3384 106 127
3385 106 139
3386 106 142
3387 106 143
3388 106 151
3389 106 155
3390 106 156
3391 106 159
3392 106 163
3393 106 164
3394 106 166
3395 106 168
3396 106 169
3397 106 170
3398 106 173
3399 106 177
3400 106 178
3401 106 180
3402 106 181
3403 106 182
3404 106 183
3405 106 184
3406 106 190
3407 106 195
3408 106 203
3409 106 205
3410 106 209
3411 106 211
3412 106 212
3413 106 213
3414 107 122
3415 107 126
3416 107 135
3417 107 137
3418 107 145
3419 107 150
3420 107 158
3421 107 160
3422 107 161
3423 107 167
3424 107 174
3425 107 185
3426 107 186
3427 107 187
3428 107 189
3429 107 194
3430 107 197
3431 107 200
3432 107 202
3433 107 204
3434 107 208
3435 107 214
3436 108 115
3437 108 118
3438 108 119
3439 108 121
3440 108 124
3441 108 139
3442 108 143
3443 108 151
3444 108 159
3445 108 163
3446 108 166
3447 108 168
3448 108 169
3449 108 170
3450 108 177
3451 108 178
3452 108 180
3453 108 181
3454 108 182
3455 108 184
3456 108 190
3457 108 195
3458 108 203
3459 108 205
3460 108 209
3461 108 211
3462 108 212
3463 108 213
3464 109 110
3465 109 171
3466 109 188
3467 109 210
3468 110 171
3469 110 188
3470 110 210
3471 111 114
3472 111 123
3473 111 138
3474 111 147
3475 111 148
3476 111 165
3477 111 199
3478 111 206
3479 113 116
3480 113 120
3481 113 128
3482 113 136
3483 113 144
3484 113 149
3485 113 153
3486 113 154
3487 113 162
3488 113 191
3489 113 198
3490 114 123
3491 114 138
3492 114 148
3493 114 199
3494 114 206
3495 115 118
3496 115 119
3497 115 121
3498 115 124
3499 115 127
3500 115 129
3501 115 134
3502 115 139
3503 115 140
3504 115 141
3505 115 142
3506 115 143
3507 115 151
3508 115 155
3509 115 156
3510 115 159
3511 115 163
3512 115 164
3513 115 166
3514 115 168
3515 115 169
3516 115 170
3517 115 173
3518 115 176
3519 115 177
3520 115 178
3521 115 180
3522 115 181
3523 115 182
3524 115 183
3525 115 184
3526 115 190
3527 115 195
3528 115 203
3529 115 205
3530 115 209
3531 115 211
3532 115 212
3533 115 213
3534 116 120
3535 116 128
3536 116 136
3537 116 144
3538 116 149
3539 116 153
3540 116 154
3541 116 162
3542 116 191
3543 116 198
3544 117 125
3545 117 157
3546 117 165
3547 117 172
3548 117 206
3549 118 119
3550 118 121
3551 118 124
3552 118 127
3553 118 129
3554 118 134
3555 118 139
3556 118 140
3557 118 141
3558 118 142
3559 118 143
3560 118 151
3561 118 155
3562 118 156
3563 118 159
3564 118 163
3565 118 164
3566 118 166
3567 118 169
3568 118 170
3569 118 173
3570 118 176
3571 118 177
3572 118 178
3573 118 180
3574 118 181
3575 118 182
3576 118 183
3577 118 184
3578 118 190
3579 118 195
3580 118 203
3581 118 205
3582 118 209
3583 118 211
3584 118 212
3585 118 213
3586 119 121
3587 119 124
3588 119 139
3589 119 142
3590 119 143
3591 119 151
3592 119 156
3593 119 159
3594 119 163
3595 119 166
3596 119 168
3597 119 169
3598 119 170
3599 119 177
3600 119 178
3601 119 180
3602 119 181
3603 119 182
3604 119 184
3605 119 190
3606 119 195
3607 119 203
3608 119 205
3609 119 209
3610 119 211
3611 119 212
3612 119 213
3613 120 128
3614 120 144
3615 120 149
3616 120 153
3617 120 154
3618 120 162
3619 120 191
3620 120 198
3621 121 124
3622 121 131
3623 121 139
3624 121 141
3625 121 142
3626 121 143
3627 121 151
3628 121 156
3629 121 159
3630 121 163
3631 121 166
3632 121 168
3633 121 169
3634 121 170
3635 121 173
3636 121 177
3637 121 178
3638 121 180
3639 121 181
3640 121 182
3641 121 183
3642 121 184
3643 121 190
3644 121 195
3645 121 203
3646 121 205
3647 121 209
3648 121 211
3649 121 212
3650 121 213
3651 122 126
3652 122 135
3653 122 137
3654 122 145
3655 122 150
3656 122 158
3657 122 160
3658 122 161
3659 122 167
3660 122 174
3661 122 185
3662 122 186
3663 122 187
3664 122 189
3665 122 194
3666 122 196
3667 122 197
3668 122 200
3669 122 202
3670 122 204
3671 122 208
3672 122 214
3673 123 138
3674 123 148
3675 123 199
3676 123 206
3677 124 127
3678 124 129
3679 124 134
3680 124 139
3681 124 140
3682 124 141
3683 124 142
3684 124 143
3685 124 151
3686 124 155
3687 124 156
3688 124 159
3689 124 163
3690 124 164
3691 124 166
3692 124 168
3693 124 169
3694 124 170
3695 124 173
3696 124 176
3697 124 177
3698 124 178
3699 124 181
3700 124 182
3701 124 183
3702 124 184
3703 124 190
3704 124 195
3705 124 203
3706 124 205
3707 124 209
3708 124 211
3709 124 212
3710 124 213
3711 125 138
3712 125 147
3713 125 157
3714 125 206
3715 126 135
3716 126 137
3717 126 145
3718 126 150
3719 126 158
3720 126 160
3721 126 161
3722 126 167
3723 126 174
3724 126 185
3725 126 186
3726 126 187
3727 126 189
3728 126 194
3729 126 197
3730 126 200
3731 126 202
3732 126 204
3733 126 208
3734 126 214
3735 127 129
3736 127 134
3737 127 139
3738 127 140
3739 127 141
3740 127 142
3741 127 143
3742 127 151
3743 127 155
3744 127 156
3745 127 159
3746 127 164
3747 127 168
3748 127 170
3749 127 173
3750 127 178
3751 127 181
3752 127 182
3753 127 183
3754 127 184
3755 127 190
3756 127 195
3757 127 203
3758 127 212
3759 128 136
3760 128 144
3761 128 149
3762 128 153
3763 128 154
3764 128 162
3765 128 191
3766 128 198
3767 129 134
3768 129 140
3769 129 141
3770 129 142
3771 129 151
3772 129 155
3773 129 156
3774 129 164
3775 129 170
3776 129 173
3777 129 178
3778 129 181
3779 129 182
3780 129 183
3781 129 190
3782 129 212
3783 130 193
3784 131 169
3785 131 203
3786 132 146
3787 132 201
3788 133 138
3789 133 147
3790 133 206
3791 134 140
3792 134 141
3793 134 142
3794 134 151
3795 134 155
3796 134 156
3797 134 159
3798 134 163
3799 134 164
3800 134 168
3801 134 170
3802 134 173
3803 134 176
3804 134 178
3805 134 181
3806 134 182
3807 134 183
3808 134 184
3809 134 190
3810 134 203
3811 134 212
3812 135 137
3813 135 145
3814 135 150
3815 135 158
3816 135 160
3817 135 161
3818 135 167
3819 135 174
3820 135 185
3821 135 186
3822 135 187
3823 135 189
3824 135 194
3825 135 197
3826 135 200
3827 135 202
3828 135 204
3829 135 208
3830 135 214
3831 136 149
3832 136 153
3833 136 154
3834 136 191
3835 137 145
3836 137 150
3837 137 158
3838 137 160
3839 137 167
3840 137 185
3841 137 186
3842 137 187
3843 137 189
3844 137 194
3845 137 197
3846 137 200
3847 137 202
3848 137 204
3849 137 208
3850 137 214
3851 138 147
3852 138 148
3853 138 199
3854 138 206
3855 139 141
3856 139 142
3857 139 143
3858 139 151
3859 139 155
3860 139 156
3861 139 159
3862 139 163
3863 139 164
3864 139 166
3865 139 168
3866 139 169
3867 139 170
3868 139 177
3869 139 178
3870 139 180
3871 139 181
3872 139 182
3873 139 183
3874 139 184
3875 139 190
3876 139 195
3877 139 203
3878 139 205
3879 139 209
3880 139 211
3881 139 212
3882 139 213
3883 140 141
3884 140 142
3885 140 151
3886 140 155
3887 140 156
3888 140 164
3889 140 170
3890 140 173
3891 140 181
3892 140 182
3893 140 183
3894 140 190
3895 140 212
3896 141 142
3897 141 151
3898 141 155
3899 141 156
3900 141 159
3901 141 164
3902 141 169
3903 141 170
3904 141 173
3905 141 176
3906 141 178
3907 141 181
3908 141 182
3909 141 183
3910 141 184
3911 141 190
3912 141 195
3913 141 203
3914 141 212
3915 141 213
3916 142 143
3917 142 151
3918 142 155
3919 142 156
3920 142 159
3921 142 164
3922 142 166
3923 142 170
3924 142 173
3925 142 178
3926 142 181
3927 142 182
3928 142 183
3929 142 184
3930 142 190
3931 142 195
3932 142 203
3933 142 205
3934 142 211
3935 142 212
3936 142 213
3937 143 151
3938 143 156
3939 143 159
3940 143 163
3941 143 164
3942 143 166
3943 143 168
3944 143 169
3945 143 170
3946 143 177
3947 143 178
3948 143 180
3949 143 181
3950 143 182
3951 143 184
3952 143 190
3953 143 195
3954 143 203
3955 143 205
3956 143 209
3957 143 211
3958 143 212
3959 143 213
3960 144 149
3961 144 153
3962 144 154
3963 144 162
3964 144 191
3965 144 198
3966 145 150
3967 145 158
3968 145 160
3969 145 161
3970 145 167
3971 145 174
3972 145 185
3973 145 186
3974 145 187
3975 145 189
3976 145 194
3977 145 196
3978 145 197
3979 145 200
3980 145 202
3981 145 204
3982 145 208
3983 145 214
3984 146 193
3985 147 165
3986 147 206
3987 148 199
3988 149 153
3989 149 154
3990 149 162
3991 149 191
3992 149 198
3993 150 158
3994 150 160
3995 150 161
3996 150 167
3997 150 174
3998 150 185
3999 150 186
4000 150 187
4001 150 189
4002 150 194
4003 150 197
4004 150 200
4005 150 202
4006 150 204
4007 150 208
4008 150 214
4009 151 155
4010 151 156
4011 151 159
4012 151 163
4013 151 164
4014 151 166
4015 151 168
4016 151 169
4017 151 170
4018 151 173
4019 151 176
4020 151 177
4021 151 178
4022 151 180
4023 151 181
4024 151 182
4025 151 183
4026 151 184
4027 151 190
4028 151 195
4029 151 203
4030 151 205
4031 151 209
4032 151 211
4033 151 212
4034 151 213
4035 153 154
4036 153 162
4037 153 191
4038 153 198
4039 154 162
4040 154 191
4041 155 156
4042 155 159
4043 155 164
4044 155 166
4045 155 168
4046 155 169
4047 155 170
4048 155 173
4049 155 177
4050 155 178
4051 155 181
4052 155 182
4053 155 183
4054 155 184
4055 155 190
4056 155 195
4057 155 203
4058 155 212
4059 155 213
4060 156 159
4061 156 163
4062 156 164
4063 156 166
4064 156 168
4065 156 169
4066 156 170
4067 156 173
4068 156 177
4069 156 178
4070 156 180
4071 156 181
4072 156 182
4073 156 183
4074 156 184
4075 156 190
4076 156 195
4077 156 203
4078 156 205
4079 156 211
4080 156 212
4081 156 213
4082 157 165
4083 157 206
4084 158 160
4085 158 161
4086 158 167
4087 158 174
4088 158 179
4089 158 185
4090 158 186
4091 158 187
4092 158 189
4093 158 194
4094 158 197
4095 158 200
4096 158 202
4097 158 204
4098 158 208
4099 158 214
4100 159 163
4101 159 164
4102 159 166
4103 159 168
4104 159 169
4105 159 170
4106 159 173
4107 159 176
4108 159 177
4109 159 178
4110 159 180
4111 159 181
4112 159 182
4113 159 183
4114 159 184
4115 159 190
4116 159 195
4117 159 203
4118 159 205
4119 159 209
4120 159 211
4121 159 212
4122 159 213
4123 160 161
4124 160 167
4125 160 174
4126 160 179
4127 160 185
4128 160 186
4129 160 187
4130 160 189
4131 160 194
4132 160 197
4133 160 200
4134 160 202
4135 160 204
4136 160 208
4137 160 214
4138 161 167
4139 161 174
4140 161 185
4141 161 186
4142 161 187
4143 161 189
4144 161 194
4145 161 197
4146 161 200
4147 161 202
4148 161 204
4149 161 208
4150 161 214
4151 162 191
4152 162 198
4153 163 166
4154 163 169
4155 163 170
4156 163 176
4157 163 177
4158 163 178
4159 163 180
4160 163 181
4161 163 182
4162 163 184
4163 163 195
4164 163 203
4165 163 205
4166 163 209
4167 163 212
4168 163 213
4169 164 168
4170 164 170
4171 164 173
4172 164 178
4173 164 181
4174 164 182
4175 164 183
4176 164 184
4177 164 190
4178 164 195
4179 164 203
4180 164 212
4181 165 206
4182 166 168
4183 166 169
4184 166 170
4185 166 177
4186 166 178
4187 166 180
4188 166 181
4189 166 182
4190 166 184
4191 166 190
4192 166 195
4193 166 203
4194 166 205
4195 166 209
4196 166 211
4197 166 212
4198 166 213
4199 167 174
4200 167 185
4201 167 186
4202 167 187
4203 167 189
4204 167 194
4205 167 197
4206 167 200
4207 167 202
4208 167 204
4209 167 208
4210 167 214
4211 168 169
4212 168 170
4213 168 176
4214 168 177
4215 168 178
4216 168 180
4217 168 181
4218 168 182
4219 168 183
4220 168 184
4221 168 190
4222 168 195
4223 168 203
4224 168 205
4225 168 209
4226 168 211
4227 168 213
4228 169 170
4229 169 176
4230 169 177
4231 169 178
4232 169 180
4233 169 181
4234 169 182
4235 169 183
4236 169 184
4237 169 190
4238 169 195
4239 169 203
4240 169 205
4241 169 209
4242 169 211
4243 169 212
4244 169 213
4245 170 173
4246 170 176
4247 170 177
4248 170 178
4249 170 180
4250 170 181
4251 170 182
4252 170 183
4253 170 184
4254 170 190
4255 170 195
4256 170 203
4257 170 205
4258 170 209
4259 170 211
4260 170 212
4261 170 213
4262 171 188
4263 171 210
4264 172 215
4265 173 178
4266 173 181
4267 173 182
4268 173 183
4269 173 184
4270 173 190
4271 173 195
4272 173 203
4273 173 212
4274 174 185
4275 174 186
4276 174 187
4277 174 189
4278 174 194
4279 174 197
4280 174 200
4281 174 202
4282 174 204
4283 174 208
4284 175 207
4285 176 177
4286 176 178
4287 176 181
4288 176 182
4289 176 183
4290 176 195
4291 176 203
4292 176 205
4293 176 211
4294 176 213
4295 177 178
4296 177 180
4297 177 181
4298 177 182
4299 177 184
4300 177 190
4301 177 195
4302 177 203
4303 177 205
4304 177 209
4305 177 211
4306 177 212
4307 177 213
4308 178 180
4309 178 181
4310 178 182
4311 178 183
4312 178 184
4313 178 190
4314 178 195
4315 178 203
4316 178 205
4317 178 209
4318 178 211
4319 178 212
4320 178 213
4321 179 196
4322 179 204
4323 180 181
4324 180 182
4325 180 183
4326 180 184
4327 180 190
4328 180 195
4329 180 203
4330 180 205
4331 180 209
4332 180 211
4333 180 212
4334 180 213
4335 181 182
4336 181 183
4337 181 184
4338 181 190
4339 181 195
4340 181 203
4341 181 205
4342 181 209
4343 181 211
4344 181 212
4345 181 213
4346 182 183
4347 182 184
4348 182 190
4349 182 195
4350 182 203
4351 182 205
4352 182 209
4353 182 211
4354 182 212
4355 182 213
4356 183 184
4357 183 190
4358 183 195
4359 183 203
4360 183 211
4361 183 212
4362 184 190
4363 184 195
4364 184 203
4365 184 205
4366 184 209
4367 184 211
4368 184 212
4369 184 213
4370 185 186
4371 185 187
4372 185 189
4373 185 194
4374 185 197
4375 185 200
4376 185 202
4377 185 204
4378 185 208
4379 185 214
4380 186 187
4381 186 189
4382 186 194
4383 186 197
4384 186 200
4385 186 202
4386 186 204
4387 186 208
4388 186 214
4389 187 189
4390 187 194
4391 187 197
4392 187 200
4393 187 202
4394 187 204
4395 187 208
4396 188 210
4397 189 194
4398 189 197
4399 189 200
4400 189 202
4401 189 204
4402 189 208
4403 189 214
4404 190 195
4405 190 203
4406 190 205
4407 190 209
4408 190 212
4409 190 213
4410 191 198
4411 193 201
4412 194 197
4413 194 200
4414 194 202
4415 194 204
4416 194 208
4417 194 214
4418 195 203
4419 195 205
4420 195 209
4421 195 211
4422 195 212
4423 195 213
4424 197 200
4425 197 202
4426 197 204
4427 197 208
4428 197 214
4429 200 202
4430 200 204
4431 200 208
4432 200 214
4433 202 204
4434 202 208
4435 202 214
4436 203 205
4437 203 209
4438 203 211
4439 203 212
4440 203 213
4441 204 208
4442 204 214
4443 205 209
4444 205 211
4445 205 212
4446 205 213
4447 209 211
4448 209 212
4449 209 213
4450 211 212
4451 211 213
4452 212 213
