1 1 5
2 1 9
3 1 14
4 1 18
5 1 19
6 1 23
7 1 25
8 1 27
9 1 30
10 1 38
11 1 39
12 1 41
13 1 42
14 1 44
15 1 46
16 1 47
17 1 48
18 1 49
19 1 51
20 1 52
21 1 53
22 1 54
23 1 55
24 1 57
25 1 58
26 1 60
27 1 63
28 1 64
29 1 66
30 1 67
31 1 68
32 1 70
33 1 71
34 1 72
35 1 73
36 1 74
37 1 75
38 1 77
39 1 81
40 1 82
41 1 84
42 1 87
43 1 88
44 1 92
45 1 95
46 1 96
47 1 97
48 1 98
49 1 100
50 1 104
51 1 106
52 1 108
53 1 114
54 1 115
55 1 118
56 1 119
57 1 121
58 1 124
59 1 125
60 1 127
61 1 128
62 1 129
63 1 131
64 1 134
65 1 136
66 1 138
67 1 139
68 1 140
69 1 141
70 1 142
71 1 143
72 1 144
73 1 149
74 1 151
75 1 153
76 1 155
77 1 156
78 1 159
79 1 163
80 1 164
81 1 166
82 1 168
83 1 169
84 1 170
85 1 173
86 1 176
87 1 177
88 1 178
89 1 180
90 1 181
91 1 182
92 1 183
93 1 184
94 1 190
95 1 191
96 1 195
97 1 198
98 1 203
99 1 205
100 1 209
101 1 211
102 1 212
103 1 213
104 2 6
105 2 7
106 2 10
107 2 12
108 2 17
109 2 20
110 2 21
111 2 22
112 2 28
113 2 29
114 2 32
115 2 35
116 2 36
117 2 50
118 2 59
119 2 61
120 2 69
121 2 76
122 2 79
123 2 86
124 2 89
125 2 91
126 2 93
127 2 94
128 2 101
129 2 102
130 2 105
131 2 107
132 2 122
133 2 126
134 2 135
135 2 137
136 2 145
137 2 150
138 2 158
139 2 160
140 2 161
141 2 167
142 2 174
143 2 179
144 2 185
145 2 186
146 2 187
147 2 189
148 2 194
149 2 196
150 2 197
151 2 200
152 2 202
153 2 204
154 2 208
155 2 214
156 3 16
157 3 33
158 3 34
159 3 40
160 3 109
161 3 110
162 3 171
163 3 188
164 3 192
165 3 210
166 4 11
167 4 14
168 4 15
169 4 18
170 4 43
171 4 57
172 4 78
173 4 80
174 4 83
175 4 84
176 4 99
177 4 103
178 4 113
179 4 116
180 4 120
181 4 128
182 4 136
183 4 144
184 4 149
185 4 153
186 4 154
187 4 162
188 4 191
189 4 198
190 5 9
191 5 14
192 5 18
193 5 19
194 5 23
195 5 24
196 5 25
197 5 27
198 5 30
199 5 37
200 5 38
201 5 39
202 5 41
203 5 42
204 5 44
205 5 46
206 5 47
207 5 48
208 5 49
209 5 51
210 5 52
211 5 53
212 5 54
213 5 55
214 5 58
215 5 60
216 5 64
217 5 66
218 5 67
219 5 68
220 5 70
221 5 71
222 5 72
223 5 73
224 5 77
225 5 78
226 5 80
227 5 81
228 5 82
229 5 87
230 5 88
231 5 90
232 5 92
233 5 95
234 5 96
235 5 97
236 5 98
237 5 100
238 5 106
239 5 108
240 5 114
241 5 115
242 5 117
243 5 118
244 5 119
245 5 121
246 5 123
247 5 124
248 5 125
249 5 127
250 5 128
251 5 129
252 5 130
253 5 134
254 5 138
255 5 139
256 5 140
257 5 141
258 5 142
259 5 143
260 5 151
261 5 155
262 5 156
263 5 159
264 5 163
265 5 164
266 5 166
267 5 168
268 5 169
269 5 170
270 5 173
271 5 176
272 5 177
273 5 178
274 5 180
275 5 181
276 5 182
277 5 183
278 5 184
279 5 190
280 5 195
281 5 203
282 5 205
283 5 209
284 5 211
285 5 212
286 5 213
287 6 7
288 6 10
289 6 12
290 6 17
291 6 20
292 6 21
293 6 22
294 6 28
295 6 32
296 6 35
297 6 36
298 6 50
299 6 61
300 6 69
301 6 76
302 6 79
303 6 89
304 6 91
305 6 93
306 6 94
307 6 101
308 6 102
309 6 105
310 6 107
311 6 122
312 6 126
313 6 135
314 6 137
315 6 145
316 6 150
317 6 158
318 6 160
319 6 167
320 6 179
321 6 185
322 6 186
323 6 187
324 6 189
325 6 194
326 6 196
327 6 197
328 6 200
329 6 202
330 6 204
331 6 208
332 6 214
333 7 10
334 7 12
335 7 17
336 7 20
337 7 21
338 7 22
339 7 28
340 7 29
341 7 32
342 7 35
343 7 36
344 7 50
345 7 59
346 7 61
347 7 69
348 7 76
349 7 79
350 7 86
351 7 89
352 7 91
353 7 93
354 7 94
355 7 101
356 7 102
357 7 105
358 7 107
359 7 122
360 7 126
361 7 135
362 7 137
363 7 145
364 7 150
365 7 158
366 7 160
367 7 161
368 7 167
369 7 174
370 7 179
371 7 185
372 7 186
373 7 187
374 7 189
375 7 194
376 7 196
377 7 197
378 7 200
379 7 202
380 7 204
381 7 208
382 7 214
383 8 13
384 8 14
385 8 19
386 8 24
387 8 45
388 8 54
389 8 62
390 8 73
391 8 74
392 8 90
393 8 111
394 8 112
395 8 114
396 8 117
397 8 123
398 8 125
399 8 133
400 8 138
401 8 147
402 8 148
403 8 157
404 8 165
405 8 172
406 8 181
407 8 199
408 8 205
409 8 206
410 8 212
411 8 215
412 9 14
413 9 18
414 9 19
415 9 23
416 9 25
417 9 27
418 9 30
419 9 31
420 9 38
421 9 39
422 9 41
423 9 42
424 9 44
425 9 46
426 9 47
427 9 48
428 9 49
429 9 50
430 9 51
431 9 52
432 9 53
433 9 54
434 9 55
435 9 58
436 9 60
437 9 64
438 9 66
439 9 67
440 9 68
441 9 70
442 9 71
443 9 72
444 9 73
445 9 77
446 9 80
447 9 81
448 9 82
449 9 83
450 9 87
451 9 88
452 9 90
453 9 92
454 9 95
455 9 96
456 9 97
457 9 98
458 9 99
459 9 100
460 9 106
461 9 108
462 9 115
463 9 118
464 9 119
465 9 121
466 9 123
467 9 124
468 9 127
469 9 128
470 9 129
471 9 131
472 9 134
473 9 136
474 9 138
475 9 139
476 9 140
477 9 141
478 9 142
479 9 143
480 9 146
481 9 149
482 9 151
483 9 153
484 9 155
485 9 156
486 9 159
487 9 163
488 9 164
489 9 165
490 9 166
491 9 168
492 9 169
493 9 170
494 9 173
495 9 176
496 9 177
497 9 178
498 9 180
499 9 181
500 9 182
501 9 183
502 9 184
503 9 190
504 9 195
505 9 203
506 9 205
507 9 209
508 9 211
509 9 212
510 9 213
511 10 12
512 10 17
513 10 20
514 10 21
515 10 22
516 10 28
517 10 29
518 10 32
519 10 35
520 10 36
521 10 50
522 10 59
523 10 61
524 10 69
525 10 76
526 10 79
527 10 86
528 10 89
529 10 91
530 10 93
531 10 94
532 10 101
533 10 102
534 10 105
535 10 107
536 10 122
537 10 126
538 10 135
539 10 137
540 10 145
541 10 150
542 10 158
543 10 160
544 10 161
545 10 167
546 10 174
547 10 179
548 10 185
549 10 186
550 10 187
551 10 189
552 10 194
553 10 196
554 10 197
555 10 200
556 10 202
557 10 204
558 10 208
559 10 214
560 11 14
561 11 15
562 11 18
563 11 37
564 11 43
565 11 57
566 11 68
567 11 71
568 11 78
569 11 80
570 11 83
571 11 84
572 11 99
573 11 103
574 11 113
575 11 116
576 11 120
577 11 128
578 11 136
579 11 144
580 11 149
581 11 153
582 11 154
583 11 162
584 11 168
585 11 191
586 11 198
587 12 17
588 12 20
589 12 21
590 12 22
591 12 28
592 12 29
593 12 32
594 12 35
595 12 36
596 12 50
597 12 59
598 12 61
599 12 69
600 12 76
601 12 79
602 12 86
603 12 89
604 12 91
605 12 93
606 12 94
607 12 101
608 12 102
609 12 105
610 12 107
611 12 122
612 12 126
613 12 135
614 12 137
615 12 145
616 12 150
617 12 158
618 12 160
619 12 161
620 12 167
621 12 174
622 12 179
623 12 185
624 12 186
625 12 187
626 12 189
627 12 194
628 12 196
629 12 197
630 12 200
631 12 202
632 12 204
633 12 208
634 12 214
635 13 45
636 13 62
637 13 74
638 13 90
639 13 111
640 13 114
641 13 123
642 13 138
643 13 147
644 13 148
645 13 165
646 13 199
647 13 206
648 14 15
649 14 18
650 14 19
651 14 25
652 14 26
653 14 27
654 14 30
655 14 31
656 14 35
657 14 37
658 14 38
659 14 42
660 14 43
661 14 46
662 14 48
663 14 51
664 14 52
665 14 53
666 14 54
667 14 55
668 14 57
669 14 58
670 14 59
671 14 60
672 14 61
673 14 64
674 14 67
675 14 70
676 14 71
677 14 72
678 14 73
679 14 74
680 14 77
681 14 78
682 14 80
683 14 81
684 14 82
685 14 83
686 14 84
687 14 90
688 14 97
689 14 98
690 14 99
691 14 103
692 14 106
693 14 113
694 14 115
695 14 116
696 14 118
697 14 120
698 14 121
699 14 123
700 14 124
701 14 128
702 14 134
703 14 136
704 14 138
705 14 139
706 14 142
707 14 143
708 14 144
709 14 149
710 14 150
711 14 151
712 14 153
713 14 154
714 14 155
715 14 156
716 14 159
717 14 162
718 14 166
719 14 167
720 14 169
721 14 170
722 14 173
723 14 176
724 14 177
725 14 178
726 14 181
727 14 182
728 14 183
729 14 184
730 14 190
731 14 191
732 14 193
733 14 195
734 14 198
735 14 201
736 14 203
737 14 205
738 14 206
739 14 212
740 15 16
741 15 18
742 15 37
743 15 43
744 15 57
745 15 78
746 15 80
747 15 83
748 15 84
749 15 98
750 15 99
751 15 103
752 15 113
753 15 116
754 15 120
755 15 128
756 15 134
757 15 136
758 15 144
759 15 149
760 15 153
761 15 154
762 15 162
763 15 191
764 15 198
765 16 26
766 16 33
767 16 34
768 16 37
769 16 40
770 16 65
771 16 109
772 16 110
773 16 152
774 16 171
775 16 175
776 16 188
777 16 192
778 16 207
779 16 210
780 17 20
781 17 21
782 17 22
783 17 28
784 17 29
785 17 32
786 17 35
787 17 36
788 17 50
789 17 59
790 17 61
791 17 69
792 17 76
793 17 79
794 17 86
795 17 89
796 17 91
797 17 93
798 17 94
799 17 101
800 17 102
801 17 105
802 17 107
803 17 122
804 17 126
805 17 135
806 17 137
807 17 145
808 17 150
809 17 158
810 17 160
811 17 161
812 17 167
813 17 174
814 17 179
815 17 185
816 17 186
817 17 187
818 17 189
819 17 194
820 17 196
821 17 197
822 17 200
823 17 202
824 17 204
825 17 208
826 17 214
827 18 19
828 18 24
829 18 25
830 18 26
831 18 27
832 18 30
833 18 31
834 18 37
835 18 38
836 18 42
837 18 43
838 18 46
839 18 47
840 18 48
841 18 51
842 18 52
843 18 54
844 18 55
845 18 57
846 18 58
847 18 64
848 18 66
849 18 67
850 18 70
851 18 71
852 18 72
853 18 73
854 18 78
855 18 80
856 18 81
857 18 82
858 18 83
859 18 84
860 18 85
861 18 90
862 18 97
863 18 98
864 18 99
865 18 103
866 18 106
867 18 113
868 18 115
869 18 116
870 18 118
871 18 120
872 18 121
873 18 123
874 18 124
875 18 128
876 18 130
877 18 136
878 18 138
879 18 144
880 18 149
881 18 151
882 18 153
883 18 154
884 18 156
885 18 159
886 18 162
887 18 165
888 18 166
889 18 168
890 18 169
891 18 170
892 18 173
893 18 177
894 18 178
895 18 181
896 18 182
897 18 183
898 18 184
899 18 190
900 18 191
901 18 193
902 18 195
903 18 198
904 18 203
905 18 205
906 18 206
907 18 212
908 18 213
909 19 23
910 19 24
911 19 25
912 19 27
913 19 30
914 19 37
915 19 38
916 19 39
917 19 41
918 19 42
919 19 44
920 19 45
921 19 46
922 19 47
923 19 48
924 19 49
925 19 50
926 19 51
927 19 52
928 19 53
929 19 54
930 19 55
931 19 57
932 19 58
933 19 60
934 19 61
935 19 62
936 19 64
937 19 66
938 19 67
939 19 68
940 19 70
941 19 71
942 19 72
943 19 73
944 19 74
945 19 77
946 19 78
947 19 80
948 19 81
949 19 82
950 19 83
951 19 84
952 19 87
953 19 88
954 19 90
955 19 92
956 19 96
957 19 97
958 19 98
959 19 99
960 19 100
961 19 106
962 19 108
963 19 113
964 19 114
965 19 115
966 19 117
967 19 118
968 19 119
969 19 120
970 19 121
971 19 123
972 19 124
973 19 125
974 19 127
975 19 128
976 19 130
977 19 134
978 19 136
979 19 138
980 19 139
981 19 140
982 19 141
983 19 142
984 19 143
985 19 144
986 19 149
987 19 151
988 19 153
989 19 155
990 19 156
991 19 159
992 19 163
993 19 164
994 19 166
995 19 168
996 19 169
997 19 170
998 19 173
999 19 176
1000 19 177
1001 19 178
1002 19 180
1003 19 181
1004 19 182
1005 19 183
1006 19 184
1007 19 190
1008 19 191
1009 19 193
1010 19 195
1011 19 198
1012 19 201
1013 19 203
1014 19 205
1015 19 206
1016 19 209
1017 19 211
1018 19 212
1019 19 213
1020 20 21
1021 20 22
1022 20 28
1023 20 29
1024 20 32
1025 20 35
1026 20 36
1027 20 50
1028 20 59
1029 20 61
1030 20 69
1031 20 76
1032 20 79
1033 20 86
1034 20 89
1035 20 91
1036 20 93
1037 20 94
1038 20 101
1039 20 102
1040 20 105
1041 20 107
1042 20 122
1043 20 126
1044 20 135
1045 20 137
1046 20 145
1047 20 150
1048 20 158
1049 20 160
1050 20 161
1051 20 167
1052 20 174
1053 20 179
1054 20 185
1055 20 186
1056 20 187
1057 20 189
1058 20 194
1059 20 196
1060 20 197
1061 20 200
1062 20 202
1063 20 204
1064 20 208
1065 20 214
1066 21 22
1067 21 28
1068 21 29
1069 21 32
1070 21 35
1071 21 36
1072 21 50
1073 21 59
1074 21 61
1075 21 69
1076 21 76
1077 21 79
1078 21 86
1079 21 89
1080 21 91
1081 21 93
1082 21 94
1083 21 101
1084 21 102
1085 21 105
1086 21 107
1087 21 122
1088 21 126
1089 21 135
1090 21 137
1091 21 145
1092 21 150
1093 21 158
1094 21 160
1095 21 161
1096 21 167
1097 21 174
1098 21 179
1099 21 185
1100 21 186
1101 21 187
1102 21 189
1103 21 194
1104 21 196
1105 21 197
1106 21 200
1107 21 202
1108 21 204
1109 21 208
1110 21 214
1111 22 28
1112 22 29
1113 22 32
1114 22 35
1115 22 36
1116 22 50
1117 22 59
1118 22 61
1119 22 69
1120 22 76
1121 22 79
1122 22 86
1123 22 89
1124 22 91
1125 22 93
1126 22 94
1127 22 101
1128 22 102
1129 22 105
1130 22 107
1131 22 122
1132 22 126
1133 22 135
1134 22 137
1135 22 145
1136 22 150
1137 22 158
1138 22 160
1139 22 161
1140 22 167
1141 22 174
1142 22 179
1143 22 185
1144 22 186
1145 22 187
1146 22 189
1147 22 194
1148 22 196
1149 22 197
1150 22 200
1151 22 202
1152 22 204
1153 22 208
1154 22 214
1155 23 25
1156 23 27
1157 23 30
1158 23 38
1159 23 39
1160 23 41
1161 23 42
1162 23 44
1163 23 46
1164 23 47
1165 23 48
1166 23 49
1167 23 51
1168 23 52
1169 23 53
1170 23 54
1171 23 55
1172 23 58
1173 23 60
1174 23 64
1175 23 66
1176 23 67
1177 23 68
1178 23 70
1179 23 71
1180 23 72
1181 23 73
1182 23 77
1183 23 82
1184 23 87
1185 23 88
1186 23 92
1187 23 95
1188 23 96
1189 23 97
1190 23 98
1191 23 100
1192 23 106
1193 23 108
1194 23 115
1195 23 118
1196 23 119
1197 23 121
1198 23 124
1199 23 127
1200 23 129
1201 23 134
1202 23 139
1203 23 141
1204 23 142
1205 23 143
1206 23 151
1207 23 155
1208 23 156
1209 23 159
1210 23 163
1211 23 164
1212 23 166
1213 23 168
1214 23 169
1215 23 170
1216 23 173
1217 23 176
1218 23 177
1219 23 178
1220 23 180
1221 23 181
1222 23 182
1223 23 183
1224 23 184
1225 23 190
1226 23 195
1227 23 203
1228 23 205
1229 23 209
1230 23 211
1231 23 212
1232 23 213
1233 24 45
1234 24 47
1235 24 56
1236 24 58
1237 24 62
1238 24 74
1239 24 81
1240 24 90
1241 24 100
1242 24 111
1243 24 112
1244 24 114
1245 24 117
1246 24 118
1247 24 123
1248 24 125
1249 24 133
1250 24 134
1251 24 138
1252 24 147
1253 24 151
1254 24 157
1255 24 163
1256 24 165
1257 24 172
1258 24 176
1259 24 205
1260 24 206
1261 24 212
1262 24 215
1263 25 27
1264 25 30
1265 25 38
1266 25 39
1267 25 41
1268 25 42
1269 25 44
1270 25 46
1271 25 47
1272 25 48
1273 25 49
1274 25 51
1275 25 52
1276 25 53
1277 25 54
1278 25 55
1279 25 57
1280 25 58
1281 25 60
1282 25 63
1283 25 64
1284 25 66
1285 25 67
1286 25 68
1287 25 70
1288 25 71
1289 25 72
1290 25 73
1291 25 74
1292 25 75
1293 25 77
1294 25 81
1295 25 82
1296 25 84
1297 25 87
1298 25 88
1299 25 92
1300 25 95
1301 25 96
1302 25 97
1303 25 98
1304 25 100
1305 25 104
1306 25 106
1307 25 108
1308 25 114
1309 25 115
1310 25 118
1311 25 119
1312 25 121
1313 25 124
1314 25 125
1315 25 127
1316 25 128
1317 25 129
1318 25 131
1319 25 134
1320 25 136
1321 25 138
1322 25 139
1323 25 140
1324 25 141
1325 25 142
1326 25 143
1327 25 144
1328 25 149
1329 25 151
1330 25 153
1331 25 155
1332 25 156
1333 25 159
1334 25 163
1335 25 164
1336 25 166
1337 25 168
1338 25 169
1339 25 170
1340 25 173
1341 25 176
1342 25 177
1343 25 178
1344 25 180
1345 25 181
1346 25 182
1347 25 183
1348 25 184
1349 25 190
1350 25 191
1351 25 195
1352 25 198
1353 25 203
1354 25 205
1355 25 209
1356 25 211
1357 25 212
1358 25 213
1359 26 31
1360 26 37
1361 26 40
1362 26 78
1363 26 80
1364 26 81
1365 26 83
1366 26 85
1367 26 130
1368 26 152
1369 26 153
1370 26 154
1371 26 175
1372 26 192
1373 26 193
1374 26 207
1375 27 30
1376 27 31
1377 27 38
1378 27 39
1379 27 41
1380 27 42
1381 27 44
1382 27 45
1383 27 46
1384 27 47
1385 27 48
1386 27 49
1387 27 51
1388 27 52
1389 27 53
1390 27 54
1391 27 55
1392 27 57
1393 27 58
1394 27 60
1395 27 63
1396 27 64
1397 27 66
1398 27 67
1399 27 68
1400 27 70
1401 27 71
1402 27 72
1403 27 73
1404 27 74
1405 27 75
1406 27 77
1407 27 78
1408 27 80
1409 27 81
1410 27 82
1411 27 84
1412 27 87
1413 27 88
1414 27 90
1415 27 92
1416 27 95
1417 27 96
1418 27 97
1419 27 98
1420 27 99
1421 27 100
1422 27 104
1423 27 106
1424 27 108
1425 27 113
1426 27 114
1427 27 115
1428 27 117
1429 27 118
1430 27 119
1431 27 120
1432 27 121
1433 27 123
1434 27 124
1435 27 125
1436 27 127
1437 27 128
1438 27 129
1439 27 131
1440 27 134
1441 27 136
1442 27 138
1443 27 139
1444 27 140
1445 27 141
1446 27 142
1447 27 143
1448 27 144
1449 27 149
1450 27 151
1451 27 153
1452 27 155
1453 27 156
1454 27 157
1455 27 159
1456 27 163
1457 27 164
1458 27 166
1459 27 168
1460 27 169
1461 27 170
1462 27 173
1463 27 176
1464 27 177
1465 27 178
1466 27 180
1467 27 181
1468 27 182
1469 27 183
1470 27 184
1471 27 190
1472 27 191
1473 27 195
1474 27 198
1475 27 203
1476 27 205
1477 27 206
1478 27 209
1479 27 211
1480 27 212
1481 27 213
1482 28 29
1483 28 32
1484 28 35
1485 28 36
1486 28 50
1487 28 59
1488 28 61
1489 28 69
1490 28 76
1491 28 79
1492 28 86
1493 28 89
1494 28 91
1495 28 93
1496 28 94
1497 28 101
1498 28 102
1499 28 105
1500 28 107
1501 28 122
1502 28 126
1503 28 135
1504 28 137
1505 28 145
1506 28 150
1507 28 158
1508 28 160
1509 28 161
1510 28 167
1511 28 174
1512 28 179
1513 28 185
1514 28 186
1515 28 187
1516 28 189
1517 28 194
1518 28 196
1519 28 197
1520 28 200
1521 28 202
1522 28 204
1523 28 208
1524 28 214
1525 29 32
1526 29 35
1527 29 36
1528 29 50
1529 29 59
1530 29 61
1531 29 69
1532 29 76
1533 29 79
1534 29 86
1535 29 89
1536 29 93
1537 29 94
1538 29 101
1539 29 102
1540 29 105
1541 29 107
1542 29 122
1543 29 126
1544 29 135
1545 29 137
1546 29 145
1547 29 150
1548 29 158
1549 29 160
1550 29 161
1551 29 167
1552 29 174
1553 29 185
1554 29 186
1555 29 187
1556 29 189
1557 29 194
1558 29 196
1559 29 197
1560 29 200
1561 29 202
1562 29 204
1563 29 208
1564 29 214
1565 30 31
1566 30 38
1567 30 39
1568 30 41
1569 30 42
1570 30 44
1571 30 45
1572 30 46
1573 30 47
1574 30 48
1575 30 49
1576 30 51
1577 30 52
1578 30 53
1579 30 54
1580 30 55
1581 30 57
1582 30 58
1583 30 60
1584 30 63
1585 30 64
1586 30 66
1587 30 67
1588 30 68
1589 30 70
1590 30 71
1591 30 72
1592 30 73
1593 30 74
1594 30 75
1595 30 77
1596 30 78
1597 30 81
1598 30 82
1599 30 84
1600 30 87
1601 30 88
1602 30 90
1603 30 92
1604 30 95
1605 30 96
1606 30 97
1607 30 98
1608 30 99
1609 30 100
1610 30 104
1611 30 106
1612 30 108
1613 30 114
1614 30 115
1615 30 118
1616 30 119
1617 30 121
1618 30 123
1619 30 124
1620 30 125
1621 30 127
1622 30 128
1623 30 129
1624 30 131
1625 30 134
1626 30 138
1627 30 139
1628 30 140
1629 30 141
1630 30 142
1631 30 143
1632 30 149
1633 30 151
1634 30 153
1635 30 155
1636 30 156
1637 30 159
1638 30 163
1639 30 164
1640 30 166
1641 30 168
1642 30 169
1643 30 170
1644 30 173
1645 30 176
1646 30 177
1647 30 178
1648 30 180
1649 30 181
1650 30 182
1651 30 183
1652 30 184
1653 30 190
1654 30 191
1655 30 195
1656 30 203
1657 30 205
1658 30 209
1659 30 211
1660 30 212
1661 30 213
1662 31 37
1663 31 38
1664 31 53
1665 31 54
1666 31 57
1667 31 64
1668 31 67
1669 31 70
1670 31 71
1671 31 72
1672 31 78
1673 31 80
1674 31 82
1675 31 85
1676 31 113
1677 31 114
1678 31 117
1679 31 118
1680 31 121
1681 31 124
1682 31 125
1683 31 130
1684 31 132
1685 31 146
1686 31 151
1687 31 152
1688 31 156
1689 31 171
1690 31 176
1691 31 177
1692 31 181
1693 31 182
1694 31 184
1695 31 192
1696 31 193
1697 31 195
1698 31 201
1699 31 212
1700 31 213
1701 32 35
1702 32 36
1703 32 50
1704 32 59
1705 32 61
1706 32 69
1707 32 76
1708 32 79
1709 32 86
1710 32 89
1711 32 91
1712 32 93
1713 32 94
1714 32 101
1715 32 102
1716 32 105
1717 32 107
1718 32 122
1719 32 126
1720 32 135
1721 32 137
1722 32 145
1723 32 150
1724 32 158
1725 32 160
1726 32 161
1727 32 167
1728 32 174
1729 32 179
1730 32 185
1731 32 186
1732 32 187
1733 32 189
1734 32 194
1735 32 196
1736 32 197
1737 32 200
1738 32 202
1739 32 204
1740 32 208
1741 32 214
1742 33 34
1743 33 40
1744 33 109
1745 33 110
1746 33 152
1747 33 171
1748 33 175
1749 33 188
1750 33 192
1751 33 210
1752 34 37
1753 34 40
1754 34 57
1755 34 65
1756 34 78
1757 34 80
1758 34 109
1759 34 110
1760 34 152
1761 34 171
1762 34 175
1763 34 188
1764 34 192
1765 34 198
1766 34 210
1767 35 36
1768 35 50
1769 35 59
1770 35 61
1771 35 69
1772 35 76
1773 35 79
1774 35 86
1775 35 89
1776 35 91
1777 35 93
1778 35 94
1779 35 102
1780 35 105
1781 35 107
1782 35 122
1783 35 126
1784 35 135
1785 35 137
1786 35 145
1787 35 150
1788 35 158
1789 35 160
1790 35 161
1791 35 167
1792 35 174
1793 35 179
1794 35 185
1795 35 186
1796 35 187
1797 35 189
1798 35 194
1799 35 197
1800 35 200
1801 35 202
1802 35 204
1803 35 208
1804 35 214
1805 36 50
1806 36 59
1807 36 61
1808 36 69
1809 36 76
1810 36 79
1811 36 86
1812 36 89
1813 36 91
1814 36 93
1815 36 94
1816 36 101
1817 36 102
1818 36 105
1819 36 107
1820 36 122
1821 36 126
1822 36 135
1823 36 137
1824 36 145
1825 36 150
1826 36 158
1827 36 160
1828 36 161
1829 36 167
1830 36 174
1831 36 179
1832 36 185
1833 36 186
1834 36 187
1835 36 189
1836 36 194
1837 36 196
1838 36 197
1839 36 200
1840 36 202
1841 36 204
1842 36 208
1843 36 214
1844 37 40
1845 37 42
1846 37 43
1847 37 46
1848 37 48
1849 37 57
1850 37 65
1851 37 67
1852 37 71
1853 37 78
1854 37 80
1855 37 81
1856 37 83
1857 37 85
1858 37 96
1859 37 103
1860 37 113
1861 37 117
1862 37 118
1863 37 124
1864 37 128
1865 37 130
1866 37 132
1867 37 146
1868 37 149
1869 37 152
1870 37 156
1871 37 157
1872 37 165
1873 37 171
1874 37 172
1875 37 175
1876 37 177
1877 37 180
1878 37 191
1879 37 192
1880 37 193
1881 37 201
1882 37 207
1883 37 210
1884 37 212
1885 38 39
1886 38 41
1887 38 42
1888 38 44
1889 38 45
1890 38 46
1891 38 47
1892 38 48
1893 38 49
1894 38 51
1895 38 52
1896 38 53
1897 38 54
1898 38 55
1899 38 57
1900 38 58
1901 38 60
1902 38 63
1903 38 64
1904 38 66
1905 38 67
1906 38 68
1907 38 70
1908 38 71
1909 38 72
1910 38 73
1911 38 74
1912 38 75
1913 38 77
1914 38 81
1915 38 82
1916 38 84
1917 38 87
1918 38 88
1919 38 92
1920 38 95
1921 38 96
1922 38 97
1923 38 98
1924 38 99
1925 38 100
1926 38 104
1927 38 106
1928 38 108
1929 38 114
1930 38 115
1931 38 118
1932 38 119
1933 38 121
1934 38 123
1935 38 124
1936 38 125
1937 38 127
1938 38 128
1939 38 129
1940 38 131
1941 38 134
1942 38 138
1943 38 139
1944 38 140
1945 38 141
1946 38 142
1947 38 143
1948 38 149
1949 38 151
1950 38 153
1951 38 155
1952 38 156
1953 38 159
1954 38 163
1955 38 164
1956 38 166
1957 38 168
1958 38 169
1959 38 170
1960 38 173
1961 38 176
1962 38 177
1963 38 178
1964 38 180
1965 38 181
1966 38 182
1967 38 183
1968 38 184
1969 38 190
1970 38 191
1971 38 195
1972 38 203
1973 38 205
1974 38 209
1975 38 211
1976 38 212
1977 38 213
1978 39 41
1979 39 42
1980 39 44
1981 39 46
1982 39 47
1983 39 48
1984 39 49
1985 39 51
1986 39 52
1987 39 53
1988 39 54
1989 39 55
1990 39 58
1991 39 60
1992 39 63
1993 39 64
1994 39 66
1995 39 67
1996 39 70
1997 39 71
1998 39 72
1999 39 73
2000 39 75
2001 39 77
2002 39 81
2003 39 82
2004 39 88
2005 39 92
2006 39 95
2007 39 96
2008 39 97
2009 39 98
2010 39 100
2011 39 104
2012 39 106
2013 39 108
2014 39 115
2015 39 118
2016 39 119
2017 39 121
2018 39 124
2019 39 127
2020 39 139
2021 39 140
2022 39 141
2023 39 142
2024 39 143
2025 39 151
2026 39 156
2027 39 159
2028 39 163
2029 39 164
2030 39 166
2031 39 168
2032 39 169
2033 39 170
2034 39 176
2035 39 177
2036 39 178
2037 39 180
2038 39 181
2039 39 182
2040 39 183
2041 39 184
2042 39 190
2043 39 195
2044 39 203
2045 39 205
2046 39 209
2047 39 211
2048 39 212
2049 39 213
2050 40 65
2051 40 80
2052 40 85
2053 40 109
2054 40 110
2055 40 152
2056 40 171
2057 40 175
2058 40 188
2059 40 192
2060 40 207
2061 40 210
2062 41 42
2063 41 44
2064 41 47
2065 41 48
2066 41 49
2067 41 51
2068 41 52
2069 41 53
2070 41 54
2071 41 55
2072 41 58
2073 41 64
2074 41 66
2075 41 67
2076 41 70
2077 41 71
2078 41 72
2079 41 77
2080 41 81
2081 41 82
2082 41 87
2083 41 92
2084 41 96
2085 41 97
2086 41 98
2087 41 100
2088 41 106
2089 41 108
2090 41 115
2091 41 118
2092 41 119
2093 41 121
2094 41 124
2095 41 127
2096 41 129
2097 41 134
2098 41 139
2099 41 140
2100 41 141
2101 41 142
2102 41 143
2103 41 151
2104 41 155
2105 41 156
2106 41 159
2107 41 163
2108 41 164
2109 41 166
2110 41 168
2111 41 170
2112 41 173
2113 41 176
2114 41 177
2115 41 178
2116 41 180
2117 41 181
2118 41 182
2119 41 183
2120 41 184
2121 41 190
2122 41 195
2123 41 203
2124 41 205
2125 41 206
2126 41 209
2127 41 211
2128 41 212
2129 41 213
2130 41 215
2131 42 44
2132 42 46
2133 42 47
2134 42 48
2135 42 49
2136 42 51
2137 42 52
2138 42 53
2139 42 54
2140 42 55
2141 42 58
2142 42 60
2143 42 64
2144 42 66
2145 42 67
2146 42 68
2147 42 70
2148 42 71
2149 42 72
2150 42 73
2151 42 77
2152 42 80
2153 42 81
2154 42 82
2155 42 87
2156 42 88
2157 42 90
2158 42 92
2159 42 95
2160 42 96
2161 42 97
2162 42 98
2163 42 99
2164 42 100
2165 42 106
2166 42 108
2167 42 113
2168 42 115
2169 42 117
2170 42 118
2171 42 119
2172 42 121
2173 42 124
2174 42 125
2175 42 127
2176 42 129
2177 42 131
2178 42 134
2179 42 136
2180 42 138
2181 42 139
2182 42 140
2183 42 141
2184 42 142
2185 42 143
2186 42 151
2187 42 153
2188 42 155
2189 42 156
2190 42 159
2191 42 163
2192 42 164
2193 42 166
2194 42 168
2195 42 169
2196 42 170
2197 42 173
2198 42 176
2199 42 177
2200 42 178
2201 42 180
2202 42 181
2203 42 182
2204 42 183
2205 42 184
2206 42 190
2207 42 193
2208 42 195
2209 42 203
2210 42 205
2211 42 209
2212 42 211
2213 42 212
2214 42 213
2215 43 55
2216 43 57
2217 43 78
2218 43 80
2219 43 83
2220 43 84
2221 43 99
2222 43 103
2223 43 113
2224 43 116
2225 43 120
2226 43 128
2227 43 136
2228 43 144
2229 43 149
2230 43 153
2231 43 154
2232 43 162
2233 43 169
2234 43 184
2235 43 191
2236 43 198
2237 43 205
2238 44 46
2239 44 47
2240 44 48
2241 44 49
2242 44 51
2243 44 52
2244 44 53
2245 44 54
2246 44 55
2247 44 58
2248 44 60
2249 44 63
2250 44 64
2251 44 66
2252 44 67
2253 44 68
2254 44 70
2255 44 71
2256 44 72
2257 44 73
2258 44 75
2259 44 77
2260 44 81
2261 44 82
2262 44 87
2263 44 88
2264 44 92
2265 44 95
2266 44 96
2267 44 97
2268 44 98
2269 44 99
2270 44 100
2271 44 104
2272 44 106
2273 44 108
2274 44 113
2275 44 115
2276 44 118
2277 44 119
2278 44 121
2279 44 124
2280 44 127
2281 44 128
2282 44 129
2283 44 134
2284 44 136
2285 44 139
2286 44 140
2287 44 141
2288 44 142
2289 44 143
2290 44 151
2291 44 155
2292 44 156
2293 44 159
2294 44 163
2295 44 164
2296 44 166
2297 44 168
2298 44 169
2299 44 170
2300 44 173
2301 44 176
2302 44 177
2303 44 178
2304 44 180
2305 44 181
2306 44 182
2307 44 183
2308 44 184
2309 44 190
2310 44 195
2311 44 203
2312 44 205
2313 44 209
2314 44 211
2315 44 212
2316 44 213
2317 45 54
2318 45 62
2319 45 70
2320 45 72
2321 45 74
2322 45 90
2323 45 111
2324 45 114
2325 45 117
2326 45 123
2327 45 125
2328 45 133
2329 45 138
2330 45 147
2331 45 148
2332 45 157
2333 45 165
2334 45 172
2335 45 176
2336 45 177
2337 45 181
2338 45 184
2339 45 190
2340 45 199
2341 45 205
2342 45 206
2343 46 47
2344 46 48
2345 46 49
2346 46 51
2347 46 52
2348 46 53
2349 46 54
2350 46 55
2351 46 58
2352 46 60
2353 46 63
2354 46 64
2355 46 66
2356 46 67
2357 46 68
2358 46 70
2359 46 71
2360 46 72
2361 46 73
2362 46 77
2363 46 81
2364 46 82
2365 46 83
2366 46 87
2367 46 88
2368 46 92
2369 46 95
2370 46 96
2371 46 97
2372 46 98
2373 46 100
2374 46 106
2375 46 108
2376 46 115
2377 46 117
2378 46 118
2379 46 119
2380 46 121
2381 46 124
2382 46 127
2383 46 129
2384 46 131
2385 46 134
2386 46 138
2387 46 139
2388 46 140
2389 46 141
2390 46 142
2391 46 143
2392 46 149
2393 46 151
2394 46 155
2395 46 156
2396 46 159
2397 46 163
2398 46 164
2399 46 166
2400 46 168
2401 46 169
2402 46 170
2403 46 173
2404 46 176
2405 46 177
2406 46 178
2407 46 180
2408 46 181
2409 46 182
2410 46 183
2411 46 184
2412 46 190
2413 46 191
2414 46 195
2415 46 203
2416 46 205
2417 46 209
2418 46 211
2419 46 212
2420 46 213
2421 47 48
2422 47 49
2423 47 51
2424 47 52
2425 47 53
2426 47 54
2427 47 55
2428 47 58
2429 47 60
2430 47 63
2431 47 64
2432 47 66
2433 47 67
2434 47 68
2435 47 70
2436 47 71
2437 47 72
2438 47 73
2439 47 75
2440 47 77
2441 47 78
2442 47 81
2443 47 82
2444 47 83
2445 47 87
2446 47 88
2447 47 90
2448 47 92
2449 47 95
2450 47 96
2451 47 97
2452 47 98
2453 47 100
2454 47 104
2455 47 106
2456 47 108
2457 47 115
2458 47 118
2459 47 119
2460 47 121
2461 47 124
2462 47 125
2463 47 127
2464 47 128
2465 47 129
2466 47 131
2467 47 134
2468 47 136
2469 47 138
2470 47 139
2471 47 140
2472 47 141
2473 47 142
2474 47 143
2475 47 151
2476 47 155
2477 47 156
2478 47 159
2479 47 163
2480 47 164
2481 47 166
2482 47 168
2483 47 169
2484 47 170
2485 47 173
2486 47 176
2487 47 177
2488 47 178
2489 47 180
2490 47 181
2491 47 182
2492 47 183
2493 47 184
2494 47 190
2495 47 195
2496 47 203
2497 47 205
2498 47 209
2499 47 211
2500 47 212
2501 47 213
2502 48 49
2503 48 51
2504 48 52
2505 48 53
2506 48 54
2507 48 55
2508 48 57
2509 48 58
2510 48 60
2511 48 64
2512 48 66
2513 48 67
2514 48 68
2515 48 70
2516 48 71
2517 48 72
2518 48 73
2519 48 77
2520 48 78
2521 48 80
2522 48 81
2523 48 82
2524 48 87
2525 48 88
2526 48 90
2527 48 92
2528 48 95
2529 48 96
2530 48 97
2531 48 98
2532 48 99
2533 48 100
2534 48 103
2535 48 106
2536 48 108
2537 48 114
2538 48 115
2539 48 118
2540 48 119
2541 48 121
2542 48 123
2543 48 124
2544 48 125
2545 48 127
2546 48 128
2547 48 129
2548 48 134
2549 48 138
2550 48 139
2551 48 140
2552 48 141
2553 48 142
2554 48 143
2555 48 149
2556 48 151
2557 48 153
2558 48 155
2559 48 156
2560 48 159
2561 48 163
2562 48 164
2563 48 165
2564 48 166
2565 48 168
2566 48 169
2567 48 170
2568 48 172
2569 48 173
2570 48 176
2571 48 177
2572 48 178
2573 48 180
2574 48 181
2575 48 182
2576 48 183
2577 48 184
2578 48 190
2579 48 193
2580 48 195
2581 48 203
2582 48 205
2583 48 206
2584 48 209
2585 48 211
2586 48 212
2587 48 213
2588 49 51
2589 49 52
2590 49 53
2591 49 54
2592 49 55
2593 49 58
2594 49 60
2595 49 63
2596 49 64
2597 49 66
2598 49 67
2599 49 68
2600 49 70
2601 49 71
2602 49 72
2603 49 73
2604 49 75
2605 49 77
2606 49 81
2607 49 82
2608 49 87
2609 49 88
2610 49 92
2611 49 95
2612 49 96
2613 49 97
2614 49 98
2615 49 99
2616 49 100
2617 49 104
2618 49 106
2619 49 108
2620 49 114
2621 49 115
2622 49 118
2623 49 119
2624 49 121
2625 49 124
2626 49 127
2627 49 128
2628 49 129
2629 49 134
2630 49 139
2631 49 140
2632 49 141
2633 49 142
2634 49 143
2635 49 151
2636 49 155
2637 49 156
2638 49 159
2639 49 163
2640 49 164
2641 49 166
2642 49 168
2643 49 169
2644 49 170
2645 49 173
2646 49 176
2647 49 177
2648 49 178
2649 49 180
2650 49 181
2651 49 182
2652 49 183
2653 49 184
2654 49 190
2655 49 195
2656 49 203
2657 49 205
2658 49 209
2659 49 211
2660 49 212
2661 49 213
2662 50 58
2663 50 59
2664 50 61
2665 50 69
2666 50 76
2667 50 79
2668 50 81
2669 50 86
2670 50 89
2671 50 91
2672 50 93
2673 50 94
2674 50 101
2675 50 102
2676 50 105
2677 50 107
2678 50 118
2679 50 122
2680 50 126
2681 50 135
2682 50 137
2683 50 145
2684 50 150
2685 50 151
2686 50 158
2687 50 160
2688 50 161
2689 50 167
2690 50 174
2691 50 179
2692 50 181
2693 50 185
2694 50 186
2695 50 187
2696 50 189
2697 50 194
2698 50 195
2699 50 196
2700 50 197
2701 50 200
2702 50 202
2703 50 204
2704 50 208
2705 50 212
2706 50 214
2707 51 52
2708 51 53
2709 51 54
2710 51 55
2711 51 57
2712 51 58
2713 51 60
2714 51 63
2715 51 64
2716 51 66
2717 51 67
2718 51 68
2719 51 70
2720 51 71
2721 51 72
2722 51 73
2723 51 74
2724 51 75
2725 51 77
2726 51 81
2727 51 82
2728 51 84
2729 51 87
2730 51 88
2731 51 92
2732 51 95
2733 51 96
2734 51 97
2735 51 98
2736 51 100
2737 51 104
2738 51 106
2739 51 108
2740 51 114
2741 51 115
2742 51 118
2743 51 119
2744 51 121
2745 51 124
2746 51 125
2747 51 127
2748 51 128
2749 51 129
2750 51 131
2751 51 134
2752 51 138
2753 51 139
2754 51 140
2755 51 141
2756 51 142
2757 51 143
2758 51 144
2759 51 149
2760 51 151
2761 51 153
2762 51 155
2763 51 156
2764 51 159
2765 51 163
2766 51 164
2767 51 166
2768 51 168
2769 51 169
2770 51 170
2771 51 173
2772 51 176
2773 51 177
2774 51 178
2775 51 180
2776 51 181
2777 51 182
2778 51 183
2779 51 184
2780 51 190
2781 51 191
2782 51 195
2783 51 198
2784 51 203
2785 51 205
2786 51 209
2787 51 211
2788 51 212
2789 51 213
2790 52 53
2791 52 54
2792 52 55
2793 52 58
2794 52 60
2795 52 64
2796 52 66
2797 52 67
2798 52 68
2799 52 70
2800 52 71
2801 52 72
2802 52 73
2803 52 77
2804 52 78
2805 52 81
2806 52 82
2807 52 83
2808 52 87
2809 52 88
2810 52 92
2811 52 95
2812 52 96
2813 52 97
2814 52 98
2815 52 100
2816 52 106
2817 52 108
2818 52 115
2819 52 118
2820 52 119
2821 52 121
2822 52 124
2823 52 127
2824 52 129
2825 52 134
2826 52 136
2827 52 138
2828 52 139
2829 52 140
2830 52 141
2831 52 142
2832 52 143
2833 52 149
2834 52 151
2835 52 154
2836 52 155
2837 52 156
2838 52 159
2839 52 163
2840 52 164
2841 52 166
2842 52 168
2843 52 169
2844 52 170
2845 52 173
2846 52 176
2847 52 177
2848 52 178
2849 52 180
2850 52 181
2851 52 182
2852 52 183
2853 52 184
2854 52 190
2855 52 191
2856 52 195
2857 52 203
2858 52 205
2859 52 209
2860 52 211
2861 52 212
2862 52 213
2863 53 54
2864 53 55
2865 53 57
2866 53 58
2867 53 60
2868 53 64
2869 53 66
2870 53 67
2871 53 68
2872 53 70
2873 53 71
2874 53 72
2875 53 73
2876 53 77
2877 53 81
2878 53 82
2879 53 87
2880 53 88
2881 53 92
2882 53 95
2883 53 96
2884 53 97
2885 53 98
2886 53 99
2887 53 100
2888 53 106
2889 53 108
2890 53 113
2891 53 114
2892 53 115
2893 53 118
2894 53 119
2895 53 121
2896 53 123
2897 53 124
2898 53 125
2899 53 127
2900 53 129
2901 53 131
2902 53 134
2903 53 138
2904 53 139
2905 53 140
2906 53 141
2907 53 142
2908 53 143
2909 53 151
2910 53 155
2911 53 156
2912 53 159
2913 53 163
2914 53 164
2915 53 166
2916 53 168
2917 53 169
2918 53 170
2919 53 173
2920 53 176
2921 53 177
2922 53 178
2923 53 180
2924 53 181
2925 53 182
2926 53 183
2927 53 184
2928 53 190
2929 53 195
2930 53 203
2931 53 205
2932 53 206
2933 53 209
2934 53 211
2935 53 212
2936 53 213
2937 54 55
2938 54 57
2939 54 58
2940 54 60
2941 54 63
2942 54 64
2943 54 66
2944 54 67
2945 54 68
2946 54 70
2947 54 71
2948 54 72
2949 54 73
2950 54 74
2951 54 75
2952 54 77
2953 54 78
2954 54 80
2955 54 81
2956 54 82
2957 54 83
2958 54 84
2959 54 87
2960 54 88
2961 54 90
2962 54 92
2963 54 95
2964 54 96
2965 54 97
2966 54 98
2967 54 99
2968 54 100
2969 54 104
2970 54 106
2971 54 108
2972 54 113
2973 54 114
2974 54 115
2975 54 117
2976 54 118
2977 54 119
2978 54 121
2979 54 123
2980 54 124
2981 54 125
2982 54 127
2983 54 128
2984 54 129
2985 54 130
2986 54 131
2987 54 134
2988 54 136
2989 54 138
2990 54 139
2991 54 140
2992 54 141
2993 54 142
2994 54 143
2995 54 149
2996 54 151
2997 54 153
2998 54 155
2999 54 156
3000 54 159
3001 54 163
3002 54 164
3003 54 166
3004 54 167
3005 54 168
3006 54 169
3007 54 170
3008 54 173
3009 54 176
3010 54 177
3011 54 178
3012 54 180
3013 54 181
3014 54 182
3015 54 183
3016 54 184
3017 54 190
3018 54 191
3019 54 195
3020 54 203
3021 54 205
3022 54 209
3023 54 211
3024 54 212
3025 54 213
3026 55 57
3027 55 58
3028 55 60
3029 55 64
3030 55 66
3031 55 67
3032 55 68
3033 55 70
3034 55 71
3035 55 72
3036 55 73
3037 55 74
3038 55 75
3039 55 77
3040 55 78
3041 55 80
3042 55 81
3043 55 82
3044 55 83
3045 55 87
3046 55 88
3047 55 92
3048 55 95
3049 55 96
3050 55 97
3051 55 98
3052 55 99
3053 55 100
3054 55 104
3055 55 106
3056 55 108
3057 55 114
3058 55 115
3059 55 117
3060 55 118
3061 55 119
3062 55 121
3063 55 123
3064 55 124
3065 55 125
3066 55 127
3067 55 128
3068 55 129
3069 55 131
3070 55 134
3071 55 138
3072 55 139
3073 55 140
3074 55 141
3075 55 142
3076 55 143
3077 55 149
3078 55 151
3079 55 153
3080 55 155
3081 55 156
3082 55 159
3083 55 163
3084 55 164
3085 55 166
3086 55 168
3087 55 169
3088 55 170
3089 55 173
3090 55 176
3091 55 177
3092 55 178
3093 55 180
3094 55 181
3095 55 182
3096 55 183
3097 55 184
3098 55 190
3099 55 191
3100 55 193
3101 55 195
3102 55 203
3103 55 205
3104 55 209
3105 55 211
3106 55 212
3107 55 213
3108 56 90
3109 56 111
3110 56 165
3111 56 172
3112 56 215
3113 57 64
3114 57 67
3115 57 70
3116 57 71
3117 57 72
3118 57 77
3119 57 78
3120 57 80
3121 57 83
3122 57 84
3123 57 92
3124 57 97
3125 57 98
3126 57 99
3127 57 103
3128 57 106
3129 57 113
3130 57 115
3131 57 116
3132 57 118
3133 57 120
3134 57 121
3135 57 124
3136 57 128
3137 57 130
3138 57 136
3139 57 141
3140 57 144
3141 57 146
3142 57 149
3143 57 151
3144 57 153
3145 57 154
3146 57 155
3147 57 159
3148 57 162
3149 57 166
3150 57 169
3151 57 178
3152 57 181
3153 57 182
3154 57 190
3155 57 191
3156 57 195
3157 57 198
3158 57 203
3159 57 205
3160 57 212
3161 58 60
3162 58 64
3163 58 66
3164 58 67
3165 58 70
3166 58 71
3167 58 72
3168 58 73
3169 58 77
3170 58 81
3171 58 82
3172 58 83
3173 58 87
3174 58 88
3175 58 90
3176 58 92
3177 58 95
3178 58 96
3179 58 97
3180 58 98
3181 58 100
3182 58 106
3183 58 108
3184 58 115
3185 58 117
3186 58 118
3187 58 119
3188 58 121
3189 58 124
3190 58 125
3191 58 127
3192 58 128
3193 58 129
3194 58 131
3195 58 134
3196 58 138
3197 58 139
3198 58 140
3199 58 141
3200 58 142
3201 58 143
3202 58 146
3203 58 149
3204 58 151
3205 58 155
3206 58 156
3207 58 157
3208 58 159
3209 58 163
3210 58 164
3211 58 165
3212 58 166
3213 58 168
3214 58 169
3215 58 170
3216 58 173
3217 58 176
3218 58 177
3219 58 178
3220 58 180
3221 58 181
3222 58 182
3223 58 183
3224 58 184
3225 58 190
3226 58 191
3227 58 193
3228 58 195
3229 58 203
3230 58 205
3231 58 209
3232 58 211
3233 58 212
3234 58 213
3235 58 215
3236 59 61
3237 59 69
3238 59 76
3239 59 79
3240 59 86
3241 59 89
3242 59 93
3243 59 94
3244 59 102
3245 59 105
3246 59 107
3247 59 122
3248 59 126
3249 59 135
3250 59 137
3251 59 145
3252 59 150
3253 59 151
3254 59 154
3255 59 158
3256 59 160
3257 59 161
3258 59 167
3259 59 174
3260 59 176
3261 59 181
3262 59 185
3263 59 186
3264 59 187
3265 59 189
3266 59 194
3267 59 196
3268 59 197
3269 59 200
3270 59 202
3271 59 204
3272 59 208
3273 59 214
3274 60 64
3275 60 66
3276 60 67
3277 60 68
3278 60 70
3279 60 71
3280 60 72
3281 60 73
3282 60 75
3283 60 77
3284 60 81
3285 60 82
3286 60 87
3287 60 88
3288 60 92
3289 60 95
3290 60 96
3291 60 97
3292 60 98
3293 60 100
3294 60 104
3295 60 106
3296 60 108
3297 60 115
3298 60 118
3299 60 119
3300 60 121
3301 60 124
3302 60 127
3303 60 129
3304 60 131
3305 60 134
3306 60 139
3307 60 140
3308 60 141
3309 60 142
3310 60 143
3311 60 151
3312 60 155
3313 60 156
3314 60 159
3315 60 163
3316 60 164
3317 60 166
3318 60 168
3319 60 169
3320 60 170
3321 60 173
3322 60 176
3323 60 177
3324 60 178
3325 60 180
3326 60 181
3327 60 182
3328 60 183
3329 60 184
3330 60 190
3331 60 195
3332 60 203
3333 60 205
3334 60 209
3335 60 211
3336 60 212
3337 60 213
3338 61 69
3339 61 76
3340 61 79
3341 61 86
3342 61 89
3343 61 91
3344 61 93
3345 61 94
3346 61 101
3347 61 102
3348 61 105
3349 61 107
3350 61 122
3351 61 126
3352 61 135
3353 61 137
3354 61 145
3355 61 150
3356 61 158
3357 61 160
3358 61 161
3359 61 167
3360 61 174
3361 61 179
3362 61 181
3363 61 185
3364 61 186
3365 61 187
3366 61 189
3367 61 194
3368 61 196
3369 61 197
3370 61 200
3371 61 202
3372 61 204
3373 61 208
3374 61 212
3375 61 214
3376 62 74
3377 62 90
3378 62 111
3379 62 112
3380 62 114
3381 62 117
3382 62 123
3383 62 125
3384 62 133
3385 62 134
3386 62 138
3387 62 147
3388 62 148
3389 62 157
3390 62 165
3391 62 172
3392 62 199
3393 62 206
3394 62 215
3395 63 64
3396 63 66
3397 63 67
3398 63 70
3399 63 71
3400 63 72
3401 63 73
3402 63 75
3403 63 77
3404 63 82
3405 63 92
3406 63 97
3407 63 98
3408 63 104
3409 63 106
3410 63 108
3411 63 115
3412 63 119
3413 63 121
3414 63 131
3415 63 139
3416 63 143
3417 63 151
3418 63 159
3419 63 166
3420 63 169
3421 63 170
3422 63 178
3423 63 181
3424 63 182
3425 63 184
3426 63 195
3427 63 203
3428 63 205
3429 63 209
3430 63 211
3431 63 213
3432 64 66
3433 64 67
3434 64 68
3435 64 70
3436 64 71
3437 64 72
3438 64 73
3439 64 74
3440 64 75
3441 64 77
3442 64 80
3443 64 81
3444 64 82
3445 64 87
3446 64 88
3447 64 92
3448 64 95
3449 64 96
3450 64 97
3451 64 98
3452 64 100
3453 64 104
3454 64 106
3455 64 108
3456 64 114
3457 64 115
3458 64 118
3459 64 119
3460 64 120
3461 64 121
3462 64 123
3463 64 124
3464 64 125
3465 64 127
3466 64 128
3467 64 129
3468 64 131
3469 64 134
3470 64 138
3471 64 139
3472 64 140
3473 64 141
3474 64 142
3475 64 143
3476 64 149
3477 64 151
3478 64 153
3479 64 155
3480 64 156
3481 64 159
3482 64 163
3483 64 164
3484 64 166
3485 64 168
3486 64 169
3487 64 170
3488 64 173
3489 64 176
3490 64 177
3491 64 178
3492 64 180
3493 64 181
3494 64 182
3495 64 183
3496 64 184
3497 64 190
3498 64 191
3499 64 195
3500 64 203
3501 64 205
3502 64 206
3503 64 209
3504 64 211
3505 64 212
3506 64 213
3507 65 85
3508 65 130
3509 65 152
3510 65 175
3511 65 192
3512 65 210
3513 66 67
3514 66 68
3515 66 70
3516 66 71
3517 66 72
3518 66 73
3519 66 77
3520 66 81
3521 66 82
3522 66 87
3523 66 88
3524 66 92
3525 66 95
3526 66 96
3527 66 97
3528 66 98
3529 66 100
3530 66 106
3531 66 108
3532 66 115
3533 66 118
3534 66 119
3535 66 121
3536 66 124
3537 66 125
3538 66 127
3539 66 129
3540 66 131
3541 66 134
3542 66 136
3543 66 138
3544 66 139
3545 66 140
3546 66 141
3547 66 142
3548 66 143
3549 66 148
3550 66 149
3551 66 151
3552 66 155
3553 66 156
3554 66 159
3555 66 163
3556 66 164
3557 66 166
3558 66 168
3559 66 169
3560 66 170
3561 66 173
3562 66 176
3563 66 177
3564 66 178
3565 66 180
3566 66 181
3567 66 182
3568 66 183
3569 66 184
3570 66 190
3571 66 191
3572 66 195
3573 66 199
3574 66 203
3575 66 205
3576 66 209
3577 66 211
3578 66 212
3579 66 213
3580 67 68
3581 67 70
3582 67 71
3583 67 72
3584 67 73
3585 67 77
3586 67 78
3587 67 80
3588 67 81
3589 67 82
3590 67 83
3591 67 87
3592 67 88
3593 67 92
3594 67 95
3595 67 96
3596 67 97
3597 67 98
3598 67 99
3599 67 100
3600 67 106
3601 67 108
3602 67 113
3603 67 115
3604 67 118
3605 67 119
3606 67 120
3607 67 121
3608 67 124
3609 67 127
3610 67 128
3611 67 129
3612 67 131
3613 67 134
3614 67 139
3615 67 140
3616 67 141
3617 67 142
3618 67 143
3619 67 149
3620 67 151
3621 67 153
3622 67 155
3623 67 156
3624 67 159
3625 67 163
3626 67 164
3627 67 166
3628 67 168
3629 67 169
3630 67 170
3631 67 173
3632 67 176
3633 67 177
3634 67 178
3635 67 180
3636 67 181
3637 67 182
3638 67 183
3639 67 184
3640 67 190
3641 67 191
3642 67 195
3643 67 203
3644 67 205
3645 67 209
3646 67 211
3647 67 212
3648 67 213
3649 68 70
3650 68 71
3651 68 72
3652 68 73
3653 68 77
3654 68 81
3655 68 82
3656 68 83
3657 68 87
3658 68 92
3659 68 95
3660 68 96
3661 68 97
3662 68 98
3663 68 100
3664 68 106
3665 68 115
3666 68 118
3667 68 119
3668 68 121
3669 68 124
3670 68 125
3671 68 127
3672 68 128
3673 68 131
3674 68 134
3675 68 139
3676 68 140
3677 68 141
3678 68 142
3679 68 143
3680 68 144
3681 68 149
3682 68 151
3683 68 155
3684 68 156
3685 68 159
3686 68 163
3687 68 164
3688 68 166
3689 68 168
3690 68 169
3691 68 170
3692 68 173
3693 68 176
3694 68 177
3695 68 178
3696 68 180
3697 68 181
3698 68 182
3699 68 183
3700 68 184
3701 68 190
3702 68 191
3703 68 195
3704 68 198
3705 68 203
3706 68 205
3707 68 206
3708 68 211
3709 68 212
3710 68 213
3711 69 76
3712 69 79
3713 69 86
3714 69 89
3715 69 91
3716 69 93
3717 69 94
3718 69 101
3719 69 102
3720 69 105
3721 69 107
3722 69 122
3723 69 126
3724 69 135
3725 69 137
3726 69 145
3727 69 150
3728 69 158
3729 69 160
3730 69 161
3731 69 167
3732 69 174
3733 69 179
3734 69 185
3735 69 186
3736 69 187
3737 69 189
3738 69 194
3739 69 196
3740 69 197
3741 69 200
3742 69 202
3743 69 204
3744 69 208
3745 69 214
3746 70 71
3747 70 72
3748 70 73
3749 70 74
3750 70 75
3751 70 77
3752 70 78
3753 70 81
3754 70 82
3755 70 84
3756 70 87
3757 70 88
3758 70 90
3759 70 92
3760 70 95
3761 70 96
3762 70 97
3763 70 98
3764 70 99
3765 70 100
3766 70 104
3767 70 106
3768 70 108
3769 70 114
3770 70 115
3771 70 118
3772 70 119
3773 70 121
3774 70 123
3775 70 124
3776 70 125
3777 70 127
3778 70 128
3779 70 129
3780 70 131
3781 70 134
3782 70 138
3783 70 139
3784 70 140
3785 70 141
3786 70 142
3787 70 143
3788 70 149
3789 70 151
3790 70 153
3791 70 155
3792 70 156
3793 70 159
3794 70 163
3795 70 164
3796 70 166
3797 70 168
3798 70 169
3799 70 170
3800 70 173
3801 70 176
3802 70 177
3803 70 178
3804 70 180
3805 70 181
3806 70 182
3807 70 183
3808 70 184
3809 70 190
3810 70 191
3811 70 195
3812 70 203
3813 70 205
3814 70 209
3815 70 211
3816 70 212
3817 70 213
3818 71 72
3819 71 73
3820 71 75
3821 71 77
3822 71 78
3823 71 80
3824 71 81
3825 71 82
3826 71 83
3827 71 87
3828 71 88
3829 71 90
3830 71 92
3831 71 95
3832 71 96
3833 71 97
3834 71 98
3835 71 99
3836 71 100
3837 71 104
3838 71 106
3839 71 108
3840 71 113
3841 71 115
3842 71 118
3843 71 119
3844 71 121
3845 71 124
3846 71 127
3847 71 128
3848 71 129
3849 71 131
3850 71 134
3851 71 138
3852 71 139
3853 71 140
3854 71 141
3855 71 142
3856 71 143
3857 71 149
3858 71 151
3859 71 153
3860 71 155
3861 71 156
3862 71 159
3863 71 163
3864 71 164
3865 71 166
3866 71 168
3867 71 169
3868 71 170
3869 71 173
3870 71 176
3871 71 177
3872 71 178
3873 71 180
3874 71 181
3875 71 182
3876 71 183
3877 71 184
3878 71 190
3879 71 191
3880 71 195
3881 71 203
3882 71 205
3883 71 209
3884 71 211
3885 71 212
3886 71 213
3887 72 73
3888 72 74
3889 72 75
3890 72 77
3891 72 78
3892 72 81
3893 72 82
3894 72 84
3895 72 87
3896 72 88
3897 72 90
3898 72 92
3899 72 95
3900 72 96
3901 72 97
3902 72 98
3903 72 99
3904 72 100
3905 72 104
3906 72 106
3907 72 108
3908 72 114
3909 72 115
3910 72 118
3911 72 119
3912 72 121
3913 72 123
3914 72 124
3915 72 125
3916 72 127
3917 72 128
3918 72 129
3919 72 131
3920 72 134
3921 72 138
3922 72 139
3923 72 140
3924 72 141
3925 72 142
3926 72 143
3927 72 149
3928 72 151
3929 72 153
3930 72 155
3931 72 156
3932 72 159
3933 72 163
3934 72 164
3935 72 166
3936 72 168
3937 72 169
3938 72 170
3939 72 173
3940 72 176
3941 72 177
3942 72 178
3943 72 180
3944 72 181
3945 72 182
3946 72 183
3947 72 184
3948 72 190
3949 72 191
3950 72 195
3951 72 203
3952 72 205
3953 72 209
3954 72 211
3955 72 212
3956 72 213
3957 73 74
3958 73 77
3959 73 78
3960 73 79
3961 73 81
3962 73 82
3963 73 83
3964 73 87
3965 73 88
3966 73 90
3967 73 92
3968 73 95
3969 73 96
3970 73 97
3971 73 98
3972 73 100
3973 73 106
3974 73 108
3975 73 114
3976 73 115
3977 73 117
3978 73 118
3979 73 119
3980 73 121
3981 73 123
3982 73 124
3983 73 127
3984 73 128
3985 73 129
3986 73 131
3987 73 134
3988 73 138
3989 73 139
3990 73 140
3991 73 141
3992 73 142
3993 73 143
3994 73 149
3995 73 151
3996 73 155
3997 73 156
3998 73 159
3999 73 163
4000 73 164
4001 73 166
4002 73 167
4003 73 168
4004 73 169
4005 73 170
4006 73 173
4007 73 176
4008 73 177
4009 73 178
4010 73 180
4011 73 181
4012 73 182
4013 73 183
4014 73 184
4015 73 189
4016 73 190
4017 73 191
4018 73 195
4019 73 203
4020 73 205
4021 73 209
4022 73 211
4023 73 212
4024 73 213
4025 74 90
4026 74 97
4027 74 98
4028 74 111
4029 74 114
4030 74 117
4031 74 118
4032 74 123
4033 74 124
4034 74 125
4035 74 133
4036 74 138
4037 74 147
4038 74 148
4039 74 153
4040 74 156
4041 74 157
4042 74 159
4043 74 172
4044 74 176
4045 74 177
4046 74 181
4047 74 184
4048 74 190
4049 74 199
4050 74 205
4051 74 206
4052 74 212
4053 74 213
4054 74 215
4055 75 77
4056 75 82
4057 75 92
4058 75 97
4059 75 98
4060 75 104
4061 75 106
4062 75 108
4063 75 115
4064 75 119
4065 75 121
4066 75 131
4067 75 139
4068 75 143
4069 75 151
4070 75 159
4071 75 166
4072 75 168
4073 75 169
4074 75 170
4075 75 178
4076 75 181
4077 75 182
4078 75 184
4079 75 195
4080 75 203
4081 75 205
4082 75 209
4083 75 211
4084 75 213
4085 76 79
4086 76 86
4087 76 89
4088 76 91
4089 76 93
4090 76 94
4091 76 102
4092 76 105
4093 76 107
4094 76 122
4095 76 126
4096 76 135
4097 76 137
4098 76 145
4099 76 150
4100 76 158
4101 76 160
4102 76 161
4103 76 167
4104 76 174
4105 76 179
4106 76 185
4107 76 186
4108 76 187
4109 76 189
4110 76 194
4111 76 197
4112 76 200
4113 76 202
4114 76 204
4115 76 208
4116 76 214
4117 77 78
4118 77 81
4119 77 82
4120 77 87
4121 77 88
4122 77 92
4123 77 95
4124 77 96
4125 77 97
4126 77 98
4127 77 100
4128 77 104
4129 77 106
4130 77 108
4131 77 113
4132 77 114
4133 77 115
4134 77 118
4135 77 119
4136 77 121
4137 77 124
4138 77 127
4139 77 129
4140 77 131
4141 77 134
4142 77 136
4143 77 138
4144 77 139
4145 77 140
4146 77 141
4147 77 142
4148 77 143
4149 77 149
4150 77 151
4151 77 153
4152 77 155
4153 77 156
4154 77 159
4155 77 163
4156 77 164
4157 77 166
4158 77 168
4159 77 169
4160 77 170
4161 77 173
4162 77 176
4163 77 177
4164 77 178
4165 77 180
4166 77 181
4167 77 182
4168 77 183
4169 77 184
4170 77 190
4171 77 191
4172 77 195
4173 77 203
4174 77 205
4175 77 209
4176 77 211
4177 77 212
4178 77 213
4179 78 80
4180 78 81
4181 78 83
4182 78 84
4183 78 90
4184 78 97
4185 78 98
4186 78 99
4187 78 103
4188 78 106
4189 78 113
4190 78 115
4191 78 116
4192 78 118
4193 78 120
4194 78 123
4195 78 124
4196 78 128
4197 78 134
4198 78 136
4199 78 138
4200 78 144
4201 78 149
4202 78 151
4203 78 153
4204 78 154
4205 78 155
4206 78 156
4207 78 159
4208 78 162
4209 78 163
4210 78 165
4211 78 166
4212 78 171
4213 78 173
4214 78 177
4215 78 178
4216 78 181
4217 78 182
4218 78 184
4219 78 190
4220 78 191
4221 78 193
4222 78 195
4223 78 198
4224 78 205
4225 78 207
4226 78 212
4227 79 86
4228 79 89
4229 79 91
4230 79 93
4231 79 94
4232 79 101
4233 79 102
4234 79 105
4235 79 107
4236 79 122
4237 79 126
4238 79 135
4239 79 137
4240 79 145
4241 79 150
4242 79 158
4243 79 160
4244 79 161
4245 79 167
4246 79 174
4247 79 179
4248 79 181
4249 79 185
4250 79 186
4251 79 187
4252 79 189
4253 79 194
4254 79 196
4255 79 197
4256 79 200
4257 79 202
4258 79 204
4259 79 208
4260 79 214
4261 80 82
4262 80 83
4263 80 84
4264 80 97
4265 80 98
4266 80 99
4267 80 103
4268 80 113
4269 80 116
4270 80 118
4271 80 120
4272 80 123
4273 80 124
4274 80 128
4275 80 134
4276 80 136
4277 80 142
4278 80 143
4279 80 144
4280 80 146
4281 80 149
4282 80 151
4283 80 153
4284 80 154
4285 80 156
4286 80 162
4287 80 163
4288 80 169
4289 80 175
4290 80 177
4291 80 181
4292 80 182
4293 80 190
4294 80 191
4295 80 193
4296 80 195
4297 80 198
4298 80 201
4299 80 212
4300 81 82
4301 81 87
4302 81 88
4303 81 90
4304 81 92
4305 81 95
4306 81 96
4307 81 97
4308 81 98
4309 81 100
4310 81 106
4311 81 108
4312 81 115
4313 81 117
4314 81 118
4315 81 119
4316 81 121
4317 81 124
4318 81 127
4319 81 129
4320 81 134
4321 81 138
4322 81 139
4323 81 140
4324 81 141
4325 81 142
4326 81 143
4327 81 151
4328 81 155
4329 81 156
4330 81 159
4331 81 163
4332 81 164
4333 81 165
4334 81 166
4335 81 168
4336 81 169
4337 81 170
4338 81 173
4339 81 176
4340 81 177
4341 81 178
4342 81 180
4343 81 181
4344 81 182
4345 81 183
4346 81 184
4347 81 190
4348 81 191
4349 81 193
4350 81 195
4351 81 203
4352 81 205
4353 81 209
4354 81 211
4355 81 212
4356 81 213
4357 82 87
4358 82 88
4359 82 92
4360 82 95
4361 82 96
4362 82 97
4363 82 98
4364 82 100
4365 82 104
4366 82 106
4367 82 108
4368 82 115
4369 82 118
4370 82 119
4371 82 121
4372 82 124
4373 82 127
4374 82 129
4375 82 131
4376 82 134
4377 82 139
4378 82 140
4379 82 141
4380 82 142
4381 82 143
4382 82 149
4383 82 151
4384 82 153
4385 82 155
4386 82 156
4387 82 159
4388 82 163
4389 82 164
4390 82 166
4391 82 168
4392 82 169
4393 82 170
4394 82 173
4395 82 176
4396 82 177
4397 82 178
4398 82 180
4399 82 181
4400 82 182
4401 82 183
4402 82 184
4403 82 190
4404 82 195
4405 82 203
4406 82 205
4407 82 209
4408 82 211
4409 82 212
4410 82 213
4411 83 84
4412 83 85
4413 83 90
4414 83 97
4415 83 98
4416 83 99
4417 83 103
4418 83 113
4419 83 115
4420 83 116
4421 83 118
4422 83 120
4423 83 124
4424 83 128
4425 83 136
4426 83 138
4427 83 142
4428 83 144
4429 83 149
4430 83 153
4431 83 154
4432 83 156
4433 83 159
4434 83 162
4435 83 163
4436 83 166
4437 83 173
4438 83 177
4439 83 178
4440 83 181
4441 83 182
4442 83 184
4443 83 190
4444 83 191
4445 83 193
4446 83 195
4447 83 198
4448 83 205
4449 83 212
4450 84 97
4451 84 99
4452 84 103
4453 84 113
4454 84 116
4455 84 120
4456 84 128
4457 84 136
4458 84 144
4459 84 149
4460 84 153
4461 84 154
4462 84 162
4463 84 169
4464 84 181
4465 84 184
4466 84 191
4467 84 195
4468 84 198
4469 84 205
4470 85 130
4471 85 146
4472 85 152
4473 85 192
4474 85 193
4475 85 207
4476 86 89
4477 86 93
4478 86 94
4479 86 102
4480 86 105
4481 86 107
4482 86 122
4483 86 126
4484 86 135
4485 86 137
4486 86 145
4487 86 150
4488 86 158
4489 86 160
4490 86 161
4491 86 167
4492 86 174
4493 86 185
4494 86 186
4495 86 187
4496 86 189
4497 86 194
4498 86 196
4499 86 197
4500 86 200
4501 86 202
4502 86 204
4503 86 208
4504 86 214
4505 87 88
4506 87 92
4507 87 96
4508 87 97
4509 87 98
4510 87 99
4511 87 100
4512 87 106
4513 87 108
4514 87 115
4515 87 118
4516 87 119
4517 87 121
4518 87 124
4519 87 127
4520 87 129
4521 87 134
4522 87 139
4523 87 140
4524 87 141
4525 87 142
4526 87 143
4527 87 151
4528 87 155
4529 87 156
4530 87 159
4531 87 163
4532 87 164
4533 87 166
4534 87 168
4535 87 169
4536 87 170
4537 87 173
4538 87 176
4539 87 178
4540 87 180
4541 87 181
4542 87 182
4543 87 183
4544 87 184
4545 87 190
4546 87 195
4547 87 203
4548 87 205
4549 87 206
4550 87 209
4551 87 211
4552 87 212
4553 87 213
4554 88 92
4555 88 95
4556 88 96
4557 88 97
4558 88 98
4559 88 100
4560 88 106
4561 88 108
4562 88 115
4563 88 118
4564 88 119
4565 88 121
4566 88 124
4567 88 127
4568 88 129
4569 88 134
4570 88 139
4571 88 140
4572 88 141
4573 88 142
4574 88 143
4575 88 149
4576 88 151
4577 88 155
4578 88 156
4579 88 159
4580 88 163
4581 88 164
4582 88 166
4583 88 168
4584 88 169
4585 88 170
4586 88 173
4587 88 176
4588 88 177
4589 88 178
4590 88 180
4591 88 181
4592 88 182
4593 88 183
4594 88 184
4595 88 190
4596 88 195
4597 88 203
4598 88 205
4599 88 209
4600 88 211
4601 88 212
4602 88 213
4603 89 91
4604 89 93
4605 89 94
4606 89 101
4607 89 102
4608 89 105
4609 89 107
4610 89 122
4611 89 126
4612 89 135
4613 89 137
4614 89 145
4615 89 150
4616 89 158
4617 89 160
4618 89 161
4619 89 167
4620 89 174
4621 89 179
4622 89 181
4623 89 185
4624 89 186
4625 89 187
4626 89 189
4627 89 194
4628 89 196
4629 89 197
4630 89 200
4631 89 202
4632 89 204
4633 89 208
4634 89 214
4635 90 97
4636 90 98
4637 90 100
4638 90 106
4639 90 111
4640 90 112
4641 90 114
4642 90 117
4643 90 118
4644 90 123
4645 90 124
4646 90 125
4647 90 128
4648 90 133
4649 90 134
4650 90 138
4651 90 142
4652 90 147
4653 90 148
4654 90 151
4655 90 155
4656 90 156
4657 90 157
4658 90 163
4659 90 165
4660 90 166
4661 90 170
4662 90 172
4663 90 176
4664 90 180
4665 90 181
4666 90 184
4667 90 190
4668 90 195
4669 90 199
4670 90 205
4671 90 206
4672 90 212
4673 90 213
4674 90 215
4675 91 93
4676 91 101
4677 91 102
4678 91 105
4679 91 122
4680 91 126
4681 91 135
4682 91 137
4683 91 145
4684 91 150
4685 91 158
4686 91 160
4687 91 161
4688 91 167
4689 91 179
4690 91 185
4691 91 186
4692 91 187
4693 91 194
4694 91 196
4695 91 197
4696 91 200
4697 91 202
4698 91 204
4699 91 208
4700 91 214
4701 92 95
4702 92 96
4703 92 97
4704 92 98
4705 92 100
4706 92 104
4707 92 106
4708 92 108
4709 92 115
4710 92 118
4711 92 119
4712 92 121
4713 92 124
4714 92 127
4715 92 129
4716 92 131
4717 92 134
4718 92 139
4719 92 140
4720 92 141
4721 92 142
4722 92 143
4723 92 151
4724 92 153
4725 92 155
4726 92 156
4727 92 159
4728 92 163
4729 92 164
4730 92 166
4731 92 168
4732 92 169
4733 92 170
4734 92 173
4735 92 176
4736 92 177
4737 92 178
4738 92 180
4739 92 181
4740 92 182
4741 92 183
4742 92 184
4743 92 190
4744 92 195
4745 92 203
4746 92 205
4747 92 209
4748 92 211
4749 92 212
4750 92 213
4751 93 94
4752 93 101
4753 93 102
4754 93 105
4755 93 107
4756 93 122
4757 93 126
4758 93 135
4759 93 137
4760 93 145
4761 93 150
4762 93 158
4763 93 160
4764 93 161
4765 93 167
4766 93 174
4767 93 179
4768 93 185
4769 93 186
4770 93 187
4771 93 189
4772 93 194
4773 93 196
4774 93 197
4775 93 200
4776 93 202
4777 93 204
4778 93 208
4779 93 214
4780 94 101
4781 94 102
4782 94 105
4783 94 107
4784 94 122
4785 94 126
4786 94 135
4787 94 137
4788 94 145
4789 94 150
4790 94 158
4791 94 160
4792 94 161
4793 94 166
4794 94 167
4795 94 174
4796 94 179
4797 94 185
4798 94 186
4799 94 187
4800 94 189
4801 94 194
4802 94 196
4803 94 197
4804 94 200
4805 94 202
4806 94 204
4807 94 208
4808 94 214
4809 95 96
4810 95 97
4811 95 98
4812 95 100
4813 95 106
4814 95 108
4815 95 115
4816 95 118
4817 95 119
4818 95 121
4819 95 124
4820 95 127
4821 95 129
4822 95 134
4823 95 139
4824 95 141
4825 95 142
4826 95 143
4827 95 151
4828 95 155
4829 95 156
4830 95 159
4831 95 163
4832 95 164
4833 95 166
4834 95 168
4835 95 169
4836 95 170
4837 95 173
4838 95 176
4839 95 177
4840 95 178
4841 95 180
4842 95 181
4843 95 182
4844 95 183
4845 95 184
4846 95 190
4847 95 195
4848 95 203
4849 95 205
4850 95 209
4851 95 211
4852 95 212
4853 95 213
4854 96 97
4855 96 98
4856 96 100
4857 96 106
4858 96 108
4859 96 113
4860 96 115
4861 96 118
4862 96 119
4863 96 121
4864 96 124
4865 96 127
4866 96 129
4867 96 131
4868 96 134
4869 96 138
4870 96 139
4871 96 140
4872 96 141
4873 96 142
4874 96 143
4875 96 151
4876 96 155
4877 96 156
4878 96 159
4879 96 163
4880 96 164
4881 96 166
4882 96 168
4883 96 169
4884 96 170
4885 96 173
4886 96 176
4887 96 177
4888 96 178
4889 96 180
4890 96 181
4891 96 182
4892 96 183
4893 96 184
4894 96 190
4895 96 191
4896 96 195
4897 96 203
4898 96 205
4899 96 209
4900 96 211
4901 96 212
4902 96 213
4903 97 98
4904 97 99
4905 97 100
4906 97 104
4907 97 106
4908 97 108
4909 97 114
4910 97 115
4911 97 118
4912 97 119
4913 97 121
4914 97 123
4915 97 124
4916 97 125
4917 97 127
4918 97 128
4919 97 129
4920 97 131
4921 97 134
4922 97 136
4923 97 138
4924 97 139
4925 97 140
4926 97 141
4927 97 142
4928 97 143
4929 97 149
4930 97 151
4931 97 153
4932 97 155
4933 97 156
4934 97 159
4935 97 163
4936 97 164
4937 97 166
4938 97 167
4939 97 168
4940 97 169
4941 97 170
4942 97 173
4943 97 176
4944 97 177
4945 97 178
4946 97 180
4947 97 181
4948 97 182
4949 97 183
4950 97 184
4951 97 190
4952 97 191
4953 97 195
4954 97 203
4955 97 205
4956 97 209
4957 97 211
4958 97 212
4959 97 213
4960 98 99
4961 98 100
4962 98 104
4963 98 106
4964 98 108
4965 98 113
4966 98 114
4967 98 115
4968 98 118
4969 98 119
4970 98 120
4971 98 121
4972 98 124
4973 98 125
4974 98 127
4975 98 128
4976 98 129
4977 98 134
4978 98 138
4979 98 139
4980 98 140
4981 98 141
4982 98 142
4983 98 143
4984 98 144
4985 98 151
4986 98 153
4987 98 155
4988 98 156
4989 98 159
4990 98 163
4991 98 164
4992 98 166
4993 98 168
4994 98 169
4995 98 170
4996 98 173
4997 98 176
4998 98 177
4999 98 178
5000 98 180
5001 98 181
5002 98 182
5003 98 183
5004 98 184
5005 98 190
5006 98 191
5007 98 195
5008 98 198
5009 98 203
5010 98 205
5011 98 206
5012 98 209
5013 98 211
5014 98 212
5015 98 213
5016 99 103
5017 99 113
5018 99 116
5019 99 118
5020 99 119
5021 99 120
5022 99 121
5023 99 124
5024 99 128
5025 99 129
5026 99 134
5027 99 136
5028 99 138
5029 99 141
5030 99 142
5031 99 143
5032 99 144
5033 99 149
5034 99 151
5035 99 153
5036 99 154
5037 99 156
5038 99 162
5039 99 171
5040 99 178
5041 99 181
5042 99 182
5043 99 184
5044 99 190
5045 99 191
5046 99 195
5047 99 198
5048 99 201
5049 99 203
5050 99 205
5051 99 212
5052 99 213
5053 100 106
5054 100 108
5055 100 115
5056 100 118
5057 100 119
5058 100 121
5059 100 123
5060 100 124
5061 100 125
5062 100 127
5063 100 129
5064 100 134
5065 100 139
5066 100 140
5067 100 141
5068 100 142
5069 100 143
5070 100 151
5071 100 155
5072 100 156
5073 100 159
5074 100 163
5075 100 164
5076 100 166
5077 100 168
5078 100 169
5079 100 170
5080 100 173
5081 100 176
5082 100 177
5083 100 178
5084 100 180
5085 100 181
5086 100 182
5087 100 183
5088 100 184
5089 100 190
5090 100 195
5091 100 203
5092 100 205
5093 100 209
5094 100 211
5095 100 212
5096 100 213
5097 101 105
5098 101 122
5099 101 126
5100 101 135
5101 101 137
5102 101 145
5103 101 150
5104 101 158
5105 101 160
5106 101 161
5107 101 167
5108 101 179
5109 101 185
5110 101 186
5111 101 187
5112 101 189
5113 101 194
5114 101 196
5115 101 197
5116 101 200
5117 101 202
5118 101 204
5119 101 208
5120 101 214
5121 102 105
5122 102 107
5123 102 122
5124 102 126
5125 102 135
5126 102 137
5127 102 145
5128 102 150
5129 102 158
5130 102 160
5131 102 161
5132 102 167
5133 102 174
5134 102 179
5135 102 185
5136 102 186
5137 102 187
5138 102 189
5139 102 194
5140 102 197
5141 102 200
5142 102 202
5143 102 204
5144 102 208
5145 102 214
5146 103 113
5147 103 116
5148 103 120
5149 103 128
5150 103 136
5151 103 144
5152 103 146
5153 103 149
5154 103 153
5155 103 154
5156 103 162
5157 103 191
5158 103 198
5159 104 106
5160 104 108
5161 104 115
5162 104 119
5163 104 121
5164 104 131
5165 104 139
5166 104 143
5167 104 151
5168 104 159
5169 104 166
5170 104 168
5171 104 169
5172 104 170
5173 104 178
5174 104 181
5175 104 182
5176 104 184
5177 104 195
5178 104 203
5179 104 205
5180 104 209
5181 104 211
5182 104 213
5183 105 107
5184 105 122
5185 105 126
5186 105 135
5187 105 137
5188 105 145
5189 105 150
5190 105 158
5191 105 160
5192 105 161
5193 105 167
5194 105 174
5195 105 179
5196 105 185
5197 105 186
5198 105 187
5199 105 189
5200 105 194
5201 105 196
5202 105 197
5203 105 200
5204 105 202
5205 105 204
5206 105 208
5207 105 214
5208 106 108
5209 106 114
5210 106 115
5211 106 118
5212 106 119
5213 106 121
5214 106 123
5215 106 124
5216 106 125
5217 106 127
5218 106 129
5219 106 131
5220 106 134
5221 106 138
5222 106 139
5223 106 140
5224 106 141
5225 106 142
5226 106 143
5227 106 151
5228 106 153
5229 106 155
5230 106 156
5231 106 159
5232 106 163
5233 106 164
5234 106 166
5235 106 168
5236 106 169
5237 106 170
5238 106 173
5239 106 176
5240 106 177
5241 106 178
5242 106 180
5243 106 181
5244 106 182
5245 106 183
5246 106 184
5247 106 190
5248 106 191
5249 106 195
5250 106 203
5251 106 205
5252 106 206
5253 106 209
5254 106 211
5255 106 212
5256 106 213
5257 107 122
5258 107 126
5259 107 135
5260 107 137
5261 107 145
5262 107 150
5263 107 158
5264 107 160
5265 107 161
5266 107 167
5267 107 174
5268 107 179
5269 107 185
5270 107 186
5271 107 187
5272 107 189
5273 107 194
5274 107 197
5275 107 200
5276 107 202
5277 107 204
5278 107 208
5279 107 214
5280 108 115
5281 108 118
5282 108 119
5283 108 121
5284 108 124
5285 108 127
5286 108 129
5287 108 131
5288 108 134
5289 108 139
5290 108 141
5291 108 142
5292 108 143
5293 108 151
5294 108 155
5295 108 156
5296 108 159
5297 108 163
5298 108 164
5299 108 166
5300 108 168
5301 108 169
5302 108 170
5303 108 173
5304 108 176
5305 108 177
5306 108 178
5307 108 180
5308 108 181
5309 108 182
5310 108 183
5311 108 184
5312 108 190
5313 108 195
5314 108 203
5315 108 205
5316 108 209
5317 108 211
5318 108 212
5319 108 213
5320 109 110
5321 109 152
5322 109 171
5323 109 175
5324 109 188
5325 109 192
5326 109 210
5327 110 171
5328 110 188
5329 110 192
5330 110 210
5331 111 112
5332 111 114
5333 111 117
5334 111 123
5335 111 125
5336 111 133
5337 111 138
5338 111 147
5339 111 148
5340 111 156
5341 111 157
5342 111 165
5343 111 172
5344 111 199
5345 111 206
5346 111 215
5347 112 117
5348 112 123
5349 112 138
5350 112 147
5351 112 157
5352 112 165
5353 112 206
5354 112 215
5355 113 115
5356 113 116
5357 113 120
5358 113 128
5359 113 134
5360 113 136
5361 113 139
5362 113 141
5363 113 144
5364 113 149
5365 113 153
5366 113 154
5367 113 156
5368 113 162
5369 113 170
5370 113 178
5371 113 180
5372 113 181
5373 113 182
5374 113 191
5375 113 195
5376 113 198
5377 113 203
5378 113 212
5379 114 117
5380 114 118
5381 114 123
5382 114 124
5383 114 125
5384 114 128
5385 114 133
5386 114 134
5387 114 138
5388 114 139
5389 114 147
5390 114 148
5391 114 151
5392 114 153
5393 114 156
5394 114 157
5395 114 159
5396 114 172
5397 114 176
5398 114 177
5399 114 181
5400 114 184
5401 114 190
5402 114 199
5403 114 205
5404 114 206
5405 114 212
5406 114 213
5407 115 118
5408 115 119
5409 115 121
5410 115 123
5411 115 124
5412 115 127
5413 115 129
5414 115 131
5415 115 134
5416 115 138
5417 115 139
5418 115 140
5419 115 141
5420 115 142
5421 115 143
5422 115 149
5423 115 151
5424 115 153
5425 115 155
5426 115 156
5427 115 159
5428 115 163
5429 115 164
5430 115 166
5431 115 168
5432 115 169
5433 115 170
5434 115 173
5435 115 176
5436 115 177
5437 115 178
5438 115 180
5439 115 181
5440 115 182
5441 115 183
5442 115 184
5443 115 190
5444 115 191
5445 115 195
5446 115 203
5447 115 205
5448 115 209
5449 115 211
5450 115 212
5451 115 213
5452 116 120
5453 116 128
5454 116 136
5455 116 144
5456 116 149
5457 116 153
5458 116 154
5459 116 162
5460 116 191
5461 116 198
5462 117 118
5463 117 123
5464 117 125
5465 117 133
5466 117 138
5467 117 147
5468 117 151
5469 117 156
5470 117 157
5471 117 163
5472 117 165
5473 117 172
5474 117 176
5475 117 190
5476 117 206
5477 117 212
5478 117 215
5479 118 119
5480 118 121
5481 118 123
5482 118 124
5483 118 125
5484 118 127
5485 118 128
5486 118 129
5487 118 130
5488 118 131
5489 118 134
5490 118 138
5491 118 139
5492 118 140
5493 118 141
5494 118 142
5495 118 143
5496 118 149
5497 118 151
5498 118 153
5499 118 154
5500 118 155
5501 118 156
5502 118 157
5503 118 159
5504 118 163
5505 118 164
5506 118 165
5507 118 166
5508 118 168
5509 118 169
5510 118 170
5511 118 172
5512 118 173
5513 118 176
5514 118 177
5515 118 178
5516 118 180
5517 118 181
5518 118 182
5519 118 183
5520 118 184
5521 118 190
5522 118 191
5523 118 193
5524 118 195
5525 118 203
5526 118 205
5527 118 206
5528 118 209
5529 118 211
5530 118 212
5531 118 213
5532 119 121
5533 119 124
5534 119 127
5535 119 128
5536 119 129
5537 119 131
5538 119 134
5539 119 139
5540 119 140
5541 119 141
5542 119 142
5543 119 143
5544 119 149
5545 119 151
5546 119 155
5547 119 156
5548 119 159
5549 119 163
5550 119 164
5551 119 166
5552 119 168
5553 119 169
5554 119 170
5555 119 173
5556 119 176
5557 119 177
5558 119 178
5559 119 180
5560 119 181
5561 119 182
5562 119 183
5563 119 184
5564 119 190
5565 119 195
5566 119 203
5567 119 205
5568 119 209
5569 119 211
5570 119 212
5571 119 213
5572 120 128
5573 120 134
5574 120 136
5575 120 144
5576 120 149
5577 120 153
5578 120 154
5579 120 162
5580 120 178
5581 120 181
5582 120 190
5583 120 191
5584 120 195
5585 120 198
5586 120 205
5587 121 123
5588 121 124
5589 121 127
5590 121 129
5591 121 131
5592 121 134
5593 121 139
5594 121 140
5595 121 141
5596 121 142
5597 121 143
5598 121 149
5599 121 151
5600 121 155
5601 121 156
5602 121 159
5603 121 163
5604 121 164
5605 121 166
5606 121 168
5607 121 169
5608 121 170
5609 121 173
5610 121 176
5611 121 177
5612 121 178
5613 121 180
5614 121 181
5615 121 182
5616 121 183
5617 121 184
5618 121 190
5619 121 195
5620 121 203
5621 121 205
5622 121 209
5623 121 211
5624 121 212
5625 121 213
5626 122 126
5627 122 135
5628 122 137
5629 122 145
5630 122 150
5631 122 158
5632 122 160
5633 122 161
5634 122 167
5635 122 174
5636 122 179
5637 122 185
5638 122 186
5639 122 187
5640 122 189
5641 122 194
5642 122 196
5643 122 197
5644 122 200
5645 122 202
5646 122 204
5647 122 208
5648 122 214
5649 123 125
5650 123 128
5651 123 133
5652 123 134
5653 123 138
5654 123 141
5655 123 147
5656 123 148
5657 123 151
5658 123 155
5659 123 156
5660 123 157
5661 123 159
5662 123 163
5663 123 165
5664 123 169
5665 123 170
5666 123 172
5667 123 177
5668 123 178
5669 123 181
5670 123 184
5671 123 191
5672 123 199
5673 123 205
5674 123 206
5675 123 212
5676 123 215
5677 124 125
5678 124 127
5679 124 128
5680 124 129
5681 124 131
5682 124 134
5683 124 138
5684 124 139
5685 124 140
5686 124 141
5687 124 142
5688 124 143
5689 124 149
5690 124 151
5691 124 153
5692 124 155
5693 124 156
5694 124 159
5695 124 163
5696 124 164
5697 124 166
5698 124 168
5699 124 169
5700 124 170
5701 124 172
5702 124 173
5703 124 176
5704 124 177
5705 124 178
5706 124 180
5707 124 181
5708 124 182
5709 124 183
5710 124 184
5711 124 190
5712 124 193
5713 124 195
5714 124 203
5715 124 205
5716 124 206
5717 124 209
5718 124 211
5719 124 212
5720 124 213
5721 125 133
5722 125 138
5723 125 141
5724 125 147
5725 125 148
5726 125 149
5727 125 151
5728 125 155
5729 125 156
5730 125 157
5731 125 163
5732 125 165
5733 125 172
5734 125 173
5735 125 176
5736 125 177
5737 125 178
5738 125 181
5739 125 190
5740 125 195
5741 125 199
5742 125 201
5743 125 205
5744 125 206
5745 125 212
5746 125 213
5747 125 215
5748 126 135
5749 126 137
5750 126 145
5751 126 150
5752 126 158
5753 126 160
5754 126 161
5755 126 167
5756 126 174
5757 126 179
5758 126 185
5759 126 186
5760 126 187
5761 126 189
5762 126 194
5763 126 196
5764 126 197
5765 126 200
5766 126 202
5767 126 204
5768 126 208
5769 126 214
5770 127 129
5771 127 134
5772 127 139
5773 127 140
5774 127 141
5775 127 142
5776 127 143
5777 127 151
5778 127 155
5779 127 156
5780 127 159
5781 127 163
5782 127 164
5783 127 166
5784 127 168
5785 127 169
5786 127 170
5787 127 173
5788 127 176
5789 127 177
5790 127 178
5791 127 181
5792 127 182
5793 127 183
5794 127 184
5795 127 190
5796 127 195
5797 127 203
5798 127 205
5799 127 209
5800 127 211
5801 127 212
5802 127 213
5803 128 130
5804 128 136
5805 128 138
5806 128 144
5807 128 149
5808 128 151
5809 128 153
5810 128 154
5811 128 162
5812 128 163
5813 128 165
5814 128 169
5815 128 170
5816 128 176
5817 128 177
5818 128 181
5819 128 184
5820 128 190
5821 128 191
5822 128 193
5823 128 195
5824 128 198
5825 128 201
5826 128 203
5827 128 205
5828 128 211
5829 128 212
5830 128 213
5831 129 134
5832 129 139
5833 129 140
5834 129 141
5835 129 142
5836 129 143
5837 129 151
5838 129 155
5839 129 156
5840 129 159
5841 129 163
5842 129 164
5843 129 166
5844 129 168
5845 129 169
5846 129 170
5847 129 173
5848 129 177
5849 129 178
5850 129 180
5851 129 181
5852 129 182
5853 129 183
5854 129 184
5855 129 190
5856 129 195
5857 129 203
5858 129 205
5859 129 206
5860 129 209
5861 129 211
5862 129 212
5863 129 213
5864 130 132
5865 130 134
5866 130 138
5867 130 146
5868 130 149
5869 130 151
5870 130 166
5871 130 193
5872 130 201
5873 130 212
5874 131 134
5875 131 139
5876 131 143
5877 131 151
5878 131 156
5879 131 159
5880 131 163
5881 131 166
5882 131 168
5883 131 169
5884 131 170
5885 131 177
5886 131 178
5887 131 181
5888 131 182
5889 131 183
5890 131 184
5891 131 190
5892 131 195
5893 131 203
5894 131 205
5895 131 209
5896 131 211
5897 131 212
5898 131 213
5899 132 146
5900 132 193
5901 132 201
5902 133 138
5903 133 147
5904 133 148
5905 133 157
5906 133 165
5907 133 172
5908 133 199
5909 133 206
5910 133 215
5911 134 138
5912 134 139
5913 134 140
5914 134 141
5915 134 142
5916 134 143
5917 134 151
5918 134 154
5919 134 155
5920 134 156
5921 134 159
5922 134 163
5923 134 164
5924 134 166
5925 134 168
5926 134 169
5927 134 170
5928 134 173
5929 134 176
5930 134 177
5931 134 178
5932 134 180
5933 134 181
5934 134 182
5935 134 183
5936 134 184
5937 134 190
5938 134 195
5939 134 203
5940 134 205
5941 134 206
5942 134 209
5943 134 211
5944 134 212
5945 134 213
5946 134 215
5947 135 137
5948 135 145
5949 135 150
5950 135 158
5951 135 160
5952 135 161
5953 135 167
5954 135 174
5955 135 179
5956 135 185
5957 135 186
5958 135 187
5959 135 189
5960 135 194
5961 135 196
5962 135 197
5963 135 200
5964 135 202
5965 135 204
5966 135 208
5967 135 214
5968 136 139
5969 136 144
5970 136 149
5971 136 151
5972 136 153
5973 136 154
5974 136 156
5975 136 159
5976 136 162
5977 136 170
5978 136 178
5979 136 181
5980 136 183
5981 136 184
5982 136 190
5983 136 191
5984 136 195
5985 136 198
5986 136 201
5987 136 213
5988 137 145
5989 137 150
5990 137 158
5991 137 160
5992 137 161
5993 137 167
5994 137 174
5995 137 179
5996 137 185
5997 137 186
5998 137 187
5999 137 189
6000 137 194
6001 137 196
6002 137 197
6003 137 200
6004 137 202
6005 137 204
6006 137 208
6007 137 214
6008 138 139
6009 138 142
6010 138 143
6011 138 147
6012 138 148
6013 138 149
6014 138 151
6015 138 156
6016 138 157
6017 138 159
6018 138 163
6019 138 165
6020 138 166
6021 138 169
6022 138 170
6023 138 172
6024 138 173
6025 138 176
6026 138 177
6027 138 180
6028 138 181
6029 138 182
6030 138 184
6031 138 190
6032 138 195
6033 138 199
6034 138 203
6035 138 205
6036 138 206
6037 138 211
6038 138 212
6039 138 213
6040 138 215
6041 139 140
6042 139 141
6043 139 142
6044 139 143
6045 139 149
6046 139 151
6047 139 153
6048 139 155
6049 139 156
6050 139 159
6051 139 163
6052 139 164
6053 139 166
6054 139 168
6055 139 169
6056 139 170
6057 139 173
6058 139 176
6059 139 177
6060 139 178
6061 139 180
6062 139 181
6063 139 182
6064 139 183
6065 139 184
6066 139 190
6067 139 195
6068 139 203
6069 139 205
6070 139 209
6071 139 211
6072 139 212
6073 139 213
6074 140 141
6075 140 142
6076 140 143
6077 140 151
6078 140 155
6079 140 156
6080 140 159
6081 140 163
6082 140 164
6083 140 168
6084 140 169
6085 140 170
6086 140 173
6087 140 176
6088 140 177
6089 140 178
6090 140 180
6091 140 181
6092 140 182
6093 140 183
6094 140 184
6095 140 190
6096 140 195
6097 140 203
6098 140 205
6099 140 211
6100 140 212
6101 140 213
6102 141 142
6103 141 143
6104 141 151
6105 141 153
6106 141 155
6107 141 156
6108 141 159
6109 141 163
6110 141 164
6111 141 166
6112 141 168
6113 141 169
6114 141 170
6115 141 173
6116 141 176
6117 141 177
6118 141 178
6119 141 180
6120 141 181
6121 141 182
6122 141 183
6123 141 184
6124 141 190
6125 141 195
6126 141 203
6127 141 205
6128 141 209
6129 141 211
6130 141 212
6131 141 213
6132 142 143
6133 142 149
6134 142 151
6135 142 155
6136 142 156
6137 142 159
6138 142 163
6139 142 164
6140 142 166
6141 142 168
6142 142 169
6143 142 170
6144 142 173
6145 142 176
6146 142 177
6147 142 178
6148 142 180
6149 142 181
6150 142 182
6151 142 183
6152 142 184
6153 142 190
6154 142 195
6155 142 203
6156 142 205
6157 142 206
6158 142 209
6159 142 211
6160 142 212
6161 142 213
6162 142 215
6163 143 151
6164 143 155
6165 143 156
6166 143 159
6167 143 163
6168 143 164
6169 143 166
6170 143 168
6171 143 169
6172 143 170
6173 143 173
6174 143 176
6175 143 177
6176 143 178
6177 143 180
6178 143 181
6179 143 182
6180 143 183
6181 143 184
6182 143 190
6183 143 195
6184 143 203
6185 143 205
6186 143 209
6187 143 211
6188 143 212
6189 143 213
6190 144 149
6191 144 153
6192 144 154
6193 144 162
6194 144 169
6195 144 190
6196 144 191
6197 144 195
6198 144 198
6199 144 203
6200 144 205
6201 145 150
6202 145 158
6203 145 160
6204 145 161
6205 145 167
6206 145 174
6207 145 179
6208 145 185
6209 145 186
6210 145 187
6211 145 189
6212 145 194
6213 145 196
6214 145 197
6215 145 200
6216 145 202
6217 145 204
6218 145 208
6219 145 214
6220 146 149
6221 146 151
6222 146 156
6223 146 177
6224 146 190
6225 146 193
6226 146 201
6227 146 212
6228 147 148
6229 147 157
6230 147 165
6231 147 172
6232 147 199
6233 147 206
6234 147 215
6235 148 165
6236 148 172
6237 148 199
6238 148 206
6239 148 215
6240 149 151
6241 149 153
6242 149 154
6243 149 156
6244 149 159
6245 149 162
6246 149 166
6247 149 170
6248 149 176
6249 149 177
6250 149 178
6251 149 181
6252 149 182
6253 149 184
6254 149 190
6255 149 191
6256 149 195
6257 149 198
6258 149 201
6259 149 203
6260 149 205
6261 149 206
6262 149 211
6263 150 158
6264 150 160
6265 150 161
6266 150 167
6267 150 174
6268 150 185
6269 150 186
6270 150 187
6271 150 189
6272 150 194
6273 150 196
6274 150 197
6275 150 200
6276 150 202
6277 150 204
6278 150 208
6279 150 214
6280 151 155
6281 151 156
6282 151 157
6283 151 159
6284 151 163
6285 151 164
6286 151 165
6287 151 166
6288 151 168
6289 151 169
6290 151 170
6291 151 172
6292 151 173
6293 151 176
6294 151 177
6295 151 178
6296 151 180
6297 151 181
6298 151 182
6299 151 183
6300 151 184
6301 151 190
6302 151 191
6303 151 193
6304 151 195
6305 151 203
6306 151 205
6307 151 206
6308 151 209
6309 151 211
6310 151 212
6311 151 213
6312 151 215
6313 152 171
6314 152 175
6315 152 188
6316 152 192
6317 152 193
6318 152 201
6319 152 210
6320 153 154
6321 153 155
6322 153 162
6323 153 169
6324 153 176
6325 153 178
6326 153 181
6327 153 182
6328 153 184
6329 153 190
6330 153 191
6331 153 195
6332 153 198
6333 153 203
6334 153 205
6335 153 212
6336 153 213
6337 154 162
6338 154 165
6339 154 173
6340 154 175
6341 154 190
6342 154 191
6343 154 198
6344 154 212
6345 155 156
6346 155 159
6347 155 163
6348 155 164
6349 155 166
6350 155 168
6351 155 169
6352 155 170
6353 155 172
6354 155 173
6355 155 176
6356 155 177
6357 155 178
6358 155 180
6359 155 181
6360 155 182
6361 155 183
6362 155 184
6363 155 190
6364 155 195
6365 155 203
6366 155 205
6367 155 209
6368 155 211
6369 155 212
6370 155 213
6371 156 157
6372 156 159
6373 156 162
6374 156 163
6375 156 164
6376 156 165
6377 156 166
6378 156 168
6379 156 169
6380 156 170
6381 156 173
6382 156 176
6383 156 177
6384 156 178
6385 156 180
6386 156 181
6387 156 182
6388 156 183
6389 156 184
6390 156 190
6391 156 191
6392 156 193
6393 156 195
6394 156 203
6395 156 205
6396 156 206
6397 156 209
6398 156 211
6399 156 212
6400 156 213
6401 156 215
6402 157 163
6403 157 165
6404 157 172
6405 157 176
6406 157 206
6407 157 212
6408 157 215
6409 158 160
6410 158 161
6411 158 167
6412 158 174
6413 158 179
6414 158 185
6415 158 186
6416 158 187
6417 158 189
6418 158 194
6419 158 196
6420 158 197
6421 158 200
6422 158 202
6423 158 204
6424 158 208
6425 158 214
6426 159 163
6427 159 164
6428 159 166
6429 159 168
6430 159 169
6431 159 170
6432 159 173
6433 159 176
6434 159 177
6435 159 178
6436 159 180
6437 159 181
6438 159 182
6439 159 183
6440 159 184
6441 159 190
6442 159 191
6443 159 195
6444 159 203
6445 159 205
6446 159 209
6447 159 211
6448 159 212
6449 159 213
6450 160 161
6451 160 167
6452 160 174
6453 160 179
6454 160 185
6455 160 186
6456 160 187
6457 160 189
6458 160 194
6459 160 196
6460 160 197
6461 160 200
6462 160 202
6463 160 204
6464 160 208
6465 160 214
6466 161 167
6467 161 174
6468 161 185
6469 161 186
6470 161 187
6471 161 189
6472 161 194
6473 161 196
6474 161 197
6475 161 200
6476 161 202
6477 161 204
6478 161 208
6479 161 214
6480 162 191
6481 162 198
6482 163 164
6483 163 166
6484 163 168
6485 163 169
6486 163 170
6487 163 173
6488 163 176
6489 163 177
6490 163 178
6491 163 180
6492 163 181
6493 163 182
6494 163 183
6495 163 184
6496 163 190
6497 163 195
6498 163 203
6499 163 205
6500 163 209
6501 163 211
6502 163 212
6503 163 213
6504 164 166
6505 164 168
6506 164 169
6507 164 170
6508 164 173
6509 164 176
6510 164 177
6511 164 178
6512 164 181
6513 164 182
6514 164 183
6515 164 184
6516 164 190
6517 164 195
6518 164 203
6519 164 205
6520 164 209
6521 164 211
6522 164 212
6523 164 213
6524 165 172
6525 165 173
6526 165 177
6527 165 199
6528 165 206
6529 165 212
6530 165 215
6531 166 167
6532 166 168
6533 166 169
6534 166 170
6535 166 173
6536 166 176
6537 166 177
6538 166 178
6539 166 180
6540 166 181
6541 166 182
6542 166 183
6543 166 184
6544 166 189
6545 166 190
6546 166 195
6547 166 203
6548 166 205
6549 166 209
6550 166 211
6551 166 212
6552 166 213
6553 167 174
6554 167 177
6555 167 179
6556 167 181
6557 167 185
6558 167 186
6559 167 187
6560 167 189
6561 167 194
6562 167 196
6563 167 197
6564 167 200
6565 167 202
6566 167 204
6567 167 208
6568 167 214
6569 168 169
6570 168 170
6571 168 173
6572 168 176
6573 168 177
6574 168 178
6575 168 180
6576 168 181
6577 168 182
6578 168 183
6579 168 184
6580 168 190
6581 168 195
6582 168 203
6583 168 205
6584 168 209
6585 168 211
6586 168 212
6587 168 213
6588 169 170
6589 169 173
6590 169 176
6591 169 177
6592 169 178
6593 169 180
6594 169 181
6595 169 182
6596 169 183
6597 169 184
6598 169 190
6599 169 191
6600 169 195
6601 169 198
6602 169 203
6603 169 205
6604 169 206
6605 169 209
6606 169 211
6607 169 212
6608 169 213
6609 170 173
6610 170 176
6611 170 177
6612 170 178
6613 170 180
6614 170 181
6615 170 182
6616 170 183
6617 170 184
6618 170 190
6619 170 191
6620 170 195
6621 170 203
6622 170 205
6623 170 209
6624 170 211
6625 170 212
6626 170 213
6627 171 188
6628 171 192
6629 171 207
6630 171 210
6631 172 176
6632 172 199
6633 172 201
6634 172 206
6635 172 212
6636 172 215
6637 173 176
6638 173 177
6639 173 178
6640 173 180
6641 173 181
6642 173 182
6643 173 183
6644 173 184
6645 173 190
6646 173 195
6647 173 203
6648 173 205
6649 173 209
6650 173 211
6651 173 212
6652 173 213
6653 174 185
6654 174 186
6655 174 187
6656 174 189
6657 174 194
6658 174 197
6659 174 200
6660 174 202
6661 174 204
6662 174 208
6663 174 214
6664 175 191
6665 175 192
6666 175 207
6667 175 212
6668 176 177
6669 176 178
6670 176 180
6671 176 181
6672 176 182
6673 176 183
6674 176 184
6675 176 190
6676 176 193
6677 176 195
6678 176 201
6679 176 203
6680 176 205
6681 176 206
6682 176 209
6683 176 211
6684 176 212
6685 176 213
6686 177 178
6687 177 180
6688 177 181
6689 177 182
6690 177 183
6691 177 184
6692 177 190
6693 177 191
6694 177 195
6695 177 203
6696 177 205
6697 177 209
6698 177 211
6699 177 212
6700 177 213
6701 178 180
6702 178 181
6703 178 182
6704 178 183
6705 178 184
6706 178 190
6707 178 191
6708 178 195
6709 178 203
6710 178 205
6711 178 209
6712 178 211
6713 178 212
6714 178 213
6715 179 185
6716 179 186
6717 179 187
6718 179 189
6719 179 194
6720 179 196
6721 179 197
6722 179 200
6723 179 202
6724 179 204
6725 179 208
6726 179 214
6727 180 181
6728 180 182
6729 180 183
6730 180 184
6731 180 190
6732 180 195
6733 180 203
6734 180 205
6735 180 209
6736 180 211
6737 180 212
6738 180 213
6739 181 182
6740 181 183
6741 181 184
6742 181 190
6743 181 191
6744 181 195
6745 181 203
6746 181 205
6747 181 209
6748 181 211
6749 181 212
6750 181 213
6751 182 183
6752 182 184
6753 182 190
6754 182 191
6755 182 195
6756 182 203
6757 182 205
6758 182 209
6759 182 211
6760 182 212
6761 182 213
6762 183 184
6763 183 190
6764 183 195
6765 183 203
6766 183 205
6767 183 209
6768 183 211
6769 183 212
6770 183 213
6771 184 190
6772 184 191
6773 184 195
6774 184 203
6775 184 205
6776 184 209
6777 184 211
6778 184 212
6779 184 213
6780 185 186
6781 185 187
6782 185 189
6783 185 194
6784 185 196
6785 185 197
6786 185 200
6787 185 202
6788 185 204
6789 185 208
6790 185 214
6791 186 187
6792 186 189
6793 186 194
6794 186 196
6795 186 197
6796 186 200
6797 186 202
6798 186 204
6799 186 208
6800 186 214
6801 187 189
6802 187 194
6803 187 196
6804 187 197
6805 187 200
6806 187 202
6807 187 204
6808 187 208
6809 187 214
6810 188 192
6811 188 210
6812 189 194
6813 189 196
6814 189 197
6815 189 200
6816 189 202
6817 189 204
6818 189 208
6819 189 214
6820 190 191
6821 190 193
6822 190 195
6823 190 198
6824 190 203
6825 190 205
6826 190 209
6827 190 211
6828 190 212
6829 190 213
6830 191 193
6831 191 195
6832 191 198
6833 191 205
6834 191 212
6835 192 207
6836 192 210
6837 193 201
6838 193 207
6839 193 212
6840 194 196
6841 194 197
6842 194 200
6843 194 202
6844 194 204
6845 194 208
6846 194 214
6847 195 198
6848 195 203
6849 195 205
6850 195 206
6851 195 209
6852 195 211
6853 195 212
6854 195 213
6855 196 200
6856 196 202
6857 196 204
6858 196 208
6859 196 214
6860 197 200
6861 197 202
6862 197 204
6863 197 208
6864 197 214
6865 198 203
6866 198 205
6867 199 206
6868 199 215
6869 200 202
6870 200 204
6871 200 208
6872 200 214
6873 202 204
6874 202 208
6875 202 214
6876 203 205
6877 203 209
6878 203 211
6879 203 212
6880 203 213
6881 204 208
6882 204 214
6883 205 209
6884 205 211
6885 205 212
6886 205 213
6887 206 212
6888 206 215
6889 208 214
6890 209 211
6891 209 212
6892 209 213
6893 211 212
6894 211 213
6895 212 213
6896 212 215
