1 2 128
2 3 11
3 3 26
4 3 28
5 3 40
6 3 41
7 3 46
8 3 53
9 3 56
10 3 67
11 3 68
12 3 76
13 3 77
14 3 84
15 3 92
16 3 106
17 3 112
18 3 115
19 3 124
20 3 129
21 3 131
22 3 159
23 3 161
24 3 162
25 3 171
26 3 180
27 3 182
28 3 184
29 3 187
30 3 189
31 3 195
32 3 201
33 3 202
34 3 204
35 3 206
36 3 209
37 4 19
38 4 57
39 4 70
40 4 80
41 4 87
42 4 123
43 4 146
44 4 178
45 4 192
46 5 34
47 5 118
48 6 18
49 6 51
50 6 54
51 6 62
52 6 81
53 6 88
54 6 90
55 6 95
56 6 96
57 6 141
58 6 185
59 8 46
60 8 159
61 8 162
62 8 187
63 8 209
64 8 214
65 9 134
66 11 26
67 11 28
68 11 40
69 11 41
70 11 46
71 11 53
72 11 67
73 11 68
74 11 77
75 11 84
76 11 92
77 11 106
78 11 107
79 11 112
80 11 115
81 11 119
82 11 124
83 11 129
84 11 131
85 11 159
86 11 161
87 11 163
88 11 171
89 11 180
90 11 182
91 11 184
92 11 189
93 11 201
94 11 202
95 11 204
96 11 206
97 11 209
98 14 143
99 17 108
100 17 166
101 18 29
102 18 47
103 18 62
104 18 88
105 18 90
106 18 95
107 18 96
108 18 141
109 18 168
110 18 186
111 19 57
112 19 70
113 19 80
114 19 87
115 19 123
116 19 146
117 19 178
118 19 192
119 21 23
120 21 45
121 21 117
122 21 135
123 21 148
124 22 209
125 23 45
126 23 117
127 23 135
128 23 148
129 25 62
130 25 72
131 25 179
132 26 28
133 26 40
134 26 41
135 26 46
136 26 53
137 26 56
138 26 67
139 26 68
140 26 77
141 26 84
142 26 92
143 26 106
144 26 107
145 26 112
146 26 115
147 26 119
148 26 124
149 26 129
150 26 131
151 26 159
152 26 161
153 26 163
154 26 171
155 26 180
156 26 182
157 26 184
158 26 189
159 26 201
160 26 202
161 26 204
162 26 206
163 26 209
164 28 40
165 28 41
166 28 46
167 28 53
168 28 56
169 28 67
170 28 68
171 28 77
172 28 84
173 28 92
174 28 106
175 28 107
176 28 112
177 28 115
178 28 119
179 28 124
180 28 129
181 28 131
182 28 159
183 28 161
184 28 162
185 28 163
186 28 171
187 28 180
188 28 182
189 28 184
190 28 189
191 28 195
192 28 201
193 28 202
194 28 204
195 28 206
196 28 209
197 29 47
198 29 168
199 29 186
200 33 42
201 33 44
202 33 55
203 33 84
204 33 94
205 33 153
206 33 174
207 33 184
208 34 118
209 35 74
210 35 151
211 35 156
212 35 160
213 35 177
214 38 39
215 38 49
216 38 59
217 38 61
218 38 66
219 38 75
220 38 93
221 38 103
222 38 133
223 38 140
224 38 142
225 38 144
226 38 197
227 38 203
228 39 49
229 39 59
230 39 61
231 39 66
232 39 75
233 39 93
234 39 103
235 39 133
236 39 140
237 39 142
238 39 144
239 39 197
240 39 203
241 40 41
242 40 46
243 40 53
244 40 56
245 40 67
246 40 68
247 40 77
248 40 84
249 40 92
250 40 106
251 40 107
252 40 112
253 40 115
254 40 119
255 40 124
256 40 129
257 40 131
258 40 159
259 40 161
260 40 163
261 40 171
262 40 180
263 40 182
264 40 184
265 40 189
266 40 201
267 40 202
268 40 204
269 40 206
270 40 209
271 41 53
272 41 67
273 41 68
274 41 77
275 41 84
276 41 92
277 41 106
278 41 107
279 41 112
280 41 115
281 41 124
282 41 129
283 41 131
284 41 159
285 41 161
286 41 184
287 41 189
288 41 201
289 41 202
290 41 204
291 41 206
292 42 44
293 42 55
294 42 84
295 42 94
296 42 153
297 42 159
298 42 174
299 42 184
300 44 46
301 44 55
302 44 84
303 44 94
304 44 153
305 44 159
306 44 174
307 44 184
308 44 206
309 45 117
310 45 135
311 45 148
312 46 53
313 46 56
314 46 67
315 46 68
316 46 76
317 46 77
318 46 84
319 46 92
320 46 106
321 46 112
322 46 115
323 46 119
324 46 124
325 46 129
326 46 131
327 46 159
328 46 161
329 46 162
330 46 163
331 46 171
332 46 180
333 46 182
334 46 184
335 46 189
336 46 195
337 46 201
338 46 202
339 46 204
340 46 206
341 46 209
342 46 214
343 47 168
344 47 186
345 48 62
346 49 59
347 49 61
348 49 66
349 49 75
350 49 93
351 49 103
352 49 133
353 49 140
354 49 142
355 49 144
356 49 197
357 49 203
358 51 62
359 51 74
360 51 90
361 51 95
362 51 141
363 51 156
364 53 56
365 53 67
366 53 68
367 53 77
368 53 84
369 53 92
370 53 106
371 53 107
372 53 112
373 53 115
374 53 119
375 53 124
376 53 129
377 53 131
378 53 159
379 53 161
380 53 162
381 53 163
382 53 165
383 53 171
384 53 180
385 53 182
386 53 184
387 53 189
388 53 190
389 53 195
390 53 201
391 53 202
392 53 204
393 53 206
394 53 209
395 54 62
396 54 88
397 54 90
398 54 95
399 54 96
400 54 141
401 55 84
402 55 94
403 55 153
404 55 174
405 55 184
406 56 67
407 56 68
408 56 76
409 56 84
410 56 92
411 56 106
412 56 112
413 56 129
414 56 131
415 56 159
416 56 161
417 56 162
418 56 171
419 56 180
420 56 182
421 56 184
422 56 189
423 56 195
424 56 201
425 56 202
426 56 204
427 56 206
428 56 209
429 57 70
430 57 80
431 57 87
432 57 123
433 57 146
434 57 178
435 57 192
436 59 61
437 59 66
438 59 75
439 59 93
440 59 103
441 59 133
442 59 140
443 59 142
444 59 144
445 59 197
446 59 203
447 61 66
448 61 75
449 61 93
450 61 103
451 61 133
452 61 140
453 61 142
454 61 144
455 61 197
456 61 203
457 62 72
458 62 74
459 62 81
460 62 88
461 62 90
462 62 95
463 62 96
464 62 141
465 62 156
466 62 160
467 62 169
468 62 179
469 62 185
470 63 188
471 65 143
472 65 181
473 66 75
474 66 93
475 66 103
476 66 133
477 66 140
478 66 142
479 66 144
480 66 197
481 66 203
482 67 68
483 67 77
484 67 84
485 67 92
486 67 106
487 67 107
488 67 112
489 67 115
490 67 119
491 67 124
492 67 129
493 67 131
494 67 159
495 67 161
496 67 162
497 67 163
498 67 171
499 67 180
500 67 182
501 67 184
502 67 189
503 67 195
504 67 201
505 67 202
506 67 204
507 67 206
508 67 209
509 68 77
510 68 84
511 68 92
512 68 106
513 68 107
514 68 112
515 68 115
516 68 119
517 68 124
518 68 129
519 68 131
520 68 159
521 68 161
522 68 162
523 68 163
524 68 171
525 68 180
526 68 182
527 68 184
528 68 189
529 68 195
530 68 201
531 68 202
532 68 204
533 68 206
534 68 209
535 70 80
536 70 87
537 70 123
538 70 146
539 70 178
540 70 192
541 72 179
542 72 185
543 74 95
544 74 156
545 74 160
546 75 93
547 75 103
548 75 133
549 75 140
550 75 142
551 75 144
552 75 197
553 75 203
554 76 84
555 76 119
556 76 159
557 76 162
558 76 171
559 76 180
560 76 182
561 76 184
562 76 206
563 76 209
564 77 84
565 77 92
566 77 106
567 77 107
568 77 112
569 77 115
570 77 119
571 77 124
572 77 129
573 77 131
574 77 159
575 77 161
576 77 162
577 77 163
578 77 171
579 77 180
580 77 182
581 77 184
582 77 189
583 77 195
584 77 201
585 77 202
586 77 204
587 77 206
588 77 209
589 79 111
590 79 172
591 79 216
592 80 87
593 80 123
594 80 146
595 80 178
596 80 192
597 81 90
598 81 95
599 81 104
600 81 179
601 81 185
602 81 193
603 82 212
604 84 92
605 84 94
606 84 106
607 84 107
608 84 112
609 84 115
610 84 119
611 84 124
612 84 129
613 84 131
614 84 137
615 84 150
616 84 153
617 84 159
618 84 161
619 84 162
620 84 163
621 84 171
622 84 174
623 84 180
624 84 182
625 84 184
626 84 189
627 84 195
628 84 201
629 84 202
630 84 204
631 84 206
632 84 209
633 84 215
634 87 123
635 87 146
636 87 178
637 87 192
638 88 90
639 88 95
640 88 96
641 88 141
642 89 145
643 90 95
644 90 96
645 90 141
646 90 156
647 92 106
648 92 107
649 92 112
650 92 115
651 92 119
652 92 124
653 92 129
654 92 131
655 92 159
656 92 161
657 92 162
658 92 163
659 92 171
660 92 180
661 92 182
662 92 184
663 92 189
664 92 195
665 92 201
666 92 202
667 92 204
668 92 206
669 92 209
670 93 103
671 93 133
672 93 140
673 93 142
674 93 144
675 93 197
676 93 203
677 94 153
678 94 159
679 94 174
680 94 184
681 95 96
682 95 141
683 95 156
684 95 185
685 96 141
686 99 198
687 100 165
688 100 190
689 102 173
690 102 207
691 103 133
692 103 140
693 103 142
694 103 144
695 103 197
696 103 203
697 104 185
698 106 107
699 106 112
700 106 115
701 106 119
702 106 124
703 106 129
704 106 131
705 106 159
706 106 161
707 106 162
708 106 163
709 106 171
710 106 180
711 106 182
712 106 184
713 106 189
714 106 201
715 106 202
716 106 204
717 106 206
718 106 209
719 107 112
720 107 115
721 107 124
722 107 129
723 107 131
724 107 159
725 107 161
726 107 163
727 107 184
728 107 189
729 107 201
730 107 202
731 107 204
732 107 206
733 108 166
734 111 216
735 112 115
736 112 119
737 112 124
738 112 129
739 112 131
740 112 159
741 112 161
742 112 162
743 112 163
744 112 171
745 112 180
746 112 182
747 112 184
748 112 189
749 112 195
750 112 201
751 112 202
752 112 204
753 112 206
754 112 209
755 115 119
756 115 124
757 115 129
758 115 131
759 115 159
760 115 161
761 115 162
762 115 163
763 115 171
764 115 180
765 115 182
766 115 184
767 115 189
768 115 195
769 115 201
770 115 202
771 115 204
772 115 206
773 115 209
774 117 135
775 117 148
776 117 167
777 119 124
778 119 126
779 119 129
780 119 131
781 119 150
782 119 159
783 119 161
784 119 162
785 119 171
786 119 180
787 119 182
788 119 184
789 119 189
790 119 195
791 119 201
792 119 202
793 119 204
794 119 206
795 119 209
796 119 215
797 123 146
798 123 178
799 123 192
800 124 129
801 124 131
802 124 159
803 124 161
804 124 162
805 124 163
806 124 171
807 124 180
808 124 182
809 124 184
810 124 189
811 124 195
812 124 201
813 124 202
814 124 204
815 124 206
816 124 209
817 126 159
818 126 206
819 129 131
820 129 159
821 129 161
822 129 162
823 129 163
824 129 171
825 129 180
826 129 182
827 129 184
828 129 189
829 129 195
830 129 201
831 129 202
832 129 204
833 129 206
834 129 209
835 131 159
836 131 161
837 131 162
838 131 163
839 131 171
840 131 180
841 131 182
842 131 184
843 131 189
844 131 195
845 131 201
846 131 202
847 131 204
848 131 206
849 131 209
850 133 140
851 133 142
852 133 144
853 133 197
854 133 203
855 135 148
856 135 167
857 137 159
858 137 171
859 137 184
860 137 206
861 140 142
862 140 144
863 140 197
864 140 203
865 142 144
866 142 197
867 142 203
868 143 181
869 144 197
870 144 203
871 146 178
872 146 192
873 150 159
874 150 184
875 150 209
876 150 215
877 151 160
878 151 177
879 153 159
880 153 174
881 153 184
882 153 206
883 156 160
884 159 161
885 159 162
886 159 163
887 159 171
888 159 180
889 159 182
890 159 184
891 159 187
892 159 189
893 159 195
894 159 201
895 159 202
896 159 204
897 159 206
898 159 209
899 159 214
900 159 215
901 160 177
902 161 162
903 161 163
904 161 165
905 161 171
906 161 180
907 161 182
908 161 184
909 161 189
910 161 195
911 161 201
912 161 202
913 161 204
914 161 206
915 161 209
916 162 163
917 162 171
918 162 180
919 162 182
920 162 184
921 162 187
922 162 189
923 162 195
924 162 201
925 162 202
926 162 204
927 162 206
928 162 209
929 162 214
930 163 171
931 163 184
932 163 189
933 163 195
934 163 201
935 163 202
936 163 204
937 163 206
938 165 190
939 168 186
940 171 180
941 171 182
942 171 184
943 171 189
944 171 195
945 171 201
946 171 202
947 171 204
948 171 206
949 171 209
950 171 215
951 172 216
952 173 207
953 178 192
954 179 185
955 179 193
956 180 182
957 180 184
958 180 189
959 180 195
960 180 201
961 180 202
962 180 204
963 180 206
964 180 209
965 182 184
966 182 189
967 182 195
968 182 201
969 182 202
970 182 204
971 182 206
972 182 209
973 184 189
974 184 195
975 184 201
976 184 202
977 184 204
978 184 206
979 184 209
980 184 215
981 185 193
982 187 209
983 187 214
984 189 195
985 189 201
986 189 202
987 189 204
988 189 206
989 189 209
990 195 201
991 195 202
992 195 204
993 195 206
994 195 209
995 195 214
996 197 203
997 201 202
998 201 204
999 201 206
1000 201 209
1001 202 204
1002 202 206
1003 202 209
1004 204 206
1005 204 209
1006 206 209
1007 209 214
1008 209 215
