1 1 5
2 1 34
3 1 58
4 1 118
5 1 205
6 2 12
7 2 125
8 2 128
9 2 147
10 2 183
11 2 211
12 3 8
13 3 11
14 3 22
15 3 26
16 3 28
17 3 33
18 3 40
19 3 41
20 3 42
21 3 44
22 3 46
23 3 53
24 3 55
25 3 56
26 3 65
27 3 67
28 3 68
29 3 76
30 3 77
31 3 84
32 3 92
33 3 94
34 3 100
35 3 106
36 3 107
37 3 112
38 3 115
39 3 119
40 3 124
41 3 126
42 3 129
43 3 131
44 3 137
45 3 143
46 3 150
47 3 153
48 3 159
49 3 161
50 3 162
51 3 163
52 3 165
53 3 171
54 3 174
55 3 180
56 3 181
57 3 182
58 3 184
59 3 187
60 3 189
61 3 190
62 3 191
63 3 195
64 3 201
65 3 202
66 3 204
67 3 206
68 3 209
69 3 214
70 3 215
71 4 19
72 4 57
73 4 70
74 4 80
75 4 87
76 4 123
77 4 146
78 4 155
79 4 178
80 4 192
81 5 34
82 5 58
83 5 118
84 5 205
85 6 18
86 6 25
87 6 29
88 6 35
89 6 38
90 6 39
91 6 47
92 6 48
93 6 49
94 6 51
95 6 52
96 6 54
97 6 59
98 6 61
99 6 62
100 6 66
101 6 72
102 6 74
103 6 75
104 6 81
105 6 88
106 6 90
107 6 93
108 6 95
109 6 96
110 6 99
111 6 103
112 6 104
113 6 130
114 6 133
115 6 140
116 6 141
117 6 142
118 6 144
119 6 151
120 6 156
121 6 157
122 6 160
123 6 168
124 6 169
125 6 177
126 6 179
127 6 185
128 6 186
129 6 193
130 6 196
131 6 197
132 6 198
133 6 203
134 7 176
135 8 11
136 8 22
137 8 26
138 8 28
139 8 33
140 8 40
141 8 41
142 8 42
143 8 44
144 8 46
145 8 53
146 8 55
147 8 56
148 8 65
149 8 67
150 8 68
151 8 76
152 8 77
153 8 84
154 8 92
155 8 94
156 8 100
157 8 106
158 8 107
159 8 112
160 8 115
161 8 119
162 8 124
163 8 126
164 8 129
165 8 131
166 8 137
167 8 143
168 8 150
169 8 153
170 8 159
171 8 161
172 8 162
173 8 163
174 8 165
175 8 171
176 8 174
177 8 180
178 8 181
179 8 182
180 8 184
181 8 187
182 8 189
183 8 190
184 8 191
185 8 195
186 8 201
187 8 202
188 8 204
189 8 206
190 8 209
191 8 214
192 8 215
193 9 134
194 10 43
195 10 110
196 10 132
197 11 22
198 11 26
199 11 28
200 11 33
201 11 40
202 11 41
203 11 42
204 11 44
205 11 46
206 11 53
207 11 55
208 11 56
209 11 65
210 11 67
211 11 68
212 11 76
213 11 77
214 11 84
215 11 92
216 11 94
217 11 100
218 11 106
219 11 107
220 11 112
221 11 115
222 11 119
223 11 124
224 11 126
225 11 129
226 11 131
227 11 137
228 11 143
229 11 150
230 11 153
231 11 159
232 11 161
233 11 162
234 11 163
235 11 165
236 11 171
237 11 174
238 11 180
239 11 181
240 11 182
241 11 184
242 11 187
243 11 189
244 11 190
245 11 191
246 11 195
247 11 201
248 11 202
249 11 204
250 11 206
251 11 209
252 11 214
253 11 215
254 12 30
255 12 64
256 12 147
257 12 211
258 14 65
259 14 143
260 14 181
261 15 78
262 17 108
263 17 166
264 18 25
265 18 29
266 18 35
267 18 38
268 18 39
269 18 47
270 18 48
271 18 49
272 18 51
273 18 52
274 18 54
275 18 59
276 18 61
277 18 62
278 18 66
279 18 72
280 18 74
281 18 75
282 18 81
283 18 88
284 18 90
285 18 93
286 18 95
287 18 96
288 18 99
289 18 103
290 18 104
291 18 130
292 18 133
293 18 140
294 18 141
295 18 142
296 18 144
297 18 151
298 18 156
299 18 157
300 18 160
301 18 168
302 18 169
303 18 177
304 18 179
305 18 185
306 18 186
307 18 193
308 18 196
309 18 197
310 18 198
311 18 203
312 19 57
313 19 70
314 19 80
315 19 87
316 19 123
317 19 146
318 19 155
319 19 178
320 19 192
321 20 60
322 20 175
323 21 23
324 21 45
325 21 116
326 21 117
327 21 135
328 21 148
329 21 167
330 22 26
331 22 28
332 22 33
333 22 40
334 22 41
335 22 42
336 22 44
337 22 46
338 22 53
339 22 55
340 22 56
341 22 65
342 22 67
343 22 68
344 22 76
345 22 77
346 22 84
347 22 92
348 22 94
349 22 100
350 22 106
351 22 107
352 22 112
353 22 115
354 22 119
355 22 124
356 22 126
357 22 129
358 22 131
359 22 137
360 22 150
361 22 153
362 22 159
363 22 161
364 22 162
365 22 163
366 22 165
367 22 171
368 22 174
369 22 180
370 22 181
371 22 182
372 22 184
373 22 187
374 22 189
375 22 190
376 22 191
377 22 195
378 22 201
379 22 202
380 22 204
381 22 206
382 22 209
383 22 214
384 22 215
385 23 45
386 23 63
387 23 116
388 23 117
389 23 135
390 23 148
391 23 167
392 25 29
393 25 35
394 25 38
395 25 39
396 25 47
397 25 48
398 25 49
399 25 51
400 25 52
401 25 54
402 25 59
403 25 61
404 25 62
405 25 66
406 25 72
407 25 74
408 25 75
409 25 81
410 25 88
411 25 90
412 25 93
413 25 95
414 25 96
415 25 99
416 25 103
417 25 104
418 25 130
419 25 133
420 25 140
421 25 141
422 25 142
423 25 144
424 25 151
425 25 156
426 25 157
427 25 160
428 25 168
429 25 169
430 25 177
431 25 179
432 25 185
433 25 186
434 25 193
435 25 196
436 25 197
437 25 198
438 25 203
439 26 28
440 26 33
441 26 40
442 26 41
443 26 42
444 26 44
445 26 46
446 26 53
447 26 55
448 26 56
449 26 65
450 26 67
451 26 68
452 26 76
453 26 77
454 26 84
455 26 92
456 26 94
457 26 100
458 26 106
459 26 107
460 26 112
461 26 115
462 26 119
463 26 124
464 26 126
465 26 129
466 26 131
467 26 137
468 26 143
469 26 150
470 26 153
471 26 159
472 26 161
473 26 162
474 26 163
475 26 165
476 26 171
477 26 174
478 26 180
479 26 181
480 26 182
481 26 184
482 26 187
483 26 189
484 26 190
485 26 191
486 26 195
487 26 201
488 26 202
489 26 204
490 26 206
491 26 209
492 26 214
493 26 215
494 28 33
495 28 40
496 28 41
497 28 42
498 28 44
499 28 46
500 28 53
501 28 55
502 28 56
503 28 65
504 28 67
505 28 68
506 28 76
507 28 77
508 28 84
509 28 92
510 28 94
511 28 100
512 28 106
513 28 107
514 28 112
515 28 115
516 28 119
517 28 124
518 28 126
519 28 129
520 28 131
521 28 137
522 28 143
523 28 150
524 28 153
525 28 159
526 28 161
527 28 162
528 28 163
529 28 165
530 28 171
531 28 174
532 28 180
533 28 181
534 28 182
535 28 184
536 28 187
537 28 189
538 28 190
539 28 191
540 28 195
541 28 201
542 28 202
543 28 204
544 28 206
545 28 209
546 28 214
547 28 215
548 29 35
549 29 38
550 29 39
551 29 47
552 29 48
553 29 51
554 29 52
555 29 54
556 29 59
557 29 62
558 29 66
559 29 72
560 29 74
561 29 75
562 29 81
563 29 88
564 29 90
565 29 93
566 29 95
567 29 96
568 29 99
569 29 103
570 29 104
571 29 130
572 29 133
573 29 140
574 29 141
575 29 142
576 29 144
577 29 151
578 29 156
579 29 157
580 29 160
581 29 168
582 29 169
583 29 177
584 29 179
585 29 185
586 29 186
587 29 193
588 29 197
589 29 198
590 29 203
591 30 147
592 31 65
593 31 143
594 33 40
595 33 41
596 33 42
597 33 44
598 33 46
599 33 53
600 33 55
601 33 56
602 33 65
603 33 67
604 33 68
605 33 76
606 33 77
607 33 84
608 33 92
609 33 94
610 33 100
611 33 106
612 33 107
613 33 112
614 33 115
615 33 119
616 33 124
617 33 126
618 33 129
619 33 131
620 33 137
621 33 143
622 33 150
623 33 153
624 33 159
625 33 161
626 33 162
627 33 163
628 33 165
629 33 171
630 33 174
631 33 180
632 33 181
633 33 182
634 33 184
635 33 187
636 33 189
637 33 190
638 33 195
639 33 201
640 33 202
641 33 204
642 33 206
643 33 209
644 33 214
645 33 215
646 34 58
647 34 118
648 34 205
649 35 38
650 35 39
651 35 47
652 35 48
653 35 51
654 35 52
655 35 54
656 35 59
657 35 62
658 35 66
659 35 72
660 35 74
661 35 75
662 35 81
663 35 88
664 35 90
665 35 93
666 35 95
667 35 96
668 35 99
669 35 103
670 35 104
671 35 130
672 35 133
673 35 140
674 35 141
675 35 142
676 35 144
677 35 151
678 35 156
679 35 157
680 35 160
681 35 168
682 35 169
683 35 177
684 35 179
685 35 185
686 35 186
687 35 193
688 35 196
689 35 197
690 35 198
691 35 203
692 37 82
693 37 120
694 37 127
695 38 39
696 38 47
697 38 48
698 38 49
699 38 51
700 38 52
701 38 54
702 38 59
703 38 61
704 38 62
705 38 66
706 38 72
707 38 74
708 38 75
709 38 81
710 38 88
711 38 90
712 38 93
713 38 95
714 38 96
715 38 99
716 38 103
717 38 104
718 38 130
719 38 133
720 38 140
721 38 141
722 38 142
723 38 144
724 38 151
725 38 156
726 38 160
727 38 168
728 38 169
729 38 177
730 38 179
731 38 185
732 38 186
733 38 193
734 38 197
735 38 198
736 38 203
737 39 48
738 39 49
739 39 51
740 39 52
741 39 59
742 39 61
743 39 62
744 39 66
745 39 72
746 39 74
747 39 75
748 39 81
749 39 88
750 39 90
751 39 93
752 39 95
753 39 96
754 39 99
755 39 103
756 39 104
757 39 130
758 39 133
759 39 140
760 39 141
761 39 142
762 39 144
763 39 151
764 39 156
765 39 160
766 39 177
767 39 179
768 39 185
769 39 186
770 39 193
771 39 197
772 39 198
773 39 203
774 40 41
775 40 42
776 40 44
777 40 46
778 40 53
779 40 55
780 40 56
781 40 65
782 40 67
783 40 68
784 40 76
785 40 77
786 40 84
787 40 92
788 40 94
789 40 100
790 40 106
791 40 107
792 40 112
793 40 115
794 40 119
795 40 124
796 40 126
797 40 129
798 40 131
799 40 137
800 40 143
801 40 150
802 40 153
803 40 159
804 40 161
805 40 162
806 40 163
807 40 165
808 40 171
809 40 174
810 40 180
811 40 181
812 40 182
813 40 184
814 40 187
815 40 189
816 40 190
817 40 195
818 40 201
819 40 202
820 40 204
821 40 206
822 40 209
823 40 214
824 40 215
825 41 42
826 41 44
827 41 46
828 41 53
829 41 55
830 41 56
831 41 65
832 41 67
833 41 68
834 41 76
835 41 77
836 41 84
837 41 92
838 41 94
839 41 100
840 41 106
841 41 107
842 41 112
843 41 115
844 41 119
845 41 124
846 41 126
847 41 129
848 41 131
849 41 137
850 41 143
851 41 150
852 41 153
853 41 159
854 41 161
855 41 162
856 41 163
857 41 165
858 41 171
859 41 174
860 41 180
861 41 181
862 41 182
863 41 184
864 41 187
865 41 189
866 41 190
867 41 191
868 41 195
869 41 201
870 41 202
871 41 204
872 41 206
873 41 209
874 41 214
875 41 215
876 42 44
877 42 46
878 42 53
879 42 55
880 42 56
881 42 65
882 42 67
883 42 68
884 42 76
885 42 77
886 42 84
887 42 92
888 42 94
889 42 100
890 42 106
891 42 107
892 42 112
893 42 115
894 42 119
895 42 124
896 42 126
897 42 129
898 42 131
899 42 137
900 42 143
901 42 150
902 42 153
903 42 159
904 42 161
905 42 162
906 42 163
907 42 165
908 42 171
909 42 174
910 42 180
911 42 181
912 42 182
913 42 184
914 42 187
915 42 189
916 42 190
917 42 195
918 42 201
919 42 202
920 42 204
921 42 206
922 42 209
923 42 214
924 42 215
925 43 110
926 43 132
927 44 46
928 44 53
929 44 55
930 44 56
931 44 65
932 44 67
933 44 68
934 44 76
935 44 77
936 44 84
937 44 92
938 44 94
939 44 100
940 44 106
941 44 107
942 44 112
943 44 115
944 44 119
945 44 124
946 44 126
947 44 129
948 44 131
949 44 137
950 44 143
951 44 150
952 44 153
953 44 159
954 44 161
955 44 162
956 44 163
957 44 165
958 44 171
959 44 174
960 44 180
961 44 181
962 44 182
963 44 184
964 44 187
965 44 189
966 44 190
967 44 195
968 44 201
969 44 202
970 44 204
971 44 206
972 44 209
973 44 214
974 44 215
975 45 116
976 45 117
977 45 135
978 45 148
979 45 167
980 46 53
981 46 55
982 46 56
983 46 65
984 46 67
985 46 68
986 46 76
987 46 77
988 46 84
989 46 92
990 46 94
991 46 100
992 46 106
993 46 107
994 46 112
995 46 115
996 46 119
997 46 124
998 46 126
999 46 129
1000 46 131
1001 46 137
1002 46 143
1003 46 150
1004 46 153
1005 46 159
1006 46 161
1007 46 162
1008 46 163
1009 46 165
1010 46 171
1011 46 174
1012 46 180
1013 46 181
1014 46 182
1015 46 184
1016 46 187
1017 46 189
1018 46 190
1019 46 191
1020 46 195
1021 46 201
1022 46 202
1023 46 204
1024 46 206
1025 46 209
1026 46 214
1027 46 215
1028 47 48
1029 47 51
1030 47 52
1031 47 54
1032 47 59
1033 47 62
1034 47 66
1035 47 72
1036 47 74
1037 47 75
1038 47 81
1039 47 88
1040 47 90
1041 47 93
1042 47 95
1043 47 96
1044 47 99
1045 47 103
1046 47 104
1047 47 130
1048 47 133
1049 47 140
1050 47 141
1051 47 144
1052 47 151
1053 47 156
1054 47 157
1055 47 160
1056 47 168
1057 47 169
1058 47 177
1059 47 179
1060 47 185
1061 47 186
1062 47 193
1063 47 198
1064 47 203
1065 48 49
1066 48 51
1067 48 52
1068 48 54
1069 48 59
1070 48 61
1071 48 62
1072 48 66
1073 48 72
1074 48 74
1075 48 75
1076 48 81
1077 48 88
1078 48 90
1079 48 93
1080 48 95
1081 48 96
1082 48 99
1083 48 103
1084 48 104
1085 48 130
1086 48 133
1087 48 140
1088 48 141
1089 48 142
1090 48 144
1091 48 151
1092 48 156
1093 48 157
1094 48 160
1095 48 168
1096 48 169
1097 48 177
1098 48 179
1099 48 185
1100 48 186
1101 48 193
1102 48 196
1103 48 197
1104 48 198
1105 48 203
1106 49 51
1107 49 52
1108 49 59
1109 49 61
1110 49 62
1111 49 66
1112 49 72
1113 49 74
1114 49 75
1115 49 81
1116 49 88
1117 49 93
1118 49 96
1119 49 99
1120 49 103
1121 49 104
1122 49 133
1123 49 140
1124 49 141
1125 49 142
1126 49 144
1127 49 156
1128 49 179
1129 49 185
1130 49 193
1131 49 197
1132 49 198
1133 49 203
1134 51 52
1135 51 54
1136 51 59
1137 51 61
1138 51 62
1139 51 66
1140 51 72
1141 51 74
1142 51 75
1143 51 81
1144 51 88
1145 51 90
1146 51 93
1147 51 95
1148 51 96
1149 51 99
1150 51 103
1151 51 104
1152 51 130
1153 51 133
1154 51 140
1155 51 141
1156 51 142
1157 51 144
1158 51 151
1159 51 156
1160 51 157
1161 51 160
1162 51 168
1163 51 169
1164 51 177
1165 51 179
1166 51 185
1167 51 186
1168 51 193
1169 51 196
1170 51 197
1171 51 198
1172 51 203
1173 52 54
1174 52 59
1175 52 62
1176 52 66
1177 52 72
1178 52 74
1179 52 75
1180 52 81
1181 52 88
1182 52 90
1183 52 93
1184 52 95
1185 52 96
1186 52 99
1187 52 103
1188 52 104
1189 52 130
1190 52 133
1191 52 140
1192 52 141
1193 52 142
1194 52 144
1195 52 151
1196 52 156
1197 52 157
1198 52 160
1199 52 168
1200 52 169
1201 52 177
1202 52 179
1203 52 185
1204 52 186
1205 52 193
1206 52 196
1207 52 197
1208 52 198
1209 52 203
1210 53 55
1211 53 56
1212 53 65
1213 53 67
1214 53 68
1215 53 76
1216 53 77
1217 53 84
1218 53 92
1219 53 94
1220 53 100
1221 53 106
1222 53 107
1223 53 112
1224 53 115
1225 53 119
1226 53 124
1227 53 126
1228 53 129
1229 53 131
1230 53 137
1231 53 143
1232 53 150
1233 53 153
1234 53 159
1235 53 161
1236 53 162
1237 53 163
1238 53 165
1239 53 171
1240 53 174
1241 53 180
1242 53 181
1243 53 182
1244 53 184
1245 53 187
1246 53 189
1247 53 190
1248 53 191
1249 53 195
1250 53 201
1251 53 202
1252 53 204
1253 53 206
1254 53 209
1255 53 214
1256 53 215
1257 54 59
1258 54 62
1259 54 66
1260 54 72
1261 54 74
1262 54 75
1263 54 81
1264 54 88
1265 54 90
1266 54 93
1267 54 95
1268 54 96
1269 54 99
1270 54 103
1271 54 104
1272 54 130
1273 54 133
1274 54 140
1275 54 141
1276 54 142
1277 54 144
1278 54 151
1279 54 156
1280 54 157
1281 54 160
1282 54 168
1283 54 169
1284 54 177
1285 54 179
1286 54 185
1287 54 186
1288 54 193
1289 54 196
1290 54 197
1291 54 198
1292 54 203
1293 55 56
1294 55 65
1295 55 67
1296 55 68
1297 55 76
1298 55 77
1299 55 84
1300 55 92
1301 55 94
1302 55 100
1303 55 106
1304 55 107
1305 55 112
1306 55 115
1307 55 119
1308 55 124
1309 55 126
1310 55 129
1311 55 131
1312 55 137
1313 55 143
1314 55 150
1315 55 153
1316 55 159
1317 55 161
1318 55 162
1319 55 163
1320 55 165
1321 55 171
1322 55 174
1323 55 180
1324 55 181
1325 55 182
1326 55 184
1327 55 187
1328 55 189
1329 55 190
1330 55 195
1331 55 201
1332 55 202
1333 55 204
1334 55 206
1335 55 209
1336 55 214
1337 55 215
1338 56 65
1339 56 67
1340 56 68
1341 56 76
1342 56 77
1343 56 84
1344 56 92
1345 56 94
1346 56 100
1347 56 106
1348 56 107
1349 56 112
1350 56 115
1351 56 119
1352 56 124
1353 56 126
1354 56 129
1355 56 131
1356 56 137
1357 56 143
1358 56 150
1359 56 153
1360 56 159
1361 56 161
1362 56 162
1363 56 163
1364 56 165
1365 56 171
1366 56 174
1367 56 180
1368 56 181
1369 56 182
1370 56 184
1371 56 187
1372 56 189
1373 56 190
1374 56 191
1375 56 195
1376 56 201
1377 56 202
1378 56 204
1379 56 206
1380 56 209
1381 56 214
1382 56 215
1383 57 70
1384 57 80
1385 57 87
1386 57 123
1387 57 146
1388 57 178
1389 57 192
1390 58 118
1391 58 205
1392 59 61
1393 59 62
1394 59 66
1395 59 72
1396 59 74
1397 59 75
1398 59 81
1399 59 88
1400 59 90
1401 59 93
1402 59 95
1403 59 96
1404 59 99
1405 59 103
1406 59 104
1407 59 130
1408 59 133
1409 59 140
1410 59 141
1411 59 142
1412 59 144
1413 59 151
1414 59 156
1415 59 168
1416 59 177
1417 59 179
1418 59 185
1419 59 186
1420 59 193
1421 59 197
1422 59 198
1423 59 203
1424 61 62
1425 61 66
1426 61 72
1427 61 74
1428 61 75
1429 61 81
1430 61 88
1431 61 90
1432 61 93
1433 61 95
1434 61 99
1435 61 103
1436 61 104
1437 61 130
1438 61 133
1439 61 140
1440 61 141
1441 61 142
1442 61 144
1443 61 156
1444 61 179
1445 61 185
1446 61 193
1447 61 197
1448 61 198
1449 61 203
1450 62 66
1451 62 72
1452 62 74
1453 62 75
1454 62 81
1455 62 88
1456 62 90
1457 62 93
1458 62 95
1459 62 96
1460 62 99
1461 62 103
1462 62 104
1463 62 130
1464 62 133
1465 62 140
1466 62 141
1467 62 142
1468 62 144
1469 62 151
1470 62 156
1471 62 157
1472 62 160
1473 62 168
1474 62 169
1475 62 177
1476 62 179
1477 62 185
1478 62 186
1479 62 193
1480 62 196
1481 62 197
1482 62 198
1483 62 203
1484 63 117
1485 63 135
1486 63 145
1487 63 167
1488 63 188
1489 64 147
1490 64 211
1491 65 67
1492 65 68
1493 65 76
1494 65 77
1495 65 84
1496 65 92
1497 65 94
1498 65 100
1499 65 106
1500 65 107
1501 65 112
1502 65 115
1503 65 119
1504 65 124
1505 65 129
1506 65 131
1507 65 137
1508 65 143
1509 65 153
1510 65 159
1511 65 161
1512 65 162
1513 65 163
1514 65 165
1515 65 171
1516 65 174
1517 65 180
1518 65 181
1519 65 182
1520 65 184
1521 65 187
1522 65 189
1523 65 190
1524 65 195
1525 65 201
1526 65 202
1527 65 204
1528 65 206
1529 65 209
1530 65 214
1531 65 215
1532 66 72
1533 66 74
1534 66 75
1535 66 81
1536 66 88
1537 66 90
1538 66 93
1539 66 95
1540 66 96
1541 66 99
1542 66 103
1543 66 104
1544 66 130
1545 66 133
1546 66 140
1547 66 141
1548 66 142
1549 66 144
1550 66 151
1551 66 156
1552 66 160
1553 66 168
1554 66 169
1555 66 177
1556 66 179
1557 66 185
1558 66 186
1559 66 193
1560 66 197
1561 66 198
1562 66 203
1563 67 68
1564 67 76
1565 67 77
1566 67 84
1567 67 92
1568 67 94
1569 67 100
1570 67 106
1571 67 107
1572 67 112
1573 67 115
1574 67 119
1575 67 124
1576 67 126
1577 67 129
1578 67 131
1579 67 137
1580 67 143
1581 67 150
1582 67 153
1583 67 159
1584 67 161
1585 67 162
1586 67 163
1587 67 165
1588 67 171
1589 67 174
1590 67 180
1591 67 181
1592 67 182
1593 67 184
1594 67 187
1595 67 189
1596 67 190
1597 67 191
1598 67 195
1599 67 201
1600 67 202
1601 67 204
1602 67 206
1603 67 209
1604 67 214
1605 67 215
1606 68 76
1607 68 77
1608 68 84
1609 68 92
1610 68 94
1611 68 100
1612 68 106
1613 68 107
1614 68 112
1615 68 115
1616 68 119
1617 68 124
1618 68 126
1619 68 129
1620 68 131
1621 68 137
1622 68 143
1623 68 150
1624 68 153
1625 68 159
1626 68 161
1627 68 162
1628 68 163
1629 68 165
1630 68 171
1631 68 174
1632 68 180
1633 68 181
1634 68 182
1635 68 184
1636 68 187
1637 68 189
1638 68 190
1639 68 191
1640 68 195
1641 68 201
1642 68 202
1643 68 204
1644 68 206
1645 68 209
1646 68 214
1647 68 215
1648 70 80
1649 70 87
1650 70 123
1651 70 146
1652 70 155
1653 70 178
1654 70 192
1655 72 74
1656 72 75
1657 72 81
1658 72 88
1659 72 90
1660 72 93
1661 72 95
1662 72 96
1663 72 99
1664 72 103
1665 72 104
1666 72 130
1667 72 133
1668 72 140
1669 72 141
1670 72 142
1671 72 144
1672 72 151
1673 72 156
1674 72 157
1675 72 160
1676 72 168
1677 72 169
1678 72 177
1679 72 179
1680 72 185
1681 72 186
1682 72 193
1683 72 196
1684 72 197
1685 72 198
1686 72 203
1687 73 138
1688 74 75
1689 74 81
1690 74 88
1691 74 90
1692 74 93
1693 74 95
1694 74 96
1695 74 99
1696 74 103
1697 74 104
1698 74 130
1699 74 133
1700 74 140
1701 74 141
1702 74 142
1703 74 144
1704 74 151
1705 74 156
1706 74 157
1707 74 160
1708 74 168
1709 74 169
1710 74 177
1711 74 179
1712 74 185
1713 74 186
1714 74 193
1715 74 196
1716 74 197
1717 74 198
1718 74 203
1719 75 81
1720 75 88
1721 75 90
1722 75 93
1723 75 95
1724 75 96
1725 75 99
1726 75 103
1727 75 104
1728 75 130
1729 75 133
1730 75 140
1731 75 141
1732 75 142
1733 75 144
1734 75 151
1735 75 156
1736 75 160
1737 75 168
1738 75 177
1739 75 179
1740 75 185
1741 75 186
1742 75 193
1743 75 197
1744 75 198
1745 75 203
1746 76 77
1747 76 84
1748 76 92
1749 76 94
1750 76 100
1751 76 106
1752 76 107
1753 76 112
1754 76 115
1755 76 119
1756 76 124
1757 76 126
1758 76 129
1759 76 131
1760 76 137
1761 76 143
1762 76 150
1763 76 153
1764 76 159
1765 76 161
1766 76 162
1767 76 163
1768 76 165
1769 76 171
1770 76 174
1771 76 180
1772 76 181
1773 76 182
1774 76 184
1775 76 187
1776 76 189
1777 76 190
1778 76 191
1779 76 195
1780 76 201
1781 76 202
1782 76 204
1783 76 206
1784 76 209
1785 76 214
1786 76 215
1787 77 84
1788 77 92
1789 77 94
1790 77 100
1791 77 106
1792 77 107
1793 77 112
1794 77 115
1795 77 119
1796 77 124
1797 77 126
1798 77 129
1799 77 131
1800 77 137
1801 77 143
1802 77 150
1803 77 153
1804 77 159
1805 77 161
1806 77 162
1807 77 163
1808 77 165
1809 77 171
1810 77 174
1811 77 180
1812 77 181
1813 77 182
1814 77 184
1815 77 187
1816 77 189
1817 77 190
1818 77 191
1819 77 195
1820 77 201
1821 77 202
1822 77 204
1823 77 206
1824 77 209
1825 77 214
1826 77 215
1827 79 86
1828 79 91
1829 79 111
1830 79 117
1831 79 172
1832 79 216
1833 80 87
1834 80 123
1835 80 146
1836 80 155
1837 80 178
1838 80 192
1839 81 88
1840 81 90
1841 81 93
1842 81 95
1843 81 96
1844 81 99
1845 81 103
1846 81 104
1847 81 130
1848 81 133
1849 81 140
1850 81 141
1851 81 142
1852 81 144
1853 81 151
1854 81 156
1855 81 157
1856 81 160
1857 81 168
1858 81 169
1859 81 177
1860 81 179
1861 81 185
1862 81 186
1863 81 193
1864 81 196
1865 81 197
1866 81 198
1867 81 203
1868 82 120
1869 82 212
1870 84 92
1871 84 94
1872 84 100
1873 84 106
1874 84 107
1875 84 112
1876 84 115
1877 84 119
1878 84 124
1879 84 126
1880 84 129
1881 84 131
1882 84 137
1883 84 143
1884 84 150
1885 84 153
1886 84 159
1887 84 161
1888 84 162
1889 84 163
1890 84 165
1891 84 171
1892 84 174
1893 84 180
1894 84 181
1895 84 182
1896 84 184
1897 84 187
1898 84 189
1899 84 190
1900 84 191
1901 84 195
1902 84 201
1903 84 202
1904 84 204
1905 84 206
1906 84 209
1907 84 214
1908 84 215
1909 86 111
1910 87 123
1911 87 146
1912 87 155
1913 87 178
1914 87 192
1915 88 90
1916 88 93
1917 88 95
1918 88 96
1919 88 99
1920 88 103
1921 88 104
1922 88 130
1923 88 133
1924 88 140
1925 88 141
1926 88 142
1927 88 144
1928 88 151
1929 88 156
1930 88 157
1931 88 160
1932 88 168
1933 88 169
1934 88 177
1935 88 179
1936 88 185
1937 88 186
1938 88 193
1939 88 196
1940 88 197
1941 88 198
1942 88 203
1943 89 145
1944 90 93
1945 90 95
1946 90 96
1947 90 99
1948 90 103
1949 90 104
1950 90 130
1951 90 133
1952 90 140
1953 90 141
1954 90 142
1955 90 144
1956 90 151
1957 90 156
1958 90 157
1959 90 160
1960 90 168
1961 90 169
1962 90 177
1963 90 179
1964 90 185
1965 90 186
1966 90 193
1967 90 196
1968 90 197
1969 90 198
1970 90 203
1971 91 111
1972 91 172
1973 91 216
1974 92 94
1975 92 100
1976 92 106
1977 92 107
1978 92 112
1979 92 115
1980 92 119
1981 92 124
1982 92 126
1983 92 129
1984 92 131
1985 92 137
1986 92 143
1987 92 150
1988 92 153
1989 92 159
1990 92 161
1991 92 162
1992 92 163
1993 92 165
1994 92 171
1995 92 174
1996 92 180
1997 92 181
1998 92 182
1999 92 184
2000 92 187
2001 92 189
2002 92 190
2003 92 191
2004 92 195
2005 92 201
2006 92 202
2007 92 204
2008 92 206
2009 92 209
2010 92 214
2011 92 215
2012 93 95
2013 93 96
2014 93 99
2015 93 103
2016 93 104
2017 93 130
2018 93 133
2019 93 140
2020 93 141
2021 93 142
2022 93 144
2023 93 151
2024 93 156
2025 93 160
2026 93 168
2027 93 169
2028 93 177
2029 93 179
2030 93 185
2031 93 186
2032 93 193
2033 93 197
2034 93 198
2035 93 203
2036 94 100
2037 94 106
2038 94 107
2039 94 112
2040 94 115
2041 94 119
2042 94 124
2043 94 126
2044 94 129
2045 94 131
2046 94 137
2047 94 143
2048 94 150
2049 94 153
2050 94 159
2051 94 161
2052 94 162
2053 94 163
2054 94 165
2055 94 171
2056 94 174
2057 94 180
2058 94 181
2059 94 182
2060 94 184
2061 94 187
2062 94 189
2063 94 190
2064 94 195
2065 94 201
2066 94 202
2067 94 204
2068 94 206
2069 94 209
2070 94 214
2071 94 215
2072 95 96
2073 95 99
2074 95 103
2075 95 104
2076 95 130
2077 95 133
2078 95 140
2079 95 141
2080 95 142
2081 95 144
2082 95 151
2083 95 156
2084 95 157
2085 95 160
2086 95 168
2087 95 169
2088 95 177
2089 95 179
2090 95 185
2091 95 186
2092 95 193
2093 95 196
2094 95 197
2095 95 198
2096 95 203
2097 96 99
2098 96 103
2099 96 104
2100 96 130
2101 96 133
2102 96 140
2103 96 141
2104 96 142
2105 96 144
2106 96 151
2107 96 156
2108 96 157
2109 96 160
2110 96 168
2111 96 169
2112 96 177
2113 96 179
2114 96 185
2115 96 186
2116 96 193
2117 96 196
2118 96 197
2119 96 198
2120 96 203
2121 97 138
2122 97 200
2123 99 103
2124 99 104
2125 99 130
2126 99 133
2127 99 140
2128 99 141
2129 99 142
2130 99 144
2131 99 151
2132 99 156
2133 99 157
2134 99 160
2135 99 168
2136 99 169
2137 99 177
2138 99 179
2139 99 185
2140 99 186
2141 99 193
2142 99 196
2143 99 197
2144 99 198
2145 99 203
2146 100 106
2147 100 107
2148 100 112
2149 100 115
2150 100 119
2151 100 124
2152 100 126
2153 100 129
2154 100 131
2155 100 137
2156 100 150
2157 100 153
2158 100 159
2159 100 161
2160 100 162
2161 100 163
2162 100 165
2163 100 171
2164 100 174
2165 100 180
2166 100 181
2167 100 182
2168 100 184
2169 100 187
2170 100 189
2171 100 190
2172 100 195
2173 100 201
2174 100 202
2175 100 204
2176 100 206
2177 100 209
2178 100 214
2179 100 215
2180 102 173
2181 102 207
2182 103 104
2183 103 130
2184 103 133
2185 103 140
2186 103 141
2187 103 142
2188 103 144
2189 103 151
2190 103 156
2191 103 160
2192 103 168
2193 103 169
2194 103 177
2195 103 179
2196 103 185
2197 103 186
2198 103 193
2199 103 197
2200 103 198
2201 103 203
2202 104 130
2203 104 133
2204 104 140
2205 104 141
2206 104 142
2207 104 144
2208 104 151
2209 104 156
2210 104 157
2211 104 160
2212 104 168
2213 104 169
2214 104 177
2215 104 179
2216 104 185
2217 104 186
2218 104 193
2219 104 196
2220 104 197
2221 104 198
2222 104 203
2223 106 107
2224 106 112
2225 106 115
2226 106 119
2227 106 124
2228 106 126
2229 106 129
2230 106 131
2231 106 137
2232 106 143
2233 106 150
2234 106 153
2235 106 159
2236 106 161
2237 106 162
2238 106 163
2239 106 165
2240 106 171
2241 106 174
2242 106 180
2243 106 181
2244 106 182
2245 106 184
2246 106 187
2247 106 189
2248 106 190
2249 106 191
2250 106 195
2251 106 201
2252 106 202
2253 106 204
2254 106 206
2255 106 209
2256 106 214
2257 106 215
2258 107 112
2259 107 115
2260 107 119
2261 107 124
2262 107 126
2263 107 129
2264 107 131
2265 107 137
2266 107 143
2267 107 150
2268 107 153
2269 107 159
2270 107 161
2271 107 162
2272 107 163
2273 107 165
2274 107 171
2275 107 174
2276 107 180
2277 107 181
2278 107 182
2279 107 184
2280 107 187
2281 107 189
2282 107 190
2283 107 195
2284 107 201
2285 107 202
2286 107 204
2287 107 206
2288 107 209
2289 107 214
2290 107 215
2291 108 166
2292 110 132
2293 111 117
2294 111 172
2295 111 216
2296 112 115
2297 112 119
2298 112 124
2299 112 126
2300 112 129
2301 112 131
2302 112 137
2303 112 143
2304 112 150
2305 112 153
2306 112 159
2307 112 161
2308 112 162
2309 112 163
2310 112 165
2311 112 171
2312 112 174
2313 112 180
2314 112 181
2315 112 182
2316 112 184
2317 112 187
2318 112 189
2319 112 190
2320 112 191
2321 112 195
2322 112 201
2323 112 202
2324 112 204
2325 112 206
2326 112 209
2327 112 214
2328 112 215
2329 114 152
2330 115 119
2331 115 124
2332 115 126
2333 115 129
2334 115 131
2335 115 137
2336 115 143
2337 115 150
2338 115 153
2339 115 159
2340 115 161
2341 115 162
2342 115 163
2343 115 165
2344 115 171
2345 115 174
2346 115 180
2347 115 181
2348 115 182
2349 115 184
2350 115 187
2351 115 189
2352 115 190
2353 115 191
2354 115 195
2355 115 201
2356 115 202
2357 115 204
2358 115 206
2359 115 209
2360 115 214
2361 115 215
2362 116 117
2363 116 135
2364 116 145
2365 116 148
2366 116 167
2367 117 135
2368 117 145
2369 117 148
2370 117 167
2371 117 188
2372 118 205
2373 119 124
2374 119 126
2375 119 129
2376 119 131
2377 119 137
2378 119 143
2379 119 150
2380 119 153
2381 119 159
2382 119 161
2383 119 162
2384 119 163
2385 119 165
2386 119 171
2387 119 174
2388 119 180
2389 119 181
2390 119 182
2391 119 184
2392 119 187
2393 119 189
2394 119 190
2395 119 191
2396 119 195
2397 119 201
2398 119 202
2399 119 204
2400 119 206
2401 119 209
2402 119 214
2403 119 215
2404 122 145
2405 123 146
2406 123 155
2407 123 178
2408 123 192
2409 124 126
2410 124 129
2411 124 131
2412 124 137
2413 124 143
2414 124 150
2415 124 153
2416 124 159
2417 124 161
2418 124 162
2419 124 163
2420 124 165
2421 124 171
2422 124 174
2423 124 180
2424 124 181
2425 124 182
2426 124 184
2427 124 187
2428 124 189
2429 124 190
2430 124 191
2431 124 195
2432 124 201
2433 124 202
2434 124 204
2435 124 206
2436 124 209
2437 124 214
2438 124 215
2439 125 128
2440 126 129
2441 126 131
2442 126 137
2443 126 143
2444 126 150
2445 126 153
2446 126 159
2447 126 161
2448 126 162
2449 126 163
2450 126 165
2451 126 171
2452 126 174
2453 126 180
2454 126 182
2455 126 184
2456 126 187
2457 126 189
2458 126 190
2459 126 191
2460 126 195
2461 126 201
2462 126 202
2463 126 204
2464 126 206
2465 126 209
2466 126 214
2467 126 215
2468 128 147
2469 128 183
2470 129 131
2471 129 137
2472 129 143
2473 129 150
2474 129 153
2475 129 159
2476 129 161
2477 129 162
2478 129 163
2479 129 165
2480 129 171
2481 129 174
2482 129 180
2483 129 181
2484 129 182
2485 129 184
2486 129 187
2487 129 189
2488 129 190
2489 129 191
2490 129 195
2491 129 201
2492 129 202
2493 129 204
2494 129 206
2495 129 209
2496 129 214
2497 129 215
2498 130 133
2499 130 140
2500 130 141
2501 130 142
2502 130 144
2503 130 151
2504 130 156
2505 130 157
2506 130 160
2507 130 168
2508 130 169
2509 130 177
2510 130 179
2511 130 185
2512 130 186
2513 130 193
2514 130 197
2515 130 198
2516 130 203
2517 131 137
2518 131 143
2519 131 150
2520 131 153
2521 131 159
2522 131 161
2523 131 162
2524 131 163
2525 131 165
2526 131 171
2527 131 174
2528 131 180
2529 131 181
2530 131 182
2531 131 184
2532 131 187
2533 131 189
2534 131 190
2535 131 191
2536 131 195
2537 131 201
2538 131 202
2539 131 204
2540 131 206
2541 131 209
2542 131 214
2543 131 215
2544 133 140
2545 133 141
2546 133 142
2547 133 144
2548 133 151
2549 133 156
2550 133 160
2551 133 168
2552 133 177
2553 133 179
2554 133 185
2555 133 186
2556 133 193
2557 133 197
2558 133 198
2559 133 203
2560 135 148
2561 135 167
2562 135 188
2563 137 143
2564 137 150
2565 137 153
2566 137 159
2567 137 161
2568 137 162
2569 137 163
2570 137 165
2571 137 171
2572 137 174
2573 137 180
2574 137 181
2575 137 182
2576 137 184
2577 137 187
2578 137 189
2579 137 190
2580 137 191
2581 137 195
2582 137 201
2583 137 202
2584 137 204
2585 137 206
2586 137 209
2587 137 214
2588 137 215
2589 138 200
2590 139 149
2591 140 141
2592 140 142
2593 140 144
2594 140 151
2595 140 156
2596 140 160
2597 140 168
2598 140 177
2599 140 179
2600 140 185
2601 140 186
2602 140 193
2603 140 197
2604 140 198
2605 140 203
2606 141 142
2607 141 144
2608 141 151
2609 141 156
2610 141 157
2611 141 160
2612 141 168
2613 141 169
2614 141 177
2615 141 179
2616 141 185
2617 141 186
2618 141 193
2619 141 196
2620 141 197
2621 141 198
2622 141 203
2623 142 144
2624 142 151
2625 142 156
2626 142 160
2627 142 177
2628 142 179
2629 142 185
2630 142 186
2631 142 193
2632 142 197
2633 142 198
2634 142 203
2635 143 150
2636 143 153
2637 143 159
2638 143 161
2639 143 162
2640 143 163
2641 143 165
2642 143 171
2643 143 174
2644 143 180
2645 143 181
2646 143 182
2647 143 184
2648 143 187
2649 143 189
2650 143 190
2651 143 195
2652 143 201
2653 143 202
2654 143 204
2655 143 206
2656 143 209
2657 143 214
2658 143 215
2659 144 151
2660 144 156
2661 144 160
2662 144 168
2663 144 169
2664 144 177
2665 144 179
2666 144 185
2667 144 186
2668 144 193
2669 144 197
2670 144 198
2671 144 203
2672 145 188
2673 146 155
2674 146 178
2675 146 192
2676 147 211
2677 148 167
2678 150 153
2679 150 159
2680 150 161
2681 150 162
2682 150 163
2683 150 165
2684 150 171
2685 150 174
2686 150 180
2687 150 181
2688 150 182
2689 150 184
2690 150 187
2691 150 189
2692 150 190
2693 150 195
2694 150 201
2695 150 202
2696 150 204
2697 150 206
2698 150 209
2699 150 214
2700 150 215
2701 151 156
2702 151 157
2703 151 160
2704 151 168
2705 151 169
2706 151 177
2707 151 179
2708 151 185
2709 151 186
2710 151 193
2711 151 196
2712 151 197
2713 151 198
2714 151 203
2715 153 159
2716 153 161
2717 153 162
2718 153 163
2719 153 165
2720 153 171
2721 153 174
2722 153 180
2723 153 181
2724 153 182
2725 153 184
2726 153 187
2727 153 189
2728 153 190
2729 153 195
2730 153 201
2731 153 202
2732 153 204
2733 153 206
2734 153 209
2735 153 214
2736 153 215
2737 155 178
2738 155 192
2739 156 157
2740 156 160
2741 156 168
2742 156 169
2743 156 177
2744 156 179
2745 156 185
2746 156 186
2747 156 193
2748 156 196
2749 156 197
2750 156 198
2751 156 203
2752 157 160
2753 157 168
2754 157 169
2755 157 177
2756 157 179
2757 157 185
2758 157 186
2759 157 193
2760 157 196
2761 157 198
2762 159 161
2763 159 162
2764 159 163
2765 159 165
2766 159 171
2767 159 174
2768 159 180
2769 159 181
2770 159 182
2771 159 184
2772 159 187
2773 159 189
2774 159 190
2775 159 191
2776 159 195
2777 159 201
2778 159 202
2779 159 204
2780 159 206
2781 159 209
2782 159 214
2783 159 215
2784 160 168
2785 160 169
2786 160 177
2787 160 179
2788 160 185
2789 160 186
2790 160 193
2791 160 196
2792 160 197
2793 160 198
2794 160 203
2795 161 162
2796 161 163
2797 161 165
2798 161 171
2799 161 174
2800 161 180
2801 161 181
2802 161 182
2803 161 184
2804 161 187
2805 161 189
2806 161 190
2807 161 191
2808 161 195
2809 161 201
2810 161 202
2811 161 204
2812 161 206
2813 161 209
2814 161 214
2815 161 215
2816 162 163
2817 162 165
2818 162 171
2819 162 174
2820 162 180
2821 162 181
2822 162 182
2823 162 184
2824 162 187
2825 162 189
2826 162 190
2827 162 191
2828 162 195
2829 162 201
2830 162 202
2831 162 204
2832 162 206
2833 162 209
2834 162 214
2835 162 215
2836 163 165
2837 163 171
2838 163 174
2839 163 180
2840 163 181
2841 163 182
2842 163 184
2843 163 187
2844 163 189
2845 163 190
2846 163 195
2847 163 201
2848 163 202
2849 163 204
2850 163 206
2851 163 209
2852 163 214
2853 163 215
2854 165 171
2855 165 174
2856 165 180
2857 165 181
2858 165 182
2859 165 184
2860 165 187
2861 165 189
2862 165 190
2863 165 195
2864 165 201
2865 165 202
2866 165 204
2867 165 206
2868 165 209
2869 165 214
2870 165 215
2871 168 169
2872 168 177
2873 168 179
2874 168 185
2875 168 186
2876 168 193
2877 168 198
2878 168 203
2879 169 177
2880 169 179
2881 169 185
2882 169 186
2883 169 193
2884 169 198
2885 169 203
2886 171 174
2887 171 180
2888 171 181
2889 171 182
2890 171 184
2891 171 187
2892 171 189
2893 171 190
2894 171 191
2895 171 195
2896 171 201
2897 171 202
2898 171 204
2899 171 206
2900 171 209
2901 171 214
2902 171 215
2903 172 216
2904 173 207
2905 174 180
2906 174 181
2907 174 182
2908 174 184
2909 174 187
2910 174 189
2911 174 190
2912 174 195
2913 174 201
2914 174 202
2915 174 204
2916 174 206
2917 174 209
2918 174 214
2919 174 215
2920 177 179
2921 177 185
2922 177 186
2923 177 193
2924 177 196
2925 177 197
2926 177 198
2927 177 203
2928 178 192
2929 179 185
2930 179 186
2931 179 193
2932 179 196
2933 179 197
2934 179 198
2935 179 203
2936 180 181
2937 180 182
2938 180 184
2939 180 187
2940 180 189
2941 180 190
2942 180 191
2943 180 195
2944 180 201
2945 180 202
2946 180 204
2947 180 206
2948 180 209
2949 180 214
2950 180 215
2951 181 182
2952 181 184
2953 181 187
2954 181 189
2955 181 190
2956 181 195
2957 181 201
2958 181 202
2959 181 204
2960 181 206
2961 181 209
2962 181 214
2963 181 215
2964 182 184
2965 182 187
2966 182 189
2967 182 190
2968 182 191
2969 182 195
2970 182 201
2971 182 202
2972 182 204
2973 182 206
2974 182 209
2975 182 214
2976 182 215
2977 184 187
2978 184 189
2979 184 190
2980 184 191
2981 184 195
2982 184 201
2983 184 202
2984 184 204
2985 184 206
2986 184 209
2987 184 214
2988 184 215
2989 185 186
2990 185 193
2991 185 196
2992 185 197
2993 185 198
2994 185 203
2995 186 193
2996 186 197
2997 186 198
2998 186 203
2999 187 189
3000 187 190
3001 187 191
3002 187 195
3003 187 201
3004 187 202
3005 187 204
3006 187 206
3007 187 209
3008 187 214
3009 187 215
3010 189 190
3011 189 191
3012 189 195
3013 189 201
3014 189 202
3015 189 204
3016 189 206
3017 189 209
3018 189 214
3019 189 215
3020 190 195
3021 190 201
3022 190 202
3023 190 204
3024 190 206
3025 190 209
3026 190 214
3027 190 215
3028 191 195
3029 191 201
3030 191 202
3031 191 204
3032 191 206
3033 191 209
3034 191 214
3035 193 196
3036 193 197
3037 193 198
3038 193 203
3039 195 201
3040 195 202
3041 195 204
3042 195 206
3043 195 209
3044 195 214
3045 195 215
3046 196 198
3047 197 198
3048 197 203
3049 198 203
3050 201 202
3051 201 204
3052 201 206
3053 201 209
3054 201 214
3055 201 215
3056 202 204
3057 202 206
3058 202 209
3059 202 214
3060 202 215
3061 204 206
3062 204 209
3063 204 214
3064 204 215
3065 206 209
3066 206 214
3067 206 215
3068 209 214
3069 209 215
3070 214 215
