1 1 5
2 1 34
3 1 58
4 1 118
5 1 205
6 2 12
7 2 30
8 2 64
9 2 125
10 2 128
11 2 147
12 2 183
13 2 211
14 3 8
15 3 11
16 3 14
17 3 22
18 3 26
19 3 28
20 3 33
21 3 40
22 3 41
23 3 42
24 3 44
25 3 46
26 3 53
27 3 55
28 3 56
29 3 65
30 3 67
31 3 68
32 3 76
33 3 77
34 3 84
35 3 92
36 3 94
37 3 100
38 3 106
39 3 107
40 3 112
41 3 115
42 3 119
43 3 124
44 3 126
45 3 129
46 3 131
47 3 137
48 3 143
49 3 150
50 3 153
51 3 159
52 3 161
53 3 162
54 3 163
55 3 165
56 3 171
57 3 174
58 3 180
59 3 181
60 3 182
61 3 184
62 3 187
63 3 189
64 3 190
65 3 191
66 3 195
67 3 201
68 3 202
69 3 204
70 3 206
71 3 209
72 3 214
73 3 215
74 4 19
75 4 57
76 4 70
77 4 80
78 4 87
79 4 120
80 4 123
81 4 146
82 4 155
83 4 178
84 4 192
85 5 34
86 5 58
87 5 118
88 5 205
89 6 18
90 6 25
91 6 29
92 6 35
93 6 38
94 6 39
95 6 47
96 6 48
97 6 49
98 6 51
99 6 52
100 6 54
101 6 59
102 6 61
103 6 62
104 6 66
105 6 69
106 6 72
107 6 74
108 6 75
109 6 81
110 6 88
111 6 90
112 6 93
113 6 95
114 6 96
115 6 99
116 6 103
117 6 104
118 6 130
119 6 133
120 6 140
121 6 141
122 6 142
123 6 144
124 6 151
125 6 156
126 6 157
127 6 160
128 6 168
129 6 169
130 6 177
131 6 179
132 6 185
133 6 186
134 6 193
135 6 194
136 6 196
137 6 197
138 6 198
139 6 203
140 7 13
141 7 101
142 7 176
143 8 11
144 8 22
145 8 26
146 8 28
147 8 33
148 8 40
149 8 41
150 8 42
151 8 44
152 8 46
153 8 53
154 8 55
155 8 56
156 8 65
157 8 67
158 8 68
159 8 76
160 8 77
161 8 84
162 8 92
163 8 94
164 8 100
165 8 106
166 8 107
167 8 112
168 8 115
169 8 119
170 8 124
171 8 126
172 8 129
173 8 131
174 8 137
175 8 143
176 8 150
177 8 153
178 8 159
179 8 161
180 8 162
181 8 163
182 8 165
183 8 171
184 8 174
185 8 180
186 8 181
187 8 182
188 8 184
189 8 187
190 8 189
191 8 190
192 8 191
193 8 195
194 8 201
195 8 202
196 8 204
197 8 206
198 8 209
199 8 214
200 8 215
201 9 134
202 10 43
203 10 110
204 10 132
205 11 14
206 11 22
207 11 26
208 11 28
209 11 33
210 11 40
211 11 41
212 11 42
213 11 44
214 11 46
215 11 53
216 11 55
217 11 56
218 11 65
219 11 67
220 11 68
221 11 76
222 11 77
223 11 84
224 11 92
225 11 94
226 11 100
227 11 106
228 11 107
229 11 112
230 11 115
231 11 119
232 11 124
233 11 126
234 11 129
235 11 131
236 11 137
237 11 143
238 11 150
239 11 153
240 11 159
241 11 161
242 11 162
243 11 163
244 11 165
245 11 171
246 11 174
247 11 180
248 11 181
249 11 182
250 11 184
251 11 187
252 11 189
253 11 190
254 11 191
255 11 195
256 11 201
257 11 202
258 11 204
259 11 206
260 11 209
261 11 214
262 11 215
263 12 30
264 12 64
265 12 125
266 12 128
267 12 147
268 12 183
269 12 211
270 13 101
271 13 176
272 14 26
273 14 28
274 14 40
275 14 41
276 14 42
277 14 44
278 14 46
279 14 53
280 14 65
281 14 67
282 14 68
283 14 77
284 14 84
285 14 92
286 14 106
287 14 107
288 14 112
289 14 115
290 14 124
291 14 129
292 14 131
293 14 143
294 14 159
295 14 161
296 14 162
297 14 163
298 14 171
299 14 181
300 14 184
301 14 189
302 14 201
303 14 202
304 14 204
305 14 206
306 14 209
307 15 78
308 15 166
309 17 108
310 17 166
311 18 25
312 18 29
313 18 35
314 18 38
315 18 39
316 18 47
317 18 48
318 18 49
319 18 51
320 18 52
321 18 54
322 18 59
323 18 61
324 18 62
325 18 66
326 18 69
327 18 72
328 18 74
329 18 75
330 18 81
331 18 88
332 18 90
333 18 93
334 18 95
335 18 96
336 18 99
337 18 103
338 18 104
339 18 130
340 18 133
341 18 140
342 18 141
343 18 142
344 18 144
345 18 151
346 18 156
347 18 157
348 18 160
349 18 168
350 18 169
351 18 177
352 18 179
353 18 185
354 18 186
355 18 193
356 18 194
357 18 196
358 18 197
359 18 198
360 18 203
361 19 57
362 19 70
363 19 80
364 19 87
365 19 123
366 19 146
367 19 155
368 19 178
369 19 192
370 20 60
371 20 98
372 20 175
373 21 23
374 21 45
375 21 63
376 21 79
377 21 89
378 21 111
379 21 114
380 21 116
381 21 117
382 21 122
383 21 135
384 21 145
385 21 148
386 21 152
387 21 167
388 21 172
389 21 188
390 21 216
391 22 26
392 22 28
393 22 33
394 22 40
395 22 41
396 22 42
397 22 44
398 22 46
399 22 53
400 22 55
401 22 56
402 22 65
403 22 67
404 22 68
405 22 76
406 22 77
407 22 84
408 22 92
409 22 94
410 22 100
411 22 106
412 22 107
413 22 112
414 22 115
415 22 119
416 22 124
417 22 126
418 22 129
419 22 131
420 22 137
421 22 143
422 22 150
423 22 153
424 22 159
425 22 161
426 22 162
427 22 163
428 22 165
429 22 171
430 22 174
431 22 180
432 22 181
433 22 182
434 22 184
435 22 187
436 22 189
437 22 190
438 22 191
439 22 195
440 22 201
441 22 202
442 22 204
443 22 206
444 22 209
445 22 214
446 22 215
447 23 45
448 23 63
449 23 79
450 23 89
451 23 111
452 23 113
453 23 114
454 23 116
455 23 117
456 23 122
457 23 135
458 23 145
459 23 148
460 23 152
461 23 167
462 23 172
463 23 188
464 23 216
465 25 29
466 25 35
467 25 38
468 25 39
469 25 47
470 25 48
471 25 49
472 25 51
473 25 52
474 25 54
475 25 59
476 25 61
477 25 62
478 25 66
479 25 69
480 25 72
481 25 74
482 25 75
483 25 81
484 25 88
485 25 90
486 25 93
487 25 95
488 25 96
489 25 99
490 25 103
491 25 104
492 25 130
493 25 133
494 25 140
495 25 141
496 25 142
497 25 144
498 25 151
499 25 156
500 25 157
501 25 160
502 25 168
503 25 169
504 25 177
505 25 179
506 25 185
507 25 186
508 25 193
509 25 194
510 25 196
511 25 197
512 25 198
513 25 203
514 26 28
515 26 33
516 26 40
517 26 41
518 26 42
519 26 44
520 26 46
521 26 53
522 26 55
523 26 56
524 26 65
525 26 67
526 26 68
527 26 76
528 26 77
529 26 84
530 26 92
531 26 94
532 26 100
533 26 106
534 26 107
535 26 112
536 26 115
537 26 119
538 26 124
539 26 126
540 26 129
541 26 131
542 26 137
543 26 143
544 26 150
545 26 153
546 26 159
547 26 161
548 26 162
549 26 163
550 26 165
551 26 171
552 26 174
553 26 180
554 26 181
555 26 182
556 26 184
557 26 187
558 26 189
559 26 190
560 26 191
561 26 195
562 26 201
563 26 202
564 26 204
565 26 206
566 26 209
567 26 214
568 26 215
569 27 37
570 27 82
571 27 120
572 27 127
573 27 212
574 28 33
575 28 40
576 28 41
577 28 42
578 28 44
579 28 46
580 28 53
581 28 55
582 28 56
583 28 65
584 28 67
585 28 68
586 28 76
587 28 77
588 28 84
589 28 92
590 28 94
591 28 100
592 28 106
593 28 107
594 28 112
595 28 115
596 28 119
597 28 124
598 28 126
599 28 129
600 28 131
601 28 137
602 28 143
603 28 150
604 28 153
605 28 159
606 28 161
607 28 162
608 28 163
609 28 165
610 28 171
611 28 174
612 28 180
613 28 181
614 28 182
615 28 184
616 28 187
617 28 189
618 28 190
619 28 191
620 28 195
621 28 201
622 28 202
623 28 204
624 28 206
625 28 209
626 28 214
627 28 215
628 29 35
629 29 38
630 29 39
631 29 47
632 29 48
633 29 49
634 29 51
635 29 52
636 29 54
637 29 59
638 29 61
639 29 62
640 29 66
641 29 69
642 29 72
643 29 74
644 29 75
645 29 81
646 29 88
647 29 90
648 29 93
649 29 95
650 29 96
651 29 99
652 29 103
653 29 104
654 29 130
655 29 133
656 29 140
657 29 141
658 29 142
659 29 144
660 29 151
661 29 156
662 29 157
663 29 160
664 29 168
665 29 169
666 29 177
667 29 179
668 29 185
669 29 186
670 29 193
671 29 194
672 29 196
673 29 197
674 29 198
675 29 203
676 30 64
677 30 125
678 30 128
679 30 147
680 30 183
681 30 211
682 31 65
683 31 143
684 31 181
685 33 40
686 33 41
687 33 42
688 33 44
689 33 46
690 33 53
691 33 55
692 33 56
693 33 65
694 33 67
695 33 68
696 33 76
697 33 77
698 33 84
699 33 92
700 33 94
701 33 100
702 33 106
703 33 107
704 33 112
705 33 115
706 33 119
707 33 124
708 33 126
709 33 129
710 33 131
711 33 137
712 33 143
713 33 150
714 33 153
715 33 159
716 33 161
717 33 162
718 33 163
719 33 165
720 33 171
721 33 174
722 33 180
723 33 181
724 33 182
725 33 184
726 33 187
727 33 189
728 33 190
729 33 191
730 33 195
731 33 201
732 33 202
733 33 204
734 33 206
735 33 209
736 33 214
737 33 215
738 34 58
739 34 118
740 34 205
741 35 38
742 35 39
743 35 47
744 35 48
745 35 49
746 35 51
747 35 52
748 35 54
749 35 59
750 35 61
751 35 62
752 35 66
753 35 69
754 35 72
755 35 74
756 35 75
757 35 81
758 35 88
759 35 90
760 35 93
761 35 95
762 35 96
763 35 99
764 35 103
765 35 104
766 35 130
767 35 133
768 35 140
769 35 141
770 35 142
771 35 144
772 35 151
773 35 156
774 35 157
775 35 160
776 35 168
777 35 169
778 35 177
779 35 179
780 35 185
781 35 186
782 35 193
783 35 194
784 35 196
785 35 197
786 35 198
787 35 203
788 36 109
789 37 82
790 37 120
791 37 127
792 37 212
793 38 39
794 38 47
795 38 48
796 38 49
797 38 51
798 38 52
799 38 54
800 38 59
801 38 61
802 38 62
803 38 66
804 38 72
805 38 74
806 38 75
807 38 81
808 38 88
809 38 90
810 38 93
811 38 95
812 38 96
813 38 99
814 38 103
815 38 104
816 38 130
817 38 133
818 38 140
819 38 141
820 38 142
821 38 144
822 38 151
823 38 156
824 38 157
825 38 160
826 38 168
827 38 169
828 38 177
829 38 179
830 38 185
831 38 186
832 38 193
833 38 196
834 38 197
835 38 198
836 38 203
837 39 47
838 39 48
839 39 49
840 39 51
841 39 52
842 39 54
843 39 59
844 39 61
845 39 62
846 39 66
847 39 72
848 39 74
849 39 75
850 39 81
851 39 88
852 39 90
853 39 93
854 39 95
855 39 96
856 39 99
857 39 103
858 39 104
859 39 130
860 39 133
861 39 140
862 39 141
863 39 142
864 39 144
865 39 151
866 39 156
867 39 157
868 39 160
869 39 168
870 39 169
871 39 177
872 39 179
873 39 185
874 39 186
875 39 193
876 39 196
877 39 197
878 39 198
879 39 203
880 40 41
881 40 42
882 40 44
883 40 46
884 40 53
885 40 55
886 40 56
887 40 65
888 40 67
889 40 68
890 40 76
891 40 77
892 40 84
893 40 92
894 40 94
895 40 100
896 40 106
897 40 107
898 40 112
899 40 115
900 40 119
901 40 124
902 40 126
903 40 129
904 40 131
905 40 137
906 40 143
907 40 150
908 40 153
909 40 159
910 40 161
911 40 162
912 40 163
913 40 165
914 40 171
915 40 174
916 40 180
917 40 181
918 40 182
919 40 184
920 40 187
921 40 189
922 40 190
923 40 191
924 40 195
925 40 201
926 40 202
927 40 204
928 40 206
929 40 209
930 40 214
931 40 215
932 41 42
933 41 44
934 41 46
935 41 53
936 41 55
937 41 56
938 41 65
939 41 67
940 41 68
941 41 76
942 41 77
943 41 84
944 41 92
945 41 94
946 41 100
947 41 106
948 41 107
949 41 112
950 41 115
951 41 119
952 41 124
953 41 126
954 41 129
955 41 131
956 41 137
957 41 143
958 41 150
959 41 153
960 41 159
961 41 161
962 41 162
963 41 163
964 41 165
965 41 171
966 41 174
967 41 180
968 41 181
969 41 182
970 41 184
971 41 187
972 41 189
973 41 190
974 41 191
975 41 195
976 41 201
977 41 202
978 41 204
979 41 206
980 41 209
981 41 214
982 41 215
983 42 44
984 42 46
985 42 53
986 42 55
987 42 56
988 42 65
989 42 67
990 42 68
991 42 76
992 42 77
993 42 84
994 42 92
995 42 94
996 42 100
997 42 106
998 42 107
999 42 112
1000 42 115
1001 42 119
1002 42 124
1003 42 126
1004 42 129
1005 42 131
1006 42 137
1007 42 143
1008 42 150
1009 42 153
1010 42 159
1011 42 161
1012 42 162
1013 42 163
1014 42 165
1015 42 171
1016 42 174
1017 42 180
1018 42 181
1019 42 182
1020 42 184
1021 42 187
1022 42 189
1023 42 190
1024 42 191
1025 42 195
1026 42 201
1027 42 202
1028 42 204
1029 42 206
1030 42 209
1031 42 214
1032 42 215
1033 43 110
1034 43 132
1035 44 46
1036 44 53
1037 44 55
1038 44 56
1039 44 65
1040 44 67
1041 44 68
1042 44 76
1043 44 77
1044 44 84
1045 44 92
1046 44 94
1047 44 100
1048 44 106
1049 44 107
1050 44 112
1051 44 115
1052 44 119
1053 44 124
1054 44 126
1055 44 129
1056 44 131
1057 44 137
1058 44 143
1059 44 150
1060 44 153
1061 44 159
1062 44 161
1063 44 162
1064 44 163
1065 44 165
1066 44 171
1067 44 174
1068 44 180
1069 44 181
1070 44 182
1071 44 184
1072 44 187
1073 44 189
1074 44 190
1075 44 191
1076 44 195
1077 44 201
1078 44 202
1079 44 204
1080 44 206
1081 44 209
1082 44 214
1083 44 215
1084 45 63
1085 45 79
1086 45 89
1087 45 111
1088 45 114
1089 45 116
1090 45 117
1091 45 122
1092 45 135
1093 45 145
1094 45 148
1095 45 152
1096 45 167
1097 45 172
1098 45 188
1099 45 216
1100 46 53
1101 46 55
1102 46 56
1103 46 65
1104 46 67
1105 46 68
1106 46 76
1107 46 77
1108 46 84
1109 46 92
1110 46 94
1111 46 100
1112 46 106
1113 46 107
1114 46 112
1115 46 115
1116 46 119
1117 46 124
1118 46 126
1119 46 129
1120 46 131
1121 46 137
1122 46 143
1123 46 150
1124 46 153
1125 46 159
1126 46 161
1127 46 162
1128 46 163
1129 46 165
1130 46 171
1131 46 174
1132 46 180
1133 46 181
1134 46 182
1135 46 184
1136 46 187
1137 46 189
1138 46 190
1139 46 191
1140 46 195
1141 46 201
1142 46 202
1143 46 204
1144 46 206
1145 46 209
1146 46 214
1147 46 215
1148 47 48
1149 47 49
1150 47 51
1151 47 52
1152 47 54
1153 47 59
1154 47 61
1155 47 62
1156 47 66
1157 47 69
1158 47 72
1159 47 74
1160 47 75
1161 47 81
1162 47 88
1163 47 90
1164 47 93
1165 47 95
1166 47 96
1167 47 99
1168 47 103
1169 47 104
1170 47 130
1171 47 133
1172 47 140
1173 47 141
1174 47 142
1175 47 144
1176 47 151
1177 47 156
1178 47 157
1179 47 160
1180 47 168
1181 47 169
1182 47 177
1183 47 179
1184 47 185
1185 47 186
1186 47 193
1187 47 194
1188 47 196
1189 47 197
1190 47 198
1191 47 203
1192 48 49
1193 48 51
1194 48 52
1195 48 54
1196 48 59
1197 48 61
1198 48 62
1199 48 66
1200 48 69
1201 48 72
1202 48 74
1203 48 75
1204 48 81
1205 48 88
1206 48 90
1207 48 93
1208 48 95
1209 48 96
1210 48 99
1211 48 103
1212 48 104
1213 48 130
1214 48 133
1215 48 140
1216 48 141
1217 48 142
1218 48 144
1219 48 151
1220 48 156
1221 48 157
1222 48 160
1223 48 168
1224 48 169
1225 48 177
1226 48 179
1227 48 185
1228 48 186
1229 48 193
1230 48 194
1231 48 196
1232 48 197
1233 48 198
1234 48 203
1235 49 51
1236 49 52
1237 49 54
1238 49 59
1239 49 61
1240 49 62
1241 49 66
1242 49 72
1243 49 74
1244 49 75
1245 49 81
1246 49 88
1247 49 90
1248 49 93
1249 49 95
1250 49 96
1251 49 99
1252 49 103
1253 49 104
1254 49 130
1255 49 133
1256 49 140
1257 49 141
1258 49 142
1259 49 144
1260 49 151
1261 49 156
1262 49 157
1263 49 160
1264 49 168
1265 49 169
1266 49 177
1267 49 179
1268 49 185
1269 49 186
1270 49 193
1271 49 196
1272 49 197
1273 49 198
1274 49 203
1275 51 52
1276 51 54
1277 51 59
1278 51 61
1279 51 62
1280 51 66
1281 51 69
1282 51 72
1283 51 74
1284 51 75
1285 51 81
1286 51 88
1287 51 90
1288 51 93
1289 51 95
1290 51 96
1291 51 99
1292 51 103
1293 51 104
1294 51 130
1295 51 133
1296 51 140
1297 51 141
1298 51 142
1299 51 144
1300 51 151
1301 51 156
1302 51 157
1303 51 160
1304 51 168
1305 51 169
1306 51 177
1307 51 179
1308 51 185
1309 51 186
1310 51 193
1311 51 194
1312 51 196
1313 51 197
1314 51 198
1315 51 203
1316 52 54
1317 52 59
1318 52 61
1319 52 62
1320 52 66
1321 52 69
1322 52 72
1323 52 74
1324 52 75
1325 52 81
1326 52 88
1327 52 90
1328 52 93
1329 52 95
1330 52 96
1331 52 99
1332 52 103
1333 52 104
1334 52 130
1335 52 133
1336 52 140
1337 52 141
1338 52 142
1339 52 144
1340 52 151
1341 52 156
1342 52 157
1343 52 160
1344 52 168
1345 52 169
1346 52 177
1347 52 179
1348 52 185
1349 52 186
1350 52 193
1351 52 194
1352 52 196
1353 52 197
1354 52 198
1355 52 203
1356 53 55
1357 53 56
1358 53 65
1359 53 67
1360 53 68
1361 53 76
1362 53 77
1363 53 84
1364 53 92
1365 53 94
1366 53 100
1367 53 106
1368 53 107
1369 53 112
1370 53 115
1371 53 119
1372 53 124
1373 53 126
1374 53 129
1375 53 131
1376 53 137
1377 53 143
1378 53 150
1379 53 153
1380 53 159
1381 53 161
1382 53 162
1383 53 163
1384 53 165
1385 53 171
1386 53 174
1387 53 180
1388 53 181
1389 53 182
1390 53 184
1391 53 187
1392 53 189
1393 53 190
1394 53 191
1395 53 195
1396 53 201
1397 53 202
1398 53 204
1399 53 206
1400 53 209
1401 53 214
1402 53 215
1403 54 59
1404 54 61
1405 54 62
1406 54 66
1407 54 69
1408 54 72
1409 54 74
1410 54 75
1411 54 81
1412 54 88
1413 54 90
1414 54 93
1415 54 95
1416 54 96
1417 54 99
1418 54 103
1419 54 104
1420 54 130
1421 54 133
1422 54 140
1423 54 141
1424 54 142
1425 54 144
1426 54 151
1427 54 156
1428 54 157
1429 54 160
1430 54 168
1431 54 169
1432 54 177
1433 54 179
1434 54 185
1435 54 186
1436 54 193
1437 54 194
1438 54 196
1439 54 197
1440 54 198
1441 54 203
1442 55 56
1443 55 65
1444 55 67
1445 55 68
1446 55 76
1447 55 77
1448 55 84
1449 55 92
1450 55 94
1451 55 100
1452 55 106
1453 55 107
1454 55 112
1455 55 115
1456 55 119
1457 55 124
1458 55 126
1459 55 129
1460 55 131
1461 55 137
1462 55 143
1463 55 150
1464 55 153
1465 55 159
1466 55 161
1467 55 162
1468 55 163
1469 55 165
1470 55 171
1471 55 174
1472 55 180
1473 55 181
1474 55 182
1475 55 184
1476 55 187
1477 55 189
1478 55 190
1479 55 191
1480 55 195
1481 55 201
1482 55 202
1483 55 204
1484 55 206
1485 55 209
1486 55 214
1487 55 215
1488 56 65
1489 56 67
1490 56 68
1491 56 76
1492 56 77
1493 56 84
1494 56 92
1495 56 94
1496 56 100
1497 56 106
1498 56 107
1499 56 112
1500 56 115
1501 56 119
1502 56 124
1503 56 126
1504 56 129
1505 56 131
1506 56 137
1507 56 143
1508 56 150
1509 56 153
1510 56 159
1511 56 161
1512 56 162
1513 56 163
1514 56 165
1515 56 171
1516 56 174
1517 56 180
1518 56 181
1519 56 182
1520 56 184
1521 56 187
1522 56 189
1523 56 190
1524 56 191
1525 56 195
1526 56 201
1527 56 202
1528 56 204
1529 56 206
1530 56 209
1531 56 214
1532 56 215
1533 57 70
1534 57 80
1535 57 87
1536 57 123
1537 57 146
1538 57 155
1539 57 178
1540 57 192
1541 58 118
1542 58 205
1543 59 61
1544 59 62
1545 59 66
1546 59 72
1547 59 74
1548 59 75
1549 59 81
1550 59 88
1551 59 90
1552 59 93
1553 59 95
1554 59 96
1555 59 99
1556 59 103
1557 59 104
1558 59 130
1559 59 133
1560 59 140
1561 59 141
1562 59 142
1563 59 144
1564 59 151
1565 59 156
1566 59 157
1567 59 160
1568 59 168
1569 59 169
1570 59 177
1571 59 179
1572 59 185
1573 59 186
1574 59 193
1575 59 196
1576 59 197
1577 59 198
1578 59 203
1579 60 98
1580 60 175
1581 61 62
1582 61 66
1583 61 72
1584 61 74
1585 61 75
1586 61 81
1587 61 88
1588 61 90
1589 61 93
1590 61 95
1591 61 96
1592 61 99
1593 61 103
1594 61 104
1595 61 130
1596 61 133
1597 61 140
1598 61 141
1599 61 142
1600 61 144
1601 61 151
1602 61 156
1603 61 157
1604 61 160
1605 61 168
1606 61 169
1607 61 177
1608 61 179
1609 61 185
1610 61 186
1611 61 193
1612 61 196
1613 61 197
1614 61 198
1615 61 203
1616 62 66
1617 62 69
1618 62 72
1619 62 74
1620 62 75
1621 62 81
1622 62 88
1623 62 90
1624 62 93
1625 62 95
1626 62 96
1627 62 99
1628 62 103
1629 62 104
1630 62 130
1631 62 133
1632 62 140
1633 62 141
1634 62 142
1635 62 144
1636 62 151
1637 62 156
1638 62 157
1639 62 160
1640 62 168
1641 62 169
1642 62 177
1643 62 179
1644 62 185
1645 62 186
1646 62 193
1647 62 194
1648 62 196
1649 62 197
1650 62 198
1651 62 203
1652 63 70
1653 63 79
1654 63 89
1655 63 91
1656 63 111
1657 63 114
1658 63 116
1659 63 117
1660 63 122
1661 63 123
1662 63 135
1663 63 145
1664 63 148
1665 63 152
1666 63 167
1667 63 172
1668 63 188
1669 63 192
1670 63 216
1671 64 125
1672 64 128
1673 64 147
1674 64 183
1675 64 211
1676 65 67
1677 65 68
1678 65 76
1679 65 77
1680 65 84
1681 65 92
1682 65 94
1683 65 100
1684 65 106
1685 65 107
1686 65 112
1687 65 115
1688 65 119
1689 65 124
1690 65 126
1691 65 129
1692 65 131
1693 65 137
1694 65 143
1695 65 150
1696 65 153
1697 65 159
1698 65 161
1699 65 162
1700 65 163
1701 65 165
1702 65 171
1703 65 174
1704 65 180
1705 65 181
1706 65 182
1707 65 184
1708 65 187
1709 65 189
1710 65 190
1711 65 191
1712 65 195
1713 65 201
1714 65 202
1715 65 204
1716 65 206
1717 65 209
1718 65 214
1719 65 215
1720 66 72
1721 66 74
1722 66 75
1723 66 81
1724 66 88
1725 66 90
1726 66 93
1727 66 95
1728 66 96
1729 66 99
1730 66 103
1731 66 104
1732 66 130
1733 66 133
1734 66 140
1735 66 141
1736 66 142
1737 66 144
1738 66 151
1739 66 156
1740 66 157
1741 66 160
1742 66 168
1743 66 169
1744 66 177
1745 66 179
1746 66 185
1747 66 186
1748 66 193
1749 66 196
1750 66 197
1751 66 198
1752 66 203
1753 67 68
1754 67 76
1755 67 77
1756 67 84
1757 67 92
1758 67 94
1759 67 100
1760 67 106
1761 67 107
1762 67 112
1763 67 115
1764 67 119
1765 67 124
1766 67 126
1767 67 129
1768 67 131
1769 67 137
1770 67 143
1771 67 150
1772 67 153
1773 67 159
1774 67 161
1775 67 162
1776 67 163
1777 67 165
1778 67 171
1779 67 174
1780 67 180
1781 67 181
1782 67 182
1783 67 184
1784 67 187
1785 67 189
1786 67 190
1787 67 191
1788 67 195
1789 67 201
1790 67 202
1791 67 204
1792 67 206
1793 67 209
1794 67 214
1795 67 215
1796 68 76
1797 68 77
1798 68 84
1799 68 92
1800 68 94
1801 68 100
1802 68 106
1803 68 107
1804 68 112
1805 68 115
1806 68 119
1807 68 124
1808 68 126
1809 68 129
1810 68 131
1811 68 137
1812 68 143
1813 68 150
1814 68 153
1815 68 159
1816 68 161
1817 68 162
1818 68 163
1819 68 165
1820 68 171
1821 68 174
1822 68 180
1823 68 181
1824 68 182
1825 68 184
1826 68 187
1827 68 189
1828 68 190
1829 68 191
1830 68 195
1831 68 201
1832 68 202
1833 68 204
1834 68 206
1835 68 209
1836 68 214
1837 68 215
1838 69 72
1839 69 74
1840 69 81
1841 69 88
1842 69 90
1843 69 95
1844 69 96
1845 69 99
1846 69 104
1847 69 130
1848 69 141
1849 69 151
1850 69 156
1851 69 157
1852 69 160
1853 69 168
1854 69 177
1855 69 179
1856 69 185
1857 69 186
1858 69 193
1859 69 196
1860 69 198
1861 70 80
1862 70 87
1863 70 117
1864 70 120
1865 70 123
1866 70 145
1867 70 146
1868 70 155
1869 70 178
1870 70 192
1871 72 74
1872 72 75
1873 72 81
1874 72 88
1875 72 90
1876 72 93
1877 72 95
1878 72 96
1879 72 99
1880 72 103
1881 72 104
1882 72 130
1883 72 133
1884 72 140
1885 72 141
1886 72 142
1887 72 144
1888 72 151
1889 72 156
1890 72 157
1891 72 160
1892 72 168
1893 72 169
1894 72 177
1895 72 179
1896 72 185
1897 72 186
1898 72 193
1899 72 194
1900 72 196
1901 72 197
1902 72 198
1903 72 203
1904 73 97
1905 73 138
1906 73 200
1907 74 75
1908 74 81
1909 74 88
1910 74 90
1911 74 93
1912 74 95
1913 74 96
1914 74 99
1915 74 103
1916 74 104
1917 74 130
1918 74 133
1919 74 140
1920 74 141
1921 74 142
1922 74 144
1923 74 151
1924 74 156
1925 74 157
1926 74 160
1927 74 168
1928 74 169
1929 74 177
1930 74 179
1931 74 185
1932 74 186
1933 74 193
1934 74 194
1935 74 196
1936 74 197
1937 74 198
1938 74 203
1939 75 81
1940 75 88
1941 75 90
1942 75 93
1943 75 95
1944 75 96
1945 75 99
1946 75 103
1947 75 104
1948 75 130
1949 75 133
1950 75 140
1951 75 141
1952 75 142
1953 75 144
1954 75 151
1955 75 156
1956 75 157
1957 75 160
1958 75 168
1959 75 169
1960 75 177
1961 75 179
1962 75 185
1963 75 186
1964 75 193
1965 75 196
1966 75 197
1967 75 198
1968 75 203
1969 76 77
1970 76 84
1971 76 92
1972 76 94
1973 76 100
1974 76 106
1975 76 107
1976 76 112
1977 76 115
1978 76 119
1979 76 124
1980 76 126
1981 76 129
1982 76 131
1983 76 137
1984 76 143
1985 76 150
1986 76 153
1987 76 159
1988 76 161
1989 76 162
1990 76 163
1991 76 165
1992 76 171
1993 76 174
1994 76 180
1995 76 181
1996 76 182
1997 76 184
1998 76 187
1999 76 189
2000 76 190
2001 76 191
2002 76 195
2003 76 201
2004 76 202
2005 76 204
2006 76 206
2007 76 209
2008 76 214
2009 76 215
2010 77 84
2011 77 92
2012 77 94
2013 77 100
2014 77 106
2015 77 107
2016 77 112
2017 77 115
2018 77 119
2019 77 124
2020 77 126
2021 77 129
2022 77 131
2023 77 137
2024 77 143
2025 77 150
2026 77 153
2027 77 159
2028 77 161
2029 77 162
2030 77 163
2031 77 165
2032 77 171
2033 77 174
2034 77 180
2035 77 181
2036 77 182
2037 77 184
2038 77 187
2039 77 189
2040 77 190
2041 77 191
2042 77 195
2043 77 201
2044 77 202
2045 77 204
2046 77 206
2047 77 209
2048 77 214
2049 77 215
2050 79 86
2051 79 89
2052 79 91
2053 79 111
2054 79 113
2055 79 114
2056 79 116
2057 79 117
2058 79 122
2059 79 135
2060 79 145
2061 79 148
2062 79 167
2063 79 172
2064 79 188
2065 79 216
2066 80 87
2067 80 120
2068 80 123
2069 80 146
2070 80 155
2071 80 178
2072 80 192
2073 81 88
2074 81 90
2075 81 93
2076 81 95
2077 81 96
2078 81 99
2079 81 103
2080 81 104
2081 81 130
2082 81 133
2083 81 140
2084 81 141
2085 81 142
2086 81 144
2087 81 151
2088 81 156
2089 81 157
2090 81 160
2091 81 168
2092 81 169
2093 81 177
2094 81 179
2095 81 185
2096 81 186
2097 81 193
2098 81 194
2099 81 196
2100 81 197
2101 81 198
2102 81 203
2103 82 120
2104 82 127
2105 82 208
2106 82 212
2107 83 194
2108 84 92
2109 84 94
2110 84 100
2111 84 106
2112 84 107
2113 84 112
2114 84 115
2115 84 119
2116 84 124
2117 84 126
2118 84 129
2119 84 131
2120 84 137
2121 84 143
2122 84 150
2123 84 153
2124 84 159
2125 84 161
2126 84 162
2127 84 163
2128 84 165
2129 84 171
2130 84 174
2131 84 180
2132 84 181
2133 84 182
2134 84 184
2135 84 187
2136 84 189
2137 84 190
2138 84 191
2139 84 195
2140 84 201
2141 84 202
2142 84 204
2143 84 206
2144 84 209
2145 84 214
2146 84 215
2147 86 111
2148 86 216
2149 87 120
2150 87 123
2151 87 146
2152 87 155
2153 87 178
2154 87 188
2155 87 192
2156 88 90
2157 88 93
2158 88 95
2159 88 96
2160 88 99
2161 88 103
2162 88 104
2163 88 130
2164 88 133
2165 88 140
2166 88 141
2167 88 142
2168 88 144
2169 88 151
2170 88 156
2171 88 157
2172 88 160
2173 88 168
2174 88 169
2175 88 177
2176 88 179
2177 88 185
2178 88 186
2179 88 193
2180 88 194
2181 88 196
2182 88 197
2183 88 198
2184 88 203
2185 89 111
2186 89 114
2187 89 116
2188 89 117
2189 89 122
2190 89 135
2191 89 145
2192 89 148
2193 89 152
2194 89 167
2195 89 172
2196 89 188
2197 89 216
2198 90 93
2199 90 95
2200 90 96
2201 90 99
2202 90 103
2203 90 104
2204 90 130
2205 90 133
2206 90 140
2207 90 141
2208 90 142
2209 90 144
2210 90 151
2211 90 156
2212 90 157
2213 90 160
2214 90 168
2215 90 169
2216 90 177
2217 90 179
2218 90 185
2219 90 186
2220 90 193
2221 90 194
2222 90 196
2223 90 197
2224 90 198
2225 90 203
2226 91 111
2227 91 117
2228 91 122
2229 91 145
2230 91 167
2231 91 172
2232 91 188
2233 91 216
2234 92 94
2235 92 100
2236 92 106
2237 92 107
2238 92 112
2239 92 115
2240 92 119
2241 92 124
2242 92 126
2243 92 129
2244 92 131
2245 92 137
2246 92 143
2247 92 150
2248 92 153
2249 92 159
2250 92 161
2251 92 162
2252 92 163
2253 92 165
2254 92 171
2255 92 174
2256 92 180
2257 92 181
2258 92 182
2259 92 184
2260 92 187
2261 92 189
2262 92 190
2263 92 191
2264 92 195
2265 92 201
2266 92 202
2267 92 204
2268 92 206
2269 92 209
2270 92 214
2271 92 215
2272 93 95
2273 93 96
2274 93 99
2275 93 103
2276 93 104
2277 93 130
2278 93 133
2279 93 140
2280 93 141
2281 93 142
2282 93 144
2283 93 151
2284 93 156
2285 93 157
2286 93 160
2287 93 168
2288 93 169
2289 93 177
2290 93 179
2291 93 185
2292 93 186
2293 93 193
2294 93 196
2295 93 197
2296 93 198
2297 93 203
2298 94 100
2299 94 106
2300 94 107
2301 94 112
2302 94 115
2303 94 119
2304 94 124
2305 94 126
2306 94 129
2307 94 131
2308 94 137
2309 94 143
2310 94 150
2311 94 153
2312 94 159
2313 94 161
2314 94 162
2315 94 163
2316 94 165
2317 94 171
2318 94 174
2319 94 180
2320 94 181
2321 94 182
2322 94 184
2323 94 187
2324 94 189
2325 94 190
2326 94 191
2327 94 195
2328 94 201
2329 94 202
2330 94 204
2331 94 206
2332 94 209
2333 94 214
2334 94 215
2335 95 96
2336 95 99
2337 95 103
2338 95 104
2339 95 130
2340 95 133
2341 95 140
2342 95 141
2343 95 142
2344 95 144
2345 95 151
2346 95 156
2347 95 157
2348 95 160
2349 95 168
2350 95 169
2351 95 177
2352 95 179
2353 95 185
2354 95 186
2355 95 193
2356 95 194
2357 95 196
2358 95 197
2359 95 198
2360 95 203
2361 96 99
2362 96 103
2363 96 104
2364 96 130
2365 96 133
2366 96 140
2367 96 141
2368 96 142
2369 96 144
2370 96 151
2371 96 156
2372 96 157
2373 96 160
2374 96 168
2375 96 169
2376 96 177
2377 96 179
2378 96 185
2379 96 186
2380 96 193
2381 96 194
2382 96 196
2383 96 197
2384 96 198
2385 96 203
2386 97 138
2387 97 200
2388 98 175
2389 99 103
2390 99 104
2391 99 130
2392 99 133
2393 99 140
2394 99 141
2395 99 142
2396 99 144
2397 99 151
2398 99 156
2399 99 157
2400 99 160
2401 99 168
2402 99 169
2403 99 177
2404 99 179
2405 99 185
2406 99 186
2407 99 193
2408 99 194
2409 99 196
2410 99 197
2411 99 198
2412 99 203
2413 100 106
2414 100 107
2415 100 112
2416 100 115
2417 100 119
2418 100 124
2419 100 126
2420 100 129
2421 100 131
2422 100 137
2423 100 143
2424 100 150
2425 100 153
2426 100 159
2427 100 161
2428 100 162
2429 100 163
2430 100 165
2431 100 171
2432 100 174
2433 100 180
2434 100 181
2435 100 182
2436 100 184
2437 100 187
2438 100 189
2439 100 190
2440 100 191
2441 100 195
2442 100 201
2443 100 202
2444 100 204
2445 100 206
2446 100 209
2447 100 214
2448 100 215
2449 101 176
2450 102 173
2451 102 207
2452 103 104
2453 103 130
2454 103 133
2455 103 140
2456 103 141
2457 103 142
2458 103 144
2459 103 151
2460 103 156
2461 103 157
2462 103 160
2463 103 168
2464 103 169
2465 103 177
2466 103 179
2467 103 185
2468 103 186
2469 103 193
2470 103 196
2471 103 197
2472 103 198
2473 103 203
2474 104 130
2475 104 133
2476 104 140
2477 104 141
2478 104 142
2479 104 144
2480 104 151
2481 104 156
2482 104 157
2483 104 160
2484 104 168
2485 104 169
2486 104 177
2487 104 179
2488 104 185
2489 104 186
2490 104 193
2491 104 194
2492 104 196
2493 104 197
2494 104 198
2495 104 203
2496 106 107
2497 106 112
2498 106 115
2499 106 119
2500 106 124
2501 106 126
2502 106 129
2503 106 131
2504 106 137
2505 106 143
2506 106 150
2507 106 153
2508 106 159
2509 106 161
2510 106 162
2511 106 163
2512 106 165
2513 106 171
2514 106 174
2515 106 180
2516 106 181
2517 106 182
2518 106 184
2519 106 187
2520 106 189
2521 106 190
2522 106 191
2523 106 195
2524 106 201
2525 106 202
2526 106 204
2527 106 206
2528 106 209
2529 106 214
2530 106 215
2531 107 112
2532 107 115
2533 107 119
2534 107 124
2535 107 126
2536 107 129
2537 107 131
2538 107 137
2539 107 143
2540 107 150
2541 107 153
2542 107 159
2543 107 161
2544 107 162
2545 107 163
2546 107 165
2547 107 171
2548 107 174
2549 107 180
2550 107 181
2551 107 182
2552 107 184
2553 107 187
2554 107 189
2555 107 190
2556 107 191
2557 107 195
2558 107 201
2559 107 202
2560 107 204
2561 107 206
2562 107 209
2563 107 214
2564 107 215
2565 108 166
2566 110 132
2567 111 113
2568 111 114
2569 111 116
2570 111 117
2571 111 122
2572 111 135
2573 111 145
2574 111 148
2575 111 152
2576 111 167
2577 111 172
2578 111 188
2579 111 192
2580 111 216
2581 112 115
2582 112 119
2583 112 124
2584 112 126
2585 112 129
2586 112 131
2587 112 137
2588 112 143
2589 112 150
2590 112 153
2591 112 159
2592 112 161
2593 112 162
2594 112 163
2595 112 165
2596 112 171
2597 112 174
2598 112 180
2599 112 181
2600 112 182
2601 112 184
2602 112 187
2603 112 189
2604 112 190
2605 112 191
2606 112 195
2607 112 201
2608 112 202
2609 112 204
2610 112 206
2611 112 209
2612 112 214
2613 112 215
2614 113 117
2615 113 122
2616 113 135
2617 113 167
2618 113 172
2619 113 216
2620 114 116
2621 114 117
2622 114 121
2623 114 122
2624 114 135
2625 114 145
2626 114 152
2627 114 167
2628 114 172
2629 114 188
2630 114 216
2631 115 119
2632 115 124
2633 115 126
2634 115 129
2635 115 131
2636 115 137
2637 115 143
2638 115 150
2639 115 153
2640 115 159
2641 115 161
2642 115 162
2643 115 163
2644 115 165
2645 115 171
2646 115 174
2647 115 180
2648 115 181
2649 115 182
2650 115 184
2651 115 187
2652 115 189
2653 115 190
2654 115 191
2655 115 195
2656 115 201
2657 115 202
2658 115 204
2659 115 206
2660 115 209
2661 115 214
2662 115 215
2663 116 117
2664 116 122
2665 116 135
2666 116 145
2667 116 148
2668 116 152
2669 116 167
2670 116 172
2671 116 188
2672 116 216
2673 117 122
2674 117 123
2675 117 135
2676 117 145
2677 117 148
2678 117 152
2679 117 167
2680 117 172
2681 117 188
2682 117 192
2683 117 216
2684 118 205
2685 119 124
2686 119 126
2687 119 129
2688 119 131
2689 119 137
2690 119 143
2691 119 150
2692 119 153
2693 119 159
2694 119 161
2695 119 162
2696 119 163
2697 119 165
2698 119 171
2699 119 174
2700 119 180
2701 119 181
2702 119 182
2703 119 184
2704 119 187
2705 119 189
2706 119 190
2707 119 191
2708 119 195
2709 119 201
2710 119 202
2711 119 204
2712 119 206
2713 119 209
2714 119 214
2715 119 215
2716 120 123
2717 120 127
2718 120 146
2719 120 192
2720 120 212
2721 122 135
2722 122 145
2723 122 148
2724 122 167
2725 122 172
2726 122 188
2727 122 216
2728 123 146
2729 123 155
2730 123 178
2731 123 192
2732 124 126
2733 124 129
2734 124 131
2735 124 137
2736 124 143
2737 124 150
2738 124 153
2739 124 159
2740 124 161
2741 124 162
2742 124 163
2743 124 165
2744 124 171
2745 124 174
2746 124 180
2747 124 181
2748 124 182
2749 124 184
2750 124 187
2751 124 189
2752 124 190
2753 124 191
2754 124 195
2755 124 201
2756 124 202
2757 124 204
2758 124 206
2759 124 209
2760 124 214
2761 124 215
2762 125 128
2763 125 147
2764 125 183
2765 125 211
2766 126 129
2767 126 131
2768 126 137
2769 126 143
2770 126 150
2771 126 153
2772 126 159
2773 126 161
2774 126 162
2775 126 163
2776 126 165
2777 126 171
2778 126 174
2779 126 180
2780 126 181
2781 126 182
2782 126 184
2783 126 187
2784 126 189
2785 126 190
2786 126 191
2787 126 195
2788 126 201
2789 126 202
2790 126 204
2791 126 206
2792 126 209
2793 126 214
2794 126 215
2795 127 212
2796 128 147
2797 128 183
2798 128 211
2799 129 131
2800 129 137
2801 129 143
2802 129 150
2803 129 153
2804 129 159
2805 129 161
2806 129 162
2807 129 163
2808 129 165
2809 129 171
2810 129 174
2811 129 180
2812 129 181
2813 129 182
2814 129 184
2815 129 187
2816 129 189
2817 129 190
2818 129 191
2819 129 195
2820 129 201
2821 129 202
2822 129 204
2823 129 206
2824 129 209
2825 129 214
2826 129 215
2827 130 133
2828 130 140
2829 130 141
2830 130 142
2831 130 144
2832 130 151
2833 130 156
2834 130 157
2835 130 160
2836 130 168
2837 130 169
2838 130 177
2839 130 179
2840 130 185
2841 130 186
2842 130 193
2843 130 196
2844 130 197
2845 130 198
2846 130 203
2847 131 137
2848 131 143
2849 131 150
2850 131 153
2851 131 159
2852 131 161
2853 131 162
2854 131 163
2855 131 165
2856 131 171
2857 131 174
2858 131 180
2859 131 181
2860 131 182
2861 131 184
2862 131 187
2863 131 189
2864 131 190
2865 131 191
2866 131 195
2867 131 201
2868 131 202
2869 131 204
2870 131 206
2871 131 209
2872 131 214
2873 131 215
2874 133 140
2875 133 141
2876 133 142
2877 133 144
2878 133 151
2879 133 156
2880 133 157
2881 133 160
2882 133 168
2883 133 169
2884 133 177
2885 133 179
2886 133 185
2887 133 186
2888 133 193
2889 133 196
2890 133 197
2891 133 198
2892 133 203
2893 135 145
2894 135 148
2895 135 152
2896 135 167
2897 135 172
2898 135 188
2899 135 216
2900 136 213
2901 137 143
2902 137 150
2903 137 153
2904 137 159
2905 137 161
2906 137 162
2907 137 163
2908 137 165
2909 137 171
2910 137 174
2911 137 180
2912 137 181
2913 137 182
2914 137 184
2915 137 187
2916 137 189
2917 137 190
2918 137 191
2919 137 195
2920 137 201
2921 137 202
2922 137 204
2923 137 206
2924 137 209
2925 137 214
2926 137 215
2927 138 200
2928 139 149
2929 140 141
2930 140 142
2931 140 144
2932 140 151
2933 140 156
2934 140 157
2935 140 160
2936 140 168
2937 140 169
2938 140 177
2939 140 179
2940 140 185
2941 140 186
2942 140 193
2943 140 196
2944 140 197
2945 140 198
2946 140 203
2947 141 142
2948 141 144
2949 141 151
2950 141 156
2951 141 157
2952 141 160
2953 141 168
2954 141 169
2955 141 177
2956 141 179
2957 141 185
2958 141 186
2959 141 193
2960 141 194
2961 141 196
2962 141 197
2963 141 198
2964 141 203
2965 142 144
2966 142 151
2967 142 156
2968 142 157
2969 142 160
2970 142 168
2971 142 169
2972 142 177
2973 142 179
2974 142 185
2975 142 186
2976 142 193
2977 142 196
2978 142 197
2979 142 198
2980 142 203
2981 143 150
2982 143 153
2983 143 159
2984 143 161
2985 143 162
2986 143 163
2987 143 165
2988 143 171
2989 143 174
2990 143 180
2991 143 181
2992 143 182
2993 143 184
2994 143 187
2995 143 189
2996 143 190
2997 143 191
2998 143 195
2999 143 201
3000 143 202
3001 143 204
3002 143 206
3003 143 209
3004 143 214
3005 143 215
3006 144 151
3007 144 156
3008 144 157
3009 144 160
3010 144 168
3011 144 169
3012 144 177
3013 144 179
3014 144 185
3015 144 186
3016 144 193
3017 144 196
3018 144 197
3019 144 198
3020 144 203
3021 145 148
3022 145 152
3023 145 167
3024 145 172
3025 145 188
3026 145 216
3027 146 155
3028 146 178
3029 146 192
3030 147 183
3031 147 211
3032 148 167
3033 148 172
3034 148 188
3035 148 216
3036 150 153
3037 150 159
3038 150 161
3039 150 162
3040 150 163
3041 150 165
3042 150 171
3043 150 174
3044 150 180
3045 150 181
3046 150 182
3047 150 184
3048 150 187
3049 150 189
3050 150 190
3051 150 191
3052 150 195
3053 150 201
3054 150 202
3055 150 204
3056 150 206
3057 150 209
3058 150 214
3059 150 215
3060 151 156
3061 151 157
3062 151 160
3063 151 168
3064 151 169
3065 151 177
3066 151 179
3067 151 185
3068 151 186
3069 151 193
3070 151 194
3071 151 196
3072 151 197
3073 151 198
3074 151 203
3075 152 167
3076 152 188
3077 153 159
3078 153 161
3079 153 162
3080 153 163
3081 153 165
3082 153 171
3083 153 174
3084 153 180
3085 153 181
3086 153 182
3087 153 184
3088 153 187
3089 153 189
3090 153 190
3091 153 191
3092 153 195
3093 153 201
3094 153 202
3095 153 204
3096 153 206
3097 153 209
3098 153 214
3099 153 215
3100 155 178
3101 155 192
3102 156 157
3103 156 160
3104 156 168
3105 156 169
3106 156 177
3107 156 179
3108 156 185
3109 156 186
3110 156 193
3111 156 194
3112 156 196
3113 156 197
3114 156 198
3115 156 203
3116 157 160
3117 157 168
3118 157 169
3119 157 177
3120 157 179
3121 157 185
3122 157 186
3123 157 193
3124 157 194
3125 157 196
3126 157 197
3127 157 198
3128 157 203
3129 159 161
3130 159 162
3131 159 163
3132 159 165
3133 159 171
3134 159 174
3135 159 180
3136 159 181
3137 159 182
3138 159 184
3139 159 187
3140 159 189
3141 159 190
3142 159 191
3143 159 195
3144 159 201
3145 159 202
3146 159 204
3147 159 206
3148 159 209
3149 159 214
3150 159 215
3151 160 168
3152 160 169
3153 160 177
3154 160 179
3155 160 185
3156 160 186
3157 160 193
3158 160 194
3159 160 196
3160 160 197
3161 160 198
3162 160 203
3163 161 162
3164 161 163
3165 161 165
3166 161 171
3167 161 174
3168 161 180
3169 161 181
3170 161 182
3171 161 184
3172 161 187
3173 161 189
3174 161 190
3175 161 191
3176 161 195
3177 161 201
3178 161 202
3179 161 204
3180 161 206
3181 161 209
3182 161 214
3183 161 215
3184 162 163
3185 162 165
3186 162 171
3187 162 174
3188 162 180
3189 162 181
3190 162 182
3191 162 184
3192 162 187
3193 162 189
3194 162 190
3195 162 191
3196 162 195
3197 162 201
3198 162 202
3199 162 204
3200 162 206
3201 162 209
3202 162 214
3203 162 215
3204 163 165
3205 163 171
3206 163 174
3207 163 180
3208 163 181
3209 163 182
3210 163 184
3211 163 187
3212 163 189
3213 163 190
3214 163 191
3215 163 195
3216 163 201
3217 163 202
3218 163 204
3219 163 206
3220 163 209
3221 163 214
3222 163 215
3223 165 171
3224 165 174
3225 165 180
3226 165 181
3227 165 182
3228 165 184
3229 165 187
3230 165 189
3231 165 190
3232 165 191
3233 165 195
3234 165 201
3235 165 202
3236 165 204
3237 165 206
3238 165 209
3239 165 214
3240 165 215
3241 167 172
3242 167 188
3243 167 216
3244 168 169
3245 168 177
3246 168 179
3247 168 185
3248 168 186
3249 168 193
3250 168 196
3251 168 197
3252 168 198
3253 168 203
3254 169 177
3255 169 179
3256 169 185
3257 169 186
3258 169 193
3259 169 194
3260 169 196
3261 169 197
3262 169 198
3263 169 203
3264 171 174
3265 171 180
3266 171 181
3267 171 182
3268 171 184
3269 171 187
3270 171 189
3271 171 190
3272 171 191
3273 171 195
3274 171 201
3275 171 202
3276 171 204
3277 171 206
3278 171 209
3279 171 214
3280 171 215
3281 172 188
3282 172 216
3283 173 207
3284 174 180
3285 174 181
3286 174 182
3287 174 184
3288 174 187
3289 174 189
3290 174 190
3291 174 191
3292 174 195
3293 174 201
3294 174 202
3295 174 204
3296 174 206
3297 174 209
3298 174 214
3299 174 215
3300 177 179
3301 177 185
3302 177 186
3303 177 193
3304 177 194
3305 177 196
3306 177 197
3307 177 198
3308 177 203
3309 178 192
3310 179 185
3311 179 186
3312 179 193
3313 179 194
3314 179 196
3315 179 197
3316 179 198
3317 179 203
3318 180 181
3319 180 182
3320 180 184
3321 180 187
3322 180 189
3323 180 190
3324 180 191
3325 180 195
3326 180 201
3327 180 202
3328 180 204
3329 180 206
3330 180 209
3331 180 214
3332 180 215
3333 181 182
3334 181 184
3335 181 187
3336 181 189
3337 181 190
3338 181 191
3339 181 195
3340 181 201
3341 181 202
3342 181 204
3343 181 206
3344 181 209
3345 181 214
3346 181 215
3347 182 184
3348 182 187
3349 182 189
3350 182 190
3351 182 191
3352 182 195
3353 182 201
3354 182 202
3355 182 204
3356 182 206
3357 182 209
3358 182 214
3359 182 215
3360 183 211
3361 184 187
3362 184 189
3363 184 190
3364 184 191
3365 184 195
3366 184 201
3367 184 202
3368 184 204
3369 184 206
3370 184 209
3371 184 214
3372 184 215
3373 185 186
3374 185 193
3375 185 194
3376 185 196
3377 185 197
3378 185 198
3379 185 203
3380 186 193
3381 186 194
3382 186 196
3383 186 197
3384 186 198
3385 186 203
3386 187 189
3387 187 190
3388 187 191
3389 187 195
3390 187 201
3391 187 202
3392 187 204
3393 187 206
3394 187 209
3395 187 214
3396 187 215
3397 188 192
3398 188 216
3399 189 190
3400 189 191
3401 189 195
3402 189 201
3403 189 202
3404 189 204
3405 189 206
3406 189 209
3407 189 214
3408 189 215
3409 190 191
3410 190 195
3411 190 201
3412 190 202
3413 190 204
3414 190 206
3415 190 209
3416 190 214
3417 190 215
3418 191 195
3419 191 201
3420 191 202
3421 191 204
3422 191 206
3423 191 209
3424 191 214
3425 191 215
3426 193 194
3427 193 196
3428 193 197
3429 193 198
3430 193 203
3431 194 196
3432 194 198
3433 195 201
3434 195 202
3435 195 204
3436 195 206
3437 195 209
3438 195 214
3439 195 215
3440 196 197
3441 196 198
3442 196 203
3443 197 198
3444 197 203
3445 198 203
3446 201 202
3447 201 204
3448 201 206
3449 201 209
3450 201 214
3451 201 215
3452 202 204
3453 202 206
3454 202 209
3455 202 214
3456 202 215
3457 204 206
3458 204 209
3459 204 214
3460 204 215
3461 206 209
3462 206 214
3463 206 215
3464 209 214
3465 209 215
3466 214 215
