1 1 5
2 1 34
3 1 58
4 1 118
5 1 205
6 2 3
7 2 8
8 2 11
9 2 12
10 2 22
11 2 26
12 2 28
13 2 30
14 2 33
15 2 40
16 2 41
17 2 42
18 2 44
19 2 46
20 2 53
21 2 55
22 2 56
23 2 64
24 2 65
25 2 67
26 2 68
27 2 76
28 2 77
29 2 84
30 2 92
31 2 94
32 2 100
33 2 106
34 2 107
35 2 112
36 2 115
37 2 119
38 2 124
39 2 125
40 2 126
41 2 128
42 2 129
43 2 131
44 2 137
45 2 143
46 2 147
47 2 150
48 2 153
49 2 159
50 2 161
51 2 162
52 2 163
53 2 165
54 2 171
55 2 174
56 2 180
57 2 181
58 2 182
59 2 183
60 2 184
61 2 187
62 2 189
63 2 190
64 2 191
65 2 195
66 2 201
67 2 202
68 2 204
69 2 206
70 2 209
71 2 211
72 2 214
73 2 215
74 3 6
75 3 8
76 3 11
77 3 12
78 3 14
79 3 18
80 3 20
81 3 22
82 3 25
83 3 26
84 3 28
85 3 29
86 3 30
87 3 31
88 3 33
89 3 40
90 3 41
91 3 42
92 3 44
93 3 46
94 3 52
95 3 53
96 3 54
97 3 55
98 3 56
99 3 62
100 3 64
101 3 65
102 3 67
103 3 68
104 3 72
105 3 76
106 3 77
107 3 81
108 3 84
109 3 90
110 3 92
111 3 94
112 3 95
113 3 99
114 3 100
115 3 106
116 3 107
117 3 112
118 3 115
119 3 119
120 3 124
121 3 125
122 3 126
123 3 128
124 3 129
125 3 131
126 3 137
127 3 139
128 3 143
129 3 147
130 3 149
131 3 150
132 3 153
133 3 154
134 3 157
135 3 158
136 3 159
137 3 161
138 3 162
139 3 163
140 3 165
141 3 171
142 3 173
143 3 174
144 3 180
145 3 181
146 3 182
147 3 183
148 3 184
149 3 185
150 3 187
151 3 189
152 3 190
153 3 191
154 3 193
155 3 195
156 3 198
157 3 201
158 3 202
159 3 204
160 3 206
161 3 209
162 3 211
163 3 214
164 3 215
165 4 19
166 4 21
167 4 23
168 4 27
169 4 37
170 4 45
171 4 57
172 4 63
173 4 70
174 4 79
175 4 80
176 4 82
177 4 87
178 4 89
179 4 91
180 4 111
181 4 113
182 4 114
183 4 116
184 4 117
185 4 120
186 4 122
187 4 123
188 4 127
189 4 135
190 4 145
191 4 146
192 4 148
193 4 152
194 4 155
195 4 167
196 4 172
197 4 178
198 4 188
199 4 192
200 4 208
201 4 212
202 4 216
203 5 34
204 5 58
205 5 118
206 5 149
207 5 205
208 6 8
209 6 11
210 6 15
211 6 18
212 6 25
213 6 26
214 6 28
215 6 29
216 6 33
217 6 35
218 6 38
219 6 39
220 6 40
221 6 41
222 6 42
223 6 44
224 6 46
225 6 47
226 6 48
227 6 49
228 6 51
229 6 52
230 6 53
231 6 54
232 6 55
233 6 56
234 6 59
235 6 61
236 6 62
237 6 66
238 6 67
239 6 68
240 6 69
241 6 72
242 6 74
243 6 75
244 6 77
245 6 78
246 6 81
247 6 83
248 6 84
249 6 88
250 6 90
251 6 92
252 6 93
253 6 94
254 6 95
255 6 96
256 6 99
257 6 100
258 6 103
259 6 104
260 6 106
261 6 108
262 6 112
263 6 115
264 6 119
265 6 124
266 6 129
267 6 130
268 6 131
269 6 133
270 6 137
271 6 140
272 6 141
273 6 142
274 6 144
275 6 150
276 6 151
277 6 153
278 6 156
279 6 157
280 6 159
281 6 160
282 6 161
283 6 162
284 6 165
285 6 168
286 6 169
287 6 174
288 6 177
289 6 179
290 6 180
291 6 182
292 6 184
293 6 185
294 6 186
295 6 187
296 6 189
297 6 190
298 6 193
299 6 194
300 6 195
301 6 196
302 6 197
303 6 198
304 6 201
305 6 202
306 6 203
307 6 204
308 6 206
309 6 209
310 6 214
311 6 215
312 7 13
313 7 73
314 7 97
315 7 101
316 7 102
317 7 138
318 7 158
319 7 173
320 7 176
321 7 200
322 7 207
323 8 9
324 8 11
325 8 12
326 8 14
327 8 15
328 8 17
329 8 18
330 8 22
331 8 25
332 8 26
333 8 28
334 8 29
335 8 30
336 8 31
337 8 33
338 8 35
339 8 38
340 8 39
341 8 40
342 8 41
343 8 42
344 8 44
345 8 46
346 8 48
347 8 49
348 8 51
349 8 52
350 8 53
351 8 54
352 8 55
353 8 56
354 8 59
355 8 61
356 8 62
357 8 64
358 8 65
359 8 66
360 8 67
361 8 68
362 8 72
363 8 74
364 8 75
365 8 76
366 8 77
367 8 78
368 8 81
369 8 84
370 8 88
371 8 90
372 8 92
373 8 93
374 8 94
375 8 95
376 8 96
377 8 99
378 8 100
379 8 103
380 8 104
381 8 106
382 8 107
383 8 108
384 8 112
385 8 115
386 8 119
387 8 124
388 8 125
389 8 126
390 8 128
391 8 129
392 8 130
393 8 131
394 8 133
395 8 134
396 8 137
397 8 139
398 8 140
399 8 141
400 8 142
401 8 143
402 8 144
403 8 147
404 8 149
405 8 150
406 8 153
407 8 154
408 8 156
409 8 158
410 8 159
411 8 161
412 8 162
413 8 163
414 8 165
415 8 166
416 8 168
417 8 171
418 8 174
419 8 179
420 8 180
421 8 181
422 8 182
423 8 183
424 8 184
425 8 185
426 8 186
427 8 187
428 8 189
429 8 190
430 8 191
431 8 193
432 8 195
433 8 196
434 8 197
435 8 198
436 8 201
437 8 202
438 8 203
439 8 204
440 8 206
441 8 209
442 8 211
443 8 214
444 8 215
445 9 22
446 9 33
447 9 41
448 9 42
449 9 44
450 9 46
451 9 55
452 9 67
453 9 76
454 9 77
455 9 84
456 9 92
457 9 94
458 9 100
459 9 106
460 9 119
461 9 124
462 9 126
463 9 131
464 9 134
465 9 137
466 9 139
467 9 149
468 9 153
469 9 159
470 9 162
471 9 165
472 9 171
473 9 181
474 9 184
475 9 189
476 9 191
477 9 195
478 9 201
479 9 202
480 9 206
481 9 209
482 9 214
483 10 16
484 10 43
485 10 110
486 10 132
487 10 164
488 11 12
489 11 14
490 11 17
491 11 18
492 11 22
493 11 25
494 11 26
495 11 28
496 11 29
497 11 30
498 11 31
499 11 33
500 11 35
501 11 40
502 11 41
503 11 42
504 11 44
505 11 46
506 11 47
507 11 48
508 11 53
509 11 54
510 11 55
511 11 56
512 11 62
513 11 64
514 11 65
515 11 66
516 11 67
517 11 68
518 11 72
519 11 74
520 11 75
521 11 76
522 11 77
523 11 78
524 11 81
525 11 84
526 11 88
527 11 90
528 11 92
529 11 93
530 11 94
531 11 95
532 11 96
533 11 99
534 11 100
535 11 103
536 11 104
537 11 106
538 11 107
539 11 112
540 11 115
541 11 119
542 11 124
543 11 125
544 11 126
545 11 128
546 11 129
547 11 130
548 11 131
549 11 133
550 11 137
551 11 139
552 11 141
553 11 142
554 11 143
555 11 144
556 11 147
557 11 149
558 11 150
559 11 153
560 11 154
561 11 156
562 11 158
563 11 159
564 11 161
565 11 162
566 11 163
567 11 165
568 11 168
569 11 171
570 11 174
571 11 179
572 11 180
573 11 181
574 11 182
575 11 183
576 11 184
577 11 185
578 11 186
579 11 187
580 11 189
581 11 190
582 11 191
583 11 193
584 11 195
585 11 197
586 11 198
587 11 201
588 11 202
589 11 203
590 11 204
591 11 206
592 11 209
593 11 211
594 11 214
595 11 215
596 12 14
597 12 26
598 12 28
599 12 30
600 12 33
601 12 40
602 12 41
603 12 42
604 12 44
605 12 46
606 12 53
607 12 55
608 12 56
609 12 64
610 12 65
611 12 67
612 12 68
613 12 76
614 12 77
615 12 84
616 12 92
617 12 94
618 12 98
619 12 100
620 12 106
621 12 107
622 12 112
623 12 115
624 12 119
625 12 124
626 12 125
627 12 126
628 12 128
629 12 129
630 12 131
631 12 137
632 12 143
633 12 147
634 12 150
635 12 153
636 12 159
637 12 161
638 12 162
639 12 163
640 12 165
641 12 171
642 12 174
643 12 180
644 12 181
645 12 182
646 12 183
647 12 184
648 12 187
649 12 189
650 12 191
651 12 195
652 12 201
653 12 202
654 12 204
655 12 206
656 12 209
657 12 211
658 12 214
659 12 215
660 13 73
661 13 97
662 13 101
663 13 102
664 13 138
665 13 173
666 13 176
667 13 200
668 13 207
669 14 22
670 14 26
671 14 28
672 14 33
673 14 40
674 14 41
675 14 42
676 14 44
677 14 46
678 14 53
679 14 55
680 14 56
681 14 64
682 14 65
683 14 67
684 14 68
685 14 76
686 14 77
687 14 84
688 14 92
689 14 94
690 14 100
691 14 106
692 14 107
693 14 112
694 14 115
695 14 119
696 14 124
697 14 126
698 14 129
699 14 131
700 14 137
701 14 143
702 14 147
703 14 150
704 14 153
705 14 158
706 14 159
707 14 161
708 14 162
709 14 163
710 14 165
711 14 171
712 14 174
713 14 180
714 14 181
715 14 182
716 14 184
717 14 187
718 14 189
719 14 190
720 14 191
721 14 195
722 14 201
723 14 202
724 14 204
725 14 206
726 14 209
727 14 214
728 14 215
729 15 17
730 15 18
731 15 25
732 15 28
733 15 29
734 15 41
735 15 43
736 15 46
737 15 48
738 15 52
739 15 53
740 15 54
741 15 62
742 15 68
743 15 72
744 15 74
745 15 76
746 15 77
747 15 78
748 15 81
749 15 88
750 15 90
751 15 92
752 15 95
753 15 104
754 15 108
755 15 112
756 15 115
757 15 124
758 15 129
759 15 130
760 15 131
761 15 132
762 15 141
763 15 156
764 15 161
765 15 162
766 15 164
767 15 166
768 15 168
769 15 169
770 15 179
771 15 186
772 15 187
773 15 195
774 15 204
775 15 209
776 15 214
777 16 43
778 16 110
779 16 132
780 16 164
781 16 185
782 16 187
783 16 214
784 17 51
785 17 62
786 17 74
787 17 77
788 17 78
789 17 104
790 17 108
791 17 115
792 17 124
793 17 156
794 17 163
795 17 164
796 17 166
797 17 180
798 17 182
799 17 184
800 17 185
801 18 25
802 18 26
803 18 28
804 18 29
805 18 33
806 18 35
807 18 38
808 18 39
809 18 40
810 18 41
811 18 42
812 18 44
813 18 46
814 18 47
815 18 48
816 18 49
817 18 51
818 18 52
819 18 53
820 18 54
821 18 55
822 18 56
823 18 59
824 18 61
825 18 62
826 18 66
827 18 67
828 18 68
829 18 69
830 18 72
831 18 74
832 18 75
833 18 77
834 18 78
835 18 81
836 18 83
837 18 84
838 18 88
839 18 90
840 18 92
841 18 93
842 18 95
843 18 96
844 18 99
845 18 100
846 18 103
847 18 104
848 18 106
849 18 112
850 18 115
851 18 119
852 18 124
853 18 129
854 18 130
855 18 131
856 18 133
857 18 137
858 18 140
859 18 141
860 18 142
861 18 144
862 18 150
863 18 151
864 18 156
865 18 157
866 18 159
867 18 160
868 18 161
869 18 162
870 18 165
871 18 168
872 18 169
873 18 171
874 18 174
875 18 177
876 18 179
877 18 180
878 18 182
879 18 184
880 18 185
881 18 186
882 18 187
883 18 189
884 18 190
885 18 193
886 18 194
887 18 195
888 18 196
889 18 197
890 18 198
891 18 201
892 18 202
893 18 203
894 18 204
895 18 206
896 18 209
897 18 214
898 18 215
899 19 21
900 19 23
901 19 27
902 19 37
903 19 45
904 19 57
905 19 63
906 19 70
907 19 79
908 19 80
909 19 82
910 19 87
911 19 89
912 19 91
913 19 111
914 19 113
915 19 114
916 19 116
917 19 117
918 19 120
919 19 122
920 19 123
921 19 127
922 19 135
923 19 145
924 19 146
925 19 148
926 19 152
927 19 155
928 19 167
929 19 172
930 19 178
931 19 188
932 19 192
933 19 208
934 19 212
935 19 216
936 20 53
937 20 60
938 20 67
939 20 98
940 20 126
941 20 175
942 20 189
943 20 191
944 20 199
945 20 206
946 20 209
947 21 23
948 21 37
949 21 45
950 21 57
951 21 63
952 21 70
953 21 79
954 21 80
955 21 82
956 21 87
957 21 89
958 21 91
959 21 105
960 21 111
961 21 113
962 21 114
963 21 116
964 21 117
965 21 120
966 21 121
967 21 122
968 21 123
969 21 127
970 21 135
971 21 145
972 21 146
973 21 148
974 21 152
975 21 155
976 21 167
977 21 172
978 21 178
979 21 188
980 21 192
981 21 212
982 21 216
983 22 26
984 22 28
985 22 30
986 22 31
987 22 33
988 22 40
989 22 41
990 22 42
991 22 44
992 22 46
993 22 53
994 22 55
995 22 56
996 22 64
997 22 65
998 22 67
999 22 68
1000 22 76
1001 22 77
1002 22 84
1003 22 92
1004 22 94
1005 22 100
1006 22 106
1007 22 107
1008 22 112
1009 22 115
1010 22 119
1011 22 124
1012 22 126
1013 22 128
1014 22 129
1015 22 131
1016 22 134
1017 22 137
1018 22 139
1019 22 143
1020 22 147
1021 22 149
1022 22 150
1023 22 153
1024 22 158
1025 22 159
1026 22 161
1027 22 162
1028 22 163
1029 22 165
1030 22 171
1031 22 173
1032 22 174
1033 22 180
1034 22 181
1035 22 182
1036 22 183
1037 22 184
1038 22 185
1039 22 187
1040 22 189
1041 22 190
1042 22 191
1043 22 195
1044 22 201
1045 22 202
1046 22 204
1047 22 206
1048 22 209
1049 22 214
1050 22 215
1051 23 37
1052 23 45
1053 23 57
1054 23 63
1055 23 70
1056 23 79
1057 23 80
1058 23 82
1059 23 86
1060 23 87
1061 23 89
1062 23 91
1063 23 105
1064 23 111
1065 23 113
1066 23 114
1067 23 116
1068 23 117
1069 23 120
1070 23 121
1071 23 122
1072 23 123
1073 23 127
1074 23 135
1075 23 145
1076 23 146
1077 23 148
1078 23 152
1079 23 155
1080 23 167
1081 23 172
1082 23 178
1083 23 188
1084 23 192
1085 23 212
1086 23 216
1087 24 33
1088 24 55
1089 24 84
1090 24 115
1091 24 131
1092 24 159
1093 24 162
1094 24 184
1095 24 190
1096 24 195
1097 24 215
1098 25 26
1099 25 28
1100 25 29
1101 25 33
1102 25 35
1103 25 38
1104 25 39
1105 25 40
1106 25 41
1107 25 42
1108 25 44
1109 25 46
1110 25 47
1111 25 48
1112 25 49
1113 25 51
1114 25 52
1115 25 53
1116 25 54
1117 25 55
1118 25 56
1119 25 59
1120 25 61
1121 25 62
1122 25 66
1123 25 67
1124 25 68
1125 25 69
1126 25 72
1127 25 74
1128 25 75
1129 25 77
1130 25 78
1131 25 81
1132 25 82
1133 25 83
1134 25 84
1135 25 88
1136 25 90
1137 25 92
1138 25 93
1139 25 94
1140 25 95
1141 25 96
1142 25 99
1143 25 100
1144 25 103
1145 25 104
1146 25 106
1147 25 112
1148 25 115
1149 25 119
1150 25 124
1151 25 129
1152 25 130
1153 25 131
1154 25 133
1155 25 137
1156 25 140
1157 25 141
1158 25 142
1159 25 144
1160 25 150
1161 25 151
1162 25 153
1163 25 156
1164 25 157
1165 25 159
1166 25 160
1167 25 161
1168 25 162
1169 25 163
1170 25 165
1171 25 168
1172 25 169
1173 25 171
1174 25 174
1175 25 177
1176 25 179
1177 25 180
1178 25 182
1179 25 184
1180 25 185
1181 25 186
1182 25 187
1183 25 189
1184 25 190
1185 25 193
1186 25 194
1187 25 195
1188 25 196
1189 25 197
1190 25 198
1191 25 201
1192 25 202
1193 25 203
1194 25 204
1195 25 206
1196 25 209
1197 25 212
1198 25 214
1199 25 215
1200 26 28
1201 26 29
1202 26 30
1203 26 31
1204 26 33
1205 26 40
1206 26 41
1207 26 42
1208 26 44
1209 26 46
1210 26 48
1211 26 53
1212 26 54
1213 26 55
1214 26 56
1215 26 62
1216 26 64
1217 26 65
1218 26 67
1219 26 68
1220 26 72
1221 26 76
1222 26 77
1223 26 81
1224 26 84
1225 26 88
1226 26 90
1227 26 92
1228 26 94
1229 26 95
1230 26 96
1231 26 99
1232 26 100
1233 26 104
1234 26 106
1235 26 107
1236 26 112
1237 26 115
1238 26 119
1239 26 124
1240 26 125
1241 26 126
1242 26 128
1243 26 129
1244 26 130
1245 26 131
1246 26 137
1247 26 139
1248 26 141
1249 26 143
1250 26 147
1251 26 149
1252 26 150
1253 26 153
1254 26 154
1255 26 158
1256 26 159
1257 26 161
1258 26 162
1259 26 163
1260 26 165
1261 26 168
1262 26 171
1263 26 174
1264 26 179
1265 26 180
1266 26 181
1267 26 182
1268 26 183
1269 26 184
1270 26 185
1271 26 186
1272 26 187
1273 26 189
1274 26 190
1275 26 191
1276 26 193
1277 26 195
1278 26 198
1279 26 201
1280 26 202
1281 26 204
1282 26 206
1283 26 209
1284 26 211
1285 26 214
1286 26 215
1287 27 37
1288 27 57
1289 27 70
1290 27 80
1291 27 82
1292 27 87
1293 27 120
1294 27 123
1295 27 127
1296 27 135
1297 27 145
1298 27 146
1299 27 155
1300 27 178
1301 27 192
1302 27 208
1303 27 210
1304 27 212
1305 28 29
1306 28 30
1307 28 31
1308 28 33
1309 28 40
1310 28 41
1311 28 42
1312 28 44
1313 28 46
1314 28 53
1315 28 55
1316 28 56
1317 28 59
1318 28 62
1319 28 64
1320 28 65
1321 28 67
1322 28 68
1323 28 72
1324 28 76
1325 28 77
1326 28 78
1327 28 81
1328 28 84
1329 28 90
1330 28 92
1331 28 94
1332 28 95
1333 28 100
1334 28 104
1335 28 106
1336 28 107
1337 28 112
1338 28 115
1339 28 119
1340 28 124
1341 28 125
1342 28 126
1343 28 128
1344 28 129
1345 28 130
1346 28 131
1347 28 137
1348 28 139
1349 28 141
1350 28 143
1351 28 147
1352 28 149
1353 28 150
1354 28 153
1355 28 154
1356 28 156
1357 28 158
1358 28 159
1359 28 161
1360 28 162
1361 28 163
1362 28 165
1363 28 171
1364 28 174
1365 28 180
1366 28 181
1367 28 182
1368 28 183
1369 28 184
1370 28 185
1371 28 187
1372 28 189
1373 28 190
1374 28 191
1375 28 193
1376 28 195
1377 28 201
1378 28 202
1379 28 204
1380 28 206
1381 28 209
1382 28 211
1383 28 214
1384 28 215
1385 29 33
1386 29 35
1387 29 38
1388 29 39
1389 29 40
1390 29 41
1391 29 42
1392 29 44
1393 29 46
1394 29 47
1395 29 48
1396 29 49
1397 29 51
1398 29 52
1399 29 53
1400 29 54
1401 29 55
1402 29 56
1403 29 59
1404 29 61
1405 29 62
1406 29 66
1407 29 67
1408 29 68
1409 29 69
1410 29 72
1411 29 74
1412 29 75
1413 29 76
1414 29 77
1415 29 78
1416 29 81
1417 29 82
1418 29 83
1419 29 84
1420 29 88
1421 29 90
1422 29 92
1423 29 93
1424 29 94
1425 29 95
1426 29 96
1427 29 99
1428 29 100
1429 29 103
1430 29 104
1431 29 106
1432 29 107
1433 29 112
1434 29 115
1435 29 119
1436 29 124
1437 29 129
1438 29 130
1439 29 131
1440 29 133
1441 29 137
1442 29 140
1443 29 141
1444 29 142
1445 29 144
1446 29 150
1447 29 151
1448 29 153
1449 29 156
1450 29 157
1451 29 159
1452 29 160
1453 29 161
1454 29 162
1455 29 163
1456 29 165
1457 29 168
1458 29 169
1459 29 174
1460 29 177
1461 29 179
1462 29 180
1463 29 182
1464 29 184
1465 29 185
1466 29 186
1467 29 189
1468 29 193
1469 29 194
1470 29 195
1471 29 196
1472 29 197
1473 29 198
1474 29 201
1475 29 202
1476 29 203
1477 29 204
1478 29 206
1479 29 209
1480 29 214
1481 29 215
1482 30 33
1483 30 40
1484 30 41
1485 30 42
1486 30 44
1487 30 46
1488 30 53
1489 30 55
1490 30 56
1491 30 64
1492 30 65
1493 30 67
1494 30 68
1495 30 76
1496 30 77
1497 30 84
1498 30 92
1499 30 94
1500 30 100
1501 30 106
1502 30 107
1503 30 112
1504 30 115
1505 30 119
1506 30 124
1507 30 125
1508 30 126
1509 30 128
1510 30 129
1511 30 131
1512 30 137
1513 30 139
1514 30 143
1515 30 147
1516 30 150
1517 30 153
1518 30 159
1519 30 161
1520 30 162
1521 30 163
1522 30 165
1523 30 171
1524 30 174
1525 30 180
1526 30 181
1527 30 182
1528 30 183
1529 30 184
1530 30 187
1531 30 189
1532 30 190
1533 30 191
1534 30 195
1535 30 201
1536 30 202
1537 30 204
1538 30 206
1539 30 209
1540 30 211
1541 30 214
1542 30 215
1543 31 33
1544 31 40
1545 31 41
1546 31 42
1547 31 44
1548 31 46
1549 31 53
1550 31 55
1551 31 56
1552 31 65
1553 31 67
1554 31 68
1555 31 76
1556 31 77
1557 31 84
1558 31 92
1559 31 94
1560 31 100
1561 31 106
1562 31 107
1563 31 112
1564 31 115
1565 31 119
1566 31 124
1567 31 129
1568 31 131
1569 31 137
1570 31 143
1571 31 150
1572 31 153
1573 31 159
1574 31 161
1575 31 162
1576 31 163
1577 31 165
1578 31 171
1579 31 174
1580 31 180
1581 31 181
1582 31 182
1583 31 184
1584 31 185
1585 31 187
1586 31 189
1587 31 190
1588 31 191
1589 31 195
1590 31 201
1591 31 202
1592 31 204
1593 31 206
1594 31 209
1595 31 214
1596 31 215
1597 32 36
1598 32 37
1599 32 82
1600 32 109
1601 32 127
1602 32 212
1603 33 35
1604 33 38
1605 33 39
1606 33 40
1607 33 41
1608 33 42
1609 33 44
1610 33 46
1611 33 47
1612 33 48
1613 33 51
1614 33 52
1615 33 53
1616 33 54
1617 33 55
1618 33 56
1619 33 59
1620 33 62
1621 33 64
1622 33 65
1623 33 67
1624 33 68
1625 33 72
1626 33 76
1627 33 77
1628 33 78
1629 33 81
1630 33 84
1631 33 88
1632 33 90
1633 33 92
1634 33 93
1635 33 94
1636 33 95
1637 33 96
1638 33 100
1639 33 106
1640 33 107
1641 33 112
1642 33 115
1643 33 119
1644 33 124
1645 33 125
1646 33 126
1647 33 128
1648 33 129
1649 33 130
1650 33 131
1651 33 137
1652 33 139
1653 33 140
1654 33 141
1655 33 143
1656 33 147
1657 33 149
1658 33 150
1659 33 153
1660 33 158
1661 33 159
1662 33 161
1663 33 162
1664 33 163
1665 33 165
1666 33 168
1667 33 171
1668 33 174
1669 33 179
1670 33 180
1671 33 181
1672 33 182
1673 33 183
1674 33 184
1675 33 185
1676 33 186
1677 33 187
1678 33 189
1679 33 190
1680 33 191
1681 33 193
1682 33 195
1683 33 201
1684 33 202
1685 33 204
1686 33 206
1687 33 209
1688 33 211
1689 33 214
1690 33 215
1691 34 58
1692 34 118
1693 34 149
1694 34 205
1695 35 38
1696 35 39
1697 35 42
1698 35 47
1699 35 48
1700 35 49
1701 35 51
1702 35 52
1703 35 54
1704 35 55
1705 35 59
1706 35 61
1707 35 62
1708 35 66
1709 35 67
1710 35 69
1711 35 72
1712 35 74
1713 35 75
1714 35 76
1715 35 78
1716 35 81
1717 35 83
1718 35 84
1719 35 88
1720 35 90
1721 35 93
1722 35 94
1723 35 95
1724 35 96
1725 35 99
1726 35 103
1727 35 104
1728 35 129
1729 35 130
1730 35 133
1731 35 140
1732 35 141
1733 35 142
1734 35 144
1735 35 151
1736 35 156
1737 35 157
1738 35 160
1739 35 168
1740 35 169
1741 35 174
1742 35 177
1743 35 179
1744 35 184
1745 35 185
1746 35 186
1747 35 187
1748 35 193
1749 35 194
1750 35 196
1751 35 197
1752 35 198
1753 35 201
1754 35 202
1755 35 203
1756 35 209
1757 35 214
1758 36 37
1759 36 70
1760 36 82
1761 36 109
1762 36 120
1763 36 127
1764 36 192
1765 36 208
1766 36 212
1767 37 45
1768 37 57
1769 37 63
1770 37 70
1771 37 79
1772 37 80
1773 37 82
1774 37 87
1775 37 89
1776 37 111
1777 37 113
1778 37 116
1779 37 117
1780 37 120
1781 37 122
1782 37 123
1783 37 127
1784 37 135
1785 37 136
1786 37 145
1787 37 146
1788 37 148
1789 37 155
1790 37 157
1791 37 167
1792 37 172
1793 37 178
1794 37 188
1795 37 192
1796 37 208
1797 37 210
1798 37 212
1799 37 213
1800 37 216
1801 38 39
1802 38 46
1803 38 47
1804 38 48
1805 38 49
1806 38 51
1807 38 52
1808 38 53
1809 38 54
1810 38 55
1811 38 56
1812 38 59
1813 38 61
1814 38 62
1815 38 66
1816 38 67
1817 38 69
1818 38 72
1819 38 74
1820 38 75
1821 38 77
1822 38 81
1823 38 83
1824 38 84
1825 38 88
1826 38 90
1827 38 92
1828 38 93
1829 38 94
1830 38 95
1831 38 96
1832 38 99
1833 38 103
1834 38 104
1835 38 115
1836 38 124
1837 38 129
1838 38 130
1839 38 133
1840 38 140
1841 38 141
1842 38 142
1843 38 144
1844 38 150
1845 38 151
1846 38 156
1847 38 157
1848 38 160
1849 38 161
1850 38 162
1851 38 168
1852 38 169
1853 38 174
1854 38 177
1855 38 179
1856 38 180
1857 38 182
1858 38 184
1859 38 185
1860 38 186
1861 38 187
1862 38 189
1863 38 193
1864 38 194
1865 38 195
1866 38 196
1867 38 197
1868 38 198
1869 38 201
1870 38 202
1871 38 203
1872 38 206
1873 39 41
1874 39 47
1875 39 48
1876 39 49
1877 39 51
1878 39 52
1879 39 53
1880 39 54
1881 39 55
1882 39 56
1883 39 59
1884 39 61
1885 39 62
1886 39 66
1887 39 67
1888 39 69
1889 39 72
1890 39 74
1891 39 75
1892 39 77
1893 39 81
1894 39 83
1895 39 84
1896 39 88
1897 39 90
1898 39 92
1899 39 93
1900 39 95
1901 39 96
1902 39 99
1903 39 100
1904 39 103
1905 39 104
1906 39 106
1907 39 115
1908 39 124
1909 39 129
1910 39 130
1911 39 131
1912 39 133
1913 39 140
1914 39 141
1915 39 142
1916 39 144
1917 39 150
1918 39 151
1919 39 156
1920 39 157
1921 39 160
1922 39 161
1923 39 162
1924 39 165
1925 39 168
1926 39 169
1927 39 174
1928 39 177
1929 39 179
1930 39 180
1931 39 182
1932 39 184
1933 39 185
1934 39 186
1935 39 189
1936 39 193
1937 39 194
1938 39 196
1939 39 197
1940 39 198
1941 39 201
1942 39 202
1943 39 203
1944 39 209
1945 40 41
1946 40 42
1947 40 44
1948 40 46
1949 40 48
1950 40 53
1951 40 54
1952 40 55
1953 40 56
1954 40 62
1955 40 64
1956 40 65
1957 40 67
1958 40 68
1959 40 72
1960 40 73
1961 40 76
1962 40 77
1963 40 81
1964 40 84
1965 40 88
1966 40 90
1967 40 92
1968 40 94
1969 40 95
1970 40 96
1971 40 99
1972 40 100
1973 40 104
1974 40 106
1975 40 107
1976 40 112
1977 40 115
1978 40 119
1979 40 124
1980 40 125
1981 40 126
1982 40 128
1983 40 129
1984 40 130
1985 40 131
1986 40 134
1987 40 137
1988 40 139
1989 40 141
1990 40 143
1991 40 147
1992 40 149
1993 40 150
1994 40 153
1995 40 154
1996 40 158
1997 40 159
1998 40 161
1999 40 162
2000 40 163
2001 40 165
2002 40 168
2003 40 171
2004 40 174
2005 40 179
2006 40 180
2007 40 181
2008 40 182
2009 40 183
2010 40 184
2011 40 185
2012 40 186
2013 40 187
2014 40 189
2015 40 190
2016 40 191
2017 40 193
2018 40 195
2019 40 198
2020 40 201
2021 40 202
2022 40 204
2023 40 206
2024 40 209
2025 40 211
2026 40 214
2027 40 215
2028 41 42
2029 41 44
2030 41 46
2031 41 47
2032 41 48
2033 41 52
2034 41 53
2035 41 54
2036 41 55
2037 41 56
2038 41 59
2039 41 61
2040 41 62
2041 41 64
2042 41 65
2043 41 67
2044 41 68
2045 41 72
2046 41 73
2047 41 74
2048 41 76
2049 41 77
2050 41 78
2051 41 81
2052 41 84
2053 41 88
2054 41 90
2055 41 92
2056 41 93
2057 41 94
2058 41 95
2059 41 96
2060 41 98
2061 41 100
2062 41 103
2063 41 104
2064 41 106
2065 41 107
2066 41 112
2067 41 115
2068 41 119
2069 41 124
2070 41 126
2071 41 128
2072 41 129
2073 41 130
2074 41 131
2075 41 133
2076 41 137
2077 41 139
2078 41 141
2079 41 143
2080 41 147
2081 41 149
2082 41 150
2083 41 153
2084 41 154
2085 41 158
2086 41 159
2087 41 161
2088 41 162
2089 41 163
2090 41 165
2091 41 169
2092 41 171
2093 41 174
2094 41 175
2095 41 179
2096 41 180
2097 41 181
2098 41 182
2099 41 183
2100 41 184
2101 41 185
2102 41 186
2103 41 187
2104 41 189
2105 41 190
2106 41 191
2107 41 193
2108 41 195
2109 41 196
2110 41 201
2111 41 202
2112 41 204
2113 41 206
2114 41 209
2115 41 211
2116 41 214
2117 41 215
2118 42 44
2119 42 46
2120 42 48
2121 42 52
2122 42 53
2123 42 54
2124 42 55
2125 42 56
2126 42 62
2127 42 64
2128 42 65
2129 42 67
2130 42 68
2131 42 72
2132 42 74
2133 42 76
2134 42 77
2135 42 78
2136 42 81
2137 42 84
2138 42 90
2139 42 92
2140 42 94
2141 42 95
2142 42 96
2143 42 100
2144 42 104
2145 42 106
2146 42 107
2147 42 112
2148 42 115
2149 42 119
2150 42 124
2151 42 125
2152 42 126
2153 42 128
2154 42 129
2155 42 131
2156 42 133
2157 42 137
2158 42 139
2159 42 140
2160 42 143
2161 42 147
2162 42 149
2163 42 150
2164 42 153
2165 42 154
2166 42 158
2167 42 159
2168 42 161
2169 42 162
2170 42 163
2171 42 165
2172 42 171
2173 42 174
2174 42 180
2175 42 181
2176 42 182
2177 42 183
2178 42 184
2179 42 185
2180 42 186
2181 42 187
2182 42 189
2183 42 190
2184 42 191
2185 42 193
2186 42 195
2187 42 201
2188 42 202
2189 42 204
2190 42 206
2191 42 209
2192 42 211
2193 42 214
2194 42 215
2195 43 78
2196 43 110
2197 43 132
2198 43 164
2199 44 46
2200 44 48
2201 44 53
2202 44 55
2203 44 56
2204 44 62
2205 44 64
2206 44 65
2207 44 67
2208 44 68
2209 44 72
2210 44 75
2211 44 76
2212 44 77
2213 44 81
2214 44 84
2215 44 90
2216 44 92
2217 44 94
2218 44 95
2219 44 100
2220 44 104
2221 44 106
2222 44 107
2223 44 112
2224 44 115
2225 44 119
2226 44 124
2227 44 125
2228 44 126
2229 44 128
2230 44 129
2231 44 131
2232 44 137
2233 44 139
2234 44 141
2235 44 143
2236 44 147
2237 44 149
2238 44 150
2239 44 153
2240 44 154
2241 44 158
2242 44 159
2243 44 161
2244 44 162
2245 44 163
2246 44 165
2247 44 169
2248 44 171
2249 44 174
2250 44 180
2251 44 181
2252 44 182
2253 44 183
2254 44 184
2255 44 185
2256 44 187
2257 44 189
2258 44 190
2259 44 191
2260 44 193
2261 44 195
2262 44 199
2263 44 201
2264 44 202
2265 44 204
2266 44 206
2267 44 209
2268 44 211
2269 44 214
2270 44 215
2271 45 57
2272 45 63
2273 45 70
2274 45 79
2275 45 80
2276 45 82
2277 45 87
2278 45 89
2279 45 91
2280 45 105
2281 45 111
2282 45 113
2283 45 114
2284 45 116
2285 45 117
2286 45 120
2287 45 121
2288 45 122
2289 45 123
2290 45 127
2291 45 135
2292 45 145
2293 45 146
2294 45 148
2295 45 152
2296 45 155
2297 45 167
2298 45 172
2299 45 178
2300 45 188
2301 45 192
2302 45 212
2303 45 216
2304 46 47
2305 46 48
2306 46 51
2307 46 52
2308 46 53
2309 46 54
2310 46 55
2311 46 56
2312 46 59
2313 46 62
2314 46 64
2315 46 65
2316 46 66
2317 46 67
2318 46 68
2319 46 72
2320 46 73
2321 46 74
2322 46 76
2323 46 77
2324 46 78
2325 46 81
2326 46 84
2327 46 90
2328 46 92
2329 46 93
2330 46 94
2331 46 95
2332 46 99
2333 46 100
2334 46 102
2335 46 103
2336 46 104
2337 46 106
2338 46 107
2339 46 112
2340 46 115
2341 46 119
2342 46 124
2343 46 125
2344 46 126
2345 46 128
2346 46 129
2347 46 130
2348 46 131
2349 46 134
2350 46 137
2351 46 139
2352 46 140
2353 46 143
2354 46 144
2355 46 147
2356 46 149
2357 46 150
2358 46 153
2359 46 154
2360 46 156
2361 46 158
2362 46 159
2363 46 161
2364 46 162
2365 46 163
2366 46 165
2367 46 169
2368 46 171
2369 46 173
2370 46 174
2371 46 179
2372 46 180
2373 46 181
2374 46 182
2375 46 183
2376 46 184
2377 46 185
2378 46 187
2379 46 189
2380 46 190
2381 46 191
2382 46 193
2383 46 195
2384 46 198
2385 46 201
2386 46 202
2387 46 203
2388 46 204
2389 46 206
2390 46 207
2391 46 209
2392 46 211
2393 46 214
2394 46 215
2395 47 48
2396 47 49
2397 47 51
2398 47 52
2399 47 54
2400 47 55
2401 47 59
2402 47 61
2403 47 62
2404 47 66
2405 47 67
2406 47 69
2407 47 72
2408 47 74
2409 47 75
2410 47 77
2411 47 81
2412 47 83
2413 47 88
2414 47 90
2415 47 92
2416 47 93
2417 47 95
2418 47 96
2419 47 99
2420 47 103
2421 47 104
2422 47 106
2423 47 115
2424 47 124
2425 47 129
2426 47 130
2427 47 131
2428 47 133
2429 47 140
2430 47 141
2431 47 142
2432 47 144
2433 47 151
2434 47 156
2435 47 157
2436 47 159
2437 47 160
2438 47 161
2439 47 162
2440 47 165
2441 47 168
2442 47 169
2443 47 177
2444 47 179
2445 47 180
2446 47 182
2447 47 184
2448 47 185
2449 47 186
2450 47 189
2451 47 193
2452 47 194
2453 47 195
2454 47 196
2455 47 197
2456 47 198
2457 47 201
2458 47 202
2459 47 203
2460 47 206
2461 47 209
2462 48 49
2463 48 51
2464 48 52
2465 48 53
2466 48 54
2467 48 55
2468 48 56
2469 48 59
2470 48 61
2471 48 62
2472 48 66
2473 48 67
2474 48 69
2475 48 72
2476 48 74
2477 48 75
2478 48 77
2479 48 78
2480 48 81
2481 48 83
2482 48 84
2483 48 88
2484 48 90
2485 48 92
2486 48 93
2487 48 94
2488 48 95
2489 48 96
2490 48 99
2491 48 100
2492 48 103
2493 48 104
2494 48 106
2495 48 115
2496 48 124
2497 48 129
2498 48 130
2499 48 131
2500 48 133
2501 48 140
2502 48 141
2503 48 142
2504 48 144
2505 48 150
2506 48 151
2507 48 153
2508 48 156
2509 48 157
2510 48 159
2511 48 160
2512 48 161
2513 48 162
2514 48 165
2515 48 168
2516 48 169
2517 48 174
2518 48 177
2519 48 179
2520 48 180
2521 48 182
2522 48 184
2523 48 185
2524 48 186
2525 48 189
2526 48 193
2527 48 194
2528 48 195
2529 48 196
2530 48 197
2531 48 198
2532 48 201
2533 48 202
2534 48 203
2535 48 206
2536 48 209
2537 48 215
2538 49 51
2539 49 52
2540 49 54
2541 49 59
2542 49 61
2543 49 62
2544 49 66
2545 49 67
2546 49 69
2547 49 72
2548 49 74
2549 49 75
2550 49 81
2551 49 83
2552 49 88
2553 49 90
2554 49 92
2555 49 93
2556 49 95
2557 49 96
2558 49 99
2559 49 103
2560 49 104
2561 49 124
2562 49 130
2563 49 131
2564 49 133
2565 49 140
2566 49 141
2567 49 142
2568 49 144
2569 49 151
2570 49 156
2571 49 157
2572 49 160
2573 49 168
2574 49 169
2575 49 177
2576 49 179
2577 49 185
2578 49 186
2579 49 187
2580 49 193
2581 49 194
2582 49 196
2583 49 197
2584 49 198
2585 49 201
2586 49 202
2587 49 203
2588 50 94
2589 51 52
2590 51 53
2591 51 54
2592 51 55
2593 51 59
2594 51 61
2595 51 62
2596 51 66
2597 51 67
2598 51 69
2599 51 72
2600 51 74
2601 51 75
2602 51 77
2603 51 78
2604 51 81
2605 51 82
2606 51 83
2607 51 84
2608 51 88
2609 51 90
2610 51 93
2611 51 95
2612 51 96
2613 51 99
2614 51 100
2615 51 103
2616 51 104
2617 51 108
2618 51 115
2619 51 124
2620 51 130
2621 51 131
2622 51 133
2623 51 140
2624 51 141
2625 51 142
2626 51 144
2627 51 150
2628 51 151
2629 51 156
2630 51 157
2631 51 159
2632 51 160
2633 51 161
2634 51 162
2635 51 165
2636 51 168
2637 51 169
2638 51 177
2639 51 179
2640 51 180
2641 51 182
2642 51 184
2643 51 185
2644 51 186
2645 51 187
2646 51 189
2647 51 190
2648 51 193
2649 51 194
2650 51 195
2651 51 196
2652 51 197
2653 51 198
2654 51 201
2655 51 202
2656 51 203
2657 51 206
2658 51 209
2659 51 214
2660 51 215
2661 52 53
2662 52 54
2663 52 55
2664 52 56
2665 52 59
2666 52 61
2667 52 62
2668 52 66
2669 52 67
2670 52 68
2671 52 69
2672 52 72
2673 52 74
2674 52 75
2675 52 77
2676 52 78
2677 52 81
2678 52 82
2679 52 83
2680 52 84
2681 52 88
2682 52 90
2683 52 93
2684 52 94
2685 52 95
2686 52 96
2687 52 99
2688 52 100
2689 52 103
2690 52 104
2691 52 106
2692 52 112
2693 52 115
2694 52 119
2695 52 124
2696 52 127
2697 52 129
2698 52 130
2699 52 131
2700 52 133
2701 52 140
2702 52 141
2703 52 142
2704 52 144
2705 52 150
2706 52 151
2707 52 153
2708 52 156
2709 52 157
2710 52 159
2711 52 160
2712 52 161
2713 52 162
2714 52 165
2715 52 168
2716 52 169
2717 52 171
2718 52 174
2719 52 177
2720 52 179
2721 52 180
2722 52 182
2723 52 184
2724 52 185
2725 52 186
2726 52 187
2727 52 189
2728 52 193
2729 52 194
2730 52 195
2731 52 196
2732 52 197
2733 52 198
2734 52 201
2735 52 202
2736 52 203
2737 52 204
2738 52 206
2739 52 209
2740 52 214
2741 52 215
2742 53 54
2743 53 55
2744 53 56
2745 53 59
2746 53 60
2747 53 62
2748 53 64
2749 53 65
2750 53 66
2751 53 67
2752 53 68
2753 53 72
2754 53 73
2755 53 74
2756 53 75
2757 53 76
2758 53 77
2759 53 78
2760 53 81
2761 53 84
2762 53 88
2763 53 90
2764 53 92
2765 53 93
2766 53 94
2767 53 95
2768 53 96
2769 53 100
2770 53 103
2771 53 104
2772 53 106
2773 53 107
2774 53 112
2775 53 115
2776 53 119
2777 53 124
2778 53 125
2779 53 126
2780 53 128
2781 53 129
2782 53 130
2783 53 131
2784 53 133
2785 53 137
2786 53 139
2787 53 140
2788 53 141
2789 53 142
2790 53 143
2791 53 144
2792 53 147
2793 53 149
2794 53 150
2795 53 153
2796 53 154
2797 53 156
2798 53 157
2799 53 158
2800 53 159
2801 53 161
2802 53 162
2803 53 163
2804 53 165
2805 53 168
2806 53 169
2807 53 171
2808 53 174
2809 53 179
2810 53 180
2811 53 181
2812 53 182
2813 53 183
2814 53 184
2815 53 185
2816 53 186
2817 53 187
2818 53 189
2819 53 190
2820 53 191
2821 53 193
2822 53 195
2823 53 197
2824 53 198
2825 53 201
2826 53 202
2827 53 203
2828 53 204
2829 53 206
2830 53 209
2831 53 211
2832 53 214
2833 53 215
2834 54 55
2835 54 56
2836 54 59
2837 54 61
2838 54 62
2839 54 66
2840 54 67
2841 54 69
2842 54 72
2843 54 74
2844 54 75
2845 54 77
2846 54 78
2847 54 81
2848 54 83
2849 54 84
2850 54 88
2851 54 90
2852 54 92
2853 54 93
2854 54 94
2855 54 95
2856 54 96
2857 54 99
2858 54 100
2859 54 103
2860 54 104
2861 54 106
2862 54 115
2863 54 119
2864 54 124
2865 54 129
2866 54 130
2867 54 131
2868 54 133
2869 54 140
2870 54 141
2871 54 142
2872 54 144
2873 54 150
2874 54 151
2875 54 156
2876 54 157
2877 54 159
2878 54 160
2879 54 161
2880 54 162
2881 54 165
2882 54 168
2883 54 169
2884 54 174
2885 54 177
2886 54 179
2887 54 180
2888 54 182
2889 54 184
2890 54 185
2891 54 186
2892 54 187
2893 54 189
2894 54 190
2895 54 193
2896 54 194
2897 54 195
2898 54 196
2899 54 197
2900 54 198
2901 54 201
2902 54 202
2903 54 203
2904 54 206
2905 54 209
2906 54 215
2907 55 56
2908 55 59
2909 55 62
2910 55 64
2911 55 65
2912 55 67
2913 55 68
2914 55 72
2915 55 74
2916 55 76
2917 55 77
2918 55 78
2919 55 81
2920 55 84
2921 55 88
2922 55 90
2923 55 92
2924 55 93
2925 55 94
2926 55 95
2927 55 96
2928 55 98
2929 55 100
2930 55 103
2931 55 104
2932 55 106
2933 55 107
2934 55 112
2935 55 115
2936 55 119
2937 55 124
2938 55 125
2939 55 126
2940 55 128
2941 55 129
2942 55 131
2943 55 133
2944 55 137
2945 55 139
2946 55 140
2947 55 141
2948 55 142
2949 55 143
2950 55 147
2951 55 149
2952 55 150
2953 55 153
2954 55 158
2955 55 159
2956 55 161
2957 55 162
2958 55 163
2959 55 165
2960 55 168
2961 55 171
2962 55 174
2963 55 180
2964 55 181
2965 55 182
2966 55 183
2967 55 184
2968 55 185
2969 55 186
2970 55 187
2971 55 189
2972 55 190
2973 55 191
2974 55 193
2975 55 195
2976 55 197
2977 55 198
2978 55 201
2979 55 202
2980 55 204
2981 55 206
2982 55 209
2983 55 211
2984 55 214
2985 55 215
2986 56 62
2987 56 64
2988 56 65
2989 56 67
2990 56 68
2991 56 72
2992 56 74
2993 56 76
2994 56 77
2995 56 81
2996 56 84
2997 56 88
2998 56 90
2999 56 92
3000 56 94
3001 56 95
3002 56 96
3003 56 99
3004 56 100
3005 56 104
3006 56 106
3007 56 107
3008 56 112
3009 56 115
3010 56 119
3011 56 124
3012 56 125
3013 56 126
3014 56 128
3015 56 129
3016 56 131
3017 56 137
3018 56 141
3019 56 143
3020 56 147
3021 56 150
3022 56 153
3023 56 158
3024 56 159
3025 56 161
3026 56 162
3027 56 163
3028 56 165
3029 56 171
3030 56 174
3031 56 179
3032 56 180
3033 56 181
3034 56 182
3035 56 183
3036 56 184
3037 56 185
3038 56 186
3039 56 187
3040 56 189
3041 56 190
3042 56 191
3043 56 193
3044 56 195
3045 56 201
3046 56 202
3047 56 204
3048 56 206
3049 56 209
3050 56 211
3051 56 214
3052 56 215
3053 57 63
3054 57 70
3055 57 79
3056 57 80
3057 57 82
3058 57 87
3059 57 89
3060 57 91
3061 57 111
3062 57 113
3063 57 114
3064 57 116
3065 57 117
3066 57 120
3067 57 122
3068 57 123
3069 57 127
3070 57 135
3071 57 145
3072 57 146
3073 57 148
3074 57 152
3075 57 155
3076 57 167
3077 57 172
3078 57 178
3079 57 188
3080 57 192
3081 57 208
3082 57 212
3083 57 216
3084 58 118
3085 58 205
3086 59 61
3087 59 62
3088 59 66
3089 59 67
3090 59 68
3091 59 69
3092 59 72
3093 59 74
3094 59 75
3095 59 76
3096 59 77
3097 59 78
3098 59 81
3099 59 83
3100 59 84
3101 59 88
3102 59 90
3103 59 92
3104 59 93
3105 59 94
3106 59 95
3107 59 96
3108 59 99
3109 59 100
3110 59 103
3111 59 104
3112 59 106
3113 59 112
3114 59 115
3115 59 124
3116 59 129
3117 59 130
3118 59 131
3119 59 133
3120 59 140
3121 59 141
3122 59 142
3123 59 144
3124 59 150
3125 59 151
3126 59 156
3127 59 157
3128 59 160
3129 59 161
3130 59 162
3131 59 163
3132 59 165
3133 59 168
3134 59 169
3135 59 174
3136 59 177
3137 59 179
3138 59 184
3139 59 185
3140 59 186
3141 59 187
3142 59 189
3143 59 190
3144 59 193
3145 59 194
3146 59 195
3147 59 196
3148 59 197
3149 59 198
3150 59 201
3151 59 202
3152 59 203
3153 59 204
3154 59 206
3155 59 209
3156 59 214
3157 59 215
3158 60 92
3159 60 98
3160 60 126
3161 60 162
3162 60 163
3163 60 175
3164 60 195
3165 60 199
3166 61 62
3167 61 66
3168 61 69
3169 61 72
3170 61 74
3171 61 75
3172 61 77
3173 61 81
3174 61 83
3175 61 84
3176 61 88
3177 61 90
3178 61 92
3179 61 93
3180 61 95
3181 61 96
3182 61 99
3183 61 103
3184 61 104
3185 61 124
3186 61 129
3187 61 130
3188 61 131
3189 61 133
3190 61 140
3191 61 141
3192 61 142
3193 61 144
3194 61 151
3195 61 156
3196 61 157
3197 61 160
3198 61 162
3199 61 168
3200 61 169
3201 61 177
3202 61 179
3203 61 185
3204 61 186
3205 61 187
3206 61 189
3207 61 193
3208 61 194
3209 61 196
3210 61 197
3211 61 198
3212 61 201
3213 61 202
3214 61 203
3215 61 209
3216 62 66
3217 62 67
3218 62 68
3219 62 69
3220 62 72
3221 62 74
3222 62 75
3223 62 77
3224 62 78
3225 62 81
3226 62 82
3227 62 83
3228 62 84
3229 62 88
3230 62 90
3231 62 92
3232 62 93
3233 62 94
3234 62 95
3235 62 96
3236 62 99
3237 62 100
3238 62 103
3239 62 104
3240 62 106
3241 62 112
3242 62 115
3243 62 119
3244 62 124
3245 62 129
3246 62 130
3247 62 131
3248 62 133
3249 62 137
3250 62 140
3251 62 141
3252 62 142
3253 62 144
3254 62 150
3255 62 151
3256 62 153
3257 62 156
3258 62 157
3259 62 159
3260 62 160
3261 62 161
3262 62 162
3263 62 163
3264 62 165
3265 62 168
3266 62 169
3267 62 171
3268 62 174
3269 62 177
3270 62 179
3271 62 180
3272 62 182
3273 62 184
3274 62 185
3275 62 186
3276 62 187
3277 62 189
3278 62 190
3279 62 191
3280 62 193
3281 62 194
3282 62 195
3283 62 196
3284 62 197
3285 62 198
3286 62 201
3287 62 202
3288 62 203
3289 62 204
3290 62 206
3291 62 209
3292 62 214
3293 62 215
3294 63 70
3295 63 79
3296 63 80
3297 63 82
3298 63 87
3299 63 89
3300 63 91
3301 63 111
3302 63 113
3303 63 114
3304 63 116
3305 63 117
3306 63 120
3307 63 121
3308 63 122
3309 63 123
3310 63 127
3311 63 135
3312 63 145
3313 63 146
3314 63 148
3315 63 152
3316 63 155
3317 63 167
3318 63 172
3319 63 178
3320 63 188
3321 63 192
3322 63 212
3323 63 216
3324 64 65
3325 64 67
3326 64 68
3327 64 73
3328 64 76
3329 64 77
3330 64 84
3331 64 92
3332 64 94
3333 64 100
3334 64 106
3335 64 107
3336 64 112
3337 64 115
3338 64 119
3339 64 124
3340 64 125
3341 64 126
3342 64 128
3343 64 129
3344 64 131
3345 64 137
3346 64 143
3347 64 147
3348 64 150
3349 64 153
3350 64 158
3351 64 159
3352 64 161
3353 64 162
3354 64 163
3355 64 165
3356 64 171
3357 64 174
3358 64 180
3359 64 181
3360 64 182
3361 64 183
3362 64 184
3363 64 187
3364 64 189
3365 64 190
3366 64 191
3367 64 195
3368 64 199
3369 64 201
3370 64 202
3371 64 204
3372 64 206
3373 64 209
3374 64 211
3375 64 214
3376 64 215
3377 65 67
3378 65 68
3379 65 76
3380 65 77
3381 65 84
3382 65 92
3383 65 94
3384 65 100
3385 65 106
3386 65 107
3387 65 112
3388 65 115
3389 65 119
3390 65 124
3391 65 125
3392 65 126
3393 65 128
3394 65 129
3395 65 131
3396 65 137
3397 65 139
3398 65 143
3399 65 147
3400 65 149
3401 65 150
3402 65 153
3403 65 154
3404 65 158
3405 65 159
3406 65 161
3407 65 162
3408 65 163
3409 65 165
3410 65 171
3411 65 174
3412 65 180
3413 65 181
3414 65 182
3415 65 183
3416 65 184
3417 65 185
3418 65 187
3419 65 189
3420 65 190
3421 65 191
3422 65 195
3423 65 201
3424 65 202
3425 65 204
3426 65 206
3427 65 209
3428 65 211
3429 65 214
3430 65 215
3431 66 67
3432 66 69
3433 66 72
3434 66 74
3435 66 75
3436 66 77
3437 66 78
3438 66 81
3439 66 83
3440 66 84
3441 66 88
3442 66 90
3443 66 93
3444 66 95
3445 66 96
3446 66 99
3447 66 103
3448 66 104
3449 66 115
3450 66 124
3451 66 129
3452 66 130
3453 66 131
3454 66 133
3455 66 140
3456 66 141
3457 66 142
3458 66 144
3459 66 150
3460 66 151
3461 66 156
3462 66 157
3463 66 160
3464 66 161
3465 66 162
3466 66 165
3467 66 168
3468 66 169
3469 66 177
3470 66 179
3471 66 184
3472 66 185
3473 66 186
3474 66 187
3475 66 189
3476 66 193
3477 66 194
3478 66 196
3479 66 197
3480 66 198
3481 66 201
3482 66 202
3483 66 203
3484 66 209
3485 67 68
3486 67 72
3487 67 74
3488 67 75
3489 67 76
3490 67 77
3491 67 81
3492 67 84
3493 67 88
3494 67 90
3495 67 92
3496 67 93
3497 67 94
3498 67 95
3499 67 96
3500 67 99
3501 67 100
3502 67 103
3503 67 104
3504 67 106
3505 67 107
3506 67 112
3507 67 115
3508 67 119
3509 67 124
3510 67 125
3511 67 126
3512 67 128
3513 67 129
3514 67 130
3515 67 131
3516 67 133
3517 67 134
3518 67 137
3519 67 139
3520 67 140
3521 67 141
3522 67 142
3523 67 143
3524 67 144
3525 67 147
3526 67 149
3527 67 150
3528 67 153
3529 67 154
3530 67 156
3531 67 157
3532 67 158
3533 67 159
3534 67 161
3535 67 162
3536 67 163
3537 67 165
3538 67 168
3539 67 169
3540 67 171
3541 67 174
3542 67 179
3543 67 180
3544 67 181
3545 67 182
3546 67 183
3547 67 184
3548 67 185
3549 67 186
3550 67 187
3551 67 189
3552 67 190
3553 67 191
3554 67 193
3555 67 195
3556 67 197
3557 67 198
3558 67 201
3559 67 202
3560 67 203
3561 67 204
3562 67 206
3563 67 209
3564 67 211
3565 67 214
3566 67 215
3567 68 72
3568 68 74
3569 68 76
3570 68 77
3571 68 78
3572 68 81
3573 68 84
3574 68 90
3575 68 92
3576 68 94
3577 68 95
3578 68 100
3579 68 104
3580 68 106
3581 68 107
3582 68 112
3583 68 115
3584 68 119
3585 68 124
3586 68 125
3587 68 126
3588 68 128
3589 68 129
3590 68 130
3591 68 131
3592 68 137
3593 68 139
3594 68 141
3595 68 143
3596 68 147
3597 68 149
3598 68 150
3599 68 153
3600 68 154
3601 68 156
3602 68 158
3603 68 159
3604 68 161
3605 68 162
3606 68 163
3607 68 165
3608 68 171
3609 68 174
3610 68 180
3611 68 181
3612 68 182
3613 68 183
3614 68 184
3615 68 185
3616 68 187
3617 68 189
3618 68 190
3619 68 191
3620 68 193
3621 68 195
3622 68 201
3623 68 202
3624 68 204
3625 68 206
3626 68 209
3627 68 211
3628 68 214
3629 68 215
3630 69 72
3631 69 74
3632 69 75
3633 69 81
3634 69 83
3635 69 88
3636 69 90
3637 69 93
3638 69 95
3639 69 96
3640 69 99
3641 69 103
3642 69 104
3643 69 130
3644 69 133
3645 69 140
3646 69 141
3647 69 142
3648 69 144
3649 69 151
3650 69 156
3651 69 157
3652 69 160
3653 69 168
3654 69 169
3655 69 177
3656 69 179
3657 69 185
3658 69 186
3659 69 193
3660 69 194
3661 69 196
3662 69 197
3663 69 198
3664 69 203
3665 70 79
3666 70 80
3667 70 82
3668 70 87
3669 70 89
3670 70 91
3671 70 111
3672 70 113
3673 70 114
3674 70 116
3675 70 117
3676 70 120
3677 70 121
3678 70 122
3679 70 123
3680 70 127
3681 70 135
3682 70 145
3683 70 146
3684 70 148
3685 70 152
3686 70 155
3687 70 167
3688 70 172
3689 70 178
3690 70 188
3691 70 192
3692 70 208
3693 70 212
3694 70 216
3695 71 89
3696 71 122
3697 71 127
3698 71 172
3699 71 188
3700 71 216
3701 72 74
3702 72 75
3703 72 76
3704 72 77
3705 72 78
3706 72 81
3707 72 82
3708 72 83
3709 72 84
3710 72 88
3711 72 90
3712 72 92
3713 72 93
3714 72 94
3715 72 95
3716 72 96
3717 72 99
3718 72 100
3719 72 103
3720 72 104
3721 72 106
3722 72 112
3723 72 115
3724 72 119
3725 72 124
3726 72 129
3727 72 130
3728 72 131
3729 72 133
3730 72 137
3731 72 140
3732 72 141
3733 72 142
3734 72 144
3735 72 150
3736 72 151
3737 72 153
3738 72 156
3739 72 157
3740 72 159
3741 72 160
3742 72 161
3743 72 162
3744 72 163
3745 72 165
3746 72 168
3747 72 169
3748 72 171
3749 72 174
3750 72 177
3751 72 179
3752 72 180
3753 72 182
3754 72 184
3755 72 185
3756 72 186
3757 72 187
3758 72 189
3759 72 190
3760 72 193
3761 72 194
3762 72 195
3763 72 196
3764 72 197
3765 72 198
3766 72 201
3767 72 202
3768 72 203
3769 72 204
3770 72 206
3771 72 209
3772 72 212
3773 72 214
3774 72 215
3775 73 84
3776 73 97
3777 73 101
3778 73 102
3779 73 138
3780 73 158
3781 73 159
3782 73 161
3783 73 171
3784 73 173
3785 73 176
3786 73 184
3787 73 200
3788 73 207
3789 74 75
3790 74 77
3791 74 78
3792 74 81
3793 74 83
3794 74 84
3795 74 88
3796 74 90
3797 74 93
3798 74 94
3799 74 95
3800 74 96
3801 74 99
3802 74 100
3803 74 103
3804 74 104
3805 74 106
3806 74 112
3807 74 115
3808 74 119
3809 74 124
3810 74 129
3811 74 130
3812 74 131
3813 74 133
3814 74 140
3815 74 141
3816 74 142
3817 74 144
3818 74 150
3819 74 151
3820 74 156
3821 74 157
3822 74 159
3823 74 160
3824 74 161
3825 74 162
3826 74 165
3827 74 168
3828 74 169
3829 74 171
3830 74 174
3831 74 177
3832 74 179
3833 74 180
3834 74 182
3835 74 184
3836 74 185
3837 74 186
3838 74 187
3839 74 189
3840 74 191
3841 74 193
3842 74 194
3843 74 195
3844 74 196
3845 74 197
3846 74 198
3847 74 201
3848 74 202
3849 74 203
3850 74 204
3851 74 206
3852 74 209
3853 74 214
3854 74 215
3855 75 76
3856 75 77
3857 75 81
3858 75 83
3859 75 84
3860 75 88
3861 75 90
3862 75 92
3863 75 93
3864 75 95
3865 75 96
3866 75 99
3867 75 100
3868 75 103
3869 75 104
3870 75 106
3871 75 115
3872 75 124
3873 75 129
3874 75 130
3875 75 131
3876 75 133
3877 75 140
3878 75 141
3879 75 142
3880 75 144
3881 75 150
3882 75 151
3883 75 156
3884 75 157
3885 75 160
3886 75 161
3887 75 162
3888 75 163
3889 75 165
3890 75 168
3891 75 169
3892 75 177
3893 75 179
3894 75 184
3895 75 185
3896 75 186
3897 75 189
3898 75 193
3899 75 194
3900 75 195
3901 75 196
3902 75 197
3903 75 198
3904 75 201
3905 75 202
3906 75 203
3907 75 209
3908 75 215
3909 76 77
3910 76 78
3911 76 81
3912 76 84
3913 76 90
3914 76 92
3915 76 93
3916 76 94
3917 76 95
3918 76 100
3919 76 103
3920 76 104
3921 76 106
3922 76 107
3923 76 112
3924 76 115
3925 76 119
3926 76 124
3927 76 125
3928 76 126
3929 76 128
3930 76 129
3931 76 130
3932 76 131
3933 76 133
3934 76 137
3935 76 139
3936 76 142
3937 76 143
3938 76 147
3939 76 150
3940 76 153
3941 76 156
3942 76 158
3943 76 159
3944 76 161
3945 76 162
3946 76 163
3947 76 165
3948 76 171
3949 76 174
3950 76 179
3951 76 180
3952 76 181
3953 76 182
3954 76 183
3955 76 184
3956 76 185
3957 76 187
3958 76 189
3959 76 190
3960 76 191
3961 76 193
3962 76 195
3963 76 201
3964 76 202
3965 76 204
3966 76 206
3967 76 209
3968 76 211
3969 76 214
3970 76 215
3971 77 78
3972 77 81
3973 77 84
3974 77 88
3975 77 90
3976 77 92
3977 77 93
3978 77 94
3979 77 95
3980 77 96
3981 77 99
3982 77 100
3983 77 103
3984 77 104
3985 77 106
3986 77 107
3987 77 108
3988 77 112
3989 77 115
3990 77 119
3991 77 124
3992 77 125
3993 77 126
3994 77 128
3995 77 129
3996 77 130
3997 77 131
3998 77 133
3999 77 134
4000 77 137
4001 77 139
4002 77 140
4003 77 141
4004 77 142
4005 77 143
4006 77 144
4007 77 147
4008 77 149
4009 77 150
4010 77 153
4011 77 154
4012 77 156
4013 77 157
4014 77 158
4015 77 159
4016 77 161
4017 77 162
4018 77 163
4019 77 165
4020 77 166
4021 77 168
4022 77 171
4023 77 174
4024 77 179
4025 77 180
4026 77 181
4027 77 182
4028 77 183
4029 77 184
4030 77 185
4031 77 186
4032 77 187
4033 77 189
4034 77 190
4035 77 191
4036 77 193
4037 77 195
4038 77 197
4039 77 198
4040 77 199
4041 77 201
4042 77 202
4043 77 203
4044 77 204
4045 77 206
4046 77 209
4047 77 211
4048 77 214
4049 77 215
4050 78 81
4051 78 84
4052 78 88
4053 78 90
4054 78 92
4055 78 94
4056 78 95
4057 78 96
4058 78 99
4059 78 103
4060 78 104
4061 78 108
4062 78 110
4063 78 112
4064 78 115
4065 78 119
4066 78 124
4067 78 129
4068 78 130
4069 78 131
4070 78 140
4071 78 141
4072 78 144
4073 78 150
4074 78 156
4075 78 157
4076 78 161
4077 78 164
4078 78 166
4079 78 168
4080 78 179
4081 78 184
4082 78 185
4083 78 186
4084 78 187
4085 78 189
4086 78 193
4087 78 198
4088 78 201
4089 78 203
4090 78 204
4091 78 206
4092 78 209
4093 78 214
4094 79 80
4095 79 82
4096 79 86
4097 79 87
4098 79 89
4099 79 91
4100 79 111
4101 79 113
4102 79 114
4103 79 116
4104 79 117
4105 79 120
4106 79 121
4107 79 122
4108 79 123
4109 79 127
4110 79 135
4111 79 145
4112 79 146
4113 79 148
4114 79 152
4115 79 155
4116 79 167
4117 79 172
4118 79 178
4119 79 188
4120 79 192
4121 79 212
4122 79 216
4123 80 82
4124 80 87
4125 80 89
4126 80 91
4127 80 111
4128 80 113
4129 80 114
4130 80 116
4131 80 117
4132 80 120
4133 80 122
4134 80 123
4135 80 127
4136 80 135
4137 80 145
4138 80 146
4139 80 148
4140 80 152
4141 80 155
4142 80 167
4143 80 172
4144 80 178
4145 80 188
4146 80 192
4147 80 208
4148 80 212
4149 80 216
4150 81 83
4151 81 84
4152 81 88
4153 81 90
4154 81 92
4155 81 93
4156 81 94
4157 81 95
4158 81 96
4159 81 99
4160 81 100
4161 81 103
4162 81 104
4163 81 106
4164 81 112
4165 81 115
4166 81 119
4167 81 124
4168 81 129
4169 81 130
4170 81 131
4171 81 133
4172 81 137
4173 81 140
4174 81 141
4175 81 142
4176 81 144
4177 81 150
4178 81 151
4179 81 153
4180 81 156
4181 81 157
4182 81 159
4183 81 160
4184 81 161
4185 81 162
4186 81 163
4187 81 165
4188 81 166
4189 81 168
4190 81 169
4191 81 171
4192 81 174
4193 81 177
4194 81 179
4195 81 180
4196 81 182
4197 81 184
4198 81 185
4199 81 186
4200 81 187
4201 81 189
4202 81 190
4203 81 193
4204 81 194
4205 81 195
4206 81 196
4207 81 197
4208 81 198
4209 81 201
4210 81 202
4211 81 203
4212 81 204
4213 81 206
4214 81 209
4215 81 214
4216 81 215
4217 82 85
4218 82 87
4219 82 89
4220 82 91
4221 82 99
4222 82 104
4223 82 109
4224 82 111
4225 82 114
4226 82 117
4227 82 120
4228 82 122
4229 82 123
4230 82 127
4231 82 135
4232 82 136
4233 82 145
4234 82 146
4235 82 148
4236 82 152
4237 82 155
4238 82 157
4239 82 167
4240 82 169
4241 82 170
4242 82 172
4243 82 178
4244 82 185
4245 82 188
4246 82 192
4247 82 198
4248 82 208
4249 82 210
4250 82 212
4251 82 213
4252 82 216
4253 83 88
4254 83 90
4255 83 93
4256 83 95
4257 83 96
4258 83 99
4259 83 103
4260 83 104
4261 83 130
4262 83 133
4263 83 140
4264 83 141
4265 83 142
4266 83 144
4267 83 151
4268 83 156
4269 83 157
4270 83 160
4271 83 168
4272 83 169
4273 83 177
4274 83 179
4275 83 185
4276 83 186
4277 83 193
4278 83 194
4279 83 196
4280 83 197
4281 83 198
4282 83 203
4283 84 88
4284 84 90
4285 84 92
4286 84 93
4287 84 94
4288 84 95
4289 84 96
4290 84 99
4291 84 100
4292 84 102
4293 84 103
4294 84 104
4295 84 106
4296 84 107
4297 84 112
4298 84 115
4299 84 119
4300 84 124
4301 84 125
4302 84 126
4303 84 128
4304 84 129
4305 84 130
4306 84 131
4307 84 134
4308 84 137
4309 84 139
4310 84 140
4311 84 141
4312 84 143
4313 84 144
4314 84 147
4315 84 149
4316 84 150
4317 84 153
4318 84 154
4319 84 156
4320 84 157
4321 84 158
4322 84 159
4323 84 161
4324 84 162
4325 84 163
4326 84 165
4327 84 168
4328 84 169
4329 84 171
4330 84 173
4331 84 174
4332 84 179
4333 84 180
4334 84 181
4335 84 182
4336 84 183
4337 84 184
4338 84 185
4339 84 186
4340 84 187
4341 84 189
4342 84 190
4343 84 191
4344 84 193
4345 84 195
4346 84 196
4347 84 198
4348 84 199
4349 84 201
4350 84 202
4351 84 203
4352 84 204
4353 84 206
4354 84 207
4355 84 209
4356 84 211
4357 84 214
4358 84 215
4359 85 170
4360 86 111
4361 86 117
4362 86 135
4363 86 172
4364 86 216
4365 87 89
4366 87 91
4367 87 111
4368 87 113
4369 87 114
4370 87 116
4371 87 117
4372 87 120
4373 87 122
4374 87 123
4375 87 127
4376 87 135
4377 87 145
4378 87 146
4379 87 148
4380 87 152
4381 87 155
4382 87 167
4383 87 172
4384 87 178
4385 87 188
4386 87 192
4387 87 208
4388 87 212
4389 87 216
4390 88 90
4391 88 92
4392 88 93
4393 88 94
4394 88 95
4395 88 96
4396 88 99
4397 88 100
4398 88 103
4399 88 104
4400 88 106
4401 88 115
4402 88 119
4403 88 124
4404 88 129
4405 88 130
4406 88 131
4407 88 133
4408 88 137
4409 88 140
4410 88 141
4411 88 142
4412 88 144
4413 88 150
4414 88 151
4415 88 156
4416 88 157
4417 88 159
4418 88 160
4419 88 161
4420 88 162
4421 88 165
4422 88 168
4423 88 169
4424 88 171
4425 88 174
4426 88 177
4427 88 179
4428 88 180
4429 88 181
4430 88 182
4431 88 184
4432 88 185
4433 88 186
4434 88 187
4435 88 189
4436 88 190
4437 88 193
4438 88 194
4439 88 195
4440 88 196
4441 88 197
4442 88 198
4443 88 201
4444 88 202
4445 88 203
4446 88 206
4447 88 209
4448 88 215
4449 89 91
4450 89 111
4451 89 113
4452 89 114
4453 89 116
4454 89 117
4455 89 120
4456 89 121
4457 89 122
4458 89 123
4459 89 127
4460 89 135
4461 89 145
4462 89 146
4463 89 148
4464 89 152
4465 89 155
4466 89 167
4467 89 172
4468 89 178
4469 89 188
4470 89 192
4471 89 216
4472 90 92
4473 90 93
4474 90 94
4475 90 95
4476 90 96
4477 90 99
4478 90 100
4479 90 103
4480 90 104
4481 90 106
4482 90 112
4483 90 115
4484 90 119
4485 90 124
4486 90 129
4487 90 130
4488 90 131
4489 90 133
4490 90 140
4491 90 141
4492 90 142
4493 90 144
4494 90 150
4495 90 151
4496 90 153
4497 90 156
4498 90 157
4499 90 159
4500 90 160
4501 90 161
4502 90 162
4503 90 163
4504 90 165
4505 90 168
4506 90 169
4507 90 171
4508 90 174
4509 90 177
4510 90 179
4511 90 180
4512 90 182
4513 90 184
4514 90 185
4515 90 186
4516 90 187
4517 90 189
4518 90 190
4519 90 191
4520 90 193
4521 90 194
4522 90 195
4523 90 196
4524 90 197
4525 90 198
4526 90 201
4527 90 202
4528 90 203
4529 90 204
4530 90 206
4531 90 209
4532 90 214
4533 90 215
4534 91 105
4535 91 111
4536 91 113
4537 91 114
4538 91 116
4539 91 117
4540 91 120
4541 91 121
4542 91 122
4543 91 123
4544 91 135
4545 91 145
4546 91 146
4547 91 148
4548 91 152
4549 91 155
4550 91 167
4551 91 172
4552 91 178
4553 91 188
4554 91 192
4555 91 212
4556 91 216
4557 92 93
4558 92 94
4559 92 95
4560 92 96
4561 92 98
4562 92 99
4563 92 100
4564 92 104
4565 92 106
4566 92 107
4567 92 112
4568 92 115
4569 92 119
4570 92 124
4571 92 125
4572 92 126
4573 92 128
4574 92 129
4575 92 130
4576 92 131
4577 92 137
4578 92 139
4579 92 140
4580 92 141
4581 92 142
4582 92 143
4583 92 147
4584 92 149
4585 92 150
4586 92 153
4587 92 154
4588 92 156
4589 92 158
4590 92 159
4591 92 161
4592 92 162
4593 92 163
4594 92 165
4595 92 168
4596 92 169
4597 92 171
4598 92 174
4599 92 179
4600 92 180
4601 92 181
4602 92 182
4603 92 183
4604 92 184
4605 92 185
4606 92 186
4607 92 187
4608 92 189
4609 92 190
4610 92 191
4611 92 193
4612 92 195
4613 92 197
4614 92 198
4615 92 201
4616 92 202
4617 92 204
4618 92 206
4619 92 209
4620 92 211
4621 92 214
4622 92 215
4623 93 94
4624 93 95
4625 93 96
4626 93 99
4627 93 100
4628 93 103
4629 93 104
4630 93 106
4631 93 115
4632 93 119
4633 93 124
4634 93 129
4635 93 130
4636 93 131
4637 93 133
4638 93 140
4639 93 141
4640 93 142
4641 93 144
4642 93 150
4643 93 151
4644 93 156
4645 93 157
4646 93 159
4647 93 160
4648 93 161
4649 93 162
4650 93 163
4651 93 165
4652 93 168
4653 93 169
4654 93 177
4655 93 179
4656 93 180
4657 93 182
4658 93 184
4659 93 185
4660 93 186
4661 93 187
4662 93 189
4663 93 193
4664 93 194
4665 93 195
4666 93 196
4667 93 197
4668 93 198
4669 93 201
4670 93 202
4671 93 203
4672 93 206
4673 93 209
4674 94 95
4675 94 96
4676 94 100
4677 94 106
4678 94 107
4679 94 112
4680 94 115
4681 94 119
4682 94 124
4683 94 125
4684 94 126
4685 94 128
4686 94 129
4687 94 131
4688 94 134
4689 94 137
4690 94 139
4691 94 143
4692 94 147
4693 94 149
4694 94 150
4695 94 153
4696 94 154
4697 94 156
4698 94 158
4699 94 159
4700 94 161
4701 94 162
4702 94 163
4703 94 165
4704 94 169
4705 94 171
4706 94 174
4707 94 180
4708 94 181
4709 94 182
4710 94 183
4711 94 184
4712 94 185
4713 94 187
4714 94 189
4715 94 190
4716 94 191
4717 94 195
4718 94 201
4719 94 202
4720 94 204
4721 94 206
4722 94 209
4723 94 211
4724 94 214
4725 94 215
4726 95 96
4727 95 99
4728 95 100
4729 95 103
4730 95 104
4731 95 106
4732 95 112
4733 95 115
4734 95 124
4735 95 129
4736 95 130
4737 95 131
4738 95 133
4739 95 140
4740 95 141
4741 95 142
4742 95 144
4743 95 150
4744 95 151
4745 95 153
4746 95 156
4747 95 157
4748 95 159
4749 95 160
4750 95 161
4751 95 162
4752 95 163
4753 95 165
4754 95 168
4755 95 169
4756 95 171
4757 95 174
4758 95 177
4759 95 179
4760 95 180
4761 95 182
4762 95 184
4763 95 185
4764 95 186
4765 95 187
4766 95 189
4767 95 190
4768 95 191
4769 95 193
4770 95 194
4771 95 195
4772 95 196
4773 95 197
4774 95 198
4775 95 201
4776 95 202
4777 95 203
4778 95 204
4779 95 206
4780 95 209
4781 95 214
4782 95 215
4783 96 99
4784 96 100
4785 96 103
4786 96 104
4787 96 106
4788 96 115
4789 96 119
4790 96 124
4791 96 129
4792 96 130
4793 96 131
4794 96 133
4795 96 137
4796 96 140
4797 96 141
4798 96 142
4799 96 144
4800 96 150
4801 96 151
4802 96 156
4803 96 157
4804 96 159
4805 96 160
4806 96 161
4807 96 162
4808 96 165
4809 96 168
4810 96 169
4811 96 174
4812 96 177
4813 96 179
4814 96 180
4815 96 182
4816 96 184
4817 96 185
4818 96 186
4819 96 189
4820 96 190
4821 96 193
4822 96 194
4823 96 195
4824 96 196
4825 96 197
4826 96 198
4827 96 201
4828 96 202
4829 96 203
4830 96 206
4831 96 209
4832 96 214
4833 96 215
4834 97 101
4835 97 102
4836 97 138
4837 97 158
4838 97 173
4839 97 176
4840 97 200
4841 97 207
4842 98 119
4843 98 126
4844 98 137
4845 98 161
4846 98 171
4847 98 175
4848 98 181
4849 98 191
4850 98 199
4851 98 209
4852 98 211
4853 99 100
4854 99 103
4855 99 104
4856 99 106
4857 99 115
4858 99 119
4859 99 124
4860 99 129
4861 99 130
4862 99 131
4863 99 133
4864 99 140
4865 99 141
4866 99 142
4867 99 144
4868 99 150
4869 99 151
4870 99 156
4871 99 157
4872 99 160
4873 99 161
4874 99 162
4875 99 165
4876 99 168
4877 99 169
4878 99 171
4879 99 174
4880 99 177
4881 99 179
4882 99 180
4883 99 182
4884 99 184
4885 99 185
4886 99 186
4887 99 187
4888 99 189
4889 99 190
4890 99 193
4891 99 194
4892 99 195
4893 99 196
4894 99 197
4895 99 198
4896 99 201
4897 99 202
4898 99 203
4899 99 206
4900 99 209
4901 99 212
4902 99 215
4903 100 104
4904 100 106
4905 100 107
4906 100 112
4907 100 115
4908 100 119
4909 100 124
4910 100 125
4911 100 126
4912 100 128
4913 100 129
4914 100 130
4915 100 131
4916 100 137
4917 100 139
4918 100 141
4919 100 143
4920 100 147
4921 100 149
4922 100 150
4923 100 153
4924 100 154
4925 100 157
4926 100 158
4927 100 159
4928 100 161
4929 100 162
4930 100 163
4931 100 165
4932 100 168
4933 100 171
4934 100 174
4935 100 180
4936 100 181
4937 100 182
4938 100 183
4939 100 184
4940 100 185
4941 100 186
4942 100 187
4943 100 189
4944 100 190
4945 100 191
4946 100 193
4947 100 195
4948 100 198
4949 100 201
4950 100 202
4951 100 204
4952 100 206
4953 100 209
4954 100 211
4955 100 214
4956 100 215
4957 101 138
4958 101 176
4959 101 200
4960 102 137
4961 102 138
4962 102 153
4963 102 158
4964 102 162
4965 102 171
4966 102 173
4967 102 176
4968 102 195
4969 102 200
4970 102 207
4971 102 209
4972 103 104
4973 103 115
4974 103 119
4975 103 124
4976 103 129
4977 103 130
4978 103 131
4979 103 133
4980 103 140
4981 103 141
4982 103 142
4983 103 144
4984 103 150
4985 103 151
4986 103 156
4987 103 157
4988 103 160
4989 103 161
4990 103 162
4991 103 165
4992 103 168
4993 103 169
4994 103 177
4995 103 179
4996 103 180
4997 103 182
4998 103 184
4999 103 185
5000 103 186
5001 103 187
5002 103 189
5003 103 193
5004 103 194
5005 103 195
5006 103 196
5007 103 197
5008 103 198
5009 103 201
5010 103 202
5011 103 203
5012 103 206
5013 103 209
5014 103 215
5015 104 106
5016 104 107
5017 104 108
5018 104 112
5019 104 115
5020 104 119
5021 104 124
5022 104 129
5023 104 130
5024 104 131
5025 104 133
5026 104 137
5027 104 140
5028 104 141
5029 104 142
5030 104 144
5031 104 150
5032 104 151
5033 104 153
5034 104 156
5035 104 157
5036 104 159
5037 104 160
5038 104 161
5039 104 162
5040 104 163
5041 104 165
5042 104 166
5043 104 168
5044 104 169
5045 104 171
5046 104 177
5047 104 179
5048 104 180
5049 104 182
5050 104 184
5051 104 185
5052 104 186
5053 104 187
5054 104 189
5055 104 190
5056 104 191
5057 104 193
5058 104 194
5059 104 195
5060 104 196
5061 104 197
5062 104 198
5063 104 201
5064 104 202
5065 104 203
5066 104 204
5067 104 206
5068 104 209
5069 104 212
5070 104 214
5071 104 215
5072 105 111
5073 105 116
5074 105 117
5075 105 145
5076 105 148
5077 105 152
5078 105 167
5079 105 172
5080 105 216
5081 106 107
5082 106 108
5083 106 112
5084 106 115
5085 106 119
5086 106 124
5087 106 125
5088 106 126
5089 106 128
5090 106 129
5091 106 130
5092 106 131
5093 106 133
5094 106 134
5095 106 137
5096 106 139
5097 106 141
5098 106 143
5099 106 147
5100 106 149
5101 106 150
5102 106 153
5103 106 154
5104 106 156
5105 106 158
5106 106 159
5107 106 161
5108 106 162
5109 106 163
5110 106 165
5111 106 168
5112 106 171
5113 106 174
5114 106 179
5115 106 180
5116 106 181
5117 106 182
5118 106 183
5119 106 184
5120 106 185
5121 106 186
5122 106 187
5123 106 189
5124 106 190
5125 106 191
5126 106 193
5127 106 195
5128 106 197
5129 106 201
5130 106 202
5131 106 204
5132 106 206
5133 106 209
5134 106 211
5135 106 214
5136 106 215
5137 107 112
5138 107 115
5139 107 119
5140 107 124
5141 107 125
5142 107 126
5143 107 128
5144 107 129
5145 107 131
5146 107 137
5147 107 139
5148 107 143
5149 107 147
5150 107 149
5151 107 150
5152 107 153
5153 107 154
5154 107 158
5155 107 159
5156 107 161
5157 107 162
5158 107 163
5159 107 165
5160 107 171
5161 107 174
5162 107 180
5163 107 181
5164 107 182
5165 107 183
5166 107 184
5167 107 185
5168 107 187
5169 107 189
5170 107 190
5171 107 191
5172 107 193
5173 107 195
5174 107 201
5175 107 202
5176 107 204
5177 107 206
5178 107 209
5179 107 211
5180 107 214
5181 107 215
5182 108 124
5183 108 156
5184 108 164
5185 108 166
5186 108 180
5187 108 182
5188 108 185
5189 109 127
5190 109 212
5191 110 132
5192 110 164
5193 111 113
5194 111 114
5195 111 116
5196 111 117
5197 111 120
5198 111 121
5199 111 122
5200 111 123
5201 111 135
5202 111 145
5203 111 146
5204 111 148
5205 111 152
5206 111 155
5207 111 167
5208 111 172
5209 111 178
5210 111 188
5211 111 192
5212 111 212
5213 111 216
5214 112 115
5215 112 119
5216 112 124
5217 112 125
5218 112 126
5219 112 128
5220 112 129
5221 112 130
5222 112 131
5223 112 137
5224 112 139
5225 112 141
5226 112 143
5227 112 147
5228 112 149
5229 112 150
5230 112 153
5231 112 154
5232 112 156
5233 112 158
5234 112 159
5235 112 161
5236 112 162
5237 112 163
5238 112 165
5239 112 171
5240 112 174
5241 112 180
5242 112 181
5243 112 182
5244 112 183
5245 112 184
5246 112 185
5247 112 187
5248 112 189
5249 112 190
5250 112 191
5251 112 193
5252 112 195
5253 112 201
5254 112 202
5255 112 204
5256 112 206
5257 112 209
5258 112 211
5259 112 214
5260 112 215
5261 113 114
5262 113 116
5263 113 117
5264 113 120
5265 113 121
5266 113 122
5267 113 123
5268 113 135
5269 113 145
5270 113 146
5271 113 148
5272 113 152
5273 113 155
5274 113 167
5275 113 172
5276 113 178
5277 113 188
5278 113 192
5279 113 212
5280 113 216
5281 114 116
5282 114 117
5283 114 120
5284 114 121
5285 114 122
5286 114 123
5287 114 127
5288 114 135
5289 114 145
5290 114 146
5291 114 148
5292 114 152
5293 114 155
5294 114 167
5295 114 172
5296 114 178
5297 114 188
5298 114 192
5299 114 212
5300 114 216
5301 115 119
5302 115 124
5303 115 125
5304 115 126
5305 115 128
5306 115 129
5307 115 130
5308 115 131
5309 115 137
5310 115 139
5311 115 140
5312 115 141
5313 115 142
5314 115 143
5315 115 144
5316 115 147
5317 115 149
5318 115 150
5319 115 153
5320 115 154
5321 115 156
5322 115 157
5323 115 158
5324 115 159
5325 115 161
5326 115 162
5327 115 163
5328 115 165
5329 115 166
5330 115 168
5331 115 169
5332 115 171
5333 115 174
5334 115 179
5335 115 180
5336 115 181
5337 115 182
5338 115 183
5339 115 184
5340 115 185
5341 115 186
5342 115 187
5343 115 189
5344 115 190
5345 115 191
5346 115 193
5347 115 195
5348 115 197
5349 115 198
5350 115 201
5351 115 202
5352 115 203
5353 115 204
5354 115 206
5355 115 209
5356 115 211
5357 115 214
5358 115 215
5359 116 117
5360 116 120
5361 116 121
5362 116 122
5363 116 123
5364 116 127
5365 116 135
5366 116 145
5367 116 146
5368 116 148
5369 116 152
5370 116 155
5371 116 167
5372 116 172
5373 116 178
5374 116 188
5375 116 192
5376 116 216
5377 117 120
5378 117 121
5379 117 122
5380 117 123
5381 117 127
5382 117 135
5383 117 145
5384 117 146
5385 117 148
5386 117 152
5387 117 155
5388 117 167
5389 117 172
5390 117 178
5391 117 188
5392 117 192
5393 117 212
5394 117 216
5395 118 149
5396 118 205
5397 119 124
5398 119 125
5399 119 126
5400 119 128
5401 119 129
5402 119 131
5403 119 134
5404 119 137
5405 119 139
5406 119 141
5407 119 143
5408 119 147
5409 119 149
5410 119 150
5411 119 153
5412 119 154
5413 119 156
5414 119 157
5415 119 158
5416 119 159
5417 119 161
5418 119 162
5419 119 163
5420 119 165
5421 119 171
5422 119 174
5423 119 180
5424 119 181
5425 119 182
5426 119 183
5427 119 184
5428 119 185
5429 119 186
5430 119 187
5431 119 189
5432 119 190
5433 119 191
5434 119 193
5435 119 195
5436 119 196
5437 119 198
5438 119 201
5439 119 202
5440 119 204
5441 119 206
5442 119 209
5443 119 211
5444 119 214
5445 119 215
5446 120 121
5447 120 122
5448 120 123
5449 120 127
5450 120 135
5451 120 145
5452 120 146
5453 120 148
5454 120 152
5455 120 155
5456 120 167
5457 120 172
5458 120 178
5459 120 188
5460 120 192
5461 120 208
5462 120 210
5463 120 212
5464 120 216
5465 121 122
5466 121 123
5467 121 135
5468 121 145
5469 121 148
5470 121 152
5471 121 167
5472 121 172
5473 121 188
5474 121 192
5475 121 216
5476 122 123
5477 122 127
5478 122 135
5479 122 145
5480 122 146
5481 122 148
5482 122 152
5483 122 155
5484 122 167
5485 122 172
5486 122 178
5487 122 188
5488 122 192
5489 122 212
5490 122 216
5491 123 127
5492 123 135
5493 123 145
5494 123 146
5495 123 148
5496 123 152
5497 123 155
5498 123 167
5499 123 172
5500 123 178
5501 123 188
5502 123 192
5503 123 208
5504 123 212
5505 123 216
5506 124 125
5507 124 126
5508 124 128
5509 124 129
5510 124 130
5511 124 131
5512 124 133
5513 124 134
5514 124 137
5515 124 139
5516 124 140
5517 124 141
5518 124 142
5519 124 143
5520 124 144
5521 124 147
5522 124 149
5523 124 150
5524 124 153
5525 124 154
5526 124 156
5527 124 157
5528 124 158
5529 124 159
5530 124 161
5531 124 162
5532 124 163
5533 124 165
5534 124 166
5535 124 168
5536 124 171
5537 124 174
5538 124 179
5539 124 180
5540 124 181
5541 124 182
5542 124 183
5543 124 184
5544 124 185
5545 124 186
5546 124 187
5547 124 189
5548 124 190
5549 124 191
5550 124 193
5551 124 195
5552 124 196
5553 124 197
5554 124 198
5555 124 199
5556 124 201
5557 124 202
5558 124 203
5559 124 204
5560 124 206
5561 124 209
5562 124 211
5563 124 214
5564 124 215
5565 125 126
5566 125 128
5567 125 129
5568 125 131
5569 125 137
5570 125 147
5571 125 150
5572 125 153
5573 125 159
5574 125 161
5575 125 162
5576 125 163
5577 125 165
5578 125 171
5579 125 174
5580 125 180
5581 125 181
5582 125 182
5583 125 183
5584 125 184
5585 125 187
5586 125 189
5587 125 190
5588 125 191
5589 125 195
5590 125 201
5591 125 202
5592 125 204
5593 125 206
5594 125 209
5595 125 211
5596 125 214
5597 125 215
5598 126 128
5599 126 129
5600 126 131
5601 126 134
5602 126 137
5603 126 139
5604 126 143
5605 126 147
5606 126 149
5607 126 150
5608 126 153
5609 126 154
5610 126 158
5611 126 159
5612 126 161
5613 126 162
5614 126 163
5615 126 165
5616 126 171
5617 126 174
5618 126 180
5619 126 181
5620 126 182
5621 126 183
5622 126 184
5623 126 187
5624 126 189
5625 126 190
5626 126 191
5627 126 195
5628 126 201
5629 126 202
5630 126 204
5631 126 206
5632 126 209
5633 126 211
5634 126 214
5635 126 215
5636 127 135
5637 127 136
5638 127 145
5639 127 146
5640 127 148
5641 127 155
5642 127 167
5643 127 172
5644 127 178
5645 127 188
5646 127 192
5647 127 208
5648 127 210
5649 127 212
5650 127 213
5651 128 129
5652 128 131
5653 128 137
5654 128 143
5655 128 147
5656 128 150
5657 128 153
5658 128 154
5659 128 159
5660 128 161
5661 128 162
5662 128 163
5663 128 165
5664 128 171
5665 128 174
5666 128 180
5667 128 181
5668 128 182
5669 128 183
5670 128 184
5671 128 187
5672 128 189
5673 128 190
5674 128 191
5675 128 195
5676 128 201
5677 128 202
5678 128 204
5679 128 206
5680 128 209
5681 128 211
5682 128 214
5683 128 215
5684 129 130
5685 129 131
5686 129 133
5687 129 137
5688 129 139
5689 129 140
5690 129 141
5691 129 142
5692 129 143
5693 129 144
5694 129 147
5695 129 149
5696 129 150
5697 129 153
5698 129 154
5699 129 156
5700 129 158
5701 129 159
5702 129 161
5703 129 162
5704 129 163
5705 129 165
5706 129 168
5707 129 169
5708 129 171
5709 129 174
5710 129 179
5711 129 180
5712 129 181
5713 129 182
5714 129 183
5715 129 184
5716 129 185
5717 129 186
5718 129 187
5719 129 189
5720 129 190
5721 129 191
5722 129 193
5723 129 195
5724 129 197
5725 129 198
5726 129 201
5727 129 202
5728 129 203
5729 129 204
5730 129 206
5731 129 209
5732 129 211
5733 129 214
5734 129 215
5735 130 133
5736 130 137
5737 130 140
5738 130 141
5739 130 142
5740 130 144
5741 130 150
5742 130 151
5743 130 153
5744 130 156
5745 130 157
5746 130 159
5747 130 160
5748 130 161
5749 130 162
5750 130 163
5751 130 165
5752 130 166
5753 130 168
5754 130 169
5755 130 171
5756 130 177
5757 130 179
5758 130 180
5759 130 182
5760 130 184
5761 130 185
5762 130 186
5763 130 187
5764 130 189
5765 130 193
5766 130 194
5767 130 195
5768 130 196
5769 130 197
5770 130 198
5771 130 201
5772 130 202
5773 130 203
5774 130 204
5775 130 206
5776 130 209
5777 130 214
5778 130 215
5779 131 133
5780 131 134
5781 131 137
5782 131 139
5783 131 140
5784 131 141
5785 131 142
5786 131 143
5787 131 144
5788 131 147
5789 131 149
5790 131 150
5791 131 153
5792 131 154
5793 131 156
5794 131 158
5795 131 159
5796 131 161
5797 131 162
5798 131 163
5799 131 165
5800 131 168
5801 131 171
5802 131 174
5803 131 179
5804 131 180
5805 131 181
5806 131 182
5807 131 183
5808 131 184
5809 131 185
5810 131 186
5811 131 187
5812 131 189
5813 131 190
5814 131 191
5815 131 193
5816 131 195
5817 131 196
5818 131 197
5819 131 198
5820 131 201
5821 131 202
5822 131 203
5823 131 204
5824 131 206
5825 131 209
5826 131 211
5827 131 214
5828 131 215
5829 132 164
5830 133 140
5831 133 141
5832 133 142
5833 133 144
5834 133 151
5835 133 156
5836 133 157
5837 133 160
5838 133 161
5839 133 162
5840 133 168
5841 133 169
5842 133 174
5843 133 177
5844 133 179
5845 133 184
5846 133 185
5847 133 186
5848 133 189
5849 133 193
5850 133 194
5851 133 195
5852 133 196
5853 133 197
5854 133 198
5855 133 201
5856 133 202
5857 133 203
5858 133 209
5859 134 137
5860 134 139
5861 134 149
5862 134 150
5863 134 153
5864 134 154
5865 134 159
5866 134 161
5867 134 162
5868 134 171
5869 134 184
5870 134 189
5871 134 191
5872 134 195
5873 134 201
5874 134 202
5875 134 206
5876 134 209
5877 134 214
5878 135 145
5879 135 146
5880 135 148
5881 135 152
5882 135 155
5883 135 167
5884 135 172
5885 135 178
5886 135 188
5887 135 192
5888 135 212
5889 135 216
5890 136 208
5891 136 212
5892 136 213
5893 137 139
5894 137 143
5895 137 147
5896 137 149
5897 137 150
5898 137 153
5899 137 154
5900 137 158
5901 137 159
5902 137 161
5903 137 162
5904 137 163
5905 137 165
5906 137 171
5907 137 173
5908 137 174
5909 137 180
5910 137 181
5911 137 182
5912 137 183
5913 137 184
5914 137 185
5915 137 187
5916 137 189
5917 137 190
5918 137 191
5919 137 193
5920 137 195
5921 137 201
5922 137 202
5923 137 204
5924 137 206
5925 137 207
5926 137 209
5927 137 211
5928 137 214
5929 137 215
5930 138 158
5931 138 173
5932 138 176
5933 138 200
5934 138 207
5935 139 149
5936 139 150
5937 139 153
5938 139 154
5939 139 159
5940 139 161
5941 139 162
5942 139 165
5943 139 171
5944 139 174
5945 139 181
5946 139 183
5947 139 184
5948 139 187
5949 139 189
5950 139 191
5951 139 195
5952 139 201
5953 139 202
5954 139 204
5955 139 206
5956 139 209
5957 139 214
5958 139 215
5959 140 141
5960 140 142
5961 140 144
5962 140 151
5963 140 156
5964 140 157
5965 140 160
5966 140 161
5967 140 162
5968 140 168
5969 140 169
5970 140 174
5971 140 177
5972 140 179
5973 140 180
5974 140 182
5975 140 184
5976 140 185
5977 140 186
5978 140 187
5979 140 189
5980 140 193
5981 140 194
5982 140 196
5983 140 197
5984 140 198
5985 140 201
5986 140 202
5987 140 203
5988 140 206
5989 140 209
5990 141 142
5991 141 144
5992 141 150
5993 141 151
5994 141 153
5995 141 156
5996 141 157
5997 141 159
5998 141 160
5999 141 161
6000 141 162
6001 141 163
6002 141 165
6003 141 168
6004 141 169
6005 141 171
6006 141 174
6007 141 177
6008 141 179
6009 141 180
6010 141 181
6011 141 182
6012 141 184
6013 141 185
6014 141 186
6015 141 187
6016 141 189
6017 141 190
6018 141 193
6019 141 194
6020 141 195
6021 141 196
6022 141 197
6023 141 198
6024 141 201
6025 141 202
6026 141 203
6027 141 204
6028 141 206
6029 141 209
6030 141 215
6031 142 144
6032 142 151
6033 142 156
6034 142 157
6035 142 160
6036 142 161
6037 142 162
6038 142 165
6039 142 168
6040 142 169
6041 142 177
6042 142 179
6043 142 184
6044 142 185
6045 142 186
6046 142 189
6047 142 193
6048 142 194
6049 142 196
6050 142 197
6051 142 198
6052 142 201
6053 142 202
6054 142 203
6055 143 147
6056 143 150
6057 143 153
6058 143 158
6059 143 159
6060 143 161
6061 143 162
6062 143 163
6063 143 165
6064 143 171
6065 143 174
6066 143 180
6067 143 181
6068 143 182
6069 143 183
6070 143 184
6071 143 185
6072 143 187
6073 143 189
6074 143 190
6075 143 191
6076 143 195
6077 143 201
6078 143 202
6079 143 204
6080 143 206
6081 143 209
6082 143 211
6083 143 214
6084 143 215
6085 144 150
6086 144 151
6087 144 156
6088 144 157
6089 144 160
6090 144 161
6091 144 162
6092 144 165
6093 144 168
6094 144 169
6095 144 177
6096 144 179
6097 144 184
6098 144 185
6099 144 186
6100 144 187
6101 144 189
6102 144 193
6103 144 194
6104 144 196
6105 144 197
6106 144 198
6107 144 201
6108 144 202
6109 144 203
6110 144 209
6111 145 146
6112 145 148
6113 145 152
6114 145 155
6115 145 167
6116 145 172
6117 145 178
6118 145 188
6119 145 192
6120 145 212
6121 145 216
6122 146 148
6123 146 152
6124 146 155
6125 146 167
6126 146 172
6127 146 178
6128 146 188
6129 146 192
6130 146 208
6131 146 212
6132 146 216
6133 147 150
6134 147 153
6135 147 159
6136 147 161
6137 147 162
6138 147 163
6139 147 165
6140 147 171
6141 147 174
6142 147 180
6143 147 181
6144 147 182
6145 147 183
6146 147 184
6147 147 187
6148 147 189
6149 147 191
6150 147 195
6151 147 201
6152 147 202
6153 147 204
6154 147 206
6155 147 209
6156 147 211
6157 147 214
6158 147 215
6159 148 152
6160 148 155
6161 148 167
6162 148 172
6163 148 178
6164 148 188
6165 148 192
6166 148 212
6167 148 216
6168 149 150
6169 149 153
6170 149 154
6171 149 159
6172 149 161
6173 149 162
6174 149 163
6175 149 165
6176 149 171
6177 149 174
6178 149 181
6179 149 183
6180 149 184
6181 149 189
6182 149 191
6183 149 195
6184 149 201
6185 149 202
6186 149 204
6187 149 206
6188 149 209
6189 149 214
6190 149 215
6191 150 153
6192 150 154
6193 150 156
6194 150 157
6195 150 158
6196 150 159
6197 150 161
6198 150 162
6199 150 163
6200 150 165
6201 150 168
6202 150 171
6203 150 174
6204 150 180
6205 150 181
6206 150 182
6207 150 183
6208 150 184
6209 150 185
6210 150 186
6211 150 187
6212 150 189
6213 150 190
6214 150 191
6215 150 193
6216 150 195
6217 150 198
6218 150 201
6219 150 202
6220 150 203
6221 150 204
6222 150 206
6223 150 209
6224 150 211
6225 150 214
6226 150 215
6227 151 156
6228 151 157
6229 151 160
6230 151 168
6231 151 169
6232 151 177
6233 151 179
6234 151 185
6235 151 186
6236 151 193
6237 151 194
6238 151 196
6239 151 197
6240 151 198
6241 151 203
6242 152 155
6243 152 167
6244 152 172
6245 152 178
6246 152 188
6247 152 192
6248 152 212
6249 152 216
6250 153 154
6251 153 158
6252 153 159
6253 153 161
6254 153 162
6255 153 163
6256 153 165
6257 153 169
6258 153 171
6259 153 173
6260 153 174
6261 153 179
6262 153 180
6263 153 181
6264 153 182
6265 153 183
6266 153 184
6267 153 185
6268 153 187
6269 153 189
6270 153 190
6271 153 191
6272 153 193
6273 153 195
6274 153 201
6275 153 202
6276 153 204
6277 153 206
6278 153 207
6279 153 209
6280 153 211
6281 153 214
6282 153 215
6283 154 159
6284 154 161
6285 154 162
6286 154 163
6287 154 165
6288 154 171
6289 154 174
6290 154 180
6291 154 182
6292 154 184
6293 154 187
6294 154 189
6295 154 190
6296 154 191
6297 154 195
6298 154 201
6299 154 202
6300 154 204
6301 154 206
6302 154 209
6303 154 214
6304 154 215
6305 155 167
6306 155 178
6307 155 188
6308 155 192
6309 155 212
6310 155 216
6311 156 157
6312 156 160
6313 156 161
6314 156 162
6315 156 165
6316 156 166
6317 156 168
6318 156 169
6319 156 171
6320 156 177
6321 156 179
6322 156 180
6323 156 182
6324 156 184
6325 156 185
6326 156 186
6327 156 187
6328 156 189
6329 156 193
6330 156 194
6331 156 195
6332 156 196
6333 156 197
6334 156 198
6335 156 201
6336 156 202
6337 156 203
6338 156 204
6339 156 206
6340 156 209
6341 156 214
6342 156 215
6343 157 159
6344 157 160
6345 157 161
6346 157 165
6347 157 168
6348 157 169
6349 157 177
6350 157 179
6351 157 184
6352 157 185
6353 157 186
6354 157 189
6355 157 193
6356 157 194
6357 157 196
6358 157 197
6359 157 198
6360 157 203
6361 157 206
6362 157 209
6363 157 212
6364 158 159
6365 158 161
6366 158 162
6367 158 163
6368 158 165
6369 158 171
6370 158 173
6371 158 174
6372 158 180
6373 158 181
6374 158 182
6375 158 184
6376 158 187
6377 158 189
6378 158 190
6379 158 191
6380 158 195
6381 158 200
6382 158 201
6383 158 202
6384 158 204
6385 158 206
6386 158 207
6387 158 209
6388 158 214
6389 158 215
6390 159 161
6391 159 162
6392 159 163
6393 159 165
6394 159 168
6395 159 171
6396 159 173
6397 159 174
6398 159 180
6399 159 181
6400 159 182
6401 159 183
6402 159 184
6403 159 185
6404 159 186
6405 159 187
6406 159 189
6407 159 190
6408 159 191
6409 159 193
6410 159 195
6411 159 198
6412 159 199
6413 159 201
6414 159 202
6415 159 204
6416 159 206
6417 159 209
6418 159 211
6419 159 214
6420 159 215
6421 160 168
6422 160 169
6423 160 177
6424 160 179
6425 160 180
6426 160 182
6427 160 184
6428 160 185
6429 160 186
6430 160 187
6431 160 193
6432 160 194
6433 160 196
6434 160 197
6435 160 198
6436 160 203
6437 161 162
6438 161 163
6439 161 165
6440 161 168
6441 161 169
6442 161 171
6443 161 174
6444 161 179
6445 161 180
6446 161 181
6447 161 182
6448 161 183
6449 161 184
6450 161 185
6451 161 186
6452 161 187
6453 161 189
6454 161 190
6455 161 191
6456 161 193
6457 161 195
6458 161 197
6459 161 198
6460 161 201
6461 161 202
6462 161 203
6463 161 204
6464 161 206
6465 161 209
6466 161 211
6467 161 214
6468 161 215
6469 162 163
6470 162 165
6471 162 168
6472 162 169
6473 162 171
6474 162 173
6475 162 174
6476 162 179
6477 162 180
6478 162 181
6479 162 182
6480 162 183
6481 162 184
6482 162 185
6483 162 186
6484 162 187
6485 162 189
6486 162 190
6487 162 191
6488 162 193
6489 162 195
6490 162 196
6491 162 197
6492 162 198
6493 162 199
6494 162 201
6495 162 202
6496 162 203
6497 162 204
6498 162 206
6499 162 207
6500 162 209
6501 162 211
6502 162 214
6503 162 215
6504 163 165
6505 163 166
6506 163 168
6507 163 171
6508 163 174
6509 163 179
6510 163 180
6511 163 181
6512 163 182
6513 163 183
6514 163 184
6515 163 185
6516 163 187
6517 163 189
6518 163 190
6519 163 191
6520 163 193
6521 163 195
6522 163 201
6523 163 202
6524 163 204
6525 163 206
6526 163 209
6527 163 211
6528 163 214
6529 163 215
6530 164 166
6531 164 185
6532 165 168
6533 165 169
6534 165 171
6535 165 174
6536 165 179
6537 165 180
6538 165 181
6539 165 182
6540 165 183
6541 165 184
6542 165 185
6543 165 186
6544 165 187
6545 165 189
6546 165 190
6547 165 191
6548 165 193
6549 165 195
6550 165 198
6551 165 201
6552 165 202
6553 165 203
6554 165 204
6555 165 206
6556 165 209
6557 165 211
6558 165 214
6559 165 215
6560 166 169
6561 166 180
6562 166 182
6563 166 185
6564 167 172
6565 167 178
6566 167 188
6567 167 192
6568 167 212
6569 167 216
6570 168 169
6571 168 177
6572 168 179
6573 168 180
6574 168 182
6575 168 184
6576 168 185
6577 168 186
6578 168 189
6579 168 193
6580 168 194
6581 168 195
6582 168 196
6583 168 197
6584 168 198
6585 168 201
6586 168 202
6587 168 203
6588 168 206
6589 168 209
6590 169 177
6591 169 179
6592 169 184
6593 169 185
6594 169 186
6595 169 189
6596 169 190
6597 169 193
6598 169 194
6599 169 195
6600 169 196
6601 169 197
6602 169 198
6603 169 201
6604 169 202
6605 169 203
6606 169 206
6607 169 214
6608 171 173
6609 171 174
6610 171 180
6611 171 181
6612 171 182
6613 171 183
6614 171 184
6615 171 185
6616 171 187
6617 171 189
6618 171 190
6619 171 191
6620 171 193
6621 171 195
6622 171 198
6623 171 199
6624 171 201
6625 171 202
6626 171 204
6627 171 206
6628 171 207
6629 171 209
6630 171 211
6631 171 214
6632 171 215
6633 172 178
6634 172 188
6635 172 192
6636 172 212
6637 172 216
6638 173 176
6639 173 181
6640 173 195
6641 173 200
6642 173 207
6643 173 209
6644 174 179
6645 174 180
6646 174 181
6647 174 182
6648 174 183
6649 174 184
6650 174 185
6651 174 186
6652 174 187
6653 174 189
6654 174 190
6655 174 191
6656 174 193
6657 174 195
6658 174 201
6659 174 202
6660 174 204
6661 174 206
6662 174 209
6663 174 211
6664 174 214
6665 174 215
6666 175 199
6667 175 206
6668 176 200
6669 176 207
6670 177 179
6671 177 185
6672 177 186
6673 177 193
6674 177 194
6675 177 196
6676 177 197
6677 177 198
6678 177 203
6679 178 188
6680 178 192
6681 178 208
6682 178 212
6683 178 216
6684 179 180
6685 179 182
6686 179 184
6687 179 185
6688 179 186
6689 179 187
6690 179 189
6691 179 193
6692 179 194
6693 179 195
6694 179 196
6695 179 197
6696 179 198
6697 179 201
6698 179 202
6699 179 203
6700 179 206
6701 179 209
6702 180 181
6703 180 182
6704 180 183
6705 180 184
6706 180 185
6707 180 186
6708 180 187
6709 180 189
6710 180 190
6711 180 191
6712 180 193
6713 180 195
6714 180 198
6715 180 201
6716 180 202
6717 180 204
6718 180 206
6719 180 209
6720 180 211
6721 180 214
6722 180 215
6723 181 182
6724 181 183
6725 181 184
6726 181 185
6727 181 187
6728 181 189
6729 181 190
6730 181 191
6731 181 195
6732 181 201
6733 181 202
6734 181 204
6735 181 206
6736 181 209
6737 181 211
6738 181 214
6739 181 215
6740 182 183
6741 182 184
6742 182 185
6743 182 186
6744 182 187
6745 182 189
6746 182 190
6747 182 191
6748 182 193
6749 182 195
6750 182 198
6751 182 201
6752 182 202
6753 182 204
6754 182 206
6755 182 209
6756 182 211
6757 182 214
6758 182 215
6759 183 184
6760 183 187
6761 183 189
6762 183 190
6763 183 191
6764 183 195
6765 183 201
6766 183 202
6767 183 204
6768 183 206
6769 183 209
6770 183 211
6771 183 214
6772 183 215
6773 184 185
6774 184 186
6775 184 187
6776 184 189
6777 184 190
6778 184 191
6779 184 193
6780 184 195
6781 184 198
6782 184 201
6783 184 202
6784 184 203
6785 184 204
6786 184 206
6787 184 209
6788 184 211
6789 184 214
6790 184 215
6791 185 186
6792 185 187
6793 185 189
6794 185 190
6795 185 191
6796 185 193
6797 185 194
6798 185 195
6799 185 196
6800 185 197
6801 185 198
6802 185 201
6803 185 202
6804 185 203
6805 185 204
6806 185 206
6807 185 209
6808 185 214
6809 185 215
6810 186 189
6811 186 193
6812 186 194
6813 186 195
6814 186 196
6815 186 197
6816 186 198
6817 186 201
6818 186 202
6819 186 203
6820 186 206
6821 186 209
6822 186 215
6823 187 189
6824 187 190
6825 187 191
6826 187 193
6827 187 195
6828 187 198
6829 187 201
6830 187 202
6831 187 203
6832 187 204
6833 187 206
6834 187 209
6835 187 211
6836 187 214
6837 187 215
6838 188 192
6839 188 212
6840 188 216
6841 189 190
6842 189 191
6843 189 193
6844 189 195
6845 189 197
6846 189 198
6847 189 201
6848 189 202
6849 189 203
6850 189 204
6851 189 206
6852 189 209
6853 189 211
6854 189 214
6855 189 215
6856 190 191
6857 190 195
6858 190 198
6859 190 201
6860 190 202
6861 190 204
6862 190 206
6863 190 209
6864 190 214
6865 190 215
6866 191 193
6867 191 195
6868 191 201
6869 191 202
6870 191 204
6871 191 206
6872 191 209
6873 191 211
6874 191 214
6875 191 215
6876 192 208
6877 192 212
6878 192 216
6879 193 194
6880 193 195
6881 193 196
6882 193 197
6883 193 198
6884 193 201
6885 193 202
6886 193 203
6887 193 204
6888 193 206
6889 193 209
6890 193 212
6891 193 214
6892 193 215
6893 194 196
6894 194 197
6895 194 198
6896 194 203
6897 195 198
6898 195 199
6899 195 201
6900 195 202
6901 195 204
6902 195 206
6903 195 207
6904 195 209
6905 195 211
6906 195 214
6907 195 215
6908 196 197
6909 196 198
6910 196 203
6911 197 198
6912 197 201
6913 197 202
6914 197 203
6915 197 209
6916 198 201
6917 198 202
6918 198 203
6919 198 206
6920 198 209
6921 198 212
6922 198 214
6923 198 215
6924 199 201
6925 199 202
6926 199 209
6927 200 207
6928 201 202
6929 201 203
6930 201 204
6931 201 206
6932 201 209
6933 201 211
6934 201 214
6935 201 215
6936 202 203
6937 202 204
6938 202 206
6939 202 209
6940 202 211
6941 202 214
6942 202 215
6943 203 209
6944 204 206
6945 204 209
6946 204 211
6947 204 214
6948 204 215
6949 206 209
6950 206 211
6951 206 214
6952 206 215
6953 207 209
6954 208 210
6955 208 212
6956 208 213
6957 209 211
6958 209 214
6959 209 215
6960 210 212
6961 211 214
6962 211 215
6963 212 213
6964 214 215
