1 1 13
2 1 92
3 1 123
4 1 177
5 2 20
6 2 66
7 2 191
8 2 197
9 3 13
10 3 75
11 3 83
12 3 118
13 3 158
14 3 178
15 4 5
16 4 55
17 4 137
18 4 167
19 4 175
20 5 55
21 5 108
22 5 137
23 5 167
24 5 175
25 6 24
26 6 87
27 6 119
28 6 144
29 6 145
30 6 165
31 6 166
32 6 194
33 6 199
34 6 201
35 6 218
36 7 56
37 7 59
38 7 69
39 7 76
40 7 92
41 7 106
42 7 109
43 7 133
44 7 156
45 7 180
46 8 51
47 8 116
48 8 188
49 9 23
50 9 28
51 9 49
52 9 129
53 9 183
54 9 195
55 9 205
56 10 22
57 10 47
58 10 54
59 10 96
60 10 119
61 10 142
62 10 148
63 10 219
64 11 14
65 11 22
66 11 30
67 11 31
68 11 45
69 11 101
70 11 103
71 11 142
72 11 207
73 12 17
74 12 19
75 12 21
76 12 39
77 12 53
78 12 63
79 12 71
80 12 77
81 12 98
82 12 102
83 12 111
84 12 132
85 12 135
86 12 139
87 12 153
88 12 176
89 12 190
90 12 192
91 12 196
92 12 200
93 12 209
94 12 211
95 12 216
96 12 217
97 13 75
98 13 83
99 13 92
100 13 118
101 13 123
102 13 158
103 13 177
104 13 178
105 13 212
106 14 31
107 14 45
108 14 101
109 14 103
110 14 142
111 14 207
112 15 37
113 15 94
114 15 99
115 15 125
116 15 140
117 15 189
118 16 25
119 16 26
120 16 29
121 16 30
122 16 67
123 16 79
124 16 85
125 16 86
126 16 107
127 16 110
128 16 112
129 16 113
130 16 128
131 16 152
132 16 164
133 16 186
134 16 198
135 16 213
136 16 215
137 17 19
138 17 24
139 17 39
140 17 63
141 17 71
142 17 77
143 17 102
144 17 111
145 17 119
146 17 135
147 17 139
148 17 153
149 17 162
150 17 172
151 17 192
152 17 211
153 17 221
154 19 24
155 19 30
156 19 39
157 19 71
158 19 77
159 19 102
160 19 119
161 19 139
162 19 162
163 19 164
164 19 171
165 19 172
166 19 196
167 19 198
168 19 211
169 19 221
170 20 154
171 20 197
172 21 36
173 21 53
174 21 57
175 21 78
176 21 98
177 21 117
178 21 122
179 21 132
180 21 176
181 21 190
182 21 209
183 21 216
184 22 30
185 22 31
186 22 45
187 22 54
188 22 67
189 22 86
190 22 87
191 22 97
192 22 119
193 22 128
194 22 142
195 22 149
196 22 162
197 22 164
198 22 165
199 22 172
200 22 201
201 22 207
202 23 28
203 23 49
204 23 129
205 23 195
206 23 205
207 24 30
208 24 45
209 24 77
210 24 87
211 24 90
212 24 119
213 24 136
214 24 144
215 24 145
216 24 149
217 24 158
218 24 166
219 24 168
220 24 194
221 24 199
222 24 201
223 24 218
224 25 26
225 25 29
226 25 30
227 25 67
228 25 85
229 25 113
230 25 128
231 25 164
232 25 186
233 25 198
234 25 213
235 25 215
236 26 29
237 26 30
238 26 67
239 26 85
240 26 86
241 26 107
242 26 110
243 26 113
244 26 128
245 26 164
246 26 186
247 26 198
248 26 213
249 26 215
250 28 49
251 28 129
252 28 183
253 28 195
254 28 205
255 29 30
256 29 67
257 29 77
258 29 79
259 29 85
260 29 110
261 29 113
262 29 128
263 29 164
264 29 186
265 29 198
266 29 213
267 29 215
268 30 31
269 30 45
270 30 67
271 30 77
272 30 79
273 30 85
274 30 107
275 30 110
276 30 113
277 30 119
278 30 128
279 30 142
280 30 149
281 30 152
282 30 162
283 30 163
284 30 164
285 30 172
286 30 174
287 30 186
288 30 198
289 30 211
290 30 212
291 30 213
292 30 215
293 31 34
294 31 45
295 31 67
296 31 103
297 31 119
298 31 142
299 31 149
300 31 163
301 31 164
302 31 166
303 31 174
304 31 193
305 31 207
306 32 58
307 32 68
308 32 206
309 32 210
310 33 39
311 33 71
312 33 196
313 33 211
314 34 45
315 34 103
316 34 142
317 34 207
318 35 38
319 35 40
320 35 41
321 35 42
322 35 61
323 35 70
324 35 82
325 35 84
326 35 89
327 35 100
328 35 114
329 35 131
330 35 138
331 35 155
332 35 169
333 35 170
334 35 173
335 35 203
336 36 53
337 36 57
338 36 78
339 36 98
340 36 117
341 36 122
342 36 132
343 36 176
344 36 190
345 36 192
346 36 211
347 36 216
348 37 94
349 37 99
350 37 125
351 37 140
352 37 187
353 37 189
354 38 40
355 38 41
356 38 61
357 38 70
358 38 82
359 38 84
360 38 89
361 38 90
362 38 114
363 38 121
364 38 131
365 38 138
366 38 155
367 38 169
368 38 170
369 38 173
370 38 203
371 39 63
372 39 71
373 39 77
374 39 102
375 39 111
376 39 135
377 39 139
378 39 153
379 39 192
380 39 196
381 39 209
382 39 211
383 39 217
384 40 41
385 40 61
386 40 70
387 40 82
388 40 84
389 40 89
390 40 90
391 40 100
392 40 114
393 40 121
394 40 131
395 40 138
396 40 155
397 40 169
398 40 170
399 40 173
400 40 203
401 41 61
402 41 70
403 41 82
404 41 84
405 41 89
406 41 100
407 41 114
408 41 131
409 41 138
410 41 155
411 41 169
412 41 170
413 41 173
414 41 203
415 42 44
416 42 139
417 42 212
418 43 182
419 45 54
420 45 67
421 45 87
422 45 97
423 45 103
424 45 108
425 45 110
426 45 119
427 45 128
428 45 142
429 45 149
430 45 162
431 45 163
432 45 164
433 45 165
434 45 166
435 45 172
436 45 174
437 45 193
438 45 201
439 45 207
440 45 208
441 45 213
442 45 215
443 46 72
444 46 88
445 46 108
446 46 149
447 47 54
448 47 96
449 47 148
450 47 219
451 48 73
452 49 129
453 49 195
454 49 205
455 50 93
456 50 124
457 50 143
458 51 80
459 51 116
460 51 181
461 51 188
462 52 185
463 53 57
464 53 63
465 53 78
466 53 98
467 53 117
468 53 122
469 53 132
470 53 176
471 53 190
472 53 192
473 53 209
474 53 216
475 53 217
476 54 96
477 54 148
478 54 219
479 55 108
480 55 137
481 55 167
482 55 175
483 56 59
484 56 69
485 56 76
486 56 106
487 56 109
488 56 133
489 56 156
490 56 158
491 56 180
492 57 78
493 57 98
494 57 117
495 57 122
496 57 132
497 57 176
498 57 190
499 57 216
500 58 68
501 58 206
502 58 210
503 59 69
504 59 76
505 59 106
506 59 109
507 59 118
508 59 133
509 59 156
510 59 158
511 59 180
512 60 80
513 60 119
514 61 70
515 61 82
516 61 84
517 61 89
518 61 90
519 61 100
520 61 114
521 61 131
522 61 138
523 61 155
524 61 169
525 61 170
526 61 173
527 61 203
528 63 71
529 63 98
530 63 111
531 63 132
532 63 135
533 63 139
534 63 153
535 63 176
536 63 184
537 63 190
538 63 192
539 63 196
540 63 200
541 63 209
542 63 211
543 63 217
544 64 202
545 64 214
546 65 81
547 65 127
548 66 191
549 66 197
550 67 79
551 67 85
552 67 107
553 67 110
554 67 112
555 67 113
556 67 128
557 67 142
558 67 149
559 67 152
560 67 163
561 67 164
562 67 174
563 67 186
564 67 198
565 67 213
566 67 215
567 68 206
568 68 210
569 69 76
570 69 92
571 69 106
572 69 109
573 69 123
574 69 133
575 69 156
576 69 177
577 69 180
578 70 82
579 70 84
580 70 89
581 70 90
582 70 100
583 70 114
584 70 131
585 70 138
586 70 155
587 70 169
588 70 170
589 70 173
590 70 203
591 71 77
592 71 102
593 71 111
594 71 135
595 71 139
596 71 153
597 71 192
598 71 196
599 71 209
600 71 211
601 71 217
602 71 221
603 72 88
604 72 108
605 72 136
606 72 149
607 74 108
608 74 136
609 74 149
610 75 83
611 75 118
612 75 158
613 75 178
614 76 106
615 76 109
616 76 133
617 76 156
618 76 180
619 77 80
620 77 85
621 77 87
622 77 96
623 77 102
624 77 108
625 77 111
626 77 119
627 77 135
628 77 139
629 77 148
630 77 160
631 77 192
632 77 201
633 77 211
634 78 98
635 78 117
636 78 122
637 78 132
638 78 176
639 78 190
640 78 192
641 78 209
642 78 216
643 78 217
644 79 85
645 79 86
646 79 104
647 79 107
648 79 110
649 79 112
650 79 113
651 79 152
652 79 164
653 80 181
654 82 84
655 82 89
656 82 114
657 82 131
658 82 138
659 82 155
660 82 169
661 82 170
662 82 173
663 82 203
664 83 118
665 83 158
666 83 178
667 84 89
668 84 100
669 84 114
670 84 131
671 84 138
672 84 155
673 84 169
674 84 170
675 84 173
676 84 203
677 85 86
678 85 107
679 85 110
680 85 112
681 85 113
682 85 119
683 85 128
684 85 152
685 85 164
686 85 186
687 85 198
688 85 213
689 85 215
690 86 104
691 86 107
692 86 110
693 86 112
694 86 152
695 86 164
696 87 90
697 87 108
698 87 119
699 87 144
700 87 145
701 87 149
702 87 162
703 87 163
704 87 166
705 87 168
706 87 172
707 87 174
708 87 194
709 87 199
710 87 201
711 87 211
712 87 218
713 88 108
714 88 136
715 88 149
716 89 100
717 89 114
718 89 131
719 89 138
720 89 155
721 89 169
722 89 170
723 89 173
724 89 203
725 90 114
726 90 131
727 90 155
728 90 162
729 90 169
730 90 170
731 90 172
732 90 201
733 90 203
734 90 218
735 91 190
736 91 192
737 91 200
738 91 209
739 91 211
740 91 217
741 92 106
742 92 123
743 92 177
744 93 124
745 94 99
746 94 125
747 94 140
748 94 189
749 95 220
750 96 148
751 96 219
752 97 119
753 97 165
754 98 117
755 98 122
756 98 132
757 98 176
758 98 190
759 98 192
760 98 209
761 98 216
762 99 120
763 99 125
764 99 140
765 99 187
766 99 189
767 100 114
768 100 131
769 100 138
770 100 155
771 100 169
772 100 170
773 100 203
774 101 142
775 102 119
776 102 139
777 102 162
778 102 164
779 102 171
780 102 196
781 102 211
782 102 221
783 103 142
784 103 207
785 104 107
786 104 112
787 104 152
788 105 119
789 105 150
790 106 109
791 106 123
792 106 133
793 106 156
794 106 177
795 106 180
796 107 112
797 107 113
798 107 152
799 107 164
800 108 119
801 108 136
802 108 142
803 108 149
804 108 161
805 108 162
806 108 167
807 108 172
808 108 174
809 108 201
810 109 133
811 109 156
812 109 180
813 110 112
814 110 113
815 110 128
816 110 152
817 110 164
818 110 186
819 110 198
820 110 213
821 110 215
822 111 135
823 111 139
824 111 153
825 111 196
826 111 211
827 112 152
828 112 164
829 113 128
830 113 164
831 113 186
832 113 198
833 113 213
834 113 215
835 114 121
836 114 131
837 114 138
838 114 155
839 114 169
840 114 170
841 114 173
842 114 203
843 115 126
844 115 158
845 116 181
846 116 188
847 117 122
848 117 132
849 117 176
850 117 190
851 117 216
852 118 158
853 118 178
854 118 212
855 119 142
856 119 144
857 119 145
858 119 149
859 119 158
860 119 160
861 119 162
862 119 163
863 119 164
864 119 165
865 119 166
866 119 168
867 119 172
868 119 174
869 119 194
870 119 201
871 119 207
872 119 208
873 119 218
874 120 125
875 120 140
876 121 155
877 122 132
878 122 176
879 122 190
880 122 192
881 122 209
882 122 216
883 122 217
884 123 177
885 124 143
886 125 140
887 125 187
888 125 189
889 126 212
890 128 142
891 128 149
892 128 164
893 128 186
894 128 198
895 128 213
896 128 215
897 129 195
898 129 205
899 131 138
900 131 155
901 131 169
902 131 170
903 131 173
904 131 203
905 132 176
906 132 190
907 132 192
908 132 209
909 132 216
910 133 156
911 133 158
912 133 180
913 135 139
914 135 153
915 135 192
916 135 196
917 135 200
918 135 209
919 135 211
920 135 217
921 136 149
922 136 160
923 136 161
924 136 162
925 136 172
926 137 167
927 137 175
928 138 155
929 138 169
930 138 170
931 138 173
932 138 203
933 139 153
934 139 184
935 139 192
936 139 196
937 139 200
938 139 209
939 139 211
940 139 217
941 140 187
942 140 189
943 142 148
944 142 149
945 142 162
946 142 163
947 142 164
948 142 165
949 142 166
950 142 172
951 142 174
952 142 193
953 142 201
954 142 207
955 142 213
956 144 145
957 144 165
958 144 166
959 144 194
960 144 199
961 144 201
962 144 218
963 145 165
964 145 166
965 145 194
966 145 199
967 145 201
968 145 218
969 148 219
970 149 162
971 149 163
972 149 164
973 149 166
974 149 172
975 149 174
976 149 201
977 151 192
978 151 209
979 152 164
980 153 192
981 153 196
982 153 200
983 153 209
984 153 211
985 155 169
986 155 170
987 155 173
988 155 203
989 156 180
990 158 178
991 158 212
992 160 162
993 160 172
994 162 163
995 162 164
996 162 165
997 162 166
998 162 172
999 162 174
1000 162 201
1001 162 211
1002 163 164
1003 163 172
1004 163 174
1005 163 201
1006 164 165
1007 164 172
1008 164 174
1009 164 186
1010 164 198
1011 164 207
1012 164 212
1013 164 213
1014 164 215
1015 164 221
1016 165 172
1017 165 201
1018 165 207
1019 166 168
1020 166 172
1021 166 174
1022 166 194
1023 166 199
1024 166 201
1025 166 207
1026 167 174
1027 167 175
1028 168 194
1029 168 199
1030 168 201
1031 169 170
1032 169 173
1033 169 203
1034 170 173
1035 170 203
1036 171 221
1037 172 174
1038 172 201
1039 172 211
1040 173 203
1041 174 201
1042 176 190
1043 176 192
1044 176 209
1045 176 216
1046 183 195
1047 184 190
1048 184 192
1049 184 196
1050 184 209
1051 184 211
1052 184 217
1053 186 198
1054 186 213
1055 186 215
1056 187 189
1057 190 192
1058 190 209
1059 190 211
1060 190 216
1061 190 217
1062 191 197
1063 192 196
1064 192 200
1065 192 209
1066 192 211
1067 192 216
1068 192 217
1069 193 207
1070 194 199
1071 194 201
1072 194 218
1073 195 205
1074 196 209
1075 196 211
1076 196 217
1077 198 213
1078 198 215
1079 199 201
1080 200 209
1081 200 211
1082 201 211
1083 202 214
1084 206 210
1085 207 212
1086 209 211
1087 209 216
1088 209 217
1089 211 217
1090 211 221
1091 213 215
