1 1 3
2 1 7
3 1 13
4 1 17
5 1 19
6 1 25
7 1 29
8 1 30
9 1 56
10 1 59
11 1 60
12 1 67
13 1 69
14 1 75
15 1 77
16 1 80
17 1 83
18 1 85
19 1 92
20 1 96
21 1 102
22 1 106
23 1 109
24 1 110
25 1 113
26 1 118
27 1 119
28 1 123
29 1 126
30 1 134
31 1 148
32 1 158
33 1 177
34 1 178
35 1 180
36 1 183
37 1 186
38 1 190
39 1 198
40 1 212
41 1 218
42 1 221
43 2 19
44 2 20
45 2 22
46 2 24
47 2 35
48 2 46
49 2 64
50 2 66
51 2 74
52 2 77
53 2 85
54 2 87
55 2 108
56 2 113
57 2 119
58 2 130
59 2 136
60 2 139
61 2 147
62 2 149
63 2 154
64 2 162
65 2 164
66 2 165
67 2 172
68 2 174
69 2 191
70 2 197
71 2 199
72 2 201
73 2 209
74 2 211
75 2 213
76 2 215
77 3 4
78 3 5
79 3 7
80 3 9
81 3 10
82 3 11
83 3 12
84 3 13
85 3 16
86 3 17
87 3 19
88 3 22
89 3 23
90 3 24
91 3 28
92 3 29
93 3 30
94 3 35
95 3 39
96 3 45
97 3 46
98 3 47
99 3 49
100 3 52
101 3 54
102 3 55
103 3 56
104 3 59
105 3 60
106 3 61
107 3 63
108 3 65
109 3 69
110 3 71
111 3 75
112 3 76
113 3 77
114 3 80
115 3 83
116 3 85
117 3 87
118 3 88
119 3 90
120 3 92
121 3 96
122 3 102
123 3 103
124 3 105
125 3 106
126 3 108
127 3 109
128 3 113
129 3 114
130 3 115
131 3 118
132 3 119
133 3 123
134 3 126
135 3 133
136 3 134
137 3 135
138 3 136
139 3 139
140 3 142
141 3 148
142 3 149
143 3 150
144 3 153
145 3 155
146 3 156
147 3 158
148 3 160
149 3 163
150 3 164
151 3 165
152 3 168
153 3 169
154 3 170
155 3 174
156 3 177
157 3 178
158 3 180
159 3 184
160 3 185
161 3 195
162 3 196
163 3 198
164 3 199
165 3 201
166 3 203
167 3 205
168 3 207
169 3 208
170 3 209
171 3 211
172 3 212
173 3 213
174 3 215
175 3 217
176 3 218
177 3 219
178 3 220
179 3 221
180 4 5
181 4 6
182 4 7
183 4 11
184 4 13
185 4 14
186 4 17
187 4 24
188 4 30
189 4 31
190 4 35
191 4 38
192 4 39
193 4 40
194 4 41
195 4 42
196 4 44
197 4 45
198 4 46
199 4 52
200 4 55
201 4 56
202 4 70
203 4 71
204 4 72
205 4 74
206 4 75
207 4 77
208 4 82
209 4 84
210 4 87
211 4 88
212 4 90
213 4 92
214 4 102
215 4 108
216 4 111
217 4 114
218 4 115
219 4 119
220 4 123
221 4 126
222 4 128
223 4 136
224 4 137
225 4 138
226 4 139
227 4 142
228 4 143
229 4 144
230 4 145
231 4 147
232 4 149
233 4 158
234 4 160
235 4 162
236 4 163
237 4 166
238 4 167
239 4 168
240 4 172
241 4 173
242 4 174
243 4 175
244 4 185
245 4 190
246 4 192
247 4 196
248 4 199
249 4 200
250 4 201
251 4 207
252 4 209
253 4 211
254 4 212
255 4 217
256 5 6
257 5 11
258 5 13
259 5 17
260 5 22
261 5 24
262 5 42
263 5 44
264 5 45
265 5 55
266 5 70
267 5 74
268 5 75
269 5 77
270 5 87
271 5 88
272 5 90
273 5 97
274 5 108
275 5 111
276 5 118
277 5 122
278 5 137
279 5 142
280 5 143
281 5 144
282 5 145
283 5 149
284 5 158
285 5 159
286 5 163
287 5 166
288 5 167
289 5 168
290 5 172
291 5 174
292 5 175
293 5 178
294 5 190
295 5 192
296 5 194
297 5 199
298 5 200
299 5 201
300 5 202
301 5 207
302 5 212
303 5 214
304 6 12
305 6 13
306 6 16
307 6 17
308 6 19
309 6 20
310 6 21
311 6 22
312 6 24
313 6 26
314 6 30
315 6 35
316 6 38
317 6 39
318 6 40
319 6 41
320 6 45
321 6 46
322 6 47
323 6 51
324 6 53
325 6 55
326 6 57
327 6 58
328 6 61
329 6 66
330 6 68
331 6 70
332 6 71
333 6 72
334 6 77
335 6 80
336 6 84
337 6 85
338 6 86
339 6 87
340 6 88
341 6 90
342 6 92
343 6 97
344 6 102
345 6 105
346 6 106
347 6 108
348 6 109
349 6 114
350 6 115
351 6 119
352 6 122
353 6 123
354 6 124
355 6 126
356 6 131
357 6 133
358 6 134
359 6 136
360 6 138
361 6 139
362 6 140
363 6 142
364 6 143
365 6 144
366 6 145
367 6 148
368 6 149
369 6 150
370 6 153
371 6 155
372 6 156
373 6 158
374 6 159
375 6 160
376 6 162
377 6 164
378 6 165
379 6 166
380 6 167
381 6 168
382 6 169
383 6 170
384 6 172
385 6 173
386 6 177
387 6 184
388 6 190
389 6 191
390 6 192
391 6 194
392 6 195
393 6 196
394 6 199
395 6 201
396 6 203
397 6 205
398 6 206
399 6 207
400 6 208
401 6 209
402 6 210
403 6 211
404 6 212
405 6 215
406 6 217
407 6 218
408 6 219
409 6 221
410 7 13
411 7 17
412 7 35
413 7 42
414 7 56
415 7 59
416 7 69
417 7 75
418 7 76
419 7 77
420 7 92
421 7 106
422 7 109
423 7 118
424 7 119
425 7 123
426 7 126
427 7 133
428 7 134
429 7 156
430 7 158
431 7 160
432 7 177
433 7 178
434 7 180
435 7 192
436 7 209
437 7 211
438 7 212
439 7 217
440 8 51
441 8 80
442 8 97
443 8 116
444 8 119
445 8 181
446 8 188
447 8 212
448 9 16
449 9 19
450 9 23
451 9 28
452 9 30
453 9 35
454 9 39
455 9 46
456 9 49
457 9 50
458 9 52
459 9 55
460 9 65
461 9 71
462 9 72
463 9 77
464 9 87
465 9 88
466 9 95
467 9 102
468 9 105
469 9 108
470 9 110
471 9 114
472 9 118
473 9 119
474 9 124
475 9 126
476 9 129
477 9 136
478 9 139
479 9 149
480 9 158
481 9 160
482 9 183
483 9 195
484 9 204
485 9 205
486 9 211
487 9 217
488 9 220
489 9 221
490 10 11
491 10 12
492 10 13
493 10 14
494 10 17
495 10 19
496 10 22
497 10 24
498 10 30
499 10 31
500 10 35
501 10 36
502 10 39
503 10 40
504 10 44
505 10 45
506 10 47
507 10 53
508 10 54
509 10 63
510 10 67
511 10 70
512 10 71
513 10 72
514 10 75
515 10 77
516 10 79
517 10 80
518 10 85
519 10 86
520 10 90
521 10 92
522 10 96
523 10 97
524 10 101
525 10 102
526 10 105
527 10 108
528 10 110
529 10 111
530 10 113
531 10 118
532 10 119
533 10 126
534 10 128
535 10 132
536 10 133
537 10 134
538 10 136
539 10 142
540 10 144
541 10 145
542 10 146
543 10 148
544 10 149
545 10 150
546 10 152
547 10 153
548 10 158
549 10 159
550 10 160
551 10 162
552 10 163
553 10 164
554 10 165
555 10 166
556 10 168
557 10 172
558 10 174
559 10 176
560 10 178
561 10 190
562 10 192
563 10 198
564 10 199
565 10 207
566 10 208
567 10 209
568 10 211
569 10 212
570 10 213
571 10 215
572 10 216
573 10 217
574 10 218
575 10 219
576 10 220
577 10 221
578 11 12
579 11 14
580 11 16
581 11 17
582 11 19
583 11 22
584 11 23
585 11 24
586 11 26
587 11 27
588 11 29
589 11 30
590 11 31
591 11 33
592 11 34
593 11 35
594 11 38
595 11 39
596 11 40
597 11 41
598 11 45
599 11 47
600 11 48
601 11 49
602 11 51
603 11 54
604 11 55
605 11 61
606 11 63
607 11 64
608 11 66
609 11 67
610 11 69
611 11 71
612 11 73
613 11 77
614 11 79
615 11 80
616 11 84
617 11 85
618 11 86
619 11 87
620 11 88
621 11 90
622 11 96
623 11 97
624 11 100
625 11 101
626 11 102
627 11 103
628 11 105
629 11 107
630 11 108
631 11 110
632 11 111
633 11 113
634 11 114
635 11 119
636 11 126
637 11 128
638 11 131
639 11 133
640 11 135
641 11 136
642 11 138
643 11 139
644 11 141
645 11 142
646 11 148
647 11 149
648 11 150
649 11 152
650 11 153
651 11 155
652 11 158
653 11 160
654 11 162
655 11 163
656 11 164
657 11 165
658 11 166
659 11 167
660 11 168
661 11 169
662 11 170
663 11 172
664 11 173
665 11 174
666 11 178
667 11 183
668 11 190
669 11 191
670 11 192
671 11 193
672 11 196
673 11 198
674 11 199
675 11 200
676 11 201
677 11 202
678 11 203
679 11 207
680 11 208
681 11 209
682 11 211
683 11 212
684 11 213
685 11 214
686 11 215
687 11 219
688 12 14
689 12 17
690 12 19
691 12 21
692 12 22
693 12 24
694 12 26
695 12 29
696 12 30
697 12 33
698 12 36
699 12 39
700 12 42
701 12 45
702 12 46
703 12 47
704 12 53
705 12 54
706 12 57
707 12 61
708 12 63
709 12 70
710 12 71
711 12 77
712 12 78
713 12 80
714 12 85
715 12 87
716 12 88
717 12 90
718 12 91
719 12 96
720 12 98
721 12 102
722 12 105
723 12 106
724 12 108
725 12 109
726 12 110
727 12 111
728 12 113
729 12 115
730 12 117
731 12 119
732 12 122
733 12 126
734 12 128
735 12 132
736 12 135
737 12 136
738 12 139
739 12 141
740 12 144
741 12 145
742 12 146
743 12 147
744 12 148
745 12 149
746 12 150
747 12 151
748 12 153
749 12 158
750 12 159
751 12 160
752 12 162
753 12 164
754 12 166
755 12 171
756 12 172
757 12 174
758 12 176
759 12 178
760 12 184
761 12 190
762 12 192
763 12 196
764 12 198
765 12 199
766 12 200
767 12 201
768 12 207
769 12 208
770 12 209
771 12 211
772 12 212
773 12 215
774 12 216
775 12 217
776 12 218
777 12 221
778 13 16
779 13 17
780 13 19
781 13 22
782 13 24
783 13 26
784 13 29
785 13 30
786 13 31
787 13 35
788 13 39
789 13 40
790 13 45
791 13 46
792 13 47
793 13 49
794 13 54
795 13 55
796 13 56
797 13 59
798 13 60
799 13 61
800 13 65
801 13 66
802 13 67
803 13 69
804 13 70
805 13 71
806 13 75
807 13 76
808 13 77
809 13 80
810 13 83
811 13 85
812 13 87
813 13 88
814 13 90
815 13 92
816 13 96
817 13 97
818 13 102
819 13 105
820 13 106
821 13 108
822 13 109
823 13 110
824 13 111
825 13 113
826 13 114
827 13 115
828 13 118
829 13 119
830 13 123
831 13 126
832 13 128
833 13 131
834 13 133
835 13 134
836 13 136
837 13 139
838 13 142
839 13 144
840 13 145
841 13 146
842 13 148
843 13 149
844 13 150
845 13 153
846 13 155
847 13 156
848 13 158
849 13 159
850 13 160
851 13 162
852 13 164
853 13 165
854 13 167
855 13 168
856 13 169
857 13 170
858 13 172
859 13 177
860 13 178
861 13 185
862 13 198
863 13 199
864 13 201
865 13 203
866 13 205
867 13 207
868 13 208
869 13 211
870 13 212
871 13 213
872 13 214
873 13 215
874 13 218
875 13 221
876 14 17
877 14 19
878 14 22
879 14 24
880 14 26
881 14 29
882 14 30
883 14 31
884 14 33
885 14 34
886 14 35
887 14 39
888 14 42
889 14 45
890 14 47
891 14 51
892 14 54
893 14 55
894 14 61
895 14 63
896 14 64
897 14 66
898 14 67
899 14 71
900 14 77
901 14 79
902 14 82
903 14 85
904 14 87
905 14 90
906 14 96
907 14 101
908 14 102
909 14 103
910 14 105
911 14 108
912 14 110
913 14 111
914 14 119
915 14 126
916 14 128
917 14 130
918 14 131
919 14 135
920 14 136
921 14 137
922 14 139
923 14 142
924 14 146
925 14 148
926 14 149
927 14 153
928 14 155
929 14 158
930 14 159
931 14 160
932 14 162
933 14 163
934 14 164
935 14 165
936 14 166
937 14 167
938 14 168
939 14 169
940 14 170
941 14 172
942 14 174
943 14 175
944 14 178
945 14 183
946 14 192
947 14 193
948 14 196
949 14 198
950 14 200
951 14 201
952 14 203
953 14 207
954 14 208
955 14 211
956 14 212
957 14 213
958 14 214
959 14 218
960 14 219
961 14 221
962 15 34
963 15 37
964 15 94
965 15 99
966 15 103
967 15 119
968 15 120
969 15 125
970 15 136
971 15 140
972 15 149
973 15 187
974 15 189
975 15 212
976 16 19
977 16 22
978 16 23
979 16 24
980 16 25
981 16 26
982 16 29
983 16 30
984 16 31
985 16 34
986 16 39
987 16 40
988 16 45
989 16 47
990 16 54
991 16 60
992 16 62
993 16 63
994 16 66
995 16 67
996 16 75
997 16 79
998 16 80
999 16 85
1000 16 86
1001 16 87
1002 16 90
1003 16 96
1004 16 101
1005 16 102
1006 16 103
1007 16 104
1008 16 105
1009 16 107
1010 16 108
1011 16 110
1012 16 112
1013 16 113
1014 16 118
1015 16 119
1016 16 123
1017 16 126
1018 16 128
1019 16 136
1020 16 139
1021 16 142
1022 16 144
1023 16 145
1024 16 146
1025 16 150
1026 16 152
1027 16 154
1028 16 155
1029 16 158
1030 16 159
1031 16 160
1032 16 162
1033 16 163
1034 16 164
1035 16 165
1036 16 172
1037 16 174
1038 16 178
1039 16 181
1040 16 186
1041 16 191
1042 16 198
1043 16 199
1044 16 201
1045 16 207
1046 16 208
1047 16 211
1048 16 212
1049 16 213
1050 16 215
1051 16 218
1052 16 221
1053 17 19
1054 17 21
1055 17 22
1056 17 24
1057 17 26
1058 17 28
1059 17 29
1060 17 30
1061 17 31
1062 17 33
1063 17 36
1064 17 39
1065 17 42
1066 17 44
1067 17 45
1068 17 46
1069 17 47
1070 17 53
1071 17 54
1072 17 55
1073 17 56
1074 17 59
1075 17 60
1076 17 63
1077 17 67
1078 17 69
1079 17 71
1080 17 72
1081 17 75
1082 17 77
1083 17 78
1084 17 80
1085 17 83
1086 17 85
1087 17 87
1088 17 88
1089 17 90
1090 17 91
1091 17 92
1092 17 93
1093 17 96
1094 17 97
1095 17 98
1096 17 100
1097 17 102
1098 17 105
1099 17 106
1100 17 107
1101 17 108
1102 17 109
1103 17 110
1104 17 111
1105 17 113
1106 17 114
1107 17 115
1108 17 119
1109 17 122
1110 17 123
1111 17 126
1112 17 128
1113 17 132
1114 17 133
1115 17 135
1116 17 136
1117 17 139
1118 17 142
1119 17 144
1120 17 145
1121 17 148
1122 17 149
1123 17 150
1124 17 151
1125 17 153
1126 17 158
1127 17 159
1128 17 160
1129 17 162
1130 17 163
1131 17 164
1132 17 165
1133 17 166
1134 17 168
1135 17 171
1136 17 172
1137 17 173
1138 17 174
1139 17 175
1140 17 176
1141 17 177
1142 17 180
1143 17 183
1144 17 184
1145 17 186
1146 17 190
1147 17 192
1148 17 194
1149 17 195
1150 17 196
1151 17 198
1152 17 199
1153 17 200
1154 17 201
1155 17 205
1156 17 207
1157 17 209
1158 17 211
1159 17 212
1160 17 213
1161 17 215
1162 17 216
1163 17 217
1164 17 218
1165 17 221
1166 18 19
1167 18 24
1168 18 29
1169 18 30
1170 18 45
1171 18 66
1172 18 67
1173 18 77
1174 18 85
1175 18 86
1176 18 87
1177 18 88
1178 18 90
1179 18 96
1180 18 97
1181 18 108
1182 18 110
1183 18 113
1184 18 119
1185 18 125
1186 18 136
1187 18 142
1188 18 149
1189 18 150
1190 18 159
1191 18 160
1192 18 162
1193 18 163
1194 18 164
1195 18 172
1196 18 174
1197 18 178
1198 18 191
1199 18 196
1200 18 198
1201 18 213
1202 18 215
1203 18 221
1204 19 21
1205 19 22
1206 19 23
1207 19 24
1208 19 25
1209 19 26
1210 19 28
1211 19 29
1212 19 30
1213 19 33
1214 19 35
1215 19 36
1216 19 39
1217 19 40
1218 19 42
1219 19 45
1220 19 47
1221 19 49
1222 19 50
1223 19 51
1224 19 52
1225 19 53
1226 19 54
1227 19 58
1228 19 59
1229 19 60
1230 19 61
1231 19 63
1232 19 65
1233 19 67
1234 19 69
1235 19 70
1236 19 71
1237 19 73
1238 19 75
1239 19 76
1240 19 77
1241 19 78
1242 19 79
1243 19 80
1244 19 82
1245 19 85
1246 19 86
1247 19 87
1248 19 88
1249 19 90
1250 19 91
1251 19 92
1252 19 93
1253 19 96
1254 19 97
1255 19 98
1256 19 102
1257 19 105
1258 19 106
1259 19 107
1260 19 108
1261 19 110
1262 19 111
1263 19 113
1264 19 114
1265 19 115
1266 19 116
1267 19 118
1268 19 119
1269 19 122
1270 19 123
1271 19 124
1272 19 126
1273 19 128
1274 19 129
1275 19 131
1276 19 132
1277 19 133
1278 19 135
1279 19 136
1280 19 139
1281 19 142
1282 19 144
1283 19 145
1284 19 148
1285 19 149
1286 19 150
1287 19 151
1288 19 153
1289 19 154
1290 19 155
1291 19 156
1292 19 158
1293 19 159
1294 19 160
1295 19 162
1296 19 163
1297 19 164
1298 19 165
1299 19 167
1300 19 169
1301 19 170
1302 19 171
1303 19 172
1304 19 173
1305 19 174
1306 19 176
1307 19 177
1308 19 178
1309 19 181
1310 19 182
1311 19 184
1312 19 185
1313 19 186
1314 19 190
1315 19 192
1316 19 194
1317 19 195
1318 19 196
1319 19 198
1320 19 199
1321 19 200
1322 19 201
1323 19 203
1324 19 208
1325 19 209
1326 19 211
1327 19 212
1328 19 213
1329 19 215
1330 19 216
1331 19 217
1332 19 218
1333 19 219
1334 19 220
1335 19 221
1336 20 30
1337 20 54
1338 20 66
1339 20 90
1340 20 130
1341 20 144
1342 20 145
1343 20 154
1344 20 165
1345 20 191
1346 20 197
1347 20 207
1348 20 212
1349 20 215
1350 21 30
1351 21 35
1352 21 36
1353 21 39
1354 21 40
1355 21 53
1356 21 57
1357 21 63
1358 21 71
1359 21 77
1360 21 78
1361 21 91
1362 21 98
1363 21 102
1364 21 108
1365 21 111
1366 21 115
1367 21 117
1368 21 122
1369 21 126
1370 21 132
1371 21 135
1372 21 139
1373 21 144
1374 21 145
1375 21 151
1376 21 153
1377 21 176
1378 21 184
1379 21 190
1380 21 192
1381 21 194
1382 21 196
1383 21 200
1384 21 209
1385 21 211
1386 21 212
1387 21 216
1388 21 217
1389 21 221
1390 22 23
1391 22 24
1392 22 25
1393 22 26
1394 22 29
1395 22 30
1396 22 31
1397 22 34
1398 22 35
1399 22 39
1400 22 40
1401 22 42
1402 22 44
1403 22 45
1404 22 47
1405 22 51
1406 22 53
1407 22 54
1408 22 55
1409 22 61
1410 22 63
1411 22 66
1412 22 67
1413 22 71
1414 22 72
1415 22 77
1416 22 79
1417 22 80
1418 22 82
1419 22 85
1420 22 86
1421 22 87
1422 22 90
1423 22 91
1424 22 92
1425 22 95
1426 22 96
1427 22 97
1428 22 100
1429 22 101
1430 22 102
1431 22 103
1432 22 104
1433 22 105
1434 22 107
1435 22 108
1436 22 110
1437 22 111
1438 22 112
1439 22 113
1440 22 114
1441 22 115
1442 22 118
1443 22 119
1444 22 124
1445 22 126
1446 22 128
1447 22 134
1448 22 135
1449 22 136
1450 22 137
1451 22 139
1452 22 142
1453 22 144
1454 22 145
1455 22 147
1456 22 148
1457 22 149
1458 22 150
1459 22 151
1460 22 152
1461 22 155
1462 22 158
1463 22 159
1464 22 160
1465 22 162
1466 22 163
1467 22 164
1468 22 165
1469 22 166
1470 22 167
1471 22 168
1472 22 169
1473 22 170
1474 22 172
1475 22 174
1476 22 175
1477 22 178
1478 22 181
1479 22 183
1480 22 186
1481 22 190
1482 22 191
1483 22 192
1484 22 193
1485 22 194
1486 22 195
1487 22 198
1488 22 199
1489 22 201
1490 22 203
1491 22 207
1492 22 211
1493 22 212
1494 22 213
1495 22 215
1496 22 218
1497 22 219
1498 22 220
1499 23 24
1500 23 28
1501 23 30
1502 23 35
1503 23 40
1504 23 45
1505 23 46
1506 23 49
1507 23 61
1508 23 75
1509 23 82
1510 23 87
1511 23 88
1512 23 91
1513 23 95
1514 23 102
1515 23 103
1516 23 105
1517 23 114
1518 23 119
1519 23 124
1520 23 126
1521 23 128
1522 23 129
1523 23 136
1524 23 142
1525 23 149
1526 23 150
1527 23 158
1528 23 159
1529 23 160
1530 23 162
1531 23 163
1532 23 164
1533 23 172
1534 23 174
1535 23 183
1536 23 192
1537 23 195
1538 23 201
1539 23 204
1540 23 205
1541 23 220
1542 23 221
1543 24 29
1544 24 30
1545 24 31
1546 24 32
1547 24 33
1548 24 34
1549 24 35
1550 24 36
1551 24 37
1552 24 38
1553 24 39
1554 24 40
1555 24 41
1556 24 42
1557 24 45
1558 24 46
1559 24 47
1560 24 49
1561 24 50
1562 24 51
1563 24 53
1564 24 54
1565 24 55
1566 24 56
1567 24 58
1568 24 60
1569 24 61
1570 24 62
1571 24 63
1572 24 65
1573 24 66
1574 24 67
1575 24 69
1576 24 70
1577 24 71
1578 24 72
1579 24 75
1580 24 76
1581 24 77
1582 24 79
1583 24 80
1584 24 83
1585 24 84
1586 24 85
1587 24 87
1588 24 88
1589 24 90
1590 24 91
1591 24 92
1592 24 96
1593 24 97
1594 24 100
1595 24 101
1596 24 102
1597 24 103
1598 24 105
1599 24 106
1600 24 108
1601 24 110
1602 24 111
1603 24 114
1604 24 115
1605 24 118
1606 24 119
1607 24 122
1608 24 123
1609 24 126
1610 24 128
1611 24 131
1612 24 132
1613 24 133
1614 24 134
1615 24 135
1616 24 136
1617 24 137
1618 24 138
1619 24 139
1620 24 142
1621 24 143
1622 24 144
1623 24 145
1624 24 146
1625 24 147
1626 24 148
1627 24 149
1628 24 150
1629 24 152
1630 24 153
1631 24 155
1632 24 156
1633 24 158
1634 24 159
1635 24 160
1636 24 162
1637 24 163
1638 24 164
1639 24 165
1640 24 166
1641 24 168
1642 24 169
1643 24 170
1644 24 172
1645 24 173
1646 24 174
1647 24 175
1648 24 176
1649 24 177
1650 24 178
1651 24 180
1652 24 181
1653 24 182
1654 24 184
1655 24 190
1656 24 191
1657 24 192
1658 24 194
1659 24 195
1660 24 196
1661 24 198
1662 24 199
1663 24 201
1664 24 203
1665 24 205
1666 24 206
1667 24 207
1668 24 208
1669 24 209
1670 24 210
1671 24 211
1672 24 212
1673 24 213
1674 24 214
1675 24 215
1676 24 216
1677 24 217
1678 24 218
1679 24 219
1680 24 221
1681 25 26
1682 25 29
1683 25 30
1684 25 31
1685 25 45
1686 25 47
1687 25 67
1688 25 74
1689 25 77
1690 25 79
1691 25 85
1692 25 86
1693 25 87
1694 25 97
1695 25 102
1696 25 104
1697 25 105
1698 25 107
1699 25 110
1700 25 112
1701 25 113
1702 25 119
1703 25 125
1704 25 128
1705 25 136
1706 25 142
1707 25 149
1708 25 150
1709 25 152
1710 25 162
1711 25 163
1712 25 164
1713 25 172
1714 25 174
1715 25 186
1716 25 198
1717 25 201
1718 25 207
1719 25 212
1720 25 213
1721 25 215
1722 25 221
1723 26 29
1724 26 30
1725 26 31
1726 26 45
1727 26 47
1728 26 54
1729 26 61
1730 26 63
1731 26 66
1732 26 67
1733 26 79
1734 26 80
1735 26 85
1736 26 86
1737 26 87
1738 26 90
1739 26 97
1740 26 104
1741 26 105
1742 26 107
1743 26 108
1744 26 110
1745 26 112
1746 26 113
1747 26 119
1748 26 128
1749 26 135
1750 26 136
1751 26 142
1752 26 144
1753 26 145
1754 26 149
1755 26 150
1756 26 152
1757 26 154
1758 26 155
1759 26 162
1760 26 163
1761 26 164
1762 26 165
1763 26 169
1764 26 170
1765 26 172
1766 26 174
1767 26 186
1768 26 194
1769 26 198
1770 26 203
1771 26 207
1772 26 212
1773 26 213
1774 26 215
1775 26 218
1776 27 35
1777 27 38
1778 27 40
1779 27 41
1780 27 61
1781 27 70
1782 27 84
1783 27 136
1784 27 138
1785 27 152
1786 27 155
1787 27 165
1788 27 169
1789 27 170
1790 27 173
1791 27 203
1792 27 207
1793 28 39
1794 28 40
1795 28 46
1796 28 49
1797 28 50
1798 28 52
1799 28 71
1800 28 72
1801 28 77
1802 28 87
1803 28 95
1804 28 102
1805 28 105
1806 28 108
1807 28 114
1808 28 118
1809 28 119
1810 28 124
1811 28 129
1812 28 136
1813 28 138
1814 28 139
1815 28 149
1816 28 150
1817 28 158
1818 28 173
1819 28 178
1820 28 183
1821 28 185
1822 28 195
1823 28 204
1824 28 205
1825 28 211
1826 28 217
1827 28 220
1828 28 221
1829 29 30
1830 29 31
1831 29 35
1832 29 39
1833 29 41
1834 29 45
1835 29 47
1836 29 54
1837 29 56
1838 29 59
1839 29 60
1840 29 63
1841 29 66
1842 29 67
1843 29 69
1844 29 72
1845 29 77
1846 29 79
1847 29 80
1848 29 84
1849 29 85
1850 29 86
1851 29 89
1852 29 90
1853 29 96
1854 29 97
1855 29 102
1856 29 104
1857 29 105
1858 29 106
1859 29 107
1860 29 109
1861 29 110
1862 29 112
1863 29 113
1864 29 114
1865 29 115
1866 29 118
1867 29 119
1868 29 125
1869 29 126
1870 29 128
1871 29 131
1872 29 135
1873 29 136
1874 29 138
1875 29 139
1876 29 142
1877 29 149
1878 29 152
1879 29 153
1880 29 155
1881 29 160
1882 29 162
1883 29 163
1884 29 164
1885 29 165
1886 29 172
1887 29 173
1888 29 174
1889 29 178
1890 29 186
1891 29 191
1892 29 194
1893 29 197
1894 29 198
1895 29 201
1896 29 207
1897 29 208
1898 29 209
1899 29 211
1900 29 212
1901 29 213
1902 29 215
1903 29 221
1904 30 31
1905 30 34
1906 30 35
1907 30 36
1908 30 37
1909 30 39
1910 30 40
1911 30 41
1912 30 42
1913 30 45
1914 30 46
1915 30 47
1916 30 49
1917 30 51
1918 30 52
1919 30 53
1920 30 54
1921 30 55
1922 30 60
1923 30 61
1924 30 63
1925 30 65
1926 30 66
1927 30 67
1928 30 70
1929 30 71
1930 30 72
1931 30 77
1932 30 78
1933 30 79
1934 30 80
1935 30 82
1936 30 84
1937 30 85
1938 30 86
1939 30 87
1940 30 88
1941 30 90
1942 30 91
1943 30 92
1944 30 95
1945 30 96
1946 30 97
1947 30 98
1948 30 100
1949 30 101
1950 30 102
1951 30 103
1952 30 104
1953 30 105
1954 30 107
1955 30 108
1956 30 110
1957 30 111
1958 30 112
1959 30 113
1960 30 114
1961 30 115
1962 30 118
1963 30 119
1964 30 122
1965 30 123
1966 30 125
1967 30 126
1968 30 128
1969 30 132
1970 30 134
1971 30 135
1972 30 136
1973 30 137
1974 30 138
1975 30 139
1976 30 140
1977 30 142
1978 30 144
1979 30 145
1980 30 147
1981 30 148
1982 30 149
1983 30 150
1984 30 151
1985 30 152
1986 30 153
1987 30 154
1988 30 155
1989 30 158
1990 30 159
1991 30 160
1992 30 162
1993 30 163
1994 30 164
1995 30 165
1996 30 166
1997 30 168
1998 30 169
1999 30 170
2000 30 171
2001 30 172
2002 30 173
2003 30 174
2004 30 175
2005 30 176
2006 30 177
2007 30 178
2008 30 179
2009 30 181
2010 30 183
2011 30 185
2012 30 186
2013 30 190
2014 30 191
2015 30 192
2016 30 195
2017 30 196
2018 30 197
2019 30 198
2020 30 200
2021 30 201
2022 30 203
2023 30 205
2024 30 207
2025 30 208
2026 30 209
2027 30 211
2028 30 212
2029 30 213
2030 30 215
2031 30 217
2032 30 218
2033 30 221
2034 31 34
2035 31 45
2036 31 47
2037 31 54
2038 31 56
2039 31 67
2040 31 75
2041 31 77
2042 31 80
2043 31 85
2044 31 87
2045 31 90
2046 31 101
2047 31 102
2048 31 103
2049 31 104
2050 31 108
2051 31 110
2052 31 111
2053 31 113
2054 31 118
2055 31 119
2056 31 128
2057 31 136
2058 31 137
2059 31 142
2060 31 143
2061 31 147
2062 31 149
2063 31 157
2064 31 160
2065 31 162
2066 31 163
2067 31 164
2068 31 165
2069 31 166
2070 31 168
2071 31 172
2072 31 174
2073 31 175
2074 31 179
2075 31 186
2076 31 192
2077 31 193
2078 31 198
2079 31 201
2080 31 207
2081 31 208
2082 31 211
2083 31 212
2084 31 213
2085 31 215
2086 31 218
2087 31 219
2088 32 58
2089 32 68
2090 32 115
2091 32 126
2092 32 142
2093 32 144
2094 32 145
2095 32 160
2096 32 206
2097 32 210
2098 33 39
2099 33 63
2100 33 71
2101 33 77
2102 33 87
2103 33 90
2104 33 102
2105 33 111
2106 33 119
2107 33 135
2108 33 139
2109 33 141
2110 33 153
2111 33 158
2112 33 160
2113 33 162
2114 33 184
2115 33 190
2116 33 192
2117 33 196
2118 33 201
2119 33 209
2120 33 211
2121 33 217
2122 33 221
2123 34 37
2124 34 40
2125 34 45
2126 34 54
2127 34 67
2128 34 85
2129 34 87
2130 34 90
2131 34 94
2132 34 97
2133 34 101
2134 34 103
2135 34 105
2136 34 110
2137 34 111
2138 34 119
2139 34 140
2140 34 142
2141 34 149
2142 34 157
2143 34 159
2144 34 160
2145 34 163
2146 34 164
2147 34 165
2148 34 166
2149 34 168
2150 34 174
2151 34 179
2152 34 189
2153 34 199
2154 34 201
2155 34 202
2156 34 207
2157 34 208
2158 34 212
2159 35 36
2160 35 38
2161 35 39
2162 35 40
2163 35 41
2164 35 42
2165 35 44
2166 35 45
2167 35 47
2168 35 48
2169 35 49
2170 35 51
2171 35 54
2172 35 55
2173 35 57
2174 35 61
2175 35 66
2176 35 70
2177 35 71
2178 35 72
2179 35 73
2180 35 74
2181 35 77
2182 35 80
2183 35 82
2184 35 84
2185 35 87
2186 35 89
2187 35 90
2188 35 91
2189 35 95
2190 35 96
2191 35 97
2192 35 98
2193 35 100
2194 35 102
2195 35 105
2196 35 106
2197 35 108
2198 35 109
2199 35 111
2200 35 113
2201 35 114
2202 35 115
2203 35 117
2204 35 119
2205 35 121
2206 35 122
2207 35 129
2208 35 131
2209 35 134
2210 35 135
2211 35 136
2212 35 138
2213 35 139
2214 35 142
2215 35 144
2216 35 145
2217 35 149
2218 35 155
2219 35 156
2220 35 158
2221 35 160
2222 35 162
2223 35 163
2224 35 164
2225 35 166
2226 35 167
2227 35 168
2228 35 169
2229 35 170
2230 35 172
2231 35 173
2232 35 174
2233 35 175
2234 35 178
2235 35 181
2236 35 183
2237 35 190
2238 35 192
2239 35 194
2240 35 195
2241 35 198
2242 35 199
2243 35 201
2244 35 203
2245 35 205
2246 35 207
2247 35 208
2248 35 211
2249 35 212
2250 35 218
2251 35 219
2252 35 220
2253 36 38
2254 36 39
2255 36 40
2256 36 41
2257 36 47
2258 36 53
2259 36 57
2260 36 61
2261 36 63
2262 36 70
2263 36 71
2264 36 77
2265 36 78
2266 36 82
2267 36 84
2268 36 85
2269 36 90
2270 36 91
2271 36 95
2272 36 96
2273 36 98
2274 36 102
2275 36 108
2276 36 114
2277 36 115
2278 36 117
2279 36 119
2280 36 122
2281 36 126
2282 36 132
2283 36 135
2284 36 138
2285 36 139
2286 36 149
2287 36 151
2288 36 153
2289 36 155
2290 36 167
2291 36 169
2292 36 170
2293 36 173
2294 36 176
2295 36 183
2296 36 184
2297 36 190
2298 36 192
2299 36 194
2300 36 195
2301 36 196
2302 36 200
2303 36 201
2304 36 203
2305 36 209
2306 36 211
2307 36 215
2308 36 216
2309 36 217
2310 36 221
2311 37 94
2312 37 99
2313 37 100
2314 37 103
2315 37 105
2316 37 119
2317 37 120
2318 37 125
2319 37 136
2320 37 140
2321 37 149
2322 37 164
2323 37 166
2324 37 187
2325 37 189
2326 37 201
2327 37 207
2328 37 212
2329 38 40
2330 38 41
2331 38 61
2332 38 70
2333 38 77
2334 38 82
2335 38 84
2336 38 85
2337 38 89
2338 38 90
2339 38 91
2340 38 100
2341 38 114
2342 38 115
2343 38 119
2344 38 121
2345 38 126
2346 38 131
2347 38 136
2348 38 138
2349 38 144
2350 38 145
2351 38 149
2352 38 155
2353 38 160
2354 38 162
2355 38 163
2356 38 169
2357 38 170
2358 38 173
2359 38 174
2360 38 203
2361 38 205
2362 39 40
2363 39 42
2364 39 45
2365 39 47
2366 39 49
2367 39 53
2368 39 54
2369 39 57
2370 39 61
2371 39 63
2372 39 65
2373 39 67
2374 39 71
2375 39 72
2376 39 76
2377 39 77
2378 39 78
2379 39 80
2380 39 85
2381 39 87
2382 39 89
2383 39 90
2384 39 91
2385 39 96
2386 39 98
2387 39 100
2388 39 102
2389 39 105
2390 39 106
2391 39 108
2392 39 109
2393 39 110
2394 39 111
2395 39 114
2396 39 118
2397 39 119
2398 39 122
2399 39 126
2400 39 128
2401 39 131
2402 39 132
2403 39 133
2404 39 135
2405 39 136
2406 39 139
2407 39 141
2408 39 142
2409 39 144
2410 39 145
2411 39 149
2412 39 150
2413 39 151
2414 39 153
2415 39 155
2416 39 156
2417 39 158
2418 39 159
2419 39 160
2420 39 162
2421 39 164
2422 39 165
2423 39 169
2424 39 170
2425 39 171
2426 39 172
2427 39 174
2428 39 176
2429 39 178
2430 39 183
2431 39 184
2432 39 190
2433 39 192
2434 39 195
2435 39 196
2436 39 198
2437 39 199
2438 39 200
2439 39 201
2440 39 203
2441 39 207
2442 39 209
2443 39 211
2444 39 212
2445 39 213
2446 39 215
2447 39 216
2448 39 217
2449 39 218
2450 39 220
2451 39 221
2452 40 41
2453 40 42
2454 40 44
2455 40 45
2456 40 46
2457 40 47
2458 40 48
2459 40 49
2460 40 51
2461 40 54
2462 40 55
2463 40 56
2464 40 57
2465 40 61
2466 40 63
2467 40 70
2468 40 71
2469 40 72
2470 40 76
2471 40 77
2472 40 78
2473 40 80
2474 40 82
2475 40 84
2476 40 87
2477 40 88
2478 40 89
2479 40 90
2480 40 92
2481 40 96
2482 40 97
2483 40 98
2484 40 100
2485 40 102
2486 40 103
2487 40 105
2488 40 106
2489 40 107
2490 40 108
2491 40 114
2492 40 115
2493 40 117
2494 40 119
2495 40 121
2496 40 122
2497 40 126
2498 40 128
2499 40 131
2500 40 132
2501 40 133
2502 40 134
2503 40 136
2504 40 138
2505 40 142
2506 40 144
2507 40 145
2508 40 148
2509 40 149
2510 40 150
2511 40 153
2512 40 155
2513 40 156
2514 40 158
2515 40 160
2516 40 162
2517 40 163
2518 40 164
2519 40 165
2520 40 166
2521 40 167
2522 40 168
2523 40 169
2524 40 170
2525 40 172
2526 40 173
2527 40 174
2528 40 175
2529 40 176
2530 40 178
2531 40 181
2532 40 190
2533 40 192
2534 40 194
2535 40 195
2536 40 200
2537 40 201
2538 40 203
2539 40 209
2540 40 211
2541 40 212
2542 40 213
2543 40 216
2544 40 217
2545 40 218
2546 40 220
2547 40 221
2548 41 44
2549 41 45
2550 41 61
2551 41 66
2552 41 70
2553 41 77
2554 41 82
2555 41 84
2556 41 85
2557 41 87
2558 41 88
2559 41 89
2560 41 90
2561 41 91
2562 41 100
2563 41 108
2564 41 113
2565 41 114
2566 41 115
2567 41 119
2568 41 121
2569 41 126
2570 41 129
2571 41 131
2572 41 136
2573 41 138
2574 41 142
2575 41 144
2576 41 145
2577 41 149
2578 41 155
2579 41 158
2580 41 160
2581 41 162
2582 41 164
2583 41 169
2584 41 170
2585 41 172
2586 41 173
2587 41 186
2588 41 190
2589 41 191
2590 41 195
2591 41 198
2592 41 201
2593 41 203
2594 41 205
2595 41 211
2596 41 217
2597 42 44
2598 42 45
2599 42 51
2600 42 53
2601 42 55
2602 42 60
2603 42 61
2604 42 63
2605 42 67
2606 42 68
2607 42 71
2608 42 77
2609 42 80
2610 42 88
2611 42 90
2612 42 102
2613 42 105
2614 42 106
2615 42 108
2616 42 109
2617 42 111
2618 42 114
2619 42 119
2620 42 126
2621 42 128
2622 42 135
2623 42 137
2624 42 139
2625 42 147
2626 42 148
2627 42 149
2628 42 153
2629 42 158
2630 42 163
2631 42 164
2632 42 165
2633 42 166
2634 42 167
2635 42 174
2636 42 175
2637 42 178
2638 42 180
2639 42 181
2640 42 191
2641 42 192
2642 42 199
2643 42 200
2644 42 201
2645 42 207
2646 42 208
2647 42 209
2648 42 211
2649 42 212
2650 42 215
2651 42 217
2652 42 221
2653 43 102
2654 43 119
2655 43 182
2656 43 183
2657 43 201
2658 43 212
2659 43 218
2660 44 45
2661 44 47
2662 44 51
2663 44 53
2664 44 54
2665 44 55
2666 44 61
2667 44 70
2668 44 72
2669 44 82
2670 44 84
2671 44 87
2672 44 88
2673 44 91
2674 44 97
2675 44 108
2676 44 114
2677 44 115
2678 44 119
2679 44 122
2680 44 126
2681 44 136
2682 44 137
2683 44 138
2684 44 139
2685 44 142
2686 44 148
2687 44 149
2688 44 155
2689 44 158
2690 44 160
2691 44 167
2692 44 169
2693 44 170
2694 44 173
2695 44 174
2696 44 181
2697 44 182
2698 44 183
2699 44 192
2700 44 195
2701 44 198
2702 44 201
2703 44 203
2704 44 206
2705 44 209
2706 44 210
2707 44 211
2708 44 212
2709 45 46
2710 45 47
2711 45 48
2712 45 51
2713 45 53
2714 45 54
2715 45 55
2716 45 56
2717 45 59
2718 45 60
2719 45 61
2720 45 63
2721 45 64
2722 45 66
2723 45 67
2724 45 69
2725 45 70
2726 45 72
2727 45 73
2728 45 74
2729 45 75
2730 45 77
2731 45 79
2732 45 80
2733 45 82
2734 45 84
2735 45 85
2736 45 86
2737 45 87
2738 45 88
2739 45 90
2740 45 92
2741 45 95
2742 45 96
2743 45 97
2744 45 100
2745 45 101
2746 45 102
2747 45 103
2748 45 104
2749 45 105
2750 45 107
2751 45 108
2752 45 109
2753 45 110
2754 45 111
2755 45 112
2756 45 113
2757 45 114
2758 45 118
2759 45 119
2760 45 123
2761 45 125
2762 45 128
2763 45 133
2764 45 134
2765 45 135
2766 45 136
2767 45 137
2768 45 138
2769 45 139
2770 45 140
2771 45 142
2772 45 143
2773 45 144
2774 45 145
2775 45 146
2776 45 147
2777 45 148
2778 45 149
2779 45 150
2780 45 152
2781 45 153
2782 45 155
2783 45 157
2784 45 158
2785 45 159
2786 45 160
2787 45 162
2788 45 163
2789 45 164
2790 45 165
2791 45 166
2792 45 167
2793 45 168
2794 45 169
2795 45 170
2796 45 172
2797 45 173
2798 45 174
2799 45 175
2800 45 178
2801 45 179
2802 45 182
2803 45 186
2804 45 191
2805 45 192
2806 45 193
2807 45 194
2808 45 196
2809 45 198
2810 45 199
2811 45 201
2812 45 202
2813 45 203
2814 45 207
2815 45 208
2816 45 209
2817 45 211
2818 45 212
2819 45 213
2820 45 214
2821 45 215
2822 45 218
2823 45 219
2824 45 220
2825 46 49
2826 46 54
2827 46 60
2828 46 63
2829 46 72
2830 46 74
2831 46 77
2832 46 80
2833 46 87
2834 46 88
2835 46 92
2836 46 97
2837 46 101
2838 46 108
2839 46 115
2840 46 118
2841 46 119
2842 46 123
2843 46 136
2844 46 144
2845 46 145
2846 46 146
2847 46 149
2848 46 158
2849 46 159
2850 46 161
2851 46 164
2852 46 166
2853 46 167
2854 46 172
2855 46 177
2856 46 194
2857 46 199
2858 46 201
2859 46 215
2860 47 53
2861 47 54
2862 47 55
2863 47 60
2864 47 63
2865 47 66
2866 47 67
2867 47 70
2868 47 71
2869 47 72
2870 47 74
2871 47 77
2872 47 79
2873 47 80
2874 47 82
2875 47 85
2876 47 86
2877 47 87
2878 47 88
2879 47 90
2880 47 91
2881 47 92
2882 47 96
2883 47 97
2884 47 101
2885 47 102
2886 47 105
2887 47 107
2888 47 108
2889 47 110
2890 47 111
2891 47 113
2892 47 114
2893 47 118
2894 47 119
2895 47 128
2896 47 134
2897 47 135
2898 47 136
2899 47 139
2900 47 142
2901 47 144
2902 47 145
2903 47 148
2904 47 149
2905 47 150
2906 47 151
2907 47 152
2908 47 153
2909 47 154
2910 47 158
2911 47 159
2912 47 160
2913 47 162
2914 47 163
2915 47 164
2916 47 165
2917 47 166
2918 47 168
2919 47 169
2920 47 170
2921 47 172
2922 47 174
2923 47 178
2924 47 184
2925 47 190
2926 47 192
2927 47 194
2928 47 196
2929 47 198
2930 47 199
2931 47 200
2932 47 201
2933 47 203
2934 47 207
2935 47 208
2936 47 209
2937 47 211
2938 47 212
2939 47 213
2940 47 215
2941 47 216
2942 47 218
2943 47 219
2944 47 220
2945 47 221
2946 48 61
2947 48 73
2948 48 131
2949 48 142
2950 48 147
2951 48 155
2952 48 162
2953 48 169
2954 48 170
2955 48 172
2956 48 203
2957 48 207
2958 49 55
2959 49 58
2960 49 61
2961 49 67
2962 49 68
2963 49 71
2964 49 72
2965 49 75
2966 49 77
2967 49 86
2968 49 87
2969 49 93
2970 49 102
2971 49 105
2972 49 118
2973 49 119
2974 49 124
2975 49 129
2976 49 136
2977 49 149
2978 49 155
2979 49 158
2980 49 159
2981 49 160
2982 49 164
2983 49 169
2984 49 170
2985 49 178
2986 49 183
2987 49 195
2988 49 196
2989 49 199
2990 49 201
2991 49 203
2992 49 204
2993 49 205
2994 49 206
2995 49 212
2996 49 217
2997 49 218
2998 49 220
2999 49 221
3000 50 51
3001 50 60
3002 50 66
3003 50 72
3004 50 80
3005 50 85
3006 50 93
3007 50 110
3008 50 119
3009 50 124
3010 50 129
3011 50 143
3012 50 149
3013 50 212
3014 51 60
3015 51 61
3016 51 77
3017 51 80
3018 51 86
3019 51 88
3020 51 90
3021 51 93
3022 51 102
3023 51 114
3024 51 116
3025 51 119
3026 51 124
3027 51 136
3028 51 142
3029 51 143
3030 51 144
3031 51 145
3032 51 149
3033 51 152
3034 51 155
3035 51 162
3036 51 164
3037 51 167
3038 51 169
3039 51 170
3040 51 172
3041 51 174
3042 51 181
3043 51 188
3044 51 191
3045 51 201
3046 51 203
3047 51 207
3048 51 212
3049 51 221
3050 52 75
3051 52 83
3052 52 115
3053 52 126
3054 52 136
3055 52 178
3056 52 185
3057 52 205
3058 52 212
3059 53 54
3060 53 57
3061 53 63
3062 53 70
3063 53 71
3064 53 77
3065 53 78
3066 53 85
3067 53 91
3068 53 97
3069 53 98
3070 53 102
3071 53 108
3072 53 111
3073 53 114
3074 53 117
3075 53 119
3076 53 122
3077 53 132
3078 53 134
3079 53 135
3080 53 139
3081 53 144
3082 53 145
3083 53 148
3084 53 151
3085 53 153
3086 53 164
3087 53 167
3088 53 176
3089 53 184
3090 53 190
3091 53 192
3092 53 196
3093 53 200
3094 53 201
3095 53 207
3096 53 209
3097 53 211
3098 53 215
3099 53 216
3100 53 217
3101 53 221
3102 54 55
3103 54 60
3104 54 63
3105 54 67
3106 54 71
3107 54 77
3108 54 79
3109 54 80
3110 54 85
3111 54 86
3112 54 87
3113 54 88
3114 54 90
3115 54 92
3116 54 96
3117 54 97
3118 54 101
3119 54 102
3120 54 103
3121 54 105
3122 54 106
3123 54 107
3124 54 108
3125 54 110
3126 54 111
3127 54 113
3128 54 114
3129 54 118
3130 54 119
3131 54 128
3132 54 132
3133 54 134
3134 54 136
3135 54 139
3136 54 142
3137 54 146
3138 54 148
3139 54 149
3140 54 150
3141 54 151
3142 54 152
3143 54 153
3144 54 158
3145 54 159
3146 54 160
3147 54 162
3148 54 163
3149 54 164
3150 54 165
3151 54 166
3152 54 168
3153 54 172
3154 54 174
3155 54 176
3156 54 190
3157 54 192
3158 54 194
3159 54 195
3160 54 198
3161 54 199
3162 54 201
3163 54 207
3164 54 208
3165 54 209
3166 54 211
3167 54 212
3168 54 213
3169 54 215
3170 54 217
3171 54 218
3172 54 219
3173 54 221
3174 55 72
3175 55 74
3176 55 75
3177 55 77
3178 55 87
3179 55 88
3180 55 90
3181 55 96
3182 55 97
3183 55 108
3184 55 111
3185 55 114
3186 55 119
3187 55 137
3188 55 139
3189 55 142
3190 55 143
3191 55 144
3192 55 145
3193 55 149
3194 55 158
3195 55 160
3196 55 162
3197 55 163
3198 55 164
3199 55 165
3200 55 166
3201 55 167
3202 55 168
3203 55 172
3204 55 174
3205 55 175
3206 55 190
3207 55 192
3208 55 194
3209 55 195
3210 55 199
3211 55 201
3212 55 207
3213 55 211
3214 55 212
3215 55 214
3216 55 219
3217 56 59
3218 56 69
3219 56 71
3220 56 75
3221 56 76
3222 56 77
3223 56 92
3224 56 102
3225 56 106
3226 56 109
3227 56 115
3228 56 118
3229 56 119
3230 56 123
3231 56 126
3232 56 133
3233 56 156
3234 56 158
3235 56 166
3236 56 177
3237 56 178
3238 56 180
3239 56 192
3240 56 198
3241 56 211
3242 56 212
3243 56 218
3244 57 63
3245 57 70
3246 57 71
3247 57 77
3248 57 78
3249 57 82
3250 57 91
3251 57 95
3252 57 98
3253 57 102
3254 57 103
3255 57 114
3256 57 115
3257 57 117
3258 57 119
3259 57 122
3260 57 132
3261 57 135
3262 57 141
3263 57 144
3264 57 145
3265 57 153
3266 57 174
3267 57 176
3268 57 184
3269 57 190
3270 57 192
3271 57 200
3272 57 209
3273 57 211
3274 57 216
3275 57 217
3276 57 218
3277 58 61
3278 58 68
3279 58 70
3280 58 87
3281 58 100
3282 58 114
3283 58 115
3284 58 119
3285 58 126
3286 58 136
3287 58 144
3288 58 145
3289 58 150
3290 58 155
3291 58 159
3292 58 160
3293 58 163
3294 58 169
3295 58 170
3296 58 174
3297 58 201
3298 58 203
3299 58 206
3300 58 208
3301 58 210
3302 58 212
3303 58 221
3304 59 61
3305 59 69
3306 59 72
3307 59 75
3308 59 76
3309 59 77
3310 59 92
3311 59 106
3312 59 109
3313 59 115
3314 59 118
3315 59 119
3316 59 123
3317 59 126
3318 59 131
3319 59 133
3320 59 149
3321 59 156
3322 59 158
3323 59 160
3324 59 172
3325 59 177
3326 59 178
3327 59 180
3328 59 198
3329 59 201
3330 59 208
3331 59 211
3332 59 212
3333 59 217
3334 60 65
3335 60 67
3336 60 72
3337 60 75
3338 60 77
3339 60 79
3340 60 80
3341 60 85
3342 60 87
3343 60 88
3344 60 90
3345 60 92
3346 60 93
3347 60 96
3348 60 97
3349 60 100
3350 60 102
3351 60 105
3352 60 108
3353 60 119
3354 60 123
3355 60 132
3356 60 133
3357 60 136
3358 60 142
3359 60 143
3360 60 148
3361 60 149
3362 60 158
3363 60 159
3364 60 160
3365 60 162
3366 60 164
3367 60 172
3368 60 176
3369 60 181
3370 60 190
3371 60 194
3372 60 198
3373 60 201
3374 60 207
3375 60 211
3376 60 212
3377 60 213
3378 60 218
3379 60 219
3380 61 66
3381 61 67
3382 61 68
3383 61 70
3384 61 71
3385 61 73
3386 61 74
3387 61 77
3388 61 82
3389 61 84
3390 61 85
3391 61 87
3392 61 88
3393 61 89
3394 61 90
3395 61 91
3396 61 95
3397 61 97
3398 61 100
3399 61 102
3400 61 105
3401 61 106
3402 61 108
3403 61 110
3404 61 114
3405 61 117
3406 61 119
3407 61 121
3408 61 131
3409 61 133
3410 61 134
3411 61 136
3412 61 138
3413 61 139
3414 61 140
3415 61 142
3416 61 144
3417 61 145
3418 61 149
3419 61 150
3420 61 153
3421 61 155
3422 61 158
3423 61 159
3424 61 160
3425 61 162
3426 61 163
3427 61 164
3428 61 165
3429 61 167
3430 61 169
3431 61 170
3432 61 172
3433 61 173
3434 61 174
3435 61 178
3436 61 183
3437 61 186
3438 61 192
3439 61 195
3440 61 196
3441 61 201
3442 61 203
3443 61 205
3444 61 206
3445 61 207
3446 61 208
3447 61 211
3448 61 212
3449 61 213
3450 61 218
3451 61 220
3452 61 221
3453 62 63
3454 62 85
3455 62 105
3456 62 110
3457 62 150
3458 62 199
3459 62 215
3460 63 66
3461 63 67
3462 63 71
3463 63 77
3464 63 78
3465 63 79
3466 63 80
3467 63 85
3468 63 86
3469 63 87
3470 63 88
3471 63 90
3472 63 91
3473 63 92
3474 63 98
3475 63 102
3476 63 105
3477 63 106
3478 63 107
3479 63 109
3480 63 110
3481 63 111
3482 63 114
3483 63 115
3484 63 117
3485 63 119
3486 63 122
3487 63 123
3488 63 126
3489 63 128
3490 63 132
3491 63 133
3492 63 135
3493 63 136
3494 63 139
3495 63 141
3496 63 142
3497 63 144
3498 63 145
3499 63 146
3500 63 147
3501 63 149
3502 63 150
3503 63 151
3504 63 152
3505 63 153
3506 63 158
3507 63 159
3508 63 160
3509 63 162
3510 63 163
3511 63 164
3512 63 166
3513 63 167
3514 63 171
3515 63 172
3516 63 174
3517 63 176
3518 63 184
3519 63 190
3520 63 191
3521 63 192
3522 63 196
3523 63 198
3524 63 199
3525 63 200
3526 63 201
3527 63 206
3528 63 207
3529 63 209
3530 63 211
3531 63 212
3532 63 215
3533 63 216
3534 63 217
3535 63 221
3536 64 66
3537 64 87
3538 64 90
3539 64 107
3540 64 111
3541 64 119
3542 64 144
3543 64 145
3544 64 162
3545 64 163
3546 64 165
3547 64 166
3548 64 174
3549 64 191
3550 64 201
3551 64 202
3552 64 214
3553 65 75
3554 65 80
3555 65 81
3556 65 105
3557 65 118
3558 65 119
3559 65 127
3560 65 158
3561 65 178
3562 65 201
3563 65 208
3564 65 212
3565 65 213
3566 65 218
3567 66 67
3568 66 69
3569 66 73
3570 66 74
3571 66 79
3572 66 84
3573 66 85
3574 66 86
3575 66 87
3576 66 88
3577 66 90
3578 66 97
3579 66 105
3580 66 107
3581 66 108
3582 66 112
3583 66 113
3584 66 114
3585 66 115
3586 66 119
3587 66 130
3588 66 133
3589 66 136
3590 66 138
3591 66 139
3592 66 143
3593 66 144
3594 66 145
3595 66 146
3596 66 149
3597 66 150
3598 66 152
3599 66 154
3600 66 155
3601 66 159
3602 66 162
3603 66 163
3604 66 164
3605 66 165
3606 66 166
3607 66 169
3608 66 170
3609 66 172
3610 66 173
3611 66 174
3612 66 191
3613 66 197
3614 66 198
3615 66 199
3616 66 201
3617 66 203
3618 66 207
3619 66 208
3620 66 209
3621 66 212
3622 66 213
3623 66 215
3624 66 218
3625 66 219
3626 67 71
3627 67 72
3628 67 75
3629 67 77
3630 67 79
3631 67 80
3632 67 85
3633 67 86
3634 67 87
3635 67 90
3636 67 92
3637 67 96
3638 67 97
3639 67 101
3640 67 102
3641 67 103
3642 67 104
3643 67 105
3644 67 107
3645 67 108
3646 67 110
3647 67 112
3648 67 113
3649 67 118
3650 67 119
3651 67 128
3652 67 136
3653 67 139
3654 67 142
3655 67 148
3656 67 149
3657 67 150
3658 67 152
3659 67 155
3660 67 158
3661 67 160
3662 67 162
3663 67 163
3664 67 164
3665 67 165
3666 67 166
3667 67 168
3668 67 169
3669 67 170
3670 67 172
3671 67 174
3672 67 178
3673 67 184
3674 67 186
3675 67 191
3676 67 192
3677 67 196
3678 67 198
3679 67 199
3680 67 202
3681 67 203
3682 67 207
3683 67 208
3684 67 209
3685 67 211
3686 67 212
3687 67 213
3688 67 215
3689 67 217
3690 67 218
3691 67 221
3692 68 72
3693 68 87
3694 68 102
3695 68 108
3696 68 115
3697 68 119
3698 68 144
3699 68 145
3700 68 169
3701 68 174
3702 68 201
3703 68 203
3704 68 206
3705 68 210
3706 68 212
3707 69 72
3708 69 75
3709 69 76
3710 69 77
3711 69 83
3712 69 85
3713 69 90
3714 69 92
3715 69 102
3716 69 105
3717 69 106
3718 69 108
3719 69 109
3720 69 110
3721 69 118
3722 69 119
3723 69 123
3724 69 131
3725 69 133
3726 69 134
3727 69 136
3728 69 149
3729 69 154
3730 69 155
3731 69 156
3732 69 158
3733 69 160
3734 69 162
3735 69 164
3736 69 166
3737 69 169
3738 69 170
3739 69 172
3740 69 177
3741 69 178
3742 69 180
3743 69 201
3744 69 203
3745 69 207
3746 69 208
3747 69 212
3748 69 218
3749 70 77
3750 70 82
3751 70 84
3752 70 85
3753 70 87
3754 70 89
3755 70 90
3756 70 95
3757 70 100
3758 70 102
3759 70 106
3760 70 108
3761 70 110
3762 70 114
3763 70 115
3764 70 117
3765 70 119
3766 70 120
3767 70 121
3768 70 126
3769 70 131
3770 70 134
3771 70 136
3772 70 138
3773 70 140
3774 70 142
3775 70 144
3776 70 145
3777 70 148
3778 70 149
3779 70 155
3780 70 156
3781 70 158
3782 70 160
3783 70 163
3784 70 165
3785 70 167
3786 70 168
3787 70 169
3788 70 170
3789 70 173
3790 70 174
3791 70 184
3792 70 194
3793 70 199
3794 70 200
3795 70 201
3796 70 203
3797 70 211
3798 70 218
3799 71 72
3800 71 76
3801 71 77
3802 71 78
3803 71 80
3804 71 82
3805 71 85
3806 71 87
3807 71 90
3808 71 91
3809 71 96
3810 71 98
3811 71 100
3812 71 102
3813 71 105
3814 71 106
3815 71 109
3816 71 110
3817 71 111
3818 71 114
3819 71 118
3820 71 119
3821 71 122
3822 71 126
3823 71 128
3824 71 132
3825 71 133
3826 71 135
3827 71 136
3828 71 139
3829 71 141
3830 71 142
3831 71 144
3832 71 145
3833 71 148
3834 71 150
3835 71 151
3836 71 153
3837 71 155
3838 71 156
3839 71 158
3840 71 160
3841 71 162
3842 71 163
3843 71 164
3844 71 165
3845 71 166
3846 71 169
3847 71 170
3848 71 171
3849 71 172
3850 71 174
3851 71 176
3852 71 178
3853 71 183
3854 71 184
3855 71 190
3856 71 192
3857 71 195
3858 71 196
3859 71 199
3860 71 200
3861 71 201
3862 71 203
3863 71 209
3864 71 211
3865 71 212
3866 71 215
3867 71 216
3868 71 217
3869 71 218
3870 71 220
3871 71 221
3872 72 74
3873 72 77
3874 72 80
3875 72 85
3876 72 87
3877 72 88
3878 72 90
3879 72 96
3880 72 102
3881 72 105
3882 72 108
3883 72 110
3884 72 114
3885 72 119
3886 72 123
3887 72 126
3888 72 129
3889 72 136
3890 72 139
3891 72 142
3892 72 143
3893 72 144
3894 72 145
3895 72 149
3896 72 155
3897 72 158
3898 72 159
3899 72 160
3900 72 161
3901 72 162
3902 72 164
3903 72 165
3904 72 167
3905 72 171
3906 72 172
3907 72 183
3908 72 185
3909 72 195
3910 72 196
3911 72 198
3912 72 201
3913 72 205
3914 72 208
3915 72 211
3916 72 212
3917 72 213
3918 72 218
3919 72 221
3920 73 114
3921 73 119
3922 73 147
3923 73 162
3924 73 168
3925 73 169
3926 73 170
3927 73 172
3928 73 191
3929 73 196
3930 73 198
3931 73 201
3932 73 203
3933 73 207
3934 74 77
3935 74 80
3936 74 87
3937 74 88
3938 74 90
3939 74 108
3940 74 119
3941 74 130
3942 74 136
3943 74 149
3944 74 159
3945 74 161
3946 74 162
3947 74 166
3948 74 167
3949 74 172
3950 74 174
3951 74 175
3952 74 191
3953 74 194
3954 74 199
3955 74 201
3956 74 207
3957 74 212
3958 74 215
3959 74 218
3960 74 219
3961 75 77
3962 75 80
3963 75 83
3964 75 87
3965 75 90
3966 75 92
3967 75 100
3968 75 102
3969 75 105
3970 75 106
3971 75 108
3972 75 109
3973 75 111
3974 75 115
3975 75 118
3976 75 119
3977 75 123
3978 75 126
3979 75 133
3980 75 134
3981 75 148
3982 75 149
3983 75 152
3984 75 156
3985 75 158
3986 75 160
3987 75 164
3988 75 165
3989 75 167
3990 75 172
3991 75 177
3992 75 178
3993 75 180
3994 75 185
3995 75 195
3996 75 199
3997 75 201
3998 75 205
3999 75 208
4000 75 211
4001 75 212
4002 75 219
4003 75 221
4004 76 77
4005 76 83
4006 76 87
4007 76 92
4008 76 101
4009 76 102
4010 76 106
4011 76 109
4012 76 119
4013 76 123
4014 76 133
4015 76 149
4016 76 156
4017 76 158
4018 76 177
4019 76 178
4020 76 180
4021 76 199
4022 76 201
4023 76 212
4024 76 217
4025 76 218
4026 77 78
4027 77 79
4028 77 80
4029 77 84
4030 77 85
4031 77 87
4032 77 88
4033 77 90
4034 77 92
4035 77 95
4036 77 96
4037 77 97
4038 77 98
4039 77 102
4040 77 105
4041 77 106
4042 77 108
4043 77 109
4044 77 110
4045 77 111
4046 77 113
4047 77 114
4048 77 119
4049 77 122
4050 77 123
4051 77 126
4052 77 128
4053 77 132
4054 77 133
4055 77 135
4056 77 136
4057 77 138
4058 77 139
4059 77 141
4060 77 142
4061 77 144
4062 77 145
4063 77 146
4064 77 147
4065 77 148
4066 77 149
4067 77 150
4068 77 152
4069 77 153
4070 77 155
4071 77 156
4072 77 158
4073 77 160
4074 77 162
4075 77 163
4076 77 164
4077 77 165
4078 77 166
4079 77 167
4080 77 168
4081 77 169
4082 77 170
4083 77 171
4084 77 172
4085 77 173
4086 77 174
4087 77 175
4088 77 176
4089 77 178
4090 77 181
4091 77 183
4092 77 184
4093 77 186
4094 77 190
4095 77 191
4096 77 192
4097 77 194
4098 77 195
4099 77 196
4100 77 198
4101 77 199
4102 77 200
4103 77 201
4104 77 203
4105 77 207
4106 77 208
4107 77 209
4108 77 211
4109 77 212
4110 77 213
4111 77 215
4112 77 216
4113 77 217
4114 77 218
4115 77 221
4116 78 82
4117 78 91
4118 78 98
4119 78 102
4120 78 108
4121 78 111
4122 78 114
4123 78 117
4124 78 122
4125 78 132
4126 78 135
4127 78 139
4128 78 144
4129 78 145
4130 78 153
4131 78 164
4132 78 167
4133 78 176
4134 78 184
4135 78 190
4136 78 192
4137 78 194
4138 78 196
4139 78 209
4140 78 211
4141 78 212
4142 78 216
4143 78 217
4144 78 221
4145 79 80
4146 79 85
4147 79 86
4148 79 87
4149 79 96
4150 79 102
4151 79 104
4152 79 105
4153 79 107
4154 79 110
4155 79 112
4156 79 113
4157 79 119
4158 79 128
4159 79 136
4160 79 139
4161 79 142
4162 79 149
4163 79 150
4164 79 152
4165 79 154
4166 79 158
4167 79 159
4168 79 162
4169 79 163
4170 79 164
4171 79 165
4172 79 174
4173 79 186
4174 79 191
4175 79 198
4176 79 201
4177 79 207
4178 79 208
4179 79 211
4180 79 212
4181 79 213
4182 79 215
4183 79 218
4184 79 221
4185 80 85
4186 80 87
4187 80 88
4188 80 89
4189 80 90
4190 80 92
4191 80 93
4192 80 96
4193 80 97
4194 80 100
4195 80 102
4196 80 105
4197 80 106
4198 80 108
4199 80 113
4200 80 114
4201 80 119
4202 80 123
4203 80 133
4204 80 136
4205 80 139
4206 80 142
4207 80 143
4208 80 144
4209 80 145
4210 80 148
4211 80 149
4212 80 150
4213 80 153
4214 80 155
4215 80 159
4216 80 160
4217 80 162
4218 80 164
4219 80 165
4220 80 166
4221 80 167
4222 80 172
4223 80 174
4224 80 175
4225 80 181
4226 80 184
4227 80 190
4228 80 192
4229 80 194
4230 80 196
4231 80 198
4232 80 201
4233 80 207
4234 80 211
4235 80 212
4236 80 213
4237 80 218
4238 80 219
4239 80 221
4240 81 127
4241 82 84
4242 82 87
4243 82 89
4244 82 90
4245 82 91
4246 82 100
4247 82 101
4248 82 102
4249 82 114
4250 82 115
4251 82 119
4252 82 122
4253 82 126
4254 82 129
4255 82 131
4256 82 136
4257 82 138
4258 82 142
4259 82 149
4260 82 150
4261 82 151
4262 82 155
4263 82 156
4264 82 160
4265 82 162
4266 82 166
4267 82 169
4268 82 170
4269 82 172
4270 82 173
4271 82 174
4272 82 182
4273 82 183
4274 82 190
4275 82 192
4276 82 195
4277 82 196
4278 82 201
4279 82 203
4280 82 205
4281 82 209
4282 82 211
4283 82 212
4284 82 217
4285 82 218
4286 82 220
4287 83 92
4288 83 106
4289 83 109
4290 83 118
4291 83 123
4292 83 133
4293 83 134
4294 83 158
4295 83 177
4296 83 178
4297 83 185
4298 83 212
4299 84 85
4300 84 87
4301 84 88
4302 84 89
4303 84 90
4304 84 91
4305 84 100
4306 84 108
4307 84 113
4308 84 114
4309 84 115
4310 84 119
4311 84 121
4312 84 126
4313 84 129
4314 84 131
4315 84 136
4316 84 138
4317 84 142
4318 84 144
4319 84 145
4320 84 149
4321 84 155
4322 84 158
4323 84 160
4324 84 162
4325 84 164
4326 84 169
4327 84 170
4328 84 172
4329 84 173
4330 84 186
4331 84 190
4332 84 191
4333 84 195
4334 84 198
4335 84 201
4336 84 203
4337 84 205
4338 84 211
4339 84 217
4340 85 86
4341 85 87
4342 85 90
4343 85 92
4344 85 96
4345 85 97
4346 85 98
4347 85 101
4348 85 102
4349 85 103
4350 85 104
4351 85 105
4352 85 106
4353 85 107
4354 85 108
4355 85 109
4356 85 110
4357 85 111
4358 85 112
4359 85 113
4360 85 118
4361 85 119
4362 85 120
4363 85 123
4364 85 124
4365 85 126
4366 85 128
4367 85 131
4368 85 132
4369 85 135
4370 85 136
4371 85 138
4372 85 139
4373 85 142
4374 85 144
4375 85 145
4376 85 147
4377 85 148
4378 85 149
4379 85 150
4380 85 151
4381 85 152
4382 85 153
4383 85 155
4384 85 159
4385 85 160
4386 85 162
4387 85 163
4388 85 164
4389 85 165
4390 85 166
4391 85 169
4392 85 170
4393 85 171
4394 85 172
4395 85 173
4396 85 174
4397 85 176
4398 85 178
4399 85 186
4400 85 190
4401 85 191
4402 85 192
4403 85 194
4404 85 195
4405 85 196
4406 85 197
4407 85 198
4408 85 201
4409 85 203
4410 85 207
4411 85 208
4412 85 209
4413 85 211
4414 85 212
4415 85 213
4416 85 215
4417 85 216
4418 85 217
4419 85 218
4420 85 221
4421 86 87
4422 86 90
4423 86 96
4424 86 97
4425 86 102
4426 86 104
4427 86 105
4428 86 107
4429 86 108
4430 86 110
4431 86 112
4432 86 113
4433 86 119
4434 86 122
4435 86 128
4436 86 140
4437 86 142
4438 86 144
4439 86 145
4440 86 148
4441 86 149
4442 86 150
4443 86 152
4444 86 158
4445 86 159
4446 86 162
4447 86 163
4448 86 164
4449 86 165
4450 86 166
4451 86 172
4452 86 174
4453 86 186
4454 86 191
4455 86 198
4456 86 201
4457 86 207
4458 86 211
4459 86 212
4460 86 213
4461 86 215
4462 86 218
4463 86 219
4464 86 221
4465 87 88
4466 87 90
4467 87 91
4468 87 92
4469 87 95
4470 87 96
4471 87 97
4472 87 100
4473 87 102
4474 87 103
4475 87 105
4476 87 107
4477 87 108
4478 87 109
4479 87 110
4480 87 111
4481 87 112
4482 87 114
4483 87 115
4484 87 118
4485 87 119
4486 87 122
4487 87 123
4488 87 124
4489 87 126
4490 87 128
4491 87 131
4492 87 133
4493 87 134
4494 87 135
4495 87 136
4496 87 138
4497 87 139
4498 87 140
4499 87 142
4500 87 143
4501 87 144
4502 87 145
4503 87 146
4504 87 149
4505 87 150
4506 87 152
4507 87 153
4508 87 155
4509 87 156
4510 87 158
4511 87 159
4512 87 160
4513 87 162
4514 87 163
4515 87 164
4516 87 165
4517 87 166
4518 87 167
4519 87 168
4520 87 169
4521 87 170
4522 87 172
4523 87 173
4524 87 174
4525 87 175
4526 87 178
4527 87 182
4528 87 183
4529 87 190
4530 87 191
4531 87 192
4532 87 194
4533 87 195
4534 87 196
4535 87 198
4536 87 199
4537 87 201
4538 87 203
4539 87 205
4540 87 207
4541 87 209
4542 87 211
4543 87 212
4544 87 213
4545 87 214
4546 87 215
4547 87 217
4548 87 218
4549 87 221
4550 88 90
4551 88 96
4552 88 97
4553 88 102
4554 88 105
4555 88 106
4556 88 108
4557 88 114
4558 88 115
4559 88 119
4560 88 126
4561 88 136
4562 88 138
4563 88 139
4564 88 142
4565 88 144
4566 88 145
4567 88 146
4568 88 148
4569 88 149
4570 88 150
4571 88 153
4572 88 155
4573 88 158
4574 88 159
4575 88 160
4576 88 161
4577 88 162
4578 88 163
4579 88 164
4580 88 166
4581 88 167
4582 88 169
4583 88 170
4584 88 172
4585 88 173
4586 88 174
4587 88 178
4588 88 183
4589 88 191
4590 88 194
4591 88 198
4592 88 201
4593 88 203
4594 88 205
4595 88 207
4596 88 208
4597 88 209
4598 88 211
4599 88 212
4600 88 213
4601 88 218
4602 89 90
4603 89 100
4604 89 114
4605 89 121
4606 89 131
4607 89 138
4608 89 155
4609 89 163
4610 89 169
4611 89 170
4612 89 173
4613 89 174
4614 89 203
4615 90 92
4616 90 96
4617 90 97
4618 90 100
4619 90 102
4620 90 103
4621 90 104
4622 90 105
4623 90 106
4624 90 108
4625 90 110
4626 90 111
4627 90 113
4628 90 114
4629 90 115
4630 90 118
4631 90 119
4632 90 122
4633 90 123
4634 90 128
4635 90 131
4636 90 133
4637 90 134
4638 90 135
4639 90 136
4640 90 138
4641 90 139
4642 90 142
4643 90 143
4644 90 144
4645 90 145
4646 90 147
4647 90 148
4648 90 149
4649 90 150
4650 90 151
4651 90 152
4652 90 153
4653 90 154
4654 90 155
4655 90 156
4656 90 158
4657 90 159
4658 90 160
4659 90 162
4660 90 163
4661 90 164
4662 90 165
4663 90 166
4664 90 167
4665 90 168
4666 90 169
4667 90 170
4668 90 172
4669 90 173
4670 90 174
4671 90 177
4672 90 178
4673 90 183
4674 90 184
4675 90 186
4676 90 191
4677 90 192
4678 90 194
4679 90 196
4680 90 198
4681 90 199
4682 90 200
4683 90 201
4684 90 202
4685 90 203
4686 90 207
4687 90 209
4688 90 211
4689 90 212
4690 90 213
4691 90 215
4692 90 217
4693 90 218
4694 90 219
4695 90 221
4696 91 98
4697 91 102
4698 91 111
4699 91 114
4700 91 115
4701 91 117
4702 91 119
4703 91 120
4704 91 122
4705 91 126
4706 91 132
4707 91 135
4708 91 138
4709 91 139
4710 91 142
4711 91 149
4712 91 151
4713 91 153
4714 91 155
4715 91 160
4716 91 162
4717 91 167
4718 91 169
4719 91 170
4720 91 172
4721 91 173
4722 91 176
4723 91 183
4724 91 184
4725 91 190
4726 91 192
4727 91 195
4728 91 196
4729 91 200
4730 91 203
4731 91 205
4732 91 207
4733 91 209
4734 91 211
4735 91 212
4736 91 216
4737 91 217
4738 91 219
4739 91 221
4740 92 93
4741 92 96
4742 92 97
4743 92 102
4744 92 105
4745 92 106
4746 92 107
4747 92 108
4748 92 109
4749 92 115
4750 92 118
4751 92 119
4752 92 123
4753 92 126
4754 92 128
4755 92 133
4756 92 134
4757 92 136
4758 92 144
4759 92 145
4760 92 149
4761 92 150
4762 92 156
4763 92 158
4764 92 159
4765 92 160
4766 92 164
4767 92 165
4768 92 177
4769 92 178
4770 92 180
4771 92 184
4772 92 190
4773 92 192
4774 92 194
4775 92 198
4776 92 201
4777 92 207
4778 92 209
4779 92 211
4780 92 212
4781 92 213
4782 92 215
4783 92 217
4784 92 218
4785 92 221
4786 93 102
4787 93 119
4788 93 123
4789 93 124
4790 93 136
4791 93 143
4792 93 221
4793 94 99
4794 94 103
4795 94 119
4796 94 120
4797 94 125
4798 94 136
4799 94 140
4800 94 149
4801 94 187
4802 94 189
4803 94 212
4804 95 97
4805 95 98
4806 95 101
4807 95 119
4808 95 141
4809 95 142
4810 95 149
4811 95 155
4812 95 169
4813 95 170
4814 95 174
4815 95 183
4816 95 195
4817 95 201
4818 95 203
4819 95 207
4820 95 219
4821 95 220
4822 96 101
4823 96 102
4824 96 103
4825 96 105
4826 96 107
4827 96 108
4828 96 110
4829 96 111
4830 96 113
4831 96 114
4832 96 118
4833 96 119
4834 96 126
4835 96 128
4836 96 134
4837 96 136
4838 96 139
4839 96 142
4840 96 146
4841 96 148
4842 96 149
4843 96 150
4844 96 152
4845 96 153
4846 96 158
4847 96 159
4848 96 160
4849 96 162
4850 96 163
4851 96 164
4852 96 165
4853 96 167
4854 96 168
4855 96 172
4856 96 174
4857 96 178
4858 96 183
4859 96 184
4860 96 186
4861 96 190
4862 96 192
4863 96 198
4864 96 201
4865 96 207
4866 96 208
4867 96 211
4868 96 212
4869 96 213
4870 96 218
4871 96 219
4872 96 220
4873 96 221
4874 97 101
4875 97 102
4876 97 103
4877 97 105
4878 97 108
4879 97 110
4880 97 111
4881 97 113
4882 97 114
4883 97 115
4884 97 118
4885 97 119
4886 97 122
4887 97 123
4888 97 126
4889 97 128
4890 97 134
4891 97 136
4892 97 140
4893 97 142
4894 97 144
4895 97 145
4896 97 146
4897 97 149
4898 97 150
4899 97 152
4900 97 155
4901 97 156
4902 97 158
4903 97 159
4904 97 160
4905 97 162
4906 97 163
4907 97 164
4908 97 165
4909 97 166
4910 97 168
4911 97 172
4912 97 174
4913 97 183
4914 97 191
4915 97 192
4916 97 194
4917 97 196
4918 97 198
4919 97 199
4920 97 201
4921 97 202
4922 97 206
4923 97 207
4924 97 209
4925 97 211
4926 97 212
4927 97 213
4928 97 214
4929 97 215
4930 97 217
4931 97 219
4932 98 102
4933 98 108
4934 98 111
4935 98 114
4936 98 115
4937 98 117
4938 98 122
4939 98 126
4940 98 132
4941 98 135
4942 98 141
4943 98 153
4944 98 176
4945 98 184
4946 98 190
4947 98 192
4948 98 194
4949 98 196
4950 98 200
4951 98 209
4952 98 211
4953 98 212
4954 98 215
4955 98 216
4956 98 217
4957 98 218
4958 98 221
4959 99 120
4960 99 125
4961 99 140
4962 99 164
4963 99 187
4964 99 189
4965 99 207
4966 100 102
4967 100 105
4968 100 114
4969 100 118
4970 100 119
4971 100 121
4972 100 131
4973 100 136
4974 100 138
4975 100 155
4976 100 158
4977 100 159
4978 100 160
4979 100 163
4980 100 166
4981 100 169
4982 100 170
4983 100 173
4984 100 174
4985 100 201
4986 100 203
4987 100 211
4988 100 218
4989 100 219
4990 101 103
4991 101 111
4992 101 115
4993 101 119
4994 101 126
4995 101 130
4996 101 133
4997 101 136
4998 101 142
4999 101 148
5000 101 149
5001 101 156
5002 101 158
5003 101 164
5004 101 166
5005 101 193
5006 101 207
5007 101 211
5008 101 212
5009 101 217
5010 101 218
5011 102 105
5012 102 106
5013 102 107
5014 102 108
5015 102 109
5016 102 110
5017 102 111
5018 102 112
5019 102 113
5020 102 114
5021 102 117
5022 102 118
5023 102 119
5024 102 122
5025 102 123
5026 102 124
5027 102 126
5028 102 128
5029 102 131
5030 102 132
5031 102 133
5032 102 135
5033 102 136
5034 102 139
5035 102 142
5036 102 144
5037 102 145
5038 102 148
5039 102 149
5040 102 150
5041 102 151
5042 102 152
5043 102 153
5044 102 155
5045 102 156
5046 102 158
5047 102 159
5048 102 160
5049 102 162
5050 102 163
5051 102 164
5052 102 165
5053 102 167
5054 102 169
5055 102 170
5056 102 171
5057 102 172
5058 102 174
5059 102 176
5060 102 177
5061 102 178
5062 102 180
5063 102 183
5064 102 184
5065 102 186
5066 102 190
5067 102 192
5068 102 194
5069 102 195
5070 102 196
5071 102 198
5072 102 199
5073 102 200
5074 102 201
5075 102 203
5076 102 205
5077 102 208
5078 102 209
5079 102 211
5080 102 212
5081 102 213
5082 102 214
5083 102 215
5084 102 216
5085 102 217
5086 102 218
5087 102 219
5088 102 220
5089 102 221
5090 103 105
5091 103 108
5092 103 110
5093 103 111
5094 103 119
5095 103 126
5096 103 128
5097 103 140
5098 103 142
5099 103 149
5100 103 150
5101 103 152
5102 103 157
5103 103 159
5104 103 160
5105 103 162
5106 103 163
5107 103 164
5108 103 165
5109 103 166
5110 103 167
5111 103 168
5112 103 172
5113 103 174
5114 103 175
5115 103 179
5116 103 183
5117 103 189
5118 103 190
5119 103 192
5120 103 193
5121 103 196
5122 103 199
5123 103 201
5124 103 207
5125 103 208
5126 103 212
5127 103 213
5128 103 220
5129 104 107
5130 104 110
5131 104 112
5132 104 113
5133 104 128
5134 104 152
5135 104 164
5136 104 165
5137 104 186
5138 104 198
5139 104 207
5140 104 213
5141 104 215
5142 105 106
5143 105 107
5144 105 108
5145 105 110
5146 105 111
5147 105 114
5148 105 118
5149 105 119
5150 105 122
5151 105 123
5152 105 128
5153 105 129
5154 105 133
5155 105 136
5156 105 139
5157 105 142
5158 105 144
5159 105 145
5160 105 148
5161 105 149
5162 105 150
5163 105 155
5164 105 156
5165 105 158
5166 105 159
5167 105 160
5168 105 162
5169 105 163
5170 105 164
5171 105 165
5172 105 166
5173 105 168
5174 105 169
5175 105 170
5176 105 172
5177 105 174
5178 105 178
5179 105 181
5180 105 183
5181 105 186
5182 105 190
5183 105 191
5184 105 192
5185 105 195
5186 105 196
5187 105 198
5188 105 201
5189 105 203
5190 105 205
5191 105 206
5192 105 207
5193 105 208
5194 105 209
5195 105 210
5196 105 211
5197 105 212
5198 105 213
5199 105 215
5200 105 217
5201 105 218
5202 105 219
5203 105 220
5204 105 221
5205 106 108
5206 106 109
5207 106 114
5208 106 115
5209 106 118
5210 106 119
5211 106 123
5212 106 126
5213 106 131
5214 106 132
5215 106 133
5216 106 134
5217 106 135
5218 106 136
5219 106 139
5220 106 144
5221 106 145
5222 106 149
5223 106 153
5224 106 154
5225 106 155
5226 106 156
5227 106 158
5228 106 160
5229 106 162
5230 106 164
5231 106 166
5232 106 169
5233 106 170
5234 106 172
5235 106 176
5236 106 177
5237 106 178
5238 106 180
5239 106 192
5240 106 194
5241 106 198
5242 106 203
5243 106 208
5244 106 209
5245 106 211
5246 106 212
5247 106 216
5248 106 217
5249 106 218
5250 107 108
5251 107 110
5252 107 112
5253 107 113
5254 107 128
5255 107 142
5256 107 150
5257 107 152
5258 107 158
5259 107 159
5260 107 163
5261 107 164
5262 107 165
5263 107 174
5264 107 186
5265 107 191
5266 107 198
5267 107 201
5268 107 207
5269 107 211
5270 107 213
5271 107 215
5272 107 218
5273 107 221
5274 108 110
5275 108 112
5276 108 114
5277 108 115
5278 108 118
5279 108 119
5280 108 122
5281 108 123
5282 108 126
5283 108 128
5284 108 132
5285 108 134
5286 108 136
5287 108 137
5288 108 138
5289 108 139
5290 108 140
5291 108 142
5292 108 144
5293 108 145
5294 108 146
5295 108 147
5296 108 148
5297 108 149
5298 108 155
5299 108 156
5300 108 158
5301 108 159
5302 108 160
5303 108 161
5304 108 162
5305 108 163
5306 108 164
5307 108 165
5308 108 166
5309 108 167
5310 108 168
5311 108 169
5312 108 170
5313 108 172
5314 108 173
5315 108 174
5316 108 175
5317 108 176
5318 108 178
5319 108 183
5320 108 184
5321 108 190
5322 108 191
5323 108 192
5324 108 193
5325 108 194
5326 108 195
5327 108 196
5328 108 197
5329 108 198
5330 108 199
5331 108 201
5332 108 203
5333 108 207
5334 108 208
5335 108 209
5336 108 211
5337 108 212
5338 108 213
5339 108 215
5340 108 216
5341 108 218
5342 108 219
5343 108 221
5344 109 118
5345 109 119
5346 109 123
5347 109 126
5348 109 133
5349 109 139
5350 109 144
5351 109 145
5352 109 155
5353 109 156
5354 109 158
5355 109 169
5356 109 170
5357 109 177
5358 109 178
5359 109 180
5360 109 196
5361 109 203
5362 109 208
5363 109 209
5364 109 211
5365 109 212
5366 109 221
5367 110 111
5368 110 112
5369 110 113
5370 110 119
5371 110 123
5372 110 124
5373 110 128
5374 110 131
5375 110 134
5376 110 136
5377 110 141
5378 110 142
5379 110 148
5380 110 149
5381 110 152
5382 110 155
5383 110 158
5384 110 159
5385 110 160
5386 110 162
5387 110 163
5388 110 164
5389 110 165
5390 110 169
5391 110 170
5392 110 172
5393 110 174
5394 110 178
5395 110 179
5396 110 186
5397 110 196
5398 110 198
5399 110 199
5400 110 201
5401 110 202
5402 110 203
5403 110 207
5404 110 208
5405 110 211
5406 110 212
5407 110 213
5408 110 214
5409 110 215
5410 110 218
5411 110 221
5412 111 114
5413 111 115
5414 111 119
5415 111 122
5416 111 128
5417 111 132
5418 111 133
5419 111 135
5420 111 139
5421 111 140
5422 111 142
5423 111 148
5424 111 149
5425 111 150
5426 111 153
5427 111 158
5428 111 159
5429 111 160
5430 111 162
5431 111 163
5432 111 165
5433 111 166
5434 111 168
5435 111 172
5436 111 173
5437 111 174
5438 111 176
5439 111 187
5440 111 190
5441 111 192
5442 111 196
5443 111 199
5444 111 200
5445 111 201
5446 111 207
5447 111 209
5448 111 211
5449 111 212
5450 111 214
5451 111 215
5452 111 216
5453 111 217
5454 111 219
5455 111 221
5456 112 113
5457 112 119
5458 112 128
5459 112 142
5460 112 152
5461 112 163
5462 112 164
5463 112 165
5464 112 174
5465 112 198
5466 112 207
5467 112 213
5468 112 215
5469 112 221
5470 113 118
5471 113 119
5472 113 126
5473 113 128
5474 113 131
5475 113 135
5476 113 136
5477 113 138
5478 113 142
5479 113 148
5480 113 149
5481 113 152
5482 113 155
5483 113 160
5484 113 162
5485 113 163
5486 113 164
5487 113 165
5488 113 169
5489 113 170
5490 113 171
5491 113 172
5492 113 173
5493 113 174
5494 113 186
5495 113 191
5496 113 192
5497 113 194
5498 113 197
5499 113 198
5500 113 203
5501 113 207
5502 113 209
5503 113 211
5504 113 212
5505 113 213
5506 113 215
5507 113 221
5508 114 115
5509 114 119
5510 114 121
5511 114 122
5512 114 126
5513 114 127
5514 114 128
5515 114 131
5516 114 133
5517 114 134
5518 114 136
5519 114 138
5520 114 139
5521 114 142
5522 114 144
5523 114 145
5524 114 146
5525 114 149
5526 114 150
5527 114 151
5528 114 153
5529 114 155
5530 114 156
5531 114 158
5532 114 160
5533 114 162
5534 114 163
5535 114 164
5536 114 166
5537 114 167
5538 114 168
5539 114 169
5540 114 170
5541 114 172
5542 114 173
5543 114 174
5544 114 175
5545 114 181
5546 114 183
5547 114 184
5548 114 190
5549 114 192
5550 114 194
5551 114 195
5552 114 198
5553 114 199
5554 114 201
5555 114 203
5556 114 205
5557 114 206
5558 114 209
5559 114 211
5560 114 212
5561 114 215
5562 114 217
5563 114 218
5564 115 117
5565 115 118
5566 115 119
5567 115 120
5568 115 122
5569 115 123
5570 115 126
5571 115 128
5572 115 134
5573 115 135
5574 115 136
5575 115 138
5576 115 139
5577 115 140
5578 115 141
5579 115 142
5580 115 144
5581 115 145
5582 115 149
5583 115 150
5584 115 151
5585 115 158
5586 115 159
5587 115 160
5588 115 162
5589 115 163
5590 115 173
5591 115 174
5592 115 178
5593 115 183
5594 115 184
5595 115 185
5596 115 190
5597 115 192
5598 115 194
5599 115 195
5600 115 198
5601 115 200
5602 115 201
5603 115 206
5604 115 210
5605 115 211
5606 115 212
5607 115 213
5608 115 215
5609 115 217
5610 116 140
5611 116 181
5612 116 188
5613 116 212
5614 117 122
5615 117 132
5616 117 135
5617 117 141
5618 117 176
5619 117 184
5620 117 190
5621 117 192
5622 117 194
5623 117 200
5624 117 209
5625 117 211
5626 117 216
5627 117 217
5628 118 119
5629 118 123
5630 118 126
5631 118 133
5632 118 134
5633 118 136
5634 118 139
5635 118 142
5636 118 148
5637 118 149
5638 118 152
5639 118 156
5640 118 158
5641 118 159
5642 118 160
5643 118 162
5644 118 163
5645 118 164
5646 118 165
5647 118 166
5648 118 172
5649 118 174
5650 118 177
5651 118 178
5652 118 180
5653 118 181
5654 118 190
5655 118 196
5656 118 198
5657 118 199
5658 118 201
5659 118 211
5660 118 212
5661 118 213
5662 118 215
5663 118 219
5664 118 220
5665 118 221
5666 119 123
5667 119 124
5668 119 125
5669 119 126
5670 119 128
5671 119 129
5672 119 133
5673 119 134
5674 119 135
5675 119 136
5676 119 138
5677 119 139
5678 119 140
5679 119 142
5680 119 144
5681 119 145
5682 119 146
5683 119 147
5684 119 148
5685 119 149
5686 119 150
5687 119 152
5688 119 153
5689 119 155
5690 119 156
5691 119 158
5692 119 159
5693 119 160
5694 119 162
5695 119 163
5696 119 164
5697 119 165
5698 119 166
5699 119 167
5700 119 168
5701 119 169
5702 119 170
5703 119 171
5704 119 172
5705 119 173
5706 119 174
5707 119 175
5708 119 177
5709 119 178
5710 119 180
5711 119 182
5712 119 183
5713 119 186
5714 119 187
5715 119 189
5716 119 190
5717 119 191
5718 119 192
5719 119 194
5720 119 195
5721 119 196
5722 119 198
5723 119 199
5724 119 200
5725 119 201
5726 119 203
5727 119 205
5728 119 206
5729 119 207
5730 119 208
5731 119 209
5732 119 210
5733 119 211
5734 119 212
5735 119 213
5736 119 214
5737 119 215
5738 119 217
5739 119 218
5740 119 219
5741 119 220
5742 119 221
5743 120 125
5744 120 126
5745 120 140
5746 120 187
5747 120 189
5748 120 192
5749 120 198
5750 121 131
5751 121 138
5752 121 155
5753 121 169
5754 121 170
5755 121 173
5756 121 203
5757 122 126
5758 122 132
5759 122 135
5760 122 138
5761 122 139
5762 122 140
5763 122 142
5764 122 144
5765 122 145
5766 122 151
5767 122 153
5768 122 164
5769 122 167
5770 122 173
5771 122 176
5772 122 183
5773 122 184
5774 122 190
5775 122 192
5776 122 196
5777 122 200
5778 122 209
5779 122 211
5780 122 215
5781 122 216
5782 122 217
5783 123 126
5784 123 133
5785 123 134
5786 123 136
5787 123 139
5788 123 144
5789 123 145
5790 123 150
5791 123 156
5792 123 158
5793 123 159
5794 123 160
5795 123 164
5796 123 165
5797 123 177
5798 123 178
5799 123 180
5800 123 190
5801 123 192
5802 123 198
5803 123 201
5804 123 207
5805 123 209
5806 123 212
5807 123 213
5808 123 217
5809 123 218
5810 123 221
5811 124 129
5812 124 142
5813 124 143
5814 124 144
5815 124 145
5816 124 172
5817 124 178
5818 124 181
5819 124 183
5820 124 195
5821 124 201
5822 124 205
5823 124 212
5824 125 132
5825 125 140
5826 125 142
5827 125 164
5828 125 166
5829 125 176
5830 125 187
5831 125 189
5832 125 190
5833 125 198
5834 125 207
5835 125 209
5836 125 216
5837 126 128
5838 126 129
5839 126 133
5840 126 134
5841 126 135
5842 126 136
5843 126 137
5844 126 138
5845 126 139
5846 126 142
5847 126 144
5848 126 145
5849 126 149
5850 126 153
5851 126 155
5852 126 156
5853 126 158
5854 126 160
5855 126 162
5856 126 163
5857 126 164
5858 126 165
5859 126 166
5860 126 169
5861 126 170
5862 126 172
5863 126 173
5864 126 174
5865 126 175
5866 126 177
5867 126 178
5868 126 181
5869 126 183
5870 126 184
5871 126 185
5872 126 190
5873 126 192
5874 126 194
5875 126 195
5876 126 196
5877 126 198
5878 126 199
5879 126 201
5880 126 203
5881 126 205
5882 126 209
5883 126 210
5884 126 211
5885 126 212
5886 126 213
5887 126 215
5888 126 217
5889 126 220
5890 126 221
5891 127 142
5892 128 135
5893 128 136
5894 128 139
5895 128 140
5896 128 142
5897 128 149
5898 128 152
5899 128 158
5900 128 159
5901 128 160
5902 128 162
5903 128 163
5904 128 164
5905 128 165
5906 128 166
5907 128 168
5908 128 172
5909 128 174
5910 128 183
5911 128 186
5912 128 192
5913 128 196
5914 128 198
5915 128 201
5916 128 207
5917 128 209
5918 128 211
5919 128 212
5920 128 213
5921 128 215
5922 128 217
5923 128 218
5924 128 221
5925 129 136
5926 129 138
5927 129 142
5928 129 155
5929 129 158
5930 129 169
5931 129 170
5932 129 173
5933 129 183
5934 129 195
5935 129 203
5936 129 204
5937 129 205
5938 129 220
5939 130 154
5940 130 191
5941 130 197
5942 130 207
5943 130 208
5944 130 212
5945 131 136
5946 131 138
5947 131 144
5948 131 145
5949 131 155
5950 131 160
5951 131 168
5952 131 169
5953 131 170
5954 131 173
5955 131 178
5956 131 184
5957 131 186
5958 131 198
5959 131 201
5960 131 203
5961 131 208
5962 131 213
5963 131 218
5964 132 135
5965 132 139
5966 132 144
5967 132 145
5968 132 151
5969 132 153
5970 132 176
5971 132 184
5972 132 190
5973 132 192
5974 132 194
5975 132 196
5976 132 209
5977 132 211
5978 132 212
5979 132 215
5980 132 216
5981 132 217
5982 132 218
5983 132 221
5984 133 134
5985 133 136
5986 133 139
5987 133 142
5988 133 144
5989 133 145
5990 133 149
5991 133 150
5992 133 154
5993 133 155
5994 133 156
5995 133 158
5996 133 169
5997 133 170
5998 133 177
5999 133 178
6000 133 180
6001 133 191
6002 133 192
6003 133 195
6004 133 196
6005 133 199
6006 133 201
6007 133 203
6008 133 205
6009 133 211
6010 133 212
6011 133 217
6012 133 218
6013 133 221
6014 134 142
6015 134 144
6016 134 145
6017 134 148
6018 134 150
6019 134 152
6020 134 158
6021 134 162
6022 134 163
6023 134 168
6024 134 172
6025 134 174
6026 134 177
6027 134 178
6028 134 190
6029 134 194
6030 134 199
6031 134 201
6032 134 212
6033 134 218
6034 134 219
6035 135 139
6036 135 141
6037 135 147
6038 135 149
6039 135 150
6040 135 151
6041 135 153
6042 135 158
6043 135 162
6044 135 164
6045 135 167
6046 135 172
6047 135 174
6048 135 176
6049 135 184
6050 135 190
6051 135 192
6052 135 196
6053 135 198
6054 135 200
6055 135 201
6056 135 207
6057 135 209
6058 135 211
6059 135 212
6060 135 215
6061 135 216
6062 135 217
6063 135 221
6064 136 137
6065 136 138
6066 136 139
6067 136 140
6068 136 142
6069 136 143
6070 136 144
6071 136 145
6072 136 148
6073 136 149
6074 136 152
6075 136 153
6076 136 154
6077 136 155
6078 136 158
6079 136 159
6080 136 160
6081 136 161
6082 136 162
6083 136 163
6084 136 164
6085 136 165
6086 136 166
6087 136 167
6088 136 169
6089 136 170
6090 136 171
6091 136 172
6092 136 173
6093 136 174
6094 136 175
6095 136 183
6096 136 184
6097 136 185
6098 136 186
6099 136 189
6100 136 191
6101 136 192
6102 136 194
6103 136 195
6104 136 196
6105 136 198
6106 136 201
6107 136 203
6108 136 205
6109 136 207
6110 136 208
6111 136 211
6112 136 212
6113 136 213
6114 136 215
6115 136 217
6116 136 218
6117 136 219
6118 136 220
6119 136 221
6120 137 142
6121 137 143
6122 137 149
6123 137 158
6124 137 162
6125 137 163
6126 137 164
6127 137 166
6128 137 167
6129 137 172
6130 137 174
6131 137 175
6132 137 207
6133 137 212
6134 138 142
6135 138 144
6136 138 145
6137 138 149
6138 138 155
6139 138 158
6140 138 160
6141 138 162
6142 138 164
6143 138 169
6144 138 170
6145 138 172
6146 138 173
6147 138 174
6148 138 185
6149 138 186
6150 138 190
6151 138 191
6152 138 195
6153 138 198
6154 138 201
6155 138 203
6156 138 205
6157 138 211
6158 138 217
6159 139 141
6160 139 144
6161 139 145
6162 139 149
6163 139 150
6164 139 151
6165 139 153
6166 139 155
6167 139 158
6168 139 159
6169 139 160
6170 139 162
6171 139 163
6172 139 164
6173 139 166
6174 139 167
6175 139 169
6176 139 170
6177 139 171
6178 139 172
6179 139 174
6180 139 175
6181 139 176
6182 139 177
6183 139 178
6184 139 181
6185 139 184
6186 139 190
6187 139 192
6188 139 194
6189 139 195
6190 139 196
6191 139 198
6192 139 199
6193 139 200
6194 139 201
6195 139 203
6196 139 208
6197 139 209
6198 139 211
6199 139 212
6200 139 215
6201 139 216
6202 139 217
6203 139 221
6204 140 142
6205 140 144
6206 140 145
6207 140 149
6208 140 163
6209 140 166
6210 140 174
6211 140 187
6212 140 189
6213 140 201
6214 140 207
6215 140 212
6216 141 155
6217 141 190
6218 141 192
6219 141 196
6220 141 217
6221 142 143
6222 142 144
6223 142 145
6224 142 147
6225 142 148
6226 142 149
6227 142 150
6228 142 151
6229 142 152
6230 142 155
6231 142 156
6232 142 158
6233 142 159
6234 142 160
6235 142 162
6236 142 163
6237 142 164
6238 142 165
6239 142 166
6240 142 167
6241 142 168
6242 142 169
6243 142 170
6244 142 172
6245 142 173
6246 142 174
6247 142 175
6248 142 178
6249 142 179
6250 142 181
6251 142 182
6252 142 183
6253 142 186
6254 142 192
6255 142 193
6256 142 194
6257 142 195
6258 142 196
6259 142 198
6260 142 199
6261 142 201
6262 142 203
6263 142 205
6264 142 206
6265 142 207
6266 142 208
6267 142 209
6268 142 210
6269 142 211
6270 142 212
6271 142 213
6272 142 214
6273 142 215
6274 142 217
6275 142 218
6276 142 219
6277 142 221
6278 143 144
6279 143 145
6280 143 149
6281 143 165
6282 143 175
6283 143 191
6284 143 207
6285 143 218
6286 144 145
6287 144 148
6288 144 149
6289 144 150
6290 144 153
6291 144 155
6292 144 156
6293 144 158
6294 144 159
6295 144 160
6296 144 162
6297 144 164
6298 144 165
6299 144 166
6300 144 167
6301 144 168
6302 144 169
6303 144 170
6304 144 172
6305 144 173
6306 144 174
6307 144 176
6308 144 177
6309 144 184
6310 144 190
6311 144 191
6312 144 192
6313 144 194
6314 144 195
6315 144 196
6316 144 199
6317 144 201
6318 144 203
6319 144 205
6320 144 206
6321 144 207
6322 144 208
6323 144 209
6324 144 210
6325 144 211
6326 144 212
6327 144 215
6328 144 217
6329 144 218
6330 144 219
6331 144 221
6332 145 148
6333 145 149
6334 145 150
6335 145 153
6336 145 155
6337 145 156
6338 145 158
6339 145 159
6340 145 160
6341 145 162
6342 145 164
6343 145 165
6344 145 166
6345 145 167
6346 145 168
6347 145 169
6348 145 170
6349 145 172
6350 145 173
6351 145 174
6352 145 176
6353 145 177
6354 145 184
6355 145 190
6356 145 191
6357 145 192
6358 145 194
6359 145 195
6360 145 196
6361 145 199
6362 145 201
6363 145 203
6364 145 205
6365 145 206
6366 145 207
6367 145 208
6368 145 209
6369 145 210
6370 145 211
6371 145 212
6372 145 215
6373 145 217
6374 145 218
6375 145 219
6376 145 221
6377 146 149
6378 146 153
6379 146 199
6380 146 201
6381 146 207
6382 146 211
6383 146 212
6384 146 215
6385 146 219
6386 147 149
6387 147 162
6388 147 164
6389 147 165
6390 147 168
6391 147 172
6392 147 191
6393 147 192
6394 147 207
6395 147 209
6396 147 211
6397 147 215
6398 148 149
6399 148 150
6400 148 152
6401 148 158
6402 148 160
6403 148 162
6404 148 164
6405 148 165
6406 148 166
6407 148 172
6408 148 174
6409 148 178
6410 148 190
6411 148 192
6412 148 198
6413 148 199
6414 148 207
6415 148 208
6416 148 211
6417 148 212
6418 148 213
6419 148 215
6420 148 217
6421 148 219
6422 148 221
6423 149 150
6424 149 151
6425 149 152
6426 149 153
6427 149 155
6428 149 156
6429 149 158
6430 149 159
6431 149 160
6432 149 161
6433 149 162
6434 149 163
6435 149 164
6436 149 165
6437 149 166
6438 149 167
6439 149 168
6440 149 169
6441 149 170
6442 149 172
6443 149 173
6444 149 174
6445 149 175
6446 149 178
6447 149 179
6448 149 183
6449 149 184
6450 149 189
6451 149 190
6452 149 191
6453 149 192
6454 149 194
6455 149 195
6456 149 197
6457 149 198
6458 149 199
6459 149 200
6460 149 201
6461 149 203
6462 149 205
6463 149 206
6464 149 207
6465 149 208
6466 149 209
6467 149 210
6468 149 211
6469 149 212
6470 149 213
6471 149 215
6472 149 217
6473 149 218
6474 149 219
6475 149 220
6476 149 221
6477 150 152
6478 150 153
6479 150 155
6480 150 158
6481 150 159
6482 150 160
6483 150 162
6484 150 163
6485 150 164
6486 150 166
6487 150 168
6488 150 169
6489 150 170
6490 150 172
6491 150 174
6492 150 177
6493 150 178
6494 150 191
6495 150 194
6496 150 196
6497 150 199
6498 150 201
6499 150 203
6500 150 206
6501 150 207
6502 150 208
6503 150 209
6504 150 210
6505 150 211
6506 150 212
6507 150 213
6508 150 215
6509 150 217
6510 150 219
6511 150 221
6512 151 153
6513 151 164
6514 151 166
6515 151 176
6516 151 184
6517 151 190
6518 151 192
6519 151 194
6520 151 196
6521 151 198
6522 151 201
6523 151 209
6524 151 211
6525 151 212
6526 151 216
6527 151 217
6528 151 221
6529 152 158
6530 152 159
6531 152 160
6532 152 162
6533 152 163
6534 152 164
6535 152 165
6536 152 166
6537 152 168
6538 152 172
6539 152 174
6540 152 186
6541 152 191
6542 152 198
6543 152 199
6544 152 201
6545 152 207
6546 152 209
6547 152 211
6548 152 213
6549 152 215
6550 152 218
6551 152 221
6552 153 155
6553 153 158
6554 153 159
6555 153 160
6556 153 162
6557 153 164
6558 153 169
6559 153 170
6560 153 172
6561 153 174
6562 153 176
6563 153 178
6564 153 184
6565 153 190
6566 153 192
6567 153 196
6568 153 198
6569 153 199
6570 153 200
6571 153 201
6572 153 203
6573 153 207
6574 153 208
6575 153 209
6576 153 211
6577 153 212
6578 153 215
6579 153 216
6580 153 217
6581 153 221
6582 154 164
6583 154 165
6584 154 191
6585 154 197
6586 154 207
6587 154 212
6588 154 215
6589 154 218
6590 155 156
6591 155 158
6592 155 159
6593 155 160
6594 155 163
6595 155 164
6596 155 169
6597 155 170
6598 155 173
6599 155 174
6600 155 178
6601 155 186
6602 155 191
6603 155 192
6604 155 195
6605 155 196
6606 155 198
6607 155 201
6608 155 203
6609 155 205
6610 155 207
6611 155 208
6612 155 211
6613 155 212
6614 155 213
6615 155 217
6616 155 218
6617 155 220
6618 156 158
6619 156 169
6620 156 170
6621 156 178
6622 156 180
6623 156 191
6624 156 195
6625 156 196
6626 156 199
6627 156 201
6628 156 203
6629 156 205
6630 156 209
6631 156 212
6632 156 217
6633 158 160
6634 158 162
6635 158 163
6636 158 164
6637 158 165
6638 158 166
6639 158 168
6640 158 169
6641 158 170
6642 158 172
6643 158 174
6644 158 175
6645 158 177
6646 158 178
6647 158 180
6648 158 185
6649 158 190
6650 158 194
6651 158 195
6652 158 196
6653 158 199
6654 158 201
6655 158 203
6656 158 205
6657 158 208
6658 158 209
6659 158 211
6660 158 212
6661 158 213
6662 158 215
6663 158 217
6664 158 219
6665 158 221
6666 159 163
6667 159 164
6668 159 165
6669 159 166
6670 159 167
6671 159 174
6672 159 177
6673 159 190
6674 159 194
6675 159 198
6676 159 199
6677 159 201
6678 159 207
6679 159 208
6680 159 211
6681 159 212
6682 159 213
6683 159 215
6684 159 221
6685 160 162
6686 160 163
6687 160 164
6688 160 165
6689 160 166
6690 160 167
6691 160 168
6692 160 169
6693 160 170
6694 160 172
6695 160 173
6696 160 174
6697 160 177
6698 160 178
6699 160 184
6700 160 192
6701 160 196
6702 160 198
6703 160 199
6704 160 200
6705 160 201
6706 160 203
6707 160 207
6708 160 208
6709 160 209
6710 160 210
6711 160 211
6712 160 212
6713 160 213
6714 160 215
6715 160 217
6716 160 219
6717 160 221
6718 161 162
6719 161 172
6720 162 163
6721 162 164
6722 162 165
6723 162 166
6724 162 167
6725 162 168
6726 162 172
6727 162 173
6728 162 174
6729 162 175
6730 162 181
6731 162 182
6732 162 186
6733 162 191
6734 162 192
6735 162 195
6736 162 196
6737 162 197
6738 162 198
6739 162 199
6740 162 200
6741 162 201
6742 162 207
6743 162 208
6744 162 209
6745 162 211
6746 162 212
6747 162 213
6748 162 215
6749 162 217
6750 162 218
6751 162 219
6752 162 220
6753 162 221
6754 163 164
6755 163 165
6756 163 166
6757 163 167
6758 163 168
6759 163 169
6760 163 170
6761 163 172
6762 163 174
6763 163 175
6764 163 179
6765 163 186
6766 163 191
6767 163 192
6768 163 195
6769 163 196
6770 163 198
6771 163 199
6772 163 201
6773 163 202
6774 163 203
6775 163 205
6776 163 207
6777 163 209
6778 163 211
6779 163 212
6780 163 213
6781 163 214
6782 163 215
6783 163 218
6784 163 219
6785 163 221
6786 164 165
6787 164 166
6788 164 167
6789 164 168
6790 164 169
6791 164 170
6792 164 171
6793 164 172
6794 164 173
6795 164 174
6796 164 178
6797 164 181
6798 164 184
6799 164 186
6800 164 190
6801 164 191
6802 164 192
6803 164 194
6804 164 196
6805 164 197
6806 164 198
6807 164 199
6808 164 201
6809 164 203
6810 164 207
6811 164 208
6812 164 209
6813 164 211
6814 164 212
6815 164 213
6816 164 215
6817 164 217
6818 164 218
6819 164 221
6820 165 166
6821 165 167
6822 165 168
6823 165 172
6824 165 174
6825 165 178
6826 165 186
6827 165 191
6828 165 192
6829 165 194
6830 165 195
6831 165 196
6832 165 197
6833 165 198
6834 165 201
6835 165 202
6836 165 207
6837 165 208
6838 165 212
6839 165 213
6840 165 214
6841 165 215
6842 165 218
6843 165 219
6844 165 221
6845 166 167
6846 166 168
6847 166 172
6848 166 174
6849 166 175
6850 166 182
6851 166 190
6852 166 191
6853 166 192
6854 166 194
6855 166 199
6856 166 201
6857 166 205
6858 166 206
6859 166 207
6860 166 208
6861 166 209
6862 166 211
6863 166 212
6864 166 215
6865 166 218
6866 166 219
6867 167 168
6868 167 172
6869 167 174
6870 167 175
6871 167 190
6872 167 192
6873 167 195
6874 167 201
6875 167 205
6876 167 207
6877 167 209
6878 167 211
6879 167 212
6880 167 218
6881 167 221
6882 168 172
6883 168 173
6884 168 174
6885 168 178
6886 168 182
6887 168 194
6888 168 199
6889 168 201
6890 168 207
6891 168 208
6892 168 209
6893 168 211
6894 168 212
6895 168 215
6896 168 218
6897 168 219
6898 169 170
6899 169 173
6900 169 174
6901 169 178
6902 169 186
6903 169 192
6904 169 195
6905 169 201
6906 169 203
6907 169 205
6908 169 206
6909 169 207
6910 169 208
6911 169 211
6912 169 212
6913 169 213
6914 169 218
6915 169 219
6916 169 220
6917 169 221
6918 170 173
6919 170 174
6920 170 178
6921 170 186
6922 170 192
6923 170 195
6924 170 201
6925 170 203
6926 170 205
6927 170 206
6928 170 207
6929 170 208
6930 170 211
6931 170 212
6932 170 213
6933 170 218
6934 170 219
6935 170 220
6936 170 221
6937 171 192
6938 171 209
6939 171 211
6940 171 217
6941 171 221
6942 172 173
6943 172 174
6944 172 175
6945 172 177
6946 172 181
6947 172 182
6948 172 186
6949 172 190
6950 172 191
6951 172 192
6952 172 195
6953 172 196
6954 172 197
6955 172 198
6956 172 199
6957 172 200
6958 172 201
6959 172 207
6960 172 208
6961 172 209
6962 172 211
6963 172 212
6964 172 213
6965 172 215
6966 172 217
6967 172 218
6968 172 219
6969 172 220
6970 172 221
6971 173 185
6972 173 186
6973 173 191
6974 173 194
6975 173 195
6976 173 198
6977 173 201
6978 173 203
6979 173 207
6980 173 209
6981 173 211
6982 173 217
6983 174 175
6984 174 179
6985 174 186
6986 174 191
6987 174 192
6988 174 193
6989 174 195
6990 174 196
6991 174 197
6992 174 198
6993 174 199
6994 174 200
6995 174 201
6996 174 202
6997 174 203
6998 174 205
6999 174 207
7000 174 209
7001 174 211
7002 174 212
7003 174 213
7004 174 214
7005 174 215
7006 174 218
7007 174 219
7008 174 221
7009 175 181
7010 175 201
7011 175 207
7012 175 212
7013 176 184
7014 176 190
7015 176 192
7016 176 194
7017 176 196
7018 176 209
7019 176 211
7020 176 212
7021 176 215
7022 176 216
7023 176 217
7024 176 218
7025 176 221
7026 177 178
7027 177 180
7028 177 190
7029 177 192
7030 177 198
7031 177 209
7032 177 212
7033 177 213
7034 177 215
7035 177 218
7036 177 221
7037 178 181
7038 178 184
7039 178 185
7040 178 192
7041 178 196
7042 178 198
7043 178 201
7044 178 203
7045 178 205
7046 178 207
7047 178 209
7048 178 212
7049 178 213
7050 178 219
7051 178 220
7052 178 221
7053 179 193
7054 179 207
7055 180 211
7056 180 212
7057 180 218
7058 181 182
7059 181 188
7060 181 192
7061 181 194
7062 181 201
7063 181 212
7064 182 201
7065 183 190
7066 183 192
7067 183 195
7068 183 196
7069 183 201
7070 183 205
7071 183 211
7072 183 220
7073 184 190
7074 184 192
7075 184 194
7076 184 196
7077 184 200
7078 184 207
7079 184 209
7080 184 211
7081 184 212
7082 184 215
7083 184 216
7084 184 217
7085 184 218
7086 184 221
7087 185 195
7088 185 205
7089 185 212
7090 185 213
7091 185 221
7092 186 198
7093 186 203
7094 186 207
7095 186 208
7096 186 212
7097 186 213
7098 186 215
7099 186 218
7100 186 221
7101 187 189
7102 187 212
7103 188 212
7104 189 212
7105 190 192
7106 190 194
7107 190 196
7108 190 199
7109 190 200
7110 190 201
7111 190 207
7112 190 209
7113 190 211
7114 190 216
7115 190 217
7116 190 221
7117 191 197
7118 191 198
7119 191 199
7120 191 201
7121 191 207
7122 191 208
7123 191 212
7124 191 215
7125 191 217
7126 191 219
7127 192 194
7128 192 195
7129 192 196
7130 192 198
7131 192 199
7132 192 200
7133 192 201
7134 192 203
7135 192 205
7136 192 207
7137 192 208
7138 192 209
7139 192 211
7140 192 212
7141 192 215
7142 192 216
7143 192 217
7144 192 218
7145 192 221
7146 193 207
7147 194 198
7148 194 199
7149 194 201
7150 194 207
7151 194 209
7152 194 211
7153 194 212
7154 194 213
7155 194 215
7156 194 216
7157 194 217
7158 194 218
7159 194 221
7160 195 201
7161 195 203
7162 195 204
7163 195 205
7164 195 209
7165 195 217
7166 195 220
7167 196 198
7168 196 200
7169 196 201
7170 196 207
7171 196 209
7172 196 211
7173 196 212
7174 196 213
7175 196 214
7176 196 216
7177 196 217
7178 196 218
7179 196 221
7180 197 198
7181 197 209
7182 197 215
7183 197 218
7184 198 201
7185 198 207
7186 198 209
7187 198 211
7188 198 212
7189 198 213
7190 198 215
7191 198 217
7192 198 218
7193 198 221
7194 199 201
7195 199 207
7196 199 211
7197 199 212
7198 199 213
7199 199 214
7200 199 215
7201 199 218
7202 200 201
7203 200 209
7204 200 211
7205 200 212
7206 200 217
7207 200 221
7208 201 203
7209 201 205
7210 201 206
7211 201 207
7212 201 209
7213 201 210
7214 201 211
7215 201 212
7216 201 213
7217 201 214
7218 201 215
7219 201 217
7220 201 218
7221 201 219
7222 201 220
7223 201 221
7224 202 214
7225 203 205
7226 203 206
7227 203 207
7228 203 208
7229 203 211
7230 203 212
7231 203 213
7232 203 218
7233 203 219
7234 203 220
7235 203 221
7236 204 205
7237 205 206
7238 205 209
7239 205 210
7240 205 212
7241 205 217
7242 205 220
7243 206 210
7244 207 208
7245 207 212
7246 207 213
7247 207 214
7248 207 215
7249 207 218
7250 207 219
7251 208 210
7252 208 212
7253 208 215
7254 208 219
7255 208 221
7256 209 211
7257 209 212
7258 209 213
7259 209 215
7260 209 216
7261 209 217
7262 209 219
7263 209 221
7264 210 212
7265 211 212
7266 211 213
7267 211 215
7268 211 216
7269 211 217
7270 211 220
7271 211 221
7272 212 213
7273 212 215
7274 212 216
7275 212 217
7276 212 218
7277 212 219
7278 212 221
7279 213 215
7280 213 218
7281 213 221
7282 215 217
7283 215 218
7284 216 217
7285 216 218
7286 216 221
7287 217 219
7288 217 221
7289 218 221
7290 219 221
7291 220 221
