1 1 2
2 1 3
3 1 4
4 1 5
5 1 6
6 1 7
7 2 3
8 2 4
9 2 5
10 2 6
11 2 7
12 3 4
13 3 5
14 3 6
15 3 7
16 4 5
17 5 6
18 5 7
19 6 7
20 13 14
21 13 15
22 14 15
23 16 18
24 16 21
25 16 46
26 16 47
27 16 48
28 16 49
29 16 50
30 16 51
31 16 52
32 16 53
33 16 55
34 16 56
35 16 57
36 16 59
37 16 61
38 16 62
39 16 63
40 16 64
41 16 65
42 16 66
43 16 67
44 16 68
45 16 70
46 16 71
47 16 72
48 16 73
49 16 76
50 16 77
51 16 78
52 16 79
53 16 80
54 16 81
55 16 82
56 16 83
57 16 85
58 16 87
59 16 88
60 16 89
61 16 91
62 16 92
63 16 94
64 16 95
65 16 96
66 16 97
67 16 98
68 16 99
69 16 100
70 16 101
71 16 103
72 16 104
73 16 106
74 16 107
75 16 108
76 16 111
77 16 112
78 16 113
79 16 114
80 16 115
81 16 116
82 16 117
83 16 118
84 16 125
85 16 128
86 17 19
87 17 27
88 18 21
89 18 48
90 18 49
91 18 50
92 18 51
93 18 52
94 18 53
95 18 55
96 18 56
97 18 57
98 18 58
99 18 59
100 18 61
101 18 62
102 18 63
103 18 64
104 18 65
105 18 66
106 18 67
107 18 70
108 18 71
109 18 76
110 18 77
111 18 78
112 18 80
113 18 82
114 18 83
115 18 85
116 18 87
117 18 88
118 18 89
119 18 91
120 18 92
121 18 94
122 18 96
123 18 97
124 18 98
125 18 99
126 18 100
127 18 101
128 18 103
129 18 104
130 18 105
131 18 106
132 18 107
133 18 108
134 18 111
135 18 112
136 18 113
137 18 114
138 18 115
139 18 116
140 18 117
141 18 118
142 18 128
143 19 27
144 20 152
145 20 155
146 20 156
147 21 48
148 21 49
149 21 50
150 21 52
151 21 53
152 21 55
153 21 57
154 21 65
155 21 71
156 21 76
157 21 78
158 21 80
159 21 83
160 21 85
161 21 87
162 21 88
163 21 89
164 21 91
165 21 92
166 21 94
167 21 99
168 21 100
169 21 101
170 21 104
171 21 107
172 21 111
173 21 112
174 21 114
175 21 115
176 21 116
177 21 118
178 21 128
179 22 42
180 22 43
181 22 44
182 22 45
183 22 46
184 22 47
185 22 48
186 22 49
187 22 50
188 22 51
189 22 52
190 22 53
191 22 54
192 22 55
193 22 56
194 22 57
195 22 59
196 22 60
197 22 61
198 22 62
199 22 63
200 22 64
201 22 65
202 22 66
203 22 67
204 22 68
205 22 69
206 22 70
207 22 71
208 22 72
209 22 73
210 22 74
211 22 75
212 22 76
213 22 77
214 22 79
215 22 80
216 22 81
217 22 82
218 22 83
219 22 84
220 22 85
221 22 87
222 22 88
223 22 89
224 22 90
225 22 91
226 22 92
227 22 93
228 22 94
229 22 95
230 22 96
231 22 97
232 22 98
233 22 99
234 22 101
235 22 103
236 22 104
237 22 106
238 22 107
239 22 109
240 22 110
241 22 111
242 22 112
243 22 117
244 22 121
245 22 122
246 22 123
247 23 24
248 23 25
249 23 26
250 23 28
251 23 30
252 23 31
253 23 179
254 23 221
255 24 25
256 24 26
257 24 28
258 24 30
259 24 31
260 24 179
261 24 221
262 25 26
263 25 28
264 25 30
265 25 31
266 25 179
267 25 221
268 26 28
269 26 30
270 26 31
271 26 179
272 26 221
273 28 30
274 28 31
275 28 179
276 28 221
277 29 32
278 29 48
279 29 49
280 29 50
281 29 52
282 29 53
283 29 55
284 29 56
285 29 57
286 29 59
287 29 61
288 29 62
289 29 63
290 29 64
291 29 65
292 29 66
293 29 67
294 29 68
295 29 70
296 29 72
297 29 73
298 29 76
299 29 78
300 29 80
301 29 82
302 29 83
303 29 85
304 29 87
305 29 88
306 29 89
307 29 91
308 29 92
309 29 94
310 29 96
311 29 97
312 29 98
313 29 99
314 29 101
315 29 103
316 29 104
317 29 107
318 29 108
319 29 111
320 29 112
321 29 117
322 29 121
323 29 122
324 29 123
325 29 126
326 29 127
327 30 31
328 30 179
329 30 221
330 31 179
331 31 221
332 32 48
333 32 49
334 32 50
335 32 52
336 32 53
337 32 55
338 32 56
339 32 57
340 32 59
341 32 61
342 32 62
343 32 63
344 32 64
345 32 65
346 32 66
347 32 67
348 32 68
349 32 70
350 32 72
351 32 73
352 32 76
353 32 78
354 32 80
355 32 82
356 32 83
357 32 85
358 32 87
359 32 88
360 32 89
361 32 91
362 32 92
363 32 94
364 32 96
365 32 97
366 32 98
367 32 99
368 32 101
369 32 103
370 32 104
371 32 107
372 32 108
373 32 111
374 32 112
375 32 117
376 32 121
377 32 122
378 32 123
379 32 126
380 32 127
381 34 35
382 34 36
383 35 36
384 37 38
385 37 39
386 37 40
387 38 39
388 38 40
389 39 40
390 41 42
391 41 43
392 41 44
393 41 45
394 41 46
395 41 47
396 42 43
397 42 44
398 42 45
399 42 46
400 42 47
401 43 44
402 43 45
403 43 46
404 43 47
405 43 48
406 43 49
407 43 50
408 43 52
409 43 53
410 43 54
411 43 55
412 43 56
413 43 57
414 43 59
415 43 63
416 44 45
417 44 46
418 44 47
419 44 48
420 44 49
421 44 50
422 44 51
423 44 52
424 44 53
425 44 54
426 44 55
427 44 56
428 44 57
429 44 59
430 44 60
431 44 61
432 44 62
433 44 63
434 44 64
435 44 65
436 44 66
437 44 70
438 44 71
439 44 76
440 44 78
441 44 80
442 44 82
443 44 101
444 45 46
445 45 47
446 46 47
447 46 48
448 46 49
449 46 50
450 46 51
451 46 52
452 46 53
453 46 54
454 46 55
455 46 56
456 46 57
457 46 58
458 46 59
459 46 60
460 46 61
461 46 62
462 46 63
463 46 64
464 46 65
465 46 66
466 46 67
467 46 68
468 46 69
469 46 70
470 46 71
471 46 72
472 46 73
473 46 74
474 46 75
475 46 76
476 46 77
477 46 78
478 46 79
479 46 80
480 46 81
481 46 82
482 46 83
483 46 84
484 46 85
485 46 86
486 46 87
487 46 88
488 46 89
489 46 90
490 46 91
491 46 92
492 46 93
493 46 94
494 46 95
495 46 96
496 46 97
497 46 98
498 46 99
499 46 100
500 46 101
501 46 102
502 46 103
503 46 104
504 46 105
505 46 106
506 46 107
507 46 108
508 46 109
509 46 110
510 46 111
511 46 112
512 46 113
513 46 117
514 46 120
515 46 125
516 47 48
517 47 49
518 47 50
519 47 51
520 47 52
521 47 53
522 47 54
523 47 55
524 47 56
525 47 57
526 47 58
527 47 59
528 47 60
529 47 61
530 47 62
531 47 63
532 47 64
533 47 65
534 47 66
535 47 67
536 47 68
537 47 69
538 47 70
539 47 71
540 47 72
541 47 73
542 47 74
543 47 75
544 47 76
545 47 77
546 47 78
547 47 79
548 47 80
549 47 81
550 47 82
551 47 83
552 47 84
553 47 85
554 47 86
555 47 87
556 47 88
557 47 89
558 47 90
559 47 91
560 47 92
561 47 93
562 47 94
563 47 95
564 47 96
565 47 97
566 47 98
567 47 99
568 47 100
569 47 101
570 47 102
571 47 103
572 47 104
573 47 105
574 47 106
575 47 107
576 47 108
577 47 109
578 47 110
579 47 111
580 47 112
581 47 113
582 47 117
583 47 120
584 48 49
585 48 50
586 48 51
587 48 52
588 48 53
589 48 54
590 48 55
591 48 56
592 48 57
593 48 58
594 48 59
595 48 60
596 48 61
597 48 62
598 48 63
599 48 64
600 48 65
601 48 66
602 48 67
603 48 68
604 48 69
605 48 70
606 48 71
607 48 72
608 48 73
609 48 74
610 48 75
611 48 76
612 48 77
613 48 78
614 48 79
615 48 80
616 48 81
617 48 82
618 48 83
619 48 84
620 48 85
621 48 86
622 48 87
623 48 88
624 48 89
625 48 90
626 48 91
627 48 92
628 48 93
629 48 94
630 48 95
631 48 96
632 48 97
633 48 98
634 48 99
635 48 100
636 48 101
637 48 102
638 48 103
639 48 104
640 48 105
641 48 106
642 48 107
643 48 108
644 48 109
645 48 110
646 48 111
647 48 112
648 48 113
649 48 117
650 48 120
651 48 121
652 48 122
653 48 123
654 48 125
655 48 126
656 48 127
657 49 50
658 49 51
659 49 52
660 49 53
661 49 54
662 49 55
663 49 56
664 49 57
665 49 58
666 49 59
667 49 60
668 49 61
669 49 62
670 49 63
671 49 64
672 49 65
673 49 66
674 49 67
675 49 68
676 49 69
677 49 70
678 49 71
679 49 72
680 49 73
681 49 74
682 49 75
683 49 76
684 49 77
685 49 78
686 49 79
687 49 80
688 49 81
689 49 82
690 49 83
691 49 84
692 49 85
693 49 86
694 49 87
695 49 88
696 49 89
697 49 90
698 49 91
699 49 92
700 49 93
701 49 94
702 49 95
703 49 96
704 49 97
705 49 98
706 49 99
707 49 100
708 49 101
709 49 102
710 49 103
711 49 104
712 49 105
713 49 106
714 49 107
715 49 108
716 49 109
717 49 110
718 49 111
719 49 112
720 49 113
721 49 117
722 49 120
723 49 121
724 49 122
725 49 123
726 49 125
727 49 126
728 49 127
729 50 51
730 50 52
731 50 53
732 50 54
733 50 55
734 50 56
735 50 57
736 50 58
737 50 59
738 50 60
739 50 61
740 50 62
741 50 63
742 50 64
743 50 65
744 50 66
745 50 67
746 50 68
747 50 69
748 50 70
749 50 71
750 50 72
751 50 73
752 50 74
753 50 75
754 50 76
755 50 77
756 50 78
757 50 79
758 50 80
759 50 81
760 50 82
761 50 83
762 50 84
763 50 85
764 50 86
765 50 87
766 50 88
767 50 89
768 50 90
769 50 91
770 50 92
771 50 93
772 50 94
773 50 95
774 50 96
775 50 97
776 50 98
777 50 99
778 50 100
779 50 101
780 50 102
781 50 103
782 50 104
783 50 105
784 50 106
785 50 107
786 50 108
787 50 109
788 50 110
789 50 111
790 50 112
791 50 113
792 50 114
793 50 115
794 50 116
795 50 117
796 50 118
797 50 119
798 50 120
799 50 121
800 50 122
801 50 123
802 50 124
803 50 125
804 50 126
805 50 127
806 51 52
807 51 53
808 51 54
809 51 55
810 51 56
811 51 57
812 51 58
813 51 59
814 51 60
815 51 61
816 51 62
817 51 63
818 51 64
819 51 65
820 51 66
821 51 67
822 51 68
823 51 69
824 51 70
825 51 71
826 51 72
827 51 73
828 51 74
829 51 75
830 51 76
831 51 77
832 51 78
833 51 79
834 51 80
835 51 81
836 51 82
837 51 83
838 51 84
839 51 85
840 51 86
841 51 87
842 51 88
843 51 89
844 51 90
845 51 91
846 51 92
847 51 93
848 51 94
849 51 95
850 51 96
851 51 97
852 51 98
853 51 99
854 51 100
855 51 101
856 51 102
857 51 103
858 51 104
859 51 105
860 51 106
861 51 107
862 51 108
863 51 111
864 51 112
865 51 113
866 51 114
867 51 115
868 51 116
869 51 117
870 51 118
871 51 119
872 51 121
873 51 122
874 51 123
875 51 124
876 51 125
877 51 126
878 51 127
879 52 53
880 52 54
881 52 55
882 52 56
883 52 57
884 52 58
885 52 59
886 52 60
887 52 61
888 52 62
889 52 63
890 52 64
891 52 65
892 52 66
893 52 67
894 52 68
895 52 69
896 52 70
897 52 71
898 52 72
899 52 73
900 52 74
901 52 75
902 52 76
903 52 77
904 52 78
905 52 79
906 52 80
907 52 81
908 52 82
909 52 83
910 52 84
911 52 85
912 52 86
913 52 87
914 52 88
915 52 89
916 52 90
917 52 91
918 52 92
919 52 93
920 52 94
921 52 95
922 52 96
923 52 97
924 52 98
925 52 99
926 52 100
927 52 101
928 52 102
929 52 103
930 52 104
931 52 105
932 52 106
933 52 107
934 52 108
935 52 111
936 52 112
937 52 113
938 52 114
939 52 115
940 52 116
941 52 117
942 52 118
943 52 119
944 52 120
945 52 121
946 52 122
947 52 123
948 52 124
949 52 125
950 52 126
951 52 127
952 53 54
953 53 55
954 53 56
955 53 57
956 53 58
957 53 59
958 53 60
959 53 61
960 53 62
961 53 63
962 53 64
963 53 65
964 53 66
965 53 67
966 53 68
967 53 69
968 53 70
969 53 71
970 53 72
971 53 73
972 53 74
973 53 75
974 53 76
975 53 77
976 53 78
977 53 79
978 53 80
979 53 81
980 53 82
981 53 83
982 53 84
983 53 85
984 53 86
985 53 87
986 53 88
987 53 89
988 53 90
989 53 91
990 53 92
991 53 93
992 53 94
993 53 95
994 53 96
995 53 97
996 53 98
997 53 99
998 53 100
999 53 101
1000 53 102
1001 53 103
1002 53 104
1003 53 105
1004 53 106
1005 53 107
1006 53 108
1007 53 109
1008 53 110
1009 53 111
1010 53 112
1011 53 113
1012 53 114
1013 53 115
1014 53 116
1015 53 117
1016 53 118
1017 53 119
1018 53 120
1019 53 121
1020 53 122
1021 53 123
1022 53 124
1023 53 125
1024 53 126
1025 53 127
1026 54 55
1027 54 56
1028 54 57
1029 54 59
1030 54 60
1031 54 61
1032 54 62
1033 54 63
1034 54 64
1035 54 65
1036 54 66
1037 54 68
1038 54 70
1039 54 71
1040 54 72
1041 54 73
1042 54 76
1043 54 78
1044 54 79
1045 54 80
1046 54 81
1047 54 82
1048 54 83
1049 54 85
1050 54 87
1051 54 88
1052 54 89
1053 54 91
1054 54 92
1055 54 94
1056 54 96
1057 54 97
1058 54 98
1059 54 99
1060 54 101
1061 54 103
1062 54 104
1063 54 107
1064 54 109
1065 54 110
1066 54 111
1067 54 112
1068 54 117
1069 54 121
1070 54 122
1071 55 56
1072 55 57
1073 55 58
1074 55 59
1075 55 60
1076 55 61
1077 55 62
1078 55 63
1079 55 64
1080 55 65
1081 55 66
1082 55 67
1083 55 68
1084 55 69
1085 55 70
1086 55 71
1087 55 72
1088 55 73
1089 55 74
1090 55 75
1091 55 76
1092 55 77
1093 55 78
1094 55 79
1095 55 80
1096 55 81
1097 55 82
1098 55 83
1099 55 84
1100 55 85
1101 55 86
1102 55 87
1103 55 88
1104 55 89
1105 55 90
1106 55 91
1107 55 92
1108 55 93
1109 55 94
1110 55 95
1111 55 96
1112 55 97
1113 55 98
1114 55 99
1115 55 100
1116 55 101
1117 55 102
1118 55 103
1119 55 104
1120 55 105
1121 55 106
1122 55 107
1123 55 108
1124 55 109
1125 55 110
1126 55 111
1127 55 112
1128 55 113
1129 55 114
1130 55 115
1131 55 116
1132 55 117
1133 55 118
1134 55 119
1135 55 120
1136 55 121
1137 55 122
1138 55 123
1139 55 124
1140 55 125
1141 56 57
1142 56 58
1143 56 59
1144 56 60
1145 56 61
1146 56 62
1147 56 63
1148 56 64
1149 56 65
1150 56 66
1151 56 67
1152 56 68
1153 56 69
1154 56 70
1155 56 71
1156 56 72
1157 56 73
1158 56 74
1159 56 75
1160 56 76
1161 56 77
1162 56 78
1163 56 79
1164 56 80
1165 56 81
1166 56 82
1167 56 83
1168 56 84
1169 56 85
1170 56 86
1171 56 87
1172 56 88
1173 56 89
1174 56 90
1175 56 91
1176 56 92
1177 56 93
1178 56 94
1179 56 95
1180 56 96
1181 56 97
1182 56 98
1183 56 99
1184 56 100
1185 56 101
1186 56 102
1187 56 103
1188 56 104
1189 56 105
1190 56 106
1191 56 107
1192 56 108
1193 56 109
1194 56 110
1195 56 111
1196 56 112
1197 56 113
1198 56 117
1199 56 120
1200 56 121
1201 56 122
1202 56 123
1203 56 125
1204 56 126
1205 56 127
1206 57 58
1207 57 59
1208 57 60
1209 57 61
1210 57 62
1211 57 63
1212 57 64
1213 57 65
1214 57 66
1215 57 67
1216 57 68
1217 57 69
1218 57 70
1219 57 71
1220 57 72
1221 57 73
1222 57 74
1223 57 75
1224 57 76
1225 57 77
1226 57 78
1227 57 79
1228 57 80
1229 57 81
1230 57 82
1231 57 83
1232 57 84
1233 57 85
1234 57 86
1235 57 87
1236 57 88
1237 57 89
1238 57 90
1239 57 91
1240 57 92
1241 57 93
1242 57 94
1243 57 95
1244 57 96
1245 57 97
1246 57 98
1247 57 99
1248 57 100
1249 57 101
1250 57 102
1251 57 103
1252 57 104
1253 57 105
1254 57 106
1255 57 107
1256 57 108
1257 57 111
1258 57 112
1259 57 113
1260 57 114
1261 57 115
1262 57 116
1263 57 117
1264 57 118
1265 57 119
1266 57 120
1267 57 121
1268 57 122
1269 57 123
1270 57 124
1271 57 125
1272 58 59
1273 58 60
1274 58 61
1275 58 62
1276 58 63
1277 58 64
1278 58 65
1279 58 66
1280 58 67
1281 58 68
1282 58 69
1283 58 70
1284 58 71
1285 58 72
1286 58 73
1287 58 74
1288 58 75
1289 58 76
1290 58 77
1291 58 78
1292 58 79
1293 58 80
1294 58 81
1295 58 82
1296 58 83
1297 58 84
1298 58 85
1299 58 86
1300 58 87
1301 58 88
1302 58 89
1303 58 90
1304 58 91
1305 58 92
1306 58 93
1307 58 94
1308 58 95
1309 58 96
1310 58 97
1311 58 98
1312 58 99
1313 58 100
1314 58 101
1315 58 102
1316 58 103
1317 58 104
1318 58 105
1319 58 106
1320 58 107
1321 58 108
1322 58 111
1323 58 112
1324 58 113
1325 58 114
1326 58 115
1327 58 116
1328 58 117
1329 58 118
1330 59 60
1331 59 61
1332 59 62
1333 59 63
1334 59 64
1335 59 65
1336 59 66
1337 59 67
1338 59 68
1339 59 69
1340 59 70
1341 59 71
1342 59 72
1343 59 73
1344 59 74
1345 59 75
1346 59 76
1347 59 77
1348 59 78
1349 59 79
1350 59 80
1351 59 81
1352 59 82
1353 59 83
1354 59 84
1355 59 85
1356 59 86
1357 59 87
1358 59 88
1359 59 89
1360 59 90
1361 59 91
1362 59 92
1363 59 93
1364 59 94
1365 59 95
1366 59 96
1367 59 97
1368 59 98
1369 59 99
1370 59 100
1371 59 101
1372 59 102
1373 59 103
1374 59 104
1375 59 105
1376 59 106
1377 59 107
1378 59 108
1379 59 109
1380 59 110
1381 59 111
1382 59 112
1383 59 113
1384 59 117
1385 59 119
1386 59 120
1387 59 121
1388 59 122
1389 59 123
1390 59 124
1391 59 125
1392 60 61
1393 60 62
1394 60 63
1395 60 64
1396 60 65
1397 60 66
1398 60 67
1399 60 68
1400 60 69
1401 60 70
1402 60 71
1403 60 72
1404 60 73
1405 60 74
1406 60 75
1407 60 76
1408 60 77
1409 60 78
1410 60 79
1411 60 80
1412 60 81
1413 60 82
1414 60 83
1415 60 84
1416 60 85
1417 60 86
1418 60 87
1419 60 88
1420 60 89
1421 60 90
1422 60 91
1423 60 92
1424 60 93
1425 60 94
1426 60 95
1427 60 96
1428 60 97
1429 60 98
1430 60 99
1431 60 100
1432 60 101
1433 60 102
1434 60 103
1435 60 104
1436 60 105
1437 60 106
1438 60 107
1439 60 108
1440 60 109
1441 60 111
1442 60 112
1443 60 117
1444 60 120
1445 60 121
1446 60 122
1447 60 123
1448 60 125
1449 61 62
1450 61 63
1451 61 64
1452 61 65
1453 61 66
1454 61 67
1455 61 68
1456 61 69
1457 61 70
1458 61 71
1459 61 72
1460 61 73
1461 61 74
1462 61 75
1463 61 76
1464 61 77
1465 61 78
1466 61 79
1467 61 80
1468 61 81
1469 61 82
1470 61 83
1471 61 84
1472 61 85
1473 61 86
1474 61 87
1475 61 88
1476 61 89
1477 61 90
1478 61 91
1479 61 92
1480 61 93
1481 61 94
1482 61 95
1483 61 96
1484 61 97
1485 61 98
1486 61 99
1487 61 100
1488 61 101
1489 61 102
1490 61 103
1491 61 104
1492 61 105
1493 61 106
1494 61 107
1495 61 108
1496 61 111
1497 61 112
1498 61 113
1499 61 117
1500 61 121
1501 61 122
1502 61 123
1503 61 125
1504 61 126
1505 61 127
1506 62 63
1507 62 64
1508 62 65
1509 62 66
1510 62 67
1511 62 68
1512 62 69
1513 62 70
1514 62 71
1515 62 72
1516 62 73
1517 62 74
1518 62 75
1519 62 76
1520 62 77
1521 62 78
1522 62 79
1523 62 80
1524 62 81
1525 62 82
1526 62 83
1527 62 84
1528 62 85
1529 62 86
1530 62 87
1531 62 88
1532 62 89
1533 62 90
1534 62 91
1535 62 92
1536 62 93
1537 62 94
1538 62 95
1539 62 96
1540 62 97
1541 62 98
1542 62 99
1543 62 100
1544 62 101
1545 62 102
1546 62 103
1547 62 104
1548 62 105
1549 62 106
1550 62 107
1551 62 108
1552 62 111
1553 62 112
1554 62 113
1555 62 117
1556 62 119
1557 62 120
1558 62 121
1559 62 122
1560 62 123
1561 62 124
1562 62 125
1563 63 64
1564 63 65
1565 63 66
1566 63 67
1567 63 68
1568 63 69
1569 63 70
1570 63 71
1571 63 72
1572 63 73
1573 63 74
1574 63 75
1575 63 76
1576 63 77
1577 63 78
1578 63 79
1579 63 80
1580 63 81
1581 63 82
1582 63 83
1583 63 84
1584 63 85
1585 63 86
1586 63 87
1587 63 88
1588 63 89
1589 63 90
1590 63 91
1591 63 92
1592 63 93
1593 63 94
1594 63 95
1595 63 96
1596 63 97
1597 63 98
1598 63 99
1599 63 100
1600 63 101
1601 63 102
1602 63 103
1603 63 104
1604 63 105
1605 63 106
1606 63 107
1607 63 108
1608 63 109
1609 63 110
1610 63 111
1611 63 112
1612 63 113
1613 63 117
1614 63 119
1615 63 120
1616 63 121
1617 63 122
1618 63 123
1619 63 124
1620 63 125
1621 63 126
1622 64 65
1623 64 66
1624 64 67
1625 64 68
1626 64 69
1627 64 70
1628 64 71
1629 64 72
1630 64 73
1631 64 74
1632 64 75
1633 64 76
1634 64 77
1635 64 78
1636 64 79
1637 64 80
1638 64 81
1639 64 82
1640 64 83
1641 64 84
1642 64 85
1643 64 86
1644 64 87
1645 64 88
1646 64 89
1647 64 90
1648 64 91
1649 64 92
1650 64 93
1651 64 94
1652 64 95
1653 64 96
1654 64 97
1655 64 98
1656 64 99
1657 64 100
1658 64 101
1659 64 102
1660 64 103
1661 64 104
1662 64 105
1663 64 106
1664 64 107
1665 64 108
1666 64 109
1667 64 110
1668 64 111
1669 64 112
1670 64 113
1671 64 117
1672 64 119
1673 64 120
1674 64 121
1675 64 122
1676 64 123
1677 64 124
1678 64 125
1679 65 66
1680 65 67
1681 65 68
1682 65 69
1683 65 70
1684 65 71
1685 65 72
1686 65 73
1687 65 74
1688 65 75
1689 65 76
1690 65 77
1691 65 78
1692 65 79
1693 65 80
1694 65 81
1695 65 82
1696 65 83
1697 65 84
1698 65 85
1699 65 86
1700 65 87
1701 65 88
1702 65 89
1703 65 90
1704 65 91
1705 65 92
1706 65 93
1707 65 94
1708 65 95
1709 65 96
1710 65 97
1711 65 98
1712 65 99
1713 65 100
1714 65 101
1715 65 102
1716 65 103
1717 65 104
1718 65 105
1719 65 106
1720 65 107
1721 65 108
1722 65 109
1723 65 110
1724 65 111
1725 65 112
1726 65 113
1727 65 114
1728 65 115
1729 65 116
1730 65 117
1731 65 118
1732 65 119
1733 65 120
1734 65 121
1735 65 122
1736 65 123
1737 65 124
1738 65 125
1739 65 126
1740 65 127
1741 66 67
1742 66 68
1743 66 69
1744 66 70
1745 66 71
1746 66 72
1747 66 73
1748 66 74
1749 66 75
1750 66 76
1751 66 77
1752 66 78
1753 66 79
1754 66 80
1755 66 81
1756 66 82
1757 66 83
1758 66 84
1759 66 85
1760 66 86
1761 66 87
1762 66 88
1763 66 89
1764 66 90
1765 66 91
1766 66 92
1767 66 93
1768 66 94
1769 66 95
1770 66 96
1771 66 97
1772 66 98
1773 66 99
1774 66 100
1775 66 101
1776 66 102
1777 66 103
1778 66 104
1779 66 105
1780 66 106
1781 66 107
1782 66 108
1783 66 109
1784 66 110
1785 66 111
1786 66 112
1787 66 113
1788 66 117
1789 66 119
1790 66 120
1791 66 121
1792 66 122
1793 66 123
1794 66 124
1795 66 125
1796 67 68
1797 67 69
1798 67 70
1799 67 71
1800 67 72
1801 67 73
1802 67 74
1803 67 75
1804 67 76
1805 67 77
1806 67 78
1807 67 79
1808 67 80
1809 67 81
1810 67 82
1811 67 83
1812 67 84
1813 67 85
1814 67 86
1815 67 87
1816 67 88
1817 67 89
1818 67 90
1819 67 91
1820 67 92
1821 67 93
1822 67 94
1823 67 95
1824 67 96
1825 67 97
1826 67 98
1827 67 99
1828 67 100
1829 67 101
1830 67 102
1831 67 103
1832 67 104
1833 67 105
1834 67 106
1835 67 107
1836 67 108
1837 67 111
1838 67 112
1839 67 113
1840 67 117
1841 67 119
1842 67 120
1843 67 121
1844 67 122
1845 67 123
1846 67 124
1847 67 125
1848 68 69
1849 68 70
1850 68 71
1851 68 72
1852 68 73
1853 68 74
1854 68 75
1855 68 76
1856 68 77
1857 68 78
1858 68 79
1859 68 80
1860 68 81
1861 68 82
1862 68 83
1863 68 84
1864 68 85
1865 68 86
1866 68 87
1867 68 88
1868 68 89
1869 68 90
1870 68 91
1871 68 92
1872 68 93
1873 68 94
1874 68 95
1875 68 96
1876 68 97
1877 68 98
1878 68 99
1879 68 100
1880 68 101
1881 68 102
1882 68 103
1883 68 104
1884 68 105
1885 68 106
1886 68 107
1887 68 108
1888 68 111
1889 68 112
1890 68 113
1891 68 117
1892 68 121
1893 68 122
1894 68 123
1895 68 129
1896 68 130
1897 68 131
1898 68 132
1899 69 70
1900 69 71
1901 69 72
1902 69 73
1903 69 74
1904 69 75
1905 69 76
1906 69 77
1907 69 78
1908 69 79
1909 69 80
1910 69 81
1911 69 82
1912 69 83
1913 69 84
1914 69 85
1915 69 87
1916 69 88
1917 69 89
1918 69 90
1919 69 91
1920 69 92
1921 69 93
1922 69 94
1923 69 95
1924 69 96
1925 69 97
1926 69 98
1927 69 99
1928 69 100
1929 69 101
1930 69 102
1931 69 103
1932 69 104
1933 69 105
1934 69 106
1935 69 107
1936 69 108
1937 69 111
1938 69 112
1939 69 113
1940 69 117
1941 69 121
1942 69 122
1943 69 123
1944 69 129
1945 69 130
1946 69 131
1947 69 132
1948 70 71
1949 70 72
1950 70 73
1951 70 74
1952 70 75
1953 70 76
1954 70 77
1955 70 78
1956 70 79
1957 70 80
1958 70 81
1959 70 82
1960 70 83
1961 70 84
1962 70 85
1963 70 86
1964 70 87
1965 70 88
1966 70 89
1967 70 90
1968 70 91
1969 70 92
1970 70 93
1971 70 94
1972 70 95
1973 70 96
1974 70 97
1975 70 98
1976 70 99
1977 70 100
1978 70 101
1979 70 102
1980 70 103
1981 70 104
1982 70 105
1983 70 106
1984 70 107
1985 70 108
1986 70 111
1987 70 112
1988 70 113
1989 70 117
1990 70 119
1991 70 120
1992 70 121
1993 70 122
1994 70 123
1995 70 124
1996 70 125
1997 70 126
1998 71 72
1999 71 73
2000 71 74
2001 71 75
2002 71 76
2003 71 77
2004 71 78
2005 71 79
2006 71 80
2007 71 81
2008 71 82
2009 71 83
2010 71 84
2011 71 85
2012 71 86
2013 71 87
2014 71 88
2015 71 89
2016 71 90
2017 71 91
2018 71 92
2019 71 93
2020 71 94
2021 71 95
2022 71 96
2023 71 97
2024 71 98
2025 71 99
2026 71 100
2027 71 101
2028 71 102
2029 71 103
2030 71 104
2031 71 105
2032 71 106
2033 71 107
2034 71 108
2035 71 111
2036 71 112
2037 71 113
2038 71 114
2039 71 115
2040 71 116
2041 71 117
2042 71 118
2043 71 119
2044 71 124
2045 71 125
2046 71 128
2047 72 73
2048 72 74
2049 72 75
2050 72 76
2051 72 77
2052 72 78
2053 72 79
2054 72 80
2055 72 81
2056 72 82
2057 72 83
2058 72 84
2059 72 85
2060 72 86
2061 72 87
2062 72 88
2063 72 89
2064 72 90
2065 72 91
2066 72 92
2067 72 93
2068 72 94
2069 72 95
2070 72 96
2071 72 97
2072 72 98
2073 72 99
2074 72 100
2075 72 101
2076 72 102
2077 72 103
2078 72 104
2079 72 105
2080 72 106
2081 72 107
2082 72 108
2083 72 111
2084 72 112
2085 72 113
2086 72 117
2087 72 121
2088 72 122
2089 72 123
2090 72 129
2091 72 130
2092 72 131
2093 72 132
2094 72 133
2095 72 134
2096 73 74
2097 73 75
2098 73 76
2099 73 77
2100 73 78
2101 73 79
2102 73 80
2103 73 81
2104 73 82
2105 73 83
2106 73 84
2107 73 85
2108 73 86
2109 73 87
2110 73 88
2111 73 89
2112 73 90
2113 73 91
2114 73 92
2115 73 93
2116 73 94
2117 73 95
2118 73 96
2119 73 97
2120 73 98
2121 73 99
2122 73 100
2123 73 101
2124 73 102
2125 73 103
2126 73 104
2127 73 105
2128 73 106
2129 73 107
2130 73 108
2131 73 111
2132 73 112
2133 73 113
2134 73 117
2135 73 121
2136 73 122
2137 73 123
2138 73 129
2139 73 130
2140 73 131
2141 73 132
2142 73 133
2143 73 134
2144 74 75
2145 74 76
2146 74 77
2147 74 78
2148 74 79
2149 74 80
2150 74 81
2151 74 82
2152 74 83
2153 74 84
2154 74 85
2155 74 86
2156 74 87
2157 74 88
2158 74 89
2159 74 90
2160 74 91
2161 74 92
2162 74 93
2163 74 94
2164 74 95
2165 74 96
2166 74 97
2167 74 98
2168 74 99
2169 74 100
2170 74 101
2171 74 102
2172 74 103
2173 74 104
2174 74 105
2175 74 106
2176 74 107
2177 74 108
2178 74 111
2179 74 112
2180 74 113
2181 74 114
2182 74 115
2183 74 116
2184 74 117
2185 74 118
2186 75 76
2187 75 77
2188 75 78
2189 75 79
2190 75 80
2191 75 81
2192 75 82
2193 75 83
2194 75 84
2195 75 85
2196 75 87
2197 75 88
2198 75 89
2199 75 90
2200 75 91
2201 75 92
2202 75 93
2203 75 94
2204 75 95
2205 75 96
2206 75 97
2207 75 98
2208 75 99
2209 75 100
2210 75 101
2211 75 102
2212 75 103
2213 75 104
2214 75 105
2215 75 106
2216 75 107
2217 75 108
2218 75 111
2219 75 112
2220 75 113
2221 75 117
2222 75 121
2223 75 122
2224 75 123
2225 75 129
2226 75 130
2227 75 131
2228 75 132
2229 76 77
2230 76 78
2231 76 79
2232 76 80
2233 76 81
2234 76 82
2235 76 83
2236 76 84
2237 76 85
2238 76 86
2239 76 87
2240 76 88
2241 76 89
2242 76 90
2243 76 91
2244 76 92
2245 76 93
2246 76 94
2247 76 95
2248 76 96
2249 76 97
2250 76 98
2251 76 99
2252 76 100
2253 76 101
2254 76 102
2255 76 103
2256 76 104
2257 76 105
2258 76 106
2259 76 107
2260 76 108
2261 76 109
2262 76 110
2263 76 111
2264 76 112
2265 76 113
2266 76 114
2267 76 115
2268 76 116
2269 76 117
2270 76 118
2271 76 119
2272 76 120
2273 76 121
2274 76 122
2275 76 123
2276 76 124
2277 76 125
2278 76 126
2279 76 127
2280 77 78
2281 77 79
2282 77 80
2283 77 81
2284 77 82
2285 77 83
2286 77 84
2287 77 85
2288 77 86
2289 77 87
2290 77 88
2291 77 89
2292 77 90
2293 77 91
2294 77 92
2295 77 93
2296 77 94
2297 77 95
2298 77 96
2299 77 97
2300 77 98
2301 77 99
2302 77 100
2303 77 101
2304 77 102
2305 77 103
2306 77 104
2307 77 105
2308 77 106
2309 77 107
2310 77 108
2311 77 111
2312 77 112
2313 77 113
2314 77 117
2315 77 120
2316 77 121
2317 77 122
2318 77 123
2319 77 124
2320 77 125
2321 78 79
2322 78 80
2323 78 81
2324 78 82
2325 78 83
2326 78 84
2327 78 85
2328 78 86
2329 78 87
2330 78 88
2331 78 89
2332 78 90
2333 78 91
2334 78 92
2335 78 93
2336 78 94
2337 78 95
2338 78 96
2339 78 97
2340 78 98
2341 78 99
2342 78 100
2343 78 101
2344 78 102
2345 78 103
2346 78 104
2347 78 105
2348 78 106
2349 78 107
2350 78 108
2351 78 109
2352 78 110
2353 78 111
2354 78 112
2355 78 113
2356 78 114
2357 78 115
2358 78 116
2359 78 117
2360 78 118
2361 78 119
2362 78 120
2363 78 121
2364 78 122
2365 78 123
2366 78 124
2367 78 125
2368 78 126
2369 78 127
2370 79 80
2371 79 81
2372 79 82
2373 79 83
2374 79 84
2375 79 85
2376 79 87
2377 79 88
2378 79 89
2379 79 90
2380 79 91
2381 79 92
2382 79 93
2383 79 94
2384 79 95
2385 79 96
2386 79 97
2387 79 98
2388 79 99
2389 79 100
2390 79 101
2391 79 102
2392 79 103
2393 79 104
2394 79 105
2395 79 106
2396 79 107
2397 79 108
2398 79 111
2399 79 112
2400 79 113
2401 79 117
2402 79 121
2403 79 122
2404 79 123
2405 79 129
2406 79 130
2407 79 131
2408 79 132
2409 80 81
2410 80 82
2411 80 83
2412 80 84
2413 80 85
2414 80 86
2415 80 87
2416 80 88
2417 80 89
2418 80 90
2419 80 91
2420 80 92
2421 80 93
2422 80 94
2423 80 95
2424 80 96
2425 80 97
2426 80 98
2427 80 99
2428 80 100
2429 80 101
2430 80 102
2431 80 103
2432 80 104
2433 80 105
2434 80 106
2435 80 107
2436 80 108
2437 80 109
2438 80 110
2439 80 111
2440 80 112
2441 80 113
2442 80 114
2443 80 115
2444 80 116
2445 80 117
2446 80 118
2447 80 119
2448 80 120
2449 80 121
2450 80 122
2451 80 123
2452 80 124
2453 80 125
2454 80 126
2455 80 127
2456 81 82
2457 81 83
2458 81 84
2459 81 85
2460 81 87
2461 81 88
2462 81 89
2463 81 90
2464 81 91
2465 81 92
2466 81 93
2467 81 94
2468 81 95
2469 81 96
2470 81 97
2471 81 98
2472 81 99
2473 81 100
2474 81 101
2475 81 102
2476 81 103
2477 81 104
2478 81 105
2479 81 106
2480 81 107
2481 81 108
2482 81 111
2483 81 112
2484 81 113
2485 81 117
2486 81 121
2487 81 122
2488 81 123
2489 81 129
2490 81 130
2491 81 131
2492 81 132
2493 82 83
2494 82 84
2495 82 85
2496 82 86
2497 82 87
2498 82 88
2499 82 89
2500 82 90
2501 82 91
2502 82 92
2503 82 93
2504 82 94
2505 82 95
2506 82 96
2507 82 97
2508 82 98
2509 82 99
2510 82 100
2511 82 101
2512 82 102
2513 82 103
2514 82 104
2515 82 105
2516 82 106
2517 82 107
2518 82 108
2519 82 109
2520 82 110
2521 82 111
2522 82 112
2523 82 113
2524 82 114
2525 82 115
2526 82 116
2527 82 117
2528 82 118
2529 82 120
2530 82 121
2531 82 122
2532 82 123
2533 82 124
2534 82 125
2535 83 84
2536 83 85
2537 83 86
2538 83 87
2539 83 88
2540 83 89
2541 83 90
2542 83 91
2543 83 92
2544 83 93
2545 83 94
2546 83 95
2547 83 96
2548 83 97
2549 83 98
2550 83 99
2551 83 100
2552 83 101
2553 83 102
2554 83 103
2555 83 104
2556 83 105
2557 83 106
2558 83 107
2559 83 108
2560 83 109
2561 83 110
2562 83 111
2563 83 112
2564 83 113
2565 83 114
2566 83 115
2567 83 116
2568 83 117
2569 83 118
2570 83 119
2571 83 120
2572 83 121
2573 83 122
2574 83 123
2575 83 124
2576 83 125
2577 84 85
2578 84 86
2579 84 87
2580 84 88
2581 84 89
2582 84 90
2583 84 91
2584 84 92
2585 84 93
2586 84 94
2587 84 95
2588 84 96
2589 84 97
2590 84 98
2591 84 99
2592 84 100
2593 84 101
2594 84 102
2595 84 103
2596 84 104
2597 84 105
2598 84 106
2599 84 107
2600 84 108
2601 84 111
2602 84 112
2603 84 113
2604 84 114
2605 84 115
2606 84 116
2607 84 117
2608 84 118
2609 84 119
2610 84 124
2611 84 125
2612 85 86
2613 85 87
2614 85 88
2615 85 89
2616 85 90
2617 85 91
2618 85 92
2619 85 93
2620 85 94
2621 85 95
2622 85 96
2623 85 97
2624 85 98
2625 85 99
2626 85 100
2627 85 101
2628 85 102
2629 85 103
2630 85 104
2631 85 105
2632 85 106
2633 85 107
2634 85 108
2635 85 109
2636 85 110
2637 85 111
2638 85 112
2639 85 113
2640 85 114
2641 85 115
2642 85 116
2643 85 117
2644 85 118
2645 85 119
2646 85 121
2647 85 122
2648 85 123
2649 85 124
2650 85 125
2651 85 126
2652 85 127
2653 86 87
2654 86 88
2655 86 89
2656 86 90
2657 86 91
2658 86 92
2659 86 94
2660 86 95
2661 86 96
2662 86 97
2663 86 98
2664 86 99
2665 86 100
2666 86 101
2667 86 102
2668 86 103
2669 86 104
2670 86 105
2671 86 106
2672 86 107
2673 86 108
2674 86 111
2675 86 112
2676 86 113
2677 86 114
2678 86 115
2679 86 116
2680 86 117
2681 86 118
2682 86 119
2683 86 124
2684 87 88
2685 87 89
2686 87 90
2687 87 91
2688 87 92
2689 87 93
2690 87 94
2691 87 95
2692 87 96
2693 87 97
2694 87 98
2695 87 99
2696 87 100
2697 87 101
2698 87 102
2699 87 103
2700 87 104
2701 87 105
2702 87 106
2703 87 107
2704 87 108
2705 87 109
2706 87 110
2707 87 111
2708 87 112
2709 87 113
2710 87 114
2711 87 115
2712 87 116
2713 87 117
2714 87 118
2715 87 119
2716 87 121
2717 87 122
2718 87 123
2719 87 124
2720 87 125
2721 87 128
2722 88 89
2723 88 90
2724 88 91
2725 88 92
2726 88 93
2727 88 94
2728 88 95
2729 88 96
2730 88 97
2731 88 98
2732 88 99
2733 88 100
2734 88 101
2735 88 102
2736 88 103
2737 88 104
2738 88 105
2739 88 106
2740 88 107
2741 88 108
2742 88 109
2743 88 110
2744 88 111
2745 88 112
2746 88 113
2747 88 114
2748 88 115
2749 88 116
2750 88 117
2751 88 118
2752 88 119
2753 88 121
2754 88 122
2755 88 123
2756 88 124
2757 88 125
2758 88 126
2759 88 127
2760 89 90
2761 89 91
2762 89 92
2763 89 93
2764 89 94
2765 89 95
2766 89 96
2767 89 97
2768 89 98
2769 89 99
2770 89 100
2771 89 101
2772 89 102
2773 89 103
2774 89 104
2775 89 105
2776 89 106
2777 89 107
2778 89 108
2779 89 109
2780 89 110
2781 89 111
2782 89 112
2783 89 113
2784 89 114
2785 89 115
2786 89 116
2787 89 117
2788 89 118
2789 89 119
2790 89 121
2791 89 122
2792 89 123
2793 89 124
2794 89 125
2795 89 128
2796 90 91
2797 90 92
2798 90 93
2799 90 94
2800 90 95
2801 90 96
2802 90 97
2803 90 98
2804 90 99
2805 90 100
2806 90 101
2807 90 102
2808 90 103
2809 90 104
2810 90 105
2811 90 106
2812 90 107
2813 90 108
2814 90 111
2815 90 112
2816 90 113
2817 90 114
2818 90 115
2819 90 116
2820 90 117
2821 90 118
2822 90 119
2823 90 124
2824 90 125
2825 91 92
2826 91 93
2827 91 94
2828 91 95
2829 91 96
2830 91 97
2831 91 98
2832 91 99
2833 91 100
2834 91 101
2835 91 102
2836 91 103
2837 91 104
2838 91 105
2839 91 106
2840 91 107
2841 91 108
2842 91 109
2843 91 110
2844 91 111
2845 91 112
2846 91 113
2847 91 114
2848 91 115
2849 91 116
2850 91 117
2851 91 118
2852 91 119
2853 91 121
2854 91 122
2855 91 123
2856 91 124
2857 91 125
2858 91 128
2859 92 93
2860 92 94
2861 92 95
2862 92 96
2863 92 97
2864 92 98
2865 92 99
2866 92 100
2867 92 101
2868 92 102
2869 92 103
2870 92 104
2871 92 105
2872 92 106
2873 92 107
2874 92 108
2875 92 111
2876 92 112
2877 92 113
2878 92 114
2879 92 115
2880 92 116
2881 92 117
2882 92 118
2883 92 119
2884 92 120
2885 92 121
2886 92 122
2887 92 123
2888 92 124
2889 92 125
2890 93 94
2891 93 95
2892 93 96
2893 93 97
2894 93 98
2895 93 99
2896 93 100
2897 93 101
2898 93 102
2899 93 103
2900 93 104
2901 93 105
2902 93 106
2903 93 107
2904 93 108
2905 93 111
2906 93 112
2907 93 113
2908 93 117
2909 93 121
2910 93 122
2911 93 123
2912 93 129
2913 93 130
2914 93 131
2915 93 132
2916 93 133
2917 93 134
2918 94 95
2919 94 96
2920 94 97
2921 94 98
2922 94 99
2923 94 100
2924 94 101
2925 94 102
2926 94 103
2927 94 104
2928 94 105
2929 94 106
2930 94 107
2931 94 108
2932 94 109
2933 94 110
2934 94 111
2935 94 112
2936 94 113
2937 94 114
2938 94 115
2939 94 116
2940 94 117
2941 94 118
2942 94 119
2943 94 124
2944 94 125
2945 94 128
2946 95 96
2947 95 97
2948 95 98
2949 95 99
2950 95 100
2951 95 101
2952 95 102
2953 95 103
2954 95 104
2955 95 105
2956 95 106
2957 95 107
2958 95 108
2959 95 111
2960 95 112
2961 95 113
2962 95 117
2963 95 121
2964 95 122
2965 95 123
2966 95 129
2967 95 130
2968 95 131
2969 95 132
2970 95 133
2971 95 134
2972 96 97
2973 96 98
2974 96 99
2975 96 100
2976 96 101
2977 96 102
2978 96 103
2979 96 104
2980 96 105
2981 96 106
2982 96 107
2983 96 108
2984 96 109
2985 96 110
2986 96 111
2987 96 112
2988 96 113
2989 96 117
2990 96 120
2991 96 121
2992 96 122
2993 96 123
2994 96 125
2995 96 126
2996 96 127
2997 97 98
2998 97 99
2999 97 100
3000 97 101
3001 97 102
3002 97 103
3003 97 104
3004 97 105
3005 97 106
3006 97 107
3007 97 108
3008 97 111
3009 97 112
3010 97 113
3011 97 117
3012 97 119
3013 97 120
3014 97 121
3015 97 122
3016 97 123
3017 97 124
3018 97 125
3019 97 126
3020 97 127
3021 98 99
3022 98 100
3023 98 101
3024 98 102
3025 98 103
3026 98 104
3027 98 105
3028 98 106
3029 98 107
3030 98 108
3031 98 109
3032 98 110
3033 98 111
3034 98 112
3035 98 113
3036 98 114
3037 98 115
3038 98 116
3039 98 117
3040 98 118
3041 98 119
3042 98 120
3043 98 121
3044 98 122
3045 98 123
3046 98 124
3047 98 125
3048 98 126
3049 98 127
3050 99 100
3051 99 101
3052 99 102
3053 99 103
3054 99 104
3055 99 105
3056 99 106
3057 99 107
3058 99 108
3059 99 111
3060 99 112
3061 99 113
3062 99 114
3063 99 115
3064 99 116
3065 99 117
3066 99 118
3067 99 119
3068 99 120
3069 99 121
3070 99 122
3071 99 123
3072 99 124
3073 99 125
3074 100 101
3075 100 102
3076 100 103
3077 100 104
3078 100 105
3079 100 106
3080 100 107
3081 100 108
3082 100 111
3083 100 112
3084 100 113
3085 100 114
3086 100 115
3087 100 116
3088 100 117
3089 100 118
3090 100 119
3091 100 121
3092 100 122
3093 100 123
3094 100 124
3095 100 125
3096 101 102
3097 101 103
3098 101 104
3099 101 105
3100 101 106
3101 101 107
3102 101 108
3103 101 111
3104 101 112
3105 101 113
3106 101 114
3107 101 115
3108 101 116
3109 101 117
3110 101 118
3111 101 119
3112 101 120
3113 101 121
3114 101 122
3115 101 123
3116 101 124
3117 101 125
3118 101 126
3119 101 127
3120 102 103
3121 102 104
3122 102 105
3123 102 106
3124 102 107
3125 102 108
3126 102 111
3127 102 112
3128 102 113
3129 102 114
3130 102 115
3131 102 116
3132 102 117
3133 102 118
3134 102 119
3135 102 124
3136 103 104
3137 103 105
3138 103 106
3139 103 107
3140 103 108
3141 103 111
3142 103 112
3143 103 113
3144 103 117
3145 103 121
3146 103 122
3147 103 123
3148 103 125
3149 103 126
3150 103 127
3151 104 105
3152 104 106
3153 104 107
3154 104 108
3155 104 109
3156 104 110
3157 104 111
3158 104 112
3159 104 113
3160 104 114
3161 104 115
3162 104 116
3163 104 117
3164 104 118
3165 104 119
3166 104 121
3167 104 122
3168 104 123
3169 104 124
3170 104 125
3171 104 126
3172 104 127
3173 105 106
3174 105 107
3175 105 108
3176 105 111
3177 105 112
3178 105 113
3179 105 114
3180 105 115
3181 105 116
3182 105 117
3183 105 118
3184 105 119
3185 105 124
3186 105 125
3187 106 107
3188 106 108
3189 106 111
3190 106 112
3191 106 113
3192 106 114
3193 106 115
3194 106 116
3195 106 117
3196 106 118
3197 106 119
3198 106 124
3199 107 108
3200 107 111
3201 107 112
3202 107 113
3203 107 114
3204 107 115
3205 107 116
3206 107 117
3207 107 118
3208 107 119
3209 107 120
3210 107 121
3211 107 122
3212 107 123
3213 107 124
3214 107 125
3215 108 111
3216 108 112
3217 108 113
3218 108 114
3219 108 115
3220 108 116
3221 108 117
3222 108 118
3223 108 119
3224 108 121
3225 108 122
3226 108 124
3227 108 125
3228 109 110
3229 109 111
3230 109 112
3231 110 111
3232 110 112
3233 111 112
3234 111 113
3235 111 114
3236 111 115
3237 111 116
3238 111 117
3239 111 118
3240 111 119
3241 111 121
3242 111 122
3243 111 123
3244 111 124
3245 111 125
3246 111 128
3247 112 113
3248 112 114
3249 112 115
3250 112 116
3251 112 117
3252 112 118
3253 112 119
3254 112 124
3255 112 125
3256 112 128
3257 113 114
3258 113 115
3259 113 116
3260 113 117
3261 113 118
3262 113 119
3263 113 124
3264 113 125
3265 114 115
3266 114 116
3267 114 117
3268 114 118
3269 114 128
3270 115 116
3271 115 117
3272 115 118
3273 115 128
3274 116 117
3275 116 118
3276 116 128
3277 117 118
3278 117 119
3279 117 120
3280 117 124
3281 117 125
3282 118 128
3283 119 124
3284 119 125
3285 121 122
3286 121 123
3287 121 126
3288 121 127
3289 122 123
3290 122 126
3291 122 127
3292 123 126
3293 123 127
3294 124 125
3295 126 127
3296 129 130
3297 129 131
3298 129 132
3299 129 134
3300 130 131
3301 130 132
3302 130 134
3303 131 132
3304 131 133
3305 131 134
3306 132 133
3307 132 134
3308 133 134
3309 137 138
3310 139 140
3311 139 141
3312 140 141
3313 142 143
3314 142 144
3315 142 145
3316 142 147
3317 142 153
3318 142 154
3319 143 144
3320 143 145
3321 143 147
3322 143 153
3323 143 154
3324 144 145
3325 144 147
3326 144 153
3327 144 154
3328 145 147
3329 145 153
3330 145 154
3331 147 153
3332 147 154
3333 148 149
3334 148 150
3335 148 151
3336 149 150
3337 149 151
3338 150 151
3339 152 155
3340 152 156
3341 153 154
3342 155 156
3343 157 196
3344 157 197
3345 157 198
3346 157 199
3347 157 201
3348 157 202
3349 157 203
3350 157 204
3351 157 205
3352 157 206
3353 157 207
3354 157 208
3355 157 209
3356 157 210
3357 157 211
3358 157 212
3359 157 213
3360 157 214
3361 160 161
3362 160 207
3363 160 208
3364 160 209
3365 160 210
3366 160 211
3367 160 212
3368 160 214
3369 160 219
3370 161 186
3371 161 187
3372 161 207
3373 161 208
3374 161 209
3375 161 210
3376 161 211
3377 161 212
3378 161 214
3379 161 218
3380 161 219
3381 162 163
3382 162 164
3383 162 173
3384 162 176
3385 163 164
3386 163 173
3387 163 176
3388 164 173
3389 164 176
3390 166 171
3391 167 168
3392 167 169
3393 168 169
3394 170 175
3395 173 176
3396 177 178
3397 179 221
3398 180 181
3399 182 183
3400 186 187
3401 186 207
3402 186 208
3403 186 209
3404 186 210
3405 186 211
3406 186 212
3407 186 214
3408 186 215
3409 186 216
3410 186 217
3411 186 218
3412 186 219
3413 187 207
3414 187 208
3415 187 209
3416 187 210
3417 187 211
3418 187 212
3419 187 214
3420 187 215
3421 187 216
3422 187 217
3423 187 218
3424 187 219
3425 189 190
3426 189 191
3427 189 192
3428 189 193
3429 190 191
3430 190 192
3431 190 193
3432 190 194
3433 191 192
3434 191 193
3435 192 193
3436 196 197
3437 196 198
3438 196 199
3439 196 201
3440 196 202
3441 196 203
3442 196 204
3443 196 205
3444 196 206
3445 196 207
3446 196 208
3447 196 209
3448 196 210
3449 196 211
3450 196 212
3451 196 213
3452 196 214
3453 197 198
3454 197 199
3455 197 202
3456 197 203
3457 197 204
3458 197 205
3459 197 206
3460 197 207
3461 197 208
3462 197 209
3463 197 210
3464 197 211
3465 197 212
3466 197 214
3467 197 217
3468 197 218
3469 198 199
3470 198 201
3471 198 202
3472 198 203
3473 198 204
3474 198 205
3475 198 206
3476 198 207
3477 198 208
3478 198 209
3479 198 210
3480 198 211
3481 198 212
3482 198 213
3483 198 214
3484 199 201
3485 199 202
3486 199 203
3487 199 204
3488 199 205
3489 199 206
3490 199 207
3491 199 208
3492 199 209
3493 199 210
3494 199 211
3495 199 212
3496 199 213
3497 199 214
3498 201 203
3499 201 204
3500 201 205
3501 201 206
3502 201 213
3503 202 203
3504 202 204
3505 202 205
3506 202 206
3507 202 207
3508 202 208
3509 202 209
3510 202 210
3511 202 211
3512 202 212
3513 202 214
3514 202 217
3515 202 218
3516 203 204
3517 203 205
3518 203 206
3519 203 207
3520 203 208
3521 203 209
3522 203 210
3523 203 211
3524 203 212
3525 203 213
3526 203 214
3527 204 205
3528 204 206
3529 204 207
3530 204 208
3531 204 209
3532 204 210
3533 204 211
3534 204 212
3535 204 213
3536 204 214
3537 205 206
3538 205 207
3539 205 208
3540 205 209
3541 205 210
3542 205 211
3543 205 212
3544 205 213
3545 205 214
3546 206 207
3547 206 208
3548 206 209
3549 206 210
3550 206 211
3551 206 212
3552 206 213
3553 206 214
3554 207 208
3555 207 209
3556 207 210
3557 207 211
3558 207 212
3559 207 213
3560 207 214
3561 207 215
3562 207 217
3563 207 218
3564 207 219
3565 208 209
3566 208 210
3567 208 211
3568 208 212
3569 208 213
3570 208 214
3571 208 215
3572 208 217
3573 208 218
3574 208 219
3575 209 210
3576 209 211
3577 209 212
3578 209 213
3579 209 214
3580 209 215
3581 209 217
3582 209 218
3583 209 219
3584 210 211
3585 210 212
3586 210 213
3587 210 214
3588 210 215
3589 210 217
3590 210 218
3591 210 219
3592 211 212
3593 211 213
3594 211 214
3595 211 215
3596 211 217
3597 211 218
3598 211 219
3599 212 213
3600 212 214
3601 212 215
3602 212 217
3603 212 218
3604 212 219
3605 213 214
3606 214 215
3607 214 217
3608 214 218
3609 214 219
3610 215 216
3611 215 217
3612 215 218
3613 215 219
3614 216 217
3615 216 218
3616 217 218
3617 217 219
3618 218 219
3619 222 226
3620 222 227
3621 222 228
3622 223 224
3623 223 225
3624 223 227
3625 224 225
3626 224 227
3627 225 227
3628 226 227
3629 226 228
3630 227 228
3631 230 231
3632 230 232
3633 231 232
