1 1 2
2 1 3
3 1 4
4 1 5
5 1 6
6 1 7
7 2 3
8 2 4
9 2 5
10 2 6
11 2 7
12 3 4
13 3 5
14 3 6
15 3 7
16 4 5
17 4 6
18 4 7
19 5 6
20 5 7
21 6 7
22 8 9
23 11 12
24 11 13
25 11 14
26 11 15
27 11 37
28 11 38
29 11 39
30 11 40
31 11 167
32 11 168
33 11 169
34 11 184
35 12 13
36 12 14
37 12 15
38 12 37
39 12 38
40 12 39
41 12 40
42 12 167
43 12 168
44 12 169
45 12 184
46 13 14
47 13 15
48 13 37
49 13 38
50 13 39
51 13 40
52 13 169
53 13 184
54 14 15
55 14 37
56 14 38
57 14 39
58 14 40
59 14 169
60 14 184
61 15 37
62 15 38
63 15 39
64 15 40
65 15 169
66 15 184
67 16 18
68 16 21
69 16 22
70 16 29
71 16 32
72 16 41
73 16 42
74 16 43
75 16 44
76 16 45
77 16 46
78 16 47
79 16 48
80 16 49
81 16 50
82 16 51
83 16 52
84 16 53
85 16 54
86 16 55
87 16 56
88 16 57
89 16 58
90 16 59
91 16 60
92 16 61
93 16 62
94 16 63
95 16 64
96 16 65
97 16 66
98 16 67
99 16 68
100 16 69
101 16 70
102 16 71
103 16 72
104 16 73
105 16 74
106 16 75
107 16 76
108 16 77
109 16 78
110 16 79
111 16 80
112 16 81
113 16 82
114 16 83
115 16 84
116 16 85
117 16 86
118 16 87
119 16 88
120 16 89
121 16 90
122 16 91
123 16 92
124 16 93
125 16 94
126 16 95
127 16 96
128 16 97
129 16 98
130 16 99
131 16 100
132 16 101
133 16 102
134 16 103
135 16 104
136 16 105
137 16 106
138 16 107
139 16 108
140 16 109
141 16 110
142 16 111
143 16 112
144 16 113
145 16 114
146 16 115
147 16 116
148 16 117
149 16 118
150 16 119
151 16 120
152 16 121
153 16 122
154 16 123
155 16 124
156 16 125
157 16 126
158 16 127
159 16 128
160 16 129
161 16 130
162 16 131
163 16 132
164 16 133
165 16 134
166 17 19
167 17 27
168 17 170
169 17 175
170 18 21
171 18 22
172 18 29
173 18 32
174 18 41
175 18 42
176 18 43
177 18 44
178 18 45
179 18 46
180 18 47
181 18 48
182 18 49
183 18 50
184 18 51
185 18 52
186 18 53
187 18 54
188 18 55
189 18 56
190 18 57
191 18 58
192 18 59
193 18 60
194 18 61
195 18 62
196 18 63
197 18 64
198 18 65
199 18 66
200 18 67
201 18 68
202 18 69
203 18 70
204 18 71
205 18 72
206 18 73
207 18 74
208 18 75
209 18 76
210 18 77
211 18 78
212 18 79
213 18 80
214 18 81
215 18 82
216 18 83
217 18 84
218 18 85
219 18 86
220 18 87
221 18 88
222 18 89
223 18 90
224 18 91
225 18 92
226 18 93
227 18 94
228 18 95
229 18 96
230 18 97
231 18 98
232 18 99
233 18 100
234 18 101
235 18 102
236 18 103
237 18 104
238 18 105
239 18 106
240 18 107
241 18 108
242 18 109
243 18 110
244 18 111
245 18 112
246 18 113
247 18 114
248 18 115
249 18 116
250 18 117
251 18 118
252 18 119
253 18 120
254 18 121
255 18 122
256 18 123
257 18 124
258 18 125
259 18 126
260 18 127
261 18 128
262 18 129
263 18 130
264 18 131
265 18 132
266 18 133
267 18 134
268 19 27
269 19 170
270 19 175
271 20 152
272 20 155
273 20 156
274 20 170
275 20 175
276 21 22
277 21 29
278 21 32
279 21 41
280 21 42
281 21 43
282 21 44
283 21 45
284 21 46
285 21 47
286 21 48
287 21 49
288 21 50
289 21 51
290 21 52
291 21 53
292 21 54
293 21 55
294 21 56
295 21 57
296 21 58
297 21 59
298 21 60
299 21 61
300 21 62
301 21 63
302 21 64
303 21 65
304 21 66
305 21 67
306 21 68
307 21 69
308 21 70
309 21 71
310 21 72
311 21 73
312 21 74
313 21 75
314 21 76
315 21 77
316 21 78
317 21 79
318 21 80
319 21 81
320 21 82
321 21 83
322 21 84
323 21 85
324 21 86
325 21 87
326 21 88
327 21 89
328 21 90
329 21 91
330 21 92
331 21 93
332 21 94
333 21 95
334 21 96
335 21 97
336 21 98
337 21 99
338 21 100
339 21 101
340 21 102
341 21 103
342 21 104
343 21 105
344 21 106
345 21 107
346 21 108
347 21 109
348 21 110
349 21 111
350 21 112
351 21 113
352 21 114
353 21 115
354 21 116
355 21 117
356 21 118
357 21 119
358 21 120
359 21 121
360 21 122
361 21 123
362 21 124
363 21 125
364 21 126
365 21 127
366 21 128
367 21 129
368 21 130
369 21 131
370 21 132
371 21 133
372 21 134
373 22 29
374 22 32
375 22 41
376 22 42
377 22 43
378 22 44
379 22 45
380 22 46
381 22 47
382 22 48
383 22 49
384 22 50
385 22 51
386 22 52
387 22 53
388 22 54
389 22 55
390 22 56
391 22 57
392 22 58
393 22 59
394 22 60
395 22 61
396 22 62
397 22 63
398 22 64
399 22 65
400 22 66
401 22 67
402 22 68
403 22 69
404 22 70
405 22 71
406 22 72
407 22 73
408 22 74
409 22 75
410 22 76
411 22 77
412 22 78
413 22 79
414 22 80
415 22 81
416 22 82
417 22 83
418 22 84
419 22 85
420 22 86
421 22 87
422 22 88
423 22 89
424 22 90
425 22 91
426 22 92
427 22 93
428 22 94
429 22 95
430 22 96
431 22 97
432 22 98
433 22 99
434 22 100
435 22 101
436 22 102
437 22 103
438 22 104
439 22 105
440 22 106
441 22 107
442 22 108
443 22 109
444 22 110
445 22 111
446 22 112
447 22 113
448 22 114
449 22 115
450 22 116
451 22 117
452 22 118
453 22 119
454 22 120
455 22 121
456 22 122
457 22 123
458 22 124
459 22 125
460 22 126
461 22 127
462 22 128
463 22 129
464 22 130
465 22 131
466 22 132
467 22 133
468 22 134
469 23 24
470 23 25
471 23 26
472 23 28
473 23 30
474 23 31
475 23 179
476 23 221
477 24 25
478 24 26
479 24 28
480 24 30
481 24 31
482 24 179
483 24 221
484 25 26
485 25 28
486 25 30
487 25 31
488 25 179
489 25 221
490 26 28
491 26 30
492 26 31
493 26 179
494 26 221
495 27 170
496 27 175
497 28 30
498 28 31
499 28 179
500 28 221
501 29 32
502 29 41
503 29 42
504 29 43
505 29 44
506 29 45
507 29 46
508 29 47
509 29 48
510 29 49
511 29 50
512 29 51
513 29 52
514 29 53
515 29 54
516 29 55
517 29 56
518 29 57
519 29 58
520 29 59
521 29 60
522 29 61
523 29 62
524 29 63
525 29 64
526 29 65
527 29 66
528 29 67
529 29 68
530 29 69
531 29 70
532 29 71
533 29 72
534 29 73
535 29 74
536 29 75
537 29 76
538 29 77
539 29 78
540 29 79
541 29 80
542 29 81
543 29 82
544 29 83
545 29 84
546 29 85
547 29 86
548 29 87
549 29 88
550 29 89
551 29 90
552 29 91
553 29 92
554 29 93
555 29 94
556 29 95
557 29 96
558 29 97
559 29 98
560 29 99
561 29 100
562 29 101
563 29 102
564 29 103
565 29 104
566 29 105
567 29 106
568 29 107
569 29 108
570 29 109
571 29 110
572 29 111
573 29 112
574 29 113
575 29 114
576 29 115
577 29 116
578 29 117
579 29 118
580 29 119
581 29 120
582 29 121
583 29 122
584 29 123
585 29 124
586 29 125
587 29 126
588 29 127
589 29 128
590 29 129
591 29 130
592 29 131
593 29 132
594 29 133
595 29 134
596 30 31
597 30 179
598 30 221
599 31 179
600 31 221
601 32 41
602 32 42
603 32 43
604 32 44
605 32 45
606 32 46
607 32 47
608 32 48
609 32 49
610 32 50
611 32 51
612 32 52
613 32 53
614 32 54
615 32 55
616 32 56
617 32 57
618 32 58
619 32 59
620 32 60
621 32 61
622 32 62
623 32 63
624 32 64
625 32 65
626 32 66
627 32 67
628 32 68
629 32 69
630 32 70
631 32 71
632 32 72
633 32 73
634 32 74
635 32 75
636 32 76
637 32 77
638 32 78
639 32 79
640 32 80
641 32 81
642 32 82
643 32 83
644 32 84
645 32 85
646 32 86
647 32 87
648 32 88
649 32 89
650 32 90
651 32 91
652 32 92
653 32 93
654 32 94
655 32 95
656 32 96
657 32 97
658 32 98
659 32 99
660 32 100
661 32 101
662 32 102
663 32 103
664 32 104
665 32 105
666 32 106
667 32 107
668 32 108
669 32 109
670 32 110
671 32 111
672 32 112
673 32 113
674 32 114
675 32 115
676 32 116
677 32 117
678 32 118
679 32 119
680 32 120
681 32 121
682 32 122
683 32 123
684 32 124
685 32 125
686 32 126
687 32 127
688 32 128
689 32 129
690 32 130
691 32 131
692 32 132
693 32 133
694 32 134
695 34 35
696 34 36
697 35 36
698 37 38
699 37 39
700 37 40
701 37 167
702 37 168
703 37 169
704 37 184
705 38 39
706 38 40
707 38 167
708 38 168
709 38 169
710 38 184
711 39 40
712 39 167
713 39 168
714 39 169
715 39 184
716 40 167
717 40 168
718 40 169
719 40 184
720 41 42
721 41 43
722 41 44
723 41 45
724 41 46
725 41 47
726 41 48
727 41 49
728 41 50
729 41 51
730 41 52
731 41 53
732 41 54
733 41 55
734 41 56
735 41 57
736 41 58
737 41 59
738 41 60
739 41 61
740 41 62
741 41 63
742 41 64
743 41 65
744 41 66
745 41 67
746 41 68
747 41 69
748 41 70
749 41 71
750 41 72
751 41 73
752 41 74
753 41 75
754 41 76
755 41 77
756 41 78
757 41 79
758 41 80
759 41 81
760 41 82
761 41 83
762 41 84
763 41 85
764 41 86
765 41 87
766 41 88
767 41 89
768 41 90
769 41 91
770 41 92
771 41 93
772 41 94
773 41 95
774 41 96
775 41 97
776 41 98
777 41 99
778 41 100
779 41 101
780 41 102
781 41 103
782 41 104
783 41 105
784 41 106
785 41 107
786 41 108
787 41 109
788 41 110
789 41 111
790 41 112
791 41 113
792 41 114
793 41 115
794 41 116
795 41 117
796 41 118
797 41 119
798 41 120
799 41 121
800 41 122
801 41 123
802 41 124
803 41 125
804 41 126
805 41 127
806 41 128
807 41 129
808 41 130
809 41 131
810 41 132
811 41 133
812 41 134
813 42 43
814 42 44
815 42 45
816 42 46
817 42 47
818 42 48
819 42 49
820 42 50
821 42 51
822 42 52
823 42 53
824 42 54
825 42 55
826 42 56
827 42 57
828 42 58
829 42 59
830 42 60
831 42 61
832 42 62
833 42 63
834 42 64
835 42 65
836 42 66
837 42 67
838 42 68
839 42 69
840 42 70
841 42 71
842 42 72
843 42 73
844 42 74
845 42 75
846 42 76
847 42 77
848 42 78
849 42 79
850 42 80
851 42 81
852 42 82
853 42 83
854 42 84
855 42 85
856 42 86
857 42 87
858 42 88
859 42 89
860 42 90
861 42 91
862 42 92
863 42 93
864 42 94
865 42 95
866 42 96
867 42 97
868 42 98
869 42 99
870 42 100
871 42 101
872 42 102
873 42 103
874 42 104
875 42 105
876 42 106
877 42 107
878 42 108
879 42 109
880 42 110
881 42 111
882 42 112
883 42 113
884 42 114
885 42 115
886 42 116
887 42 117
888 42 118
889 42 119
890 42 120
891 42 121
892 42 122
893 42 123
894 42 124
895 42 125
896 42 126
897 42 127
898 42 128
899 42 129
900 42 130
901 42 131
902 42 132
903 42 133
904 42 134
905 43 44
906 43 45
907 43 46
908 43 47
909 43 48
910 43 49
911 43 50
912 43 51
913 43 52
914 43 53
915 43 54
916 43 55
917 43 56
918 43 57
919 43 58
920 43 59
921 43 60
922 43 61
923 43 62
924 43 63
925 43 64
926 43 65
927 43 66
928 43 67
929 43 68
930 43 69
931 43 70
932 43 71
933 43 72
934 43 73
935 43 74
936 43 75
937 43 76
938 43 77
939 43 78
940 43 79
941 43 80
942 43 81
943 43 82
944 43 83
945 43 84
946 43 85
947 43 86
948 43 87
949 43 88
950 43 89
951 43 90
952 43 91
953 43 92
954 43 93
955 43 94
956 43 95
957 43 96
958 43 97
959 43 98
960 43 99
961 43 100
962 43 101
963 43 102
964 43 103
965 43 104
966 43 105
967 43 106
968 43 107
969 43 108
970 43 109
971 43 110
972 43 111
973 43 112
974 43 113
975 43 114
976 43 115
977 43 116
978 43 117
979 43 118
980 43 119
981 43 120
982 43 121
983 43 122
984 43 123
985 43 124
986 43 125
987 43 126
988 43 127
989 43 128
990 43 129
991 43 130
992 43 131
993 43 132
994 43 133
995 43 134
996 44 45
997 44 46
998 44 47
999 44 48
1000 44 49
1001 44 50
1002 44 51
1003 44 52
1004 44 53
1005 44 54
1006 44 55
1007 44 56
1008 44 57
1009 44 58
1010 44 59
1011 44 60
1012 44 61
1013 44 62
1014 44 63
1015 44 64
1016 44 65
1017 44 66
1018 44 67
1019 44 68
1020 44 69
1021 44 70
1022 44 71
1023 44 72
1024 44 73
1025 44 74
1026 44 75
1027 44 76
1028 44 77
1029 44 78
1030 44 79
1031 44 80
1032 44 81
1033 44 82
1034 44 83
1035 44 84
1036 44 85
1037 44 86
1038 44 87
1039 44 88
1040 44 89
1041 44 90
1042 44 91
1043 44 92
1044 44 93
1045 44 94
1046 44 95
1047 44 96
1048 44 97
1049 44 98
1050 44 99
1051 44 100
1052 44 101
1053 44 102
1054 44 103
1055 44 104
1056 44 105
1057 44 106
1058 44 107
1059 44 108
1060 44 109
1061 44 110
1062 44 111
1063 44 112
1064 44 113
1065 44 114
1066 44 115
1067 44 116
1068 44 117
1069 44 118
1070 44 119
1071 44 120
1072 44 121
1073 44 122
1074 44 123
1075 44 124
1076 44 125
1077 44 126
1078 44 127
1079 44 128
1080 44 129
1081 44 130
1082 44 131
1083 44 132
1084 44 133
1085 44 134
1086 45 46
1087 45 47
1088 45 48
1089 45 49
1090 45 50
1091 45 51
1092 45 52
1093 45 53
1094 45 54
1095 45 55
1096 45 56
1097 45 57
1098 45 58
1099 45 59
1100 45 60
1101 45 61
1102 45 62
1103 45 63
1104 45 64
1105 45 65
1106 45 66
1107 45 67
1108 45 68
1109 45 69
1110 45 70
1111 45 71
1112 45 72
1113 45 73
1114 45 74
1115 45 75
1116 45 76
1117 45 77
1118 45 78
1119 45 79
1120 45 80
1121 45 81
1122 45 82
1123 45 83
1124 45 84
1125 45 85
1126 45 86
1127 45 87
1128 45 88
1129 45 89
1130 45 90
1131 45 91
1132 45 92
1133 45 93
1134 45 94
1135 45 95
1136 45 96
1137 45 97
1138 45 98
1139 45 99
1140 45 100
1141 45 101
1142 45 102
1143 45 103
1144 45 104
1145 45 105
1146 45 106
1147 45 107
1148 45 108
1149 45 109
1150 45 110
1151 45 111
1152 45 112
1153 45 113
1154 45 114
1155 45 115
1156 45 116
1157 45 117
1158 45 118
1159 45 119
1160 45 120
1161 45 121
1162 45 122
1163 45 123
1164 45 124
1165 45 125
1166 45 126
1167 45 127
1168 45 128
1169 45 129
1170 45 130
1171 45 131
1172 45 132
1173 45 133
1174 45 134
1175 46 47
1176 46 48
1177 46 49
1178 46 50
1179 46 51
1180 46 52
1181 46 53
1182 46 54
1183 46 55
1184 46 56
1185 46 57
1186 46 58
1187 46 59
1188 46 60
1189 46 61
1190 46 62
1191 46 63
1192 46 64
1193 46 65
1194 46 66
1195 46 67
1196 46 68
1197 46 69
1198 46 70
1199 46 71
1200 46 72
1201 46 73
1202 46 74
1203 46 75
1204 46 76
1205 46 77
1206 46 78
1207 46 79
1208 46 80
1209 46 81
1210 46 82
1211 46 83
1212 46 84
1213 46 85
1214 46 86
1215 46 87
1216 46 88
1217 46 89
1218 46 90
1219 46 91
1220 46 92
1221 46 93
1222 46 94
1223 46 95
1224 46 96
1225 46 97
1226 46 98
1227 46 99
1228 46 100
1229 46 101
1230 46 102
1231 46 103
1232 46 104
1233 46 105
1234 46 106
1235 46 107
1236 46 108
1237 46 109
1238 46 110
1239 46 111
1240 46 112
1241 46 113
1242 46 114
1243 46 115
1244 46 116
1245 46 117
1246 46 118
1247 46 119
1248 46 120
1249 46 121
1250 46 122
1251 46 123
1252 46 124
1253 46 125
1254 46 126
1255 46 127
1256 46 128
1257 46 129
1258 46 130
1259 46 131
1260 46 132
1261 46 133
1262 46 134
1263 47 48
1264 47 49
1265 47 50
1266 47 51
1267 47 52
1268 47 53
1269 47 54
1270 47 55
1271 47 56
1272 47 57
1273 47 58
1274 47 59
1275 47 60
1276 47 61
1277 47 62
1278 47 63
1279 47 64
1280 47 65
1281 47 66
1282 47 67
1283 47 68
1284 47 69
1285 47 70
1286 47 71
1287 47 72
1288 47 73
1289 47 74
1290 47 75
1291 47 76
1292 47 77
1293 47 78
1294 47 79
1295 47 80
1296 47 81
1297 47 82
1298 47 83
1299 47 84
1300 47 85
1301 47 86
1302 47 87
1303 47 88
1304 47 89
1305 47 90
1306 47 91
1307 47 92
1308 47 93
1309 47 94
1310 47 95
1311 47 96
1312 47 97
1313 47 98
1314 47 99
1315 47 100
1316 47 101
1317 47 102
1318 47 103
1319 47 104
1320 47 105
1321 47 106
1322 47 107
1323 47 108
1324 47 109
1325 47 110
1326 47 111
1327 47 112
1328 47 113
1329 47 114
1330 47 115
1331 47 116
1332 47 117
1333 47 118
1334 47 119
1335 47 120
1336 47 121
1337 47 122
1338 47 123
1339 47 124
1340 47 125
1341 47 126
1342 47 127
1343 47 128
1344 47 129
1345 47 130
1346 47 131
1347 47 132
1348 47 133
1349 47 134
1350 48 49
1351 48 50
1352 48 51
1353 48 52
1354 48 53
1355 48 54
1356 48 55
1357 48 56
1358 48 57
1359 48 58
1360 48 59
1361 48 60
1362 48 61
1363 48 62
1364 48 63
1365 48 64
1366 48 65
1367 48 66
1368 48 67
1369 48 68
1370 48 69
1371 48 70
1372 48 71
1373 48 72
1374 48 73
1375 48 74
1376 48 75
1377 48 76
1378 48 77
1379 48 78
1380 48 79
1381 48 80
1382 48 81
1383 48 82
1384 48 83
1385 48 84
1386 48 85
1387 48 86
1388 48 87
1389 48 88
1390 48 89
1391 48 90
1392 48 91
1393 48 92
1394 48 93
1395 48 94
1396 48 95
1397 48 96
1398 48 97
1399 48 98
1400 48 99
1401 48 100
1402 48 101
1403 48 102
1404 48 103
1405 48 104
1406 48 105
1407 48 106
1408 48 107
1409 48 108
1410 48 109
1411 48 110
1412 48 111
1413 48 112
1414 48 113
1415 48 114
1416 48 115
1417 48 116
1418 48 117
1419 48 118
1420 48 119
1421 48 120
1422 48 121
1423 48 122
1424 48 123
1425 48 124
1426 48 125
1427 48 126
1428 48 127
1429 48 128
1430 48 129
1431 48 130
1432 48 131
1433 48 132
1434 48 133
1435 48 134
1436 49 50
1437 49 51
1438 49 52
1439 49 53
1440 49 54
1441 49 55
1442 49 56
1443 49 57
1444 49 58
1445 49 59
1446 49 60
1447 49 61
1448 49 62
1449 49 63
1450 49 64
1451 49 65
1452 49 66
1453 49 67
1454 49 68
1455 49 69
1456 49 70
1457 49 71
1458 49 72
1459 49 73
1460 49 74
1461 49 75
1462 49 76
1463 49 77
1464 49 78
1465 49 79
1466 49 80
1467 49 81
1468 49 82
1469 49 83
1470 49 84
1471 49 85
1472 49 86
1473 49 87
1474 49 88
1475 49 89
1476 49 90
1477 49 91
1478 49 92
1479 49 93
1480 49 94
1481 49 95
1482 49 96
1483 49 97
1484 49 98
1485 49 99
1486 49 100
1487 49 101
1488 49 102
1489 49 103
1490 49 104
1491 49 105
1492 49 106
1493 49 107
1494 49 108
1495 49 109
1496 49 110
1497 49 111
1498 49 112
1499 49 113
1500 49 114
1501 49 115
1502 49 116
1503 49 117
1504 49 118
1505 49 119
1506 49 120
1507 49 121
1508 49 122
1509 49 123
1510 49 124
1511 49 125
1512 49 126
1513 49 127
1514 49 128
1515 49 129
1516 49 130
1517 49 131
1518 49 132
1519 49 133
1520 49 134
1521 50 51
1522 50 52
1523 50 53
1524 50 54
1525 50 55
1526 50 56
1527 50 57
1528 50 58
1529 50 59
1530 50 60
1531 50 61
1532 50 62
1533 50 63
1534 50 64
1535 50 65
1536 50 66
1537 50 67
1538 50 68
1539 50 69
1540 50 70
1541 50 71
1542 50 72
1543 50 73
1544 50 74
1545 50 75
1546 50 76
1547 50 77
1548 50 78
1549 50 79
1550 50 80
1551 50 81
1552 50 82
1553 50 83
1554 50 84
1555 50 85
1556 50 86
1557 50 87
1558 50 88
1559 50 89
1560 50 90
1561 50 91
1562 50 92
1563 50 93
1564 50 94
1565 50 95
1566 50 96
1567 50 97
1568 50 98
1569 50 99
1570 50 100
1571 50 101
1572 50 102
1573 50 103
1574 50 104
1575 50 105
1576 50 106
1577 50 107
1578 50 108
1579 50 109
1580 50 110
1581 50 111
1582 50 112
1583 50 113
1584 50 114
1585 50 115
1586 50 116
1587 50 117
1588 50 118
1589 50 119
1590 50 120
1591 50 121
1592 50 122
1593 50 123
1594 50 124
1595 50 125
1596 50 126
1597 50 127
1598 50 128
1599 50 129
1600 50 130
1601 50 131
1602 50 132
1603 50 133
1604 50 134
1605 51 52
1606 51 53
1607 51 54
1608 51 55
1609 51 56
1610 51 57
1611 51 58
1612 51 59
1613 51 60
1614 51 61
1615 51 62
1616 51 63
1617 51 64
1618 51 65
1619 51 66
1620 51 67
1621 51 68
1622 51 69
1623 51 70
1624 51 71
1625 51 72
1626 51 73
1627 51 74
1628 51 75
1629 51 76
1630 51 77
1631 51 78
1632 51 79
1633 51 80
1634 51 81
1635 51 82
1636 51 83
1637 51 84
1638 51 85
1639 51 86
1640 51 87
1641 51 88
1642 51 89
1643 51 90
1644 51 91
1645 51 92
1646 51 93
1647 51 94
1648 51 95
1649 51 96
1650 51 97
1651 51 98
1652 51 99
1653 51 100
1654 51 101
1655 51 102
1656 51 103
1657 51 104
1658 51 105
1659 51 106
1660 51 107
1661 51 108
1662 51 109
1663 51 110
1664 51 111
1665 51 112
1666 51 113
1667 51 114
1668 51 115
1669 51 116
1670 51 117
1671 51 118
1672 51 119
1673 51 120
1674 51 121
1675 51 122
1676 51 123
1677 51 124
1678 51 125
1679 51 126
1680 51 127
1681 51 128
1682 51 129
1683 51 130
1684 51 131
1685 51 132
1686 51 133
1687 51 134
1688 52 53
1689 52 54
1690 52 55
1691 52 56
1692 52 57
1693 52 58
1694 52 59
1695 52 60
1696 52 61
1697 52 62
1698 52 63
1699 52 64
1700 52 65
1701 52 66
1702 52 67
1703 52 68
1704 52 69
1705 52 70
1706 52 71
1707 52 72
1708 52 73
1709 52 74
1710 52 75
1711 52 76
1712 52 77
1713 52 78
1714 52 79
1715 52 80
1716 52 81
1717 52 82
1718 52 83
1719 52 84
1720 52 85
1721 52 86
1722 52 87
1723 52 88
1724 52 89
1725 52 90
1726 52 91
1727 52 92
1728 52 93
1729 52 94
1730 52 95
1731 52 96
1732 52 97
1733 52 98
1734 52 99
1735 52 100
1736 52 101
1737 52 102
1738 52 103
1739 52 104
1740 52 105
1741 52 106
1742 52 107
1743 52 108
1744 52 109
1745 52 110
1746 52 111
1747 52 112
1748 52 113
1749 52 114
1750 52 115
1751 52 116
1752 52 117
1753 52 118
1754 52 119
1755 52 120
1756 52 121
1757 52 122
1758 52 123
1759 52 124
1760 52 125
1761 52 126
1762 52 127
1763 52 128
1764 52 129
1765 52 130
1766 52 131
1767 52 132
1768 52 133
1769 52 134
1770 53 54
1771 53 55
1772 53 56
1773 53 57
1774 53 58
1775 53 59
1776 53 60
1777 53 61
1778 53 62
1779 53 63
1780 53 64
1781 53 65
1782 53 66
1783 53 67
1784 53 68
1785 53 69
1786 53 70
1787 53 71
1788 53 72
1789 53 73
1790 53 74
1791 53 75
1792 53 76
1793 53 77
1794 53 78
1795 53 79
1796 53 80
1797 53 81
1798 53 82
1799 53 83
1800 53 84
1801 53 85
1802 53 86
1803 53 87
1804 53 88
1805 53 89
1806 53 90
1807 53 91
1808 53 92
1809 53 93
1810 53 94
1811 53 95
1812 53 96
1813 53 97
1814 53 98
1815 53 99
1816 53 100
1817 53 101
1818 53 102
1819 53 103
1820 53 104
1821 53 105
1822 53 106
1823 53 107
1824 53 108
1825 53 109
1826 53 110
1827 53 111
1828 53 112
1829 53 113
1830 53 114
1831 53 115
1832 53 116
1833 53 117
1834 53 118
1835 53 119
1836 53 120
1837 53 121
1838 53 122
1839 53 123
1840 53 124
1841 53 125
1842 53 126
1843 53 127
1844 53 128
1845 53 129
1846 53 130
1847 53 131
1848 53 132
1849 53 133
1850 53 134
1851 54 55
1852 54 56
1853 54 57
1854 54 58
1855 54 59
1856 54 60
1857 54 61
1858 54 62
1859 54 63
1860 54 64
1861 54 65
1862 54 66
1863 54 67
1864 54 68
1865 54 69
1866 54 70
1867 54 71
1868 54 72
1869 54 73
1870 54 74
1871 54 75
1872 54 76
1873 54 77
1874 54 78
1875 54 79
1876 54 80
1877 54 81
1878 54 82
1879 54 83
1880 54 84
1881 54 85
1882 54 86
1883 54 87
1884 54 88
1885 54 89
1886 54 90
1887 54 91
1888 54 92
1889 54 93
1890 54 94
1891 54 95
1892 54 96
1893 54 97
1894 54 98
1895 54 99
1896 54 100
1897 54 101
1898 54 102
1899 54 103
1900 54 104
1901 54 105
1902 54 106
1903 54 107
1904 54 108
1905 54 109
1906 54 110
1907 54 111
1908 54 112
1909 54 113
1910 54 114
1911 54 115
1912 54 116
1913 54 117
1914 54 118
1915 54 119
1916 54 120
1917 54 121
1918 54 122
1919 54 123
1920 54 124
1921 54 125
1922 54 126
1923 54 127
1924 54 128
1925 54 129
1926 54 130
1927 54 131
1928 54 132
1929 54 133
1930 54 134
1931 55 56
1932 55 57
1933 55 58
1934 55 59
1935 55 60
1936 55 61
1937 55 62
1938 55 63
1939 55 64
1940 55 65
1941 55 66
1942 55 67
1943 55 68
1944 55 69
1945 55 70
1946 55 71
1947 55 72
1948 55 73
1949 55 74
1950 55 75
1951 55 76
1952 55 77
1953 55 78
1954 55 79
1955 55 80
1956 55 81
1957 55 82
1958 55 83
1959 55 84
1960 55 85
1961 55 86
1962 55 87
1963 55 88
1964 55 89
1965 55 90
1966 55 91
1967 55 92
1968 55 93
1969 55 94
1970 55 95
1971 55 96
1972 55 97
1973 55 98
1974 55 99
1975 55 100
1976 55 101
1977 55 102
1978 55 103
1979 55 104
1980 55 105
1981 55 106
1982 55 107
1983 55 108
1984 55 109
1985 55 110
1986 55 111
1987 55 112
1988 55 113
1989 55 114
1990 55 115
1991 55 116
1992 55 117
1993 55 118
1994 55 119
1995 55 120
1996 55 121
1997 55 122
1998 55 123
1999 55 124
2000 55 125
2001 55 126
2002 55 127
2003 55 128
2004 55 129
2005 55 130
2006 55 131
2007 55 132
2008 55 133
2009 55 134
2010 56 57
2011 56 58
2012 56 59
2013 56 60
2014 56 61
2015 56 62
2016 56 63
2017 56 64
2018 56 65
2019 56 66
2020 56 67
2021 56 68
2022 56 69
2023 56 70
2024 56 71
2025 56 72
2026 56 73
2027 56 74
2028 56 75
2029 56 76
2030 56 77
2031 56 78
2032 56 79
2033 56 80
2034 56 81
2035 56 82
2036 56 83
2037 56 84
2038 56 85
2039 56 86
2040 56 87
2041 56 88
2042 56 89
2043 56 90
2044 56 91
2045 56 92
2046 56 93
2047 56 94
2048 56 95
2049 56 96
2050 56 97
2051 56 98
2052 56 99
2053 56 100
2054 56 101
2055 56 102
2056 56 103
2057 56 104
2058 56 105
2059 56 106
2060 56 107
2061 56 108
2062 56 109
2063 56 110
2064 56 111
2065 56 112
2066 56 113
2067 56 114
2068 56 115
2069 56 116
2070 56 117
2071 56 118
2072 56 119
2073 56 120
2074 56 121
2075 56 122
2076 56 123
2077 56 124
2078 56 125
2079 56 126
2080 56 127
2081 56 128
2082 56 129
2083 56 130
2084 56 131
2085 56 132
2086 56 133
2087 56 134
2088 57 58
2089 57 59
2090 57 60
2091 57 61
2092 57 62
2093 57 63
2094 57 64
2095 57 65
2096 57 66
2097 57 67
2098 57 68
2099 57 69
2100 57 70
2101 57 71
2102 57 72
2103 57 73
2104 57 74
2105 57 75
2106 57 76
2107 57 77
2108 57 78
2109 57 79
2110 57 80
2111 57 81
2112 57 82
2113 57 83
2114 57 84
2115 57 85
2116 57 86
2117 57 87
2118 57 88
2119 57 89
2120 57 90
2121 57 91
2122 57 92
2123 57 93
2124 57 94
2125 57 95
2126 57 96
2127 57 97
2128 57 98
2129 57 99
2130 57 100
2131 57 101
2132 57 102
2133 57 103
2134 57 104
2135 57 105
2136 57 106
2137 57 107
2138 57 108
2139 57 109
2140 57 110
2141 57 111
2142 57 112
2143 57 113
2144 57 114
2145 57 115
2146 57 116
2147 57 117
2148 57 118
2149 57 119
2150 57 120
2151 57 121
2152 57 122
2153 57 123
2154 57 124
2155 57 125
2156 57 126
2157 57 127
2158 57 128
2159 57 129
2160 57 130
2161 57 131
2162 57 132
2163 57 133
2164 57 134
2165 58 59
2166 58 60
2167 58 61
2168 58 62
2169 58 63
2170 58 64
2171 58 65
2172 58 66
2173 58 67
2174 58 68
2175 58 69
2176 58 70
2177 58 71
2178 58 72
2179 58 73
2180 58 74
2181 58 75
2182 58 76
2183 58 77
2184 58 78
2185 58 79
2186 58 80
2187 58 81
2188 58 82
2189 58 83
2190 58 84
2191 58 85
2192 58 86
2193 58 87
2194 58 88
2195 58 89
2196 58 90
2197 58 91
2198 58 92
2199 58 93
2200 58 94
2201 58 95
2202 58 96
2203 58 97
2204 58 98
2205 58 99
2206 58 100
2207 58 101
2208 58 102
2209 58 103
2210 58 104
2211 58 105
2212 58 106
2213 58 107
2214 58 108
2215 58 109
2216 58 110
2217 58 111
2218 58 112
2219 58 113
2220 58 114
2221 58 115
2222 58 116
2223 58 117
2224 58 118
2225 58 119
2226 58 120
2227 58 121
2228 58 122
2229 58 123
2230 58 124
2231 58 125
2232 58 126
2233 58 127
2234 58 128
2235 58 129
2236 58 130
2237 58 131
2238 58 132
2239 58 133
2240 58 134
2241 59 60
2242 59 61
2243 59 62
2244 59 63
2245 59 64
2246 59 65
2247 59 66
2248 59 67
2249 59 68
2250 59 69
2251 59 70
2252 59 71
2253 59 72
2254 59 73
2255 59 74
2256 59 75
2257 59 76
2258 59 77
2259 59 78
2260 59 79
2261 59 80
2262 59 81
2263 59 82
2264 59 83
2265 59 84
2266 59 85
2267 59 86
2268 59 87
2269 59 88
2270 59 89
2271 59 90
2272 59 91
2273 59 92
2274 59 93
2275 59 94
2276 59 95
2277 59 96
2278 59 97
2279 59 98
2280 59 99
2281 59 100
2282 59 101
2283 59 102
2284 59 103
2285 59 104
2286 59 105
2287 59 106
2288 59 107
2289 59 108
2290 59 109
2291 59 110
2292 59 111
2293 59 112
2294 59 113
2295 59 114
2296 59 115
2297 59 116
2298 59 117
2299 59 118
2300 59 119
2301 59 120
2302 59 121
2303 59 122
2304 59 123
2305 59 124
2306 59 125
2307 59 126
2308 59 127
2309 59 128
2310 59 129
2311 59 130
2312 59 131
2313 59 132
2314 59 133
2315 59 134
2316 60 61
2317 60 62
2318 60 63
2319 60 64
2320 60 65
2321 60 66
2322 60 67
2323 60 68
2324 60 69
2325 60 70
2326 60 71
2327 60 72
2328 60 73
2329 60 74
2330 60 75
2331 60 76
2332 60 77
2333 60 78
2334 60 79
2335 60 80
2336 60 81
2337 60 82
2338 60 83
2339 60 84
2340 60 85
2341 60 86
2342 60 87
2343 60 88
2344 60 89
2345 60 90
2346 60 91
2347 60 92
2348 60 93
2349 60 94
2350 60 95
2351 60 96
2352 60 97
2353 60 98
2354 60 99
2355 60 100
2356 60 101
2357 60 102
2358 60 103
2359 60 104
2360 60 105
2361 60 106
2362 60 107
2363 60 108
2364 60 109
2365 60 110
2366 60 111
2367 60 112
2368 60 113
2369 60 114
2370 60 115
2371 60 116
2372 60 117
2373 60 118
2374 60 119
2375 60 120
2376 60 121
2377 60 122
2378 60 123
2379 60 124
2380 60 125
2381 60 126
2382 60 127
2383 60 128
2384 60 129
2385 60 130
2386 60 131
2387 60 132
2388 60 133
2389 60 134
2390 61 62
2391 61 63
2392 61 64
2393 61 65
2394 61 66
2395 61 67
2396 61 68
2397 61 69
2398 61 70
2399 61 71
2400 61 72
2401 61 73
2402 61 74
2403 61 75
2404 61 76
2405 61 77
2406 61 78
2407 61 79
2408 61 80
2409 61 81
2410 61 82
2411 61 83
2412 61 84
2413 61 85
2414 61 86
2415 61 87
2416 61 88
2417 61 89
2418 61 90
2419 61 91
2420 61 92
2421 61 93
2422 61 94
2423 61 95
2424 61 96
2425 61 97
2426 61 98
2427 61 99
2428 61 100
2429 61 101
2430 61 102
2431 61 103
2432 61 104
2433 61 105
2434 61 106
2435 61 107
2436 61 108
2437 61 109
2438 61 110
2439 61 111
2440 61 112
2441 61 113
2442 61 114
2443 61 115
2444 61 116
2445 61 117
2446 61 118
2447 61 119
2448 61 120
2449 61 121
2450 61 122
2451 61 123
2452 61 124
2453 61 125
2454 61 126
2455 61 127
2456 61 128
2457 61 129
2458 61 130
2459 61 131
2460 61 132
2461 61 133
2462 61 134
2463 62 63
2464 62 64
2465 62 65
2466 62 66
2467 62 67
2468 62 68
2469 62 69
2470 62 70
2471 62 71
2472 62 72
2473 62 73
2474 62 74
2475 62 75
2476 62 76
2477 62 77
2478 62 78
2479 62 79
2480 62 80
2481 62 81
2482 62 82
2483 62 83
2484 62 84
2485 62 85
2486 62 86
2487 62 87
2488 62 88
2489 62 89
2490 62 90
2491 62 91
2492 62 92
2493 62 93
2494 62 94
2495 62 95
2496 62 96
2497 62 97
2498 62 98
2499 62 99
2500 62 100
2501 62 101
2502 62 102
2503 62 103
2504 62 104
2505 62 105
2506 62 106
2507 62 107
2508 62 108
2509 62 109
2510 62 110
2511 62 111
2512 62 112
2513 62 113
2514 62 114
2515 62 115
2516 62 116
2517 62 117
2518 62 118
2519 62 119
2520 62 120
2521 62 121
2522 62 122
2523 62 123
2524 62 124
2525 62 125
2526 62 126
2527 62 127
2528 62 128
2529 62 129
2530 62 130
2531 62 131
2532 62 132
2533 62 133
2534 62 134
2535 63 64
2536 63 65
2537 63 66
2538 63 67
2539 63 68
2540 63 69
2541 63 70
2542 63 71
2543 63 72
2544 63 73
2545 63 74
2546 63 75
2547 63 76
2548 63 77
2549 63 78
2550 63 79
2551 63 80
2552 63 81
2553 63 82
2554 63 83
2555 63 84
2556 63 85
2557 63 86
2558 63 87
2559 63 88
2560 63 89
2561 63 90
2562 63 91
2563 63 92
2564 63 93
2565 63 94
2566 63 95
2567 63 96
2568 63 97
2569 63 98
2570 63 99
2571 63 100
2572 63 101
2573 63 102
2574 63 103
2575 63 104
2576 63 105
2577 63 106
2578 63 107
2579 63 108
2580 63 109
2581 63 110
2582 63 111
2583 63 112
2584 63 113
2585 63 114
2586 63 115
2587 63 116
2588 63 117
2589 63 118
2590 63 119
2591 63 120
2592 63 121
2593 63 122
2594 63 123
2595 63 124
2596 63 125
2597 63 126
2598 63 127
2599 63 128
2600 63 129
2601 63 130
2602 63 131
2603 63 132
2604 63 133
2605 63 134
2606 64 65
2607 64 66
2608 64 67
2609 64 68
2610 64 69
2611 64 70
2612 64 71
2613 64 72
2614 64 73
2615 64 74
2616 64 75
2617 64 76
2618 64 77
2619 64 78
2620 64 79
2621 64 80
2622 64 81
2623 64 82
2624 64 83
2625 64 84
2626 64 85
2627 64 86
2628 64 87
2629 64 88
2630 64 89
2631 64 90
2632 64 91
2633 64 92
2634 64 93
2635 64 94
2636 64 95
2637 64 96
2638 64 97
2639 64 98
2640 64 99
2641 64 100
2642 64 101
2643 64 102
2644 64 103
2645 64 104
2646 64 105
2647 64 106
2648 64 107
2649 64 108
2650 64 109
2651 64 110
2652 64 111
2653 64 112
2654 64 113
2655 64 114
2656 64 115
2657 64 116
2658 64 117
2659 64 118
2660 64 119
2661 64 120
2662 64 121
2663 64 122
2664 64 123
2665 64 124
2666 64 125
2667 64 126
2668 64 127
2669 64 128
2670 64 129
2671 64 130
2672 64 131
2673 64 132
2674 64 133
2675 64 134
2676 65 66
2677 65 67
2678 65 68
2679 65 69
2680 65 70
2681 65 71
2682 65 72
2683 65 73
2684 65 74
2685 65 75
2686 65 76
2687 65 77
2688 65 78
2689 65 79
2690 65 80
2691 65 81
2692 65 82
2693 65 83
2694 65 84
2695 65 85
2696 65 86
2697 65 87
2698 65 88
2699 65 89
2700 65 90
2701 65 91
2702 65 92
2703 65 93
2704 65 94
2705 65 95
2706 65 96
2707 65 97
2708 65 98
2709 65 99
2710 65 100
2711 65 101
2712 65 102
2713 65 103
2714 65 104
2715 65 105
2716 65 106
2717 65 107
2718 65 108
2719 65 109
2720 65 110
2721 65 111
2722 65 112
2723 65 113
2724 65 114
2725 65 115
2726 65 116
2727 65 117
2728 65 118
2729 65 119
2730 65 120
2731 65 121
2732 65 122
2733 65 123
2734 65 124
2735 65 125
2736 65 126
2737 65 127
2738 65 128
2739 65 129
2740 65 130
2741 65 131
2742 65 132
2743 65 133
2744 65 134
2745 66 67
2746 66 68
2747 66 69
2748 66 70
2749 66 71
2750 66 72
2751 66 73
2752 66 74
2753 66 75
2754 66 76
2755 66 77
2756 66 78
2757 66 79
2758 66 80
2759 66 81
2760 66 82
2761 66 83
2762 66 84
2763 66 85
2764 66 86
2765 66 87
2766 66 88
2767 66 89
2768 66 90
2769 66 91
2770 66 92
2771 66 93
2772 66 94
2773 66 95
2774 66 96
2775 66 97
2776 66 98
2777 66 99
2778 66 100
2779 66 101
2780 66 102
2781 66 103
2782 66 104
2783 66 105
2784 66 106
2785 66 107
2786 66 108
2787 66 109
2788 66 110
2789 66 111
2790 66 112
2791 66 113
2792 66 114
2793 66 115
2794 66 116
2795 66 117
2796 66 118
2797 66 119
2798 66 120
2799 66 121
2800 66 122
2801 66 123
2802 66 124
2803 66 125
2804 66 126
2805 66 127
2806 66 128
2807 66 129
2808 66 130
2809 66 131
2810 66 132
2811 66 133
2812 66 134
2813 67 68
2814 67 69
2815 67 70
2816 67 71
2817 67 72
2818 67 73
2819 67 74
2820 67 75
2821 67 76
2822 67 77
2823 67 78
2824 67 79
2825 67 80
2826 67 81
2827 67 82
2828 67 83
2829 67 84
2830 67 85
2831 67 86
2832 67 87
2833 67 88
2834 67 89
2835 67 90
2836 67 91
2837 67 92
2838 67 93
2839 67 94
2840 67 95
2841 67 96
2842 67 97
2843 67 98
2844 67 99
2845 67 100
2846 67 101
2847 67 102
2848 67 103
2849 67 104
2850 67 105
2851 67 106
2852 67 107
2853 67 108
2854 67 109
2855 67 110
2856 67 111
2857 67 112
2858 67 113
2859 67 114
2860 67 115
2861 67 116
2862 67 117
2863 67 118
2864 67 119
2865 67 120
2866 67 121
2867 67 122
2868 67 123
2869 67 124
2870 67 125
2871 67 126
2872 67 127
2873 67 128
2874 67 129
2875 67 130
2876 67 131
2877 67 132
2878 67 133
2879 67 134
2880 68 69
2881 68 70
2882 68 71
2883 68 72
2884 68 73
2885 68 74
2886 68 75
2887 68 76
2888 68 77
2889 68 78
2890 68 79
2891 68 80
2892 68 81
2893 68 82
2894 68 83
2895 68 84
2896 68 85
2897 68 86
2898 68 87
2899 68 88
2900 68 89
2901 68 90
2902 68 91
2903 68 92
2904 68 93
2905 68 94
2906 68 95
2907 68 96
2908 68 97
2909 68 98
2910 68 99
2911 68 100
2912 68 101
2913 68 102
2914 68 103
2915 68 104
2916 68 105
2917 68 106
2918 68 107
2919 68 108
2920 68 109
2921 68 110
2922 68 111
2923 68 112
2924 68 113
2925 68 114
2926 68 115
2927 68 116
2928 68 117
2929 68 118
2930 68 119
2931 68 120
2932 68 121
2933 68 122
2934 68 123
2935 68 124
2936 68 125
2937 68 126
2938 68 127
2939 68 128
2940 68 129
2941 68 130
2942 68 131
2943 68 132
2944 68 133
2945 68 134
2946 69 70
2947 69 71
2948 69 72
2949 69 73
2950 69 74
2951 69 75
2952 69 76
2953 69 77
2954 69 78
2955 69 79
2956 69 80
2957 69 81
2958 69 82
2959 69 83
2960 69 84
2961 69 85
2962 69 86
2963 69 87
2964 69 88
2965 69 89
2966 69 90
2967 69 91
2968 69 92
2969 69 93
2970 69 94
2971 69 95
2972 69 96
2973 69 97
2974 69 98
2975 69 99
2976 69 100
2977 69 101
2978 69 102
2979 69 103
2980 69 104
2981 69 105
2982 69 106
2983 69 107
2984 69 108
2985 69 109
2986 69 110
2987 69 111
2988 69 112
2989 69 113
2990 69 114
2991 69 115
2992 69 116
2993 69 117
2994 69 118
2995 69 119
2996 69 120
2997 69 121
2998 69 122
2999 69 123
3000 69 124
3001 69 125
3002 69 126
3003 69 127
3004 69 128
3005 69 129
3006 69 130
3007 69 131
3008 69 132
3009 69 133
3010 69 134
3011 70 71
3012 70 72
3013 70 73
3014 70 74
3015 70 75
3016 70 76
3017 70 77
3018 70 78
3019 70 79
3020 70 80
3021 70 81
3022 70 82
3023 70 83
3024 70 84
3025 70 85
3026 70 86
3027 70 87
3028 70 88
3029 70 89
3030 70 90
3031 70 91
3032 70 92
3033 70 93
3034 70 94
3035 70 95
3036 70 96
3037 70 97
3038 70 98
3039 70 99
3040 70 100
3041 70 101
3042 70 102
3043 70 103
3044 70 104
3045 70 105
3046 70 106
3047 70 107
3048 70 108
3049 70 109
3050 70 110
3051 70 111
3052 70 112
3053 70 113
3054 70 114
3055 70 115
3056 70 116
3057 70 117
3058 70 118
3059 70 119
3060 70 120
3061 70 121
3062 70 122
3063 70 123
3064 70 124
3065 70 125
3066 70 126
3067 70 127
3068 70 128
3069 70 129
3070 70 130
3071 70 131
3072 70 132
3073 70 133
3074 70 134
3075 71 72
3076 71 73
3077 71 74
3078 71 75
3079 71 76
3080 71 77
3081 71 78
3082 71 79
3083 71 80
3084 71 81
3085 71 82
3086 71 83
3087 71 84
3088 71 85
3089 71 86
3090 71 87
3091 71 88
3092 71 89
3093 71 90
3094 71 91
3095 71 92
3096 71 93
3097 71 94
3098 71 95
3099 71 96
3100 71 97
3101 71 98
3102 71 99
3103 71 100
3104 71 101
3105 71 102
3106 71 103
3107 71 104
3108 71 105
3109 71 106
3110 71 107
3111 71 108
3112 71 109
3113 71 110
3114 71 111
3115 71 112
3116 71 113
3117 71 114
3118 71 115
3119 71 116
3120 71 117
3121 71 118
3122 71 119
3123 71 120
3124 71 121
3125 71 122
3126 71 123
3127 71 124
3128 71 125
3129 71 126
3130 71 127
3131 71 128
3132 71 129
3133 71 130
3134 71 131
3135 71 132
3136 71 133
3137 71 134
3138 72 73
3139 72 74
3140 72 75
3141 72 76
3142 72 77
3143 72 78
3144 72 79
3145 72 80
3146 72 81
3147 72 82
3148 72 83
3149 72 84
3150 72 85
3151 72 86
3152 72 87
3153 72 88
3154 72 89
3155 72 90
3156 72 91
3157 72 92
3158 72 93
3159 72 94
3160 72 95
3161 72 96
3162 72 97
3163 72 98
3164 72 99
3165 72 100
3166 72 101
3167 72 102
3168 72 103
3169 72 104
3170 72 105
3171 72 106
3172 72 107
3173 72 108
3174 72 109
3175 72 110
3176 72 111
3177 72 112
3178 72 113
3179 72 114
3180 72 115
3181 72 116
3182 72 117
3183 72 118
3184 72 119
3185 72 120
3186 72 121
3187 72 122
3188 72 123
3189 72 124
3190 72 125
3191 72 126
3192 72 127
3193 72 128
3194 72 129
3195 72 130
3196 72 131
3197 72 132
3198 72 133
3199 72 134
3200 73 74
3201 73 75
3202 73 76
3203 73 77
3204 73 78
3205 73 79
3206 73 80
3207 73 81
3208 73 82
3209 73 83
3210 73 84
3211 73 85
3212 73 86
3213 73 87
3214 73 88
3215 73 89
3216 73 90
3217 73 91
3218 73 92
3219 73 93
3220 73 94
3221 73 95
3222 73 96
3223 73 97
3224 73 98
3225 73 99
3226 73 100
3227 73 101
3228 73 102
3229 73 103
3230 73 104
3231 73 105
3232 73 106
3233 73 107
3234 73 108
3235 73 109
3236 73 110
3237 73 111
3238 73 112
3239 73 113
3240 73 114
3241 73 115
3242 73 116
3243 73 117
3244 73 118
3245 73 119
3246 73 120
3247 73 121
3248 73 122
3249 73 123
3250 73 124
3251 73 125
3252 73 126
3253 73 127
3254 73 128
3255 73 129
3256 73 130
3257 73 131
3258 73 132
3259 73 133
3260 73 134
3261 74 75
3262 74 76
3263 74 77
3264 74 78
3265 74 79
3266 74 80
3267 74 81
3268 74 82
3269 74 83
3270 74 84
3271 74 85
3272 74 86
3273 74 87
3274 74 88
3275 74 89
3276 74 90
3277 74 91
3278 74 92
3279 74 93
3280 74 94
3281 74 95
3282 74 96
3283 74 97
3284 74 98
3285 74 99
3286 74 100
3287 74 101
3288 74 102
3289 74 103
3290 74 104
3291 74 105
3292 74 106
3293 74 107
3294 74 108
3295 74 109
3296 74 110
3297 74 111
3298 74 112
3299 74 113
3300 74 114
3301 74 115
3302 74 116
3303 74 117
3304 74 118
3305 74 119
3306 74 120
3307 74 121
3308 74 122
3309 74 123
3310 74 124
3311 74 125
3312 74 126
3313 74 127
3314 74 128
3315 74 129
3316 74 130
3317 74 131
3318 74 132
3319 74 133
3320 74 134
3321 75 76
3322 75 77
3323 75 78
3324 75 79
3325 75 80
3326 75 81
3327 75 82
3328 75 83
3329 75 84
3330 75 85
3331 75 86
3332 75 87
3333 75 88
3334 75 89
3335 75 90
3336 75 91
3337 75 92
3338 75 93
3339 75 94
3340 75 95
3341 75 96
3342 75 97
3343 75 98
3344 75 99
3345 75 100
3346 75 101
3347 75 102
3348 75 103
3349 75 104
3350 75 105
3351 75 106
3352 75 107
3353 75 108
3354 75 109
3355 75 110
3356 75 111
3357 75 112
3358 75 113
3359 75 114
3360 75 115
3361 75 116
3362 75 117
3363 75 118
3364 75 119
3365 75 120
3366 75 121
3367 75 122
3368 75 123
3369 75 124
3370 75 125
3371 75 126
3372 75 127
3373 75 128
3374 75 129
3375 75 130
3376 75 131
3377 75 132
3378 75 133
3379 75 134
3380 76 77
3381 76 78
3382 76 79
3383 76 80
3384 76 81
3385 76 82
3386 76 83
3387 76 84
3388 76 85
3389 76 86
3390 76 87
3391 76 88
3392 76 89
3393 76 90
3394 76 91
3395 76 92
3396 76 93
3397 76 94
3398 76 95
3399 76 96
3400 76 97
3401 76 98
3402 76 99
3403 76 100
3404 76 101
3405 76 102
3406 76 103
3407 76 104
3408 76 105
3409 76 106
3410 76 107
3411 76 108
3412 76 109
3413 76 110
3414 76 111
3415 76 112
3416 76 113
3417 76 114
3418 76 115
3419 76 116
3420 76 117
3421 76 118
3422 76 119
3423 76 120
3424 76 121
3425 76 122
3426 76 123
3427 76 124
3428 76 125
3429 76 126
3430 76 127
3431 76 128
3432 76 129
3433 76 130
3434 76 131
3435 76 132
3436 76 133
3437 76 134
3438 77 78
3439 77 79
3440 77 80
3441 77 81
3442 77 82
3443 77 83
3444 77 84
3445 77 85
3446 77 86
3447 77 87
3448 77 88
3449 77 89
3450 77 90
3451 77 91
3452 77 92
3453 77 93
3454 77 94
3455 77 95
3456 77 96
3457 77 97
3458 77 98
3459 77 99
3460 77 100
3461 77 101
3462 77 102
3463 77 103
3464 77 104
3465 77 105
3466 77 106
3467 77 107
3468 77 108
3469 77 109
3470 77 110
3471 77 111
3472 77 112
3473 77 113
3474 77 114
3475 77 115
3476 77 116
3477 77 117
3478 77 118
3479 77 119
3480 77 120
3481 77 121
3482 77 122
3483 77 123
3484 77 124
3485 77 125
3486 77 126
3487 77 127
3488 77 128
3489 77 129
3490 77 130
3491 77 131
3492 77 132
3493 77 133
3494 77 134
3495 78 79
3496 78 80
3497 78 81
3498 78 82
3499 78 83
3500 78 84
3501 78 85
3502 78 86
3503 78 87
3504 78 88
3505 78 89
3506 78 90
3507 78 91
3508 78 92
3509 78 93
3510 78 94
3511 78 95
3512 78 96
3513 78 97
3514 78 98
3515 78 99
3516 78 100
3517 78 101
3518 78 102
3519 78 103
3520 78 104
3521 78 105
3522 78 106
3523 78 107
3524 78 108
3525 78 109
3526 78 110
3527 78 111
3528 78 112
3529 78 113
3530 78 114
3531 78 115
3532 78 116
3533 78 117
3534 78 118
3535 78 119
3536 78 120
3537 78 121
3538 78 122
3539 78 123
3540 78 124
3541 78 125
3542 78 126
3543 78 127
3544 78 128
3545 78 129
3546 78 130
3547 78 131
3548 78 132
3549 78 133
3550 78 134
3551 79 80
3552 79 81
3553 79 82
3554 79 83
3555 79 84
3556 79 85
3557 79 86
3558 79 87
3559 79 88
3560 79 89
3561 79 90
3562 79 91
3563 79 92
3564 79 93
3565 79 94
3566 79 95
3567 79 96
3568 79 97
3569 79 98
3570 79 99
3571 79 100
3572 79 101
3573 79 102
3574 79 103
3575 79 104
3576 79 105
3577 79 106
3578 79 107
3579 79 108
3580 79 109
3581 79 110
3582 79 111
3583 79 112
3584 79 113
3585 79 114
3586 79 115
3587 79 116
3588 79 117
3589 79 118
3590 79 119
3591 79 120
3592 79 121
3593 79 122
3594 79 123
3595 79 124
3596 79 125
3597 79 126
3598 79 127
3599 79 128
3600 79 129
3601 79 130
3602 79 131
3603 79 132
3604 79 133
3605 79 134
3606 80 81
3607 80 82
3608 80 83
3609 80 84
3610 80 85
3611 80 86
3612 80 87
3613 80 88
3614 80 89
3615 80 90
3616 80 91
3617 80 92
3618 80 93
3619 80 94
3620 80 95
3621 80 96
3622 80 97
3623 80 98
3624 80 99
3625 80 100
3626 80 101
3627 80 102
3628 80 103
3629 80 104
3630 80 105
3631 80 106
3632 80 107
3633 80 108
3634 80 109
3635 80 110
3636 80 111
3637 80 112
3638 80 113
3639 80 114
3640 80 115
3641 80 116
3642 80 117
3643 80 118
3644 80 119
3645 80 120
3646 80 121
3647 80 122
3648 80 123
3649 80 124
3650 80 125
3651 80 126
3652 80 127
3653 80 128
3654 80 129
3655 80 130
3656 80 131
3657 80 132
3658 80 133
3659 80 134
3660 81 82
3661 81 83
3662 81 84
3663 81 85
3664 81 86
3665 81 87
3666 81 88
3667 81 89
3668 81 90
3669 81 91
3670 81 92
3671 81 93
3672 81 94
3673 81 95
3674 81 96
3675 81 97
3676 81 98
3677 81 99
3678 81 100
3679 81 101
3680 81 102
3681 81 103
3682 81 104
3683 81 105
3684 81 106
3685 81 107
3686 81 108
3687 81 109
3688 81 110
3689 81 111
3690 81 112
3691 81 113
3692 81 114
3693 81 115
3694 81 116
3695 81 117
3696 81 118
3697 81 119
3698 81 120
3699 81 121
3700 81 122
3701 81 123
3702 81 124
3703 81 125
3704 81 126
3705 81 127
3706 81 128
3707 81 129
3708 81 130
3709 81 131
3710 81 132
3711 81 133
3712 81 134
3713 82 83
3714 82 84
3715 82 85
3716 82 86
3717 82 87
3718 82 88
3719 82 89
3720 82 90
3721 82 91
3722 82 92
3723 82 93
3724 82 94
3725 82 95
3726 82 96
3727 82 97
3728 82 98
3729 82 99
3730 82 100
3731 82 101
3732 82 102
3733 82 103
3734 82 104
3735 82 105
3736 82 106
3737 82 107
3738 82 108
3739 82 109
3740 82 110
3741 82 111
3742 82 112
3743 82 113
3744 82 114
3745 82 115
3746 82 116
3747 82 117
3748 82 118
3749 82 119
3750 82 120
3751 82 121
3752 82 122
3753 82 123
3754 82 124
3755 82 125
3756 82 126
3757 82 127
3758 82 128
3759 82 129
3760 82 130
3761 82 131
3762 82 132
3763 82 133
3764 82 134
3765 83 84
3766 83 85
3767 83 86
3768 83 87
3769 83 88
3770 83 89
3771 83 90
3772 83 91
3773 83 92
3774 83 93
3775 83 94
3776 83 95
3777 83 96
3778 83 97
3779 83 98
3780 83 99
3781 83 100
3782 83 101
3783 83 102
3784 83 103
3785 83 104
3786 83 105
3787 83 106
3788 83 107
3789 83 108
3790 83 109
3791 83 110
3792 83 111
3793 83 112
3794 83 113
3795 83 114
3796 83 115
3797 83 116
3798 83 117
3799 83 118
3800 83 119
3801 83 120
3802 83 121
3803 83 122
3804 83 123
3805 83 124
3806 83 125
3807 83 126
3808 83 127
3809 83 128
3810 83 129
3811 83 130
3812 83 131
3813 83 132
3814 83 133
3815 83 134
3816 84 85
3817 84 86
3818 84 87
3819 84 88
3820 84 89
3821 84 90
3822 84 91
3823 84 92
3824 84 93
3825 84 94
3826 84 95
3827 84 96
3828 84 97
3829 84 98
3830 84 99
3831 84 100
3832 84 101
3833 84 102
3834 84 103
3835 84 104
3836 84 105
3837 84 106
3838 84 107
3839 84 108
3840 84 109
3841 84 110
3842 84 111
3843 84 112
3844 84 113
3845 84 114
3846 84 115
3847 84 116
3848 84 117
3849 84 118
3850 84 119
3851 84 120
3852 84 121
3853 84 122
3854 84 123
3855 84 124
3856 84 125
3857 84 126
3858 84 127
3859 84 128
3860 84 129
3861 84 130
3862 84 131
3863 84 132
3864 84 133
3865 84 134
3866 85 86
3867 85 87
3868 85 88
3869 85 89
3870 85 90
3871 85 91
3872 85 92
3873 85 93
3874 85 94
3875 85 95
3876 85 96
3877 85 97
3878 85 98
3879 85 99
3880 85 100
3881 85 101
3882 85 102
3883 85 103
3884 85 104
3885 85 105
3886 85 106
3887 85 107
3888 85 108
3889 85 109
3890 85 110
3891 85 111
3892 85 112
3893 85 113
3894 85 114
3895 85 115
3896 85 116
3897 85 117
3898 85 118
3899 85 119
3900 85 120
3901 85 121
3902 85 122
3903 85 123
3904 85 124
3905 85 125
3906 85 126
3907 85 127
3908 85 128
3909 85 129
3910 85 130
3911 85 131
3912 85 132
3913 85 133
3914 85 134
3915 86 87
3916 86 88
3917 86 89
3918 86 90
3919 86 91
3920 86 92
3921 86 93
3922 86 94
3923 86 95
3924 86 96
3925 86 97
3926 86 98
3927 86 99
3928 86 100
3929 86 101
3930 86 102
3931 86 103
3932 86 104
3933 86 105
3934 86 106
3935 86 107
3936 86 108
3937 86 109
3938 86 110
3939 86 111
3940 86 112
3941 86 113
3942 86 114
3943 86 115
3944 86 116
3945 86 117
3946 86 118
3947 86 119
3948 86 120
3949 86 121
3950 86 122
3951 86 123
3952 86 124
3953 86 125
3954 86 126
3955 86 127
3956 86 128
3957 86 129
3958 86 130
3959 86 131
3960 86 132
3961 86 133
3962 86 134
3963 87 88
3964 87 89
3965 87 90
3966 87 91
3967 87 92
3968 87 93
3969 87 94
3970 87 95
3971 87 96
3972 87 97
3973 87 98
3974 87 99
3975 87 100
3976 87 101
3977 87 102
3978 87 103
3979 87 104
3980 87 105
3981 87 106
3982 87 107
3983 87 108
3984 87 109
3985 87 110
3986 87 111
3987 87 112
3988 87 113
3989 87 114
3990 87 115
3991 87 116
3992 87 117
3993 87 118
3994 87 119
3995 87 120
3996 87 121
3997 87 122
3998 87 123
3999 87 124
4000 87 125
4001 87 126
4002 87 127
4003 87 128
4004 87 129
4005 87 130
4006 87 131
4007 87 132
4008 87 133
4009 87 134
4010 88 89
4011 88 90
4012 88 91
4013 88 92
4014 88 93
4015 88 94
4016 88 95
4017 88 96
4018 88 97
4019 88 98
4020 88 99
4021 88 100
4022 88 101
4023 88 102
4024 88 103
4025 88 104
4026 88 105
4027 88 106
4028 88 107
4029 88 108
4030 88 109
4031 88 110
4032 88 111
4033 88 112
4034 88 113
4035 88 114
4036 88 115
4037 88 116
4038 88 117
4039 88 118
4040 88 119
4041 88 120
4042 88 121
4043 88 122
4044 88 123
4045 88 124
4046 88 125
4047 88 126
4048 88 127
4049 88 128
4050 88 129
4051 88 130
4052 88 131
4053 88 132
4054 88 133
4055 88 134
4056 89 90
4057 89 91
4058 89 92
4059 89 93
4060 89 94
4061 89 95
4062 89 96
4063 89 97
4064 89 98
4065 89 99
4066 89 100
4067 89 101
4068 89 102
4069 89 103
4070 89 104
4071 89 105
4072 89 106
4073 89 107
4074 89 108
4075 89 109
4076 89 110
4077 89 111
4078 89 112
4079 89 113
4080 89 114
4081 89 115
4082 89 116
4083 89 117
4084 89 118
4085 89 119
4086 89 120
4087 89 121
4088 89 122
4089 89 123
4090 89 124
4091 89 125
4092 89 126
4093 89 127
4094 89 128
4095 89 129
4096 89 130
4097 89 131
4098 89 132
4099 89 133
4100 89 134
4101 90 91
4102 90 92
4103 90 93
4104 90 94
4105 90 95
4106 90 96
4107 90 97
4108 90 98
4109 90 99
4110 90 100
4111 90 101
4112 90 102
4113 90 103
4114 90 104
4115 90 105
4116 90 106
4117 90 107
4118 90 108
4119 90 109
4120 90 110
4121 90 111
4122 90 112
4123 90 113
4124 90 114
4125 90 115
4126 90 116
4127 90 117
4128 90 118
4129 90 119
4130 90 120
4131 90 121
4132 90 122
4133 90 123
4134 90 124
4135 90 125
4136 90 126
4137 90 127
4138 90 128
4139 90 129
4140 90 130
4141 90 131
4142 90 132
4143 90 133
4144 90 134
4145 91 92
4146 91 93
4147 91 94
4148 91 95
4149 91 96
4150 91 97
4151 91 98
4152 91 99
4153 91 100
4154 91 101
4155 91 102
4156 91 103
4157 91 104
4158 91 105
4159 91 106
4160 91 107
4161 91 108
4162 91 109
4163 91 110
4164 91 111
4165 91 112
4166 91 113
4167 91 114
4168 91 115
4169 91 116
4170 91 117
4171 91 118
4172 91 119
4173 91 120
4174 91 121
4175 91 122
4176 91 123
4177 91 124
4178 91 125
4179 91 126
4180 91 127
4181 91 128
4182 91 129
4183 91 130
4184 91 131
4185 91 132
4186 91 133
4187 91 134
4188 92 93
4189 92 94
4190 92 95
4191 92 96
4192 92 97
4193 92 98
4194 92 99
4195 92 100
4196 92 101
4197 92 102
4198 92 103
4199 92 104
4200 92 105
4201 92 106
4202 92 107
4203 92 108
4204 92 109
4205 92 110
4206 92 111
4207 92 112
4208 92 113
4209 92 114
4210 92 115
4211 92 116
4212 92 117
4213 92 118
4214 92 119
4215 92 120
4216 92 121
4217 92 122
4218 92 123
4219 92 124
4220 92 125
4221 92 126
4222 92 127
4223 92 128
4224 92 129
4225 92 130
4226 92 131
4227 92 132
4228 92 133
4229 92 134
4230 93 94
4231 93 95
4232 93 96
4233 93 97
4234 93 98
4235 93 99
4236 93 100
4237 93 101
4238 93 102
4239 93 103
4240 93 104
4241 93 105
4242 93 106
4243 93 107
4244 93 108
4245 93 109
4246 93 110
4247 93 111
4248 93 112
4249 93 113
4250 93 114
4251 93 115
4252 93 116
4253 93 117
4254 93 118
4255 93 119
4256 93 120
4257 93 121
4258 93 122
4259 93 123
4260 93 124
4261 93 125
4262 93 126
4263 93 127
4264 93 128
4265 93 129
4266 93 130
4267 93 131
4268 93 132
4269 93 133
4270 93 134
4271 94 95
4272 94 96
4273 94 97
4274 94 98
4275 94 99
4276 94 100
4277 94 101
4278 94 102
4279 94 103
4280 94 104
4281 94 105
4282 94 106
4283 94 107
4284 94 108
4285 94 109
4286 94 110
4287 94 111
4288 94 112
4289 94 113
4290 94 114
4291 94 115
4292 94 116
4293 94 117
4294 94 118
4295 94 119
4296 94 120
4297 94 121
4298 94 122
4299 94 123
4300 94 124
4301 94 125
4302 94 126
4303 94 127
4304 94 128
4305 94 129
4306 94 130
4307 94 131
4308 94 132
4309 94 133
4310 94 134
4311 95 96
4312 95 97
4313 95 98
4314 95 99
4315 95 100
4316 95 101
4317 95 102
4318 95 103
4319 95 104
4320 95 105
4321 95 106
4322 95 107
4323 95 108
4324 95 109
4325 95 110
4326 95 111
4327 95 112
4328 95 113
4329 95 114
4330 95 115
4331 95 116
4332 95 117
4333 95 118
4334 95 119
4335 95 120
4336 95 121
4337 95 122
4338 95 123
4339 95 124
4340 95 125
4341 95 126
4342 95 127
4343 95 128
4344 95 129
4345 95 130
4346 95 131
4347 95 132
4348 95 133
4349 95 134
4350 96 97
4351 96 98
4352 96 99
4353 96 100
4354 96 101
4355 96 102
4356 96 103
4357 96 104
4358 96 105
4359 96 106
4360 96 107
4361 96 108
4362 96 109
4363 96 110
4364 96 111
4365 96 112
4366 96 113
4367 96 114
4368 96 115
4369 96 116
4370 96 117
4371 96 118
4372 96 119
4373 96 120
4374 96 121
4375 96 122
4376 96 123
4377 96 124
4378 96 125
4379 96 126
4380 96 127
4381 96 128
4382 96 129
4383 96 130
4384 96 131
4385 96 132
4386 96 133
4387 96 134
4388 97 98
4389 97 99
4390 97 100
4391 97 101
4392 97 102
4393 97 103
4394 97 104
4395 97 105
4396 97 106
4397 97 107
4398 97 108
4399 97 109
4400 97 110
4401 97 111
4402 97 112
4403 97 113
4404 97 114
4405 97 115
4406 97 116
4407 97 117
4408 97 118
4409 97 119
4410 97 120
4411 97 121
4412 97 122
4413 97 123
4414 97 124
4415 97 125
4416 97 126
4417 97 127
4418 97 128
4419 97 129
4420 97 130
4421 97 131
4422 97 132
4423 97 133
4424 97 134
4425 98 99
4426 98 100
4427 98 101
4428 98 102
4429 98 103
4430 98 104
4431 98 105
4432 98 106
4433 98 107
4434 98 108
4435 98 109
4436 98 110
4437 98 111
4438 98 112
4439 98 113
4440 98 114
4441 98 115
4442 98 116
4443 98 117
4444 98 118
4445 98 119
4446 98 120
4447 98 121
4448 98 122
4449 98 123
4450 98 124
4451 98 125
4452 98 126
4453 98 127
4454 98 128
4455 98 129
4456 98 130
4457 98 131
4458 98 132
4459 98 133
4460 98 134
4461 99 100
4462 99 101
4463 99 102
4464 99 103
4465 99 104
4466 99 105
4467 99 106
4468 99 107
4469 99 108
4470 99 109
4471 99 110
4472 99 111
4473 99 112
4474 99 113
4475 99 114
4476 99 115
4477 99 116
4478 99 117
4479 99 118
4480 99 119
4481 99 120
4482 99 121
4483 99 122
4484 99 123
4485 99 124
4486 99 125
4487 99 126
4488 99 127
4489 99 128
4490 99 129
4491 99 130
4492 99 131
4493 99 132
4494 99 133
4495 99 134
4496 100 101
4497 100 102
4498 100 103
4499 100 104
4500 100 105
4501 100 106
4502 100 107
4503 100 108
4504 100 109
4505 100 110
4506 100 111
4507 100 112
4508 100 113
4509 100 114
4510 100 115
4511 100 116
4512 100 117
4513 100 118
4514 100 119
4515 100 120
4516 100 121
4517 100 122
4518 100 123
4519 100 124
4520 100 125
4521 100 126
4522 100 127
4523 100 128
4524 100 129
4525 100 130
4526 100 131
4527 100 132
4528 100 133
4529 100 134
4530 101 102
4531 101 103
4532 101 104
4533 101 105
4534 101 106
4535 101 107
4536 101 108
4537 101 109
4538 101 110
4539 101 111
4540 101 112
4541 101 113
4542 101 114
4543 101 115
4544 101 116
4545 101 117
4546 101 118
4547 101 119
4548 101 120
4549 101 121
4550 101 122
4551 101 123
4552 101 124
4553 101 125
4554 101 126
4555 101 127
4556 101 128
4557 101 129
4558 101 130
4559 101 131
4560 101 132
4561 101 133
4562 101 134
4563 102 103
4564 102 104
4565 102 105
4566 102 106
4567 102 107
4568 102 108
4569 102 109
4570 102 110
4571 102 111
4572 102 112
4573 102 113
4574 102 114
4575 102 115
4576 102 116
4577 102 117
4578 102 118
4579 102 119
4580 102 120
4581 102 121
4582 102 122
4583 102 123
4584 102 124
4585 102 125
4586 102 126
4587 102 127
4588 102 128
4589 102 129
4590 102 130
4591 102 131
4592 102 132
4593 102 133
4594 102 134
4595 103 104
4596 103 105
4597 103 106
4598 103 107
4599 103 108
4600 103 109
4601 103 110
4602 103 111
4603 103 112
4604 103 113
4605 103 114
4606 103 115
4607 103 116
4608 103 117
4609 103 118
4610 103 119
4611 103 120
4612 103 121
4613 103 122
4614 103 123
4615 103 124
4616 103 125
4617 103 126
4618 103 127
4619 103 128
4620 103 129
4621 103 130
4622 103 131
4623 103 132
4624 103 133
4625 103 134
4626 104 105
4627 104 106
4628 104 107
4629 104 108
4630 104 109
4631 104 110
4632 104 111
4633 104 112
4634 104 113
4635 104 114
4636 104 115
4637 104 116
4638 104 117
4639 104 118
4640 104 119
4641 104 120
4642 104 121
4643 104 122
4644 104 123
4645 104 124
4646 104 125
4647 104 126
4648 104 127
4649 104 128
4650 104 129
4651 104 130
4652 104 131
4653 104 132
4654 104 133
4655 104 134
4656 105 106
4657 105 107
4658 105 108
4659 105 109
4660 105 110
4661 105 111
4662 105 112
4663 105 113
4664 105 114
4665 105 115
4666 105 116
4667 105 117
4668 105 118
4669 105 119
4670 105 120
4671 105 121
4672 105 122
4673 105 123
4674 105 124
4675 105 125
4676 105 126
4677 105 127
4678 105 128
4679 105 129
4680 105 130
4681 105 131
4682 105 132
4683 105 133
4684 105 134
4685 106 107
4686 106 108
4687 106 109
4688 106 110
4689 106 111
4690 106 112
4691 106 113
4692 106 114
4693 106 115
4694 106 116
4695 106 117
4696 106 118
4697 106 119
4698 106 120
4699 106 121
4700 106 122
4701 106 123
4702 106 124
4703 106 125
4704 106 126
4705 106 127
4706 106 128
4707 106 129
4708 106 130
4709 106 131
4710 106 132
4711 106 133
4712 106 134
4713 107 108
4714 107 109
4715 107 110
4716 107 111
4717 107 112
4718 107 113
4719 107 114
4720 107 115
4721 107 116
4722 107 117
4723 107 118
4724 107 119
4725 107 120
4726 107 121
4727 107 122
4728 107 123
4729 107 124
4730 107 125
4731 107 126
4732 107 127
4733 107 128
4734 107 129
4735 107 130
4736 107 131
4737 107 132
4738 107 133
4739 107 134
4740 108 109
4741 108 110
4742 108 111
4743 108 112
4744 108 113
4745 108 114
4746 108 115
4747 108 116
4748 108 117
4749 108 118
4750 108 119
4751 108 120
4752 108 121
4753 108 122
4754 108 123
4755 108 124
4756 108 125
4757 108 126
4758 108 127
4759 108 128
4760 108 129
4761 108 130
4762 108 131
4763 108 132
4764 108 133
4765 108 134
4766 109 110
4767 109 111
4768 109 112
4769 109 113
4770 109 114
4771 109 115
4772 109 116
4773 109 117
4774 109 118
4775 109 119
4776 109 120
4777 109 121
4778 109 122
4779 109 123
4780 109 124
4781 109 125
4782 109 126
4783 109 127
4784 109 128
4785 109 129
4786 109 130
4787 109 131
4788 109 132
4789 109 133
4790 110 111
4791 110 112
4792 110 113
4793 110 114
4794 110 115
4795 110 116
4796 110 117
4797 110 118
4798 110 119
4799 110 120
4800 110 121
4801 110 122
4802 110 123
4803 110 124
4804 110 125
4805 110 126
4806 110 127
4807 110 128
4808 110 129
4809 110 130
4810 110 131
4811 110 132
4812 110 133
4813 111 112
4814 111 113
4815 111 114
4816 111 115
4817 111 116
4818 111 117
4819 111 118
4820 111 119
4821 111 120
4822 111 121
4823 111 122
4824 111 123
4825 111 124
4826 111 125
4827 111 126
4828 111 127
4829 111 128
4830 111 129
4831 111 130
4832 111 131
4833 111 132
4834 111 133
4835 111 134
4836 112 113
4837 112 114
4838 112 115
4839 112 116
4840 112 117
4841 112 118
4842 112 119
4843 112 120
4844 112 121
4845 112 122
4846 112 123
4847 112 124
4848 112 125
4849 112 126
4850 112 127
4851 112 128
4852 112 129
4853 112 130
4854 112 131
4855 112 132
4856 112 133
4857 112 134
4858 113 114
4859 113 115
4860 113 116
4861 113 117
4862 113 118
4863 113 119
4864 113 120
4865 113 121
4866 113 122
4867 113 123
4868 113 124
4869 113 125
4870 113 126
4871 113 127
4872 113 128
4873 113 129
4874 113 130
4875 113 131
4876 113 132
4877 113 133
4878 113 134
4879 114 115
4880 114 116
4881 114 117
4882 114 118
4883 114 119
4884 114 120
4885 114 121
4886 114 122
4887 114 123
4888 114 124
4889 114 125
4890 114 126
4891 114 127
4892 114 128
4893 114 129
4894 114 130
4895 114 131
4896 114 132
4897 114 133
4898 114 134
4899 115 116
4900 115 117
4901 115 118
4902 115 119
4903 115 120
4904 115 121
4905 115 122
4906 115 123
4907 115 124
4908 115 125
4909 115 126
4910 115 127
4911 115 128
4912 115 129
4913 115 130
4914 115 131
4915 115 132
4916 115 133
4917 115 134
4918 116 117
4919 116 118
4920 116 119
4921 116 120
4922 116 121
4923 116 122
4924 116 123
4925 116 124
4926 116 125
4927 116 126
4928 116 127
4929 116 128
4930 116 129
4931 116 130
4932 116 131
4933 116 132
4934 116 133
4935 116 134
4936 117 118
4937 117 119
4938 117 120
4939 117 121
4940 117 122
4941 117 123
4942 117 124
4943 117 125
4944 117 126
4945 117 127
4946 117 128
4947 117 129
4948 117 130
4949 117 131
4950 117 132
4951 117 133
4952 117 134
4953 118 119
4954 118 120
4955 118 121
4956 118 122
4957 118 123
4958 118 124
4959 118 125
4960 118 126
4961 118 127
4962 118 128
4963 118 129
4964 118 130
4965 118 131
4966 118 132
4967 118 133
4968 118 134
4969 119 120
4970 119 121
4971 119 122
4972 119 123
4973 119 124
4974 119 125
4975 119 126
4976 119 127
4977 119 128
4978 119 129
4979 119 130
4980 119 131
4981 119 132
4982 119 133
4983 119 134
4984 120 121
4985 120 122
4986 120 123
4987 120 124
4988 120 125
4989 120 126
4990 120 127
4991 120 128
4992 120 129
4993 120 130
4994 120 131
4995 120 132
4996 120 133
4997 120 134
4998 121 122
4999 121 123
5000 121 124
5001 121 125
5002 121 126
5003 121 127
5004 121 128
5005 121 129
5006 121 130
5007 121 131
5008 121 132
5009 121 133
5010 121 134
5011 122 123
5012 122 124
5013 122 125
5014 122 126
5015 122 127
5016 122 128
5017 122 129
5018 122 130
5019 122 131
5020 122 132
5021 122 133
5022 122 134
5023 123 124
5024 123 125
5025 123 126
5026 123 127
5027 123 128
5028 123 129
5029 123 130
5030 123 131
5031 123 132
5032 123 133
5033 123 134
5034 124 125
5035 124 126
5036 124 127
5037 124 128
5038 124 129
5039 124 130
5040 124 131
5041 124 132
5042 124 133
5043 124 134
5044 125 126
5045 125 127
5046 125 128
5047 125 129
5048 125 130
5049 125 131
5050 125 132
5051 125 133
5052 125 134
5053 126 127
5054 126 128
5055 126 129
5056 126 130
5057 126 131
5058 126 132
5059 126 133
5060 126 134
5061 127 128
5062 127 129
5063 127 130
5064 127 131
5065 127 132
5066 127 133
5067 127 134
5068 128 129
5069 128 130
5070 128 131
5071 128 132
5072 128 133
5073 128 134
5074 129 130
5075 129 131
5076 129 132
5077 129 133
5078 129 134
5079 130 131
5080 130 132
5081 130 133
5082 130 134
5083 131 132
5084 131 133
5085 131 134
5086 132 133
5087 132 134
5088 133 134
5089 137 138
5090 139 140
5091 139 141
5092 140 141
5093 142 143
5094 142 144
5095 142 145
5096 142 147
5097 142 153
5098 142 154
5099 143 144
5100 143 145
5101 143 147
5102 143 153
5103 143 154
5104 144 145
5105 144 147
5106 144 153
5107 144 154
5108 145 147
5109 145 153
5110 145 154
5111 146 170
5112 146 175
5113 147 153
5114 147 154
5115 148 149
5116 148 150
5117 148 151
5118 149 150
5119 149 151
5120 150 151
5121 152 155
5122 152 156
5123 152 170
5124 152 175
5125 153 154
5126 155 156
5127 155 170
5128 155 175
5129 156 170
5130 156 175
5131 157 160
5132 157 161
5133 157 186
5134 157 187
5135 157 196
5136 157 197
5137 157 198
5138 157 199
5139 157 201
5140 157 202
5141 157 203
5142 157 204
5143 157 205
5144 157 206
5145 157 207
5146 157 208
5147 157 209
5148 157 210
5149 157 211
5150 157 212
5151 157 213
5152 157 214
5153 157 215
5154 157 216
5155 157 217
5156 157 218
5157 157 219
5158 160 161
5159 160 186
5160 160 187
5161 160 196
5162 160 197
5163 160 198
5164 160 199
5165 160 201
5166 160 202
5167 160 203
5168 160 204
5169 160 205
5170 160 206
5171 160 207
5172 160 208
5173 160 209
5174 160 210
5175 160 211
5176 160 212
5177 160 213
5178 160 214
5179 160 215
5180 160 216
5181 160 217
5182 160 218
5183 160 219
5184 161 186
5185 161 187
5186 161 196
5187 161 197
5188 161 198
5189 161 199
5190 161 201
5191 161 202
5192 161 203
5193 161 204
5194 161 205
5195 161 206
5196 161 207
5197 161 208
5198 161 209
5199 161 210
5200 161 211
5201 161 212
5202 161 213
5203 161 214
5204 161 215
5205 161 216
5206 161 217
5207 161 218
5208 161 219
5209 162 163
5210 162 164
5211 162 173
5212 162 176
5213 163 164
5214 163 173
5215 163 176
5216 164 173
5217 164 176
5218 165 185
5219 166 171
5220 166 172
5221 167 168
5222 167 169
5223 167 184
5224 168 169
5225 168 184
5226 169 184
5227 170 175
5228 171 172
5229 173 176
5230 177 178
5231 179 221
5232 180 181
5233 182 183
5234 186 187
5235 186 196
5236 186 197
5237 186 198
5238 186 199
5239 186 201
5240 186 202
5241 186 203
5242 186 204
5243 186 205
5244 186 206
5245 186 207
5246 186 208
5247 186 209
5248 186 210
5249 186 211
5250 186 212
5251 186 213
5252 186 214
5253 186 215
5254 186 216
5255 186 217
5256 186 218
5257 186 219
5258 187 196
5259 187 197
5260 187 198
5261 187 199
5262 187 201
5263 187 202
5264 187 203
5265 187 204
5266 187 205
5267 187 206
5268 187 207
5269 187 208
5270 187 209
5271 187 210
5272 187 211
5273 187 212
5274 187 213
5275 187 214
5276 187 215
5277 187 216
5278 187 217
5279 187 218
5280 187 219
5281 189 190
5282 189 191
5283 189 192
5284 189 193
5285 189 194
5286 189 195
5287 190 191
5288 190 192
5289 190 193
5290 190 194
5291 190 195
5292 191 192
5293 191 193
5294 191 194
5295 191 195
5296 192 193
5297 192 194
5298 192 195
5299 193 194
5300 193 195
5301 194 195
5302 196 197
5303 196 198
5304 196 199
5305 196 201
5306 196 202
5307 196 203
5308 196 204
5309 196 205
5310 196 206
5311 196 207
5312 196 208
5313 196 209
5314 196 210
5315 196 211
5316 196 212
5317 196 213
5318 196 214
5319 196 215
5320 196 216
5321 196 217
5322 196 218
5323 196 219
5324 197 198
5325 197 199
5326 197 201
5327 197 202
5328 197 203
5329 197 204
5330 197 205
5331 197 206
5332 197 207
5333 197 208
5334 197 209
5335 197 210
5336 197 211
5337 197 212
5338 197 213
5339 197 214
5340 197 215
5341 197 216
5342 197 217
5343 197 218
5344 197 219
5345 198 199
5346 198 201
5347 198 202
5348 198 203
5349 198 204
5350 198 205
5351 198 206
5352 198 207
5353 198 208
5354 198 209
5355 198 210
5356 198 211
5357 198 212
5358 198 213
5359 198 214
5360 198 215
5361 198 216
5362 198 217
5363 198 218
5364 198 219
5365 199 201
5366 199 202
5367 199 203
5368 199 204
5369 199 205
5370 199 206
5371 199 207
5372 199 208
5373 199 209
5374 199 210
5375 199 211
5376 199 212
5377 199 213
5378 199 214
5379 199 215
5380 199 216
5381 199 217
5382 199 218
5383 199 219
5384 201 202
5385 201 203
5386 201 204
5387 201 205
5388 201 206
5389 201 207
5390 201 208
5391 201 209
5392 201 210
5393 201 211
5394 201 212
5395 201 213
5396 201 214
5397 201 215
5398 201 216
5399 201 217
5400 201 218
5401 201 219
5402 202 203
5403 202 204
5404 202 205
5405 202 206
5406 202 207
5407 202 208
5408 202 209
5409 202 210
5410 202 211
5411 202 212
5412 202 213
5413 202 214
5414 202 215
5415 202 216
5416 202 217
5417 202 218
5418 202 219
5419 203 204
5420 203 205
5421 203 206
5422 203 207
5423 203 208
5424 203 209
5425 203 210
5426 203 211
5427 203 212
5428 203 213
5429 203 214
5430 203 215
5431 203 216
5432 203 217
5433 203 218
5434 203 219
5435 204 205
5436 204 206
5437 204 207
5438 204 208
5439 204 209
5440 204 210
5441 204 211
5442 204 212
5443 204 213
5444 204 214
5445 204 215
5446 204 216
5447 204 217
5448 204 218
5449 204 219
5450 205 206
5451 205 207
5452 205 208
5453 205 209
5454 205 210
5455 205 211
5456 205 212
5457 205 213
5458 205 214
5459 205 215
5460 205 216
5461 205 217
5462 205 218
5463 205 219
5464 206 207
5465 206 208
5466 206 209
5467 206 210
5468 206 211
5469 206 212
5470 206 213
5471 206 214
5472 206 215
5473 206 216
5474 206 217
5475 206 218
5476 206 219
5477 207 208
5478 207 209
5479 207 210
5480 207 211
5481 207 212
5482 207 213
5483 207 214
5484 207 215
5485 207 216
5486 207 217
5487 207 218
5488 207 219
5489 208 209
5490 208 210
5491 208 211
5492 208 212
5493 208 213
5494 208 214
5495 208 215
5496 208 216
5497 208 217
5498 208 218
5499 208 219
5500 209 210
5501 209 211
5502 209 212
5503 209 213
5504 209 214
5505 209 215
5506 209 216
5507 209 217
5508 209 218
5509 209 219
5510 210 211
5511 210 212
5512 210 213
5513 210 214
5514 210 215
5515 210 216
5516 210 217
5517 210 218
5518 210 219
5519 211 212
5520 211 213
5521 211 214
5522 211 215
5523 211 216
5524 211 217
5525 211 218
5526 211 219
5527 212 213
5528 212 214
5529 212 215
5530 212 216
5531 212 217
5532 212 218
5533 212 219
5534 213 214
5535 213 215
5536 213 216
5537 213 217
5538 213 218
5539 213 219
5540 214 215
5541 214 216
5542 214 217
5543 214 218
5544 214 219
5545 215 216
5546 215 217
5547 215 218
5548 215 219
5549 216 217
5550 216 218
5551 216 219
5552 217 218
5553 217 219
5554 218 219
5555 222 223
5556 222 224
5557 222 225
5558 222 226
5559 222 227
5560 222 228
5561 223 224
5562 223 225
5563 223 226
5564 223 227
5565 223 228
5566 224 225
5567 224 226
5568 224 227
5569 224 228
5570 225 226
5571 225 227
5572 225 228
5573 226 227
5574 226 228
5575 227 228
5576 230 231
5577 230 232
5578 231 232
