1 1 4
2 1 5
3 1 8
4 1 9
5 1 10
6 1 12
7 1 14
8 1 15
9 1 16
10 1 17
11 1 18
12 1 21
13 1 23
14 1 24
15 1 25
16 1 126
17 1 127
18 1 128
19 1 129
20 1 131
21 1 132
22 1 134
23 1 136
24 1 137
25 1 138
26 1 140
27 1 141
28 1 142
29 1 143
30 1 144
31 1 147
32 1 148
33 1 149
34 1 150
35 1 205
36 1 209
37 1 210
38 1 214
39 1 215
40 1 216
41 1 237
42 2 3
43 2 13
44 2 23
45 3 10
46 3 23
47 4 5
48 4 7
49 4 10
50 4 11
51 4 15
52 4 16
53 4 18
54 4 21
55 4 23
56 4 24
57 4 126
58 4 145
59 4 150
60 4 209
61 4 221
62 5 8
63 5 9
64 5 12
65 5 14
66 5 15
67 5 16
68 5 126
69 5 131
70 5 134
71 5 137
72 5 138
73 5 140
74 5 143
75 5 150
76 6 13
77 7 11
78 7 12
79 7 16
80 7 18
81 7 23
82 7 24
83 7 25
84 7 130
85 7 131
86 7 132
87 7 142
88 7 143
89 7 145
90 7 149
91 7 150
92 8 9
93 8 12
94 8 15
95 8 16
96 8 126
97 8 131
98 8 134
99 8 137
100 8 138
101 8 140
102 8 141
103 8 147
104 8 148
105 8 214
106 8 229
107 8 234
108 8 245
109 8 248
110 9 12
111 9 14
112 9 15
113 9 16
114 9 17
115 9 126
116 9 131
117 9 134
118 9 137
119 9 140
120 9 141
121 9 210
122 9 214
123 9 215
124 9 239
125 10 13
126 10 16
127 10 18
128 10 21
129 10 23
130 10 24
131 10 150
132 10 249
133 11 150
134 12 14
135 12 15
136 12 16
137 12 17
138 12 18
139 12 19
140 12 24
141 12 25
142 12 126
143 12 128
144 12 131
145 12 132
146 12 134
147 12 137
148 12 138
149 12 140
150 12 141
151 12 148
152 12 150
153 12 208
154 12 210
155 12 211
156 12 214
157 12 233
158 12 237
159 12 239
160 12 245
161 13 136
162 14 15
163 14 17
164 14 131
165 14 134
166 14 137
167 14 138
168 14 140
169 14 141
170 14 144
171 14 149
172 14 150
173 15 16
174 15 17
175 15 18
176 15 23
177 15 24
178 15 25
179 15 126
180 15 128
181 15 129
182 15 131
183 15 132
184 15 134
185 15 135
186 15 137
187 15 138
188 15 140
189 15 141
190 15 143
191 15 144
192 15 145
193 15 147
194 15 148
195 15 149
196 15 150
197 15 210
198 15 211
199 15 214
200 15 215
201 15 237
202 16 17
203 16 18
204 16 23
205 16 24
206 16 25
207 16 126
208 16 128
209 16 131
210 16 132
211 16 134
212 16 135
213 16 137
214 16 140
215 16 141
216 16 146
217 16 148
218 16 150
219 16 210
220 16 211
221 16 214
222 16 215
223 16 221
224 16 223
225 17 126
226 17 134
227 17 137
228 17 140
229 17 141
230 17 144
231 17 210
232 17 211
233 18 24
234 18 25
235 18 132
236 18 137
237 18 140
238 18 142
239 18 143
240 18 144
241 18 149
242 18 150
243 18 215
244 21 132
245 21 144
246 21 149
247 23 24
248 23 132
249 23 140
250 23 150
251 24 25
252 24 132
253 24 142
254 24 143
255 24 150
256 25 131
257 25 132
258 25 136
259 25 137
260 25 140
261 25 143
262 25 146
263 25 149
264 25 150
265 26 44
266 27 33
267 27 35
268 27 37
269 27 39
270 27 42
271 27 43
272 27 49
273 28 29
274 28 31
275 28 45
276 28 46
277 28 47
278 29 31
279 29 35
280 29 45
281 29 46
282 29 47
283 31 35
284 31 44
285 31 45
286 31 46
287 31 47
288 31 49
289 32 44
290 33 34
291 33 35
292 33 36
293 33 37
294 33 38
295 33 39
296 33 41
297 33 42
298 33 43
299 33 44
300 33 49
301 33 50
302 34 36
303 34 37
304 34 38
305 34 41
306 34 42
307 34 43
308 34 44
309 34 49
310 35 37
311 35 44
312 35 45
313 35 49
314 35 50
315 36 37
316 36 38
317 36 41
318 36 42
319 36 43
320 37 38
321 37 39
322 37 41
323 37 42
324 37 43
325 37 44
326 37 49
327 37 50
328 38 41
329 38 42
330 38 43
331 38 44
332 38 49
333 39 42
334 39 43
335 39 49
336 41 42
337 41 43
338 41 49
339 42 43
340 42 44
341 42 49
342 43 49
343 44 47
344 44 48
345 44 49
346 44 50
347 45 46
348 45 47
349 46 49
350 51 52
351 51 53
352 51 55
353 51 56
354 51 57
355 51 58
356 51 60
357 51 62
358 51 65
359 51 66
360 51 70
361 51 72
362 52 53
363 52 54
364 52 55
365 52 57
366 52 58
367 52 59
368 52 60
369 52 62
370 52 63
371 52 65
372 52 66
373 52 68
374 52 69
375 52 70
376 52 71
377 52 72
378 52 73
379 52 74
380 52 75
381 53 55
382 53 56
383 53 57
384 53 60
385 53 62
386 53 64
387 53 65
388 53 66
389 53 68
390 53 70
391 53 72
392 54 57
393 54 58
394 54 59
395 54 60
396 54 61
397 54 63
398 54 66
399 54 68
400 54 69
401 54 70
402 54 71
403 54 72
404 54 73
405 54 74
406 54 75
407 55 56
408 55 62
409 55 64
410 55 65
411 55 66
412 55 70
413 55 72
414 56 66
415 56 72
416 57 58
417 57 59
418 57 60
419 57 61
420 57 62
421 57 63
422 57 64
423 57 65
424 57 66
425 57 68
426 57 69
427 57 70
428 57 71
429 57 72
430 57 73
431 57 74
432 57 75
433 58 59
434 58 60
435 58 61
436 58 63
437 58 66
438 58 67
439 58 68
440 58 69
441 58 70
442 58 71
443 58 72
444 58 73
445 58 74
446 58 75
447 59 60
448 59 61
449 59 63
450 59 66
451 59 67
452 59 68
453 59 69
454 59 70
455 59 71
456 59 72
457 59 73
458 59 74
459 59 75
460 60 61
461 60 62
462 60 63
463 60 64
464 60 65
465 60 66
466 60 67
467 60 68
468 60 69
469 60 70
470 60 71
471 60 72
472 60 73
473 60 74
474 60 75
475 61 63
476 61 67
477 61 70
478 61 71
479 61 72
480 61 73
481 61 74
482 61 75
483 62 64
484 62 65
485 62 66
486 62 68
487 62 70
488 62 72
489 63 66
490 63 67
491 63 68
492 63 69
493 63 70
494 63 71
495 63 72
496 63 73
497 63 74
498 63 75
499 64 65
500 64 68
501 64 70
502 64 72
503 65 66
504 65 68
505 65 70
506 65 72
507 66 68
508 66 69
509 66 70
510 66 71
511 66 72
512 66 73
513 66 75
514 67 71
515 67 73
516 67 74
517 67 75
518 68 70
519 68 71
520 68 72
521 68 73
522 68 75
523 69 70
524 69 71
525 69 72
526 69 73
527 69 74
528 69 75
529 70 71
530 70 72
531 70 73
532 70 74
533 70 75
534 71 72
535 71 73
536 71 74
537 71 75
538 72 73
539 72 74
540 72 75
541 73 74
542 73 75
543 74 75
544 74 109
545 74 112
546 76 79
547 76 80
548 76 82
549 76 84
550 76 88
551 76 89
552 76 90
553 76 91
554 76 95
555 76 98
556 76 99
557 78 86
558 78 87
559 79 80
560 79 81
561 79 82
562 79 84
563 79 99
564 80 82
565 80 84
566 80 85
567 80 88
568 80 89
569 80 90
570 80 91
571 80 92
572 80 93
573 80 95
574 80 98
575 80 99
576 81 96
577 81 97
578 82 84
579 82 88
580 82 89
581 82 91
582 82 92
583 82 93
584 82 99
585 84 85
586 84 88
587 84 89
588 84 90
589 84 91
590 84 92
591 84 93
592 84 95
593 84 98
594 84 99
595 85 88
596 85 89
597 85 90
598 85 91
599 85 92
600 85 93
601 86 96
602 88 89
603 88 90
604 88 91
605 88 92
606 88 93
607 88 95
608 88 99
609 89 91
610 89 92
611 89 93
612 90 91
613 90 95
614 90 99
615 91 92
616 91 93
617 92 93
618 96 97
619 99 100
620 101 102
621 101 107
622 101 109
623 101 111
624 101 112
625 101 113
626 101 115
627 101 116
628 101 117
629 101 120
630 101 123
631 101 124
632 101 125
633 101 167
634 102 107
635 102 108
636 102 109
637 102 111
638 102 112
639 102 115
640 102 116
641 102 117
642 102 118
643 102 120
644 102 121
645 102 123
646 102 125
647 102 167
648 102 169
649 104 108
650 104 109
651 104 112
652 104 119
653 105 109
654 105 111
655 105 112
656 105 113
657 105 115
658 105 117
659 105 118
660 105 124
661 105 125
662 107 108
663 107 109
664 107 111
665 107 112
666 107 113
667 107 114
668 107 115
669 107 116
670 107 117
671 107 118
672 107 119
673 107 120
674 107 121
675 107 123
676 107 124
677 107 125
678 108 109
679 108 111
680 108 112
681 108 113
682 108 114
683 108 115
684 108 116
685 108 117
686 108 118
687 108 119
688 108 121
689 108 123
690 108 124
691 108 125
692 108 158
693 109 111
694 109 112
695 109 113
696 109 114
697 109 115
698 109 116
699 109 117
700 109 118
701 109 119
702 109 120
703 109 121
704 109 123
705 109 124
706 109 125
707 111 112
708 111 113
709 111 114
710 111 115
711 111 116
712 111 117
713 111 118
714 111 119
715 111 123
716 111 124
717 111 125
718 112 113
719 112 114
720 112 115
721 112 116
722 112 117
723 112 118
724 112 119
725 112 120
726 112 121
727 112 123
728 112 124
729 112 125
730 113 114
731 113 116
732 113 117
733 113 118
734 113 119
735 113 123
736 113 124
737 113 125
738 114 116
739 114 117
740 114 118
741 114 119
742 114 120
743 114 123
744 114 124
745 114 125
746 115 116
747 115 117
748 115 118
749 115 121
750 115 123
751 115 125
752 115 153
753 115 160
754 116 117
755 116 118
756 116 119
757 116 120
758 116 121
759 116 123
760 116 124
761 116 125
762 117 118
763 117 119
764 117 120
765 117 121
766 117 123
767 117 124
768 117 125
769 118 119
770 118 121
771 118 123
772 118 124
773 118 125
774 118 158
775 119 123
776 119 124
777 119 125
778 120 123
779 120 125
780 121 123
781 121 125
782 123 124
783 123 125
784 124 125
785 126 128
786 126 129
787 126 131
788 126 132
789 126 134
790 126 135
791 126 137
792 126 138
793 126 140
794 126 141
795 126 143
796 126 144
797 126 145
798 126 146
799 126 147
800 126 148
801 126 149
802 126 150
803 126 210
804 126 233
805 126 237
806 126 239
807 127 129
808 127 131
809 127 137
810 127 140
811 127 141
812 127 150
813 128 129
814 128 131
815 128 134
816 128 137
817 128 140
818 128 141
819 128 144
820 128 148
821 128 150
822 129 131
823 129 132
824 129 133
825 129 134
826 129 136
827 129 137
828 129 138
829 129 140
830 129 141
831 129 142
832 129 143
833 129 144
834 129 145
835 129 146
836 129 147
837 129 149
838 129 150
839 130 132
840 130 143
841 130 145
842 130 149
843 130 150
844 131 132
845 131 134
846 131 135
847 131 137
848 131 138
849 131 140
850 131 141
851 131 142
852 131 143
853 131 144
854 131 145
855 131 146
856 131 147
857 131 148
858 131 149
859 131 150
860 131 226
861 131 228
862 131 229
863 131 230
864 131 233
865 131 234
866 131 237
867 131 238
868 131 239
869 131 243
870 131 245
871 131 250
872 132 134
873 132 136
874 132 137
875 132 139
876 132 140
877 132 141
878 132 142
879 132 143
880 132 144
881 132 145
882 132 146
883 132 150
884 132 228
885 132 237
886 133 142
887 133 145
888 133 150
889 134 137
890 134 138
891 134 140
892 134 141
893 134 142
894 134 143
895 134 146
896 134 147
897 134 148
898 134 150
899 134 227
900 134 228
901 134 231
902 134 234
903 134 237
904 134 239
905 134 245
906 135 137
907 135 138
908 135 140
909 135 141
910 135 144
911 135 147
912 135 150
913 135 210
914 136 140
915 136 142
916 136 143
917 136 145
918 136 146
919 136 150
920 137 138
921 137 140
922 137 141
923 137 142
924 137 143
925 137 144
926 137 145
927 137 146
928 137 147
929 137 148
930 137 149
931 137 150
932 137 210
933 137 214
934 137 226
935 137 227
936 137 228
937 137 229
938 137 230
939 137 234
940 137 237
941 137 238
942 137 239
943 137 243
944 137 245
945 137 248
946 137 250
947 138 140
948 138 141
949 138 147
950 138 148
951 138 150
952 138 214
953 138 226
954 138 227
955 138 234
956 138 243
957 138 245
958 139 150
959 140 141
960 140 142
961 140 143
962 140 144
963 140 145
964 140 146
965 140 147
966 140 148
967 140 149
968 140 150
969 140 210
970 140 211
971 140 214
972 140 215
973 140 228
974 140 230
975 140 234
976 140 237
977 140 239
978 140 243
979 140 245
980 141 144
981 141 147
982 141 148
983 141 150
984 141 214
985 141 226
986 141 227
987 141 230
988 141 234
989 141 237
990 141 239
991 141 243
992 141 245
993 141 248
994 142 143
995 142 144
996 142 145
997 142 149
998 142 150
999 143 145
1000 143 146
1001 143 149
1002 143 150
1003 143 245
1004 144 145
1005 144 148
1006 144 149
1007 144 150
1008 145 146
1009 145 149
1010 145 150
1011 146 148
1012 146 149
1013 146 150
1014 147 148
1015 147 150
1016 147 214
1017 147 226
1018 147 227
1019 147 234
1020 147 245
1021 147 250
1022 148 150
1023 148 227
1024 148 237
1025 148 239
1026 148 248
1027 149 150
1028 150 245
1029 150 247
1030 150 249
1031 151 154
1032 151 155
1033 151 156
1034 151 157
1035 151 159
1036 151 161
1037 151 163
1038 151 165
1039 151 168
1040 151 172
1041 151 173
1042 152 153
1043 152 157
1044 152 158
1045 152 160
1046 152 161
1047 152 163
1048 152 164
1049 152 165
1050 153 155
1051 153 158
1052 153 160
1053 153 161
1054 153 163
1055 153 164
1056 153 165
1057 153 166
1058 153 167
1059 153 169
1060 153 170
1061 153 171
1062 153 172
1063 154 155
1064 155 156
1065 155 157
1066 155 158
1067 155 160
1068 155 161
1069 155 164
1070 155 165
1071 156 157
1072 156 162
1073 156 168
1074 156 173
1075 157 158
1076 157 162
1077 157 173
1078 157 174
1079 158 160
1080 158 161
1081 158 163
1082 158 164
1083 158 165
1084 158 166
1085 158 167
1086 158 169
1087 158 170
1088 158 171
1089 158 172
1090 159 161
1091 159 162
1092 159 163
1093 159 165
1094 159 168
1095 159 172
1096 159 173
1097 160 161
1098 160 163
1099 160 164
1100 160 165
1101 160 166
1102 160 167
1103 160 169
1104 160 170
1105 160 171
1106 160 172
1107 161 163
1108 161 164
1109 161 165
1110 161 172
1111 162 173
1112 162 174
1113 163 164
1114 163 165
1115 163 166
1116 163 167
1117 163 171
1118 163 172
1119 164 165
1120 164 166
1121 164 167
1122 164 169
1123 164 170
1124 164 171
1125 164 172
1126 165 170
1127 165 171
1128 165 172
1129 167 169
1130 167 171
1131 168 173
1132 169 171
1133 176 177
1134 176 178
1135 176 179
1136 176 180
1137 176 181
1138 176 183
1139 176 187
1140 176 188
1141 176 190
1142 176 191
1143 176 193
1144 176 194
1145 176 196
1146 176 197
1147 176 198
1148 176 199
1149 177 178
1150 177 179
1151 177 180
1152 177 181
1153 177 183
1154 177 187
1155 177 190
1156 177 193
1157 177 194
1158 177 196
1159 177 197
1160 177 198
1161 177 199
1162 178 179
1163 178 180
1164 178 181
1165 178 182
1166 178 183
1167 178 187
1168 178 188
1169 178 190
1170 178 193
1171 178 194
1172 178 195
1173 178 196
1174 178 197
1175 178 198
1176 178 199
1177 179 183
1178 179 187
1179 179 188
1180 179 190
1181 179 191
1182 179 194
1183 179 198
1184 179 199
1185 180 181
1186 180 185
1187 180 186
1188 180 187
1189 180 188
1190 180 189
1191 180 190
1192 180 196
1193 180 197
1194 180 198
1195 180 199
1196 181 185
1197 181 186
1198 181 187
1199 181 188
1200 181 189
1201 181 190
1202 181 191
1203 181 192
1204 181 197
1205 181 198
1206 181 199
1207 182 196
1208 183 187
1209 183 188
1210 183 190
1211 183 191
1212 183 198
1213 183 199
1214 184 194
1215 184 196
1216 184 200
1217 185 186
1218 185 187
1219 185 189
1220 185 190
1221 185 192
1222 185 197
1223 185 198
1224 186 187
1225 186 189
1226 186 190
1227 186 197
1228 186 198
1229 187 188
1230 187 189
1231 187 190
1232 187 191
1233 187 194
1234 187 196
1235 187 197
1236 187 198
1237 187 199
1238 188 190
1239 188 191
1240 188 197
1241 188 198
1242 189 190
1243 189 192
1244 189 197
1245 189 198
1246 190 191
1247 190 192
1248 190 197
1249 190 198
1250 190 199
1251 191 199
1252 192 197
1253 192 198
1254 193 196
1255 193 199
1256 194 196
1257 196 199
1258 197 198
1259 197 199
1260 198 199
1261 201 204
1262 201 217
1263 202 203
1264 202 209
1265 202 210
1266 202 211
1267 202 212
1268 202 223
1269 203 210
1270 203 223
1271 205 213
1272 205 215
1273 207 209
1274 207 217
1275 208 210
1276 208 211
1277 208 213
1278 208 214
1279 209 210
1280 209 212
1281 209 214
1282 209 221
1283 210 211
1284 210 213
1285 210 214
1286 210 215
1287 210 221
1288 210 223
1289 210 225
1290 211 213
1291 211 214
1292 211 221
1293 212 217
1294 213 214
1295 213 215
1296 213 220
1297 214 215
1298 214 216
1299 214 220
1300 214 221
1301 214 225
1302 215 216
1303 215 221
1304 215 222
1305 215 225
1306 218 219
1307 219 222
1308 220 225
1309 226 227
1310 226 228
1311 226 229
1312 226 230
1313 226 231
1314 226 233
1315 226 234
1316 226 236
1317 226 237
1318 226 238
1319 226 239
1320 226 241
1321 226 242
1322 226 243
1323 226 245
1324 226 248
1325 226 249
1326 226 250
1327 227 228
1328 227 229
1329 227 230
1330 227 234
1331 227 237
1332 227 238
1333 227 239
1334 227 242
1335 227 243
1336 227 245
1337 227 248
1338 227 250
1339 228 230
1340 228 231
1341 228 233
1342 228 234
1343 228 237
1344 228 238
1345 228 239
1346 228 243
1347 228 245
1348 228 249
1349 229 230
1350 229 234
1351 229 237
1352 229 238
1353 229 239
1354 229 243
1355 229 245
1356 229 248
1357 229 250
1358 230 231
1359 230 233
1360 230 234
1361 230 237
1362 230 238
1363 230 239
1364 230 243
1365 230 245
1366 230 247
1367 230 248
1368 230 250
1369 231 234
1370 231 235
1371 231 237
1372 231 239
1373 231 245
1374 231 246
1375 231 247
1376 231 248
1377 231 250
1378 232 237
1379 232 247
1380 232 250
1381 233 234
1382 233 237
1383 233 238
1384 233 239
1385 233 243
1386 233 245
1387 233 249
1388 234 237
1389 234 238
1390 234 239
1391 234 243
1392 234 245
1393 234 247
1394 234 248
1395 234 249
1396 234 250
1397 235 237
1398 235 238
1399 235 239
1400 235 241
1401 235 242
1402 235 246
1403 235 249
1404 236 237
1405 236 246
1406 236 250
1407 237 238
1408 237 239
1409 237 240
1410 237 241
1411 237 242
1412 237 243
1413 237 245
1414 237 246
1415 237 247
1416 237 248
1417 237 249
1418 237 250
1419 238 239
1420 238 241
1421 238 242
1422 238 243
1423 238 245
1424 238 246
1425 238 247
1426 238 249
1427 239 240
1428 239 241
1429 239 242
1430 239 243
1431 239 245
1432 239 246
1433 239 248
1434 239 250
1435 240 243
1436 240 248
1437 241 242
1438 241 249
1439 242 248
1440 243 245
1441 243 247
1442 243 248
1443 243 250
1444 245 247
1445 245 248
1446 245 249
1447 245 250
1448 247 249
1449 247 250
1450 248 250
