1 1 2
2 1 3
3 1 4
4 1 5
5 1 6
6 1 8
7 1 9
8 1 12
9 1 15
10 1 16
11 1 17
12 1 18
13 1 20
14 1 21
15 1 23
16 1 24
17 2 3
18 2 4
19 2 5
20 2 6
21 2 8
22 2 9
23 2 11
24 2 12
25 2 13
26 2 14
27 2 15
28 2 16
29 2 17
30 2 18
31 2 19
32 2 20
33 2 21
34 2 22
35 2 23
36 2 24
37 3 4
38 3 5
39 3 8
40 3 9
41 3 11
42 3 12
43 3 13
44 3 14
45 3 15
46 3 16
47 3 17
48 3 18
49 3 19
50 3 20
51 3 21
52 3 23
53 3 24
54 4 5
55 4 6
56 4 8
57 4 9
58 4 11
59 4 12
60 4 13
61 4 14
62 4 15
63 4 16
64 4 17
65 4 18
66 4 19
67 4 20
68 4 21
69 4 22
70 4 23
71 4 24
72 5 6
73 5 8
74 5 9
75 5 12
76 5 13
77 5 14
78 5 15
79 5 16
80 5 17
81 5 18
82 5 20
83 5 21
84 5 22
85 5 23
86 5 24
87 6 8
88 6 9
89 6 12
90 6 17
91 6 20
92 6 21
93 6 23
94 6 24
95 8 9
96 8 12
97 8 16
98 8 17
99 8 18
100 8 20
101 8 21
102 8 23
103 8 24
104 9 12
105 9 15
106 9 17
107 9 18
108 9 20
109 9 21
110 9 23
111 9 24
112 10 11
113 10 25
114 11 12
115 11 13
116 11 14
117 11 16
118 11 19
119 11 21
120 12 13
121 12 14
122 12 15
123 12 16
124 12 17
125 12 18
126 12 19
127 12 20
128 12 21
129 12 22
130 12 23
131 12 24
132 13 14
133 13 16
134 13 18
135 13 19
136 13 21
137 13 22
138 13 24
139 14 16
140 14 18
141 14 19
142 14 21
143 14 22
144 14 24
145 15 16
146 15 17
147 15 18
148 15 19
149 15 20
150 15 21
151 15 24
152 16 17
153 16 18
154 16 19
155 16 20
156 16 21
157 16 22
158 16 23
159 16 24
160 17 18
161 17 19
162 17 20
163 17 21
164 17 23
165 17 24
166 18 19
167 18 20
168 18 21
169 18 23
170 18 24
171 19 21
172 20 21
173 20 23
174 20 24
175 21 22
176 21 23
177 21 24
178 21 180
179 23 24
180 26 27
181 26 28
182 26 29
183 26 30
184 26 31
185 26 32
186 26 33
187 26 34
188 26 35
189 26 36
190 26 37
191 26 38
192 26 39
193 26 40
194 26 41
195 26 42
196 26 43
197 26 44
198 26 45
199 26 46
200 26 47
201 26 48
202 26 49
203 26 50
204 27 29
205 27 30
206 27 31
207 27 32
208 27 38
209 27 39
210 27 40
211 27 42
212 27 43
213 27 47
214 27 49
215 27 50
216 28 29
217 28 30
218 28 32
219 28 33
220 28 34
221 28 35
222 28 37
223 28 38
224 28 39
225 28 41
226 28 43
227 28 44
228 28 46
229 28 47
230 28 48
231 28 49
232 28 50
233 29 30
234 29 31
235 29 32
236 29 33
237 29 34
238 29 35
239 29 36
240 29 37
241 29 38
242 29 39
243 29 41
244 29 42
245 29 43
246 29 44
247 29 45
248 29 46
249 29 47
250 29 48
251 29 49
252 29 50
253 30 31
254 30 32
255 30 33
256 30 34
257 30 35
258 30 36
259 30 37
260 30 38
261 30 39
262 30 40
263 30 42
264 30 43
265 30 44
266 30 45
267 30 46
268 30 47
269 30 48
270 30 49
271 30 50
272 31 32
273 31 33
274 31 36
275 31 37
276 31 38
277 31 40
278 31 42
279 31 43
280 31 44
281 31 45
282 31 47
283 31 48
284 31 49
285 31 50
286 32 33
287 32 34
288 32 35
289 32 36
290 32 37
291 32 38
292 32 40
293 32 42
294 32 43
295 32 44
296 32 45
297 32 46
298 32 47
299 32 48
300 32 49
301 32 50
302 33 34
303 33 35
304 33 37
305 33 38
306 33 39
307 33 41
308 33 42
309 33 43
310 33 44
311 33 45
312 33 46
313 33 47
314 33 48
315 33 49
316 33 50
317 34 35
318 34 37
319 34 38
320 34 39
321 34 43
322 34 44
323 34 45
324 34 46
325 34 47
326 34 49
327 34 50
328 35 36
329 35 37
330 35 38
331 35 39
332 35 41
333 35 43
334 35 44
335 35 46
336 35 47
337 35 48
338 35 49
339 35 50
340 36 37
341 36 38
342 36 39
343 36 40
344 36 43
345 36 44
346 36 45
347 36 46
348 36 47
349 36 48
350 36 49
351 36 50
352 37 38
353 37 39
354 37 40
355 37 42
356 37 43
357 37 44
358 37 45
359 37 46
360 37 47
361 37 48
362 37 49
363 37 50
364 38 39
365 38 40
366 38 41
367 38 42
368 38 43
369 38 44
370 38 45
371 38 46
372 38 47
373 38 48
374 38 49
375 38 50
376 38 105
377 38 112
378 38 123
379 38 130
380 39 41
381 39 43
382 39 44
383 39 46
384 39 47
385 39 49
386 39 50
387 40 42
388 40 43
389 40 44
390 40 45
391 40 47
392 40 48
393 40 49
394 41 43
395 41 44
396 41 45
397 41 46
398 41 47
399 41 49
400 41 50
401 42 43
402 42 44
403 42 45
404 42 47
405 42 48
406 42 49
407 42 50
408 43 44
409 43 45
410 43 46
411 43 47
412 43 48
413 43 49
414 43 50
415 43 122
416 43 130
417 44 45
418 44 46
419 44 47
420 44 48
421 44 49
422 44 50
423 45 47
424 45 48
425 45 49
426 45 50
427 46 47
428 46 48
429 46 49
430 46 50
431 47 48
432 47 49
433 47 50
434 47 51
435 47 54
436 47 75
437 47 105
438 47 130
439 48 49
440 48 50
441 48 150
442 49 50
443 49 101
444 49 105
445 49 123
446 51 53
447 51 54
448 51 55
449 51 57
450 51 58
451 51 59
452 51 60
453 51 61
454 51 62
455 51 63
456 51 64
457 51 65
458 51 66
459 51 67
460 51 68
461 51 69
462 51 71
463 51 72
464 51 73
465 51 74
466 51 75
467 51 101
468 51 105
469 51 130
470 52 53
471 52 56
472 52 58
473 52 59
474 52 60
475 52 61
476 52 62
477 52 63
478 52 64
479 52 65
480 52 70
481 52 71
482 52 73
483 52 74
484 53 54
485 53 55
486 53 56
487 53 57
488 53 58
489 53 59
490 53 60
491 53 61
492 53 62
493 53 63
494 53 64
495 53 65
496 53 66
497 53 67
498 53 68
499 53 69
500 53 71
501 53 72
502 53 73
503 53 74
504 53 75
505 53 128
506 53 130
507 53 133
508 53 140
509 53 143
510 53 150
511 54 55
512 54 57
513 54 60
514 54 61
515 54 62
516 54 63
517 54 65
518 54 66
519 54 67
520 54 68
521 54 69
522 54 71
523 54 72
524 54 73
525 54 74
526 54 75
527 54 105
528 54 130
529 54 131
530 55 57
531 55 59
532 55 60
533 55 61
534 55 62
535 55 63
536 55 66
537 55 67
538 55 68
539 55 69
540 55 71
541 55 72
542 55 73
543 55 74
544 55 75
545 55 105
546 55 130
547 56 58
548 56 59
549 56 61
550 56 62
551 56 63
552 56 64
553 56 65
554 56 66
555 56 68
556 56 70
557 56 71
558 56 73
559 56 74
560 56 142
561 57 59
562 57 60
563 57 61
564 57 62
565 57 63
566 57 64
567 57 65
568 57 66
569 57 67
570 57 68
571 57 69
572 57 71
573 57 72
574 57 73
575 57 74
576 57 75
577 58 59
578 58 61
579 58 62
580 58 64
581 58 65
582 58 68
583 58 69
584 58 70
585 58 71
586 58 73
587 58 74
588 58 136
589 59 60
590 59 61
591 59 62
592 59 63
593 59 64
594 59 65
595 59 68
596 59 69
597 59 71
598 59 73
599 59 74
600 59 75
601 59 126
602 59 137
603 60 61
604 60 62
605 60 63
606 60 64
607 60 65
608 60 66
609 60 67
610 60 68
611 60 69
612 60 71
613 60 72
614 60 73
615 60 74
616 60 75
617 60 101
618 60 105
619 60 106
620 60 120
621 60 130
622 60 131
623 60 149
624 60 150
625 60 228
626 61 62
627 61 63
628 61 64
629 61 65
630 61 66
631 61 67
632 61 68
633 61 69
634 61 70
635 61 71
636 61 72
637 61 73
638 61 74
639 61 75
640 61 128
641 61 136
642 61 137
643 61 142
644 61 150
645 62 63
646 62 64
647 62 65
648 62 66
649 62 67
650 62 68
651 62 69
652 62 70
653 62 71
654 62 72
655 62 73
656 62 74
657 62 75
658 62 128
659 62 130
660 62 136
661 62 140
662 62 143
663 62 149
664 62 227
665 62 236
666 63 64
667 63 65
668 63 66
669 63 67
670 63 68
671 63 69
672 63 70
673 63 71
674 63 72
675 63 73
676 63 74
677 63 75
678 63 133
679 63 150
680 64 65
681 64 67
682 64 68
683 64 69
684 64 71
685 64 73
686 64 74
687 64 75
688 65 66
689 65 68
690 65 69
691 65 70
692 65 71
693 65 73
694 65 74
695 65 75
696 65 128
697 65 133
698 65 138
699 65 142
700 65 148
701 66 67
702 66 68
703 66 69
704 66 71
705 66 72
706 66 73
707 66 74
708 66 75
709 66 110
710 66 115
711 67 68
712 67 69
713 67 71
714 67 72
715 67 73
716 67 74
717 67 75
718 67 143
719 68 69
720 68 70
721 68 71
722 68 72
723 68 73
724 68 74
725 68 75
726 68 128
727 68 129
728 68 136
729 68 143
730 68 149
731 69 70
732 69 71
733 69 72
734 69 73
735 69 74
736 69 75
737 69 130
738 69 134
739 69 142
740 69 149
741 69 150
742 70 128
743 70 133
744 70 135
745 70 136
746 70 142
747 70 148
748 70 150
749 71 72
750 71 73
751 71 74
752 71 75
753 71 133
754 72 73
755 72 74
756 72 75
757 72 105
758 72 123
759 72 130
760 73 74
761 73 75
762 73 143
763 73 149
764 74 75
765 74 128
766 74 140
767 74 143
768 74 149
769 75 105
770 75 122
771 75 130
772 75 150
773 76 78
774 76 79
775 76 81
776 76 82
777 76 83
778 76 84
779 76 85
780 76 88
781 76 89
782 76 90
783 76 91
784 76 92
785 76 93
786 76 94
787 76 97
788 76 98
789 76 100
790 77 78
791 77 79
792 77 80
793 77 81
794 77 82
795 77 83
796 77 85
797 77 86
798 77 87
799 77 88
800 77 89
801 77 90
802 77 91
803 77 92
804 77 93
805 77 94
806 77 95
807 77 96
808 77 97
809 77 98
810 77 99
811 77 100
812 78 79
813 78 80
814 78 81
815 78 82
816 78 83
817 78 84
818 78 85
819 78 86
820 78 87
821 78 88
822 78 89
823 78 90
824 78 91
825 78 92
826 78 93
827 78 94
828 78 95
829 78 96
830 78 97
831 78 98
832 78 99
833 78 100
834 79 80
835 79 81
836 79 82
837 79 83
838 79 84
839 79 85
840 79 86
841 79 87
842 79 88
843 79 89
844 79 90
845 79 91
846 79 92
847 79 93
848 79 94
849 79 95
850 79 96
851 79 97
852 79 98
853 79 99
854 79 100
855 80 81
856 80 82
857 80 83
858 80 85
859 80 86
860 80 87
861 80 88
862 80 89
863 80 90
864 80 91
865 80 92
866 80 93
867 80 94
868 80 95
869 80 96
870 80 97
871 80 98
872 80 99
873 80 100
874 81 82
875 81 83
876 81 84
877 81 85
878 81 86
879 81 87
880 81 88
881 81 89
882 81 90
883 81 91
884 81 92
885 81 93
886 81 94
887 81 95
888 81 96
889 81 97
890 81 98
891 81 99
892 81 100
893 82 83
894 82 84
895 82 85
896 82 86
897 82 87
898 82 88
899 82 89
900 82 90
901 82 91
902 82 92
903 82 93
904 82 94
905 82 95
906 82 96
907 82 97
908 82 98
909 82 99
910 82 100
911 83 84
912 83 85
913 83 86
914 83 87
915 83 88
916 83 89
917 83 90
918 83 91
919 83 92
920 83 93
921 83 94
922 83 95
923 83 96
924 83 97
925 83 98
926 83 99
927 83 100
928 84 85
929 84 88
930 84 89
931 84 90
932 84 91
933 84 92
934 84 93
935 84 94
936 84 97
937 84 98
938 84 100
939 85 86
940 85 87
941 85 88
942 85 89
943 85 90
944 85 91
945 85 92
946 85 93
947 85 94
948 85 96
949 85 97
950 85 98
951 85 99
952 85 100
953 86 87
954 86 88
955 86 89
956 86 91
957 86 92
958 86 93
959 86 94
960 86 95
961 86 96
962 86 97
963 87 88
964 87 89
965 87 91
966 87 92
967 87 93
968 87 94
969 87 95
970 87 96
971 87 97
972 88 89
973 88 90
974 88 91
975 88 92
976 88 93
977 88 94
978 88 95
979 88 96
980 88 97
981 88 98
982 88 99
983 88 100
984 89 90
985 89 91
986 89 92
987 89 93
988 89 94
989 89 95
990 89 96
991 89 97
992 89 98
993 89 99
994 89 100
995 90 91
996 90 92
997 90 93
998 90 94
999 90 95
1000 90 96
1001 90 97
1002 90 98
1003 90 99
1004 90 100
1005 91 92
1006 91 93
1007 91 94
1008 91 95
1009 91 96
1010 91 97
1011 91 98
1012 91 99
1013 91 100
1014 92 93
1015 92 94
1016 92 95
1017 92 96
1018 92 97
1019 92 98
1020 92 99
1021 92 100
1022 93 94
1023 93 95
1024 93 96
1025 93 97
1026 93 98
1027 93 99
1028 93 100
1029 94 95
1030 94 96
1031 94 97
1032 94 98
1033 94 99
1034 94 100
1035 95 96
1036 95 97
1037 96 97
1038 96 99
1039 97 98
1040 97 99
1041 97 100
1042 98 99
1043 98 100
1044 99 100
1045 101 102
1046 101 103
1047 101 104
1048 101 105
1049 101 106
1050 101 109
1051 101 110
1052 101 111
1053 101 112
1054 101 113
1055 101 114
1056 101 115
1057 101 116
1058 101 117
1059 101 118
1060 101 119
1061 101 120
1062 101 121
1063 101 122
1064 101 123
1065 101 124
1066 101 125
1067 101 130
1068 101 149
1069 102 105
1070 102 106
1071 102 107
1072 102 109
1073 102 110
1074 102 111
1075 102 112
1076 102 113
1077 102 114
1078 102 115
1079 102 116
1080 102 117
1081 102 118
1082 102 119
1083 102 120
1084 102 121
1085 102 122
1086 102 123
1087 102 124
1088 102 125
1089 103 104
1090 103 105
1091 103 106
1092 103 109
1093 103 110
1094 103 111
1095 103 112
1096 103 115
1097 103 117
1098 103 118
1099 103 119
1100 103 122
1101 103 123
1102 103 125
1103 104 105
1104 104 106
1105 104 109
1106 104 110
1107 104 111
1108 104 112
1109 104 113
1110 104 115
1111 104 116
1112 104 117
1113 104 118
1114 104 119
1115 104 120
1116 104 122
1117 104 123
1118 104 125
1119 105 106
1120 105 109
1121 105 110
1122 105 111
1123 105 112
1124 105 113
1125 105 114
1126 105 115
1127 105 116
1128 105 117
1129 105 118
1130 105 119
1131 105 120
1132 105 121
1133 105 122
1134 105 123
1135 105 124
1136 105 125
1137 105 130
1138 106 108
1139 106 109
1140 106 110
1141 106 111
1142 106 112
1143 106 113
1144 106 114
1145 106 115
1146 106 116
1147 106 117
1148 106 118
1149 106 119
1150 106 120
1151 106 121
1152 106 122
1153 106 123
1154 106 124
1155 106 125
1156 106 130
1157 107 109
1158 107 114
1159 107 117
1160 107 124
1161 108 109
1162 108 113
1163 108 114
1164 108 117
1165 108 120
1166 108 124
1167 108 125
1168 109 110
1169 109 111
1170 109 112
1171 109 113
1172 109 114
1173 109 115
1174 109 116
1175 109 117
1176 109 118
1177 109 119
1178 109 120
1179 109 121
1180 109 122
1181 109 123
1182 109 124
1183 109 125
1184 109 130
1185 109 134
1186 109 137
1187 109 149
1188 109 150
1189 110 111
1190 110 112
1191 110 115
1192 110 116
1193 110 117
1194 110 118
1195 110 119
1196 110 120
1197 110 122
1198 110 123
1199 110 124
1200 110 125
1201 111 112
1202 111 113
1203 111 115
1204 111 116
1205 111 117
1206 111 118
1207 111 119
1208 111 120
1209 111 121
1210 111 122
1211 111 123
1212 111 124
1213 111 125
1214 112 113
1215 112 115
1216 112 117
1217 112 118
1218 112 119
1219 112 120
1220 112 121
1221 112 122
1222 112 123
1223 112 124
1224 112 125
1225 113 114
1226 113 115
1227 113 116
1228 113 117
1229 113 118
1230 113 119
1231 113 120
1232 113 121
1233 113 122
1234 113 123
1235 113 124
1236 113 125
1237 114 115
1238 114 116
1239 114 117
1240 114 118
1241 114 119
1242 114 120
1243 114 121
1244 114 122
1245 114 123
1246 114 124
1247 114 126
1248 114 140
1249 114 149
1250 115 116
1251 115 117
1252 115 118
1253 115 119
1254 115 120
1255 115 122
1256 115 123
1257 115 124
1258 115 125
1259 115 130
1260 116 117
1261 116 118
1262 116 120
1263 116 121
1264 116 122
1265 116 123
1266 116 124
1267 116 130
1268 116 134
1269 117 118
1270 117 119
1271 117 120
1272 117 121
1273 117 122
1274 117 123
1275 117 124
1276 117 125
1277 118 119
1278 118 120
1279 118 121
1280 118 122
1281 118 123
1282 118 124
1283 118 125
1284 118 130
1285 119 120
1286 119 121
1287 119 122
1288 119 123
1289 119 125
1290 120 121
1291 120 122
1292 120 123
1293 120 124
1294 120 125
1295 121 122
1296 121 123
1297 121 124
1298 121 125
1299 122 123
1300 122 125
1301 122 130
1302 123 124
1303 123 125
1304 123 130
1305 123 149
1306 124 125
1307 124 126
1308 124 136
1309 124 147
1310 125 131
1311 126 127
1312 126 128
1313 126 129
1314 126 130
1315 126 131
1316 126 133
1317 126 134
1318 126 135
1319 126 136
1320 126 137
1321 126 138
1322 126 139
1323 126 140
1324 126 141
1325 126 142
1326 126 143
1327 126 145
1328 126 146
1329 126 147
1330 126 148
1331 126 149
1332 126 150
1333 127 128
1334 127 129
1335 127 130
1336 127 131
1337 127 133
1338 127 134
1339 127 136
1340 127 139
1341 127 140
1342 127 141
1343 127 142
1344 127 143
1345 127 148
1346 127 149
1347 127 150
1348 128 129
1349 128 130
1350 128 132
1351 128 133
1352 128 134
1353 128 135
1354 128 136
1355 128 137
1356 128 138
1357 128 139
1358 128 140
1359 128 141
1360 128 142
1361 128 143
1362 128 145
1363 128 146
1364 128 147
1365 128 148
1366 128 149
1367 128 150
1368 129 130
1369 129 133
1370 129 134
1371 129 135
1372 129 136
1373 129 137
1374 129 138
1375 129 139
1376 129 140
1377 129 141
1378 129 142
1379 129 143
1380 129 145
1381 129 147
1382 129 148
1383 129 149
1384 129 150
1385 130 131
1386 130 133
1387 130 134
1388 130 135
1389 130 136
1390 130 138
1391 130 140
1392 130 141
1393 130 142
1394 130 143
1395 130 148
1396 130 149
1397 130 150
1398 131 134
1399 131 137
1400 131 141
1401 131 143
1402 131 148
1403 131 149
1404 131 150
1405 132 135
1406 132 136
1407 132 138
1408 132 139
1409 132 140
1410 132 142
1411 132 143
1412 132 145
1413 132 146
1414 132 147
1415 132 148
1416 132 149
1417 133 134
1418 133 135
1419 133 136
1420 133 137
1421 133 138
1422 133 139
1423 133 140
1424 133 141
1425 133 142
1426 133 143
1427 133 145
1428 133 146
1429 133 147
1430 133 148
1431 133 149
1432 133 150
1433 134 135
1434 134 136
1435 134 137
1436 134 138
1437 134 139
1438 134 140
1439 134 141
1440 134 142
1441 134 143
1442 134 145
1443 134 148
1444 134 149
1445 134 150
1446 135 136
1447 135 137
1448 135 138
1449 135 139
1450 135 140
1451 135 142
1452 135 143
1453 135 145
1454 135 146
1455 135 147
1456 135 148
1457 135 149
1458 135 150
1459 136 137
1460 136 139
1461 136 140
1462 136 142
1463 136 143
1464 136 145
1465 136 146
1466 136 147
1467 136 148
1468 136 149
1469 136 150
1470 137 138
1471 137 139
1472 137 140
1473 137 141
1474 137 142
1475 137 143
1476 137 145
1477 137 147
1478 137 148
1479 137 149
1480 137 150
1481 138 139
1482 138 140
1483 138 141
1484 138 142
1485 138 143
1486 138 145
1487 138 146
1488 138 147
1489 138 148
1490 138 149
1491 138 150
1492 139 140
1493 139 141
1494 139 142
1495 139 143
1496 139 145
1497 139 146
1498 139 147
1499 139 148
1500 139 149
1501 139 150
1502 140 141
1503 140 143
1504 140 145
1505 140 147
1506 140 148
1507 140 149
1508 140 150
1509 141 142
1510 141 143
1511 141 145
1512 141 148
1513 141 149
1514 141 150
1515 142 143
1516 142 145
1517 142 146
1518 142 147
1519 142 148
1520 142 149
1521 142 150
1522 143 145
1523 143 147
1524 143 148
1525 143 149
1526 143 150
1527 143 233
1528 145 146
1529 145 147
1530 145 148
1531 145 149
1532 146 147
1533 146 148
1534 146 149
1535 147 148
1536 147 149
1537 147 150
1538 148 149
1539 148 150
1540 149 150
1541 151 152
1542 151 153
1543 151 154
1544 151 155
1545 151 156
1546 151 157
1547 151 158
1548 151 159
1549 151 161
1550 151 162
1551 151 164
1552 151 165
1553 151 166
1554 151 167
1555 151 168
1556 151 169
1557 151 170
1558 151 172
1559 151 173
1560 151 175
1561 152 153
1562 152 154
1563 152 155
1564 152 156
1565 152 157
1566 152 158
1567 152 159
1568 152 161
1569 152 162
1570 152 163
1571 152 165
1572 152 166
1573 152 168
1574 152 169
1575 152 170
1576 152 172
1577 152 173
1578 152 175
1579 153 154
1580 153 155
1581 153 156
1582 153 157
1583 153 158
1584 153 159
1585 153 161
1586 153 162
1587 153 163
1588 153 164
1589 153 165
1590 153 166
1591 153 167
1592 153 168
1593 153 169
1594 153 170
1595 153 171
1596 153 172
1597 153 173
1598 153 174
1599 153 175
1600 154 155
1601 154 156
1602 154 157
1603 154 158
1604 154 159
1605 154 161
1606 154 162
1607 154 164
1608 154 165
1609 154 166
1610 154 167
1611 154 168
1612 154 169
1613 154 170
1614 154 173
1615 154 174
1616 154 175
1617 155 156
1618 155 157
1619 155 158
1620 155 159
1621 155 161
1622 155 162
1623 155 163
1624 155 164
1625 155 165
1626 155 166
1627 155 167
1628 155 168
1629 155 169
1630 155 170
1631 155 171
1632 155 172
1633 155 173
1634 155 174
1635 155 175
1636 156 157
1637 156 158
1638 156 159
1639 156 161
1640 156 162
1641 156 163
1642 156 164
1643 156 165
1644 156 166
1645 156 167
1646 156 168
1647 156 169
1648 156 170
1649 156 171
1650 156 172
1651 156 173
1652 156 174
1653 156 175
1654 157 158
1655 157 159
1656 157 161
1657 157 162
1658 157 165
1659 157 166
1660 157 167
1661 157 168
1662 157 169
1663 157 170
1664 157 175
1665 158 159
1666 158 161
1667 158 162
1668 158 163
1669 158 164
1670 158 165
1671 158 166
1672 158 167
1673 158 168
1674 158 169
1675 158 170
1676 158 171
1677 158 172
1678 158 173
1679 158 174
1680 158 175
1681 159 161
1682 159 162
1683 159 165
1684 159 166
1685 159 167
1686 159 168
1687 159 169
1688 159 170
1689 159 175
1690 160 164
1691 160 171
1692 161 162
1693 161 163
1694 161 164
1695 161 165
1696 161 166
1697 161 167
1698 161 168
1699 161 169
1700 161 170
1701 161 172
1702 161 173
1703 161 174
1704 161 175
1705 162 164
1706 162 165
1707 162 166
1708 162 167
1709 162 168
1710 162 169
1711 162 170
1712 162 171
1713 162 172
1714 162 173
1715 162 174
1716 162 175
1717 163 164
1718 163 165
1719 163 166
1720 163 168
1721 163 169
1722 163 170
1723 163 171
1724 163 172
1725 163 173
1726 163 174
1727 163 175
1728 164 165
1729 164 166
1730 164 168
1731 164 169
1732 164 170
1733 164 171
1734 164 172
1735 164 173
1736 164 174
1737 164 175
1738 165 166
1739 165 167
1740 165 168
1741 165 169
1742 165 170
1743 165 171
1744 165 172
1745 165 173
1746 165 175
1747 166 167
1748 166 168
1749 166 169
1750 166 170
1751 166 171
1752 166 172
1753 166 173
1754 166 174
1755 166 175
1756 167 168
1757 167 169
1758 167 170
1759 167 175
1760 168 169
1761 168 170
1762 168 171
1763 168 172
1764 168 173
1765 168 174
1766 168 175
1767 169 170
1768 169 171
1769 169 172
1770 169 173
1771 169 174
1772 169 175
1773 170 171
1774 170 172
1775 170 173
1776 170 174
1777 170 175
1778 171 172
1779 171 173
1780 171 174
1781 172 173
1782 172 174
1783 172 175
1784 173 174
1785 173 175
1786 174 175
1787 176 179
1788 176 180
1789 176 181
1790 176 182
1791 176 184
1792 176 185
1793 176 186
1794 176 187
1795 176 188
1796 176 189
1797 176 190
1798 176 191
1799 176 193
1800 176 194
1801 176 195
1802 176 196
1803 176 198
1804 176 199
1805 176 200
1806 176 243
1807 176 249
1808 177 192
1809 177 197
1810 178 180
1811 178 181
1812 178 184
1813 178 186
1814 178 187
1815 178 188
1816 178 191
1817 178 194
1818 178 195
1819 178 196
1820 178 200
1821 179 182
1822 179 185
1823 179 186
1824 179 187
1825 179 190
1826 179 191
1827 179 193
1828 179 195
1829 179 198
1830 179 199
1831 180 181
1832 180 182
1833 180 183
1834 180 184
1835 180 185
1836 180 186
1837 180 187
1838 180 188
1839 180 191
1840 180 193
1841 180 194
1842 180 195
1843 180 196
1844 180 198
1845 180 199
1846 180 200
1847 180 202
1848 181 182
1849 181 183
1850 181 184
1851 181 185
1852 181 186
1853 181 187
1854 181 188
1855 181 190
1856 181 191
1857 181 193
1858 181 194
1859 181 195
1860 181 196
1861 181 198
1862 181 199
1863 181 200
1864 182 185
1865 182 186
1866 182 187
1867 182 188
1868 182 189
1869 182 190
1870 182 191
1871 182 192
1872 182 193
1873 182 194
1874 182 195
1875 182 197
1876 182 198
1877 182 199
1878 182 200
1879 183 184
1880 183 188
1881 183 194
1882 183 196
1883 183 199
1884 184 185
1885 184 186
1886 184 187
1887 184 188
1888 184 191
1889 184 193
1890 184 194
1891 184 195
1892 184 196
1893 184 198
1894 184 199
1895 184 200
1896 185 186
1897 185 187
1898 185 188
1899 185 189
1900 185 190
1901 185 191
1902 185 192
1903 185 193
1904 185 194
1905 185 195
1906 185 196
1907 185 197
1908 185 198
1909 185 199
1910 185 200
1911 185 243
1912 186 187
1913 186 188
1914 186 191
1915 186 194
1916 186 195
1917 186 196
1918 186 198
1919 186 199
1920 186 200
1921 187 188
1922 187 191
1923 187 193
1924 187 194
1925 187 195
1926 187 196
1927 187 198
1928 187 199
1929 187 200
1930 188 191
1931 188 194
1932 188 195
1933 188 196
1934 188 198
1935 188 199
1936 188 200
1937 188 249
1938 189 191
1939 189 192
1940 189 193
1941 189 198
1942 189 200
1943 190 191
1944 190 194
1945 190 195
1946 191 193
1947 191 194
1948 191 195
1949 191 196
1950 191 198
1951 191 199
1952 191 200
1953 191 243
1954 191 249
1955 192 197
1956 193 195
1957 193 198
1958 193 200
1959 194 195
1960 194 196
1961 194 198
1962 194 199
1963 195 196
1964 195 198
1965 195 199
1966 195 200
1967 196 199
1968 196 200
1969 196 205
1970 196 207
1971 196 212
1972 198 199
1973 198 200
1974 198 249
1975 199 200
1976 201 202
1977 201 203
1978 201 204
1979 201 205
1980 201 206
1981 201 207
1982 201 208
1983 201 209
1984 201 210
1985 201 211
1986 201 212
1987 201 213
1988 201 214
1989 201 215
1990 201 216
1991 201 217
1992 201 218
1993 201 219
1994 201 220
1995 201 221
1996 201 222
1997 201 223
1998 201 224
1999 201 225
2000 202 203
2001 202 204
2002 202 205
2003 202 206
2004 202 207
2005 202 208
2006 202 209
2007 202 210
2008 202 211
2009 202 212
2010 202 213
2011 202 214
2012 202 215
2013 202 216
2014 202 217
2015 202 218
2016 202 219
2017 202 220
2018 202 221
2019 202 222
2020 202 223
2021 202 224
2022 202 225
2023 203 205
2024 203 206
2025 203 207
2026 203 208
2027 203 209
2028 203 211
2029 203 212
2030 203 213
2031 203 214
2032 203 215
2033 203 216
2034 203 217
2035 203 218
2036 203 220
2037 203 221
2038 203 222
2039 203 223
2040 203 225
2041 204 205
2042 204 207
2043 204 208
2044 204 209
2045 204 210
2046 204 212
2047 204 213
2048 204 214
2049 204 217
2050 204 218
2051 204 219
2052 204 220
2053 204 221
2054 204 222
2055 204 223
2056 204 225
2057 205 206
2058 205 207
2059 205 208
2060 205 209
2061 205 210
2062 205 211
2063 205 212
2064 205 213
2065 205 214
2066 205 215
2067 205 216
2068 205 217
2069 205 218
2070 205 219
2071 205 220
2072 205 221
2073 205 222
2074 205 223
2075 205 224
2076 205 225
2077 206 207
2078 206 208
2079 206 209
2080 206 211
2081 206 212
2082 206 213
2083 206 214
2084 206 215
2085 206 216
2086 206 217
2087 206 218
2088 206 219
2089 206 220
2090 206 221
2091 206 222
2092 206 223
2093 206 225
2094 207 208
2095 207 209
2096 207 210
2097 207 211
2098 207 212
2099 207 213
2100 207 214
2101 207 215
2102 207 216
2103 207 217
2104 207 218
2105 207 219
2106 207 220
2107 207 221
2108 207 222
2109 207 223
2110 207 224
2111 207 225
2112 208 209
2113 208 210
2114 208 211
2115 208 212
2116 208 213
2117 208 214
2118 208 215
2119 208 216
2120 208 217
2121 208 218
2122 208 219
2123 208 220
2124 208 221
2125 208 222
2126 208 223
2127 208 224
2128 208 225
2129 209 212
2130 209 213
2131 209 214
2132 209 215
2133 209 216
2134 209 217
2135 209 218
2136 209 219
2137 209 220
2138 209 221
2139 209 222
2140 209 223
2141 209 225
2142 210 211
2143 210 212
2144 210 213
2145 210 214
2146 210 216
2147 210 217
2148 210 218
2149 210 219
2150 210 220
2151 210 222
2152 210 223
2153 210 224
2154 210 225
2155 211 212
2156 211 213
2157 211 214
2158 211 215
2159 211 216
2160 211 217
2161 211 218
2162 211 220
2163 211 221
2164 211 222
2165 211 224
2166 211 225
2167 212 213
2168 212 214
2169 212 215
2170 212 216
2171 212 217
2172 212 218
2173 212 219
2174 212 220
2175 212 221
2176 212 222
2177 212 223
2178 212 224
2179 212 225
2180 213 214
2181 213 215
2182 213 216
2183 213 217
2184 213 218
2185 213 219
2186 213 220
2187 213 221
2188 213 222
2189 213 223
2190 213 224
2191 213 225
2192 214 215
2193 214 216
2194 214 217
2195 214 218
2196 214 219
2197 214 220
2198 214 221
2199 214 222
2200 214 223
2201 214 224
2202 214 225
2203 215 216
2204 215 217
2205 215 218
2206 215 219
2207 215 220
2208 215 221
2209 215 222
2210 215 223
2211 215 225
2212 216 217
2213 216 218
2214 216 220
2215 216 221
2216 216 222
2217 216 223
2218 216 224
2219 216 225
2220 217 218
2221 217 219
2222 217 220
2223 217 221
2224 217 222
2225 217 223
2226 217 224
2227 217 225
2228 218 219
2229 218 220
2230 218 221
2231 218 222
2232 218 223
2233 218 224
2234 218 225
2235 219 220
2236 219 221
2237 219 222
2238 219 223
2239 219 224
2240 219 225
2241 220 221
2242 220 222
2243 220 223
2244 220 224
2245 220 225
2246 221 222
2247 221 223
2248 221 224
2249 221 225
2250 222 223
2251 222 224
2252 222 225
2253 223 225
2254 224 225
2255 226 227
2256 226 228
2257 226 229
2258 226 230
2259 226 232
2260 226 233
2261 226 234
2262 226 236
2263 226 238
2264 226 239
2265 226 240
2266 226 241
2267 226 242
2268 226 243
2269 226 245
2270 226 247
2271 226 248
2272 226 249
2273 227 228
2274 227 229
2275 227 230
2276 227 232
2277 227 233
2278 227 234
2279 227 235
2280 227 236
2281 227 237
2282 227 239
2283 227 240
2284 227 241
2285 227 242
2286 227 243
2287 227 244
2288 227 245
2289 227 247
2290 227 248
2291 227 249
2292 228 229
2293 228 230
2294 228 231
2295 228 232
2296 228 233
2297 228 234
2298 228 235
2299 228 236
2300 228 237
2301 228 238
2302 228 239
2303 228 240
2304 228 242
2305 228 243
2306 228 244
2307 228 245
2308 228 247
2309 228 248
2310 228 249
2311 228 250
2312 229 230
2313 229 231
2314 229 232
2315 229 233
2316 229 234
2317 229 235
2318 229 236
2319 229 237
2320 229 238
2321 229 239
2322 229 240
2323 229 242
2324 229 243
2325 229 244
2326 229 245
2327 229 247
2328 229 248
2329 229 249
2330 229 250
2331 230 231
2332 230 232
2333 230 233
2334 230 234
2335 230 237
2336 230 238
2337 230 239
2338 230 240
2339 230 242
2340 230 244
2341 230 245
2342 230 246
2343 230 247
2344 230 248
2345 230 249
2346 231 232
2347 231 234
2348 231 237
2349 231 240
2350 231 243
2351 231 247
2352 231 248
2353 231 249
2354 231 250
2355 232 233
2356 232 234
2357 232 235
2358 232 236
2359 232 237
2360 232 238
2361 232 239
2362 232 240
2363 232 241
2364 232 242
2365 232 243
2366 232 244
2367 232 245
2368 232 246
2369 232 247
2370 232 248
2371 232 249
2372 232 250
2373 233 234
2374 233 236
2375 233 241
2376 233 242
2377 233 244
2378 233 248
2379 234 235
2380 234 236
2381 234 237
2382 234 238
2383 234 239
2384 234 240
2385 234 241
2386 234 242
2387 234 243
2388 234 245
2389 234 247
2390 234 248
2391 234 249
2392 234 250
2393 235 236
2394 235 238
2395 235 239
2396 235 245
2397 235 248
2398 236 239
2399 236 241
2400 236 242
2401 236 245
2402 237 238
2403 237 240
2404 237 242
2405 237 243
2406 237 247
2407 237 248
2408 237 249
2409 237 250
2410 238 240
2411 238 242
2412 238 243
2413 238 244
2414 238 245
2415 238 246
2416 238 247
2417 238 248
2418 238 249
2419 239 240
2420 239 241
2421 239 242
2422 239 245
2423 239 247
2424 239 248
2425 239 249
2426 240 242
2427 240 243
2428 240 245
2429 240 247
2430 240 248
2431 240 249
2432 240 250
2433 242 243
2434 242 244
2435 242 245
2436 242 247
2437 242 248
2438 242 249
2439 243 247
2440 243 248
2441 243 249
2442 243 250
2443 244 248
2444 245 246
2445 245 247
2446 246 247
2447 247 248
2448 247 249
2449 247 250
2450 248 249
2451 249 250
