1 1 2
2 1 3
3 1 4
4 1 5
5 1 6
6 1 7
7 1 8
8 1 9
9 1 10
10 1 12
11 1 13
12 1 14
13 1 15
14 1 16
15 1 17
16 1 18
17 1 19
18 1 20
19 1 21
20 1 23
21 1 24
22 1 25
23 1 126
24 1 127
25 1 128
26 1 129
27 1 131
28 1 132
29 1 133
30 1 134
31 1 135
32 1 136
33 1 137
34 1 138
35 1 139
36 1 140
37 1 141
38 1 142
39 1 143
40 1 144
41 1 145
42 1 146
43 1 147
44 1 148
45 1 149
46 1 150
47 1 201
48 1 202
49 1 203
50 1 205
51 1 207
52 1 208
53 1 209
54 1 210
55 1 211
56 1 212
57 1 213
58 1 214
59 1 215
60 1 216
61 1 220
62 1 221
63 1 225
64 1 226
65 1 227
66 1 228
67 1 229
68 1 230
69 1 231
70 1 233
71 1 234
72 1 235
73 1 236
74 1 237
75 1 238
76 1 239
77 1 240
78 1 241
79 1 242
80 1 243
81 1 245
82 1 246
83 1 247
84 1 248
85 1 249
86 1 250
87 2 3
88 2 4
89 2 5
90 2 6
91 2 7
92 2 10
93 2 11
94 2 12
95 2 13
96 2 15
97 2 16
98 2 17
99 2 18
100 2 19
101 2 20
102 2 22
103 2 23
104 2 24
105 2 25
106 2 127
107 2 130
108 2 131
109 2 132
110 2 133
111 2 136
112 2 139
113 2 140
114 2 143
115 2 145
116 2 148
117 2 150
118 2 201
119 2 207
120 2 209
121 2 217
122 2 223
123 3 4
124 3 6
125 3 7
126 3 10
127 3 12
128 3 13
129 3 15
130 3 18
131 3 20
132 3 23
133 3 24
134 3 132
135 3 133
136 3 139
137 3 140
138 3 150
139 3 244
140 4 5
141 4 6
142 4 7
143 4 8
144 4 9
145 4 10
146 4 11
147 4 12
148 4 13
149 4 14
150 4 15
151 4 16
152 4 17
153 4 18
154 4 19
155 4 20
156 4 21
157 4 22
158 4 23
159 4 24
160 4 25
161 4 126
162 4 127
163 4 128
164 4 129
165 4 130
166 4 131
167 4 132
168 4 133
169 4 134
170 4 135
171 4 136
172 4 137
173 4 138
174 4 139
175 4 140
176 4 141
177 4 142
178 4 143
179 4 144
180 4 145
181 4 146
182 4 147
183 4 148
184 4 149
185 4 150
186 4 201
187 4 202
188 4 203
189 4 204
190 4 206
191 4 209
192 4 210
193 4 211
194 4 212
195 4 214
196 4 215
197 4 216
198 4 217
199 4 221
200 4 223
201 4 224
202 4 233
203 4 235
204 4 239
205 4 244
206 4 246
207 4 249
208 5 7
209 5 8
210 5 9
211 5 12
212 5 14
213 5 15
214 5 16
215 5 17
216 5 18
217 5 19
218 5 21
219 5 23
220 5 24
221 5 25
222 5 126
223 5 127
224 5 128
225 5 129
226 5 131
227 5 132
228 5 134
229 5 135
230 5 137
231 5 138
232 5 140
233 5 141
234 5 143
235 5 144
236 5 145
237 5 146
238 5 147
239 5 148
240 5 149
241 5 150
242 5 183
243 5 208
244 5 210
245 5 211
246 5 214
247 5 215
248 5 221
249 5 237
250 5 243
251 5 245
252 6 7
253 6 10
254 6 13
255 6 18
256 6 20
257 6 22
258 6 23
259 6 24
260 6 130
261 6 132
262 6 133
263 6 136
264 6 139
265 6 143
266 6 145
267 6 149
268 6 204
269 6 209
270 6 218
271 6 222
272 6 246
273 7 8
274 7 9
275 7 10
276 7 11
277 7 12
278 7 13
279 7 14
280 7 15
281 7 16
282 7 17
283 7 18
284 7 19
285 7 20
286 7 21
287 7 22
288 7 23
289 7 24
290 7 25
291 7 126
292 7 127
293 7 128
294 7 129
295 7 130
296 7 131
297 7 132
298 7 133
299 7 134
300 7 135
301 7 136
302 7 137
303 7 138
304 7 139
305 7 140
306 7 141
307 7 142
308 7 143
309 7 144
310 7 145
311 7 146
312 7 148
313 7 149
314 7 150
315 7 201
316 7 204
317 7 210
318 7 211
319 7 212
320 7 214
321 7 215
322 7 216
323 7 217
324 7 219
325 7 222
326 7 233
327 8 9
328 8 10
329 8 12
330 8 14
331 8 15
332 8 16
333 8 17
334 8 18
335 8 19
336 8 23
337 8 24
338 8 25
339 8 126
340 8 127
341 8 128
342 8 129
343 8 131
344 8 132
345 8 134
346 8 135
347 8 137
348 8 138
349 8 140
350 8 141
351 8 142
352 8 143
353 8 144
354 8 145
355 8 146
356 8 147
357 8 148
358 8 149
359 8 150
360 8 208
361 8 209
362 8 210
363 8 211
364 8 214
365 8 215
366 8 216
367 8 220
368 8 221
369 8 225
370 8 226
371 8 227
372 8 228
373 8 229
374 8 230
375 8 233
376 8 234
377 8 235
378 8 237
379 8 238
380 8 239
381 8 243
382 8 245
383 8 246
384 8 248
385 8 249
386 8 250
387 9 12
388 9 14
389 9 15
390 9 16
391 9 17
392 9 18
393 9 21
394 9 23
395 9 24
396 9 25
397 9 126
398 9 128
399 9 129
400 9 131
401 9 132
402 9 134
403 9 135
404 9 137
405 9 138
406 9 140
407 9 141
408 9 143
409 9 144
410 9 145
411 9 147
412 9 148
413 9 149
414 9 150
415 9 202
416 9 205
417 9 209
418 9 210
419 9 211
420 9 213
421 9 214
422 9 215
423 9 216
424 9 220
425 9 221
426 9 226
427 9 228
428 9 230
429 9 233
430 9 234
431 9 235
432 9 237
433 9 238
434 9 239
435 9 243
436 9 245
437 9 246
438 10 11
439 10 12
440 10 13
441 10 15
442 10 16
443 10 17
444 10 18
445 10 19
446 10 20
447 10 21
448 10 22
449 10 23
450 10 24
451 10 25
452 10 126
453 10 127
454 10 128
455 10 129
456 10 130
457 10 131
458 10 132
459 10 133
460 10 136
461 10 137
462 10 138
463 10 139
464 10 140
465 10 141
466 10 142
467 10 143
468 10 144
469 10 145
470 10 146
471 10 147
472 10 148
473 10 149
474 10 150
475 10 203
476 10 209
477 10 212
478 10 214
479 10 216
480 10 217
481 10 224
482 10 226
483 10 231
484 10 233
485 10 235
486 10 237
487 10 238
488 10 239
489 10 241
490 10 242
491 10 244
492 10 246
493 10 247
494 10 249
495 11 12
496 11 16
497 11 18
498 11 20
499 11 21
500 11 22
501 11 23
502 11 24
503 11 25
504 11 130
505 11 132
506 11 133
507 11 140
508 11 142
509 11 143
510 11 145
511 11 149
512 11 150
513 11 201
514 11 212
515 11 217
516 12 13
517 12 14
518 12 15
519 12 16
520 12 17
521 12 18
522 12 19
523 12 21
524 12 23
525 12 24
526 12 25
527 12 126
528 12 127
529 12 128
530 12 129
531 12 130
532 12 131
533 12 132
534 12 134
535 12 135
536 12 136
537 12 137
538 12 138
539 12 139
540 12 140
541 12 141
542 12 142
543 12 143
544 12 144
545 12 145
546 12 146
547 12 147
548 12 148
549 12 149
550 12 150
551 12 202
552 12 205
553 12 207
554 12 208
555 12 209
556 12 210
557 12 211
558 12 212
559 12 213
560 12 214
561 12 215
562 12 216
563 12 220
564 12 221
565 12 223
566 12 225
567 12 226
568 12 227
569 12 228
570 12 229
571 12 230
572 12 231
573 12 232
574 12 233
575 12 234
576 12 235
577 12 237
578 12 238
579 12 239
580 12 240
581 12 241
582 12 242
583 12 243
584 12 245
585 12 246
586 12 247
587 12 248
588 12 249
589 12 250
590 13 15
591 13 17
592 13 18
593 13 19
594 13 20
595 13 21
596 13 22
597 13 23
598 13 24
599 13 25
600 13 127
601 13 129
602 13 130
603 13 132
604 13 133
605 13 136
606 13 139
607 13 140
608 13 142
609 13 143
610 13 144
611 13 145
612 13 148
613 13 149
614 13 150
615 13 204
616 13 205
617 13 215
618 13 218
619 13 219
620 13 222
621 13 235
622 13 246
623 14 15
624 14 16
625 14 17
626 14 18
627 14 19
628 14 21
629 14 24
630 14 25
631 14 126
632 14 127
633 14 128
634 14 129
635 14 130
636 14 131
637 14 132
638 14 134
639 14 135
640 14 137
641 14 138
642 14 140
643 14 141
644 14 142
645 14 143
646 14 144
647 14 145
648 14 146
649 14 147
650 14 148
651 14 149
652 14 150
653 14 211
654 14 214
655 14 234
656 14 237
657 14 240
658 14 243
659 14 245
660 14 247
661 14 249
662 15 16
663 15 17
664 15 18
665 15 19
666 15 20
667 15 21
668 15 23
669 15 24
670 15 25
671 15 126
672 15 127
673 15 128
674 15 129
675 15 130
676 15 131
677 15 132
678 15 133
679 15 134
680 15 135
681 15 136
682 15 137
683 15 138
684 15 139
685 15 140
686 15 141
687 15 142
688 15 143
689 15 144
690 15 145
691 15 146
692 15 147
693 15 148
694 15 149
695 15 150
696 15 202
697 15 203
698 15 205
699 15 208
700 15 209
701 15 210
702 15 211
703 15 213
704 15 214
705 15 215
706 15 216
707 15 220
708 15 221
709 15 225
710 15 226
711 15 227
712 15 228
713 15 229
714 15 230
715 15 231
716 15 233
717 15 234
718 15 235
719 15 237
720 15 238
721 15 239
722 15 240
723 15 241
724 15 242
725 15 243
726 15 245
727 15 246
728 15 247
729 15 248
730 15 249
731 15 250
732 16 17
733 16 18
734 16 19
735 16 20
736 16 21
737 16 22
738 16 23
739 16 24
740 16 25
741 16 126
742 16 127
743 16 128
744 16 129
745 16 131
746 16 132
747 16 133
748 16 134
749 16 135
750 16 136
751 16 137
752 16 138
753 16 140
754 16 141
755 16 142
756 16 143
757 16 144
758 16 145
759 16 146
760 16 147
761 16 148
762 16 149
763 16 150
764 16 201
765 16 202
766 16 205
767 16 207
768 16 208
769 16 209
770 16 210
771 16 211
772 16 212
773 16 213
774 16 214
775 16 215
776 16 216
777 16 217
778 16 220
779 16 221
780 16 222
781 16 223
782 16 225
783 16 226
784 16 227
785 16 228
786 16 233
787 16 234
788 16 235
789 16 237
790 16 238
791 16 239
792 16 241
793 16 242
794 16 243
795 16 245
796 16 247
797 16 249
798 17 18
799 17 19
800 17 21
801 17 23
802 17 24
803 17 25
804 17 126
805 17 127
806 17 128
807 17 129
808 17 131
809 17 132
810 17 134
811 17 135
812 17 136
813 17 137
814 17 138
815 17 140
816 17 141
817 17 142
818 17 143
819 17 144
820 17 146
821 17 147
822 17 148
823 17 149
824 17 150
825 17 205
826 17 208
827 17 209
828 17 210
829 17 211
830 17 213
831 17 214
832 17 215
833 17 226
834 17 228
835 17 233
836 17 235
837 17 236
838 17 237
839 17 238
840 17 239
841 17 242
842 17 245
843 17 246
844 17 247
845 17 249
846 17 250
847 18 19
848 18 20
849 18 21
850 18 23
851 18 24
852 18 25
853 18 126
854 18 127
855 18 128
856 18 129
857 18 130
858 18 131
859 18 132
860 18 133
861 18 134
862 18 135
863 18 136
864 18 137
865 18 138
866 18 139
867 18 140
868 18 141
869 18 142
870 18 143
871 18 144
872 18 145
873 18 146
874 18 147
875 18 148
876 18 149
877 18 150
878 18 202
879 18 205
880 18 209
881 18 210
882 18 211
883 18 213
884 18 214
885 18 215
886 18 216
887 18 218
888 18 222
889 18 235
890 18 237
891 18 238
892 18 239
893 18 241
894 18 246
895 18 249
896 19 20
897 19 23
898 19 24
899 19 25
900 19 126
901 19 128
902 19 129
903 19 131
904 19 132
905 19 133
906 19 137
907 19 140
908 19 141
909 19 142
910 19 144
911 19 145
912 19 146
913 19 148
914 19 149
915 19 150
916 19 210
917 19 211
918 20 22
919 20 23
920 20 24
921 20 25
922 20 129
923 20 130
924 20 132
925 20 133
926 20 136
927 20 142
928 20 143
929 20 145
930 20 150
931 20 201
932 20 204
933 20 222
934 21 23
935 21 24
936 21 25
937 21 126
938 21 127
939 21 129
940 21 130
941 21 131
942 21 132
943 21 135
944 21 137
945 21 138
946 21 139
947 21 140
948 21 141
949 21 142
950 21 143
951 21 144
952 21 145
953 21 146
954 21 147
955 21 149
956 21 150
957 21 214
958 21 215
959 21 216
960 21 235
961 21 237
962 21 239
963 21 241
964 21 246
965 21 247
966 21 249
967 22 23
968 22 133
969 22 212
970 23 24
971 23 25
972 23 126
973 23 127
974 23 129
975 23 130
976 23 131
977 23 132
978 23 133
979 23 135
980 23 136
981 23 137
982 23 139
983 23 140
984 23 141
985 23 142
986 23 143
987 23 144
988 23 145
989 23 149
990 23 150
991 23 205
992 23 207
993 23 209
994 23 210
995 23 211
996 23 214
997 23 215
998 23 217
999 23 219
1000 23 223
1001 24 25
1002 24 126
1003 24 127
1004 24 128
1005 24 129
1006 24 131
1007 24 132
1008 24 133
1009 24 134
1010 24 135
1011 24 136
1012 24 137
1013 24 138
1014 24 139
1015 24 140
1016 24 141
1017 24 142
1018 24 143
1019 24 144
1020 24 145
1021 24 146
1022 24 147
1023 24 148
1024 24 149
1025 24 150
1026 24 210
1027 24 211
1028 24 212
1029 24 214
1030 24 216
1031 24 223
1032 24 231
1033 24 233
1034 24 235
1035 24 237
1036 24 241
1037 24 245
1038 24 249
1039 25 126
1040 25 127
1041 25 128
1042 25 129
1043 25 130
1044 25 131
1045 25 132
1046 25 133
1047 25 134
1048 25 135
1049 25 136
1050 25 137
1051 25 138
1052 25 139
1053 25 140
1054 25 141
1055 25 142
1056 25 143
1057 25 144
1058 25 145
1059 25 146
1060 25 147
1061 25 148
1062 25 149
1063 25 150
1064 25 202
1065 25 208
1066 25 210
1067 25 211
1068 25 212
1069 25 213
1070 25 214
1071 25 215
1072 25 216
1073 25 223
1074 25 228
1075 25 231
1076 25 232
1077 25 233
1078 25 234
1079 25 235
1080 25 237
1081 25 238
1082 25 239
1083 25 241
1084 25 242
1085 25 243
1086 25 245
1087 26 32
1088 26 33
1089 26 35
1090 26 37
1091 26 42
1092 26 44
1093 26 49
1094 26 50
1095 26 92
1096 27 29
1097 27 33
1098 27 34
1099 27 35
1100 27 37
1101 27 38
1102 27 39
1103 27 41
1104 27 42
1105 27 43
1106 27 44
1107 27 49
1108 27 50
1109 28 29
1110 28 31
1111 28 35
1112 28 45
1113 28 46
1114 28 47
1115 28 49
1116 29 31
1117 29 33
1118 29 35
1119 29 37
1120 29 44
1121 29 45
1122 29 46
1123 29 47
1124 29 48
1125 29 49
1126 29 50
1127 31 33
1128 31 35
1129 31 37
1130 31 44
1131 31 45
1132 31 46
1133 31 47
1134 31 49
1135 32 33
1136 32 35
1137 32 37
1138 32 44
1139 32 48
1140 32 50
1141 33 34
1142 33 35
1143 33 36
1144 33 37
1145 33 38
1146 33 39
1147 33 41
1148 33 42
1149 33 43
1150 33 44
1151 33 45
1152 33 48
1153 33 49
1154 33 50
1155 34 35
1156 34 36
1157 34 37
1158 34 38
1159 34 39
1160 34 41
1161 34 42
1162 34 43
1163 34 44
1164 34 48
1165 34 49
1166 34 50
1167 35 36
1168 35 37
1169 35 38
1170 35 39
1171 35 41
1172 35 42
1173 35 43
1174 35 44
1175 35 45
1176 35 46
1177 35 47
1178 35 48
1179 35 49
1180 35 50
1181 35 92
1182 36 37
1183 36 38
1184 36 41
1185 36 42
1186 36 43
1187 36 44
1188 36 49
1189 36 50
1190 37 38
1191 37 39
1192 37 41
1193 37 42
1194 37 43
1195 37 44
1196 37 45
1197 37 48
1198 37 49
1199 37 50
1200 38 39
1201 38 41
1202 38 42
1203 38 43
1204 38 44
1205 38 49
1206 38 50
1207 39 41
1208 39 42
1209 39 43
1210 39 44
1211 39 48
1212 39 49
1213 40 47
1214 40 48
1215 41 42
1216 41 43
1217 41 44
1218 41 49
1219 42 43
1220 42 44
1221 42 49
1222 42 50
1223 43 44
1224 43 49
1225 44 45
1226 44 47
1227 44 48
1228 44 49
1229 44 50
1230 44 93
1231 45 46
1232 45 47
1233 45 48
1234 45 49
1235 45 50
1236 46 47
1237 46 49
1238 47 48
1239 47 49
1240 48 49
1241 48 50
1242 49 50
1243 51 52
1244 51 53
1245 51 54
1246 51 55
1247 51 56
1248 51 57
1249 51 58
1250 51 59
1251 51 60
1252 51 62
1253 51 63
1254 51 64
1255 51 65
1256 51 66
1257 51 68
1258 51 69
1259 51 70
1260 51 71
1261 51 72
1262 51 73
1263 51 75
1264 52 53
1265 52 54
1266 52 55
1267 52 56
1268 52 57
1269 52 58
1270 52 59
1271 52 60
1272 52 61
1273 52 62
1274 52 63
1275 52 64
1276 52 65
1277 52 66
1278 52 67
1279 52 68
1280 52 69
1281 52 70
1282 52 71
1283 52 72
1284 52 73
1285 52 74
1286 52 75
1287 53 54
1288 53 55
1289 53 56
1290 53 57
1291 53 58
1292 53 59
1293 53 60
1294 53 62
1295 53 63
1296 53 64
1297 53 65
1298 53 66
1299 53 68
1300 53 69
1301 53 70
1302 53 71
1303 53 72
1304 53 73
1305 53 75
1306 54 55
1307 54 57
1308 54 58
1309 54 59
1310 54 60
1311 54 61
1312 54 62
1313 54 63
1314 54 64
1315 54 65
1316 54 66
1317 54 67
1318 54 68
1319 54 69
1320 54 70
1321 54 71
1322 54 72
1323 54 73
1324 54 74
1325 54 75
1326 55 56
1327 55 57
1328 55 58
1329 55 59
1330 55 60
1331 55 62
1332 55 63
1333 55 64
1334 55 65
1335 55 66
1336 55 68
1337 55 69
1338 55 70
1339 55 71
1340 55 72
1341 55 73
1342 55 75
1343 56 57
1344 56 60
1345 56 62
1346 56 64
1347 56 65
1348 56 66
1349 56 69
1350 56 70
1351 56 72
1352 57 58
1353 57 59
1354 57 60
1355 57 61
1356 57 62
1357 57 63
1358 57 64
1359 57 65
1360 57 66
1361 57 67
1362 57 68
1363 57 69
1364 57 70
1365 57 71
1366 57 72
1367 57 73
1368 57 74
1369 57 75
1370 58 59
1371 58 60
1372 58 61
1373 58 62
1374 58 63
1375 58 64
1376 58 65
1377 58 66
1378 58 67
1379 58 68
1380 58 69
1381 58 70
1382 58 71
1383 58 72
1384 58 73
1385 58 74
1386 58 75
1387 59 60
1388 59 61
1389 59 62
1390 59 63
1391 59 64
1392 59 65
1393 59 66
1394 59 67
1395 59 68
1396 59 69
1397 59 70
1398 59 71
1399 59 72
1400 59 73
1401 59 74
1402 59 75
1403 60 61
1404 60 62
1405 60 63
1406 60 64
1407 60 65
1408 60 66
1409 60 67
1410 60 68
1411 60 69
1412 60 70
1413 60 71
1414 60 72
1415 60 73
1416 60 74
1417 60 75
1418 61 62
1419 61 63
1420 61 64
1421 61 65
1422 61 66
1423 61 67
1424 61 68
1425 61 69
1426 61 70
1427 61 71
1428 61 72
1429 61 73
1430 61 74
1431 61 75
1432 62 63
1433 62 64
1434 62 65
1435 62 66
1436 62 67
1437 62 68
1438 62 69
1439 62 70
1440 62 71
1441 62 72
1442 62 73
1443 62 74
1444 62 75
1445 63 64
1446 63 65
1447 63 66
1448 63 67
1449 63 68
1450 63 69
1451 63 70
1452 63 71
1453 63 72
1454 63 73
1455 63 74
1456 63 75
1457 64 65
1458 64 66
1459 64 67
1460 64 68
1461 64 69
1462 64 70
1463 64 71
1464 64 72
1465 64 73
1466 64 74
1467 64 75
1468 65 66
1469 65 67
1470 65 68
1471 65 69
1472 65 70
1473 65 71
1474 65 72
1475 65 73
1476 65 74
1477 65 75
1478 66 68
1479 66 69
1480 66 70
1481 66 71
1482 66 72
1483 66 73
1484 66 74
1485 66 75
1486 67 69
1487 67 70
1488 67 71
1489 67 72
1490 67 73
1491 67 74
1492 67 75
1493 68 69
1494 68 70
1495 68 71
1496 68 72
1497 68 73
1498 68 74
1499 68 75
1500 69 70
1501 69 71
1502 69 72
1503 69 73
1504 69 74
1505 69 75
1506 69 165
1507 70 71
1508 70 72
1509 70 73
1510 70 74
1511 70 75
1512 71 72
1513 71 73
1514 71 74
1515 71 75
1516 71 108
1517 71 109
1518 71 112
1519 71 114
1520 71 116
1521 71 117
1522 71 118
1523 71 123
1524 71 125
1525 72 73
1526 72 74
1527 72 75
1528 72 185
1529 73 74
1530 73 75
1531 73 108
1532 73 109
1533 73 112
1534 73 114
1535 73 116
1536 73 117
1537 73 118
1538 73 123
1539 73 125
1540 74 75
1541 74 108
1542 74 109
1543 74 112
1544 74 114
1545 74 116
1546 74 117
1547 74 118
1548 74 119
1549 74 123
1550 74 125
1551 76 78
1552 76 79
1553 76 80
1554 76 81
1555 76 82
1556 76 84
1557 76 85
1558 76 86
1559 76 88
1560 76 89
1561 76 90
1562 76 91
1563 76 92
1564 76 93
1565 76 95
1566 76 96
1567 76 97
1568 76 98
1569 76 99
1570 76 100
1571 77 81
1572 77 87
1573 77 97
1574 78 79
1575 78 81
1576 78 82
1577 78 86
1578 78 87
1579 78 94
1580 78 96
1581 78 97
1582 78 98
1583 79 80
1584 79 81
1585 79 82
1586 79 84
1587 79 85
1588 79 86
1589 79 87
1590 79 88
1591 79 89
1592 79 90
1593 79 91
1594 79 92
1595 79 93
1596 79 95
1597 79 96
1598 79 97
1599 79 98
1600 79 99
1601 79 100
1602 80 81
1603 80 82
1604 80 84
1605 80 85
1606 80 86
1607 80 88
1608 80 89
1609 80 90
1610 80 91
1611 80 92
1612 80 93
1613 80 95
1614 80 97
1615 80 98
1616 80 99
1617 80 100
1618 81 84
1619 81 86
1620 81 87
1621 81 89
1622 81 95
1623 81 96
1624 81 97
1625 81 98
1626 81 100
1627 82 84
1628 82 85
1629 82 88
1630 82 89
1631 82 90
1632 82 91
1633 82 92
1634 82 93
1635 82 95
1636 82 97
1637 82 98
1638 82 99
1639 82 100
1640 84 85
1641 84 86
1642 84 88
1643 84 89
1644 84 90
1645 84 91
1646 84 92
1647 84 93
1648 84 95
1649 84 97
1650 84 98
1651 84 99
1652 84 100
1653 85 88
1654 85 89
1655 85 90
1656 85 91
1657 85 92
1658 85 93
1659 85 95
1660 86 87
1661 86 88
1662 86 96
1663 86 97
1664 86 98
1665 86 100
1666 87 94
1667 87 96
1668 87 97
1669 88 89
1670 88 90
1671 88 91
1672 88 92
1673 88 93
1674 88 95
1675 88 97
1676 88 98
1677 88 99
1678 88 100
1679 89 90
1680 89 91
1681 89 92
1682 89 93
1683 89 95
1684 89 98
1685 89 99
1686 90 91
1687 90 93
1688 90 95
1689 90 97
1690 90 98
1691 90 99
1692 90 100
1693 90 188
1694 91 92
1695 91 93
1696 91 95
1697 91 98
1698 91 99
1699 92 93
1700 92 95
1701 92 98
1702 93 95
1703 93 98
1704 93 99
1705 94 96
1706 95 97
1707 95 98
1708 96 97
1709 96 98
1710 96 100
1711 97 98
1712 97 100
1713 97 225
1714 98 99
1715 98 100
1716 99 100
1717 101 102
1718 101 105
1719 101 107
1720 101 108
1721 101 109
1722 101 111
1723 101 112
1724 101 113
1725 101 114
1726 101 115
1727 101 116
1728 101 117
1729 101 118
1730 101 119
1731 101 120
1732 101 121
1733 101 123
1734 101 124
1735 101 125
1736 101 167
1737 101 169
1738 102 105
1739 102 107
1740 102 108
1741 102 109
1742 102 111
1743 102 112
1744 102 113
1745 102 114
1746 102 115
1747 102 116
1748 102 117
1749 102 118
1750 102 119
1751 102 120
1752 102 121
1753 102 123
1754 102 124
1755 102 125
1756 102 153
1757 102 158
1758 102 160
1759 102 164
1760 102 167
1761 102 169
1762 102 171
1763 103 109
1764 103 112
1765 103 117
1766 103 118
1767 103 119
1768 103 122
1769 103 124
1770 103 125
1771 104 108
1772 104 109
1773 104 112
1774 104 114
1775 104 116
1776 104 117
1777 104 118
1778 104 119
1779 104 121
1780 104 125
1781 105 106
1782 105 107
1783 105 108
1784 105 109
1785 105 111
1786 105 112
1787 105 113
1788 105 114
1789 105 115
1790 105 116
1791 105 117
1792 105 118
1793 105 119
1794 105 122
1795 105 123
1796 105 124
1797 105 125
1798 105 153
1799 105 155
1800 105 160
1801 106 107
1802 106 108
1803 106 109
1804 106 111
1805 106 112
1806 106 113
1807 106 114
1808 106 116
1809 106 117
1810 106 118
1811 106 119
1812 106 120
1813 106 123
1814 106 124
1815 106 125
1816 107 108
1817 107 109
1818 107 111
1819 107 112
1820 107 113
1821 107 114
1822 107 115
1823 107 116
1824 107 117
1825 107 118
1826 107 119
1827 107 120
1828 107 121
1829 107 123
1830 107 124
1831 107 125
1832 107 153
1833 107 158
1834 107 160
1835 107 164
1836 107 167
1837 107 169
1838 107 171
1839 108 109
1840 108 111
1841 108 112
1842 108 113
1843 108 114
1844 108 115
1845 108 116
1846 108 117
1847 108 118
1848 108 119
1849 108 120
1850 108 121
1851 108 123
1852 108 124
1853 108 125
1854 108 153
1855 108 158
1856 108 160
1857 108 164
1858 109 111
1859 109 112
1860 109 113
1861 109 114
1862 109 115
1863 109 116
1864 109 117
1865 109 118
1866 109 119
1867 109 120
1868 109 121
1869 109 122
1870 109 123
1871 109 124
1872 109 125
1873 109 153
1874 109 158
1875 109 160
1876 109 164
1877 111 112
1878 111 113
1879 111 114
1880 111 115
1881 111 116
1882 111 117
1883 111 118
1884 111 119
1885 111 120
1886 111 121
1887 111 123
1888 111 124
1889 111 125
1890 111 153
1891 111 158
1892 111 160
1893 111 164
1894 112 113
1895 112 114
1896 112 115
1897 112 116
1898 112 117
1899 112 118
1900 112 119
1901 112 120
1902 112 121
1903 112 122
1904 112 123
1905 112 124
1906 112 125
1907 112 153
1908 112 158
1909 112 160
1910 112 164
1911 113 114
1912 113 115
1913 113 116
1914 113 117
1915 113 118
1916 113 119
1917 113 120
1918 113 121
1919 113 123
1920 113 124
1921 113 125
1922 113 166
1923 114 115
1924 114 116
1925 114 117
1926 114 118
1927 114 119
1928 114 120
1929 114 121
1930 114 123
1931 114 124
1932 114 125
1933 115 116
1934 115 117
1935 115 118
1936 115 119
1937 115 120
1938 115 121
1939 115 123
1940 115 124
1941 115 125
1942 115 153
1943 115 158
1944 115 160
1945 115 164
1946 115 167
1947 115 169
1948 115 171
1949 116 117
1950 116 118
1951 116 119
1952 116 120
1953 116 121
1954 116 123
1955 116 124
1956 116 125
1957 116 153
1958 116 158
1959 116 160
1960 116 164
1961 116 167
1962 116 169
1963 116 171
1964 117 118
1965 117 119
1966 117 120
1967 117 121
1968 117 122
1969 117 123
1970 117 124
1971 117 125
1972 117 153
1973 117 158
1974 117 160
1975 117 164
1976 117 166
1977 118 119
1978 118 120
1979 118 121
1980 118 123
1981 118 124
1982 118 125
1983 118 153
1984 118 158
1985 118 160
1986 118 164
1987 118 166
1988 119 120
1989 119 121
1990 119 122
1991 119 123
1992 119 124
1993 119 125
1994 120 121
1995 120 123
1996 120 124
1997 120 125
1998 121 123
1999 121 124
2000 121 125
2001 121 153
2002 121 158
2003 121 160
2004 121 163
2005 121 164
2006 121 167
2007 121 169
2008 121 171
2009 123 124
2010 123 125
2011 123 169
2012 123 171
2013 124 125
2014 124 158
2015 124 166
2016 125 153
2017 125 158
2018 125 160
2019 125 164
2020 126 127
2021 126 128
2022 126 129
2023 126 130
2024 126 131
2025 126 132
2026 126 133
2027 126 134
2028 126 135
2029 126 136
2030 126 137
2031 126 138
2032 126 139
2033 126 140
2034 126 141
2035 126 142
2036 126 143
2037 126 144
2038 126 145
2039 126 146
2040 126 147
2041 126 148
2042 126 149
2043 126 150
2044 126 202
2045 126 209
2046 126 210
2047 126 211
2048 126 213
2049 126 214
2050 126 215
2051 126 221
2052 126 226
2053 126 227
2054 126 228
2055 126 230
2056 126 231
2057 126 233
2058 126 234
2059 126 235
2060 126 237
2061 126 238
2062 126 239
2063 126 241
2064 126 242
2065 126 243
2066 126 245
2067 126 246
2068 126 247
2069 126 248
2070 126 249
2071 126 250
2072 127 128
2073 127 129
2074 127 131
2075 127 132
2076 127 133
2077 127 134
2078 127 135
2079 127 136
2080 127 137
2081 127 138
2082 127 139
2083 127 140
2084 127 141
2085 127 142
2086 127 143
2087 127 144
2088 127 145
2089 127 146
2090 127 147
2091 127 148
2092 127 149
2093 127 150
2094 127 205
2095 127 207
2096 127 209
2097 127 215
2098 127 218
2099 127 230
2100 127 231
2101 127 235
2102 127 237
2103 127 239
2104 127 243
2105 127 245
2106 127 246
2107 127 247
2108 127 249
2109 128 129
2110 128 131
2111 128 132
2112 128 134
2113 128 135
2114 128 136
2115 128 137
2116 128 138
2117 128 140
2118 128 141
2119 128 142
2120 128 143
2121 128 144
2122 128 145
2123 128 146
2124 128 147
2125 128 148
2126 128 149
2127 128 150
2128 128 208
2129 128 211
2130 128 214
2131 128 226
2132 128 227
2133 128 228
2134 128 234
2135 128 237
2136 128 239
2137 128 240
2138 128 242
2139 128 243
2140 128 245
2141 128 247
2142 128 248
2143 129 130
2144 129 131
2145 129 132
2146 129 133
2147 129 134
2148 129 135
2149 129 136
2150 129 137
2151 129 138
2152 129 139
2153 129 140
2154 129 141
2155 129 142
2156 129 143
2157 129 144
2158 129 145
2159 129 146
2160 129 147
2161 129 148
2162 129 149
2163 129 150
2164 129 203
2165 129 209
2166 129 210
2167 129 214
2168 129 226
2169 129 227
2170 129 231
2171 129 232
2172 129 234
2173 129 235
2174 129 236
2175 129 237
2176 129 238
2177 129 239
2178 129 242
2179 129 245
2180 129 246
2181 129 247
2182 129 250
2183 130 131
2184 130 132
2185 130 133
2186 130 134
2187 130 136
2188 130 137
2189 130 138
2190 130 139
2191 130 140
2192 130 142
2193 130 143
2194 130 144
2195 130 145
2196 130 146
2197 130 149
2198 130 150
2199 130 202
2200 130 203
2201 130 204
2202 130 207
2203 130 209
2204 130 210
2205 130 212
2206 130 219
2207 131 132
2208 131 133
2209 131 134
2210 131 135
2211 131 136
2212 131 137
2213 131 138
2214 131 139
2215 131 140
2216 131 141
2217 131 142
2218 131 143
2219 131 144
2220 131 145
2221 131 146
2222 131 147
2223 131 148
2224 131 149
2225 131 150
2226 131 209
2227 131 210
2228 131 211
2229 131 213
2230 131 214
2231 131 215
2232 131 216
2233 131 221
2234 131 225
2235 131 226
2236 131 227
2237 131 228
2238 131 229
2239 131 230
2240 131 231
2241 131 232
2242 131 233
2243 131 234
2244 131 235
2245 131 237
2246 131 238
2247 131 239
2248 131 240
2249 131 241
2250 131 242
2251 131 243
2252 131 245
2253 131 246
2254 131 247
2255 131 248
2256 131 249
2257 131 250
2258 132 133
2259 132 134
2260 132 135
2261 132 136
2262 132 137
2263 132 138
2264 132 139
2265 132 140
2266 132 141
2267 132 142
2268 132 143
2269 132 144
2270 132 145
2271 132 146
2272 132 147
2273 132 148
2274 132 149
2275 132 150
2276 132 202
2277 132 207
2278 132 210
2279 132 211
2280 132 212
2281 132 213
2282 132 214
2283 132 215
2284 132 216
2285 132 219
2286 132 223
2287 132 226
2288 132 227
2289 132 228
2290 132 230
2291 132 231
2292 132 232
2293 132 233
2294 132 234
2295 132 235
2296 132 237
2297 132 238
2298 132 239
2299 132 240
2300 132 241
2301 132 242
2302 132 243
2303 132 244
2304 132 245
2305 132 246
2306 132 247
2307 132 248
2308 132 249
2309 132 250
2310 133 134
2311 133 135
2312 133 136
2313 133 137
2314 133 139
2315 133 140
2316 133 141
2317 133 142
2318 133 143
2319 133 144
2320 133 145
2321 133 146
2322 133 147
2323 133 149
2324 133 150
2325 133 201
2326 133 204
2327 133 209
2328 133 217
2329 133 231
2330 133 232
2331 133 237
2332 133 250
2333 134 135
2334 134 136
2335 134 137
2336 134 138
2337 134 139
2338 134 140
2339 134 141
2340 134 142
2341 134 143
2342 134 144
2343 134 145
2344 134 146
2345 134 147
2346 134 148
2347 134 149
2348 134 150
2349 134 208
2350 134 209
2351 134 210
2352 134 211
2353 134 214
2354 134 221
2355 134 226
2356 134 227
2357 134 228
2358 134 229
2359 134 230
2360 134 231
2361 134 232
2362 134 233
2363 134 234
2364 134 235
2365 134 237
2366 134 238
2367 134 239
2368 134 240
2369 134 241
2370 134 242
2371 134 243
2372 134 245
2373 134 246
2374 134 247
2375 134 248
2376 134 249
2377 134 250
2378 135 137
2379 135 138
2380 135 140
2381 135 141
2382 135 142
2383 135 143
2384 135 144
2385 135 145
2386 135 146
2387 135 147
2388 135 148
2389 135 149
2390 135 150
2391 135 208
2392 135 210
2393 135 211
2394 135 213
2395 135 214
2396 135 215
2397 135 216
2398 135 220
2399 135 221
2400 135 223
2401 135 225
2402 135 226
2403 135 228
2404 135 230
2405 135 233
2406 135 234
2407 135 237
2408 135 239
2409 135 240
2410 135 241
2411 135 243
2412 135 245
2413 135 250
2414 136 137
2415 136 138
2416 136 139
2417 136 140
2418 136 141
2419 136 142
2420 136 143
2421 136 144
2422 136 145
2423 136 146
2424 136 147
2425 136 148
2426 136 149
2427 136 150
2428 136 226
2429 136 227
2430 136 228
2431 136 231
2432 136 232
2433 136 235
2434 136 236
2435 136 237
2436 136 238
2437 136 242
2438 136 246
2439 136 250
2440 137 138
2441 137 139
2442 137 140
2443 137 141
2444 137 142
2445 137 143
2446 137 144
2447 137 145
2448 137 146
2449 137 147
2450 137 148
2451 137 149
2452 137 150
2453 137 208
2454 137 209
2455 137 210
2456 137 211
2457 137 213
2458 137 214
2459 137 215
2460 137 216
2461 137 220
2462 137 221
2463 137 225
2464 137 226
2465 137 227
2466 137 228
2467 137 229
2468 137 230
2469 137 231
2470 137 233
2471 137 234
2472 137 235
2473 137 237
2474 137 238
2475 137 239
2476 137 240
2477 137 241
2478 137 242
2479 137 243
2480 137 245
2481 137 246
2482 137 247
2483 137 248
2484 137 249
2485 137 250
2486 138 139
2487 138 140
2488 138 141
2489 138 142
2490 138 143
2491 138 144
2492 138 145
2493 138 146
2494 138 147
2495 138 148
2496 138 149
2497 138 150
2498 138 210
2499 138 211
2500 138 213
2501 138 214
2502 138 220
2503 138 225
2504 138 226
2505 138 227
2506 138 228
2507 138 229
2508 138 230
2509 138 233
2510 138 234
2511 138 237
2512 138 238
2513 138 239
2514 138 243
2515 138 245
2516 138 248
2517 138 250
2518 139 140
2519 139 141
2520 139 142
2521 139 143
2522 139 144
2523 139 145
2524 139 146
2525 139 147
2526 139 148
2527 139 149
2528 139 150
2529 139 231
2530 139 232
2531 139 235
2532 139 237
2533 139 244
2534 139 246
2535 139 247
2536 139 250
2537 140 141
2538 140 142
2539 140 143
2540 140 144
2541 140 145
2542 140 146
2543 140 147
2544 140 148
2545 140 149
2546 140 150
2547 140 202
2548 140 205
2549 140 208
2550 140 209
2551 140 210
2552 140 211
2553 140 213
2554 140 214
2555 140 215
2556 140 216
2557 140 220
2558 140 221
2559 140 225
2560 140 226
2561 140 227
2562 140 228
2563 140 229
2564 140 230
2565 140 231
2566 140 232
2567 140 233
2568 140 234
2569 140 235
2570 140 236
2571 140 237
2572 140 238
2573 140 239
2574 140 240
2575 140 241
2576 140 242
2577 140 243
2578 140 245
2579 140 246
2580 140 247
2581 140 248
2582 140 249
2583 140 250
2584 141 142
2585 141 143
2586 141 144
2587 141 145
2588 141 146
2589 141 147
2590 141 148
2591 141 149
2592 141 150
2593 141 210
2594 141 211
2595 141 214
2596 141 215
2597 141 225
2598 141 226
2599 141 227
2600 141 228
2601 141 229
2602 141 230
2603 141 231
2604 141 233
2605 141 234
2606 141 235
2607 141 237
2608 141 238
2609 141 239
2610 141 240
2611 141 241
2612 141 242
2613 141 243
2614 141 245
2615 141 246
2616 141 247
2617 141 248
2618 141 249
2619 141 250
2620 142 143
2621 142 144
2622 142 145
2623 142 146
2624 142 147
2625 142 148
2626 142 149
2627 142 150
2628 142 210
2629 142 214
2630 142 215
2631 142 216
2632 142 226
2633 142 227
2634 142 229
2635 142 230
2636 142 231
2637 142 232
2638 142 233
2639 142 234
2640 142 235
2641 142 237
2642 142 238
2643 142 239
2644 142 240
2645 142 241
2646 142 242
2647 142 243
2648 142 244
2649 142 245
2650 142 246
2651 142 247
2652 142 249
2653 142 250
2654 143 144
2655 143 145
2656 143 146
2657 143 147
2658 143 148
2659 143 149
2660 143 150
2661 143 207
2662 143 215
2663 143 226
2664 143 227
2665 143 228
2666 143 230
2667 143 231
2668 143 232
2669 143 233
2670 143 234
2671 143 235
2672 143 237
2673 143 238
2674 143 239
2675 143 240
2676 143 241
2677 143 242
2678 143 243
2679 143 245
2680 143 246
2681 143 247
2682 143 248
2683 143 249
2684 143 250
2685 144 145
2686 144 146
2687 144 147
2688 144 148
2689 144 149
2690 144 150
2691 144 205
2692 144 209
2693 144 210
2694 144 211
2695 144 214
2696 144 215
2697 144 226
2698 144 228
2699 144 230
2700 144 231
2701 144 233
2702 144 234
2703 144 235
2704 144 237
2705 144 238
2706 144 239
2707 144 240
2708 144 241
2709 144 242
2710 144 243
2711 144 245
2712 144 246
2713 144 247
2714 144 248
2715 144 249
2716 145 146
2717 145 147
2718 145 148
2719 145 149
2720 145 150
2721 145 202
2722 145 203
2723 145 204
2724 145 209
2725 145 210
2726 145 227
2727 145 231
2728 145 232
2729 145 237
2730 145 238
2731 145 242
2732 146 147
2733 146 148
2734 146 149
2735 146 150
2736 146 211
2737 146 223
2738 146 227
2739 146 231
2740 146 232
2741 146 234
2742 146 235
2743 146 237
2744 146 238
2745 146 239
2746 146 241
2747 146 242
2748 146 243
2749 146 245
2750 146 246
2751 146 247
2752 146 248
2753 146 249
2754 147 148
2755 147 149
2756 147 150
2757 147 210
2758 147 211
2759 147 214
2760 147 220
2761 147 225
2762 147 226
2763 147 227
2764 147 228
2765 147 229
2766 147 230
2767 147 231
2768 147 232
2769 147 233
2770 147 234
2771 147 236
2772 147 237
2773 147 238
2774 147 239
2775 147 241
2776 147 242
2777 147 243
2778 147 245
2779 147 247
2780 147 248
2781 147 249
2782 147 250
2783 148 149
2784 148 150
2785 148 208
2786 148 210
2787 148 211
2788 148 214
2789 148 215
2790 148 225
2791 148 226
2792 148 227
2793 148 228
2794 148 230
2795 148 231
2796 148 234
2797 148 235
2798 148 237
2799 148 238
2800 148 239
2801 148 240
2802 148 241
2803 148 242
2804 148 243
2805 148 245
2806 148 246
2807 148 247
2808 148 248
2809 148 249
2810 148 250
2811 149 150
2812 149 209
2813 149 216
2814 149 227
2815 149 230
2816 149 231
2817 149 233
2818 149 234
2819 149 235
2820 149 237
2821 149 238
2822 149 239
2823 149 240
2824 149 241
2825 149 242
2826 149 243
2827 149 245
2828 149 246
2829 149 247
2830 149 249
2831 150 201
2832 150 202
2833 150 207
2834 150 208
2835 150 209
2836 150 210
2837 150 211
2838 150 212
2839 150 214
2840 150 215
2841 150 216
2842 150 217
2843 150 221
2844 150 223
2845 150 226
2846 150 227
2847 150 228
2848 150 230
2849 150 231
2850 150 232
2851 150 233
2852 150 234
2853 150 235
2854 150 237
2855 150 238
2856 150 239
2857 150 241
2858 150 242
2859 150 243
2860 150 244
2861 150 245
2862 150 246
2863 150 247
2864 150 248
2865 150 249
2866 150 250
2867 151 152
2868 151 153
2869 151 154
2870 151 155
2871 151 156
2872 151 157
2873 151 158
2874 151 159
2875 151 160
2876 151 161
2877 151 162
2878 151 163
2879 151 164
2880 151 165
2881 151 168
2882 151 172
2883 151 173
2884 151 175
2885 152 153
2886 152 154
2887 152 155
2888 152 156
2889 152 157
2890 152 158
2891 152 159
2892 152 160
2893 152 161
2894 152 163
2895 152 164
2896 152 165
2897 152 166
2898 152 168
2899 152 171
2900 152 172
2901 152 173
2902 152 174
2903 152 175
2904 153 154
2905 153 155
2906 153 157
2907 153 158
2908 153 159
2909 153 160
2910 153 161
2911 153 163
2912 153 164
2913 153 165
2914 153 166
2915 153 167
2916 153 168
2917 153 169
2918 153 170
2919 153 171
2920 153 172
2921 153 174
2922 154 155
2923 154 156
2924 154 158
2925 154 160
2926 154 161
2927 154 163
2928 154 164
2929 154 165
2930 154 166
2931 154 171
2932 154 172
2933 154 174
2934 155 156
2935 155 157
2936 155 158
2937 155 159
2938 155 160
2939 155 161
2940 155 163
2941 155 164
2942 155 165
2943 155 166
2944 155 167
2945 155 168
2946 155 169
2947 155 170
2948 155 171
2949 155 172
2950 155 173
2951 155 174
2952 156 157
2953 156 158
2954 156 162
2955 156 168
2956 156 173
2957 156 175
2958 157 158
2959 157 159
2960 157 160
2961 157 162
2962 157 164
2963 157 165
2964 157 166
2965 157 168
2966 157 173
2967 157 174
2968 157 175
2969 158 159
2970 158 160
2971 158 161
2972 158 163
2973 158 164
2974 158 165
2975 158 166
2976 158 167
2977 158 168
2978 158 169
2979 158 170
2980 158 171
2981 158 172
2982 158 174
2983 159 160
2984 159 161
2985 159 162
2986 159 163
2987 159 164
2988 159 165
2989 159 168
2990 159 172
2991 159 173
2992 159 175
2993 160 161
2994 160 163
2995 160 164
2996 160 165
2997 160 166
2998 160 167
2999 160 168
3000 160 169
3001 160 170
3002 160 171
3003 160 172
3004 160 174
3005 161 163
3006 161 164
3007 161 165
3008 161 168
3009 161 171
3010 161 172
3011 161 173
3012 161 174
3013 162 165
3014 162 168
3015 162 172
3016 162 173
3017 162 174
3018 162 175
3019 163 164
3020 163 165
3021 163 166
3022 163 167
3023 163 168
3024 163 169
3025 163 170
3026 163 171
3027 163 172
3028 163 173
3029 163 174
3030 164 165
3031 164 166
3032 164 167
3033 164 168
3034 164 169
3035 164 170
3036 164 171
3037 164 172
3038 164 174
3039 165 166
3040 165 167
3041 165 168
3042 165 169
3043 165 170
3044 165 171
3045 165 172
3046 165 173
3047 165 174
3048 165 175
3049 166 167
3050 166 169
3051 166 171
3052 166 172
3053 166 173
3054 166 174
3055 167 169
3056 167 171
3057 167 172
3058 168 172
3059 168 173
3060 168 174
3061 168 175
3062 169 171
3063 169 174
3064 170 171
3065 171 172
3066 171 174
3067 172 173
3068 172 174
3069 173 174
3070 173 175
3071 176 177
3072 176 178
3073 176 179
3074 176 180
3075 176 181
3076 176 182
3077 176 183
3078 176 184
3079 176 185
3080 176 186
3081 176 187
3082 176 188
3083 176 189
3084 176 190
3085 176 191
3086 176 193
3087 176 194
3088 176 195
3089 176 196
3090 176 197
3091 176 198
3092 176 199
3093 176 225
3094 177 178
3095 177 179
3096 177 180
3097 177 181
3098 177 182
3099 177 183
3100 177 184
3101 177 185
3102 177 186
3103 177 187
3104 177 188
3105 177 189
3106 177 190
3107 177 191
3108 177 193
3109 177 194
3110 177 195
3111 177 196
3112 177 197
3113 177 198
3114 177 199
3115 177 200
3116 178 179
3117 178 180
3118 178 181
3119 178 182
3120 178 183
3121 178 184
3122 178 185
3123 178 186
3124 178 187
3125 178 188
3126 178 189
3127 178 190
3128 178 191
3129 178 192
3130 178 193
3131 178 194
3132 178 195
3133 178 196
3134 178 197
3135 178 198
3136 178 199
3137 178 200
3138 179 180
3139 179 181
3140 179 182
3141 179 183
3142 179 184
3143 179 185
3144 179 186
3145 179 187
3146 179 188
3147 179 189
3148 179 190
3149 179 191
3150 179 192
3151 179 194
3152 179 195
3153 179 196
3154 179 197
3155 179 198
3156 179 199
3157 180 181
3158 180 182
3159 180 183
3160 180 185
3161 180 186
3162 180 187
3163 180 188
3164 180 189
3165 180 190
3166 180 191
3167 180 192
3168 180 193
3169 180 194
3170 180 195
3171 180 196
3172 180 197
3173 180 198
3174 180 199
3175 181 182
3176 181 183
3177 181 185
3178 181 186
3179 181 187
3180 181 188
3181 181 189
3182 181 190
3183 181 191
3184 181 192
3185 181 193
3186 181 194
3187 181 196
3188 181 197
3189 181 198
3190 181 199
3191 182 183
3192 182 187
3193 182 188
3194 182 190
3195 182 193
3196 182 194
3197 182 195
3198 182 196
3199 182 197
3200 182 198
3201 182 199
3202 183 185
3203 183 186
3204 183 187
3205 183 188
3206 183 189
3207 183 190
3208 183 191
3209 183 192
3210 183 194
3211 183 195
3212 183 196
3213 183 197
3214 183 198
3215 183 199
3216 184 187
3217 184 194
3218 184 196
3219 184 200
3220 185 186
3221 185 187
3222 185 188
3223 185 189
3224 185 190
3225 185 191
3226 185 192
3227 185 197
3228 185 198
3229 185 199
3230 186 187
3231 186 188
3232 186 189
3233 186 190
3234 186 192
3235 186 194
3236 186 197
3237 186 198
3238 186 199
3239 187 188
3240 187 189
3241 187 190
3242 187 191
3243 187 192
3244 187 193
3245 187 194
3246 187 195
3247 187 196
3248 187 197
3249 187 198
3250 187 199
3251 188 189
3252 188 190
3253 188 191
3254 188 192
3255 188 194
3256 188 195
3257 188 196
3258 188 197
3259 188 198
3260 188 199
3261 189 190
3262 189 191
3263 189 192
3264 189 197
3265 189 198
3266 189 199
3267 190 191
3268 190 192
3269 190 194
3270 190 195
3271 190 196
3272 190 197
3273 190 198
3274 190 199
3275 191 192
3276 191 194
3277 191 196
3278 191 197
3279 191 198
3280 191 199
3281 192 197
3282 192 198
3283 192 199
3284 193 194
3285 193 195
3286 193 196
3287 193 197
3288 193 199
3289 194 195
3290 194 196
3291 194 197
3292 194 198
3293 194 199
3294 194 200
3295 195 196
3296 195 198
3297 195 199
3298 195 200
3299 196 197
3300 196 198
3301 196 199
3302 196 200
3303 197 198
3304 197 199
3305 198 199
3306 201 202
3307 201 204
3308 201 206
3309 201 207
3310 201 209
3311 201 212
3312 201 214
3313 201 215
3314 201 216
3315 201 217
3316 201 219
3317 201 221
3318 201 222
3319 201 223
3320 202 203
3321 202 204
3322 202 207
3323 202 208
3324 202 209
3325 202 210
3326 202 211
3327 202 212
3328 202 213
3329 202 214
3330 202 215
3331 202 216
3332 202 217
3333 202 219
3334 202 221
3335 202 223
3336 202 224
3337 203 204
3338 203 209
3339 203 210
3340 203 211
3341 203 212
3342 203 213
3343 203 214
3344 203 215
3345 203 216
3346 203 219
3347 203 221
3348 203 223
3349 203 224
3350 204 209
3351 204 210
3352 204 212
3353 204 215
3354 204 219
3355 204 222
3356 204 223
3357 205 207
3358 205 208
3359 205 209
3360 205 210
3361 205 211
3362 205 213
3363 205 214
3364 205 215
3365 205 216
3366 205 218
3367 205 219
3368 205 220
3369 205 225
3370 206 207
3371 206 209
3372 206 217
3373 206 218
3374 206 219
3375 206 221
3376 206 222
3377 206 223
3378 207 208
3379 207 209
3380 207 210
3381 207 211
3382 207 212
3383 207 213
3384 207 214
3385 207 215
3386 207 216
3387 207 217
3388 207 218
3389 207 219
3390 207 223
3391 207 225
3392 207 232
3393 208 209
3394 208 210
3395 208 211
3396 208 212
3397 208 213
3398 208 214
3399 208 215
3400 208 217
3401 208 220
3402 208 221
3403 208 223
3404 208 225
3405 209 210
3406 209 211
3407 209 212
3408 209 213
3409 209 214
3410 209 215
3411 209 216
3412 209 217
3413 209 219
3414 209 220
3415 209 221
3416 209 223
3417 209 224
3418 209 225
3419 209 230
3420 209 232
3421 209 235
3422 209 236
3423 209 237
3424 209 238
3425 209 246
3426 209 247
3427 209 250
3428 210 211
3429 210 212
3430 210 213
3431 210 214
3432 210 215
3433 210 216
3434 210 217
3435 210 219
3436 210 220
3437 210 221
3438 210 222
3439 210 223
3440 210 224
3441 210 225
3442 210 228
3443 210 230
3444 210 233
3445 210 237
3446 210 238
3447 210 239
3448 210 249
3449 211 212
3450 211 213
3451 211 214
3452 211 215
3453 211 216
3454 211 220
3455 211 221
3456 211 223
3457 211 225
3458 212 214
3459 212 215
3460 212 216
3461 212 217
3462 212 219
3463 212 221
3464 212 222
3465 212 223
3466 212 224
3467 213 214
3468 213 215
3469 213 216
3470 213 219
3471 213 220
3472 213 221
3473 213 224
3474 213 225
3475 213 228
3476 213 233
3477 213 239
3478 213 246
3479 214 215
3480 214 216
3481 214 217
3482 214 220
3483 214 221
3484 214 223
3485 214 224
3486 214 225
3487 214 226
3488 214 227
3489 214 229
3490 214 230
3491 214 234
3492 214 237
3493 214 239
3494 214 243
3495 214 245
3496 214 248
3497 214 250
3498 215 216
3499 215 217
3500 215 218
3501 215 219
3502 215 220
3503 215 221
3504 215 222
3505 215 223
3506 215 224
3507 215 225
3508 215 239
3509 216 221
3510 216 222
3511 216 223
3512 216 224
3513 216 225
3514 217 218
3515 217 219
3516 217 221
3517 217 222
3518 217 223
3519 217 224
3520 218 219
3521 218 222
3522 219 222
3523 219 224
3524 219 225
3525 220 221
3526 220 225
3527 220 234
3528 221 223
3529 221 224
3530 221 225
3531 221 239
3532 222 223
3533 225 234
3534 225 245
3535 225 248
3536 226 227
3537 226 228
3538 226 229
3539 226 230
3540 226 231
3541 226 232
3542 226 233
3543 226 234
3544 226 235
3545 226 236
3546 226 237
3547 226 238
3548 226 239
3549 226 240
3550 226 241
3551 226 242
3552 226 243
3553 226 244
3554 226 245
3555 226 246
3556 226 247
3557 226 248
3558 226 249
3559 226 250
3560 227 228
3561 227 229
3562 227 230
3563 227 231
3564 227 232
3565 227 233
3566 227 234
3567 227 235
3568 227 236
3569 227 237
3570 227 238
3571 227 239
3572 227 240
3573 227 241
3574 227 242
3575 227 243
3576 227 245
3577 227 246
3578 227 247
3579 227 248
3580 227 249
3581 227 250
3582 228 229
3583 228 230
3584 228 231
3585 228 232
3586 228 233
3587 228 234
3588 228 235
3589 228 237
3590 228 238
3591 228 239
3592 228 240
3593 228 241
3594 228 242
3595 228 243
3596 228 244
3597 228 245
3598 228 246
3599 228 247
3600 228 248
3601 228 249
3602 228 250
3603 229 230
3604 229 231
3605 229 232
3606 229 233
3607 229 234
3608 229 235
3609 229 236
3610 229 237
3611 229 238
3612 229 239
3613 229 241
3614 229 242
3615 229 243
3616 229 245
3617 229 246
3618 229 247
3619 229 248
3620 229 249
3621 229 250
3622 230 231
3623 230 232
3624 230 233
3625 230 234
3626 230 235
3627 230 236
3628 230 237
3629 230 238
3630 230 239
3631 230 240
3632 230 241
3633 230 242
3634 230 243
3635 230 245
3636 230 246
3637 230 247
3638 230 248
3639 230 249
3640 230 250
3641 231 232
3642 231 233
3643 231 234
3644 231 235
3645 231 236
3646 231 237
3647 231 238
3648 231 239
3649 231 240
3650 231 241
3651 231 242
3652 231 243
3653 231 244
3654 231 245
3655 231 246
3656 231 247
3657 231 248
3658 231 249
3659 231 250
3660 232 233
3661 232 234
3662 232 235
3663 232 236
3664 232 237
3665 232 238
3666 232 239
3667 232 241
3668 232 242
3669 232 243
3670 232 245
3671 232 246
3672 232 247
3673 232 250
3674 233 234
3675 233 235
3676 233 237
3677 233 238
3678 233 239
3679 233 240
3680 233 241
3681 233 242
3682 233 243
3683 233 245
3684 233 246
3685 233 247
3686 233 248
3687 233 249
3688 233 250
3689 234 235
3690 234 236
3691 234 237
3692 234 238
3693 234 239
3694 234 240
3695 234 241
3696 234 242
3697 234 243
3698 234 245
3699 234 246
3700 234 247
3701 234 248
3702 234 249
3703 234 250
3704 235 236
3705 235 237
3706 235 238
3707 235 239
3708 235 240
3709 235 241
3710 235 242
3711 235 243
3712 235 244
3713 235 245
3714 235 246
3715 235 247
3716 235 248
3717 235 249
3718 235 250
3719 236 237
3720 236 238
3721 236 239
3722 236 242
3723 236 245
3724 236 246
3725 236 247
3726 236 249
3727 236 250
3728 237 238
3729 237 239
3730 237 240
3731 237 241
3732 237 242
3733 237 243
3734 237 244
3735 237 245
3736 237 246
3737 237 247
3738 237 248
3739 237 249
3740 237 250
3741 238 239
3742 238 240
3743 238 241
3744 238 242
3745 238 243
3746 238 244
3747 238 245
3748 238 246
3749 238 247
3750 238 248
3751 238 249
3752 238 250
3753 239 240
3754 239 241
3755 239 242
3756 239 243
3757 239 244
3758 239 245
3759 239 246
3760 239 247
3761 239 248
3762 239 249
3763 239 250
3764 240 241
3765 240 242
3766 240 243
3767 240 245
3768 240 246
3769 240 247
3770 240 248
3771 240 249
3772 240 250
3773 241 242
3774 241 243
3775 241 244
3776 241 245
3777 241 246
3778 241 247
3779 241 248
3780 241 249
3781 241 250
3782 242 243
3783 242 244
3784 242 245
3785 242 246
3786 242 247
3787 242 248
3788 242 249
3789 242 250
3790 243 245
3791 243 246
3792 243 247
3793 243 248
3794 243 249
3795 243 250
3796 244 246
3797 244 247
3798 244 249
3799 245 246
3800 245 247
3801 245 248
3802 245 249
3803 245 250
3804 246 247
3805 246 248
3806 246 249
3807 246 250
3808 247 248
3809 247 249
3810 247 250
3811 248 249
3812 248 250
3813 249 250
