1 1 2
2 1 3
3 1 4
4 1 5
5 1 6
6 1 8
7 1 9
8 1 12
9 1 13
10 1 14
11 1 15
12 1 16
13 1 17
14 1 18
15 1 19
16 1 20
17 1 21
18 1 22
19 1 23
20 1 24
21 1 183
22 1 205
23 1 207
24 1 212
25 1 213
26 2 3
27 2 4
28 2 5
29 2 6
30 2 7
31 2 8
32 2 9
33 2 11
34 2 12
35 2 13
36 2 14
37 2 15
38 2 16
39 2 17
40 2 18
41 2 19
42 2 20
43 2 21
44 2 22
45 2 23
46 2 24
47 2 201
48 2 208
49 2 217
50 2 229
51 2 250
52 3 4
53 3 5
54 3 6
55 3 7
56 3 8
57 3 9
58 3 11
59 3 12
60 3 13
61 3 14
62 3 15
63 3 16
64 3 17
65 3 18
66 3 19
67 3 20
68 3 21
69 3 22
70 3 23
71 3 24
72 3 187
73 3 195
74 4 5
75 4 6
76 4 8
77 4 9
78 4 11
79 4 12
80 4 13
81 4 14
82 4 15
83 4 16
84 4 17
85 4 18
86 4 19
87 4 20
88 4 21
89 4 22
90 4 23
91 4 24
92 4 25
93 5 6
94 5 8
95 5 9
96 5 11
97 5 12
98 5 13
99 5 14
100 5 15
101 5 16
102 5 17
103 5 18
104 5 19
105 5 20
106 5 21
107 5 22
108 5 23
109 5 24
110 5 217
111 6 8
112 6 9
113 6 12
114 6 14
115 6 15
116 6 16
117 6 17
118 6 18
119 6 20
120 6 21
121 6 22
122 6 23
123 6 24
124 7 8
125 7 11
126 7 12
127 7 13
128 7 14
129 7 16
130 7 17
131 7 18
132 7 19
133 7 25
134 8 9
135 8 12
136 8 13
137 8 14
138 8 15
139 8 16
140 8 17
141 8 18
142 8 19
143 8 20
144 8 21
145 8 22
146 8 23
147 8 24
148 9 12
149 9 13
150 9 14
151 9 15
152 9 16
153 9 17
154 9 18
155 9 19
156 9 20
157 9 21
158 9 23
159 9 24
160 10 11
161 10 13
162 10 14
163 10 19
164 10 25
165 11 12
166 11 13
167 11 14
168 11 16
169 11 18
170 11 19
171 11 21
172 11 22
173 11 24
174 11 25
175 12 13
176 12 14
177 12 15
178 12 16
179 12 17
180 12 18
181 12 19
182 12 20
183 12 21
184 12 22
185 12 23
186 12 24
187 12 25
188 12 217
189 13 14
190 13 15
191 13 16
192 13 17
193 13 18
194 13 19
195 13 20
196 13 21
197 13 22
198 13 24
199 13 25
200 13 185
201 14 15
202 14 16
203 14 17
204 14 18
205 14 19
206 14 20
207 14 21
208 14 22
209 14 23
210 14 24
211 14 25
212 14 117
213 14 193
214 15 16
215 15 17
216 15 18
217 15 19
218 15 20
219 15 21
220 15 23
221 15 24
222 15 178
223 16 17
224 16 18
225 16 19
226 16 20
227 16 21
228 16 22
229 16 23
230 16 24
231 16 25
232 17 18
233 17 19
234 17 20
235 17 21
236 17 22
237 17 23
238 17 24
239 18 19
240 18 20
241 18 21
242 18 22
243 18 23
244 18 24
245 19 20
246 19 21
247 19 22
248 19 23
249 19 24
250 19 25
251 20 21
252 20 22
253 20 23
254 20 24
255 20 183
256 20 205
257 20 207
258 20 212
259 20 213
260 21 22
261 21 23
262 21 24
263 21 180
264 21 202
265 21 208
266 21 217
267 22 24
268 23 24
269 23 183
270 24 208
271 26 27
272 26 28
273 26 29
274 26 30
275 26 31
276 26 32
277 26 33
278 26 34
279 26 35
280 26 36
281 26 37
282 26 38
283 26 39
284 26 40
285 26 41
286 26 42
287 26 43
288 26 44
289 26 45
290 26 46
291 26 47
292 26 48
293 26 49
294 26 50
295 26 51
296 26 53
297 26 54
298 26 55
299 26 69
300 26 75
301 26 101
302 26 105
303 26 106
304 26 109
305 26 119
306 26 120
307 26 122
308 26 123
309 26 130
310 26 133
311 26 134
312 26 150
313 27 28
314 27 29
315 27 30
316 27 31
317 27 32
318 27 33
319 27 34
320 27 35
321 27 36
322 27 37
323 27 38
324 27 39
325 27 40
326 27 41
327 27 42
328 27 43
329 27 44
330 27 45
331 27 46
332 27 47
333 27 48
334 27 49
335 27 50
336 27 130
337 27 133
338 27 148
339 27 149
340 28 29
341 28 30
342 28 31
343 28 32
344 28 33
345 28 34
346 28 35
347 28 36
348 28 37
349 28 38
350 28 39
351 28 40
352 28 41
353 28 42
354 28 43
355 28 44
356 28 45
357 28 46
358 28 47
359 28 48
360 28 49
361 28 50
362 28 51
363 28 54
364 28 60
365 28 72
366 28 75
367 28 103
368 28 105
369 28 106
370 28 112
371 28 117
372 28 118
373 28 119
374 28 122
375 28 123
376 28 130
377 28 131
378 28 232
379 28 243
380 28 247
381 28 249
382 29 30
383 29 31
384 29 32
385 29 33
386 29 34
387 29 35
388 29 36
389 29 37
390 29 38
391 29 39
392 29 40
393 29 41
394 29 42
395 29 43
396 29 44
397 29 45
398 29 46
399 29 47
400 29 48
401 29 49
402 29 50
403 29 51
404 29 53
405 29 54
406 29 69
407 29 75
408 29 101
409 29 123
410 29 130
411 29 133
412 29 134
413 29 149
414 29 150
415 30 31
416 30 32
417 30 33
418 30 34
419 30 35
420 30 36
421 30 37
422 30 38
423 30 39
424 30 40
425 30 41
426 30 42
427 30 43
428 30 44
429 30 45
430 30 46
431 30 47
432 30 48
433 30 49
434 30 50
435 30 51
436 30 53
437 30 54
438 30 57
439 30 62
440 30 102
441 30 105
442 30 106
443 30 109
444 30 122
445 30 123
446 30 130
447 30 134
448 30 137
449 30 140
450 30 149
451 30 150
452 31 32
453 31 33
454 31 34
455 31 35
456 31 36
457 31 37
458 31 38
459 31 39
460 31 40
461 31 41
462 31 42
463 31 43
464 31 44
465 31 45
466 31 46
467 31 47
468 31 48
469 31 49
470 31 50
471 31 57
472 31 67
473 31 69
474 31 74
475 31 126
476 31 133
477 31 134
478 31 135
479 31 137
480 31 143
481 31 148
482 31 149
483 31 150
484 32 33
485 32 34
486 32 35
487 32 36
488 32 37
489 32 38
490 32 39
491 32 40
492 32 41
493 32 42
494 32 43
495 32 44
496 32 45
497 32 46
498 32 47
499 32 48
500 32 49
501 32 50
502 32 51
503 32 54
504 32 55
505 32 57
506 32 60
507 32 62
508 32 67
509 32 69
510 32 72
511 32 101
512 32 105
513 32 106
514 32 109
515 32 112
516 32 113
517 32 120
518 32 122
519 32 123
520 32 124
521 32 126
522 32 130
523 32 131
524 32 133
525 32 134
526 32 135
527 32 137
528 32 143
529 32 150
530 33 34
531 33 35
532 33 36
533 33 37
534 33 38
535 33 39
536 33 40
537 33 41
538 33 42
539 33 43
540 33 44
541 33 45
542 33 46
543 33 47
544 33 48
545 33 49
546 33 50
547 33 123
548 34 35
549 34 36
550 34 37
551 34 38
552 34 39
553 34 40
554 34 41
555 34 42
556 34 43
557 34 44
558 34 45
559 34 46
560 34 47
561 34 48
562 34 49
563 34 50
564 34 54
565 34 75
566 34 103
567 34 105
568 34 112
569 34 117
570 34 118
571 34 119
572 34 122
573 34 130
574 34 182
575 34 240
576 35 36
577 35 37
578 35 38
579 35 39
580 35 40
581 35 41
582 35 42
583 35 43
584 35 44
585 35 45
586 35 46
587 35 47
588 35 48
589 35 49
590 35 50
591 35 51
592 35 54
593 35 72
594 35 75
595 35 103
596 35 105
597 35 112
598 35 118
599 35 130
600 35 131
601 35 191
602 35 192
603 35 228
604 35 232
605 35 234
606 35 235
607 35 238
608 35 240
609 35 242
610 35 243
611 35 247
612 35 249
613 36 37
614 36 38
615 36 39
616 36 40
617 36 41
618 36 42
619 36 43
620 36 44
621 36 45
622 36 46
623 36 47
624 36 48
625 36 49
626 36 50
627 36 57
628 36 75
629 36 143
630 36 150
631 37 38
632 37 39
633 37 40
634 37 41
635 37 42
636 37 43
637 37 44
638 37 45
639 37 46
640 37 47
641 37 48
642 37 49
643 37 50
644 37 69
645 37 101
646 37 105
647 37 109
648 37 113
649 37 116
650 37 117
651 37 121
652 37 122
653 37 123
654 37 124
655 37 130
656 37 134
657 37 135
658 37 149
659 37 150
660 38 39
661 38 40
662 38 41
663 38 42
664 38 43
665 38 44
666 38 45
667 38 46
668 38 47
669 38 48
670 38 49
671 38 50
672 38 51
673 38 54
674 38 55
675 38 60
676 38 69
677 38 72
678 38 75
679 38 101
680 38 103
681 38 105
682 38 106
683 38 109
684 38 110
685 38 112
686 38 115
687 38 117
688 38 118
689 38 119
690 38 120
691 38 122
692 38 123
693 38 124
694 38 125
695 38 130
696 38 131
697 38 134
698 38 149
699 38 192
700 38 228
701 38 243
702 39 40
703 39 41
704 39 42
705 39 43
706 39 44
707 39 45
708 39 46
709 39 47
710 39 48
711 39 49
712 39 50
713 39 51
714 39 53
715 39 54
716 39 60
717 39 72
718 39 75
719 39 105
720 39 112
721 39 117
722 39 122
723 39 130
724 40 41
725 40 42
726 40 43
727 40 44
728 40 45
729 40 46
730 40 47
731 40 48
732 40 49
733 40 50
734 40 59
735 40 61
736 40 109
737 40 114
738 40 126
739 40 133
740 40 149
741 41 42
742 41 43
743 41 44
744 41 45
745 41 46
746 41 47
747 41 48
748 41 49
749 41 50
750 41 51
751 41 54
752 41 60
753 41 72
754 41 105
755 41 130
756 41 131
757 41 150
758 42 43
759 42 44
760 42 45
761 42 46
762 42 47
763 42 48
764 42 49
765 42 50
766 42 59
767 42 69
768 42 109
769 42 114
770 42 122
771 42 126
772 42 133
773 42 137
774 42 149
775 42 150
776 43 44
777 43 45
778 43 46
779 43 47
780 43 48
781 43 49
782 43 50
783 43 51
784 43 53
785 43 54
786 43 55
787 43 60
788 43 69
789 43 72
790 43 75
791 43 101
792 43 105
793 43 106
794 43 109
795 43 112
796 43 114
797 43 115
798 43 117
799 43 118
800 43 120
801 43 122
802 43 123
803 43 130
804 43 131
805 43 134
806 43 149
807 43 150
808 44 45
809 44 46
810 44 47
811 44 48
812 44 49
813 44 50
814 44 51
815 44 69
816 44 102
817 44 105
818 44 109
819 44 114
820 44 117
821 44 122
822 44 126
823 44 130
824 44 143
825 44 149
826 44 150
827 45 46
828 45 47
829 45 48
830 45 49
831 45 50
832 45 62
833 45 69
834 45 101
835 45 109
836 45 126
837 45 127
838 45 134
839 45 149
840 46 47
841 46 48
842 46 49
843 46 50
844 46 51
845 46 54
846 46 72
847 46 103
848 46 105
849 46 112
850 46 118
851 46 119
852 46 130
853 46 131
854 46 232
855 46 249
856 47 48
857 47 49
858 47 50
859 47 51
860 47 53
861 47 54
862 47 55
863 47 60
864 47 72
865 47 75
866 47 101
867 47 103
868 47 105
869 47 106
870 47 111
871 47 112
872 47 115
873 47 117
874 47 118
875 47 119
876 47 120
877 47 122
878 47 123
879 47 130
880 47 131
881 47 133
882 47 134
883 47 149
884 47 150
885 47 185
886 47 232
887 47 238
888 47 242
889 47 249
890 48 49
891 48 50
892 48 69
893 48 103
894 48 105
895 48 106
896 48 109
897 48 116
898 48 126
899 48 130
900 48 133
901 48 134
902 48 137
903 48 143
904 48 150
905 48 230
906 48 233
907 49 50
908 49 51
909 49 55
910 49 69
911 49 75
912 49 101
913 49 102
914 49 103
915 49 105
916 49 106
917 49 109
918 49 110
919 49 112
920 49 114
921 49 115
922 49 116
923 49 117
924 49 118
925 49 119
926 49 120
927 49 121
928 49 122
929 49 123
930 49 124
931 49 130
932 49 134
933 49 149
934 50 51
935 50 54
936 50 60
937 50 72
938 50 75
939 50 101
940 50 105
941 50 106
942 50 112
943 50 118
944 50 120
945 50 122
946 50 123
947 50 125
948 50 130
949 50 131
950 50 133
951 50 137
952 50 150
953 51 52
954 51 53
955 51 54
956 51 55
957 51 56
958 51 57
959 51 58
960 51 59
961 51 60
962 51 61
963 51 62
964 51 63
965 51 64
966 51 65
967 51 66
968 51 67
969 51 68
970 51 69
971 51 70
972 51 71
973 51 72
974 51 73
975 51 74
976 51 75
977 51 101
978 51 102
979 51 103
980 51 105
981 51 106
982 51 109
983 51 110
984 51 111
985 51 112
986 51 113
987 51 114
988 51 115
989 51 117
990 51 118
991 51 119
992 51 120
993 51 122
994 51 123
995 51 124
996 51 125
997 51 126
998 51 127
999 51 128
1000 51 130
1001 51 131
1002 51 133
1003 51 134
1004 51 136
1005 51 137
1006 51 139
1007 51 140
1008 51 143
1009 51 148
1010 51 149
1011 51 150
1012 51 226
1013 51 227
1014 51 228
1015 51 229
1016 51 232
1017 51 234
1018 51 236
1019 51 245
1020 51 247
1021 52 53
1022 52 54
1023 52 55
1024 52 56
1025 52 57
1026 52 58
1027 52 59
1028 52 60
1029 52 61
1030 52 62
1031 52 63
1032 52 64
1033 52 65
1034 52 66
1035 52 67
1036 52 68
1037 52 69
1038 52 70
1039 52 71
1040 52 72
1041 52 73
1042 52 74
1043 52 75
1044 52 107
1045 52 109
1046 52 126
1047 52 128
1048 52 132
1049 52 133
1050 52 135
1051 52 136
1052 52 137
1053 52 138
1054 52 139
1055 52 140
1056 52 142
1057 52 143
1058 52 145
1059 52 146
1060 52 147
1061 52 148
1062 52 149
1063 52 150
1064 53 54
1065 53 55
1066 53 56
1067 53 57
1068 53 58
1069 53 59
1070 53 60
1071 53 61
1072 53 62
1073 53 63
1074 53 64
1075 53 65
1076 53 66
1077 53 67
1078 53 68
1079 53 69
1080 53 70
1081 53 71
1082 53 72
1083 53 73
1084 53 74
1085 53 75
1086 53 101
1087 53 102
1088 53 105
1089 53 106
1090 53 109
1091 53 110
1092 53 114
1093 53 115
1094 53 116
1095 53 117
1096 53 118
1097 53 119
1098 53 120
1099 53 122
1100 53 123
1101 53 124
1102 53 125
1103 53 126
1104 53 127
1105 53 128
1106 53 129
1107 53 130
1108 53 131
1109 53 132
1110 53 133
1111 53 134
1112 53 136
1113 53 137
1114 53 138
1115 53 139
1116 53 140
1117 53 141
1118 53 142
1119 53 143
1120 53 147
1121 53 148
1122 53 149
1123 53 150
1124 53 226
1125 53 227
1126 53 228
1127 53 229
1128 53 230
1129 53 232
1130 53 237
1131 53 239
1132 53 242
1133 53 245
1134 53 247
1135 53 248
1136 54 55
1137 54 56
1138 54 57
1139 54 58
1140 54 59
1141 54 60
1142 54 61
1143 54 62
1144 54 63
1145 54 64
1146 54 65
1147 54 66
1148 54 67
1149 54 68
1150 54 69
1151 54 70
1152 54 71
1153 54 72
1154 54 73
1155 54 74
1156 54 75
1157 54 101
1158 54 103
1159 54 105
1160 54 106
1161 54 109
1162 54 110
1163 54 111
1164 54 112
1165 54 115
1166 54 116
1167 54 117
1168 54 118
1169 54 119
1170 54 120
1171 54 122
1172 54 123
1173 54 125
1174 54 126
1175 54 127
1176 54 128
1177 54 129
1178 54 130
1179 54 131
1180 54 133
1181 54 134
1182 54 137
1183 54 138
1184 54 140
1185 54 141
1186 54 142
1187 54 143
1188 54 148
1189 54 149
1190 54 150
1191 54 228
1192 54 229
1193 54 230
1194 54 232
1195 54 234
1196 54 237
1197 54 238
1198 54 240
1199 54 242
1200 54 243
1201 54 245
1202 54 247
1203 54 249
1204 55 56
1205 55 57
1206 55 58
1207 55 59
1208 55 60
1209 55 61
1210 55 62
1211 55 63
1212 55 64
1213 55 65
1214 55 66
1215 55 67
1216 55 68
1217 55 69
1218 55 70
1219 55 71
1220 55 72
1221 55 73
1222 55 74
1223 55 75
1224 55 101
1225 55 102
1226 55 105
1227 55 106
1228 55 109
1229 55 110
1230 55 112
1231 55 114
1232 55 115
1233 55 116
1234 55 117
1235 55 118
1236 55 119
1237 55 120
1238 55 122
1239 55 123
1240 55 124
1241 55 125
1242 55 126
1243 55 127
1244 55 128
1245 55 130
1246 55 131
1247 55 133
1248 55 134
1249 55 137
1250 55 140
1251 55 143
1252 55 148
1253 55 149
1254 55 150
1255 55 228
1256 55 229
1257 55 230
1258 55 232
1259 55 248
1260 56 57
1261 56 58
1262 56 59
1263 56 60
1264 56 61
1265 56 62
1266 56 63
1267 56 64
1268 56 65
1269 56 66
1270 56 67
1271 56 68
1272 56 69
1273 56 70
1274 56 71
1275 56 72
1276 56 73
1277 56 74
1278 56 75
1279 56 109
1280 56 128
1281 56 132
1282 56 133
1283 56 136
1284 56 137
1285 56 138
1286 56 139
1287 56 142
1288 56 148
1289 56 150
1290 57 58
1291 57 59
1292 57 60
1293 57 61
1294 57 62
1295 57 63
1296 57 64
1297 57 65
1298 57 66
1299 57 67
1300 57 68
1301 57 69
1302 57 70
1303 57 71
1304 57 72
1305 57 73
1306 57 74
1307 57 75
1308 57 102
1309 57 106
1310 57 108
1311 57 109
1312 57 120
1313 57 126
1314 57 127
1315 57 128
1316 57 130
1317 57 131
1318 57 133
1319 57 134
1320 57 137
1321 57 138
1322 57 140
1323 57 141
1324 57 143
1325 57 148
1326 57 149
1327 57 150
1328 57 216
1329 57 226
1330 57 227
1331 57 228
1332 57 230
1333 57 232
1334 57 236
1335 57 239
1336 57 242
1337 57 248
1338 58 59
1339 58 60
1340 58 61
1341 58 62
1342 58 63
1343 58 64
1344 58 65
1345 58 66
1346 58 67
1347 58 68
1348 58 69
1349 58 70
1350 58 71
1351 58 72
1352 58 73
1353 58 74
1354 58 75
1355 58 126
1356 58 128
1357 58 132
1358 58 135
1359 58 136
1360 58 137
1361 58 138
1362 58 139
1363 58 142
1364 58 146
1365 58 147
1366 58 148
1367 58 149
1368 58 150
1369 58 228
1370 59 60
1371 59 61
1372 59 62
1373 59 63
1374 59 64
1375 59 65
1376 59 66
1377 59 67
1378 59 68
1379 59 69
1380 59 70
1381 59 71
1382 59 72
1383 59 73
1384 59 74
1385 59 75
1386 59 107
1387 59 108
1388 59 109
1389 59 114
1390 59 120
1391 59 124
1392 59 126
1393 59 128
1394 59 133
1395 59 134
1396 59 136
1397 59 137
1398 59 138
1399 59 139
1400 59 140
1401 59 141
1402 59 142
1403 59 143
1404 59 147
1405 59 148
1406 59 149
1407 59 150
1408 59 233
1409 60 61
1410 60 62
1411 60 63
1412 60 64
1413 60 65
1414 60 66
1415 60 67
1416 60 68
1417 60 69
1418 60 70
1419 60 71
1420 60 72
1421 60 73
1422 60 74
1423 60 75
1424 60 101
1425 60 102
1426 60 103
1427 60 104
1428 60 105
1429 60 106
1430 60 109
1431 60 110
1432 60 111
1433 60 112
1434 60 113
1435 60 114
1436 60 115
1437 60 116
1438 60 117
1439 60 118
1440 60 119
1441 60 120
1442 60 122
1443 60 123
1444 60 124
1445 60 125
1446 60 126
1447 60 127
1448 60 128
1449 60 129
1450 60 130
1451 60 131
1452 60 133
1453 60 134
1454 60 135
1455 60 136
1456 60 137
1457 60 138
1458 60 139
1459 60 140
1460 60 141
1461 60 142
1462 60 143
1463 60 148
1464 60 149
1465 60 150
1466 60 182
1467 60 185
1468 60 227
1469 60 228
1470 60 229
1471 60 230
1472 60 232
1473 60 234
1474 60 237
1475 60 238
1476 60 239
1477 60 240
1478 60 242
1479 60 243
1480 60 245
1481 60 246
1482 60 247
1483 60 248
1484 60 249
1485 61 62
1486 61 63
1487 61 64
1488 61 65
1489 61 66
1490 61 67
1491 61 68
1492 61 69
1493 61 70
1494 61 71
1495 61 72
1496 61 73
1497 61 74
1498 61 75
1499 61 102
1500 61 105
1501 61 107
1502 61 109
1503 61 114
1504 61 124
1505 61 126
1506 61 127
1507 61 128
1508 61 129
1509 61 130
1510 61 132
1511 61 133
1512 61 134
1513 61 135
1514 61 136
1515 61 137
1516 61 138
1517 61 139
1518 61 140
1519 61 142
1520 61 143
1521 61 145
1522 61 146
1523 61 148
1524 61 149
1525 61 150
1526 61 227
1527 61 236
1528 62 63
1529 62 64
1530 62 65
1531 62 66
1532 62 67
1533 62 68
1534 62 69
1535 62 70
1536 62 71
1537 62 72
1538 62 73
1539 62 74
1540 62 75
1541 62 101
1542 62 102
1543 62 105
1544 62 106
1545 62 107
1546 62 109
1547 62 111
1548 62 113
1549 62 114
1550 62 120
1551 62 121
1552 62 124
1553 62 126
1554 62 127
1555 62 128
1556 62 129
1557 62 130
1558 62 131
1559 62 132
1560 62 133
1561 62 134
1562 62 135
1563 62 136
1564 62 137
1565 62 138
1566 62 139
1567 62 140
1568 62 141
1569 62 142
1570 62 143
1571 62 145
1572 62 146
1573 62 148
1574 62 149
1575 62 150
1576 62 227
1577 62 228
1578 62 229
1579 62 232
1580 62 234
1581 62 235
1582 62 236
1583 62 239
1584 62 241
1585 62 245
1586 63 64
1587 63 65
1588 63 66
1589 63 67
1590 63 68
1591 63 69
1592 63 70
1593 63 71
1594 63 72
1595 63 73
1596 63 74
1597 63 75
1598 63 102
1599 63 106
1600 63 107
1601 63 109
1602 63 114
1603 63 115
1604 63 116
1605 63 120
1606 63 124
1607 63 126
1608 63 127
1609 63 128
1610 63 129
1611 63 130
1612 63 133
1613 63 134
1614 63 137
1615 63 138
1616 63 140
1617 63 141
1618 63 142
1619 63 143
1620 63 148
1621 63 149
1622 63 150
1623 63 236
1624 64 65
1625 64 66
1626 64 67
1627 64 68
1628 64 69
1629 64 70
1630 64 71
1631 64 72
1632 64 73
1633 64 74
1634 64 75
1635 64 124
1636 64 126
1637 64 127
1638 64 128
1639 64 129
1640 64 132
1641 64 133
1642 64 135
1643 64 136
1644 64 137
1645 64 138
1646 64 139
1647 64 142
1648 64 143
1649 64 145
1650 64 146
1651 64 148
1652 64 149
1653 64 227
1654 64 236
1655 64 241
1656 65 66
1657 65 67
1658 65 68
1659 65 69
1660 65 70
1661 65 71
1662 65 72
1663 65 73
1664 65 74
1665 65 75
1666 65 126
1667 65 128
1668 65 129
1669 65 130
1670 65 132
1671 65 133
1672 65 135
1673 65 136
1674 65 137
1675 65 138
1676 65 139
1677 65 140
1678 65 141
1679 65 142
1680 65 143
1681 65 145
1682 65 146
1683 65 147
1684 65 148
1685 65 149
1686 65 150
1687 65 245
1688 66 67
1689 66 68
1690 66 69
1691 66 70
1692 66 71
1693 66 72
1694 66 73
1695 66 74
1696 66 75
1697 66 101
1698 66 102
1699 66 105
1700 66 106
1701 66 109
1702 66 110
1703 66 115
1704 66 116
1705 66 117
1706 66 118
1707 66 119
1708 66 120
1709 66 122
1710 66 123
1711 66 124
1712 66 125
1713 66 128
1714 66 130
1715 66 131
1716 66 133
1717 66 140
1718 66 142
1719 66 143
1720 66 148
1721 66 149
1722 66 150
1723 66 228
1724 67 68
1725 67 69
1726 67 70
1727 67 71
1728 67 72
1729 67 73
1730 67 74
1731 67 75
1732 67 116
1733 67 120
1734 67 121
1735 67 123
1736 67 124
1737 67 126
1738 67 127
1739 67 128
1740 67 129
1741 67 130
1742 67 131
1743 67 133
1744 67 134
1745 67 135
1746 67 136
1747 67 137
1748 67 138
1749 67 140
1750 67 141
1751 67 143
1752 67 149
1753 67 150
1754 67 227
1755 67 235
1756 67 236
1757 68 69
1758 68 70
1759 68 71
1760 68 72
1761 68 73
1762 68 74
1763 68 75
1764 68 102
1765 68 110
1766 68 113
1767 68 114
1768 68 121
1769 68 123
1770 68 124
1771 68 126
1772 68 127
1773 68 128
1774 68 129
1775 68 130
1776 68 131
1777 68 132
1778 68 133
1779 68 134
1780 68 135
1781 68 136
1782 68 137
1783 68 138
1784 68 139
1785 68 140
1786 68 141
1787 68 142
1788 68 143
1789 68 147
1790 68 148
1791 68 149
1792 68 150
1793 68 228
1794 69 70
1795 69 71
1796 69 72
1797 69 73
1798 69 74
1799 69 75
1800 69 109
1801 69 114
1802 69 116
1803 69 120
1804 69 121
1805 69 123
1806 69 124
1807 69 126
1808 69 127
1809 69 128
1810 69 129
1811 69 130
1812 69 133
1813 69 134
1814 69 135
1815 69 136
1816 69 137
1817 69 138
1818 69 140
1819 69 141
1820 69 142
1821 69 143
1822 69 145
1823 69 148
1824 69 149
1825 69 150
1826 70 71
1827 70 72
1828 70 73
1829 70 74
1830 70 75
1831 70 124
1832 70 126
1833 70 128
1834 70 129
1835 70 130
1836 70 132
1837 70 133
1838 70 134
1839 70 135
1840 70 136
1841 70 138
1842 70 139
1843 70 140
1844 70 141
1845 70 142
1846 70 143
1847 70 145
1848 70 146
1849 70 147
1850 70 148
1851 70 149
1852 70 150
1853 70 228
1854 71 72
1855 71 73
1856 71 74
1857 71 75
1858 71 102
1859 71 105
1860 71 106
1861 71 107
1862 71 109
1863 71 114
1864 71 120
1865 71 124
1866 71 126
1867 71 127
1868 71 128
1869 71 129
1870 71 130
1871 71 133
1872 71 134
1873 71 135
1874 71 136
1875 71 137
1876 71 138
1877 71 139
1878 71 140
1879 71 141
1880 71 142
1881 71 143
1882 71 148
1883 71 149
1884 71 150
1885 71 236
1886 72 73
1887 72 74
1888 72 75
1889 72 101
1890 72 103
1891 72 105
1892 72 106
1893 72 110
1894 72 111
1895 72 112
1896 72 115
1897 72 117
1898 72 118
1899 72 119
1900 72 120
1901 72 122
1902 72 123
1903 72 125
1904 72 126
1905 72 128
1906 72 130
1907 72 131
1908 72 134
1909 72 140
1910 72 149
1911 72 150
1912 72 164
1913 72 228
1914 72 232
1915 72 234
1916 72 240
1917 72 242
1918 73 74
1919 73 75
1920 73 107
1921 73 114
1922 73 124
1923 73 126
1924 73 127
1925 73 128
1926 73 130
1927 73 132
1928 73 133
1929 73 134
1930 73 136
1931 73 137
1932 73 138
1933 73 139
1934 73 140
1935 73 141
1936 73 142
1937 73 143
1938 73 147
1939 73 148
1940 73 149
1941 73 150
1942 73 236
1943 73 239
1944 74 75
1945 74 101
1946 74 102
1947 74 105
1948 74 106
1949 74 109
1950 74 113
1951 74 114
1952 74 120
1953 74 121
1954 74 124
1955 74 126
1956 74 127
1957 74 128
1958 74 129
1959 74 130
1960 74 133
1961 74 134
1962 74 135
1963 74 136
1964 74 137
1965 74 138
1966 74 139
1967 74 140
1968 74 141
1969 74 142
1970 74 143
1971 74 145
1972 74 147
1973 74 148
1974 74 149
1975 74 150
1976 74 227
1977 74 236
1978 75 101
1979 75 102
1980 75 105
1981 75 106
1982 75 109
1983 75 110
1984 75 113
1985 75 115
1986 75 116
1987 75 117
1988 75 118
1989 75 119
1990 75 120
1991 75 122
1992 75 123
1993 75 125
1994 75 126
1995 75 127
1996 75 128
1997 75 129
1998 75 130
1999 75 131
2000 75 133
2001 75 134
2002 75 136
2003 75 137
2004 75 138
2005 75 140
2006 75 141
2007 75 142
2008 75 143
2009 75 148
2010 75 149
2011 75 150
2012 75 227
2013 75 228
2014 75 229
2015 75 232
2016 75 234
2017 75 238
2018 75 239
2019 75 242
2020 75 244
2021 75 245
2022 76 77
2023 76 78
2024 76 79
2025 76 80
2026 76 81
2027 76 82
2028 76 83
2029 76 84
2030 76 85
2031 76 87
2032 76 88
2033 76 89
2034 76 90
2035 76 91
2036 76 92
2037 76 93
2038 76 94
2039 76 96
2040 76 97
2041 76 98
2042 76 99
2043 76 100
2044 77 78
2045 77 79
2046 77 80
2047 77 81
2048 77 82
2049 77 83
2050 77 84
2051 77 85
2052 77 86
2053 77 87
2054 77 88
2055 77 89
2056 77 90
2057 77 91
2058 77 92
2059 77 93
2060 77 94
2061 77 95
2062 77 96
2063 77 97
2064 77 98
2065 77 99
2066 77 100
2067 78 79
2068 78 80
2069 78 81
2070 78 82
2071 78 83
2072 78 84
2073 78 85
2074 78 86
2075 78 87
2076 78 88
2077 78 89
2078 78 90
2079 78 91
2080 78 92
2081 78 93
2082 78 94
2083 78 95
2084 78 96
2085 78 97
2086 78 98
2087 78 99
2088 78 100
2089 79 80
2090 79 81
2091 79 82
2092 79 83
2093 79 84
2094 79 85
2095 79 86
2096 79 87
2097 79 88
2098 79 89
2099 79 90
2100 79 91
2101 79 92
2102 79 93
2103 79 94
2104 79 95
2105 79 96
2106 79 97
2107 79 98
2108 79 99
2109 79 100
2110 80 81
2111 80 82
2112 80 83
2113 80 84
2114 80 85
2115 80 86
2116 80 87
2117 80 88
2118 80 89
2119 80 90
2120 80 91
2121 80 92
2122 80 93
2123 80 94
2124 80 95
2125 80 96
2126 80 97
2127 80 98
2128 80 99
2129 80 100
2130 81 82
2131 81 83
2132 81 84
2133 81 85
2134 81 86
2135 81 87
2136 81 88
2137 81 89
2138 81 90
2139 81 91
2140 81 92
2141 81 93
2142 81 94
2143 81 95
2144 81 96
2145 81 97
2146 81 98
2147 81 99
2148 81 100
2149 82 83
2150 82 84
2151 82 85
2152 82 86
2153 82 87
2154 82 88
2155 82 89
2156 82 90
2157 82 91
2158 82 92
2159 82 93
2160 82 94
2161 82 95
2162 82 96
2163 82 97
2164 82 98
2165 82 99
2166 82 100
2167 83 84
2168 83 85
2169 83 86
2170 83 87
2171 83 88
2172 83 89
2173 83 90
2174 83 91
2175 83 92
2176 83 93
2177 83 94
2178 83 95
2179 83 96
2180 83 97
2181 83 98
2182 83 99
2183 83 100
2184 84 85
2185 84 87
2186 84 88
2187 84 89
2188 84 90
2189 84 91
2190 84 92
2191 84 93
2192 84 94
2193 84 97
2194 84 98
2195 84 99
2196 84 100
2197 85 86
2198 85 87
2199 85 88
2200 85 89
2201 85 90
2202 85 91
2203 85 92
2204 85 93
2205 85 94
2206 85 95
2207 85 96
2208 85 97
2209 85 98
2210 85 99
2211 85 100
2212 86 87
2213 86 88
2214 86 89
2215 86 90
2216 86 91
2217 86 92
2218 86 93
2219 86 94
2220 86 95
2221 86 96
2222 86 97
2223 86 98
2224 86 99
2225 86 100
2226 87 88
2227 87 89
2228 87 90
2229 87 91
2230 87 92
2231 87 93
2232 87 94
2233 87 95
2234 87 96
2235 87 97
2236 87 98
2237 87 99
2238 87 100
2239 88 89
2240 88 90
2241 88 91
2242 88 92
2243 88 93
2244 88 94
2245 88 95
2246 88 96
2247 88 97
2248 88 98
2249 88 99
2250 88 100
2251 89 90
2252 89 91
2253 89 92
2254 89 93
2255 89 94
2256 89 95
2257 89 96
2258 89 97
2259 89 98
2260 89 99
2261 89 100
2262 90 91
2263 90 92
2264 90 93
2265 90 94
2266 90 95
2267 90 96
2268 90 97
2269 90 98
2270 90 99
2271 90 100
2272 91 92
2273 91 93
2274 91 94
2275 91 95
2276 91 96
2277 91 97
2278 91 98
2279 91 99
2280 91 100
2281 92 93
2282 92 94
2283 92 95
2284 92 96
2285 92 97
2286 92 98
2287 92 99
2288 92 100
2289 93 94
2290 93 95
2291 93 96
2292 93 97
2293 93 98
2294 93 99
2295 93 100
2296 94 95
2297 94 96
2298 94 97
2299 94 98
2300 94 99
2301 94 100
2302 95 96
2303 95 97
2304 95 98
2305 95 99
2306 95 100
2307 96 97
2308 96 98
2309 96 99
2310 96 100
2311 96 210
2312 96 219
2313 96 223
2314 97 98
2315 97 99
2316 97 100
2317 98 99
2318 98 100
2319 99 100
2320 101 102
2321 101 103
2322 101 104
2323 101 105
2324 101 106
2325 101 107
2326 101 108
2327 101 109
2328 101 110
2329 101 111
2330 101 112
2331 101 113
2332 101 114
2333 101 115
2334 101 116
2335 101 117
2336 101 118
2337 101 119
2338 101 120
2339 101 121
2340 101 122
2341 101 123
2342 101 124
2343 101 125
2344 101 126
2345 101 127
2346 101 130
2347 101 131
2348 101 133
2349 101 134
2350 101 135
2351 101 136
2352 101 137
2353 101 139
2354 101 140
2355 101 142
2356 101 143
2357 101 145
2358 101 149
2359 101 228
2360 101 229
2361 101 232
2362 102 103
2363 102 104
2364 102 105
2365 102 106
2366 102 107
2367 102 108
2368 102 109
2369 102 110
2370 102 111
2371 102 112
2372 102 113
2373 102 114
2374 102 115
2375 102 116
2376 102 117
2377 102 118
2378 102 119
2379 102 120
2380 102 121
2381 102 122
2382 102 123
2383 102 124
2384 102 125
2385 102 126
2386 102 130
2387 102 134
2388 102 136
2389 102 137
2390 102 139
2391 102 140
2392 102 149
2393 102 150
2394 103 104
2395 103 105
2396 103 106
2397 103 108
2398 103 109
2399 103 110
2400 103 111
2401 103 112
2402 103 113
2403 103 114
2404 103 115
2405 103 116
2406 103 117
2407 103 118
2408 103 119
2409 103 120
2410 103 121
2411 103 122
2412 103 123
2413 103 124
2414 103 125
2415 103 130
2416 103 131
2417 103 150
2418 103 232
2419 104 105
2420 104 106
2421 104 107
2422 104 108
2423 104 109
2424 104 110
2425 104 111
2426 104 112
2427 104 113
2428 104 114
2429 104 115
2430 104 116
2431 104 117
2432 104 118
2433 104 119
2434 104 120
2435 104 121
2436 104 122
2437 104 123
2438 104 124
2439 104 125
2440 105 106
2441 105 107
2442 105 108
2443 105 109
2444 105 110
2445 105 111
2446 105 112
2447 105 113
2448 105 114
2449 105 115
2450 105 116
2451 105 117
2452 105 118
2453 105 119
2454 105 120
2455 105 121
2456 105 122
2457 105 123
2458 105 124
2459 105 125
2460 105 126
2461 105 130
2462 105 131
2463 105 133
2464 105 134
2465 105 137
2466 105 139
2467 105 140
2468 105 143
2469 105 149
2470 105 150
2471 105 171
2472 105 232
2473 105 238
2474 105 240
2475 105 249
2476 106 107
2477 106 108
2478 106 109
2479 106 110
2480 106 111
2481 106 112
2482 106 113
2483 106 114
2484 106 115
2485 106 116
2486 106 117
2487 106 118
2488 106 119
2489 106 120
2490 106 121
2491 106 122
2492 106 123
2493 106 124
2494 106 125
2495 106 126
2496 106 130
2497 106 131
2498 106 133
2499 106 134
2500 106 137
2501 106 140
2502 106 143
2503 106 149
2504 106 150
2505 106 192
2506 106 232
2507 107 108
2508 107 109
2509 107 110
2510 107 111
2511 107 112
2512 107 113
2513 107 114
2514 107 115
2515 107 116
2516 107 117
2517 107 118
2518 107 119
2519 107 120
2520 107 121
2521 107 122
2522 107 123
2523 107 124
2524 107 125
2525 107 126
2526 107 137
2527 107 139
2528 107 140
2529 107 142
2530 107 148
2531 107 149
2532 108 109
2533 108 110
2534 108 111
2535 108 112
2536 108 113
2537 108 114
2538 108 115
2539 108 116
2540 108 117
2541 108 118
2542 108 119
2543 108 120
2544 108 121
2545 108 122
2546 108 123
2547 108 124
2548 108 125
2549 108 126
2550 108 140
2551 108 143
2552 109 110
2553 109 111
2554 109 112
2555 109 113
2556 109 114
2557 109 115
2558 109 116
2559 109 117
2560 109 118
2561 109 119
2562 109 120
2563 109 121
2564 109 122
2565 109 123
2566 109 124
2567 109 125
2568 109 126
2569 109 127
2570 109 128
2571 109 129
2572 109 130
2573 109 131
2574 109 133
2575 109 134
2576 109 135
2577 109 136
2578 109 137
2579 109 138
2580 109 139
2581 109 140
2582 109 141
2583 109 142
2584 109 143
2585 109 145
2586 109 147
2587 109 148
2588 109 149
2589 109 150
2590 109 227
2591 110 111
2592 110 112
2593 110 113
2594 110 114
2595 110 115
2596 110 116
2597 110 117
2598 110 118
2599 110 119
2600 110 120
2601 110 121
2602 110 122
2603 110 123
2604 110 124
2605 110 125
2606 110 130
2607 110 131
2608 110 134
2609 110 149
2610 110 228
2611 111 112
2612 111 113
2613 111 114
2614 111 115
2615 111 116
2616 111 117
2617 111 118
2618 111 119
2619 111 120
2620 111 121
2621 111 122
2622 111 123
2623 111 124
2624 111 125
2625 111 126
2626 111 130
2627 111 131
2628 111 143
2629 111 182
2630 111 185
2631 111 190
2632 111 192
2633 111 194
2634 111 232
2635 111 234
2636 111 242
2637 111 249
2638 112 113
2639 112 114
2640 112 115
2641 112 116
2642 112 117
2643 112 118
2644 112 119
2645 112 120
2646 112 121
2647 112 122
2648 112 123
2649 112 124
2650 112 125
2651 112 130
2652 112 131
2653 112 137
2654 112 229
2655 113 114
2656 113 115
2657 113 116
2658 113 117
2659 113 118
2660 113 119
2661 113 120
2662 113 121
2663 113 122
2664 113 123
2665 113 124
2666 113 125
2667 113 126
2668 113 130
2669 113 136
2670 113 140
2671 113 149
2672 114 115
2673 114 116
2674 114 117
2675 114 118
2676 114 119
2677 114 120
2678 114 121
2679 114 122
2680 114 123
2681 114 124
2682 114 125
2683 114 126
2684 114 127
2685 114 128
2686 114 130
2687 114 132
2688 114 133
2689 114 134
2690 114 136
2691 114 137
2692 114 138
2693 114 139
2694 114 140
2695 114 141
2696 114 142
2697 114 143
2698 114 145
2699 114 146
2700 114 148
2701 114 149
2702 114 150
2703 115 116
2704 115 117
2705 115 118
2706 115 119
2707 115 120
2708 115 121
2709 115 122
2710 115 123
2711 115 124
2712 115 125
2713 115 126
2714 115 130
2715 115 131
2716 115 134
2717 115 149
2718 115 150
2719 115 228
2720 115 229
2721 116 117
2722 116 118
2723 116 119
2724 116 120
2725 116 121
2726 116 122
2727 116 123
2728 116 124
2729 116 125
2730 116 126
2731 116 128
2732 116 130
2733 116 133
2734 116 134
2735 116 135
2736 116 140
2737 116 142
2738 116 143
2739 116 149
2740 116 150
2741 116 230
2742 116 248
2743 117 118
2744 117 119
2745 117 120
2746 117 121
2747 117 122
2748 117 123
2749 117 124
2750 117 125
2751 117 126
2752 117 130
2753 117 131
2754 117 137
2755 117 149
2756 117 171
2757 117 180
2758 117 182
2759 117 185
2760 117 189
2761 117 191
2762 117 192
2763 117 232
2764 118 119
2765 118 120
2766 118 121
2767 118 122
2768 118 123
2769 118 124
2770 118 125
2771 118 130
2772 118 131
2773 118 134
2774 118 149
2775 118 232
2776 118 238
2777 118 249
2778 119 120
2779 119 121
2780 119 122
2781 119 123
2782 119 124
2783 119 125
2784 119 130
2785 119 131
2786 119 217
2787 120 121
2788 120 122
2789 120 123
2790 120 124
2791 120 125
2792 120 126
2793 120 130
2794 120 131
2795 120 133
2796 120 134
2797 120 135
2798 120 136
2799 120 137
2800 120 138
2801 120 140
2802 120 143
2803 120 148
2804 120 149
2805 120 150
2806 121 122
2807 121 123
2808 121 124
2809 121 125
2810 121 126
2811 121 129
2812 121 134
2813 121 140
2814 121 143
2815 121 149
2816 122 123
2817 122 124
2818 122 125
2819 122 126
2820 122 130
2821 122 131
2822 122 134
2823 122 137
2824 122 149
2825 122 150
2826 123 124
2827 123 125
2828 123 126
2829 123 129
2830 123 130
2831 123 131
2832 123 134
2833 123 135
2834 123 137
2835 123 140
2836 123 149
2837 123 150
2838 123 164
2839 124 125
2840 124 126
2841 124 128
2842 124 130
2843 124 132
2844 124 133
2845 124 134
2846 124 135
2847 124 136
2848 124 137
2849 124 139
2850 124 140
2851 124 143
2852 124 145
2853 124 147
2854 124 148
2855 124 149
2856 124 150
2857 125 126
2858 125 130
2859 125 131
2860 125 133
2861 125 134
2862 125 137
2863 125 140
2864 125 143
2865 125 149
2866 126 127
2867 126 128
2868 126 129
2869 126 130
2870 126 131
2871 126 132
2872 126 133
2873 126 134
2874 126 135
2875 126 136
2876 126 137
2877 126 138
2878 126 139
2879 126 140
2880 126 141
2881 126 142
2882 126 143
2883 126 145
2884 126 146
2885 126 147
2886 126 148
2887 126 149
2888 126 150
2889 126 227
2890 126 230
2891 126 232
2892 126 233
2893 126 236
2894 126 241
2895 126 248
2896 127 128
2897 127 129
2898 127 130
2899 127 131
2900 127 132
2901 127 133
2902 127 134
2903 127 135
2904 127 136
2905 127 137
2906 127 138
2907 127 139
2908 127 140
2909 127 141
2910 127 142
2911 127 143
2912 127 145
2913 127 146
2914 127 147
2915 127 148
2916 127 149
2917 127 150
2918 127 227
2919 127 236
2920 127 239
2921 128 129
2922 128 130
2923 128 131
2924 128 132
2925 128 133
2926 128 134
2927 128 135
2928 128 136
2929 128 137
2930 128 138
2931 128 139
2932 128 140
2933 128 141
2934 128 142
2935 128 143
2936 128 144
2937 128 145
2938 128 146
2939 128 147
2940 128 148
2941 128 149
2942 128 150
2943 128 227
2944 128 233
2945 128 241
2946 128 245
2947 129 130
2948 129 131
2949 129 132
2950 129 133
2951 129 134
2952 129 135
2953 129 136
2954 129 137
2955 129 138
2956 129 139
2957 129 140
2958 129 141
2959 129 142
2960 129 143
2961 129 145
2962 129 146
2963 129 147
2964 129 148
2965 129 149
2966 129 150
2967 130 131
2968 130 132
2969 130 133
2970 130 134
2971 130 135
2972 130 136
2973 130 137
2974 130 138
2975 130 139
2976 130 140
2977 130 141
2978 130 142
2979 130 143
2980 130 145
2981 130 146
2982 130 147
2983 130 148
2984 130 149
2985 130 150
2986 130 171
2987 130 227
2988 130 228
2989 130 229
2990 130 232
2991 130 234
2992 130 235
2993 130 238
2994 130 240
2995 130 242
2996 130 243
2997 130 245
2998 131 132
2999 131 133
3000 131 134
3001 131 135
3002 131 136
3003 131 137
3004 131 138
3005 131 139
3006 131 140
3007 131 141
3008 131 142
3009 131 143
3010 131 145
3011 131 147
3012 131 148
3013 131 149
3014 131 150
3015 131 226
3016 131 227
3017 131 228
3018 131 229
3019 131 232
3020 131 234
3021 131 238
3022 131 239
3023 131 240
3024 131 242
3025 131 243
3026 131 246
3027 131 247
3028 131 248
3029 131 249
3030 131 250
3031 132 133
3032 132 134
3033 132 135
3034 132 136
3035 132 137
3036 132 138
3037 132 139
3038 132 140
3039 132 141
3040 132 142
3041 132 143
3042 132 144
3043 132 145
3044 132 146
3045 132 147
3046 132 148
3047 132 149
3048 132 150
3049 133 134
3050 133 135
3051 133 136
3052 133 137
3053 133 138
3054 133 139
3055 133 140
3056 133 141
3057 133 142
3058 133 143
3059 133 145
3060 133 146
3061 133 147
3062 133 148
3063 133 149
3064 133 150
3065 133 233
3066 133 235
3067 133 241
3068 134 135
3069 134 136
3070 134 137
3071 134 138
3072 134 139
3073 134 140
3074 134 141
3075 134 142
3076 134 143
3077 134 145
3078 134 146
3079 134 147
3080 134 148
3081 134 149
3082 134 150
3083 135 136
3084 135 137
3085 135 138
3086 135 139
3087 135 140
3088 135 141
3089 135 142
3090 135 143
3091 135 144
3092 135 145
3093 135 146
3094 135 147
3095 135 148
3096 135 149
3097 135 150
3098 135 227
3099 135 228
3100 135 229
3101 135 233
3102 136 137
3103 136 138
3104 136 139
3105 136 140
3106 136 141
3107 136 142
3108 136 143
3109 136 145
3110 136 146
3111 136 147
3112 136 148
3113 136 149
3114 136 150
3115 136 227
3116 136 241
3117 137 138
3118 137 139
3119 137 140
3120 137 141
3121 137 142
3122 137 143
3123 137 145
3124 137 146
3125 137 147
3126 137 148
3127 137 149
3128 137 150
3129 137 227
3130 137 233
3131 137 236
3132 138 139
3133 138 140
3134 138 141
3135 138 142
3136 138 143
3137 138 144
3138 138 145
3139 138 146
3140 138 147
3141 138 148
3142 138 149
3143 138 150
3144 138 233
3145 138 241
3146 138 242
3147 139 140
3148 139 141
3149 139 142
3150 139 143
3151 139 144
3152 139 145
3153 139 146
3154 139 147
3155 139 148
3156 139 149
3157 139 150
3158 139 233
3159 139 241
3160 140 141
3161 140 142
3162 140 143
3163 140 145
3164 140 146
3165 140 147
3166 140 148
3167 140 149
3168 140 150
3169 140 233
3170 140 236
3171 140 241
3172 141 142
3173 141 143
3174 141 145
3175 141 146
3176 141 147
3177 141 148
3178 141 149
3179 141 150
3180 141 233
3181 141 241
3182 141 242
3183 141 244
3184 142 143
3185 142 144
3186 142 145
3187 142 146
3188 142 147
3189 142 148
3190 142 149
3191 142 150
3192 143 145
3193 143 146
3194 143 147
3195 143 148
3196 143 149
3197 143 150
3198 143 226
3199 143 227
3200 143 228
3201 143 229
3202 143 230
3203 143 232
3204 143 233
3205 143 236
3206 143 241
3207 143 242
3208 143 248
3209 144 145
3210 144 146
3211 144 147
3212 144 148
3213 145 146
3214 145 147
3215 145 148
3216 145 149
3217 145 150
3218 145 233
3219 146 147
3220 146 148
3221 146 149
3222 146 150
3223 147 148
3224 147 149
3225 147 150
3226 148 149
3227 148 150
3228 148 227
3229 148 228
3230 148 229
3231 148 233
3232 148 236
3233 148 241
3234 149 150
3235 149 227
3236 149 228
3237 149 229
3238 149 232
3239 149 233
3240 149 236
3241 149 248
3242 150 227
3243 150 228
3244 150 229
3245 150 233
3246 150 235
3247 150 238
3248 150 244
3249 150 245
3250 151 152
3251 151 153
3252 151 154
3253 151 155
3254 151 156
3255 151 157
3256 151 158
3257 151 159
3258 151 161
3259 151 162
3260 151 163
3261 151 164
3262 151 165
3263 151 166
3264 151 167
3265 151 168
3266 151 169
3267 151 170
3268 151 171
3269 151 172
3270 151 173
3271 151 174
3272 151 175
3273 152 153
3274 152 154
3275 152 155
3276 152 156
3277 152 157
3278 152 158
3279 152 159
3280 152 161
3281 152 162
3282 152 163
3283 152 164
3284 152 165
3285 152 166
3286 152 167
3287 152 168
3288 152 169
3289 152 170
3290 152 171
3291 152 172
3292 152 173
3293 152 174
3294 152 175
3295 153 154
3296 153 155
3297 153 156
3298 153 157
3299 153 158
3300 153 159
3301 153 160
3302 153 161
3303 153 162
3304 153 163
3305 153 164
3306 153 165
3307 153 166
3308 153 167
3309 153 168
3310 153 169
3311 153 170
3312 153 171
3313 153 172
3314 153 173
3315 153 174
3316 153 175
3317 154 155
3318 154 156
3319 154 157
3320 154 158
3321 154 159
3322 154 161
3323 154 162
3324 154 163
3325 154 164
3326 154 165
3327 154 166
3328 154 167
3329 154 168
3330 154 169
3331 154 170
3332 154 171
3333 154 172
3334 154 173
3335 154 174
3336 154 175
3337 155 156
3338 155 157
3339 155 158
3340 155 159
3341 155 160
3342 155 161
3343 155 162
3344 155 163
3345 155 164
3346 155 165
3347 155 166
3348 155 167
3349 155 168
3350 155 169
3351 155 170
3352 155 171
3353 155 172
3354 155 173
3355 155 174
3356 155 175
3357 156 157
3358 156 158
3359 156 159
3360 156 160
3361 156 161
3362 156 162
3363 156 163
3364 156 164
3365 156 165
3366 156 166
3367 156 167
3368 156 168
3369 156 169
3370 156 170
3371 156 171
3372 156 172
3373 156 173
3374 156 174
3375 156 175
3376 157 158
3377 157 159
3378 157 161
3379 157 162
3380 157 163
3381 157 164
3382 157 165
3383 157 166
3384 157 167
3385 157 168
3386 157 169
3387 157 170
3388 157 171
3389 157 172
3390 157 173
3391 157 174
3392 157 175
3393 158 159
3394 158 161
3395 158 162
3396 158 163
3397 158 164
3398 158 165
3399 158 166
3400 158 167
3401 158 168
3402 158 169
3403 158 170
3404 158 171
3405 158 172
3406 158 173
3407 158 174
3408 158 175
3409 159 161
3410 159 162
3411 159 163
3412 159 164
3413 159 165
3414 159 166
3415 159 167
3416 159 168
3417 159 169
3418 159 170
3419 159 171
3420 159 172
3421 159 173
3422 159 174
3423 159 175
3424 160 161
3425 160 163
3426 160 164
3427 160 168
3428 160 170
3429 160 171
3430 160 172
3431 160 173
3432 160 174
3433 160 175
3434 161 162
3435 161 163
3436 161 164
3437 161 165
3438 161 166
3439 161 167
3440 161 168
3441 161 169
3442 161 170
3443 161 171
3444 161 172
3445 161 173
3446 161 174
3447 161 175
3448 162 163
3449 162 164
3450 162 165
3451 162 166
3452 162 167
3453 162 168
3454 162 169
3455 162 170
3456 162 171
3457 162 172
3458 162 173
3459 162 174
3460 162 175
3461 163 164
3462 163 165
3463 163 166
3464 163 167
3465 163 168
3466 163 169
3467 163 170
3468 163 171
3469 163 172
3470 163 173
3471 163 174
3472 163 175
3473 164 165
3474 164 166
3475 164 167
3476 164 168
3477 164 169
3478 164 170
3479 164 171
3480 164 172
3481 164 173
3482 164 174
3483 164 175
3484 165 166
3485 165 167
3486 165 168
3487 165 169
3488 165 170
3489 165 171
3490 165 172
3491 165 173
3492 165 174
3493 165 175
3494 166 167
3495 166 168
3496 166 169
3497 166 170
3498 166 171
3499 166 172
3500 166 173
3501 166 174
3502 166 175
3503 166 210
3504 167 168
3505 167 169
3506 167 170
3507 167 171
3508 167 172
3509 167 173
3510 167 174
3511 167 175
3512 168 169
3513 168 170
3514 168 171
3515 168 172
3516 168 173
3517 168 174
3518 168 175
3519 169 170
3520 169 171
3521 169 172
3522 169 173
3523 169 174
3524 169 175
3525 170 171
3526 170 172
3527 170 173
3528 170 174
3529 170 175
3530 171 172
3531 171 173
3532 171 174
3533 171 175
3534 172 173
3535 172 174
3536 172 175
3537 173 174
3538 173 175
3539 174 175
3540 176 177
3541 176 178
3542 176 179
3543 176 180
3544 176 181
3545 176 182
3546 176 183
3547 176 184
3548 176 185
3549 176 186
3550 176 187
3551 176 188
3552 176 189
3553 176 190
3554 176 191
3555 176 192
3556 176 193
3557 176 194
3558 176 195
3559 176 196
3560 176 197
3561 176 198
3562 176 199
3563 176 200
3564 176 202
3565 176 208
3566 176 217
3567 176 231
3568 176 232
3569 176 237
3570 176 240
3571 176 243
3572 176 249
3573 176 250
3574 177 180
3575 177 181
3576 177 182
3577 177 185
3578 177 186
3579 177 190
3580 177 192
3581 177 193
3582 177 197
3583 178 180
3584 178 181
3585 178 183
3586 178 184
3587 178 185
3588 178 186
3589 178 187
3590 178 188
3591 178 190
3592 178 191
3593 178 193
3594 178 194
3595 178 195
3596 178 196
3597 178 197
3598 178 199
3599 178 200
3600 179 180
3601 179 181
3602 179 182
3603 179 184
3604 179 185
3605 179 186
3606 179 187
3607 179 188
3608 179 189
3609 179 190
3610 179 191
3611 179 192
3612 179 193
3613 179 194
3614 179 195
3615 179 196
3616 179 197
3617 179 198
3618 179 199
3619 179 200
3620 179 243
3621 180 181
3622 180 182
3623 180 183
3624 180 184
3625 180 185
3626 180 186
3627 180 187
3628 180 188
3629 180 189
3630 180 190
3631 180 191
3632 180 192
3633 180 193
3634 180 194
3635 180 195
3636 180 196
3637 180 198
3638 180 199
3639 180 200
3640 180 202
3641 180 205
3642 180 207
3643 180 208
3644 180 212
3645 180 213
3646 180 214
3647 180 217
3648 180 218
3649 180 222
3650 180 225
3651 180 243
3652 180 249
3653 181 182
3654 181 183
3655 181 184
3656 181 185
3657 181 186
3658 181 187
3659 181 188
3660 181 189
3661 181 190
3662 181 191
3663 181 192
3664 181 193
3665 181 194
3666 181 195
3667 181 196
3668 181 197
3669 181 198
3670 181 199
3671 181 200
3672 181 204
3673 181 213
3674 181 243
3675 181 249
3676 182 183
3677 182 184
3678 182 185
3679 182 186
3680 182 187
3681 182 188
3682 182 189
3683 182 190
3684 182 191
3685 182 192
3686 182 193
3687 182 194
3688 182 195
3689 182 196
3690 182 197
3691 182 198
3692 182 199
3693 182 200
3694 182 201
3695 182 203
3696 182 215
3697 182 221
3698 182 231
3699 182 232
3700 182 234
3701 182 240
3702 182 243
3703 182 249
3704 183 184
3705 183 185
3706 183 186
3707 183 187
3708 183 188
3709 183 190
3710 183 191
3711 183 194
3712 183 195
3713 183 196
3714 183 198
3715 183 199
3716 184 185
3717 184 186
3718 184 187
3719 184 188
3720 184 190
3721 184 191
3722 184 193
3723 184 194
3724 184 195
3725 184 196
3726 184 198
3727 184 199
3728 184 200
3729 184 243
3730 184 249
3731 185 186
3732 185 187
3733 185 188
3734 185 189
3735 185 190
3736 185 191
3737 185 192
3738 185 193
3739 185 194
3740 185 195
3741 185 196
3742 185 197
3743 185 198
3744 185 199
3745 185 200
3746 185 201
3747 185 206
3748 185 215
3749 185 221
3750 185 231
3751 185 232
3752 185 242
3753 185 243
3754 185 249
3755 186 187
3756 186 188
3757 186 189
3758 186 190
3759 186 191
3760 186 192
3761 186 193
3762 186 194
3763 186 195
3764 186 196
3765 186 197
3766 186 198
3767 186 199
3768 186 200
3769 186 249
3770 187 188
3771 187 190
3772 187 191
3773 187 192
3774 187 193
3775 187 194
3776 187 195
3777 187 196
3778 187 197
3779 187 198
3780 187 199
3781 187 200
3782 187 231
3783 187 237
3784 187 243
3785 187 249
3786 188 189
3787 188 190
3788 188 191
3789 188 192
3790 188 193
3791 188 194
3792 188 195
3793 188 196
3794 188 198
3795 188 199
3796 188 200
3797 188 205
3798 188 207
3799 188 212
3800 188 213
3801 188 232
3802 188 237
3803 188 243
3804 188 249
3805 189 190
3806 189 191
3807 189 192
3808 189 193
3809 189 194
3810 189 195
3811 189 197
3812 189 198
3813 189 200
3814 189 240
3815 189 242
3816 190 191
3817 190 192
3818 190 193
3819 190 194
3820 190 195
3821 190 196
3822 190 197
3823 190 198
3824 190 199
3825 190 200
3826 190 243
3827 191 192
3828 191 193
3829 191 194
3830 191 195
3831 191 196
3832 191 197
3833 191 198
3834 191 199
3835 191 200
3836 191 201
3837 191 204
3838 191 213
3839 191 218
3840 191 222
3841 191 231
3842 191 232
3843 191 237
3844 191 243
3845 191 249
3846 192 193
3847 192 194
3848 192 195
3849 192 197
3850 192 198
3851 192 199
3852 192 200
3853 192 228
3854 192 229
3855 192 242
3856 192 243
3857 193 195
3858 193 196
3859 193 197
3860 193 198
3861 193 199
3862 193 200
3863 193 231
3864 194 195
3865 194 196
3866 194 198
3867 194 199
3868 194 200
3869 194 213
3870 195 196
3871 195 197
3872 195 198
3873 195 199
3874 195 200
3875 195 243
3876 195 249
3877 196 198
3878 196 199
3879 196 200
3880 196 202
3881 196 204
3882 196 205
3883 196 207
3884 196 208
3885 196 210
3886 196 212
3887 196 213
3888 196 214
3889 196 217
3890 196 218
3891 196 219
3892 196 222
3893 196 225
3894 196 249
3895 197 198
3896 197 200
3897 197 228
3898 197 243
3899 198 199
3900 198 200
3901 198 231
3902 198 232
3903 198 237
3904 198 240
3905 198 242
3906 198 243
3907 198 249
3908 199 200
3909 199 243
3910 199 249
3911 200 249
3912 201 202
3913 201 203
3914 201 204
3915 201 205
3916 201 206
3917 201 207
3918 201 208
3919 201 209
3920 201 210
3921 201 211
3922 201 212
3923 201 213
3924 201 214
3925 201 215
3926 201 216
3927 201 217
3928 201 218
3929 201 219
3930 201 220
3931 201 221
3932 201 222
3933 201 223
3934 201 224
3935 201 225
3936 201 237
3937 202 203
3938 202 204
3939 202 205
3940 202 206
3941 202 207
3942 202 208
3943 202 209
3944 202 210
3945 202 211
3946 202 212
3947 202 213
3948 202 214
3949 202 215
3950 202 216
3951 202 217
3952 202 218
3953 202 219
3954 202 220
3955 202 221
3956 202 222
3957 202 223
3958 202 224
3959 202 225
3960 202 237
3961 203 204
3962 203 205
3963 203 206
3964 203 207
3965 203 208
3966 203 209
3967 203 210
3968 203 211
3969 203 212
3970 203 213
3971 203 214
3972 203 215
3973 203 216
3974 203 217
3975 203 218
3976 203 219
3977 203 220
3978 203 221
3979 203 222
3980 203 223
3981 203 224
3982 203 225
3983 204 205
3984 204 206
3985 204 207
3986 204 208
3987 204 209
3988 204 210
3989 204 211
3990 204 212
3991 204 213
3992 204 214
3993 204 215
3994 204 216
3995 204 217
3996 204 218
3997 204 219
3998 204 220
3999 204 221
4000 204 222
4001 204 223
4002 204 224
4003 204 225
4004 205 206
4005 205 207
4006 205 208
4007 205 209
4008 205 210
4009 205 211
4010 205 212
4011 205 213
4012 205 214
4013 205 215
4014 205 216
4015 205 217
4016 205 218
4017 205 219
4018 205 220
4019 205 221
4020 205 222
4021 205 223
4022 205 224
4023 205 225
4024 206 207
4025 206 208
4026 206 209
4027 206 210
4028 206 211
4029 206 212
4030 206 213
4031 206 214
4032 206 215
4033 206 216
4034 206 217
4035 206 218
4036 206 219
4037 206 220
4038 206 221
4039 206 222
4040 206 223
4041 206 224
4042 206 225
4043 206 243
4044 207 208
4045 207 209
4046 207 210
4047 207 211
4048 207 212
4049 207 213
4050 207 214
4051 207 215
4052 207 216
4053 207 217
4054 207 218
4055 207 219
4056 207 220
4057 207 221
4058 207 222
4059 207 223
4060 207 224
4061 207 225
4062 208 209
4063 208 210
4064 208 211
4065 208 212
4066 208 213
4067 208 214
4068 208 215
4069 208 216
4070 208 217
4071 208 218
4072 208 219
4073 208 220
4074 208 221
4075 208 222
4076 208 223
4077 208 224
4078 208 225
4079 208 237
4080 209 210
4081 209 211
4082 209 212
4083 209 213
4084 209 214
4085 209 215
4086 209 216
4087 209 217
4088 209 218
4089 209 219
4090 209 220
4091 209 221
4092 209 222
4093 209 223
4094 209 224
4095 209 225
4096 209 237
4097 209 243
4098 210 211
4099 210 212
4100 210 213
4101 210 214
4102 210 215
4103 210 216
4104 210 217
4105 210 218
4106 210 219
4107 210 220
4108 210 221
4109 210 222
4110 210 223
4111 210 224
4112 210 225
4113 211 212
4114 211 213
4115 211 214
4116 211 215
4117 211 216
4118 211 217
4119 211 218
4120 211 219
4121 211 220
4122 211 221
4123 211 222
4124 211 223
4125 211 224
4126 211 225
4127 212 213
4128 212 214
4129 212 215
4130 212 216
4131 212 217
4132 212 218
4133 212 219
4134 212 220
4135 212 221
4136 212 222
4137 212 223
4138 212 224
4139 212 225
4140 213 214
4141 213 215
4142 213 216
4143 213 217
4144 213 218
4145 213 219
4146 213 220
4147 213 221
4148 213 222
4149 213 223
4150 213 224
4151 213 225
4152 214 215
4153 214 216
4154 214 217
4155 214 218
4156 214 219
4157 214 220
4158 214 221
4159 214 222
4160 214 223
4161 214 224
4162 214 225
4163 215 216
4164 215 217
4165 215 218
4166 215 219
4167 215 220
4168 215 221
4169 215 222
4170 215 223
4171 215 224
4172 215 225
4173 215 243
4174 216 217
4175 216 218
4176 216 219
4177 216 220
4178 216 221
4179 216 222
4180 216 223
4181 216 224
4182 216 225
4183 217 218
4184 217 219
4185 217 220
4186 217 221
4187 217 222
4188 217 223
4189 217 224
4190 217 225
4191 218 219
4192 218 220
4193 218 221
4194 218 222
4195 218 223
4196 218 224
4197 218 225
4198 218 237
4199 219 220
4200 219 221
4201 219 222
4202 219 223
4203 219 224
4204 219 225
4205 220 221
4206 220 222
4207 220 223
4208 220 224
4209 220 225
4210 220 237
4211 220 243
4212 221 222
4213 221 223
4214 221 224
4215 221 225
4216 221 243
4217 222 223
4218 222 224
4219 222 225
4220 222 237
4221 223 224
4222 223 225
4223 224 225
4224 226 227
4225 226 228
4226 226 229
4227 226 230
4228 226 231
4229 226 232
4230 226 233
4231 226 234
4232 226 235
4233 226 236
4234 226 237
4235 226 238
4236 226 239
4237 226 240
4238 226 241
4239 226 242
4240 226 243
4241 226 244
4242 226 245
4243 226 246
4244 226 247
4245 226 248
4246 226 249
4247 226 250
4248 227 228
4249 227 229
4250 227 230
4251 227 231
4252 227 232
4253 227 233
4254 227 234
4255 227 235
4256 227 236
4257 227 237
4258 227 238
4259 227 239
4260 227 240
4261 227 241
4262 227 242
4263 227 243
4264 227 244
4265 227 245
4266 227 246
4267 227 247
4268 227 248
4269 227 249
4270 227 250
4271 228 229
4272 228 230
4273 228 231
4274 228 232
4275 228 233
4276 228 234
4277 228 235
4278 228 236
4279 228 237
4280 228 238
4281 228 239
4282 228 240
4283 228 241
4284 228 242
4285 228 243
4286 228 244
4287 228 245
4288 228 246
4289 228 247
4290 228 248
4291 228 249
4292 228 250
4293 229 230
4294 229 231
4295 229 232
4296 229 233
4297 229 234
4298 229 235
4299 229 236
4300 229 237
4301 229 238
4302 229 239
4303 229 240
4304 229 241
4305 229 242
4306 229 243
4307 229 244
4308 229 245
4309 229 246
4310 229 247
4311 229 248
4312 229 249
4313 229 250
4314 230 231
4315 230 232
4316 230 233
4317 230 234
4318 230 235
4319 230 236
4320 230 237
4321 230 238
4322 230 239
4323 230 240
4324 230 241
4325 230 242
4326 230 243
4327 230 244
4328 230 245
4329 230 246
4330 230 247
4331 230 248
4332 230 249
4333 231 232
4334 231 234
4335 231 235
4336 231 236
4337 231 237
4338 231 238
4339 231 239
4340 231 240
4341 231 242
4342 231 243
4343 231 245
4344 231 246
4345 231 247
4346 231 248
4347 231 249
4348 231 250
4349 232 233
4350 232 234
4351 232 235
4352 232 236
4353 232 237
4354 232 238
4355 232 239
4356 232 240
4357 232 241
4358 232 242
4359 232 243
4360 232 244
4361 232 245
4362 232 246
4363 232 247
4364 232 248
4365 232 249
4366 232 250
4367 233 234
4368 233 235
4369 233 236
4370 233 237
4371 233 238
4372 233 239
4373 233 240
4374 233 241
4375 233 242
4376 233 244
4377 233 245
4378 233 246
4379 233 247
4380 233 248
4381 233 249
4382 234 235
4383 234 236
4384 234 237
4385 234 238
4386 234 239
4387 234 240
4388 234 241
4389 234 242
4390 234 243
4391 234 244
4392 234 245
4393 234 246
4394 234 247
4395 234 248
4396 234 249
4397 234 250
4398 235 236
4399 235 237
4400 235 238
4401 235 239
4402 235 240
4403 235 241
4404 235 242
4405 235 243
4406 235 244
4407 235 245
4408 235 246
4409 235 247
4410 235 248
4411 235 249
4412 236 237
4413 236 238
4414 236 239
4415 236 240
4416 236 241
4417 236 242
4418 236 243
4419 236 244
4420 236 245
4421 236 246
4422 236 247
4423 236 248
4424 236 249
4425 237 238
4426 237 239
4427 237 240
4428 237 242
4429 237 243
4430 237 244
4431 237 245
4432 237 246
4433 237 247
4434 237 248
4435 237 249
4436 237 250
4437 238 239
4438 238 240
4439 238 241
4440 238 242
4441 238 243
4442 238 244
4443 238 245
4444 238 246
4445 238 247
4446 238 248
4447 238 249
4448 238 250
4449 239 240
4450 239 241
4451 239 242
4452 239 243
4453 239 244
4454 239 245
4455 239 246
4456 239 247
4457 239 248
4458 239 249
4459 239 250
4460 240 241
4461 240 242
4462 240 243
4463 240 244
4464 240 245
4465 240 246
4466 240 247
4467 240 248
4468 240 249
4469 240 250
4470 241 242
4471 241 244
4472 241 245
4473 241 246
4474 241 247
4475 241 248
4476 242 243
4477 242 244
4478 242 245
4479 242 246
4480 242 247
4481 242 248
4482 242 249
4483 242 250
4484 243 244
4485 243 245
4486 243 247
4487 243 248
4488 243 249
4489 243 250
4490 244 245
4491 244 247
4492 244 248
4493 244 249
4494 245 246
4495 245 247
4496 245 248
4497 245 249
4498 246 247
4499 246 248
4500 246 249
4501 246 250
4502 247 248
4503 247 249
4504 247 250
4505 248 249
4506 248 250
4507 249 250
