1 1 2
2 1 3
3 1 4
4 1 5
5 1 6
6 1 7
7 1 8
8 1 9
9 1 10
10 1 11
11 1 12
12 1 13
13 1 14
14 1 15
15 1 16
16 1 17
17 1 18
18 1 19
19 1 20
20 1 21
21 1 22
22 1 23
23 1 24
24 1 25
25 1 80
26 1 86
27 1 87
28 1 96
29 1 97
30 1 126
31 1 127
32 1 128
33 1 129
34 1 130
35 1 131
36 1 132
37 1 133
38 1 134
39 1 135
40 1 136
41 1 137
42 1 138
43 1 139
44 1 140
45 1 141
46 1 142
47 1 143
48 1 144
49 1 145
50 1 146
51 1 147
52 1 148
53 1 149
54 1 150
55 1 201
56 1 202
57 1 203
58 1 204
59 1 205
60 1 206
61 1 207
62 1 208
63 1 209
64 1 210
65 1 211
66 1 212
67 1 213
68 1 214
69 1 215
70 1 216
71 1 217
72 1 218
73 1 219
74 1 220
75 1 221
76 1 222
77 1 223
78 1 224
79 1 225
80 1 226
81 1 227
82 1 228
83 1 229
84 1 230
85 1 231
86 1 232
87 1 233
88 1 234
89 1 235
90 1 236
91 1 237
92 1 238
93 1 239
94 1 240
95 1 241
96 1 242
97 1 243
98 1 244
99 1 245
100 1 246
101 1 247
102 1 248
103 1 249
104 1 250
105 2 3
106 2 4
107 2 5
108 2 6
109 2 7
110 2 8
111 2 9
112 2 10
113 2 11
114 2 12
115 2 13
116 2 14
117 2 15
118 2 16
119 2 17
120 2 18
121 2 19
122 2 20
123 2 21
124 2 22
125 2 23
126 2 24
127 2 25
128 2 126
129 2 127
130 2 128
131 2 129
132 2 130
133 2 131
134 2 132
135 2 133
136 2 134
137 2 135
138 2 136
139 2 137
140 2 138
141 2 139
142 2 140
143 2 141
144 2 142
145 2 143
146 2 144
147 2 145
148 2 146
149 2 148
150 2 149
151 2 150
152 2 201
153 2 202
154 2 204
155 2 205
156 2 206
157 2 207
158 2 209
159 2 210
160 2 211
161 2 212
162 2 214
163 2 215
164 2 216
165 2 217
166 2 218
167 2 219
168 2 222
169 2 223
170 2 228
171 2 232
172 2 235
173 2 237
174 2 238
175 2 243
176 2 244
177 2 246
178 2 247
179 2 249
180 3 4
181 3 5
182 3 6
183 3 7
184 3 8
185 3 9
186 3 10
187 3 11
188 3 12
189 3 13
190 3 14
191 3 15
192 3 16
193 3 17
194 3 18
195 3 19
196 3 20
197 3 21
198 3 22
199 3 23
200 3 24
201 3 25
202 3 126
203 3 127
204 3 128
205 3 129
206 3 130
207 3 131
208 3 132
209 3 133
210 3 134
211 3 135
212 3 136
213 3 137
214 3 138
215 3 139
216 3 140
217 3 141
218 3 142
219 3 143
220 3 144
221 3 145
222 3 146
223 3 147
224 3 148
225 3 149
226 3 150
227 3 203
228 3 204
229 3 206
230 3 209
231 3 210
232 3 214
233 3 215
234 3 216
235 3 217
236 3 218
237 3 219
238 3 222
239 3 223
240 3 226
241 3 228
242 3 231
243 3 233
244 3 235
245 3 237
246 3 238
247 3 239
248 3 240
249 3 241
250 3 244
251 3 246
252 3 247
253 3 249
254 4 5
255 4 6
256 4 7
257 4 8
258 4 9
259 4 10
260 4 11
261 4 12
262 4 13
263 4 14
264 4 15
265 4 16
266 4 17
267 4 18
268 4 19
269 4 20
270 4 21
271 4 22
272 4 23
273 4 24
274 4 25
275 4 81
276 4 126
277 4 127
278 4 128
279 4 129
280 4 130
281 4 131
282 4 132
283 4 133
284 4 134
285 4 135
286 4 136
287 4 137
288 4 138
289 4 139
290 4 140
291 4 141
292 4 142
293 4 143
294 4 144
295 4 145
296 4 146
297 4 147
298 4 148
299 4 149
300 4 150
301 4 201
302 4 202
303 4 203
304 4 204
305 4 205
306 4 206
307 4 207
308 4 208
309 4 209
310 4 210
311 4 211
312 4 212
313 4 213
314 4 214
315 4 215
316 4 216
317 4 217
318 4 218
319 4 219
320 4 220
321 4 221
322 4 222
323 4 223
324 4 224
325 4 225
326 4 226
327 4 227
328 4 228
329 4 230
330 4 231
331 4 232
332 4 233
333 4 234
334 4 235
335 4 236
336 4 237
337 4 238
338 4 239
339 4 241
340 4 242
341 4 243
342 4 244
343 4 245
344 4 246
345 4 247
346 4 248
347 4 249
348 4 250
349 5 6
350 5 7
351 5 8
352 5 9
353 5 10
354 5 11
355 5 12
356 5 13
357 5 14
358 5 15
359 5 16
360 5 17
361 5 18
362 5 19
363 5 20
364 5 21
365 5 22
366 5 23
367 5 24
368 5 25
369 5 87
370 5 126
371 5 127
372 5 128
373 5 129
374 5 130
375 5 131
376 5 132
377 5 133
378 5 134
379 5 135
380 5 136
381 5 137
382 5 138
383 5 139
384 5 140
385 5 141
386 5 142
387 5 143
388 5 144
389 5 145
390 5 146
391 5 147
392 5 148
393 5 149
394 5 150
395 5 176
396 5 177
397 5 178
398 5 179
399 5 182
400 5 183
401 5 187
402 5 190
403 5 194
404 5 196
405 5 198
406 5 199
407 5 201
408 5 202
409 5 203
410 5 204
411 5 205
412 5 207
413 5 208
414 5 209
415 5 210
416 5 211
417 5 212
418 5 213
419 5 214
420 5 215
421 5 216
422 5 217
423 5 220
424 5 221
425 5 223
426 5 225
427 5 226
428 5 227
429 5 228
430 5 229
431 5 230
432 5 231
433 5 232
434 5 233
435 5 234
436 5 235
437 5 237
438 5 238
439 5 239
440 5 240
441 5 241
442 5 243
443 5 245
444 5 246
445 5 247
446 5 248
447 5 249
448 5 250
449 6 7
450 6 8
451 6 9
452 6 10
453 6 11
454 6 12
455 6 13
456 6 15
457 6 16
458 6 17
459 6 18
460 6 19
461 6 20
462 6 21
463 6 22
464 6 23
465 6 24
466 6 25
467 6 126
468 6 127
469 6 128
470 6 129
471 6 130
472 6 131
473 6 132
474 6 133
475 6 134
476 6 135
477 6 136
478 6 137
479 6 138
480 6 139
481 6 140
482 6 141
483 6 142
484 6 143
485 6 144
486 6 145
487 6 146
488 6 148
489 6 149
490 6 150
491 6 201
492 6 202
493 6 203
494 6 204
495 6 206
496 6 207
497 6 209
498 6 210
499 6 211
500 6 212
501 6 213
502 6 214
503 6 215
504 6 216
505 6 217
506 6 218
507 6 219
508 6 221
509 6 222
510 6 223
511 6 224
512 6 225
513 6 231
514 6 232
515 6 235
516 6 236
517 6 237
518 6 238
519 6 239
520 6 240
521 6 241
522 6 242
523 6 246
524 6 247
525 6 250
526 7 8
527 7 9
528 7 10
529 7 11
530 7 12
531 7 13
532 7 14
533 7 15
534 7 16
535 7 17
536 7 18
537 7 19
538 7 20
539 7 21
540 7 22
541 7 23
542 7 24
543 7 25
544 7 126
545 7 127
546 7 128
547 7 129
548 7 130
549 7 131
550 7 132
551 7 133
552 7 134
553 7 135
554 7 136
555 7 137
556 7 138
557 7 139
558 7 140
559 7 141
560 7 142
561 7 143
562 7 144
563 7 145
564 7 146
565 7 147
566 7 148
567 7 149
568 7 150
569 7 201
570 7 202
571 7 203
572 7 204
573 7 205
574 7 206
575 7 207
576 7 208
577 7 209
578 7 210
579 7 211
580 7 212
581 7 213
582 7 214
583 7 215
584 7 216
585 7 217
586 7 218
587 7 219
588 7 221
589 7 222
590 7 223
591 7 224
592 7 225
593 7 226
594 7 227
595 7 228
596 7 230
597 7 231
598 7 232
599 7 233
600 7 234
601 7 235
602 7 237
603 7 238
604 7 239
605 7 240
606 7 241
607 7 242
608 7 243
609 7 244
610 7 245
611 7 246
612 7 247
613 7 248
614 7 249
615 7 250
616 8 9
617 8 10
618 8 11
619 8 12
620 8 13
621 8 14
622 8 15
623 8 16
624 8 17
625 8 18
626 8 19
627 8 20
628 8 21
629 8 23
630 8 24
631 8 25
632 8 79
633 8 80
634 8 81
635 8 82
636 8 84
637 8 86
638 8 89
639 8 97
640 8 126
641 8 127
642 8 128
643 8 129
644 8 130
645 8 131
646 8 132
647 8 133
648 8 134
649 8 135
650 8 136
651 8 137
652 8 138
653 8 139
654 8 140
655 8 141
656 8 142
657 8 143
658 8 144
659 8 145
660 8 146
661 8 147
662 8 148
663 8 149
664 8 150
665 8 176
666 8 177
667 8 178
668 8 179
669 8 180
670 8 181
671 8 182
672 8 183
673 8 185
674 8 187
675 8 188
676 8 190
677 8 193
678 8 194
679 8 196
680 8 197
681 8 198
682 8 199
683 8 202
684 8 203
685 8 205
686 8 208
687 8 209
688 8 210
689 8 211
690 8 213
691 8 214
692 8 215
693 8 216
694 8 220
695 8 221
696 8 223
697 8 224
698 8 225
699 8 226
700 8 227
701 8 228
702 8 229
703 8 230
704 8 231
705 8 232
706 8 233
707 8 234
708 8 235
709 8 236
710 8 237
711 8 238
712 8 239
713 8 240
714 8 241
715 8 242
716 8 243
717 8 244
718 8 245
719 8 246
720 8 247
721 8 248
722 8 249
723 8 250
724 9 10
725 9 12
726 9 13
727 9 14
728 9 15
729 9 16
730 9 17
731 9 18
732 9 19
733 9 20
734 9 21
735 9 23
736 9 24
737 9 25
738 9 126
739 9 127
740 9 128
741 9 129
742 9 130
743 9 131
744 9 132
745 9 133
746 9 134
747 9 135
748 9 136
749 9 137
750 9 138
751 9 139
752 9 140
753 9 141
754 9 142
755 9 143
756 9 144
757 9 145
758 9 146
759 9 147
760 9 148
761 9 149
762 9 150
763 9 201
764 9 202
765 9 203
766 9 204
767 9 205
768 9 206
769 9 207
770 9 208
771 9 209
772 9 210
773 9 211
774 9 212
775 9 213
776 9 214
777 9 215
778 9 216
779 9 219
780 9 220
781 9 221
782 9 222
783 9 223
784 9 224
785 9 225
786 9 226
787 9 227
788 9 228
789 9 229
790 9 230
791 9 231
792 9 232
793 9 233
794 9 234
795 9 235
796 9 236
797 9 237
798 9 238
799 9 239
800 9 240
801 9 241
802 9 242
803 9 243
804 9 245
805 9 246
806 9 247
807 9 248
808 9 249
809 9 250
810 10 11
811 10 12
812 10 13
813 10 14
814 10 15
815 10 16
816 10 17
817 10 18
818 10 19
819 10 20
820 10 21
821 10 22
822 10 23
823 10 24
824 10 25
825 10 94
826 10 96
827 10 126
828 10 127
829 10 128
830 10 129
831 10 130
832 10 131
833 10 132
834 10 133
835 10 134
836 10 135
837 10 136
838 10 137
839 10 138
840 10 139
841 10 140
842 10 141
843 10 142
844 10 143
845 10 144
846 10 145
847 10 146
848 10 147
849 10 148
850 10 149
851 10 150
852 10 201
853 10 202
854 10 203
855 10 204
856 10 205
857 10 206
858 10 207
859 10 209
860 10 210
861 10 211
862 10 212
863 10 213
864 10 214
865 10 215
866 10 216
867 10 217
868 10 218
869 10 219
870 10 221
871 10 222
872 10 223
873 10 224
874 10 226
875 10 227
876 10 228
877 10 229
878 10 230
879 10 231
880 10 232
881 10 233
882 10 234
883 10 235
884 10 236
885 10 237
886 10 238
887 10 239
888 10 240
889 10 241
890 10 242
891 10 243
892 10 244
893 10 245
894 10 246
895 10 247
896 10 248
897 10 249
898 10 250
899 11 12
900 11 13
901 11 14
902 11 15
903 11 16
904 11 17
905 11 18
906 11 19
907 11 20
908 11 21
909 11 22
910 11 23
911 11 24
912 11 25
913 11 126
914 11 127
915 11 128
916 11 129
917 11 130
918 11 131
919 11 132
920 11 133
921 11 134
922 11 135
923 11 136
924 11 137
925 11 138
926 11 139
927 11 140
928 11 141
929 11 142
930 11 143
931 11 144
932 11 145
933 11 146
934 11 147
935 11 148
936 11 149
937 11 150
938 11 201
939 11 202
940 11 203
941 11 204
942 11 206
943 11 207
944 11 208
945 11 209
946 11 210
947 11 211
948 11 212
949 11 214
950 11 215
951 11 216
952 11 217
953 11 218
954 11 219
955 11 221
956 11 222
957 11 223
958 11 224
959 11 233
960 11 235
961 11 238
962 11 244
963 11 246
964 11 249
965 12 13
966 12 14
967 12 15
968 12 16
969 12 17
970 12 18
971 12 19
972 12 20
973 12 21
974 12 22
975 12 23
976 12 24
977 12 25
978 12 79
979 12 81
980 12 82
981 12 87
982 12 96
983 12 126
984 12 127
985 12 128
986 12 129
987 12 130
988 12 131
989 12 132
990 12 133
991 12 134
992 12 135
993 12 136
994 12 137
995 12 138
996 12 139
997 12 140
998 12 141
999 12 142
1000 12 143
1001 12 144
1002 12 145
1003 12 146
1004 12 147
1005 12 148
1006 12 149
1007 12 150
1008 12 201
1009 12 202
1010 12 203
1011 12 204
1012 12 205
1013 12 207
1014 12 208
1015 12 209
1016 12 210
1017 12 211
1018 12 212
1019 12 213
1020 12 214
1021 12 215
1022 12 216
1023 12 217
1024 12 219
1025 12 220
1026 12 221
1027 12 222
1028 12 223
1029 12 224
1030 12 225
1031 12 226
1032 12 227
1033 12 228
1034 12 229
1035 12 230
1036 12 231
1037 12 232
1038 12 233
1039 12 234
1040 12 235
1041 12 236
1042 12 237
1043 12 238
1044 12 239
1045 12 240
1046 12 241
1047 12 242
1048 12 243
1049 12 244
1050 12 245
1051 12 246
1052 12 247
1053 12 248
1054 12 249
1055 12 250
1056 13 14
1057 13 15
1058 13 16
1059 13 17
1060 13 18
1061 13 19
1062 13 20
1063 13 21
1064 13 22
1065 13 23
1066 13 24
1067 13 25
1068 13 126
1069 13 127
1070 13 128
1071 13 129
1072 13 130
1073 13 131
1074 13 132
1075 13 133
1076 13 134
1077 13 135
1078 13 136
1079 13 137
1080 13 138
1081 13 139
1082 13 140
1083 13 141
1084 13 142
1085 13 143
1086 13 144
1087 13 145
1088 13 146
1089 13 148
1090 13 149
1091 13 150
1092 13 201
1093 13 202
1094 13 203
1095 13 204
1096 13 205
1097 13 206
1098 13 207
1099 13 209
1100 13 210
1101 13 213
1102 13 214
1103 13 215
1104 13 216
1105 13 217
1106 13 218
1107 13 219
1108 13 222
1109 13 223
1110 13 224
1111 13 231
1112 13 235
1113 13 237
1114 13 238
1115 13 239
1116 13 242
1117 13 244
1118 13 246
1119 13 249
1120 14 15
1121 14 16
1122 14 17
1123 14 18
1124 14 19
1125 14 20
1126 14 21
1127 14 23
1128 14 24
1129 14 25
1130 14 126
1131 14 127
1132 14 128
1133 14 129
1134 14 130
1135 14 131
1136 14 132
1137 14 133
1138 14 134
1139 14 135
1140 14 136
1141 14 137
1142 14 138
1143 14 139
1144 14 140
1145 14 141
1146 14 142
1147 14 143
1148 14 144
1149 14 145
1150 14 146
1151 14 147
1152 14 148
1153 14 149
1154 14 150
1155 14 176
1156 14 184
1157 14 194
1158 14 196
1159 14 202
1160 14 203
1161 14 205
1162 14 207
1163 14 208
1164 14 209
1165 14 210
1166 14 211
1167 14 214
1168 14 215
1169 14 216
1170 14 219
1171 14 220
1172 14 221
1173 14 225
1174 14 226
1175 14 227
1176 14 228
1177 14 229
1178 14 230
1179 14 231
1180 14 232
1181 14 233
1182 14 234
1183 14 235
1184 14 236
1185 14 237
1186 14 238
1187 14 239
1188 14 240
1189 14 241
1190 14 242
1191 14 243
1192 14 245
1193 14 246
1194 14 247
1195 14 248
1196 14 249
1197 14 250
1198 15 16
1199 15 17
1200 15 18
1201 15 19
1202 15 20
1203 15 21
1204 15 22
1205 15 23
1206 15 24
1207 15 25
1208 15 87
1209 15 126
1210 15 127
1211 15 128
1212 15 129
1213 15 130
1214 15 131
1215 15 132
1216 15 133
1217 15 134
1218 15 135
1219 15 136
1220 15 137
1221 15 138
1222 15 139
1223 15 140
1224 15 141
1225 15 142
1226 15 143
1227 15 144
1228 15 145
1229 15 146
1230 15 147
1231 15 148
1232 15 149
1233 15 150
1234 15 176
1235 15 177
1236 15 178
1237 15 179
1238 15 182
1239 15 183
1240 15 187
1241 15 190
1242 15 194
1243 15 196
1244 15 198
1245 15 199
1246 15 201
1247 15 202
1248 15 203
1249 15 204
1250 15 205
1251 15 207
1252 15 208
1253 15 209
1254 15 210
1255 15 211
1256 15 212
1257 15 213
1258 15 214
1259 15 215
1260 15 216
1261 15 217
1262 15 218
1263 15 219
1264 15 220
1265 15 221
1266 15 222
1267 15 223
1268 15 224
1269 15 225
1270 15 226
1271 15 227
1272 15 228
1273 15 229
1274 15 230
1275 15 231
1276 15 232
1277 15 233
1278 15 234
1279 15 235
1280 15 236
1281 15 237
1282 15 238
1283 15 239
1284 15 240
1285 15 241
1286 15 242
1287 15 243
1288 15 244
1289 15 245
1290 15 246
1291 15 247
1292 15 248
1293 15 249
1294 15 250
1295 16 17
1296 16 18
1297 16 19
1298 16 20
1299 16 21
1300 16 22
1301 16 23
1302 16 24
1303 16 25
1304 16 126
1305 16 127
1306 16 128
1307 16 129
1308 16 130
1309 16 131
1310 16 132
1311 16 133
1312 16 134
1313 16 135
1314 16 136
1315 16 137
1316 16 138
1317 16 139
1318 16 140
1319 16 141
1320 16 142
1321 16 143
1322 16 144
1323 16 145
1324 16 146
1325 16 147
1326 16 148
1327 16 149
1328 16 150
1329 16 201
1330 16 202
1331 16 203
1332 16 204
1333 16 205
1334 16 206
1335 16 207
1336 16 208
1337 16 209
1338 16 210
1339 16 211
1340 16 212
1341 16 213
1342 16 214
1343 16 215
1344 16 216
1345 16 217
1346 16 219
1347 16 220
1348 16 221
1349 16 222
1350 16 223
1351 16 224
1352 16 225
1353 16 226
1354 16 227
1355 16 228
1356 16 229
1357 16 230
1358 16 231
1359 16 232
1360 16 233
1361 16 234
1362 16 235
1363 16 237
1364 16 238
1365 16 239
1366 16 240
1367 16 241
1368 16 242
1369 16 243
1370 16 244
1371 16 245
1372 16 246
1373 16 247
1374 16 248
1375 16 249
1376 16 250
1377 17 18
1378 17 19
1379 17 20
1380 17 21
1381 17 22
1382 17 23
1383 17 24
1384 17 25
1385 17 76
1386 17 78
1387 17 79
1388 17 80
1389 17 81
1390 17 86
1391 17 87
1392 17 96
1393 17 97
1394 17 126
1395 17 127
1396 17 128
1397 17 129
1398 17 130
1399 17 131
1400 17 132
1401 17 133
1402 17 134
1403 17 135
1404 17 136
1405 17 137
1406 17 138
1407 17 139
1408 17 140
1409 17 141
1410 17 142
1411 17 143
1412 17 144
1413 17 145
1414 17 146
1415 17 147
1416 17 148
1417 17 149
1418 17 150
1419 17 201
1420 17 202
1421 17 203
1422 17 205
1423 17 206
1424 17 207
1425 17 208
1426 17 209
1427 17 210
1428 17 211
1429 17 212
1430 17 213
1431 17 214
1432 17 215
1433 17 216
1434 17 217
1435 17 218
1436 17 219
1437 17 220
1438 17 221
1439 17 222
1440 17 223
1441 17 224
1442 17 225
1443 17 226
1444 17 227
1445 17 228
1446 17 229
1447 17 230
1448 17 231
1449 17 232
1450 17 233
1451 17 234
1452 17 235
1453 17 236
1454 17 237
1455 17 238
1456 17 239
1457 17 240
1458 17 241
1459 17 242
1460 17 243
1461 17 245
1462 17 246
1463 17 247
1464 17 248
1465 17 249
1466 17 250
1467 18 19
1468 18 20
1469 18 21
1470 18 22
1471 18 23
1472 18 24
1473 18 25
1474 18 126
1475 18 127
1476 18 128
1477 18 129
1478 18 130
1479 18 131
1480 18 132
1481 18 133
1482 18 134
1483 18 135
1484 18 136
1485 18 137
1486 18 138
1487 18 139
1488 18 140
1489 18 141
1490 18 142
1491 18 143
1492 18 144
1493 18 145
1494 18 146
1495 18 147
1496 18 148
1497 18 149
1498 18 150
1499 18 201
1500 18 202
1501 18 203
1502 18 204
1503 18 205
1504 18 206
1505 18 207
1506 18 208
1507 18 209
1508 18 210
1509 18 211
1510 18 212
1511 18 213
1512 18 214
1513 18 215
1514 18 216
1515 18 217
1516 18 218
1517 18 219
1518 18 220
1519 18 221
1520 18 222
1521 18 223
1522 18 224
1523 18 225
1524 18 226
1525 18 227
1526 18 228
1527 18 229
1528 18 230
1529 18 231
1530 18 232
1531 18 233
1532 18 234
1533 18 235
1534 18 236
1535 18 237
1536 18 238
1537 18 239
1538 18 240
1539 18 241
1540 18 242
1541 18 243
1542 18 244
1543 18 245
1544 18 246
1545 18 247
1546 18 248
1547 18 249
1548 18 250
1549 19 20
1550 19 21
1551 19 22
1552 19 23
1553 19 24
1554 19 25
1555 19 81
1556 19 87
1557 19 126
1558 19 127
1559 19 128
1560 19 129
1561 19 130
1562 19 131
1563 19 132
1564 19 133
1565 19 134
1566 19 135
1567 19 136
1568 19 137
1569 19 138
1570 19 139
1571 19 140
1572 19 141
1573 19 142
1574 19 143
1575 19 144
1576 19 145
1577 19 146
1578 19 147
1579 19 148
1580 19 149
1581 19 150
1582 19 177
1583 19 178
1584 19 179
1585 19 182
1586 19 184
1587 19 187
1588 19 194
1589 19 196
1590 19 200
1591 19 202
1592 19 203
1593 19 207
1594 19 208
1595 19 209
1596 19 210
1597 19 211
1598 19 212
1599 19 213
1600 19 214
1601 19 215
1602 19 216
1603 19 217
1604 19 219
1605 19 221
1606 19 223
1607 19 225
1608 19 226
1609 19 228
1610 19 230
1611 19 231
1612 19 232
1613 19 233
1614 19 234
1615 19 235
1616 19 237
1617 19 238
1618 19 239
1619 19 240
1620 19 241
1621 19 242
1622 19 243
1623 19 245
1624 19 246
1625 19 247
1626 19 248
1627 19 249
1628 20 21
1629 20 22
1630 20 23
1631 20 24
1632 20 25
1633 20 126
1634 20 127
1635 20 128
1636 20 129
1637 20 130
1638 20 131
1639 20 132
1640 20 133
1641 20 134
1642 20 136
1643 20 137
1644 20 138
1645 20 139
1646 20 140
1647 20 141
1648 20 142
1649 20 143
1650 20 144
1651 20 145
1652 20 146
1653 20 149
1654 20 150
1655 20 201
1656 20 203
1657 20 204
1658 20 207
1659 20 210
1660 20 212
1661 20 214
1662 20 215
1663 20 216
1664 20 217
1665 20 218
1666 20 219
1667 20 221
1668 20 222
1669 20 223
1670 21 22
1671 21 23
1672 21 24
1673 21 25
1674 21 126
1675 21 127
1676 21 128
1677 21 129
1678 21 130
1679 21 131
1680 21 132
1681 21 133
1682 21 134
1683 21 135
1684 21 136
1685 21 137
1686 21 138
1687 21 139
1688 21 140
1689 21 141
1690 21 142
1691 21 143
1692 21 144
1693 21 145
1694 21 146
1695 21 147
1696 21 148
1697 21 149
1698 21 150
1699 21 201
1700 21 202
1701 21 203
1702 21 204
1703 21 205
1704 21 207
1705 21 209
1706 21 210
1707 21 211
1708 21 212
1709 21 213
1710 21 214
1711 21 215
1712 21 216
1713 21 217
1714 21 218
1715 21 220
1716 21 221
1717 21 222
1718 21 223
1719 21 224
1720 21 226
1721 21 227
1722 21 228
1723 21 230
1724 21 231
1725 21 232
1726 21 233
1727 21 234
1728 21 235
1729 21 236
1730 21 237
1731 21 238
1732 21 239
1733 21 240
1734 21 241
1735 21 242
1736 21 243
1737 21 244
1738 21 245
1739 21 246
1740 21 247
1741 21 248
1742 21 249
1743 21 250
1744 22 23
1745 22 24
1746 22 25
1747 22 126
1748 22 128
1749 22 129
1750 22 130
1751 22 131
1752 22 132
1753 22 133
1754 22 134
1755 22 136
1756 22 139
1757 22 140
1758 22 142
1759 22 143
1760 22 144
1761 22 145
1762 22 149
1763 22 150
1764 22 201
1765 22 202
1766 22 203
1767 22 204
1768 22 209
1769 22 212
1770 22 217
1771 22 219
1772 22 221
1773 22 222
1774 22 223
1775 23 24
1776 23 25
1777 23 126
1778 23 127
1779 23 128
1780 23 129
1781 23 130
1782 23 131
1783 23 132
1784 23 133
1785 23 134
1786 23 135
1787 23 136
1788 23 137
1789 23 138
1790 23 139
1791 23 140
1792 23 141
1793 23 142
1794 23 143
1795 23 144
1796 23 145
1797 23 146
1798 23 147
1799 23 148
1800 23 149
1801 23 150
1802 23 201
1803 23 202
1804 23 203
1805 23 204
1806 23 205
1807 23 206
1808 23 207
1809 23 208
1810 23 209
1811 23 210
1812 23 211
1813 23 212
1814 23 213
1815 23 214
1816 23 215
1817 23 216
1818 23 217
1819 23 218
1820 23 219
1821 23 220
1822 23 221
1823 23 222
1824 23 223
1825 23 224
1826 23 225
1827 23 226
1828 23 228
1829 23 230
1830 23 231
1831 23 232
1832 23 233
1833 23 234
1834 23 235
1835 23 237
1836 23 238
1837 23 239
1838 23 241
1839 23 243
1840 23 244
1841 23 245
1842 23 246
1843 23 247
1844 23 249
1845 23 250
1846 24 25
1847 24 126
1848 24 127
1849 24 128
1850 24 129
1851 24 130
1852 24 131
1853 24 132
1854 24 133
1855 24 134
1856 24 135
1857 24 136
1858 24 137
1859 24 138
1860 24 139
1861 24 140
1862 24 141
1863 24 142
1864 24 143
1865 24 144
1866 24 145
1867 24 146
1868 24 147
1869 24 148
1870 24 149
1871 24 150
1872 24 201
1873 24 202
1874 24 203
1875 24 204
1876 24 205
1877 24 207
1878 24 208
1879 24 209
1880 24 210
1881 24 211
1882 24 212
1883 24 213
1884 24 214
1885 24 215
1886 24 216
1887 24 217
1888 24 218
1889 24 219
1890 24 220
1891 24 221
1892 24 222
1893 24 223
1894 24 224
1895 24 225
1896 24 226
1897 24 227
1898 24 228
1899 24 229
1900 24 230
1901 24 231
1902 24 232
1903 24 233
1904 24 234
1905 24 235
1906 24 237
1907 24 238
1908 24 239
1909 24 240
1910 24 241
1911 24 242
1912 24 243
1913 24 244
1914 24 245
1915 24 246
1916 24 247
1917 24 248
1918 24 249
1919 24 250
1920 25 126
1921 25 127
1922 25 128
1923 25 129
1924 25 130
1925 25 131
1926 25 132
1927 25 133
1928 25 134
1929 25 135
1930 25 136
1931 25 137
1932 25 138
1933 25 139
1934 25 140
1935 25 141
1936 25 142
1937 25 143
1938 25 144
1939 25 145
1940 25 146
1941 25 147
1942 25 148
1943 25 149
1944 25 150
1945 25 201
1946 25 202
1947 25 203
1948 25 204
1949 25 205
1950 25 207
1951 25 208
1952 25 209
1953 25 210
1954 25 211
1955 25 212
1956 25 213
1957 25 214
1958 25 215
1959 25 216
1960 25 217
1961 25 218
1962 25 219
1963 25 220
1964 25 221
1965 25 222
1966 25 223
1967 25 224
1968 25 225
1969 25 226
1970 25 227
1971 25 228
1972 25 229
1973 25 230
1974 25 231
1975 25 232
1976 25 233
1977 25 234
1978 25 235
1979 25 237
1980 25 238
1981 25 239
1982 25 240
1983 25 241
1984 25 242
1985 25 243
1986 25 244
1987 25 245
1988 25 246
1989 25 247
1990 25 248
1991 25 249
1992 25 250
1993 26 27
1994 26 29
1995 26 31
1996 26 32
1997 26 33
1998 26 34
1999 26 35
2000 26 37
2001 26 38
2002 26 39
2003 26 41
2004 26 42
2005 26 43
2006 26 44
2007 26 45
2008 26 46
2009 26 47
2010 26 48
2011 26 49
2012 26 50
2013 26 88
2014 26 92
2015 26 93
2016 27 28
2017 27 29
2018 27 31
2019 27 32
2020 27 33
2021 27 34
2022 27 35
2023 27 36
2024 27 37
2025 27 38
2026 27 39
2027 27 41
2028 27 42
2029 27 43
2030 27 44
2031 27 45
2032 27 46
2033 27 47
2034 27 48
2035 27 49
2036 27 50
2037 28 29
2038 28 31
2039 28 33
2040 28 34
2041 28 35
2042 28 37
2043 28 38
2044 28 40
2045 28 42
2046 28 44
2047 28 45
2048 28 46
2049 28 47
2050 28 48
2051 28 49
2052 28 50
2053 28 84
2054 28 99
2055 29 31
2056 29 32
2057 29 33
2058 29 34
2059 29 35
2060 29 37
2061 29 38
2062 29 40
2063 29 42
2064 29 44
2065 29 45
2066 29 46
2067 29 47
2068 29 48
2069 29 49
2070 29 50
2071 29 80
2072 29 88
2073 30 32
2074 30 44
2075 30 90
2076 31 32
2077 31 33
2078 31 34
2079 31 35
2080 31 36
2081 31 37
2082 31 38
2083 31 39
2084 31 40
2085 31 41
2086 31 42
2087 31 43
2088 31 44
2089 31 45
2090 31 46
2091 31 47
2092 31 48
2093 31 49
2094 31 50
2095 31 84
2096 31 88
2097 31 89
2098 31 99
2099 32 33
2100 32 34
2101 32 35
2102 32 36
2103 32 37
2104 32 38
2105 32 39
2106 32 40
2107 32 42
2108 32 44
2109 32 45
2110 32 46
2111 32 47
2112 32 48
2113 32 49
2114 32 50
2115 33 34
2116 33 35
2117 33 36
2118 33 37
2119 33 38
2120 33 39
2121 33 41
2122 33 42
2123 33 43
2124 33 44
2125 33 45
2126 33 46
2127 33 47
2128 33 48
2129 33 49
2130 33 50
2131 33 84
2132 33 91
2133 33 92
2134 33 93
2135 34 35
2136 34 36
2137 34 37
2138 34 38
2139 34 39
2140 34 41
2141 34 42
2142 34 43
2143 34 44
2144 34 45
2145 34 46
2146 34 47
2147 34 48
2148 34 49
2149 34 50
2150 34 93
2151 35 36
2152 35 37
2153 35 38
2154 35 39
2155 35 41
2156 35 42
2157 35 43
2158 35 44
2159 35 45
2160 35 46
2161 35 47
2162 35 48
2163 35 49
2164 35 50
2165 35 80
2166 35 84
2167 35 88
2168 35 89
2169 35 91
2170 35 92
2171 35 93
2172 36 37
2173 36 38
2174 36 39
2175 36 41
2176 36 42
2177 36 43
2178 36 44
2179 36 45
2180 36 48
2181 36 49
2182 36 50
2183 37 38
2184 37 39
2185 37 41
2186 37 42
2187 37 43
2188 37 44
2189 37 45
2190 37 46
2191 37 47
2192 37 48
2193 37 49
2194 37 50
2195 37 84
2196 37 91
2197 37 92
2198 37 93
2199 38 39
2200 38 41
2201 38 42
2202 38 43
2203 38 44
2204 38 45
2205 38 46
2206 38 47
2207 38 48
2208 38 49
2209 38 50
2210 38 84
2211 38 91
2212 38 92
2213 38 93
2214 39 40
2215 39 41
2216 39 42
2217 39 43
2218 39 44
2219 39 45
2220 39 46
2221 39 48
2222 39 49
2223 39 50
2224 40 44
2225 40 45
2226 40 46
2227 40 47
2228 40 48
2229 40 50
2230 41 42
2231 41 43
2232 41 44
2233 41 45
2234 41 46
2235 41 49
2236 41 50
2237 41 92
2238 42 43
2239 42 44
2240 42 45
2241 42 46
2242 42 47
2243 42 48
2244 42 49
2245 42 50
2246 42 92
2247 43 44
2248 43 45
2249 43 46
2250 43 48
2251 43 49
2252 43 50
2253 44 45
2254 44 46
2255 44 47
2256 44 48
2257 44 49
2258 44 50
2259 44 80
2260 44 84
2261 44 88
2262 44 90
2263 44 91
2264 44 92
2265 44 93
2266 44 99
2267 45 46
2268 45 47
2269 45 48
2270 45 49
2271 45 50
2272 45 84
2273 45 89
2274 45 98
2275 45 99
2276 46 47
2277 46 48
2278 46 49
2279 46 50
2280 46 84
2281 47 48
2282 47 49
2283 47 50
2284 47 80
2285 47 84
2286 47 88
2287 47 89
2288 47 90
2289 47 93
2290 47 99
2291 48 49
2292 48 50
2293 48 93
2294 49 50
2295 49 92
2296 50 91
2297 50 92
2298 51 52
2299 51 53
2300 51 54
2301 51 55
2302 51 56
2303 51 57
2304 51 58
2305 51 59
2306 51 60
2307 51 61
2308 51 62
2309 51 63
2310 51 64
2311 51 65
2312 51 66
2313 51 67
2314 51 68
2315 51 69
2316 51 70
2317 51 71
2318 51 72
2319 51 73
2320 51 74
2321 51 75
2322 51 180
2323 51 185
2324 51 189
2325 51 192
2326 51 197
2327 51 198
2328 51 234
2329 52 53
2330 52 54
2331 52 55
2332 52 56
2333 52 57
2334 52 58
2335 52 59
2336 52 60
2337 52 61
2338 52 62
2339 52 63
2340 52 64
2341 52 65
2342 52 66
2343 52 67
2344 52 68
2345 52 69
2346 52 70
2347 52 71
2348 52 72
2349 52 73
2350 52 74
2351 52 75
2352 52 105
2353 52 106
2354 52 108
2355 52 109
2356 52 112
2357 52 114
2358 52 115
2359 52 116
2360 52 117
2361 52 118
2362 52 123
2363 52 125
2364 52 153
2365 52 160
2366 52 165
2367 52 185
2368 52 234
2369 53 54
2370 53 55
2371 53 56
2372 53 57
2373 53 58
2374 53 59
2375 53 60
2376 53 61
2377 53 62
2378 53 63
2379 53 64
2380 53 65
2381 53 66
2382 53 67
2383 53 68
2384 53 69
2385 53 70
2386 53 71
2387 53 72
2388 53 73
2389 53 74
2390 53 75
2391 53 229
2392 53 234
2393 54 55
2394 54 56
2395 54 57
2396 54 58
2397 54 59
2398 54 60
2399 54 61
2400 54 62
2401 54 63
2402 54 64
2403 54 65
2404 54 66
2405 54 67
2406 54 68
2407 54 69
2408 54 70
2409 54 71
2410 54 72
2411 54 73
2412 54 74
2413 54 75
2414 54 106
2415 54 185
2416 54 189
2417 54 192
2418 54 198
2419 55 56
2420 55 57
2421 55 58
2422 55 59
2423 55 60
2424 55 61
2425 55 62
2426 55 63
2427 55 64
2428 55 65
2429 55 66
2430 55 67
2431 55 68
2432 55 69
2433 55 70
2434 55 71
2435 55 72
2436 55 73
2437 55 74
2438 55 75
2439 55 176
2440 55 229
2441 55 234
2442 55 245
2443 56 57
2444 56 58
2445 56 59
2446 56 60
2447 56 61
2448 56 62
2449 56 63
2450 56 64
2451 56 65
2452 56 66
2453 56 68
2454 56 69
2455 56 70
2456 56 71
2457 56 72
2458 56 73
2459 56 74
2460 56 75
2461 56 226
2462 56 227
2463 56 229
2464 56 234
2465 56 245
2466 56 250
2467 57 58
2468 57 59
2469 57 60
2470 57 61
2471 57 62
2472 57 63
2473 57 64
2474 57 65
2475 57 66
2476 57 67
2477 57 68
2478 57 69
2479 57 70
2480 57 71
2481 57 72
2482 57 73
2483 57 74
2484 57 75
2485 57 106
2486 57 108
2487 57 109
2488 57 112
2489 57 114
2490 57 116
2491 57 117
2492 57 118
2493 57 123
2494 57 125
2495 57 185
2496 57 189
2497 57 192
2498 57 198
2499 57 229
2500 57 234
2501 58 59
2502 58 60
2503 58 61
2504 58 62
2505 58 63
2506 58 64
2507 58 65
2508 58 66
2509 58 67
2510 58 68
2511 58 69
2512 58 70
2513 58 71
2514 58 72
2515 58 73
2516 58 74
2517 58 75
2518 58 102
2519 58 108
2520 58 109
2521 58 111
2522 58 112
2523 58 114
2524 58 115
2525 58 116
2526 58 117
2527 58 118
2528 58 123
2529 58 125
2530 58 153
2531 58 158
2532 58 160
2533 58 164
2534 58 169
2535 58 171
2536 58 185
2537 58 189
2538 58 192
2539 58 198
2540 59 60
2541 59 61
2542 59 62
2543 59 63
2544 59 64
2545 59 65
2546 59 66
2547 59 67
2548 59 68
2549 59 69
2550 59 70
2551 59 71
2552 59 72
2553 59 73
2554 59 74
2555 59 75
2556 59 107
2557 59 108
2558 59 109
2559 59 112
2560 59 114
2561 59 116
2562 59 117
2563 59 118
2564 59 121
2565 59 123
2566 59 125
2567 59 153
2568 59 158
2569 59 160
2570 59 164
2571 59 169
2572 59 171
2573 59 185
2574 59 189
2575 59 192
2576 59 198
2577 60 61
2578 60 62
2579 60 63
2580 60 64
2581 60 65
2582 60 66
2583 60 67
2584 60 68
2585 60 69
2586 60 70
2587 60 71
2588 60 72
2589 60 73
2590 60 74
2591 60 75
2592 60 106
2593 60 108
2594 60 109
2595 60 112
2596 60 114
2597 60 116
2598 60 117
2599 60 118
2600 60 123
2601 60 125
2602 60 185
2603 60 189
2604 60 192
2605 60 198
2606 60 229
2607 60 234
2608 61 62
2609 61 63
2610 61 64
2611 61 65
2612 61 66
2613 61 67
2614 61 68
2615 61 69
2616 61 70
2617 61 71
2618 61 72
2619 61 73
2620 61 74
2621 61 75
2622 61 107
2623 61 108
2624 61 109
2625 61 112
2626 61 114
2627 61 116
2628 61 117
2629 61 118
2630 61 121
2631 61 123
2632 61 125
2633 62 63
2634 62 64
2635 62 65
2636 62 66
2637 62 67
2638 62 68
2639 62 69
2640 62 70
2641 62 71
2642 62 72
2643 62 73
2644 62 74
2645 62 75
2646 62 180
2647 62 185
2648 62 189
2649 62 192
2650 62 197
2651 62 229
2652 62 234
2653 63 64
2654 63 65
2655 63 66
2656 63 67
2657 63 68
2658 63 69
2659 63 70
2660 63 71
2661 63 72
2662 63 73
2663 63 74
2664 63 75
2665 63 108
2666 63 109
2667 63 112
2668 63 113
2669 63 114
2670 63 116
2671 63 117
2672 63 118
2673 63 123
2674 63 124
2675 63 125
2676 64 65
2677 64 66
2678 64 67
2679 64 68
2680 64 69
2681 64 70
2682 64 71
2683 64 72
2684 64 73
2685 64 74
2686 64 75
2687 64 229
2688 64 234
2689 65 66
2690 65 67
2691 65 68
2692 65 69
2693 65 70
2694 65 71
2695 65 72
2696 65 73
2697 65 74
2698 65 75
2699 65 180
2700 65 185
2701 65 197
2702 65 229
2703 65 234
2704 66 67
2705 66 68
2706 66 69
2707 66 70
2708 66 71
2709 66 72
2710 66 73
2711 66 74
2712 66 75
2713 66 185
2714 66 234
2715 67 68
2716 67 69
2717 67 70
2718 67 71
2719 67 72
2720 67 73
2721 67 74
2722 67 75
2723 67 107
2724 67 108
2725 67 109
2726 67 112
2727 67 114
2728 67 116
2729 67 117
2730 67 118
2731 67 121
2732 67 123
2733 67 125
2734 67 153
2735 67 158
2736 67 160
2737 67 164
2738 67 169
2739 67 171
2740 68 69
2741 68 70
2742 68 71
2743 68 72
2744 68 73
2745 68 74
2746 68 75
2747 68 237
2748 69 70
2749 69 71
2750 69 72
2751 69 73
2752 69 74
2753 69 75
2754 69 105
2755 69 106
2756 69 108
2757 69 109
2758 69 112
2759 69 114
2760 69 115
2761 69 116
2762 69 117
2763 69 118
2764 69 123
2765 69 125
2766 69 153
2767 69 160
2768 69 161
2769 69 165
2770 70 71
2771 70 72
2772 70 73
2773 70 74
2774 70 75
2775 70 185
2776 70 189
2777 70 192
2778 70 198
2779 70 229
2780 70 234
2781 71 72
2782 71 73
2783 71 74
2784 71 75
2785 71 102
2786 71 106
2787 71 107
2788 71 108
2789 71 109
2790 71 111
2791 71 112
2792 71 113
2793 71 114
2794 71 115
2795 71 116
2796 71 117
2797 71 118
2798 71 119
2799 71 120
2800 71 121
2801 71 123
2802 71 124
2803 71 125
2804 71 153
2805 71 158
2806 71 160
2807 71 164
2808 71 169
2809 71 171
2810 72 73
2811 72 74
2812 72 75
2813 72 180
2814 72 185
2815 72 189
2816 72 192
2817 72 197
2818 72 198
2819 72 229
2820 72 234
2821 72 245
2822 73 74
2823 73 75
2824 73 102
2825 73 106
2826 73 107
2827 73 108
2828 73 109
2829 73 111
2830 73 112
2831 73 113
2832 73 114
2833 73 115
2834 73 116
2835 73 117
2836 73 118
2837 73 119
2838 73 120
2839 73 121
2840 73 123
2841 73 124
2842 73 125
2843 73 153
2844 73 158
2845 73 160
2846 73 164
2847 73 169
2848 73 171
2849 74 75
2850 74 102
2851 74 104
2852 74 106
2853 74 107
2854 74 108
2855 74 109
2856 74 111
2857 74 112
2858 74 113
2859 74 114
2860 74 115
2861 74 116
2862 74 117
2863 74 118
2864 74 119
2865 74 120
2866 74 121
2867 74 123
2868 74 124
2869 74 125
2870 74 153
2871 74 158
2872 74 160
2873 74 164
2874 74 169
2875 74 171
2876 75 108
2877 75 109
2878 75 112
2879 75 114
2880 75 116
2881 75 117
2882 75 118
2883 75 120
2884 75 123
2885 75 125
2886 76 78
2887 76 79
2888 76 80
2889 76 81
2890 76 82
2891 76 84
2892 76 85
2893 76 86
2894 76 87
2895 76 88
2896 76 89
2897 76 90
2898 76 91
2899 76 92
2900 76 93
2901 76 95
2902 76 96
2903 76 97
2904 76 98
2905 76 99
2906 76 100
2907 76 208
2908 76 211
2909 76 214
2910 76 225
2911 77 79
2912 77 80
2913 77 81
2914 77 83
2915 77 84
2916 77 86
2917 77 87
2918 77 88
2919 77 96
2920 77 97
2921 77 99
2922 77 100
2923 77 126
2924 77 202
2925 77 204
2926 77 208
2927 77 210
2928 77 211
2929 77 212
2930 77 216
2931 77 225
2932 78 79
2933 78 80
2934 78 81
2935 78 82
2936 78 84
2937 78 86
2938 78 87
2939 78 88
2940 78 89
2941 78 91
2942 78 92
2943 78 94
2944 78 96
2945 78 97
2946 78 98
2947 78 99
2948 78 100
2949 78 147
2950 78 208
2951 78 211
2952 78 214
2953 79 80
2954 79 81
2955 79 82
2956 79 84
2957 79 85
2958 79 86
2959 79 87
2960 79 88
2961 79 89
2962 79 90
2963 79 91
2964 79 92
2965 79 93
2966 79 94
2967 79 95
2968 79 96
2969 79 97
2970 79 98
2971 79 99
2972 79 100
2973 79 138
2974 79 141
2975 79 147
2976 79 148
2977 79 195
2978 79 208
2979 79 210
2980 79 211
2981 79 214
2982 79 225
2983 79 248
2984 80 81
2985 80 82
2986 80 84
2987 80 85
2988 80 86
2989 80 87
2990 80 88
2991 80 89
2992 80 90
2993 80 91
2994 80 92
2995 80 93
2996 80 95
2997 80 96
2998 80 97
2999 80 98
3000 80 99
3001 80 100
3002 80 140
3003 80 141
3004 80 147
3005 80 148
3006 80 208
3007 80 214
3008 80 225
3009 81 82
3010 81 84
3011 81 85
3012 81 86
3013 81 87
3014 81 88
3015 81 89
3016 81 90
3017 81 91
3018 81 92
3019 81 93
3020 81 94
3021 81 95
3022 81 96
3023 81 97
3024 81 98
3025 81 99
3026 81 100
3027 81 126
3028 81 141
3029 81 147
3030 81 148
3031 81 195
3032 81 205
3033 81 208
3034 81 210
3035 81 214
3036 81 225
3037 81 248
3038 82 84
3039 82 85
3040 82 86
3041 82 87
3042 82 88
3043 82 89
3044 82 90
3045 82 91
3046 82 92
3047 82 93
3048 82 95
3049 82 96
3050 82 97
3051 82 98
3052 82 99
3053 82 100
3054 82 208
3055 82 211
3056 82 214
3057 83 87
3058 83 97
3059 83 205
3060 84 85
3061 84 86
3062 84 87
3063 84 88
3064 84 89
3065 84 90
3066 84 91
3067 84 92
3068 84 93
3069 84 95
3070 84 96
3071 84 97
3072 84 98
3073 84 99
3074 84 100
3075 84 138
3076 84 141
3077 84 147
3078 84 198
3079 84 208
3080 84 214
3081 84 225
3082 85 86
3083 85 88
3084 85 89
3085 85 90
3086 85 91
3087 85 92
3088 85 93
3089 85 95
3090 85 97
3091 85 98
3092 85 99
3093 86 87
3094 86 88
3095 86 89
3096 86 90
3097 86 91
3098 86 92
3099 86 93
3100 86 94
3101 86 95
3102 86 96
3103 86 97
3104 86 98
3105 86 99
3106 86 100
3107 86 127
3108 86 138
3109 86 140
3110 86 141
3111 86 147
3112 86 205
3113 86 207
3114 86 208
3115 86 214
3116 86 225
3117 87 88
3118 87 90
3119 87 94
3120 87 95
3121 87 96
3122 87 97
3123 87 98
3124 87 99
3125 87 100
3126 87 126
3127 87 128
3128 87 140
3129 87 141
3130 87 148
3131 87 202
3132 87 205
3133 87 208
3134 87 210
3135 87 211
3136 87 213
3137 88 89
3138 88 90
3139 88 91
3140 88 92
3141 88 93
3142 88 95
3143 88 96
3144 88 97
3145 88 98
3146 88 99
3147 88 100
3148 88 140
3149 88 208
3150 88 214
3151 88 225
3152 89 90
3153 89 91
3154 89 92
3155 89 93
3156 89 95
3157 89 96
3158 89 97
3159 89 98
3160 89 99
3161 89 100
3162 89 214
3163 90 91
3164 90 92
3165 90 93
3166 90 95
3167 90 96
3168 90 97
3169 90 98
3170 90 99
3171 90 100
3172 90 188
3173 91 92
3174 91 93
3175 91 95
3176 91 96
3177 91 97
3178 91 98
3179 91 99
3180 91 100
3181 91 198
3182 91 214
3183 92 93
3184 92 95
3185 92 97
3186 92 98
3187 92 99
3188 92 100
3189 93 95
3190 93 97
3191 93 98
3192 93 99
3193 93 100
3194 93 214
3195 93 225
3196 94 96
3197 94 97
3198 95 96
3199 95 97
3200 95 98
3201 95 99
3202 95 100
3203 95 225
3204 96 97
3205 96 98
3206 96 99
3207 96 100
3208 96 138
3209 96 141
3210 96 147
3211 96 148
3212 96 205
3213 96 208
3214 96 211
3215 96 214
3216 96 217
3217 97 98
3218 97 99
3219 97 100
3220 97 126
3221 97 141
3222 97 147
3223 97 148
3224 97 195
3225 97 208
3226 97 210
3227 97 211
3228 97 214
3229 97 225
3230 98 99
3231 98 100
3232 98 214
3233 99 100
3234 99 138
3235 99 208
3236 99 211
3237 99 214
3238 100 138
3239 100 147
3240 100 214
3241 101 102
3242 101 105
3243 101 106
3244 101 107
3245 101 108
3246 101 109
3247 101 111
3248 101 112
3249 101 113
3250 101 114
3251 101 115
3252 101 116
3253 101 117
3254 101 118
3255 101 119
3256 101 120
3257 101 121
3258 101 123
3259 101 124
3260 101 125
3261 101 153
3262 101 158
3263 101 160
3264 101 163
3265 101 164
3266 101 166
3267 101 167
3268 101 169
3269 101 171
3270 102 104
3271 102 105
3272 102 106
3273 102 107
3274 102 108
3275 102 109
3276 102 111
3277 102 112
3278 102 113
3279 102 114
3280 102 115
3281 102 116
3282 102 117
3283 102 118
3284 102 119
3285 102 120
3286 102 121
3287 102 123
3288 102 124
3289 102 125
3290 102 153
3291 102 155
3292 102 158
3293 102 160
3294 102 163
3295 102 164
3296 102 165
3297 102 166
3298 102 167
3299 102 169
3300 102 170
3301 102 171
3302 103 104
3303 103 105
3304 103 106
3305 103 107
3306 103 108
3307 103 109
3308 103 111
3309 103 112
3310 103 113
3311 103 114
3312 103 116
3313 103 117
3314 103 118
3315 103 119
3316 103 121
3317 103 122
3318 103 123
3319 103 124
3320 103 125
3321 103 151
3322 103 159
3323 103 168
3324 103 175
3325 104 105
3326 104 106
3327 104 107
3328 104 108
3329 104 109
3330 104 111
3331 104 112
3332 104 113
3333 104 114
3334 104 115
3335 104 116
3336 104 117
3337 104 118
3338 104 119
3339 104 120
3340 104 121
3341 104 122
3342 104 123
3343 104 124
3344 104 125
3345 105 106
3346 105 107
3347 105 108
3348 105 109
3349 105 111
3350 105 112
3351 105 113
3352 105 114
3353 105 115
3354 105 116
3355 105 117
3356 105 118
3357 105 119
3358 105 120
3359 105 121
3360 105 122
3361 105 123
3362 105 124
3363 105 125
3364 105 153
3365 105 155
3366 105 158
3367 105 160
3368 105 161
3369 105 164
3370 105 165
3371 105 166
3372 105 174
3373 106 107
3374 106 108
3375 106 109
3376 106 110
3377 106 111
3378 106 112
3379 106 113
3380 106 114
3381 106 115
3382 106 116
3383 106 117
3384 106 118
3385 106 119
3386 106 120
3387 106 121
3388 106 122
3389 106 123
3390 106 124
3391 106 125
3392 106 155
3393 106 161
3394 107 108
3395 107 109
3396 107 111
3397 107 112
3398 107 113
3399 107 114
3400 107 115
3401 107 116
3402 107 117
3403 107 118
3404 107 119
3405 107 120
3406 107 121
3407 107 123
3408 107 124
3409 107 125
3410 107 153
3411 107 155
3412 107 158
3413 107 160
3414 107 163
3415 107 164
3416 107 165
3417 107 166
3418 107 167
3419 107 169
3420 107 170
3421 107 171
3422 108 109
3423 108 111
3424 108 112
3425 108 113
3426 108 114
3427 108 115
3428 108 116
3429 108 117
3430 108 118
3431 108 119
3432 108 120
3433 108 121
3434 108 123
3435 108 124
3436 108 125
3437 108 152
3438 108 153
3439 108 155
3440 108 157
3441 108 158
3442 108 160
3443 108 163
3444 108 164
3445 108 165
3446 108 166
3447 108 167
3448 108 169
3449 108 170
3450 108 171
3451 109 111
3452 109 112
3453 109 113
3454 109 114
3455 109 115
3456 109 116
3457 109 117
3458 109 118
3459 109 119
3460 109 120
3461 109 121
3462 109 122
3463 109 123
3464 109 124
3465 109 125
3466 109 153
3467 109 155
3468 109 158
3469 109 160
3470 109 163
3471 109 164
3472 109 165
3473 109 166
3474 109 167
3475 109 169
3476 109 170
3477 109 171
3478 110 117
3479 110 122
3480 110 124
3481 111 112
3482 111 113
3483 111 114
3484 111 115
3485 111 116
3486 111 117
3487 111 118
3488 111 119
3489 111 120
3490 111 121
3491 111 123
3492 111 124
3493 111 125
3494 111 153
3495 111 155
3496 111 158
3497 111 160
3498 111 163
3499 111 164
3500 111 165
3501 111 166
3502 111 167
3503 111 169
3504 111 170
3505 111 171
3506 112 113
3507 112 114
3508 112 115
3509 112 116
3510 112 117
3511 112 118
3512 112 119
3513 112 120
3514 112 121
3515 112 122
3516 112 123
3517 112 124
3518 112 125
3519 112 153
3520 112 155
3521 112 158
3522 112 160
3523 112 163
3524 112 164
3525 112 165
3526 112 166
3527 112 167
3528 112 169
3529 112 170
3530 112 171
3531 113 114
3532 113 115
3533 113 116
3534 113 117
3535 113 118
3536 113 119
3537 113 120
3538 113 121
3539 113 122
3540 113 123
3541 113 124
3542 113 125
3543 113 153
3544 113 158
3545 113 160
3546 113 163
3547 113 164
3548 113 166
3549 113 167
3550 114 115
3551 114 116
3552 114 117
3553 114 118
3554 114 119
3555 114 120
3556 114 121
3557 114 122
3558 114 123
3559 114 124
3560 114 125
3561 114 153
3562 114 158
3563 114 160
3564 114 164
3565 115 116
3566 115 117
3567 115 118
3568 115 119
3569 115 120
3570 115 121
3571 115 123
3572 115 124
3573 115 125
3574 115 153
3575 115 155
3576 115 158
3577 115 160
3578 115 163
3579 115 164
3580 115 165
3581 115 166
3582 115 167
3583 115 169
3584 115 170
3585 115 171
3586 116 117
3587 116 118
3588 116 119
3589 116 120
3590 116 121
3591 116 123
3592 116 124
3593 116 125
3594 116 153
3595 116 155
3596 116 158
3597 116 160
3598 116 163
3599 116 164
3600 116 165
3601 116 166
3602 116 167
3603 116 169
3604 116 170
3605 116 171
3606 117 118
3607 117 119
3608 117 120
3609 117 121
3610 117 122
3611 117 123
3612 117 124
3613 117 125
3614 117 153
3615 117 155
3616 117 158
3617 117 160
3618 117 163
3619 117 164
3620 117 165
3621 117 166
3622 117 167
3623 117 169
3624 117 170
3625 117 171
3626 118 119
3627 118 120
3628 118 121
3629 118 122
3630 118 123
3631 118 124
3632 118 125
3633 118 152
3634 118 153
3635 118 155
3636 118 157
3637 118 158
3638 118 160
3639 118 163
3640 118 164
3641 118 165
3642 118 166
3643 118 167
3644 118 169
3645 118 170
3646 118 171
3647 118 174
3648 119 120
3649 119 121
3650 119 122
3651 119 123
3652 119 124
3653 119 125
3654 119 153
3655 119 158
3656 119 160
3657 119 164
3658 119 170
3659 120 121
3660 120 123
3661 120 124
3662 120 125
3663 121 123
3664 121 124
3665 121 125
3666 121 151
3667 121 152
3668 121 153
3669 121 155
3670 121 158
3671 121 159
3672 121 160
3673 121 161
3674 121 163
3675 121 164
3676 121 165
3677 121 166
3678 121 167
3679 121 169
3680 121 170
3681 121 171
3682 122 124
3683 122 125
3684 123 124
3685 123 125
3686 123 153
3687 123 158
3688 123 160
3689 123 164
3690 123 167
3691 123 169
3692 123 171
3693 124 125
3694 124 153
3695 124 158
3696 124 160
3697 124 163
3698 124 164
3699 124 166
3700 124 167
3701 125 153
3702 125 155
3703 125 158
3704 125 160
3705 125 163
3706 125 164
3707 125 165
3708 125 166
3709 125 167
3710 125 169
3711 125 170
3712 125 171
3713 126 127
3714 126 128
3715 126 129
3716 126 130
3717 126 131
3718 126 132
3719 126 133
3720 126 134
3721 126 135
3722 126 136
3723 126 137
3724 126 138
3725 126 139
3726 126 140
3727 126 141
3728 126 142
3729 126 143
3730 126 144
3731 126 145
3732 126 146
3733 126 147
3734 126 148
3735 126 149
3736 126 150
3737 126 179
3738 126 183
3739 126 190
3740 126 194
3741 126 199
3742 126 202
3743 126 203
3744 126 204
3745 126 205
3746 126 206
3747 126 208
3748 126 209
3749 126 210
3750 126 211
3751 126 212
3752 126 213
3753 126 214
3754 126 215
3755 126 216
3756 126 219
3757 126 220
3758 126 221
3759 126 223
3760 126 224
3761 126 225
3762 126 226
3763 126 227
3764 126 228
3765 126 229
3766 126 230
3767 126 231
3768 126 232
3769 126 233
3770 126 234
3771 126 235
3772 126 236
3773 126 237
3774 126 238
3775 126 239
3776 126 240
3777 126 241
3778 126 242
3779 126 243
3780 126 244
3781 126 245
3782 126 246
3783 126 247
3784 126 248
3785 126 249
3786 126 250
3787 127 128
3788 127 129
3789 127 130
3790 127 131
3791 127 132
3792 127 133
3793 127 134
3794 127 135
3795 127 136
3796 127 137
3797 127 138
3798 127 139
3799 127 140
3800 127 141
3801 127 142
3802 127 143
3803 127 144
3804 127 145
3805 127 146
3806 127 147
3807 127 148
3808 127 149
3809 127 150
3810 127 202
3811 127 203
3812 127 205
3813 127 206
3814 127 207
3815 127 208
3816 127 209
3817 127 210
3818 127 211
3819 127 212
3820 127 213
3821 127 214
3822 127 215
3823 127 216
3824 127 217
3825 127 218
3826 127 219
3827 127 220
3828 127 221
3829 127 223
3830 127 226
3831 127 227
3832 127 228
3833 127 229
3834 127 230
3835 127 231
3836 127 232
3837 127 233
3838 127 234
3839 127 235
3840 127 236
3841 127 237
3842 127 238
3843 127 239
3844 127 240
3845 127 241
3846 127 242
3847 127 243
3848 127 244
3849 127 245
3850 127 246
3851 127 247
3852 127 248
3853 127 249
3854 127 250
3855 128 129
3856 128 130
3857 128 131
3858 128 132
3859 128 133
3860 128 134
3861 128 135
3862 128 136
3863 128 137
3864 128 138
3865 128 139
3866 128 140
3867 128 141
3868 128 142
3869 128 143
3870 128 144
3871 128 145
3872 128 146
3873 128 147
3874 128 148
3875 128 149
3876 128 150
3877 128 201
3878 128 202
3879 128 203
3880 128 208
3881 128 209
3882 128 210
3883 128 211
3884 128 212
3885 128 213
3886 128 214
3887 128 215
3888 128 216
3889 128 217
3890 128 221
3891 128 223
3892 128 226
3893 128 227
3894 128 228
3895 128 229
3896 128 230
3897 128 231
3898 128 232
3899 128 233
3900 128 234
3901 128 235
3902 128 236
3903 128 237
3904 128 238
3905 128 239
3906 128 240
3907 128 241
3908 128 242
3909 128 243
3910 128 245
3911 128 246
3912 128 247
3913 128 248
3914 128 249
3915 128 250
3916 129 130
3917 129 131
3918 129 132
3919 129 133
3920 129 134
3921 129 135
3922 129 136
3923 129 137
3924 129 138
3925 129 139
3926 129 140
3927 129 141
3928 129 142
3929 129 143
3930 129 144
3931 129 145
3932 129 146
3933 129 147
3934 129 148
3935 129 149
3936 129 150
3937 129 201
3938 129 202
3939 129 203
3940 129 204
3941 129 205
3942 129 207
3943 129 208
3944 129 209
3945 129 210
3946 129 211
3947 129 212
3948 129 213
3949 129 214
3950 129 215
3951 129 216
3952 129 217
3953 129 219
3954 129 221
3955 129 223
3956 129 224
3957 129 225
3958 129 226
3959 129 227
3960 129 228
3961 129 229
3962 129 230
3963 129 231
3964 129 232
3965 129 233
3966 129 234
3967 129 235
3968 129 236
3969 129 237
3970 129 238
3971 129 239
3972 129 240
3973 129 241
3974 129 242
3975 129 243
3976 129 244
3977 129 245
3978 129 246
3979 129 247
3980 129 248
3981 129 249
3982 129 250
3983 130 131
3984 130 132
3985 130 133
3986 130 134
3987 130 135
3988 130 136
3989 130 137
3990 130 138
3991 130 139
3992 130 140
3993 130 141
3994 130 142
3995 130 143
3996 130 144
3997 130 145
3998 130 146
3999 130 147
4000 130 148
4001 130 149
4002 130 150
4003 130 201
4004 130 202
4005 130 203
4006 130 204
4007 130 206
4008 130 207
4009 130 209
4010 130 210
4011 130 211
4012 130 212
4013 130 213
4014 130 214
4015 130 215
4016 130 216
4017 130 217
4018 130 218
4019 130 219
4020 130 221
4021 130 222
4022 130 223
4023 130 224
4024 130 225
4025 130 228
4026 130 230
4027 130 231
4028 130 232
4029 130 233
4030 130 234
4031 130 235
4032 130 236
4033 130 237
4034 130 238
4035 130 239
4036 130 240
4037 130 242
4038 130 243
4039 130 244
4040 130 245
4041 130 246
4042 130 247
4043 130 249
4044 130 250
4045 131 132
4046 131 133
4047 131 134
4048 131 135
4049 131 136
4050 131 137
4051 131 138
4052 131 139
4053 131 140
4054 131 141
4055 131 142
4056 131 143
4057 131 144
4058 131 145
4059 131 146
4060 131 147
4061 131 148
4062 131 149
4063 131 150
4064 131 178
4065 131 201
4066 131 202
4067 131 203
4068 131 204
4069 131 205
4070 131 207
4071 131 208
4072 131 209
4073 131 210
4074 131 211
4075 131 212
4076 131 213
4077 131 214
4078 131 215
4079 131 216
4080 131 217
4081 131 219
4082 131 220
4083 131 221
4084 131 223
4085 131 225
4086 131 226
4087 131 227
4088 131 228
4089 131 229
4090 131 230
4091 131 231
4092 131 232
4093 131 233
4094 131 234
4095 131 235
4096 131 236
4097 131 237
4098 131 238
4099 131 239
4100 131 240
4101 131 241
4102 131 242
4103 131 243
4104 131 244
4105 131 245
4106 131 246
4107 131 247
4108 131 248
4109 131 249
4110 131 250
4111 132 133
4112 132 134
4113 132 135
4114 132 136
4115 132 137
4116 132 138
4117 132 139
4118 132 140
4119 132 141
4120 132 142
4121 132 143
4122 132 144
4123 132 145
4124 132 146
4125 132 147
4126 132 148
4127 132 149
4128 132 150
4129 132 201
4130 132 202
4131 132 203
4132 132 204
4133 132 205
4134 132 207
4135 132 208
4136 132 209
4137 132 210
4138 132 211
4139 132 212
4140 132 213
4141 132 214
4142 132 215
4143 132 216
4144 132 217
4145 132 218
4146 132 219
4147 132 220
4148 132 221
4149 132 222
4150 132 223
4151 132 224
4152 132 225
4153 132 226
4154 132 227
4155 132 228
4156 132 229
4157 132 230
4158 132 231
4159 132 232
4160 132 233
4161 132 234
4162 132 235
4163 132 236
4164 132 237
4165 132 238
4166 132 239
4167 132 240
4168 132 241
4169 132 242
4170 132 243
4171 132 244
4172 132 245
4173 132 246
4174 132 247
4175 132 248
4176 132 249
4177 132 250
4178 133 134
4179 133 135
4180 133 136
4181 133 137
4182 133 138
4183 133 139
4184 133 140
4185 133 141
4186 133 142
4187 133 143
4188 133 144
4189 133 145
4190 133 146
4191 133 147
4192 133 148
4193 133 149
4194 133 150
4195 133 201
4196 133 202
4197 133 203
4198 133 204
4199 133 206
4200 133 207
4201 133 209
4202 133 210
4203 133 212
4204 133 214
4205 133 215
4206 133 216
4207 133 217
4208 133 219
4209 133 221
4210 133 222
4211 133 223
4212 133 226
4213 133 227
4214 133 229
4215 133 230
4216 133 231
4217 133 232
4218 133 233
4219 133 234
4220 133 235
4221 133 236
4222 133 237
4223 133 238
4224 133 239
4225 133 241
4226 133 242
4227 133 243
4228 133 244
4229 133 245
4230 133 246
4231 133 247
4232 133 249
4233 133 250
4234 134 135
4235 134 136
4236 134 137
4237 134 138
4238 134 139
4239 134 140
4240 134 141
4241 134 142
4242 134 143
4243 134 144
4244 134 145
4245 134 146
4246 134 147
4247 134 148
4248 134 149
4249 134 150
4250 134 201
4251 134 202
4252 134 203
4253 134 207
4254 134 208
4255 134 209
4256 134 210
4257 134 211
4258 134 212
4259 134 213
4260 134 214
4261 134 215
4262 134 216
4263 134 221
4264 134 223
4265 134 225
4266 134 226
4267 134 227
4268 134 228
4269 134 229
4270 134 230
4271 134 231
4272 134 232
4273 134 233
4274 134 234
4275 134 235
4276 134 236
4277 134 237
4278 134 238
4279 134 239
4280 134 240
4281 134 241
4282 134 242
4283 134 243
4284 134 244
4285 134 245
4286 134 246
4287 134 247
4288 134 248
4289 134 249
4290 134 250
4291 135 136
4292 135 137
4293 135 138
4294 135 139
4295 135 140
4296 135 141
4297 135 142
4298 135 143
4299 135 144
4300 135 145
4301 135 146
4302 135 147
4303 135 148
4304 135 149
4305 135 150
4306 135 202
4307 135 203
4308 135 204
4309 135 205
4310 135 207
4311 135 208
4312 135 209
4313 135 210
4314 135 211
4315 135 213
4316 135 214
4317 135 215
4318 135 216
4319 135 219
4320 135 220
4321 135 221
4322 135 223
4323 135 224
4324 135 225
4325 135 226
4326 135 227
4327 135 228
4328 135 229
4329 135 230
4330 135 231
4331 135 232
4332 135 233
4333 135 234
4334 135 235
4335 135 236
4336 135 237
4337 135 238
4338 135 239
4339 135 240
4340 135 241
4341 135 242
4342 135 243
4343 135 244
4344 135 245
4345 135 246
4346 135 247
4347 135 248
4348 135 249
4349 135 250
4350 136 137
4351 136 138
4352 136 139
4353 136 140
4354 136 141
4355 136 142
4356 136 143
4357 136 144
4358 136 145
4359 136 146
4360 136 147
4361 136 148
4362 136 149
4363 136 150
4364 136 201
4365 136 202
4366 136 203
4367 136 204
4368 136 206
4369 136 207
4370 136 208
4371 136 209
4372 136 210
4373 136 211
4374 136 212
4375 136 213
4376 136 214
4377 136 215
4378 136 216
4379 136 217
4380 136 219
4381 136 222
4382 136 223
4383 136 224
4384 136 225
4385 136 226
4386 136 227
4387 136 228
4388 136 229
4389 136 230
4390 136 231
4391 136 232
4392 136 233
4393 136 234
4394 136 235
4395 136 236
4396 136 237
4397 136 238
4398 136 239
4399 136 240
4400 136 241
4401 136 242
4402 136 243
4403 136 244
4404 136 245
4405 136 246
4406 136 247
4407 136 248
4408 136 249
4409 136 250
4410 137 138
4411 137 139
4412 137 140
4413 137 141
4414 137 142
4415 137 143
4416 137 144
4417 137 145
4418 137 146
4419 137 147
4420 137 148
4421 137 149
4422 137 150
4423 137 176
4424 137 177
4425 137 178
4426 137 179
4427 137 183
4428 137 187
4429 137 190
4430 137 194
4431 137 196
4432 137 198
4433 137 199
4434 137 202
4435 137 203
4436 137 204
4437 137 205
4438 137 207
4439 137 208
4440 137 209
4441 137 210
4442 137 211
4443 137 212
4444 137 213
4445 137 214
4446 137 215
4447 137 216
4448 137 219
4449 137 220
4450 137 221
4451 137 223
4452 137 224
4453 137 225
4454 137 226
4455 137 227
4456 137 228
4457 137 229
4458 137 230
4459 137 231
4460 137 232
4461 137 233
4462 137 234
4463 137 235
4464 137 236
4465 137 237
4466 137 238
4467 137 239
4468 137 240
4469 137 241
4470 137 242
4471 137 243
4472 137 244
4473 137 245
4474 137 246
4475 137 247
4476 137 248
4477 137 249
4478 137 250
4479 138 139
4480 138 140
4481 138 141
4482 138 142
4483 138 143
4484 138 144
4485 138 145
4486 138 146
4487 138 147
4488 138 148
4489 138 149
4490 138 150
4491 138 176
4492 138 177
4493 138 178
4494 138 179
4495 138 182
4496 138 183
4497 138 187
4498 138 190
4499 138 194
4500 138 196
4501 138 198
4502 138 199
4503 138 202
4504 138 203
4505 138 205
4506 138 208
4507 138 209
4508 138 210
4509 138 211
4510 138 212
4511 138 213
4512 138 214
4513 138 215
4514 138 216
4515 138 220
4516 138 221
4517 138 223
4518 138 225
4519 138 226
4520 138 227
4521 138 228
4522 138 229
4523 138 230
4524 138 231
4525 138 232
4526 138 233
4527 138 234
4528 138 235
4529 138 236
4530 138 237
4531 138 238
4532 138 239
4533 138 240
4534 138 241
4535 138 242
4536 138 243
4537 138 245
4538 138 246
4539 138 247
4540 138 248
4541 138 249
4542 138 250
4543 139 140
4544 139 141
4545 139 142
4546 139 143
4547 139 144
4548 139 145
4549 139 146
4550 139 147
4551 139 148
4552 139 149
4553 139 150
4554 139 202
4555 139 207
4556 139 209
4557 139 210
4558 139 212
4559 139 214
4560 139 216
4561 139 217
4562 139 219
4563 139 224
4564 139 226
4565 139 227
4566 139 228
4567 139 229
4568 139 230
4569 139 231
4570 139 232
4571 139 233
4572 139 234
4573 139 235
4574 139 236
4575 139 237
4576 139 238
4577 139 239
4578 139 240
4579 139 241
4580 139 242
4581 139 243
4582 139 244
4583 139 245
4584 139 246
4585 139 247
4586 139 248
4587 139 249
4588 139 250
4589 140 141
4590 140 142
4591 140 143
4592 140 144
4593 140 145
4594 140 146
4595 140 147
4596 140 148
4597 140 149
4598 140 150
4599 140 201
4600 140 202
4601 140 203
4602 140 204
4603 140 205
4604 140 206
4605 140 207
4606 140 208
4607 140 209
4608 140 210
4609 140 211
4610 140 212
4611 140 213
4612 140 214
4613 140 215
4614 140 216
4615 140 217
4616 140 218
4617 140 219
4618 140 220
4619 140 221
4620 140 222
4621 140 223
4622 140 224
4623 140 225
4624 140 226
4625 140 227
4626 140 228
4627 140 229
4628 140 230
4629 140 231
4630 140 232
4631 140 233
4632 140 234
4633 140 235
4634 140 236
4635 140 237
4636 140 238
4637 140 239
4638 140 240
4639 140 241
4640 140 242
4641 140 243
4642 140 244
4643 140 245
4644 140 246
4645 140 247
4646 140 248
4647 140 249
4648 140 250
4649 141 142
4650 141 143
4651 141 144
4652 141 145
4653 141 146
4654 141 147
4655 141 148
4656 141 149
4657 141 150
4658 141 202
4659 141 203
4660 141 205
4661 141 207
4662 141 208
4663 141 209
4664 141 210
4665 141 211
4666 141 213
4667 141 214
4668 141 215
4669 141 216
4670 141 220
4671 141 221
4672 141 223
4673 141 225
4674 141 226
4675 141 227
4676 141 228
4677 141 229
4678 141 230
4679 141 231
4680 141 232
4681 141 233
4682 141 234
4683 141 235
4684 141 236
4685 141 237
4686 141 238
4687 141 239
4688 141 240
4689 141 241
4690 141 242
4691 141 243
4692 141 244
4693 141 245
4694 141 246
4695 141 247
4696 141 248
4697 141 249
4698 141 250
4699 142 143
4700 142 144
4701 142 145
4702 142 146
4703 142 147
4704 142 148
4705 142 149
4706 142 150
4707 142 176
4708 142 194
4709 142 196
4710 142 201
4711 142 202
4712 142 203
4713 142 204
4714 142 207
4715 142 209
4716 142 210
4717 142 211
4718 142 212
4719 142 214
4720 142 215
4721 142 216
4722 142 217
4723 142 219
4724 142 220
4725 142 221
4726 142 222
4727 142 223
4728 142 224
4729 142 225
4730 142 226
4731 142 227
4732 142 228
4733 142 229
4734 142 230
4735 142 231
4736 142 232
4737 142 233
4738 142 234
4739 142 235
4740 142 236
4741 142 237
4742 142 238
4743 142 239
4744 142 240
4745 142 241
4746 142 242
4747 142 243
4748 142 244
4749 142 245
4750 142 246
4751 142 247
4752 142 248
4753 142 249
4754 142 250
4755 143 144
4756 143 145
4757 143 146
4758 143 147
4759 143 148
4760 143 149
4761 143 150
4762 143 201
4763 143 202
4764 143 203
4765 143 204
4766 143 205
4767 143 206
4768 143 207
4769 143 208
4770 143 209
4771 143 210
4772 143 211
4773 143 212
4774 143 213
4775 143 214
4776 143 215
4777 143 216
4778 143 217
4779 143 218
4780 143 219
4781 143 220
4782 143 221
4783 143 222
4784 143 223
4785 143 225
4786 143 226
4787 143 227
4788 143 228
4789 143 229
4790 143 230
4791 143 231
4792 143 232
4793 143 233
4794 143 234
4795 143 235
4796 143 236
4797 143 237
4798 143 238
4799 143 239
4800 143 240
4801 143 241
4802 143 242
4803 143 243
4804 143 244
4805 143 245
4806 143 246
4807 143 247
4808 143 248
4809 143 249
4810 143 250
4811 144 145
4812 144 146
4813 144 147
4814 144 148
4815 144 149
4816 144 150
4817 144 202
4818 144 203
4819 144 205
4820 144 207
4821 144 208
4822 144 209
4823 144 210
4824 144 211
4825 144 212
4826 144 213
4827 144 214
4828 144 215
4829 144 216
4830 144 217
4831 144 218
4832 144 219
4833 144 221
4834 144 224
4835 144 225
4836 144 226
4837 144 227
4838 144 228
4839 144 229
4840 144 230
4841 144 231
4842 144 232
4843 144 233
4844 144 234
4845 144 235
4846 144 236
4847 144 237
4848 144 238
4849 144 239
4850 144 240
4851 144 241
4852 144 242
4853 144 243
4854 144 244
4855 144 245
4856 144 246
4857 144 247
4858 144 248
4859 144 249
4860 144 250
4861 145 146
4862 145 147
4863 145 148
4864 145 149
4865 145 150
4866 145 201
4867 145 202
4868 145 203
4869 145 204
4870 145 206
4871 145 207
4872 145 208
4873 145 209
4874 145 210
4875 145 211
4876 145 212
4877 145 214
4878 145 215
4879 145 216
4880 145 217
4881 145 218
4882 145 219
4883 145 221
4884 145 222
4885 145 223
4886 145 225
4887 145 226
4888 145 227
4889 145 228
4890 145 229
4891 145 230
4892 145 231
4893 145 232
4894 145 233
4895 145 234
4896 145 235
4897 145 236
4898 145 237
4899 145 238
4900 145 239
4901 145 240
4902 145 241
4903 145 242
4904 145 243
4905 145 244
4906 145 245
4907 145 246
4908 145 247
4909 145 248
4910 145 249
4911 145 250
4912 146 147
4913 146 148
4914 146 149
4915 146 150
4916 146 179
4917 146 183
4918 146 201
4919 146 202
4920 146 204
4921 146 206
4922 146 207
4923 146 208
4924 146 209
4925 146 210
4926 146 211
4927 146 212
4928 146 213
4929 146 214
4930 146 215
4931 146 216
4932 146 217
4933 146 221
4934 146 223
4935 146 225
4936 146 226
4937 146 227
4938 146 228
4939 146 229
4940 146 230
4941 146 231
4942 146 232
4943 146 233
4944 146 234
4945 146 235
4946 146 236
4947 146 237
4948 146 238
4949 146 239
4950 146 240
4951 146 241
4952 146 242
4953 146 243
4954 146 244
4955 146 245
4956 146 246
4957 146 247
4958 146 248
4959 146 249
4960 146 250
4961 147 148
4962 147 149
4963 147 150
4964 147 202
4965 147 205
4966 147 207
4967 147 208
4968 147 209
4969 147 210
4970 147 211
4971 147 213
4972 147 214
4973 147 215
4974 147 216
4975 147 220
4976 147 221
4977 147 223
4978 147 225
4979 147 226
4980 147 227
4981 147 228
4982 147 229
4983 147 230
4984 147 231
4985 147 232
4986 147 233
4987 147 234
4988 147 235
4989 147 236
4990 147 237
4991 147 238
4992 147 239
4993 147 240
4994 147 241
4995 147 242
4996 147 243
4997 147 244
4998 147 245
4999 147 246
5000 147 247
5001 147 248
5002 147 249
5003 147 250
5004 148 149
5005 148 150
5006 148 178
5007 148 188
5008 148 193
5009 148 196
5010 148 201
5011 148 202
5012 148 208
5013 148 209
5014 148 210
5015 148 211
5016 148 213
5017 148 214
5018 148 215
5019 148 216
5020 148 220
5021 148 221
5022 148 223
5023 148 225
5024 148 226
5025 148 227
5026 148 228
5027 148 229
5028 148 230
5029 148 231
5030 148 232
5031 148 233
5032 148 234
5033 148 235
5034 148 236
5035 148 237
5036 148 238
5037 148 239
5038 148 240
5039 148 241
5040 148 242
5041 148 243
5042 148 244
5043 148 245
5044 148 246
5045 148 247
5046 148 248
5047 148 249
5048 148 250
5049 149 150
5050 149 176
5051 149 178
5052 149 179
5053 149 182
5054 149 183
5055 149 184
5056 149 194
5057 149 196
5058 149 201
5059 149 202
5060 149 203
5061 149 204
5062 149 205
5063 149 207
5064 149 209
5065 149 210
5066 149 211
5067 149 213
5068 149 214
5069 149 215
5070 149 216
5071 149 219
5072 149 220
5073 149 221
5074 149 223
5075 149 224
5076 149 225
5077 149 226
5078 149 227
5079 149 228
5080 149 229
5081 149 230
5082 149 231
5083 149 232
5084 149 233
5085 149 234
5086 149 235
5087 149 236
5088 149 237
5089 149 238
5090 149 239
5091 149 240
5092 149 241
5093 149 242
5094 149 243
5095 149 244
5096 149 245
5097 149 246
5098 149 247
5099 149 248
5100 149 249
5101 149 250
5102 150 201
5103 150 202
5104 150 203
5105 150 204
5106 150 205
5107 150 206
5108 150 207
5109 150 208
5110 150 209
5111 150 210
5112 150 211
5113 150 212
5114 150 213
5115 150 214
5116 150 215
5117 150 216
5118 150 217
5119 150 219
5120 150 220
5121 150 221
5122 150 222
5123 150 223
5124 150 224
5125 150 225
5126 150 226
5127 150 227
5128 150 228
5129 150 229
5130 150 230
5131 150 231
5132 150 232
5133 150 233
5134 150 234
5135 150 235
5136 150 236
5137 150 237
5138 150 238
5139 150 239
5140 150 240
5141 150 241
5142 150 242
5143 150 243
5144 150 244
5145 150 245
5146 150 246
5147 150 247
5148 150 248
5149 150 249
5150 150 250
5151 151 152
5152 151 153
5153 151 154
5154 151 155
5155 151 156
5156 151 157
5157 151 158
5158 151 159
5159 151 160
5160 151 161
5161 151 162
5162 151 163
5163 151 164
5164 151 165
5165 151 166
5166 151 167
5167 151 168
5168 151 169
5169 151 170
5170 151 171
5171 151 172
5172 151 173
5173 151 174
5174 151 175
5175 152 153
5176 152 154
5177 152 155
5178 152 156
5179 152 157
5180 152 158
5181 152 159
5182 152 160
5183 152 161
5184 152 162
5185 152 163
5186 152 164
5187 152 165
5188 152 166
5189 152 167
5190 152 168
5191 152 169
5192 152 170
5193 152 171
5194 152 172
5195 152 173
5196 152 174
5197 152 175
5198 153 154
5199 153 155
5200 153 156
5201 153 157
5202 153 158
5203 153 159
5204 153 160
5205 153 161
5206 153 162
5207 153 163
5208 153 164
5209 153 165
5210 153 166
5211 153 167
5212 153 168
5213 153 169
5214 153 170
5215 153 171
5216 153 172
5217 153 173
5218 153 174
5219 153 175
5220 154 155
5221 154 156
5222 154 157
5223 154 158
5224 154 159
5225 154 160
5226 154 161
5227 154 162
5228 154 163
5229 154 164
5230 154 165
5231 154 166
5232 154 167
5233 154 168
5234 154 169
5235 154 171
5236 154 172
5237 154 173
5238 154 174
5239 155 156
5240 155 157
5241 155 158
5242 155 159
5243 155 160
5244 155 161
5245 155 162
5246 155 163
5247 155 164
5248 155 165
5249 155 166
5250 155 167
5251 155 168
5252 155 169
5253 155 170
5254 155 171
5255 155 172
5256 155 173
5257 155 174
5258 155 175
5259 156 157
5260 156 158
5261 156 159
5262 156 160
5263 156 161
5264 156 162
5265 156 163
5266 156 164
5267 156 165
5268 156 166
5269 156 168
5270 156 171
5271 156 172
5272 156 173
5273 156 174
5274 156 175
5275 157 158
5276 157 159
5277 157 160
5278 157 161
5279 157 162
5280 157 163
5281 157 164
5282 157 165
5283 157 166
5284 157 167
5285 157 168
5286 157 169
5287 157 170
5288 157 171
5289 157 172
5290 157 173
5291 157 174
5292 157 175
5293 157 181
5294 158 159
5295 158 160
5296 158 161
5297 158 162
5298 158 163
5299 158 164
5300 158 165
5301 158 166
5302 158 167
5303 158 168
5304 158 169
5305 158 170
5306 158 171
5307 158 172
5308 158 173
5309 158 174
5310 158 175
5311 159 160
5312 159 161
5313 159 162
5314 159 163
5315 159 164
5316 159 165
5317 159 166
5318 159 167
5319 159 168
5320 159 169
5321 159 170
5322 159 171
5323 159 172
5324 159 173
5325 159 174
5326 159 175
5327 160 161
5328 160 162
5329 160 163
5330 160 164
5331 160 165
5332 160 166
5333 160 167
5334 160 168
5335 160 169
5336 160 170
5337 160 171
5338 160 172
5339 160 173
5340 160 174
5341 160 175
5342 161 162
5343 161 163
5344 161 164
5345 161 165
5346 161 166
5347 161 167
5348 161 168
5349 161 169
5350 161 170
5351 161 171
5352 161 172
5353 161 173
5354 161 174
5355 161 175
5356 162 163
5357 162 164
5358 162 165
5359 162 166
5360 162 168
5361 162 171
5362 162 172
5363 162 173
5364 162 174
5365 162 175
5366 163 164
5367 163 165
5368 163 166
5369 163 167
5370 163 168
5371 163 169
5372 163 170
5373 163 171
5374 163 172
5375 163 173
5376 163 174
5377 163 175
5378 164 165
5379 164 166
5380 164 167
5381 164 168
5382 164 169
5383 164 170
5384 164 171
5385 164 172
5386 164 173
5387 164 174
5388 164 175
5389 165 166
5390 165 167
5391 165 168
5392 165 169
5393 165 170
5394 165 171
5395 165 172
5396 165 173
5397 165 174
5398 165 175
5399 166 167
5400 166 168
5401 166 169
5402 166 170
5403 166 171
5404 166 172
5405 166 173
5406 166 174
5407 167 169
5408 167 170
5409 167 171
5410 167 172
5411 167 174
5412 168 171
5413 168 172
5414 168 173
5415 168 174
5416 168 175
5417 169 170
5418 169 171
5419 169 172
5420 169 174
5421 170 171
5422 170 172
5423 170 174
5424 171 172
5425 171 174
5426 172 173
5427 172 174
5428 172 175
5429 173 174
5430 173 175
5431 174 175
5432 176 177
5433 176 178
5434 176 179
5435 176 180
5436 176 181
5437 176 182
5438 176 183
5439 176 184
5440 176 185
5441 176 186
5442 176 187
5443 176 188
5444 176 189
5445 176 190
5446 176 191
5447 176 192
5448 176 193
5449 176 194
5450 176 195
5451 176 196
5452 176 197
5453 176 198
5454 176 199
5455 176 200
5456 176 225
5457 176 234
5458 177 178
5459 177 179
5460 177 180
5461 177 181
5462 177 182
5463 177 183
5464 177 184
5465 177 185
5466 177 186
5467 177 187
5468 177 188
5469 177 189
5470 177 190
5471 177 191
5472 177 192
5473 177 193
5474 177 194
5475 177 195
5476 177 196
5477 177 197
5478 177 198
5479 177 199
5480 177 200
5481 177 225
5482 178 179
5483 178 180
5484 178 181
5485 178 182
5486 178 183
5487 178 184
5488 178 185
5489 178 186
5490 178 187
5491 178 188
5492 178 189
5493 178 190
5494 178 191
5495 178 192
5496 178 193
5497 178 194
5498 178 195
5499 178 196
5500 178 197
5501 178 198
5502 178 199
5503 178 200
5504 178 214
5505 178 225
5506 178 248
5507 179 180
5508 179 181
5509 179 182
5510 179 183
5511 179 184
5512 179 185
5513 179 186
5514 179 187
5515 179 188
5516 179 189
5517 179 190
5518 179 191
5519 179 192
5520 179 193
5521 179 194
5522 179 195
5523 179 196
5524 179 197
5525 179 198
5526 179 199
5527 179 200
5528 179 234
5529 180 181
5530 180 182
5531 180 183
5532 180 184
5533 180 185
5534 180 186
5535 180 187
5536 180 188
5537 180 189
5538 180 190
5539 180 191
5540 180 192
5541 180 193
5542 180 194
5543 180 195
5544 180 196
5545 180 197
5546 180 198
5547 180 199
5548 180 200
5549 180 225
5550 181 182
5551 181 183
5552 181 184
5553 181 185
5554 181 186
5555 181 187
5556 181 188
5557 181 189
5558 181 190
5559 181 191
5560 181 192
5561 181 193
5562 181 194
5563 181 195
5564 181 196
5565 181 197
5566 181 198
5567 181 199
5568 181 225
5569 182 183
5570 182 184
5571 182 185
5572 182 186
5573 182 187
5574 182 188
5575 182 189
5576 182 190
5577 182 191
5578 182 192
5579 182 193
5580 182 194
5581 182 195
5582 182 196
5583 182 197
5584 182 198
5585 182 199
5586 182 200
5587 183 184
5588 183 185
5589 183 186
5590 183 187
5591 183 188
5592 183 189
5593 183 190
5594 183 191
5595 183 192
5596 183 193
5597 183 194
5598 183 195
5599 183 196
5600 183 197
5601 183 198
5602 183 199
5603 183 200
5604 183 225
5605 183 234
5606 184 187
5607 184 188
5608 184 190
5609 184 191
5610 184 193
5611 184 194
5612 184 195
5613 184 196
5614 184 197
5615 184 198
5616 184 199
5617 184 200
5618 185 186
5619 185 187
5620 185 188
5621 185 189
5622 185 190
5623 185 191
5624 185 192
5625 185 193
5626 185 194
5627 185 195
5628 185 196
5629 185 197
5630 185 198
5631 185 199
5632 186 187
5633 186 188
5634 186 189
5635 186 190
5636 186 191
5637 186 192
5638 186 193
5639 186 194
5640 186 195
5641 186 196
5642 186 197
5643 186 198
5644 186 199
5645 187 188
5646 187 189
5647 187 190
5648 187 191
5649 187 192
5650 187 193
5651 187 194
5652 187 195
5653 187 196
5654 187 197
5655 187 198
5656 187 199
5657 187 200
5658 187 225
5659 188 189
5660 188 190
5661 188 191
5662 188 192
5663 188 193
5664 188 194
5665 188 195
5666 188 196
5667 188 197
5668 188 198
5669 188 199
5670 188 200
5671 189 190
5672 189 191
5673 189 192
5674 189 193
5675 189 194
5676 189 195
5677 189 196
5678 189 197
5679 189 198
5680 189 199
5681 190 191
5682 190 192
5683 190 193
5684 190 194
5685 190 195
5686 190 196
5687 190 197
5688 190 198
5689 190 199
5690 190 200
5691 191 192
5692 191 193
5693 191 194
5694 191 195
5695 191 196
5696 191 197
5697 191 198
5698 191 199
5699 191 225
5700 192 193
5701 192 194
5702 192 195
5703 192 196
5704 192 197
5705 192 198
5706 192 199
5707 193 194
5708 193 195
5709 193 196
5710 193 197
5711 193 198
5712 193 199
5713 193 200
5714 193 240
5715 193 248
5716 194 195
5717 194 196
5718 194 197
5719 194 198
5720 194 199
5721 194 200
5722 194 214
5723 194 225
5724 194 234
5725 195 196
5726 195 197
5727 195 198
5728 195 199
5729 195 200
5730 196 197
5731 196 198
5732 196 199
5733 196 200
5734 196 225
5735 196 240
5736 197 198
5737 197 199
5738 197 225
5739 198 199
5740 198 200
5741 199 200
5742 199 225
5743 201 202
5744 201 203
5745 201 204
5746 201 205
5747 201 206
5748 201 207
5749 201 208
5750 201 209
5751 201 210
5752 201 211
5753 201 212
5754 201 213
5755 201 214
5756 201 215
5757 201 216
5758 201 217
5759 201 218
5760 201 219
5761 201 221
5762 201 222
5763 201 223
5764 201 224
5765 201 225
5766 201 232
5767 201 247
5768 202 203
5769 202 204
5770 202 205
5771 202 206
5772 202 207
5773 202 208
5774 202 209
5775 202 210
5776 202 211
5777 202 212
5778 202 213
5779 202 214
5780 202 215
5781 202 216
5782 202 217
5783 202 218
5784 202 219
5785 202 220
5786 202 221
5787 202 222
5788 202 223
5789 202 224
5790 202 225
5791 202 228
5792 202 230
5793 202 231
5794 202 232
5795 202 233
5796 202 235
5797 202 237
5798 202 238
5799 202 239
5800 202 246
5801 202 249
5802 202 250
5803 203 204
5804 203 205
5805 203 206
5806 203 207
5807 203 208
5808 203 209
5809 203 210
5810 203 211
5811 203 212
5812 203 213
5813 203 214
5814 203 215
5815 203 216
5816 203 217
5817 203 218
5818 203 219
5819 203 220
5820 203 221
5821 203 222
5822 203 223
5823 203 224
5824 203 225
5825 203 228
5826 203 232
5827 203 237
5828 203 239
5829 203 246
5830 204 205
5831 204 206
5832 204 207
5833 204 208
5834 204 209
5835 204 210
5836 204 211
5837 204 212
5838 204 213
5839 204 214
5840 204 215
5841 204 216
5842 204 217
5843 204 218
5844 204 219
5845 204 221
5846 204 222
5847 204 223
5848 204 224
5849 204 225
5850 205 206
5851 205 207
5852 205 208
5853 205 209
5854 205 210
5855 205 211
5856 205 212
5857 205 213
5858 205 214
5859 205 215
5860 205 216
5861 205 217
5862 205 218
5863 205 219
5864 205 220
5865 205 221
5866 205 222
5867 205 223
5868 205 224
5869 205 225
5870 205 235
5871 205 246
5872 205 249
5873 206 207
5874 206 208
5875 206 209
5876 206 210
5877 206 211
5878 206 212
5879 206 213
5880 206 214
5881 206 215
5882 206 216
5883 206 217
5884 206 218
5885 206 219
5886 206 221
5887 206 222
5888 206 223
5889 206 224
5890 206 225
5891 206 235
5892 206 244
5893 206 249
5894 207 208
5895 207 209
5896 207 210
5897 207 211
5898 207 212
5899 207 213
5900 207 214
5901 207 215
5902 207 216
5903 207 217
5904 207 218
5905 207 219
5906 207 220
5907 207 221
5908 207 222
5909 207 223
5910 207 224
5911 207 225
5912 207 230
5913 207 232
5914 207 235
5915 207 237
5916 207 238
5917 207 243
5918 207 245
5919 207 246
5920 207 247
5921 207 249
5922 207 250
5923 208 209
5924 208 210
5925 208 211
5926 208 212
5927 208 213
5928 208 214
5929 208 215
5930 208 216
5931 208 217
5932 208 218
5933 208 219
5934 208 220
5935 208 221
5936 208 222
5937 208 223
5938 208 224
5939 208 225
5940 208 227
5941 208 228
5942 208 230
5943 208 233
5944 208 234
5945 208 237
5946 208 239
5947 208 243
5948 208 245
5949 208 248
5950 208 250
5951 209 210
5952 209 211
5953 209 212
5954 209 213
5955 209 214
5956 209 215
5957 209 216
5958 209 217
5959 209 218
5960 209 219
5961 209 220
5962 209 221
5963 209 222
5964 209 223
5965 209 224
5966 209 225
5967 209 226
5968 209 227
5969 209 228
5970 209 229
5971 209 230
5972 209 231
5973 209 232
5974 209 233
5975 209 234
5976 209 235
5977 209 236
5978 209 237
5979 209 238
5980 209 239
5981 209 241
5982 209 242
5983 209 243
5984 209 244
5985 209 245
5986 209 246
5987 209 247
5988 209 248
5989 209 249
5990 209 250
5991 210 211
5992 210 212
5993 210 213
5994 210 214
5995 210 215
5996 210 216
5997 210 217
5998 210 218
5999 210 219
6000 210 220
6001 210 221
6002 210 222
6003 210 223
6004 210 224
6005 210 225
6006 210 226
6007 210 227
6008 210 228
6009 210 229
6010 210 230
6011 210 231
6012 210 232
6013 210 233
6014 210 234
6015 210 235
6016 210 236
6017 210 237
6018 210 238
6019 210 239
6020 210 240
6021 210 241
6022 210 242
6023 210 243
6024 210 245
6025 210 246
6026 210 247
6027 210 248
6028 210 249
6029 210 250
6030 211 212
6031 211 213
6032 211 214
6033 211 215
6034 211 216
6035 211 217
6036 211 218
6037 211 219
6038 211 220
6039 211 221
6040 211 222
6041 211 223
6042 211 224
6043 211 225
6044 211 228
6045 211 230
6046 211 232
6047 211 233
6048 211 234
6049 211 235
6050 211 237
6051 211 238
6052 211 239
6053 211 242
6054 211 243
6055 211 245
6056 211 246
6057 211 248
6058 211 250
6059 212 213
6060 212 214
6061 212 215
6062 212 216
6063 212 217
6064 212 218
6065 212 219
6066 212 220
6067 212 221
6068 212 222
6069 212 223
6070 212 224
6071 212 225
6072 212 232
6073 212 238
6074 213 214
6075 213 215
6076 213 216
6077 213 217
6078 213 218
6079 213 219
6080 213 220
6081 213 221
6082 213 222
6083 213 223
6084 213 224
6085 213 225
6086 213 226
6087 213 228
6088 213 230
6089 213 232
6090 213 233
6091 213 234
6092 213 235
6093 213 236
6094 213 237
6095 213 238
6096 213 239
6097 213 243
6098 213 245
6099 213 246
6100 213 250
6101 214 215
6102 214 216
6103 214 217
6104 214 218
6105 214 219
6106 214 220
6107 214 221
6108 214 222
6109 214 223
6110 214 224
6111 214 225
6112 214 226
6113 214 227
6114 214 228
6115 214 229
6116 214 230
6117 214 231
6118 214 232
6119 214 233
6120 214 234
6121 214 235
6122 214 236
6123 214 237
6124 214 238
6125 214 239
6126 214 240
6127 214 241
6128 214 242
6129 214 243
6130 214 245
6131 214 246
6132 214 247
6133 214 248
6134 214 249
6135 214 250
6136 215 216
6137 215 217
6138 215 218
6139 215 219
6140 215 220
6141 215 221
6142 215 222
6143 215 223
6144 215 224
6145 215 225
6146 215 227
6147 215 228
6148 215 230
6149 215 231
6150 215 232
6151 215 233
6152 215 234
6153 215 235
6154 215 236
6155 215 237
6156 215 238
6157 215 239
6158 215 241
6159 215 242
6160 215 243
6161 215 245
6162 215 246
6163 215 249
6164 215 250
6165 216 217
6166 216 218
6167 216 219
6168 216 220
6169 216 221
6170 216 222
6171 216 223
6172 216 224
6173 216 225
6174 216 230
6175 216 231
6176 216 232
6177 216 235
6178 216 237
6179 216 238
6180 216 239
6181 216 241
6182 216 246
6183 216 250
6184 217 218
6185 217 219
6186 217 220
6187 217 221
6188 217 222
6189 217 223
6190 217 224
6191 217 225
6192 217 232
6193 217 246
6194 217 249
6195 218 219
6196 218 222
6197 218 223
6198 218 224
6199 218 225
6200 218 235
6201 219 220
6202 219 221
6203 219 222
6204 219 223
6205 219 224
6206 219 225
6207 219 235
6208 219 249
6209 220 221
6210 220 222
6211 220 223
6212 220 224
6213 220 225
6214 220 226
6215 220 228
6216 220 229
6217 220 230
6218 220 233
6219 220 234
6220 220 237
6221 220 238
6222 220 239
6223 220 243
6224 220 245
6225 220 246
6226 220 248
6227 220 250
6228 221 222
6229 221 223
6230 221 224
6231 221 225
6232 221 230
6233 221 232
6234 221 233
6235 221 237
6236 221 239
6237 221 245
6238 221 246
6239 222 223
6240 222 224
6241 222 225
6242 222 249
6243 223 224
6244 223 225
6245 223 228
6246 223 232
6247 223 233
6248 223 237
6249 223 238
6250 223 242
6251 223 249
6252 224 225
6253 224 235
6254 224 236
6255 224 246
6256 225 226
6257 225 227
6258 225 229
6259 225 230
6260 225 232
6261 225 233
6262 225 234
6263 225 235
6264 225 236
6265 225 237
6266 225 238
6267 225 239
6268 225 240
6269 225 242
6270 225 243
6271 225 245
6272 225 248
6273 225 249
6274 225 250
6275 226 227
6276 226 228
6277 226 229
6278 226 230
6279 226 231
6280 226 232
6281 226 233
6282 226 234
6283 226 235
6284 226 236
6285 226 237
6286 226 238
6287 226 239
6288 226 240
6289 226 241
6290 226 242
6291 226 243
6292 226 244
6293 226 245
6294 226 246
6295 226 247
6296 226 248
6297 226 249
6298 226 250
6299 227 228
6300 227 229
6301 227 230
6302 227 231
6303 227 232
6304 227 233
6305 227 234
6306 227 235
6307 227 236
6308 227 237
6309 227 238
6310 227 239
6311 227 240
6312 227 241
6313 227 242
6314 227 243
6315 227 244
6316 227 245
6317 227 246
6318 227 247
6319 227 248
6320 227 249
6321 227 250
6322 228 229
6323 228 230
6324 228 231
6325 228 232
6326 228 233
6327 228 234
6328 228 235
6329 228 236
6330 228 237
6331 228 238
6332 228 239
6333 228 240
6334 228 241
6335 228 242
6336 228 243
6337 228 244
6338 228 245
6339 228 246
6340 228 247
6341 228 248
6342 228 249
6343 228 250
6344 229 230
6345 229 231
6346 229 232
6347 229 233
6348 229 234
6349 229 235
6350 229 236
6351 229 237
6352 229 238
6353 229 239
6354 229 240
6355 229 241
6356 229 242
6357 229 243
6358 229 244
6359 229 245
6360 229 246
6361 229 247
6362 229 248
6363 229 249
6364 229 250
6365 230 231
6366 230 232
6367 230 233
6368 230 234
6369 230 235
6370 230 236
6371 230 237
6372 230 238
6373 230 239
6374 230 240
6375 230 241
6376 230 242
6377 230 243
6378 230 244
6379 230 245
6380 230 246
6381 230 247
6382 230 248
6383 230 249
6384 230 250
6385 231 232
6386 231 233
6387 231 234
6388 231 235
6389 231 236
6390 231 237
6391 231 238
6392 231 239
6393 231 240
6394 231 241
6395 231 242
6396 231 243
6397 231 244
6398 231 245
6399 231 246
6400 231 247
6401 231 248
6402 231 249
6403 231 250
6404 232 233
6405 232 234
6406 232 235
6407 232 236
6408 232 237
6409 232 238
6410 232 239
6411 232 240
6412 232 241
6413 232 242
6414 232 243
6415 232 244
6416 232 245
6417 232 246
6418 232 247
6419 232 248
6420 232 249
6421 232 250
6422 233 234
6423 233 235
6424 233 236
6425 233 237
6426 233 238
6427 233 239
6428 233 240
6429 233 241
6430 233 242
6431 233 243
6432 233 244
6433 233 245
6434 233 246
6435 233 247
6436 233 248
6437 233 249
6438 233 250
6439 234 235
6440 234 236
6441 234 237
6442 234 238
6443 234 239
6444 234 240
6445 234 241
6446 234 242
6447 234 243
6448 234 244
6449 234 245
6450 234 246
6451 234 247
6452 234 248
6453 234 249
6454 234 250
6455 235 236
6456 235 237
6457 235 238
6458 235 239
6459 235 240
6460 235 241
6461 235 242
6462 235 243
6463 235 244
6464 235 245
6465 235 246
6466 235 247
6467 235 248
6468 235 249
6469 235 250
6470 236 237
6471 236 238
6472 236 239
6473 236 240
6474 236 241
6475 236 242
6476 236 243
6477 236 244
6478 236 245
6479 236 246
6480 236 247
6481 236 248
6482 236 249
6483 236 250
6484 237 238
6485 237 239
6486 237 240
6487 237 241
6488 237 242
6489 237 243
6490 237 244
6491 237 245
6492 237 246
6493 237 247
6494 237 248
6495 237 249
6496 237 250
6497 238 239
6498 238 240
6499 238 241
6500 238 242
6501 238 243
6502 238 244
6503 238 245
6504 238 246
6505 238 247
6506 238 248
6507 238 249
6508 238 250
6509 239 240
6510 239 241
6511 239 242
6512 239 243
6513 239 244
6514 239 245
6515 239 246
6516 239 247
6517 239 248
6518 239 249
6519 239 250
6520 240 241
6521 240 242
6522 240 243
6523 240 244
6524 240 245
6525 240 246
6526 240 247
6527 240 248
6528 240 249
6529 240 250
6530 241 242
6531 241 243
6532 241 244
6533 241 245
6534 241 246
6535 241 247
6536 241 248
6537 241 249
6538 241 250
6539 242 243
6540 242 244
6541 242 245
6542 242 246
6543 242 247
6544 242 248
6545 242 249
6546 242 250
6547 243 244
6548 243 245
6549 243 246
6550 243 247
6551 243 248
6552 243 249
6553 243 250
6554 244 245
6555 244 246
6556 244 247
6557 244 248
6558 244 249
6559 244 250
6560 245 246
6561 245 247
6562 245 248
6563 245 249
6564 245 250
6565 246 247
6566 246 248
6567 246 249
6568 246 250
6569 247 248
6570 247 249
6571 247 250
6572 248 249
6573 248 250
6574 249 250
