1 1 8
2 1 12
3 1 72
4 1 95
5 1 132
6 1 147
7 1 161
8 1 179
9 1 191
10 1 219
11 1 234
12 1 240
13 2 144
14 4 36
15 4 38
16 4 43
17 4 45
18 4 46
19 4 59
20 4 82
21 4 84
22 4 91
23 4 100
24 4 113
25 4 146
26 4 194
27 4 197
28 4 205
29 4 208
30 4 209
31 4 221
32 4 222
33 4 226
34 4 228
35 4 229
36 4 231
37 4 238
38 5 130
39 8 12
40 8 20
41 8 72
42 8 95
43 8 132
44 8 147
45 8 161
46 8 175
47 8 179
48 8 191
49 8 219
50 8 234
51 8 240
52 11 97
53 11 115
54 11 128
55 12 72
56 12 95
57 12 132
58 12 147
59 12 161
60 12 179
61 12 191
62 12 219
63 12 234
64 12 240
65 13 40
66 15 32
67 15 51
68 15 70
69 15 79
70 15 81
71 15 83
72 15 90
73 15 94
74 15 102
75 15 108
76 15 117
77 15 118
78 15 119
79 15 122
80 15 140
81 15 141
82 15 151
83 15 156
84 15 157
85 15 158
86 15 163
87 15 164
88 15 170
89 15 233
90 15 235
91 15 245
92 15 254
93 15 259
94 15 260
95 15 261
96 17 33
97 17 66
98 17 206
99 20 175
100 21 60
101 23 61
102 23 224
103 24 32
104 24 51
105 24 68
106 24 70
107 24 81
108 24 83
109 24 90
110 24 94
111 24 102
112 24 108
113 24 117
114 24 118
115 24 119
116 24 122
117 24 140
118 24 151
119 24 156
120 24 157
121 24 158
122 24 163
123 24 164
124 24 198
125 24 233
126 24 235
127 24 245
128 24 254
129 24 259
130 24 260
131 24 261
132 25 73
133 27 29
134 27 110
135 27 135
136 27 188
137 27 227
138 28 41
139 28 50
140 28 77
141 28 89
142 28 103
143 28 121
144 28 126
145 28 159
146 28 172
147 28 177
148 28 193
149 28 247
150 28 263
151 29 110
152 29 135
153 29 188
154 29 227
155 30 185
156 31 63
157 32 51
158 32 68
159 32 70
160 32 79
161 32 81
162 32 83
163 32 90
164 32 94
165 32 102
166 32 108
167 32 117
168 32 118
169 32 119
170 32 122
171 32 140
172 32 141
173 32 151
174 32 156
175 32 157
176 32 158
177 32 163
178 32 164
179 32 170
180 32 233
181 32 235
182 32 245
183 32 254
184 32 259
185 32 260
186 32 261
187 33 66
188 33 111
189 33 258
190 34 104
191 34 136
192 34 139
193 35 123
194 36 38
195 36 59
196 36 84
197 36 100
198 36 113
199 36 146
200 36 194
201 36 197
202 36 209
203 36 221
204 36 226
205 36 228
206 38 43
207 38 45
208 38 46
209 38 59
210 38 82
211 38 84
212 38 91
213 38 100
214 38 113
215 38 146
216 38 194
217 38 197
218 38 205
219 38 208
220 38 209
221 38 221
222 38 222
223 38 226
224 38 228
225 38 229
226 38 231
227 38 238
228 39 109
229 41 50
230 41 77
231 41 89
232 41 103
233 41 121
234 41 126
235 41 159
236 41 172
237 41 177
238 41 193
239 41 247
240 41 263
241 42 52
242 42 53
243 42 87
244 42 138
245 43 45
246 43 82
247 43 84
248 43 113
249 43 205
250 43 208
251 43 209
252 43 221
253 43 238
254 45 82
255 45 84
256 45 113
257 45 205
258 45 208
259 45 209
260 45 221
261 45 238
262 46 59
263 46 82
264 46 84
265 46 91
266 46 100
267 46 113
268 46 194
269 46 208
270 46 209
271 46 221
272 46 226
273 46 228
274 46 229
275 46 231
276 46 238
277 47 49
278 50 77
279 50 89
280 50 103
281 50 121
282 50 126
283 50 159
284 50 172
285 50 177
286 50 193
287 50 247
288 50 263
289 51 68
290 51 70
291 51 79
292 51 81
293 51 83
294 51 90
295 51 94
296 51 102
297 51 108
298 51 117
299 51 118
300 51 119
301 51 122
302 51 140
303 51 141
304 51 151
305 51 156
306 51 157
307 51 158
308 51 163
309 51 164
310 51 170
311 51 233
312 51 235
313 51 245
314 51 254
315 51 259
316 51 260
317 51 261
318 52 53
319 52 87
320 52 138
321 53 87
322 53 138
323 54 57
324 54 81
325 54 83
326 54 90
327 54 102
328 54 117
329 54 118
330 54 119
331 54 122
332 54 140
333 54 151
334 54 156
335 54 158
336 54 163
337 54 164
338 54 233
339 54 235
340 54 254
341 54 259
342 54 260
343 54 261
344 55 195
345 57 81
346 57 83
347 57 90
348 57 102
349 57 117
350 57 118
351 57 119
352 57 122
353 57 156
354 57 158
355 57 163
356 57 164
357 57 233
358 57 235
359 57 254
360 57 259
361 57 260
362 57 261
363 59 84
364 59 91
365 59 100
366 59 113
367 59 146
368 59 194
369 59 197
370 59 208
371 59 209
372 59 221
373 59 226
374 59 228
375 59 229
376 59 238
377 61 224
378 64 137
379 65 217
380 66 206
381 67 241
382 68 70
383 68 79
384 68 81
385 68 83
386 68 90
387 68 94
388 68 102
389 68 108
390 68 117
391 68 118
392 68 119
393 68 122
394 68 140
395 68 151
396 68 156
397 68 157
398 68 158
399 68 163
400 68 164
401 68 198
402 68 233
403 68 235
404 68 245
405 68 254
406 68 259
407 68 260
408 68 261
409 69 169
410 70 79
411 70 81
412 70 83
413 70 90
414 70 94
415 70 102
416 70 108
417 70 117
418 70 118
419 70 119
420 70 122
421 70 140
422 70 141
423 70 151
424 70 156
425 70 157
426 70 158
427 70 163
428 70 164
429 70 170
430 70 198
431 70 233
432 70 235
433 70 245
434 70 254
435 70 259
436 70 260
437 70 261
438 72 95
439 72 132
440 72 147
441 72 161
442 72 179
443 72 219
444 72 234
445 72 240
446 74 144
447 74 183
448 76 189
449 77 89
450 77 103
451 77 121
452 77 126
453 77 159
454 77 172
455 77 177
456 77 193
457 77 247
458 77 263
459 78 107
460 78 165
461 78 196
462 78 215
463 79 81
464 79 83
465 79 90
466 79 94
467 79 102
468 79 108
469 79 117
470 79 118
471 79 119
472 79 122
473 79 140
474 79 141
475 79 151
476 79 156
477 79 157
478 79 158
479 79 163
480 79 164
481 79 233
482 79 235
483 79 245
484 79 254
485 79 259
486 79 260
487 79 261
488 81 83
489 81 90
490 81 94
491 81 102
492 81 108
493 81 117
494 81 118
495 81 119
496 81 122
497 81 140
498 81 141
499 81 151
500 81 156
501 81 157
502 81 158
503 81 163
504 81 164
505 81 170
506 81 198
507 81 233
508 81 235
509 81 245
510 81 254
511 81 259
512 81 260
513 81 261
514 82 84
515 82 113
516 82 205
517 82 208
518 82 209
519 82 221
520 82 226
521 82 238
522 83 90
523 83 94
524 83 102
525 83 108
526 83 117
527 83 118
528 83 119
529 83 122
530 83 140
531 83 141
532 83 151
533 83 156
534 83 157
535 83 158
536 83 163
537 83 164
538 83 170
539 83 198
540 83 233
541 83 235
542 83 245
543 83 254
544 83 259
545 83 260
546 83 261
547 84 91
548 84 100
549 84 113
550 84 194
551 84 205
552 84 208
553 84 209
554 84 221
555 84 226
556 84 228
557 84 229
558 84 231
559 84 238
560 87 138
561 89 103
562 89 121
563 89 126
564 89 159
565 89 172
566 89 177
567 89 193
568 89 247
569 89 263
570 90 94
571 90 102
572 90 108
573 90 117
574 90 118
575 90 119
576 90 122
577 90 140
578 90 141
579 90 151
580 90 156
581 90 157
582 90 158
583 90 163
584 90 164
585 90 170
586 90 198
587 90 233
588 90 235
589 90 245
590 90 254
591 90 259
592 90 260
593 90 261
594 91 100
595 91 113
596 91 194
597 91 208
598 91 209
599 91 221
600 91 226
601 91 228
602 91 229
603 91 238
604 94 102
605 94 108
606 94 117
607 94 118
608 94 119
609 94 122
610 94 140
611 94 141
612 94 151
613 94 156
614 94 157
615 94 158
616 94 163
617 94 164
618 94 170
619 94 233
620 94 235
621 94 245
622 94 254
623 94 259
624 94 260
625 94 261
626 95 132
627 95 147
628 95 161
629 95 179
630 95 191
631 95 219
632 95 234
633 95 240
634 96 230
635 100 113
636 100 194
637 100 208
638 100 209
639 100 221
640 100 226
641 100 228
642 100 229
643 100 231
644 100 238
645 102 108
646 102 117
647 102 118
648 102 119
649 102 122
650 102 140
651 102 141
652 102 151
653 102 156
654 102 157
655 102 158
656 102 163
657 102 164
658 102 170
659 102 198
660 102 233
661 102 235
662 102 245
663 102 254
664 102 259
665 102 260
666 102 261
667 103 121
668 103 126
669 103 159
670 103 172
671 103 177
672 103 193
673 103 247
674 103 263
675 104 136
676 104 139
677 107 165
678 107 196
679 107 215
680 108 117
681 108 118
682 108 119
683 108 122
684 108 140
685 108 141
686 108 151
687 108 156
688 108 157
689 108 158
690 108 163
691 108 164
692 108 170
693 108 198
694 108 233
695 108 235
696 108 245
697 108 254
698 108 259
699 108 260
700 108 261
701 110 135
702 110 188
703 110 227
704 111 258
705 113 194
706 113 205
707 113 208
708 113 209
709 113 221
710 113 226
711 113 228
712 113 229
713 113 231
714 113 238
715 115 128
716 117 118
717 117 119
718 117 122
719 117 140
720 117 141
721 117 151
722 117 156
723 117 157
724 117 158
725 117 163
726 117 164
727 117 170
728 117 198
729 117 233
730 117 235
731 117 245
732 117 254
733 117 259
734 117 260
735 117 261
736 118 119
737 118 122
738 118 140
739 118 141
740 118 151
741 118 156
742 118 157
743 118 158
744 118 163
745 118 164
746 118 170
747 118 198
748 118 233
749 118 235
750 118 245
751 118 254
752 118 259
753 118 260
754 118 261
755 119 122
756 119 140
757 119 141
758 119 151
759 119 156
760 119 157
761 119 158
762 119 163
763 119 164
764 119 198
765 119 233
766 119 235
767 119 245
768 119 254
769 119 259
770 119 260
771 119 261
772 121 126
773 121 159
774 121 172
775 121 177
776 121 193
777 121 247
778 121 263
779 122 140
780 122 141
781 122 151
782 122 156
783 122 157
784 122 158
785 122 163
786 122 164
787 122 170
788 122 198
789 122 233
790 122 235
791 122 245
792 122 254
793 122 259
794 122 260
795 122 261
796 125 132
797 126 159
798 126 172
799 126 177
800 126 193
801 126 247
802 126 263
803 132 147
804 132 161
805 132 179
806 132 191
807 132 219
808 132 234
809 132 240
810 135 188
811 135 227
812 136 139
813 140 141
814 140 151
815 140 156
816 140 157
817 140 158
818 140 163
819 140 164
820 140 170
821 140 198
822 140 233
823 140 235
824 140 245
825 140 254
826 140 259
827 140 260
828 140 261
829 141 151
830 141 156
831 141 157
832 141 158
833 141 163
834 141 164
835 141 170
836 141 233
837 141 235
838 141 245
839 141 254
840 141 259
841 141 260
842 141 261
843 143 253
844 144 183
845 146 194
846 146 197
847 146 209
848 146 226
849 147 161
850 147 179
851 147 191
852 147 219
853 147 234
854 147 240
855 148 150
856 151 156
857 151 157
858 151 158
859 151 163
860 151 164
861 151 170
862 151 198
863 151 233
864 151 235
865 151 245
866 151 254
867 151 259
868 151 260
869 151 261
870 152 201
871 156 157
872 156 158
873 156 163
874 156 164
875 156 170
876 156 198
877 156 233
878 156 235
879 156 245
880 156 254
881 156 259
882 156 260
883 156 261
884 157 158
885 157 163
886 157 164
887 157 170
888 157 198
889 157 233
890 157 235
891 157 245
892 157 254
893 157 259
894 157 260
895 157 261
896 158 163
897 158 164
898 158 170
899 158 198
900 158 233
901 158 235
902 158 245
903 158 254
904 158 259
905 158 260
906 158 261
907 159 172
908 159 177
909 159 193
910 159 247
911 159 263
912 160 180
913 160 248
914 161 179
915 161 191
916 161 219
917 161 234
918 161 240
919 163 164
920 163 198
921 163 233
922 163 235
923 163 245
924 163 254
925 163 259
926 163 260
927 163 261
928 164 170
929 164 198
930 164 233
931 164 235
932 164 245
933 164 254
934 164 259
935 164 260
936 164 261
937 165 196
938 165 215
939 170 233
940 170 235
941 170 245
942 170 254
943 170 260
944 170 261
945 172 177
946 172 193
947 172 247
948 172 263
949 177 193
950 177 247
951 177 263
952 179 191
953 179 219
954 179 234
955 179 240
956 180 248
957 188 227
958 191 219
959 191 234
960 191 240
961 193 247
962 193 263
963 194 197
964 194 208
965 194 209
966 194 221
967 194 226
968 194 228
969 194 229
970 194 231
971 194 238
972 196 215
973 197 209
974 197 226
975 198 233
976 198 235
977 198 245
978 198 254
979 198 259
980 198 260
981 198 261
982 205 208
983 205 209
984 205 221
985 205 238
986 208 209
987 208 221
988 208 226
989 208 228
990 208 229
991 208 238
992 209 221
993 209 226
994 209 228
995 209 229
996 209 231
997 209 238
998 214 239
999 219 234
1000 219 240
1001 221 222
1002 221 226
1003 221 228
1004 221 229
1005 221 231
1006 221 238
1007 225 249
1008 226 228
1009 226 229
1010 226 231
1011 226 238
1012 228 229
1013 228 231
1014 228 238
1015 229 238
1016 231 238
1017 233 235
1018 233 245
1019 233 254
1020 233 259
1021 233 260
1022 233 261
1023 234 240
1024 235 245
1025 235 254
1026 235 259
1027 235 260
1028 235 261
1029 245 254
1030 245 259
1031 245 260
1032 245 261
1033 247 263
1034 254 259
1035 254 260
1036 254 261
1037 259 260
1038 259 261
1039 260 261
