1 1 8
2 1 12
3 1 20
4 1 72
5 1 95
6 1 120
7 1 125
8 1 132
9 1 147
10 1 161
11 1 173
12 1 175
13 1 179
14 1 191
15 1 219
16 1 234
17 1 240
18 2 74
19 2 144
20 2 166
21 2 183
22 4 7
23 4 10
24 4 36
25 4 38
26 4 43
27 4 44
28 4 45
29 4 46
30 4 59
31 4 62
32 4 76
33 4 82
34 4 84
35 4 89
36 4 91
37 4 100
38 4 103
39 4 113
40 4 121
41 4 134
42 4 146
43 4 160
44 4 162
45 4 172
46 4 180
47 4 181
48 4 189
49 4 194
50 4 197
51 4 205
52 4 208
53 4 209
54 4 213
55 4 221
56 4 222
57 4 226
58 4 228
59 4 229
60 4 231
61 4 238
62 4 243
63 4 248
64 4 250
65 4 263
66 5 112
67 5 130
68 5 237
69 5 246
70 7 13
71 7 40
72 7 76
73 7 78
74 7 107
75 7 160
76 7 165
77 7 180
78 7 181
79 7 187
80 7 189
81 7 196
82 7 199
83 7 215
84 7 248
85 7 253
86 8 12
87 8 20
88 8 72
89 8 95
90 8 120
91 8 125
92 8 132
93 8 147
94 8 161
95 8 175
96 8 179
97 8 191
98 8 219
99 8 234
100 8 240
101 9 34
102 9 104
103 9 136
104 9 139
105 10 38
106 10 43
107 10 45
108 10 46
109 10 62
110 10 76
111 10 82
112 10 84
113 10 91
114 10 100
115 10 113
116 10 189
117 10 194
118 10 205
119 10 209
120 10 221
121 10 228
122 10 229
123 10 238
124 11 97
125 11 115
126 11 128
127 12 20
128 12 72
129 12 95
130 12 120
131 12 125
132 12 132
133 12 147
134 12 161
135 12 175
136 12 179
137 12 191
138 12 219
139 12 234
140 12 240
141 13 40
142 13 78
143 13 107
144 13 143
145 13 165
146 13 180
147 13 196
148 13 215
149 13 248
150 13 253
151 14 39
152 14 65
153 14 109
154 14 217
155 14 257
156 15 24
157 15 32
158 15 51
159 15 54
160 15 57
161 15 68
162 15 70
163 15 79
164 15 81
165 15 83
166 15 90
167 15 94
168 15 102
169 15 108
170 15 117
171 15 118
172 15 119
173 15 122
174 15 140
175 15 141
176 15 151
177 15 156
178 15 157
179 15 158
180 15 163
181 15 164
182 15 170
183 15 198
184 15 233
185 15 235
186 15 245
187 15 254
188 15 259
189 15 260
190 15 261
191 17 33
192 17 66
193 17 111
194 17 184
195 17 206
196 17 212
197 17 258
198 18 152
199 18 201
200 19 133
201 20 72
202 20 95
203 20 120
204 20 125
205 20 132
206 20 147
207 20 161
208 20 173
209 20 175
210 20 179
211 20 191
212 20 219
213 20 234
214 20 240
215 21 60
216 22 155
217 22 160
218 23 31
219 23 61
220 23 63
221 23 92
222 23 220
223 23 224
224 24 32
225 24 51
226 24 54
227 24 57
228 24 68
229 24 70
230 24 79
231 24 81
232 24 83
233 24 90
234 24 94
235 24 102
236 24 108
237 24 117
238 24 118
239 24 119
240 24 122
241 24 140
242 24 141
243 24 151
244 24 156
245 24 157
246 24 158
247 24 163
248 24 164
249 24 170
250 24 198
251 24 200
252 24 233
253 24 235
254 24 245
255 24 254
256 24 259
257 24 260
258 24 261
259 25 73
260 25 80
261 27 29
262 27 99
263 27 110
264 27 135
265 27 188
266 27 227
267 28 41
268 28 50
269 28 76
270 28 77
271 28 89
272 28 103
273 28 121
274 28 126
275 28 159
276 28 172
277 28 177
278 28 189
279 28 193
280 28 247
281 28 263
282 29 99
283 29 110
284 29 135
285 29 188
286 29 227
287 30 185
288 31 61
289 31 63
290 31 80
291 31 92
292 31 218
293 31 220
294 31 224
295 32 51
296 32 54
297 32 57
298 32 68
299 32 70
300 32 79
301 32 81
302 32 83
303 32 90
304 32 94
305 32 102
306 32 108
307 32 117
308 32 118
309 32 119
310 32 122
311 32 140
312 32 141
313 32 151
314 32 156
315 32 157
316 32 158
317 32 163
318 32 164
319 32 170
320 32 198
321 32 200
322 32 233
323 32 235
324 32 245
325 32 254
326 32 259
327 32 260
328 32 261
329 33 66
330 33 111
331 33 184
332 33 206
333 33 212
334 33 258
335 34 104
336 34 136
337 34 139
338 35 123
339 36 38
340 36 43
341 36 45
342 36 46
343 36 59
344 36 82
345 36 84
346 36 91
347 36 100
348 36 113
349 36 146
350 36 194
351 36 197
352 36 205
353 36 208
354 36 209
355 36 221
356 36 222
357 36 226
358 36 228
359 36 229
360 36 231
361 36 238
362 38 43
363 38 44
364 38 45
365 38 46
366 38 59
367 38 62
368 38 76
369 38 82
370 38 84
371 38 91
372 38 100
373 38 113
374 38 134
375 38 146
376 38 160
377 38 180
378 38 181
379 38 189
380 38 194
381 38 197
382 38 205
383 38 208
384 38 209
385 38 221
386 38 222
387 38 226
388 38 228
389 38 229
390 38 231
391 38 232
392 38 238
393 38 243
394 38 248
395 38 250
396 39 109
397 39 217
398 39 257
399 40 78
400 40 107
401 40 143
402 40 160
403 40 165
404 40 180
405 40 196
406 40 199
407 40 215
408 40 248
409 40 253
410 41 50
411 41 76
412 41 77
413 41 89
414 41 103
415 41 121
416 41 126
417 41 159
418 41 172
419 41 177
420 41 189
421 41 193
422 41 209
423 41 228
424 41 247
425 41 263
426 42 52
427 42 53
428 42 64
429 42 87
430 42 137
431 42 138
432 43 45
433 43 46
434 43 59
435 43 76
436 43 82
437 43 84
438 43 91
439 43 100
440 43 113
441 43 146
442 43 189
443 43 194
444 43 197
445 43 205
446 43 208
447 43 209
448 43 221
449 43 222
450 43 226
451 43 228
452 43 229
453 43 231
454 43 238
455 44 76
456 44 189
457 44 226
458 45 46
459 45 59
460 45 76
461 45 82
462 45 84
463 45 91
464 45 100
465 45 113
466 45 146
467 45 189
468 45 194
469 45 197
470 45 205
471 45 208
472 45 209
473 45 221
474 45 222
475 45 226
476 45 228
477 45 229
478 45 231
479 45 238
480 46 59
481 46 76
482 46 82
483 46 84
484 46 91
485 46 100
486 46 113
487 46 146
488 46 189
489 46 194
490 46 197
491 46 205
492 46 208
493 46 209
494 46 221
495 46 222
496 46 226
497 46 228
498 46 229
499 46 231
500 46 238
501 47 49
502 50 76
503 50 77
504 50 89
505 50 103
506 50 121
507 50 126
508 50 159
509 50 172
510 50 177
511 50 189
512 50 193
513 50 247
514 50 263
515 51 54
516 51 57
517 51 68
518 51 70
519 51 79
520 51 81
521 51 83
522 51 90
523 51 94
524 51 102
525 51 108
526 51 117
527 51 118
528 51 119
529 51 122
530 51 140
531 51 141
532 51 151
533 51 156
534 51 157
535 51 158
536 51 163
537 51 164
538 51 170
539 51 198
540 51 200
541 51 233
542 51 235
543 51 245
544 51 254
545 51 259
546 51 260
547 51 261
548 52 53
549 52 64
550 52 87
551 52 137
552 52 138
553 52 160
554 52 180
555 52 181
556 52 248
557 52 250
558 53 64
559 53 87
560 53 137
561 53 138
562 53 160
563 53 180
564 53 181
565 53 199
566 53 248
567 53 250
568 54 57
569 54 68
570 54 70
571 54 79
572 54 81
573 54 83
574 54 90
575 54 94
576 54 102
577 54 108
578 54 117
579 54 118
580 54 119
581 54 122
582 54 140
583 54 141
584 54 151
585 54 156
586 54 157
587 54 158
588 54 163
589 54 164
590 54 170
591 54 198
592 54 200
593 54 233
594 54 235
595 54 245
596 54 254
597 54 259
598 54 260
599 54 261
600 55 195
601 56 102
602 56 158
603 56 235
604 57 68
605 57 70
606 57 79
607 57 81
608 57 83
609 57 90
610 57 94
611 57 102
612 57 108
613 57 117
614 57 118
615 57 119
616 57 122
617 57 140
618 57 141
619 57 151
620 57 156
621 57 157
622 57 158
623 57 163
624 57 164
625 57 170
626 57 198
627 57 233
628 57 235
629 57 245
630 57 254
631 57 259
632 57 260
633 57 261
634 59 62
635 59 76
636 59 82
637 59 84
638 59 91
639 59 100
640 59 113
641 59 146
642 59 189
643 59 194
644 59 197
645 59 205
646 59 208
647 59 209
648 59 221
649 59 222
650 59 226
651 59 228
652 59 229
653 59 231
654 59 238
655 61 63
656 61 92
657 61 218
658 61 220
659 61 224
660 62 76
661 62 189
662 62 226
663 62 228
664 63 80
665 63 92
666 63 218
667 63 220
668 63 224
669 64 87
670 64 137
671 64 138
672 65 217
673 66 111
674 66 184
675 66 206
676 66 212
677 66 258
678 67 241
679 68 70
680 68 79
681 68 81
682 68 83
683 68 90
684 68 94
685 68 102
686 68 108
687 68 117
688 68 118
689 68 119
690 68 122
691 68 140
692 68 141
693 68 151
694 68 156
695 68 157
696 68 158
697 68 163
698 68 164
699 68 170
700 68 198
701 68 200
702 68 233
703 68 235
704 68 245
705 68 254
706 68 259
707 68 260
708 68 261
709 69 105
710 69 169
711 70 79
712 70 81
713 70 83
714 70 90
715 70 94
716 70 102
717 70 108
718 70 117
719 70 118
720 70 119
721 70 122
722 70 140
723 70 141
724 70 151
725 70 156
726 70 157
727 70 158
728 70 163
729 70 164
730 70 170
731 70 198
732 70 200
733 70 233
734 70 235
735 70 245
736 70 254
737 70 259
738 70 260
739 70 261
740 72 95
741 72 120
742 72 125
743 72 132
744 72 147
745 72 161
746 72 175
747 72 179
748 72 191
749 72 219
750 72 234
751 72 240
752 73 80
753 73 224
754 74 144
755 74 166
756 74 183
757 76 82
758 76 84
759 76 91
760 76 100
761 76 101
762 76 103
763 76 113
764 76 121
765 76 126
766 76 134
767 76 160
768 76 162
769 76 171
770 76 177
771 76 180
772 76 181
773 76 189
774 76 193
775 76 194
776 76 205
777 76 208
778 76 209
779 76 221
780 76 222
781 76 226
782 76 228
783 76 229
784 76 231
785 76 232
786 76 238
787 76 247
788 76 248
789 76 250
790 76 263
791 77 89
792 77 103
793 77 121
794 77 126
795 77 159
796 77 172
797 77 177
798 77 193
799 77 247
800 77 263
801 78 107
802 78 160
803 78 165
804 78 187
805 78 196
806 78 199
807 78 215
808 78 248
809 78 253
810 79 81
811 79 83
812 79 90
813 79 94
814 79 102
815 79 108
816 79 117
817 79 118
818 79 119
819 79 122
820 79 140
821 79 141
822 79 151
823 79 156
824 79 157
825 79 158
826 79 163
827 79 164
828 79 170
829 79 198
830 79 200
831 79 233
832 79 235
833 79 245
834 79 254
835 79 259
836 79 260
837 79 261
838 80 218
839 81 83
840 81 90
841 81 94
842 81 102
843 81 108
844 81 117
845 81 118
846 81 119
847 81 122
848 81 140
849 81 141
850 81 151
851 81 156
852 81 157
853 81 158
854 81 163
855 81 164
856 81 170
857 81 198
858 81 200
859 81 233
860 81 235
861 81 245
862 81 254
863 81 259
864 81 260
865 81 261
866 82 84
867 82 91
868 82 100
869 82 113
870 82 146
871 82 189
872 82 194
873 82 197
874 82 205
875 82 208
876 82 209
877 82 213
878 82 221
879 82 222
880 82 226
881 82 228
882 82 229
883 82 231
884 82 238
885 83 90
886 83 94
887 83 102
888 83 108
889 83 117
890 83 118
891 83 119
892 83 122
893 83 140
894 83 141
895 83 151
896 83 156
897 83 157
898 83 158
899 83 163
900 83 164
901 83 170
902 83 198
903 83 200
904 83 233
905 83 235
906 83 245
907 83 254
908 83 259
909 83 260
910 83 261
911 84 91
912 84 100
913 84 113
914 84 146
915 84 189
916 84 194
917 84 197
918 84 205
919 84 208
920 84 209
921 84 221
922 84 222
923 84 226
924 84 228
925 84 229
926 84 231
927 84 238
928 87 137
929 87 138
930 87 160
931 87 180
932 87 181
933 87 248
934 87 250
935 88 241
936 89 103
937 89 121
938 89 126
939 89 159
940 89 172
941 89 177
942 89 189
943 89 193
944 89 209
945 89 228
946 89 247
947 89 263
948 90 94
949 90 102
950 90 108
951 90 117
952 90 118
953 90 119
954 90 122
955 90 140
956 90 141
957 90 151
958 90 156
959 90 157
960 90 158
961 90 163
962 90 164
963 90 170
964 90 198
965 90 200
966 90 233
967 90 235
968 90 245
969 90 254
970 90 259
971 90 260
972 90 261
973 91 100
974 91 113
975 91 146
976 91 189
977 91 194
978 91 197
979 91 205
980 91 208
981 91 209
982 91 221
983 91 222
984 91 226
985 91 228
986 91 229
987 91 231
988 91 238
989 92 220
990 92 224
991 94 102
992 94 108
993 94 117
994 94 118
995 94 119
996 94 122
997 94 140
998 94 141
999 94 151
1000 94 156
1001 94 157
1002 94 158
1003 94 163
1004 94 164
1005 94 170
1006 94 198
1007 94 200
1008 94 233
1009 94 235
1010 94 245
1011 94 254
1012 94 259
1013 94 260
1014 94 261
1015 95 120
1016 95 125
1017 95 132
1018 95 147
1019 95 161
1020 95 175
1021 95 179
1022 95 191
1023 95 219
1024 95 234
1025 95 240
1026 96 230
1027 97 115
1028 97 128
1029 99 110
1030 99 135
1031 99 188
1032 99 227
1033 100 113
1034 100 146
1035 100 189
1036 100 194
1037 100 197
1038 100 205
1039 100 208
1040 100 209
1041 100 221
1042 100 222
1043 100 226
1044 100 228
1045 100 229
1046 100 231
1047 100 238
1048 101 189
1049 102 108
1050 102 117
1051 102 118
1052 102 119
1053 102 122
1054 102 140
1055 102 141
1056 102 151
1057 102 156
1058 102 157
1059 102 158
1060 102 163
1061 102 164
1062 102 170
1063 102 198
1064 102 200
1065 102 233
1066 102 235
1067 102 245
1068 102 254
1069 102 259
1070 102 260
1071 102 261
1072 103 121
1073 103 126
1074 103 159
1075 103 172
1076 103 177
1077 103 193
1078 103 209
1079 103 228
1080 103 247
1081 103 263
1082 104 136
1083 104 139
1084 105 169
1085 107 160
1086 107 165
1087 107 180
1088 107 187
1089 107 196
1090 107 199
1091 107 215
1092 107 248
1093 107 253
1094 108 117
1095 108 118
1096 108 119
1097 108 122
1098 108 140
1099 108 141
1100 108 151
1101 108 156
1102 108 157
1103 108 158
1104 108 163
1105 108 164
1106 108 170
1107 108 198
1108 108 200
1109 108 233
1110 108 235
1111 108 245
1112 108 254
1113 108 259
1114 108 260
1115 108 261
1116 109 217
1117 109 257
1118 110 135
1119 110 188
1120 110 227
1121 111 184
1122 111 206
1123 111 212
1124 111 258
1125 113 146
1126 113 189
1127 113 194
1128 113 197
1129 113 205
1130 113 208
1131 113 209
1132 113 221
1133 113 222
1134 113 226
1135 113 228
1136 113 229
1137 113 231
1138 113 238
1139 114 242
1140 115 128
1141 117 118
1142 117 119
1143 117 122
1144 117 140
1145 117 141
1146 117 151
1147 117 156
1148 117 157
1149 117 158
1150 117 163
1151 117 164
1152 117 170
1153 117 198
1154 117 200
1155 117 233
1156 117 235
1157 117 245
1158 117 254
1159 117 259
1160 117 260
1161 117 261
1162 118 119
1163 118 122
1164 118 140
1165 118 141
1166 118 151
1167 118 156
1168 118 157
1169 118 158
1170 118 163
1171 118 164
1172 118 170
1173 118 198
1174 118 200
1175 118 233
1176 118 235
1177 118 245
1178 118 254
1179 118 259
1180 118 260
1181 118 261
1182 119 122
1183 119 140
1184 119 141
1185 119 151
1186 119 156
1187 119 157
1188 119 158
1189 119 163
1190 119 164
1191 119 170
1192 119 198
1193 119 200
1194 119 233
1195 119 235
1196 119 245
1197 119 254
1198 119 259
1199 119 260
1200 119 261
1201 120 125
1202 120 132
1203 120 147
1204 120 161
1205 120 175
1206 120 179
1207 120 191
1208 120 219
1209 120 234
1210 120 240
1211 121 126
1212 121 159
1213 121 172
1214 121 177
1215 121 189
1216 121 193
1217 121 247
1218 121 263
1219 122 140
1220 122 141
1221 122 151
1222 122 156
1223 122 157
1224 122 158
1225 122 163
1226 122 164
1227 122 170
1228 122 198
1229 122 200
1230 122 233
1231 122 235
1232 122 245
1233 122 254
1234 122 259
1235 122 260
1236 122 261
1237 124 207
1238 125 132
1239 125 147
1240 125 161
1241 125 175
1242 125 179
1243 125 191
1244 125 219
1245 125 234
1246 125 240
1247 126 159
1248 126 172
1249 126 177
1250 126 189
1251 126 193
1252 126 247
1253 126 263
1254 127 174
1255 132 147
1256 132 161
1257 132 175
1258 132 179
1259 132 191
1260 132 219
1261 132 234
1262 132 240
1263 134 162
1264 134 189
1265 135 188
1266 135 227
1267 136 139
1268 137 138
1269 137 160
1270 137 180
1271 137 248
1272 137 250
1273 137 253
1274 138 160
1275 138 180
1276 138 181
1277 138 199
1278 138 248
1279 138 250
1280 140 141
1281 140 151
1282 140 156
1283 140 157
1284 140 158
1285 140 163
1286 140 164
1287 140 170
1288 140 198
1289 140 200
1290 140 233
1291 140 235
1292 140 245
1293 140 254
1294 140 259
1295 140 260
1296 140 261
1297 141 151
1298 141 156
1299 141 157
1300 141 158
1301 141 163
1302 141 164
1303 141 170
1304 141 198
1305 141 233
1306 141 235
1307 141 245
1308 141 254
1309 141 259
1310 141 260
1311 141 261
1312 143 160
1313 143 180
1314 143 199
1315 143 248
1316 143 253
1317 144 166
1318 144 183
1319 144 236
1320 144 244
1321 146 194
1322 146 197
1323 146 205
1324 146 208
1325 146 209
1326 146 221
1327 146 222
1328 146 226
1329 146 228
1330 146 229
1331 146 231
1332 146 238
1333 147 161
1334 147 175
1335 147 179
1336 147 191
1337 147 219
1338 147 234
1339 147 240
1340 148 150
1341 148 160
1342 148 180
1343 148 248
1344 150 160
1345 150 180
1346 150 248
1347 151 156
1348 151 157
1349 151 158
1350 151 163
1351 151 164
1352 151 170
1353 151 198
1354 151 200
1355 151 233
1356 151 235
1357 151 245
1358 151 254
1359 151 259
1360 151 260
1361 151 261
1362 152 201
1363 153 192
1364 153 204
1365 153 216
1366 154 207
1367 155 160
1368 156 157
1369 156 158
1370 156 163
1371 156 164
1372 156 170
1373 156 198
1374 156 200
1375 156 233
1376 156 235
1377 156 245
1378 156 254
1379 156 259
1380 156 260
1381 156 261
1382 157 158
1383 157 163
1384 157 164
1385 157 170
1386 157 198
1387 157 200
1388 157 233
1389 157 235
1390 157 245
1391 157 254
1392 157 259
1393 157 260
1394 157 261
1395 158 163
1396 158 164
1397 158 170
1398 158 198
1399 158 200
1400 158 233
1401 158 235
1402 158 245
1403 158 254
1404 158 259
1405 158 260
1406 158 261
1407 159 172
1408 159 177
1409 159 193
1410 159 247
1411 159 263
1412 160 165
1413 160 180
1414 160 181
1415 160 187
1416 160 189
1417 160 196
1418 160 199
1419 160 215
1420 160 248
1421 160 250
1422 160 253
1423 161 175
1424 161 179
1425 161 191
1426 161 219
1427 161 234
1428 161 240
1429 162 189
1430 162 221
1431 163 164
1432 163 170
1433 163 198
1434 163 200
1435 163 233
1436 163 235
1437 163 245
1438 163 254
1439 163 259
1440 163 260
1441 163 261
1442 164 170
1443 164 198
1444 164 200
1445 164 233
1446 164 235
1447 164 245
1448 164 254
1449 164 259
1450 164 260
1451 164 261
1452 165 180
1453 165 196
1454 165 199
1455 165 215
1456 165 248
1457 165 253
1458 166 183
1459 166 236
1460 166 244
1461 166 251
1462 170 198
1463 170 200
1464 170 233
1465 170 235
1466 170 245
1467 170 254
1468 170 259
1469 170 260
1470 170 261
1471 172 177
1472 172 193
1473 172 247
1474 172 263
1475 173 240
1476 173 256
1477 175 179
1478 175 191
1479 175 219
1480 175 234
1481 175 240
1482 177 189
1483 177 193
1484 177 247
1485 177 263
1486 179 191
1487 179 219
1488 179 234
1489 179 240
1490 180 181
1491 180 187
1492 180 189
1493 180 196
1494 180 199
1495 180 215
1496 180 248
1497 180 250
1498 180 253
1499 181 189
1500 181 248
1501 181 250
1502 183 236
1503 183 244
1504 184 206
1505 184 258
1506 187 196
1507 187 199
1508 187 215
1509 187 248
1510 188 227
1511 189 193
1512 189 194
1513 189 205
1514 189 208
1515 189 209
1516 189 221
1517 189 222
1518 189 226
1519 189 228
1520 189 229
1521 189 231
1522 189 232
1523 189 238
1524 189 247
1525 189 248
1526 189 250
1527 189 263
1528 191 219
1529 191 234
1530 191 240
1531 192 204
1532 192 216
1533 193 247
1534 193 263
1535 194 197
1536 194 205
1537 194 208
1538 194 209
1539 194 221
1540 194 222
1541 194 226
1542 194 228
1543 194 229
1544 194 231
1545 194 238
1546 196 199
1547 196 215
1548 196 248
1549 196 253
1550 197 205
1551 197 208
1552 197 209
1553 197 221
1554 197 222
1555 197 226
1556 197 228
1557 197 229
1558 197 231
1559 197 238
1560 198 200
1561 198 233
1562 198 235
1563 198 245
1564 198 254
1565 198 259
1566 198 260
1567 198 261
1568 199 215
1569 199 248
1570 199 250
1571 199 253
1572 200 233
1573 200 235
1574 200 245
1575 200 254
1576 200 259
1577 200 260
1578 200 261
1579 204 216
1580 205 208
1581 205 209
1582 205 221
1583 205 222
1584 205 226
1585 205 228
1586 205 229
1587 205 231
1588 205 238
1589 206 212
1590 206 258
1591 208 209
1592 208 221
1593 208 222
1594 208 226
1595 208 228
1596 208 229
1597 208 231
1598 208 238
1599 209 221
1600 209 222
1601 209 226
1602 209 228
1603 209 229
1604 209 231
1605 209 238
1606 209 263
1607 212 258
1608 214 239
1609 215 248
1610 215 253
1611 219 234
1612 219 240
1613 220 224
1614 221 222
1615 221 226
1616 221 228
1617 221 229
1618 221 231
1619 221 238
1620 221 243
1621 222 226
1622 222 228
1623 222 229
1624 222 231
1625 222 238
1626 222 243
1627 225 249
1628 226 228
1629 226 229
1630 226 231
1631 226 238
1632 226 243
1633 228 229
1634 228 231
1635 228 238
1636 228 263
1637 229 231
1638 229 238
1639 231 238
1640 233 235
1641 233 245
1642 233 254
1643 233 259
1644 233 260
1645 233 261
1646 234 240
1647 235 245
1648 235 254
1649 235 259
1650 235 260
1651 235 261
1652 236 244
1653 236 252
1654 237 246
1655 244 251
1656 245 254
1657 245 259
1658 245 260
1659 245 261
1660 247 263
1661 248 250
1662 248 253
1663 254 259
1664 254 260
1665 254 261
1666 259 260
1667 259 261
1668 260 261
