1 1 4
2 1 8
3 1 12
4 1 20
5 1 72
6 1 76
7 1 95
8 1 106
9 1 120
10 1 125
11 1 132
12 1 145
13 1 147
14 1 153
15 1 161
16 1 173
17 1 175
18 1 179
19 1 189
20 1 191
21 1 192
22 1 204
23 1 216
24 1 219
25 1 232
26 1 234
27 1 240
28 1 256
29 2 40
30 2 52
31 2 53
32 2 74
33 2 87
34 2 138
35 2 144
36 2 166
37 2 180
38 2 183
39 2 187
40 2 199
41 2 202
42 2 236
43 2 244
44 2 248
45 2 251
46 2 253
47 4 7
48 4 10
49 4 12
50 4 20
51 4 21
52 4 22
53 4 23
54 4 28
55 4 31
56 4 36
57 4 38
58 4 40
59 4 41
60 4 43
61 4 44
62 4 45
63 4 46
64 4 47
65 4 49
66 4 50
67 4 52
68 4 53
69 4 58
70 4 59
71 4 60
72 4 61
73 4 62
74 4 63
75 4 75
76 4 76
77 4 77
78 4 78
79 4 80
80 4 82
81 4 84
82 4 87
83 4 89
84 4 91
85 4 100
86 4 101
87 4 103
88 4 107
89 4 113
90 4 121
91 4 126
92 4 127
93 4 129
94 4 134
95 4 137
96 4 138
97 4 145
98 4 146
99 4 147
100 4 148
101 4 150
102 4 155
103 4 159
104 4 160
105 4 162
106 4 165
107 4 171
108 4 172
109 4 177
110 4 179
111 4 180
112 4 181
113 4 183
114 4 189
115 4 193
116 4 194
117 4 196
118 4 197
119 4 199
120 4 203
121 4 205
122 4 207
123 4 208
124 4 209
125 4 211
126 4 213
127 4 214
128 4 215
129 4 218
130 4 219
131 4 221
132 4 222
133 4 223
134 4 225
135 4 226
136 4 228
137 4 229
138 4 231
139 4 232
140 4 234
141 4 238
142 4 239
143 4 240
144 4 241
145 4 243
146 4 244
147 4 247
148 4 248
149 4 250
150 4 253
151 4 263
152 5 112
153 5 130
154 5 237
155 5 246
156 7 13
157 7 21
158 7 22
159 7 36
160 7 38
161 7 40
162 7 42
163 7 44
164 7 52
165 7 53
166 7 58
167 7 60
168 7 76
169 7 78
170 7 82
171 7 84
172 7 87
173 7 100
174 7 107
175 7 113
176 7 129
177 7 137
178 7 138
179 7 143
180 7 144
181 7 145
182 7 148
183 7 150
184 7 155
185 7 160
186 7 165
187 7 171
188 7 180
189 7 181
190 7 183
191 7 187
192 7 189
193 7 196
194 7 199
195 7 205
196 7 209
197 7 213
198 7 214
199 7 215
200 7 218
201 7 221
202 7 222
203 7 226
204 7 228
205 7 231
206 7 232
207 7 244
208 7 248
209 7 250
210 7 253
211 8 12
212 8 20
213 8 72
214 8 95
215 8 120
216 8 125
217 8 132
218 8 145
219 8 147
220 8 161
221 8 173
222 8 175
223 8 179
224 8 191
225 8 192
226 8 204
227 8 219
228 8 234
229 8 240
230 8 256
231 9 11
232 9 34
233 9 35
234 9 97
235 9 104
236 9 105
237 9 115
238 9 128
239 9 136
240 9 139
241 9 169
242 10 36
243 10 38
244 10 41
245 10 43
246 10 44
247 10 45
248 10 46
249 10 59
250 10 62
251 10 76
252 10 82
253 10 84
254 10 87
255 10 89
256 10 91
257 10 100
258 10 101
259 10 103
260 10 113
261 10 121
262 10 126
263 10 134
264 10 146
265 10 160
266 10 162
267 10 180
268 10 181
269 10 189
270 10 194
271 10 197
272 10 205
273 10 208
274 10 209
275 10 218
276 10 221
277 10 222
278 10 226
279 10 228
280 10 229
281 10 231
282 10 238
283 10 243
284 10 248
285 10 250
286 11 34
287 11 35
288 11 69
289 11 97
290 11 104
291 11 115
292 11 123
293 11 128
294 11 136
295 11 139
296 11 169
297 12 20
298 12 38
299 12 72
300 12 76
301 12 95
302 12 106
303 12 120
304 12 125
305 12 132
306 12 145
307 12 147
308 12 161
309 12 173
310 12 175
311 12 179
312 12 189
313 12 191
314 12 192
315 12 204
316 12 216
317 12 219
318 12 232
319 12 234
320 12 240
321 12 256
322 13 40
323 13 52
324 13 64
325 13 78
326 13 87
327 13 107
328 13 137
329 13 138
330 13 143
331 13 160
332 13 165
333 13 180
334 13 181
335 13 187
336 13 196
337 13 199
338 13 215
339 13 232
340 13 248
341 13 250
342 13 253
343 14 39
344 14 65
345 14 109
346 14 186
347 14 217
348 14 257
349 15 24
350 15 32
351 15 51
352 15 54
353 15 57
354 15 68
355 15 70
356 15 79
357 15 81
358 15 83
359 15 90
360 15 94
361 15 102
362 15 108
363 15 117
364 15 118
365 15 119
366 15 122
367 15 140
368 15 141
369 15 151
370 15 156
371 15 157
372 15 158
373 15 163
374 15 164
375 15 170
376 15 198
377 15 200
378 15 233
379 15 235
380 15 245
381 15 254
382 15 259
383 15 260
384 15 261
385 17 33
386 17 66
387 17 85
388 17 111
389 17 184
390 17 206
391 17 212
392 17 258
393 18 152
394 18 201
395 19 133
396 19 180
397 19 248
398 20 72
399 20 95
400 20 106
401 20 120
402 20 125
403 20 132
404 20 145
405 20 147
406 20 153
407 20 161
408 20 173
409 20 175
410 20 179
411 20 189
412 20 191
413 20 204
414 20 216
415 20 219
416 20 234
417 20 240
418 20 256
419 21 22
420 21 38
421 21 60
422 21 76
423 21 78
424 21 82
425 21 107
426 21 145
427 21 155
428 21 160
429 21 165
430 21 171
431 21 180
432 21 187
433 21 189
434 21 196
435 21 213
436 21 215
437 21 218
438 21 226
439 21 228
440 21 232
441 21 250
442 22 23
443 22 31
444 22 38
445 22 44
446 22 46
447 22 49
448 22 59
449 22 60
450 22 61
451 22 62
452 22 63
453 22 73
454 22 76
455 22 78
456 22 80
457 22 91
458 22 101
459 22 145
460 22 148
461 22 150
462 22 155
463 22 160
464 22 165
465 22 171
466 22 180
467 22 189
468 22 194
469 22 199
470 22 205
471 22 208
472 22 209
473 22 214
474 22 218
475 22 221
476 22 222
477 22 224
478 22 226
479 22 228
480 22 248
481 22 250
482 23 25
483 23 31
484 23 38
485 23 44
486 23 49
487 23 61
488 23 63
489 23 73
490 23 76
491 23 80
492 23 92
493 23 132
494 23 160
495 23 171
496 23 189
497 23 209
498 23 218
499 23 220
500 23 224
501 23 232
502 24 32
503 24 51
504 24 54
505 24 57
506 24 68
507 24 70
508 24 79
509 24 81
510 24 83
511 24 90
512 24 94
513 24 102
514 24 108
515 24 117
516 24 118
517 24 119
518 24 122
519 24 140
520 24 141
521 24 151
522 24 156
523 24 157
524 24 158
525 24 163
526 24 164
527 24 170
528 24 198
529 24 200
530 24 233
531 24 235
532 24 245
533 24 254
534 24 259
535 24 260
536 24 261
537 25 31
538 25 61
539 25 63
540 25 73
541 25 80
542 25 218
543 25 220
544 25 224
545 27 29
546 27 99
547 27 110
548 27 135
549 27 188
550 27 227
551 28 36
552 28 38
553 28 41
554 28 43
555 28 44
556 28 45
557 28 46
558 28 50
559 28 59
560 28 62
561 28 76
562 28 77
563 28 82
564 28 84
565 28 89
566 28 91
567 28 100
568 28 103
569 28 113
570 28 121
571 28 126
572 28 134
573 28 146
574 28 159
575 28 172
576 28 177
577 28 189
578 28 193
579 28 197
580 28 205
581 28 208
582 28 209
583 28 221
584 28 226
585 28 228
586 28 229
587 28 231
588 28 238
589 28 247
590 28 263
591 29 99
592 29 110
593 29 135
594 29 188
595 29 227
596 30 185
597 31 38
598 31 44
599 31 61
600 31 63
601 31 73
602 31 76
603 31 80
604 31 92
605 31 121
606 31 132
607 31 160
608 31 171
609 31 189
610 31 209
611 31 218
612 31 220
613 31 224
614 31 232
615 31 255
616 32 51
617 32 54
618 32 57
619 32 68
620 32 70
621 32 79
622 32 81
623 32 83
624 32 90
625 32 94
626 32 102
627 32 108
628 32 111
629 32 117
630 32 118
631 32 119
632 32 122
633 32 140
634 32 141
635 32 151
636 32 156
637 32 157
638 32 158
639 32 163
640 32 164
641 32 170
642 32 198
643 32 200
644 32 233
645 32 235
646 32 245
647 32 254
648 32 259
649 32 260
650 32 261
651 33 66
652 33 83
653 33 85
654 33 111
655 33 151
656 33 184
657 33 206
658 33 212
659 33 258
660 34 35
661 34 69
662 34 97
663 34 104
664 34 105
665 34 115
666 34 128
667 34 136
668 34 139
669 34 169
670 35 69
671 35 97
672 35 104
673 35 105
674 35 115
675 35 123
676 35 128
677 35 139
678 35 169
679 36 38
680 36 41
681 36 43
682 36 44
683 36 45
684 36 46
685 36 49
686 36 50
687 36 59
688 36 62
689 36 76
690 36 77
691 36 82
692 36 84
693 36 89
694 36 91
695 36 100
696 36 103
697 36 113
698 36 121
699 36 126
700 36 146
701 36 160
702 36 162
703 36 172
704 36 177
705 36 180
706 36 181
707 36 189
708 36 193
709 36 194
710 36 197
711 36 199
712 36 205
713 36 208
714 36 209
715 36 213
716 36 221
717 36 222
718 36 225
719 36 226
720 36 228
721 36 229
722 36 231
723 36 238
724 36 243
725 36 247
726 36 248
727 36 250
728 38 40
729 38 41
730 38 43
731 38 44
732 38 45
733 38 46
734 38 47
735 38 49
736 38 50
737 38 52
738 38 53
739 38 58
740 38 59
741 38 60
742 38 62
743 38 63
744 38 64
745 38 76
746 38 77
747 38 78
748 38 80
749 38 82
750 38 84
751 38 87
752 38 89
753 38 91
754 38 92
755 38 100
756 38 101
757 38 103
758 38 107
759 38 113
760 38 121
761 38 126
762 38 129
763 38 134
764 38 137
765 38 138
766 38 145
767 38 146
768 38 148
769 38 150
770 38 155
771 38 159
772 38 160
773 38 162
774 38 165
775 38 171
776 38 172
777 38 177
778 38 180
779 38 181
780 38 187
781 38 189
782 38 193
783 38 194
784 38 196
785 38 197
786 38 199
787 38 203
788 38 205
789 38 208
790 38 209
791 38 213
792 38 214
793 38 215
794 38 218
795 38 221
796 38 222
797 38 223
798 38 224
799 38 226
800 38 228
801 38 229
802 38 231
803 38 232
804 38 234
805 38 238
806 38 240
807 38 241
808 38 243
809 38 247
810 38 248
811 38 250
812 38 253
813 38 263
814 39 65
815 39 109
816 39 217
817 39 257
818 40 43
819 40 45
820 40 52
821 40 53
822 40 74
823 40 78
824 40 82
825 40 87
826 40 107
827 40 137
828 40 138
829 40 143
830 40 144
831 40 160
832 40 165
833 40 180
834 40 181
835 40 183
836 40 187
837 40 196
838 40 199
839 40 205
840 40 214
841 40 215
842 40 232
843 40 236
844 40 244
845 40 248
846 40 250
847 40 253
848 41 43
849 41 44
850 41 45
851 41 46
852 41 50
853 41 59
854 41 62
855 41 76
856 41 77
857 41 82
858 41 84
859 41 89
860 41 91
861 41 100
862 41 101
863 41 103
864 41 113
865 41 121
866 41 126
867 41 134
868 41 159
869 41 160
870 41 162
871 41 172
872 41 177
873 41 180
874 41 189
875 41 193
876 41 205
877 41 208
878 41 209
879 41 218
880 41 221
881 41 222
882 41 226
883 41 228
884 41 229
885 41 231
886 41 238
887 41 247
888 41 248
889 41 250
890 41 263
891 42 52
892 42 53
893 42 64
894 42 87
895 42 137
896 42 138
897 42 143
898 42 160
899 42 180
900 42 181
901 42 187
902 42 199
903 42 236
904 42 248
905 42 250
906 42 253
907 43 45
908 43 46
909 43 47
910 43 49
911 43 50
912 43 52
913 43 59
914 43 62
915 43 76
916 43 77
917 43 82
918 43 84
919 43 87
920 43 91
921 43 100
922 43 101
923 43 113
924 43 121
925 43 126
926 43 134
927 43 138
928 43 146
929 43 160
930 43 165
931 43 172
932 43 177
933 43 180
934 43 181
935 43 189
936 43 193
937 43 194
938 43 197
939 43 205
940 43 208
941 43 209
942 43 213
943 43 214
944 43 221
945 43 222
946 43 223
947 43 226
948 43 228
949 43 229
950 43 231
951 43 232
952 43 238
953 43 239
954 43 241
955 43 243
956 43 247
957 43 248
958 43 250
959 44 46
960 44 49
961 44 50
962 44 52
963 44 59
964 44 61
965 44 62
966 44 76
967 44 82
968 44 84
969 44 91
970 44 100
971 44 101
972 44 113
973 44 121
974 44 126
975 44 134
976 44 138
977 44 146
978 44 160
979 44 162
980 44 171
981 44 172
982 44 177
983 44 180
984 44 181
985 44 189
986 44 193
987 44 194
988 44 197
989 44 199
990 44 203
991 44 208
992 44 209
993 44 213
994 44 218
995 44 221
996 44 222
997 44 224
998 44 226
999 44 228
1000 44 229
1001 44 231
1002 44 232
1003 44 238
1004 44 243
1005 44 248
1006 44 250
1007 44 263
1008 45 46
1009 45 47
1010 45 49
1011 45 50
1012 45 52
1013 45 59
1014 45 62
1015 45 76
1016 45 77
1017 45 82
1018 45 84
1019 45 87
1020 45 91
1021 45 100
1022 45 101
1023 45 113
1024 45 121
1025 45 126
1026 45 134
1027 45 138
1028 45 146
1029 45 160
1030 45 165
1031 45 172
1032 45 177
1033 45 180
1034 45 181
1035 45 189
1036 45 193
1037 45 194
1038 45 197
1039 45 205
1040 45 208
1041 45 209
1042 45 213
1043 45 214
1044 45 221
1045 45 222
1046 45 223
1047 45 226
1048 45 228
1049 45 229
1050 45 231
1051 45 232
1052 45 238
1053 45 239
1054 45 241
1055 45 243
1056 45 247
1057 45 248
1058 45 250
1059 46 50
1060 46 59
1061 46 62
1062 46 76
1063 46 77
1064 46 82
1065 46 84
1066 46 89
1067 46 91
1068 46 100
1069 46 101
1070 46 103
1071 46 113
1072 46 121
1073 46 126
1074 46 134
1075 46 146
1076 46 159
1077 46 160
1078 46 162
1079 46 165
1080 46 172
1081 46 177
1082 46 180
1083 46 181
1084 46 189
1085 46 193
1086 46 194
1087 46 197
1088 46 205
1089 46 208
1090 46 209
1091 46 213
1092 46 218
1093 46 221
1094 46 222
1095 46 226
1096 46 228
1097 46 229
1098 46 231
1099 46 232
1100 46 238
1101 46 243
1102 46 247
1103 46 248
1104 46 250
1105 46 263
1106 47 49
1107 47 59
1108 47 61
1109 47 76
1110 47 82
1111 47 160
1112 47 189
1113 47 205
1114 47 209
1115 47 211
1116 47 213
1117 47 218
1118 47 226
1119 47 250
1120 49 59
1121 49 76
1122 49 82
1123 49 160
1124 49 171
1125 49 189
1126 49 205
1127 49 209
1128 49 211
1129 49 213
1130 49 218
1131 49 221
1132 49 223
1133 49 224
1134 49 226
1135 49 232
1136 50 59
1137 50 62
1138 50 76
1139 50 77
1140 50 82
1141 50 84
1142 50 89
1143 50 91
1144 50 100
1145 50 103
1146 50 113
1147 50 121
1148 50 126
1149 50 146
1150 50 159
1151 50 172
1152 50 177
1153 50 189
1154 50 193
1155 50 197
1156 50 205
1157 50 208
1158 50 209
1159 50 221
1160 50 222
1161 50 226
1162 50 228
1163 50 229
1164 50 231
1165 50 238
1166 50 247
1167 50 263
1168 51 54
1169 51 57
1170 51 68
1171 51 70
1172 51 79
1173 51 81
1174 51 83
1175 51 90
1176 51 94
1177 51 102
1178 51 108
1179 51 117
1180 51 118
1181 51 119
1182 51 122
1183 51 140
1184 51 141
1185 51 151
1186 51 156
1187 51 157
1188 51 158
1189 51 163
1190 51 164
1191 51 170
1192 51 198
1193 51 200
1194 51 233
1195 51 235
1196 51 245
1197 51 254
1198 51 259
1199 51 260
1200 51 261
1201 52 53
1202 52 58
1203 52 59
1204 52 62
1205 52 64
1206 52 76
1207 52 78
1208 52 82
1209 52 87
1210 52 100
1211 52 107
1212 52 134
1213 52 137
1214 52 138
1215 52 143
1216 52 144
1217 52 148
1218 52 150
1219 52 160
1220 52 165
1221 52 180
1222 52 181
1223 52 183
1224 52 187
1225 52 189
1226 52 196
1227 52 199
1228 52 202
1229 52 205
1230 52 215
1231 52 226
1232 52 236
1233 52 244
1234 52 248
1235 52 250
1236 52 253
1237 53 64
1238 53 76
1239 53 78
1240 53 87
1241 53 107
1242 53 137
1243 53 138
1244 53 143
1245 53 144
1246 53 148
1247 53 160
1248 53 165
1249 53 180
1250 53 181
1251 53 183
1252 53 187
1253 53 189
1254 53 196
1255 53 199
1256 53 202
1257 53 205
1258 53 215
1259 53 236
1260 53 244
1261 53 248
1262 53 250
1263 53 253
1264 54 57
1265 54 68
1266 54 70
1267 54 79
1268 54 81
1269 54 83
1270 54 90
1271 54 94
1272 54 102
1273 54 108
1274 54 117
1275 54 118
1276 54 119
1277 54 122
1278 54 140
1279 54 141
1280 54 151
1281 54 156
1282 54 157
1283 54 158
1284 54 163
1285 54 164
1286 54 170
1287 54 198
1288 54 200
1289 54 233
1290 54 235
1291 54 245
1292 54 254
1293 54 259
1294 54 260
1295 54 261
1296 55 195
1297 56 83
1298 56 90
1299 56 102
1300 56 118
1301 56 119
1302 56 156
1303 56 158
1304 56 163
1305 56 164
1306 56 233
1307 56 235
1308 56 254
1309 56 259
1310 56 260
1311 56 261
1312 57 68
1313 57 70
1314 57 79
1315 57 81
1316 57 83
1317 57 90
1318 57 94
1319 57 102
1320 57 108
1321 57 111
1322 57 117
1323 57 118
1324 57 119
1325 57 122
1326 57 140
1327 57 141
1328 57 151
1329 57 156
1330 57 157
1331 57 158
1332 57 163
1333 57 164
1334 57 170
1335 57 198
1336 57 200
1337 57 233
1338 57 235
1339 57 245
1340 57 254
1341 57 259
1342 57 260
1343 57 261
1344 58 76
1345 58 78
1346 58 82
1347 58 91
1348 58 107
1349 58 138
1350 58 148
1351 58 150
1352 58 160
1353 58 165
1354 58 180
1355 58 181
1356 58 189
1357 58 196
1358 58 199
1359 58 209
1360 58 215
1361 58 248
1362 58 250
1363 58 253
1364 59 62
1365 59 76
1366 59 77
1367 59 82
1368 59 84
1369 59 89
1370 59 91
1371 59 100
1372 59 101
1373 59 103
1374 59 113
1375 59 121
1376 59 126
1377 59 134
1378 59 138
1379 59 145
1380 59 146
1381 59 148
1382 59 159
1383 59 160
1384 59 162
1385 59 165
1386 59 171
1387 59 172
1388 59 177
1389 59 180
1390 59 181
1391 59 189
1392 59 193
1393 59 194
1394 59 197
1395 59 199
1396 59 205
1397 59 208
1398 59 209
1399 59 213
1400 59 218
1401 59 221
1402 59 222
1403 59 223
1404 59 225
1405 59 226
1406 59 228
1407 59 229
1408 59 231
1409 59 232
1410 59 238
1411 59 243
1412 59 247
1413 59 248
1414 59 250
1415 59 263
1416 60 76
1417 60 78
1418 60 82
1419 60 145
1420 60 148
1421 60 155
1422 60 160
1423 60 171
1424 60 180
1425 60 189
1426 60 226
1427 60 228
1428 60 248
1429 61 63
1430 61 73
1431 61 76
1432 61 80
1433 61 92
1434 61 171
1435 61 189
1436 61 218
1437 61 220
1438 61 224
1439 61 255
1440 62 76
1441 62 82
1442 62 84
1443 62 89
1444 62 91
1445 62 100
1446 62 101
1447 62 103
1448 62 113
1449 62 121
1450 62 126
1451 62 134
1452 62 138
1453 62 146
1454 62 159
1455 62 162
1456 62 172
1457 62 177
1458 62 180
1459 62 181
1460 62 189
1461 62 193
1462 62 194
1463 62 197
1464 62 205
1465 62 208
1466 62 209
1467 62 221
1468 62 222
1469 62 226
1470 62 228
1471 62 229
1472 62 231
1473 62 238
1474 62 243
1475 62 247
1476 62 248
1477 62 250
1478 62 263
1479 63 73
1480 63 76
1481 63 80
1482 63 92
1483 63 132
1484 63 160
1485 63 171
1486 63 189
1487 63 209
1488 63 218
1489 63 220
1490 63 224
1491 63 232
1492 63 255
1493 64 87
1494 64 137
1495 64 138
1496 64 143
1497 64 160
1498 64 165
1499 64 180
1500 64 181
1501 64 199
1502 64 248
1503 64 250
1504 64 253
1505 65 109
1506 65 186
1507 65 217
1508 65 257
1509 66 85
1510 66 111
1511 66 184
1512 66 206
1513 66 212
1514 66 258
1515 67 241
1516 68 70
1517 68 79
1518 68 81
1519 68 83
1520 68 90
1521 68 94
1522 68 102
1523 68 108
1524 68 117
1525 68 118
1526 68 119
1527 68 122
1528 68 140
1529 68 141
1530 68 151
1531 68 156
1532 68 157
1533 68 158
1534 68 163
1535 68 164
1536 68 170
1537 68 198
1538 68 200
1539 68 233
1540 68 235
1541 68 245
1542 68 254
1543 68 259
1544 68 260
1545 68 261
1546 69 97
1547 69 104
1548 69 105
1549 69 115
1550 69 128
1551 69 136
1552 69 139
1553 69 169
1554 70 71
1555 70 79
1556 70 81
1557 70 83
1558 70 90
1559 70 94
1560 70 102
1561 70 108
1562 70 117
1563 70 118
1564 70 119
1565 70 122
1566 70 140
1567 70 141
1568 70 151
1569 70 156
1570 70 157
1571 70 158
1572 70 163
1573 70 164
1574 70 170
1575 70 198
1576 70 200
1577 70 233
1578 70 235
1579 70 245
1580 70 254
1581 70 259
1582 70 260
1583 70 261
1584 71 81
1585 71 122
1586 71 151
1587 71 245
1588 72 95
1589 72 120
1590 72 125
1591 72 132
1592 72 145
1593 72 147
1594 72 161
1595 72 173
1596 72 175
1597 72 179
1598 72 191
1599 72 219
1600 72 234
1601 72 240
1602 72 256
1603 73 80
1604 73 160
1605 73 171
1606 73 218
1607 73 220
1608 73 224
1609 74 98
1610 74 144
1611 74 166
1612 74 183
1613 74 202
1614 74 236
1615 74 244
1616 74 251
1617 74 253
1618 75 213
1619 76 77
1620 76 78
1621 76 80
1622 76 82
1623 76 84
1624 76 87
1625 76 89
1626 76 91
1627 76 100
1628 76 101
1629 76 103
1630 76 107
1631 76 113
1632 76 121
1633 76 126
1634 76 127
1635 76 132
1636 76 134
1637 76 137
1638 76 138
1639 76 145
1640 76 146
1641 76 147
1642 76 148
1643 76 150
1644 76 155
1645 76 159
1646 76 160
1647 76 162
1648 76 165
1649 76 171
1650 76 172
1651 76 177
1652 76 179
1653 76 180
1654 76 181
1655 76 187
1656 76 189
1657 76 191
1658 76 193
1659 76 194
1660 76 196
1661 76 197
1662 76 199
1663 76 203
1664 76 205
1665 76 208
1666 76 209
1667 76 211
1668 76 213
1669 76 214
1670 76 215
1671 76 218
1672 76 219
1673 76 221
1674 76 222
1675 76 224
1676 76 226
1677 76 228
1678 76 229
1679 76 231
1680 76 232
1681 76 234
1682 76 237
1683 76 238
1684 76 239
1685 76 240
1686 76 243
1687 76 247
1688 76 248
1689 76 250
1690 76 253
1691 76 263
1692 77 82
1693 77 84
1694 77 89
1695 77 91
1696 77 100
1697 77 103
1698 77 113
1699 77 121
1700 77 126
1701 77 159
1702 77 172
1703 77 177
1704 77 189
1705 77 193
1706 77 205
1707 77 208
1708 77 209
1709 77 221
1710 77 226
1711 77 228
1712 77 229
1713 77 231
1714 77 238
1715 77 247
1716 77 263
1717 78 82
1718 78 87
1719 78 91
1720 78 107
1721 78 137
1722 78 138
1723 78 143
1724 78 144
1725 78 160
1726 78 165
1727 78 180
1728 78 181
1729 78 183
1730 78 187
1731 78 189
1732 78 196
1733 78 199
1734 78 209
1735 78 213
1736 78 214
1737 78 215
1738 78 226
1739 78 232
1740 78 248
1741 78 250
1742 78 253
1743 79 81
1744 79 83
1745 79 90
1746 79 94
1747 79 102
1748 79 108
1749 79 111
1750 79 117
1751 79 118
1752 79 119
1753 79 122
1754 79 140
1755 79 141
1756 79 151
1757 79 156
1758 79 157
1759 79 158
1760 79 163
1761 79 164
1762 79 170
1763 79 198
1764 79 200
1765 79 233
1766 79 235
1767 79 245
1768 79 254
1769 79 259
1770 79 260
1771 79 261
1772 80 92
1773 80 160
1774 80 171
1775 80 189
1776 80 218
1777 80 220
1778 80 224
1779 80 255
1780 81 83
1781 81 90
1782 81 94
1783 81 102
1784 81 108
1785 81 117
1786 81 118
1787 81 119
1788 81 122
1789 81 140
1790 81 141
1791 81 151
1792 81 156
1793 81 157
1794 81 158
1795 81 163
1796 81 164
1797 81 170
1798 81 198
1799 81 200
1800 81 233
1801 81 235
1802 81 245
1803 81 254
1804 81 259
1805 81 260
1806 81 261
1807 82 84
1808 82 89
1809 82 91
1810 82 100
1811 82 101
1812 82 103
1813 82 107
1814 82 113
1815 82 121
1816 82 126
1817 82 132
1818 82 134
1819 82 137
1820 82 138
1821 82 146
1822 82 148
1823 82 150
1824 82 159
1825 82 160
1826 82 162
1827 82 165
1828 82 171
1829 82 172
1830 82 177
1831 82 180
1832 82 181
1833 82 187
1834 82 189
1835 82 193
1836 82 194
1837 82 196
1838 82 197
1839 82 199
1840 82 205
1841 82 208
1842 82 209
1843 82 213
1844 82 214
1845 82 215
1846 82 221
1847 82 222
1848 82 223
1849 82 226
1850 82 228
1851 82 229
1852 82 231
1853 82 232
1854 82 237
1855 82 238
1856 82 241
1857 82 243
1858 82 247
1859 82 248
1860 82 250
1861 82 263
1862 83 90
1863 83 94
1864 83 102
1865 83 108
1866 83 111
1867 83 117
1868 83 118
1869 83 119
1870 83 122
1871 83 140
1872 83 141
1873 83 151
1874 83 156
1875 83 157
1876 83 158
1877 83 163
1878 83 164
1879 83 170
1880 83 198
1881 83 200
1882 83 233
1883 83 235
1884 83 245
1885 83 254
1886 83 259
1887 83 260
1888 83 261
1889 84 89
1890 84 91
1891 84 100
1892 84 101
1893 84 103
1894 84 113
1895 84 121
1896 84 126
1897 84 134
1898 84 137
1899 84 143
1900 84 146
1901 84 159
1902 84 162
1903 84 165
1904 84 172
1905 84 177
1906 84 180
1907 84 181
1908 84 189
1909 84 193
1910 84 194
1911 84 197
1912 84 205
1913 84 208
1914 84 209
1915 84 213
1916 84 221
1917 84 222
1918 84 226
1919 84 228
1920 84 229
1921 84 231
1922 84 232
1923 84 238
1924 84 241
1925 84 243
1926 84 247
1927 84 248
1928 84 249
1929 84 263
1930 85 111
1931 85 184
1932 85 206
1933 85 212
1934 85 258
1935 86 124
1936 86 154
1937 86 207
1938 87 91
1939 87 107
1940 87 134
1941 87 137
1942 87 138
1943 87 143
1944 87 144
1945 87 160
1946 87 165
1947 87 180
1948 87 181
1949 87 183
1950 87 187
1951 87 189
1952 87 196
1953 87 199
1954 87 202
1955 87 205
1956 87 215
1957 87 226
1958 87 236
1959 87 248
1960 87 250
1961 87 253
1962 88 241
1963 89 91
1964 89 100
1965 89 103
1966 89 113
1967 89 121
1968 89 126
1969 89 134
1970 89 145
1971 89 159
1972 89 162
1973 89 172
1974 89 177
1975 89 181
1976 89 189
1977 89 193
1978 89 194
1979 89 205
1980 89 209
1981 89 221
1982 89 226
1983 89 228
1984 89 229
1985 89 231
1986 89 238
1987 89 247
1988 89 250
1989 89 263
1990 90 94
1991 90 102
1992 90 108
1993 90 117
1994 90 118
1995 90 119
1996 90 122
1997 90 140
1998 90 141
1999 90 151
2000 90 156
2001 90 157
2002 90 158
2003 90 163
2004 90 164
2005 90 170
2006 90 198
2007 90 200
2008 90 233
2009 90 235
2010 90 245
2011 90 254
2012 90 259
2013 90 260
2014 90 261
2015 91 100
2016 91 101
2017 91 103
2018 91 113
2019 91 121
2020 91 126
2021 91 134
2022 91 137
2023 91 138
2024 91 146
2025 91 159
2026 91 160
2027 91 162
2028 91 165
2029 91 172
2030 91 177
2031 91 180
2032 91 181
2033 91 189
2034 91 193
2035 91 194
2036 91 197
2037 91 205
2038 91 208
2039 91 209
2040 91 213
2041 91 221
2042 91 222
2043 91 226
2044 91 228
2045 91 229
2046 91 231
2047 91 232
2048 91 238
2049 91 243
2050 91 247
2051 91 248
2052 91 250
2053 91 263
2054 92 171
2055 92 218
2056 92 220
2057 92 224
2058 92 232
2059 92 255
2060 94 102
2061 94 108
2062 94 111
2063 94 117
2064 94 118
2065 94 119
2066 94 122
2067 94 140
2068 94 141
2069 94 151
2070 94 156
2071 94 157
2072 94 158
2073 94 163
2074 94 164
2075 94 170
2076 94 198
2077 94 200
2078 94 233
2079 94 235
2080 94 245
2081 94 254
2082 94 259
2083 94 260
2084 94 261
2085 95 106
2086 95 120
2087 95 125
2088 95 132
2089 95 145
2090 95 147
2091 95 161
2092 95 173
2093 95 175
2094 95 179
2095 95 191
2096 95 204
2097 95 219
2098 95 232
2099 95 234
2100 95 240
2101 95 256
2102 96 230
2103 97 104
2104 97 105
2105 97 115
2106 97 128
2107 97 136
2108 97 139
2109 97 169
2110 98 144
2111 98 166
2112 98 183
2113 98 252
2114 99 110
2115 99 135
2116 99 188
2117 99 227
2118 100 101
2119 100 103
2120 100 113
2121 100 121
2122 100 126
2123 100 134
2124 100 138
2125 100 146
2126 100 159
2127 100 160
2128 100 162
2129 100 172
2130 100 177
2131 100 180
2132 100 181
2133 100 189
2134 100 193
2135 100 194
2136 100 197
2137 100 203
2138 100 205
2139 100 208
2140 100 209
2141 100 213
2142 100 218
2143 100 221
2144 100 222
2145 100 225
2146 100 226
2147 100 228
2148 100 229
2149 100 231
2150 100 238
2151 100 243
2152 100 247
2153 100 248
2154 100 250
2155 100 263
2156 101 113
2157 101 134
2158 101 189
2159 101 194
2160 101 205
2161 101 208
2162 101 209
2163 101 213
2164 101 214
2165 101 221
2166 101 222
2167 101 226
2168 101 228
2169 101 229
2170 101 231
2171 101 238
2172 101 263
2173 102 108
2174 102 111
2175 102 117
2176 102 118
2177 102 119
2178 102 122
2179 102 140
2180 102 141
2181 102 151
2182 102 156
2183 102 157
2184 102 158
2185 102 163
2186 102 164
2187 102 170
2188 102 198
2189 102 200
2190 102 233
2191 102 235
2192 102 245
2193 102 254
2194 102 259
2195 102 260
2196 102 261
2197 103 113
2198 103 121
2199 103 126
2200 103 134
2201 103 145
2202 103 159
2203 103 162
2204 103 172
2205 103 177
2206 103 181
2207 103 189
2208 103 193
2209 103 205
2210 103 209
2211 103 221
2212 103 226
2213 103 228
2214 103 229
2215 103 231
2216 103 238
2217 103 247
2218 103 250
2219 103 263
2220 104 105
2221 104 115
2222 104 128
2223 104 136
2224 104 139
2225 104 169
2226 105 136
2227 105 139
2228 105 169
2229 106 120
2230 106 132
2231 106 145
2232 106 147
2233 106 153
2234 106 161
2235 106 173
2236 106 179
2237 106 191
2238 106 192
2239 106 204
2240 106 216
2241 106 219
2242 106 234
2243 106 240
2244 106 256
2245 107 137
2246 107 138
2247 107 143
2248 107 160
2249 107 165
2250 107 180
2251 107 181
2252 107 187
2253 107 189
2254 107 196
2255 107 199
2256 107 205
2257 107 209
2258 107 214
2259 107 215
2260 107 221
2261 107 232
2262 107 248
2263 107 250
2264 107 253
2265 108 117
2266 108 118
2267 108 119
2268 108 122
2269 108 140
2270 108 141
2271 108 151
2272 108 156
2273 108 157
2274 108 158
2275 108 163
2276 108 164
2277 108 170
2278 108 198
2279 108 200
2280 108 233
2281 108 235
2282 108 245
2283 108 254
2284 108 259
2285 108 260
2286 108 261
2287 109 217
2288 109 257
2289 110 135
2290 110 188
2291 110 227
2292 111 118
2293 111 156
2294 111 157
2295 111 158
2296 111 184
2297 111 206
2298 111 212
2299 111 235
2300 111 258
2301 111 261
2302 113 121
2303 113 126
2304 113 134
2305 113 137
2306 113 143
2307 113 146
2308 113 159
2309 113 160
2310 113 162
2311 113 165
2312 113 172
2313 113 177
2314 113 180
2315 113 181
2316 113 189
2317 113 193
2318 113 194
2319 113 197
2320 113 199
2321 113 205
2322 113 208
2323 113 209
2324 113 213
2325 113 221
2326 113 222
2327 113 225
2328 113 226
2329 113 228
2330 113 229
2331 113 231
2332 113 232
2333 113 238
2334 113 241
2335 113 243
2336 113 247
2337 113 248
2338 113 250
2339 113 263
2340 114 242
2341 115 123
2342 115 128
2343 115 136
2344 115 139
2345 117 118
2346 117 119
2347 117 122
2348 117 140
2349 117 141
2350 117 151
2351 117 156
2352 117 157
2353 117 158
2354 117 163
2355 117 164
2356 117 170
2357 117 198
2358 117 200
2359 117 233
2360 117 235
2361 117 245
2362 117 254
2363 117 259
2364 117 260
2365 117 261
2366 118 119
2367 118 122
2368 118 140
2369 118 141
2370 118 151
2371 118 156
2372 118 157
2373 118 158
2374 118 163
2375 118 164
2376 118 170
2377 118 198
2378 118 200
2379 118 233
2380 118 235
2381 118 245
2382 118 254
2383 118 259
2384 118 260
2385 118 261
2386 119 122
2387 119 140
2388 119 141
2389 119 151
2390 119 156
2391 119 157
2392 119 158
2393 119 163
2394 119 164
2395 119 170
2396 119 198
2397 119 200
2398 119 233
2399 119 235
2400 119 245
2401 119 254
2402 119 259
2403 119 260
2404 119 261
2405 120 125
2406 120 132
2407 120 147
2408 120 161
2409 120 173
2410 120 175
2411 120 179
2412 120 191
2413 120 216
2414 120 219
2415 120 234
2416 120 240
2417 120 256
2418 121 126
2419 121 134
2420 121 146
2421 121 159
2422 121 172
2423 121 177
2424 121 189
2425 121 193
2426 121 194
2427 121 197
2428 121 205
2429 121 208
2430 121 209
2431 121 218
2432 121 221
2433 121 222
2434 121 226
2435 121 228
2436 121 229
2437 121 231
2438 121 238
2439 121 247
2440 121 263
2441 122 140
2442 122 141
2443 122 151
2444 122 156
2445 122 157
2446 122 158
2447 122 163
2448 122 164
2449 122 170
2450 122 198
2451 122 200
2452 122 233
2453 122 235
2454 122 245
2455 122 254
2456 122 259
2457 122 260
2458 122 261
2459 123 128
2460 124 154
2461 124 207
2462 125 132
2463 125 147
2464 125 161
2465 125 175
2466 125 179
2467 125 191
2468 125 219
2469 125 234
2470 125 240
2471 126 134
2472 126 146
2473 126 159
2474 126 172
2475 126 177
2476 126 189
2477 126 193
2478 126 197
2479 126 205
2480 126 208
2481 126 209
2482 126 213
2483 126 218
2484 126 221
2485 126 222
2486 126 226
2487 126 228
2488 126 229
2489 126 231
2490 126 238
2491 126 247
2492 126 263
2493 127 160
2494 127 174
2495 127 189
2496 127 226
2497 128 136
2498 128 139
2499 128 169
2500 129 160
2501 129 180
2502 129 181
2503 129 187
2504 129 248
2505 130 246
2506 132 145
2507 132 147
2508 132 153
2509 132 161
2510 132 171
2511 132 173
2512 132 175
2513 132 179
2514 132 189
2515 132 191
2516 132 204
2517 132 216
2518 132 219
2519 132 232
2520 132 234
2521 132 240
2522 132 256
2523 133 138
2524 133 180
2525 133 248
2526 133 253
2527 134 138
2528 134 145
2529 134 160
2530 134 162
2531 134 165
2532 134 172
2533 134 177
2534 134 180
2535 134 181
2536 134 189
2537 134 193
2538 134 194
2539 134 205
2540 134 208
2541 134 209
2542 134 213
2543 134 221
2544 134 222
2545 134 226
2546 134 228
2547 134 229
2548 134 231
2549 134 232
2550 134 238
2551 134 243
2552 134 248
2553 134 250
2554 134 263
2555 135 188
2556 135 227
2557 136 139
2558 136 169
2559 137 138
2560 137 143
2561 137 144
2562 137 160
2563 137 165
2564 137 166
2565 137 180
2566 137 181
2567 137 183
2568 137 187
2569 137 189
2570 137 196
2571 137 199
2572 137 205
2573 137 209
2574 137 213
2575 137 215
2576 137 228
2577 137 236
2578 137 244
2579 137 248
2580 137 250
2581 137 253
2582 138 143
2583 138 144
2584 138 148
2585 138 160
2586 138 165
2587 138 180
2588 138 181
2589 138 183
2590 138 187
2591 138 189
2592 138 196
2593 138 199
2594 138 202
2595 138 205
2596 138 215
2597 138 226
2598 138 236
2599 138 244
2600 138 248
2601 138 250
2602 138 253
2603 139 169
2604 140 141
2605 140 151
2606 140 156
2607 140 157
2608 140 158
2609 140 163
2610 140 164
2611 140 170
2612 140 198
2613 140 200
2614 140 233
2615 140 235
2616 140 245
2617 140 254
2618 140 259
2619 140 260
2620 140 261
2621 141 151
2622 141 156
2623 141 157
2624 141 158
2625 141 163
2626 141 164
2627 141 170
2628 141 198
2629 141 200
2630 141 233
2631 141 235
2632 141 245
2633 141 254
2634 141 259
2635 141 260
2636 141 261
2637 143 144
2638 143 160
2639 143 165
2640 143 166
2641 143 180
2642 143 181
2643 143 187
2644 143 196
2645 143 199
2646 143 215
2647 143 248
2648 143 250
2649 143 253
2650 144 160
2651 144 165
2652 144 166
2653 144 180
2654 144 183
2655 144 199
2656 144 202
2657 144 236
2658 144 244
2659 144 248
2660 144 250
2661 144 251
2662 144 252
2663 144 253
2664 145 147
2665 145 160
2666 145 161
2667 145 171
2668 145 173
2669 145 175
2670 145 179
2671 145 180
2672 145 189
2673 145 191
2674 145 192
2675 145 204
2676 145 216
2677 145 218
2678 145 219
2679 145 226
2680 145 232
2681 145 234
2682 145 240
2683 145 248
2684 145 250
2685 145 256
2686 146 160
2687 146 177
2688 146 181
2689 146 189
2690 146 193
2691 146 194
2692 146 197
2693 146 205
2694 146 208
2695 146 209
2696 146 213
2697 146 221
2698 146 222
2699 146 226
2700 146 228
2701 146 229
2702 146 231
2703 146 238
2704 146 243
2705 146 250
2706 147 161
2707 147 173
2708 147 175
2709 147 179
2710 147 189
2711 147 191
2712 147 192
2713 147 204
2714 147 216
2715 147 218
2716 147 219
2717 147 232
2718 147 234
2719 147 240
2720 147 256
2721 148 150
2722 148 160
2723 148 165
2724 148 180
2725 148 181
2726 148 189
2727 148 199
2728 148 209
2729 148 213
2730 148 226
2731 148 232
2732 148 248
2733 148 250
2734 150 160
2735 150 180
2736 150 187
2737 150 189
2738 150 194
2739 150 199
2740 150 232
2741 150 248
2742 151 156
2743 151 157
2744 151 158
2745 151 163
2746 151 164
2747 151 170
2748 151 198
2749 151 200
2750 151 233
2751 151 235
2752 151 245
2753 151 254
2754 151 259
2755 151 260
2756 151 261
2757 152 201
2758 153 173
2759 153 192
2760 153 204
2761 153 216
2762 153 240
2763 153 256
2764 154 207
2765 155 160
2766 155 180
2767 155 189
2768 155 199
2769 155 221
2770 155 222
2771 155 232
2772 155 248
2773 156 157
2774 156 158
2775 156 163
2776 156 164
2777 156 170
2778 156 198
2779 156 200
2780 156 233
2781 156 235
2782 156 245
2783 156 254
2784 156 259
2785 156 260
2786 156 261
2787 157 158
2788 157 163
2789 157 164
2790 157 170
2791 157 198
2792 157 200
2793 157 233
2794 157 235
2795 157 245
2796 157 254
2797 157 259
2798 157 260
2799 157 261
2800 158 163
2801 158 164
2802 158 170
2803 158 198
2804 158 200
2805 158 233
2806 158 235
2807 158 245
2808 158 254
2809 158 259
2810 158 260
2811 158 261
2812 159 172
2813 159 177
2814 159 189
2815 159 193
2816 159 205
2817 159 208
2818 159 209
2819 159 221
2820 159 226
2821 159 228
2822 159 229
2823 159 238
2824 159 247
2825 159 263
2826 160 165
2827 160 166
2828 160 171
2829 160 180
2830 160 181
2831 160 183
2832 160 187
2833 160 189
2834 160 194
2835 160 196
2836 160 197
2837 160 199
2838 160 203
2839 160 205
2840 160 208
2841 160 209
2842 160 213
2843 160 214
2844 160 215
2845 160 218
2846 160 221
2847 160 222
2848 160 226
2849 160 228
2850 160 229
2851 160 231
2852 160 232
2853 160 236
2854 160 238
2855 160 239
2856 160 244
2857 160 248
2858 160 250
2859 160 253
2860 161 173
2861 161 175
2862 161 179
2863 161 191
2864 161 204
2865 161 216
2866 161 219
2867 161 234
2868 161 240
2869 161 256
2870 162 189
2871 162 194
2872 162 209
2873 162 221
2874 162 226
2875 162 228
2876 162 229
2877 162 231
2878 162 238
2879 163 164
2880 163 170
2881 163 198
2882 163 200
2883 163 233
2884 163 235
2885 163 245
2886 163 254
2887 163 259
2888 163 260
2889 163 261
2890 164 170
2891 164 198
2892 164 200
2893 164 233
2894 164 235
2895 164 245
2896 164 254
2897 164 259
2898 164 260
2899 164 261
2900 165 180
2901 165 181
2902 165 183
2903 165 187
2904 165 189
2905 165 196
2906 165 199
2907 165 205
2908 165 208
2909 165 209
2910 165 213
2911 165 214
2912 165 215
2913 165 221
2914 165 226
2915 165 228
2916 165 231
2917 165 232
2918 165 248
2919 165 250
2920 165 253
2921 166 180
2922 166 183
2923 166 202
2924 166 236
2925 166 244
2926 166 248
2927 166 250
2928 166 251
2929 166 252
2930 166 253
2931 167 186
2932 170 198
2933 170 200
2934 170 233
2935 170 235
2936 170 245
2937 170 254
2938 170 259
2939 170 260
2940 170 261
2941 171 180
2942 171 181
2943 171 189
2944 171 209
2945 171 218
2946 171 221
2947 171 224
2948 171 226
2949 171 232
2950 171 248
2951 171 250
2952 172 177
2953 172 189
2954 172 193
2955 172 205
2956 172 208
2957 172 209
2958 172 221
2959 172 222
2960 172 226
2961 172 228
2962 172 229
2963 172 231
2964 172 238
2965 172 247
2966 172 263
2967 173 175
2968 173 179
2969 173 191
2970 173 192
2971 173 204
2972 173 216
2973 173 219
2974 173 234
2975 173 240
2976 173 256
2977 175 179
2978 175 191
2979 175 219
2980 175 234
2981 175 240
2982 177 189
2983 177 193
2984 177 197
2985 177 205
2986 177 208
2987 177 209
2988 177 221
2989 177 226
2990 177 228
2991 177 229
2992 177 231
2993 177 238
2994 177 247
2995 177 263
2996 179 189
2997 179 191
2998 179 192
2999 179 204
3000 179 216
3001 179 218
3002 179 219
3003 179 232
3004 179 234
3005 179 240
3006 179 256
3007 180 181
3008 180 183
3009 180 187
3010 180 189
3011 180 194
3012 180 196
3013 180 199
3014 180 205
3015 180 208
3016 180 209
3017 180 213
3018 180 214
3019 180 215
3020 180 218
3021 180 221
3022 180 222
3023 180 226
3024 180 228
3025 180 229
3026 180 231
3027 180 232
3028 180 236
3029 180 238
3030 180 244
3031 180 248
3032 180 250
3033 180 253
3034 181 187
3035 181 189
3036 181 194
3037 181 196
3038 181 199
3039 181 205
3040 181 208
3041 181 209
3042 181 215
3043 181 218
3044 181 221
3045 181 222
3046 181 226
3047 181 228
3048 181 229
3049 181 231
3050 181 232
3051 181 248
3052 181 250
3053 181 253
3054 183 187
3055 183 196
3056 183 199
3057 183 202
3058 183 236
3059 183 244
3060 183 248
3061 183 250
3062 183 251
3063 183 252
3064 183 253
3065 184 206
3066 184 212
3067 184 258
3068 186 217
3069 186 257
3070 187 189
3071 187 196
3072 187 199
3073 187 205
3074 187 215
3075 187 232
3076 187 248
3077 187 250
3078 187 253
3079 188 227
3080 189 191
3081 189 193
3082 189 194
3083 189 196
3084 189 197
3085 189 199
3086 189 203
3087 189 205
3088 189 208
3089 189 209
3090 189 211
3091 189 213
3092 189 214
3093 189 215
3094 189 218
3095 189 219
3096 189 221
3097 189 222
3098 189 224
3099 189 226
3100 189 228
3101 189 229
3102 189 231
3103 189 232
3104 189 234
3105 189 237
3106 189 238
3107 189 239
3108 189 240
3109 189 243
3110 189 247
3111 189 248
3112 189 250
3113 189 253
3114 189 263
3115 191 204
3116 191 216
3117 191 219
3118 191 234
3119 191 240
3120 191 256
3121 192 204
3122 192 216
3123 192 219
3124 192 234
3125 192 240
3126 193 197
3127 193 205
3128 193 208
3129 193 209
3130 193 221
3131 193 226
3132 193 228
3133 193 229
3134 193 231
3135 193 238
3136 193 247
3137 193 263
3138 194 197
3139 194 205
3140 194 208
3141 194 209
3142 194 221
3143 194 222
3144 194 226
3145 194 228
3146 194 229
3147 194 231
3148 194 238
3149 194 243
3150 194 247
3151 194 248
3152 194 250
3153 194 263
3154 196 199
3155 196 205
3156 196 209
3157 196 214
3158 196 215
3159 196 221
3160 196 232
3161 196 248
3162 196 250
3163 196 253
3164 197 205
3165 197 208
3166 197 209
3167 197 213
3168 197 221
3169 197 222
3170 197 226
3171 197 228
3172 197 229
3173 197 231
3174 197 238
3175 197 243
3176 197 250
3177 198 200
3178 198 233
3179 198 235
3180 198 245
3181 198 254
3182 198 259
3183 198 260
3184 198 261
3185 199 209
3186 199 213
3187 199 215
3188 199 221
3189 199 226
3190 199 228
3191 199 232
3192 199 248
3193 199 250
3194 199 253
3195 200 233
3196 200 235
3197 200 245
3198 200 254
3199 200 259
3200 200 260
3201 200 261
3202 202 236
3203 202 244
3204 202 252
3205 203 209
3206 203 213
3207 203 221
3208 203 223
3209 203 250
3210 204 216
3211 204 219
3212 204 234
3213 204 240
3214 204 256
3215 205 208
3216 205 209
3217 205 213
3218 205 214
3219 205 215
3220 205 221
3221 205 222
3222 205 223
3223 205 226
3224 205 228
3225 205 229
3226 205 231
3227 205 232
3228 205 238
3229 205 239
3230 205 241
3231 205 243
3232 205 247
3233 205 248
3234 205 250
3235 205 263
3236 206 212
3237 206 258
3238 208 209
3239 208 213
3240 208 221
3241 208 222
3242 208 223
3243 208 226
3244 208 228
3245 208 229
3246 208 231
3247 208 232
3248 208 238
3249 208 243
3250 208 248
3251 208 250
3252 208 263
3253 209 213
3254 209 215
3255 209 218
3256 209 221
3257 209 222
3258 209 225
3259 209 226
3260 209 228
3261 209 229
3262 209 231
3263 209 232
3264 209 238
3265 209 241
3266 209 243
3267 209 247
3268 209 248
3269 209 250
3270 209 263
3271 212 258
3272 213 221
3273 213 223
3274 213 226
3275 213 228
3276 213 229
3277 213 231
3278 213 232
3279 213 238
3280 213 250
3281 214 215
3282 214 226
3283 214 232
3284 214 239
3285 214 248
3286 215 221
3287 215 232
3288 215 248
3289 215 250
3290 215 253
3291 216 219
3292 216 234
3293 216 240
3294 217 257
3295 218 219
3296 218 220
3297 218 221
3298 218 224
3299 218 226
3300 218 228
3301 218 231
3302 218 232
3303 218 234
3304 218 250
3305 218 255
3306 219 232
3307 219 234
3308 219 240
3309 219 256
3310 220 224
3311 221 222
3312 221 226
3313 221 228
3314 221 229
3315 221 231
3316 221 232
3317 221 238
3318 221 241
3319 221 243
3320 221 247
3321 221 248
3322 221 250
3323 221 263
3324 222 226
3325 222 228
3326 222 229
3327 222 231
3328 222 232
3329 222 238
3330 222 241
3331 222 243
3332 222 248
3333 222 250
3334 223 226
3335 224 255
3336 225 226
3337 225 228
3338 225 249
3339 226 228
3340 226 229
3341 226 231
3342 226 232
3343 226 238
3344 226 243
3345 226 247
3346 226 248
3347 226 250
3348 226 263
3349 228 229
3350 228 231
3351 228 238
3352 228 243
3353 228 247
3354 228 248
3355 228 250
3356 228 263
3357 229 231
3358 229 232
3359 229 238
3360 229 243
3361 229 247
3362 229 248
3363 229 250
3364 229 253
3365 229 263
3366 231 237
3367 231 238
3368 231 243
3369 231 247
3370 231 248
3371 231 263
3372 232 234
3373 232 240
3374 232 248
3375 232 250
3376 232 253
3377 233 235
3378 233 245
3379 233 254
3380 233 259
3381 233 260
3382 233 261
3383 234 240
3384 234 256
3385 235 245
3386 235 254
3387 235 259
3388 235 260
3389 235 261
3390 236 244
3391 236 248
3392 236 250
3393 236 251
3394 236 252
3395 236 253
3396 237 246
3397 238 243
3398 238 247
3399 238 248
3400 238 249
3401 238 263
3402 240 256
3403 244 248
3404 244 250
3405 244 251
3406 244 252
3407 244 253
3408 245 254
3409 245 259
3410 245 260
3411 245 261
3412 247 263
3413 248 250
3414 248 253
3415 250 253
3416 250 263
3417 254 259
3418 254 260
3419 254 261
3420 259 260
3421 259 261
3422 260 261
