1 1 47
2 1 53
3 1 89
4 1 94
5 1 95
6 1 102
7 1 103
8 1 104
9 1 107
10 1 154
11 1 179
12 1 189
13 1 213
14 1 216
15 1 222
16 1 237
17 1 247
18 1 264
19 2 3
20 2 13
21 2 15
22 2 22
23 2 24
24 2 27
25 2 30
26 2 31
27 2 55
28 2 59
29 2 62
30 2 64
31 2 71
32 2 85
33 2 87
34 2 96
35 2 112
36 2 115
37 2 117
38 2 119
39 2 126
40 2 140
41 2 145
42 2 159
43 2 167
44 2 169
45 2 180
46 2 190
47 2 194
48 2 214
49 2 215
50 2 219
51 2 235
52 2 240
53 2 246
54 2 262
55 2 269
56 2 275
57 2 276
58 3 13
59 3 15
60 3 22
61 3 24
62 3 27
63 3 30
64 3 31
65 3 55
66 3 59
67 3 62
68 3 64
69 3 71
70 3 85
71 3 87
72 3 112
73 3 115
74 3 117
75 3 119
76 3 126
77 3 140
78 3 145
79 3 159
80 3 167
81 3 169
82 3 180
83 3 190
84 3 194
85 3 214
86 3 215
87 3 219
88 3 235
89 3 246
90 3 261
91 3 269
92 3 275
93 3 276
94 4 11
95 4 18
96 4 28
97 4 40
98 4 51
99 4 52
100 4 65
101 4 76
102 4 90
103 4 91
104 4 106
105 4 127
106 4 132
107 4 134
108 4 150
109 4 155
110 4 156
111 4 193
112 4 195
113 4 225
114 4 232
115 4 239
116 4 241
117 4 242
118 4 263
119 4 270
120 5 153
121 5 176
122 5 211
123 5 251
124 6 26
125 6 45
126 6 48
127 6 192
128 6 265
129 7 14
130 7 19
131 7 41
132 7 42
133 7 66
134 7 77
135 7 101
136 7 121
137 7 139
138 7 191
139 7 199
140 7 209
141 7 267
142 8 26
143 8 32
144 8 43
145 8 45
146 8 56
147 8 70
148 8 75
149 8 88
150 8 136
151 8 144
152 8 168
153 8 174
154 8 175
155 8 188
156 8 192
157 8 198
158 8 203
159 8 210
160 8 229
161 8 233
162 8 236
163 9 12
164 9 34
165 9 69
166 9 72
167 9 79
168 9 89
169 9 95
170 9 98
171 9 105
172 9 166
173 9 173
174 9 197
175 9 206
176 9 220
177 10 93
178 10 196
179 10 245
180 11 16
181 11 18
182 11 28
183 11 40
184 11 51
185 11 65
186 11 76
187 11 90
188 11 91
189 11 106
190 11 127
191 11 132
192 11 134
193 11 150
194 11 155
195 11 156
196 11 193
197 11 195
198 11 225
199 11 232
200 11 239
201 11 241
202 11 242
203 11 263
204 12 34
205 12 69
206 12 72
207 12 105
208 12 131
209 12 166
210 12 184
211 12 197
212 12 220
213 12 226
214 12 254
215 13 15
216 13 22
217 13 24
218 13 27
219 13 30
220 13 31
221 13 37
222 13 55
223 13 59
224 13 62
225 13 63
226 13 64
227 13 71
228 13 85
229 13 87
230 13 96
231 13 109
232 13 112
233 13 115
234 13 117
235 13 119
236 13 126
237 13 140
238 13 145
239 13 159
240 13 167
241 13 169
242 13 180
243 13 190
244 13 194
245 13 214
246 13 215
247 13 219
248 13 235
249 13 240
250 13 246
251 13 261
252 13 262
253 13 269
254 13 275
255 13 276
256 14 19
257 14 66
258 14 77
259 14 101
260 14 121
261 14 191
262 14 199
263 14 267
264 15 22
265 15 27
266 15 30
267 15 31
268 15 37
269 15 55
270 15 62
271 15 63
272 15 71
273 15 85
274 15 87
275 15 96
276 15 112
277 15 117
278 15 126
279 15 140
280 15 145
281 15 159
282 15 167
283 15 169
284 15 190
285 15 194
286 15 214
287 15 215
288 15 235
289 15 246
290 15 261
291 15 262
292 15 269
293 15 276
294 16 18
295 16 38
296 16 51
297 16 65
298 16 90
299 16 91
300 16 97
301 16 106
302 16 132
303 16 134
304 16 150
305 16 155
306 16 187
307 16 193
308 16 195
309 16 211
310 16 227
311 16 231
312 16 239
313 16 248
314 16 263
315 17 146
316 17 243
317 17 255
318 17 266
319 17 268
320 18 28
321 18 40
322 18 51
323 18 65
324 18 76
325 18 90
326 18 91
327 18 106
328 18 127
329 18 132
330 18 134
331 18 150
332 18 155
333 18 193
334 18 195
335 18 211
336 18 225
337 18 232
338 18 239
339 18 241
340 18 242
341 18 263
342 18 270
343 19 41
344 19 42
345 19 66
346 19 77
347 19 82
348 19 101
349 19 121
350 19 135
351 19 139
352 19 191
353 19 199
354 19 267
355 19 278
356 21 228
357 22 24
358 22 27
359 22 30
360 22 31
361 22 37
362 22 55
363 22 59
364 22 62
365 22 63
366 22 64
367 22 71
368 22 85
369 22 87
370 22 96
371 22 112
372 22 115
373 22 117
374 22 119
375 22 126
376 22 140
377 22 145
378 22 159
379 22 167
380 22 169
381 22 180
382 22 190
383 22 194
384 22 214
385 22 215
386 22 219
387 22 235
388 22 240
389 22 246
390 22 261
391 22 262
392 22 269
393 22 275
394 22 276
395 24 30
396 24 31
397 24 59
398 24 62
399 24 64
400 24 85
401 24 87
402 24 112
403 24 117
404 24 119
405 24 126
406 24 145
407 24 159
408 24 167
409 24 169
410 24 180
411 24 190
412 24 194
413 24 214
414 24 215
415 24 269
416 24 275
417 24 276
418 25 38
419 25 120
420 25 170
421 25 227
422 25 248
423 25 260
424 26 45
425 26 48
426 26 192
427 26 265
428 27 30
429 27 31
430 27 37
431 27 55
432 27 62
433 27 63
434 27 64
435 27 71
436 27 85
437 27 87
438 27 96
439 27 112
440 27 115
441 27 117
442 27 126
443 27 140
444 27 145
445 27 159
446 27 167
447 27 169
448 27 190
449 27 194
450 27 214
451 27 215
452 27 219
453 27 235
454 27 240
455 27 246
456 27 261
457 27 262
458 27 269
459 27 275
460 27 276
461 28 40
462 28 51
463 28 52
464 28 65
465 28 76
466 28 90
467 28 91
468 28 106
469 28 127
470 28 132
471 28 134
472 28 150
473 28 155
474 28 156
475 28 193
476 28 195
477 28 225
478 28 232
479 28 239
480 28 241
481 28 242
482 28 263
483 28 270
484 29 51
485 29 155
486 29 211
487 29 239
488 30 31
489 30 37
490 30 55
491 30 59
492 30 62
493 30 63
494 30 64
495 30 71
496 30 84
497 30 85
498 30 87
499 30 96
500 30 112
501 30 115
502 30 117
503 30 119
504 30 126
505 30 140
506 30 145
507 30 159
508 30 167
509 30 169
510 30 180
511 30 190
512 30 194
513 30 208
514 30 214
515 30 215
516 30 219
517 30 235
518 30 240
519 30 246
520 30 261
521 30 262
522 30 269
523 30 275
524 30 276
525 31 37
526 31 55
527 31 59
528 31 62
529 31 63
530 31 64
531 31 71
532 31 84
533 31 85
534 31 87
535 31 96
536 31 112
537 31 115
538 31 117
539 31 119
540 31 126
541 31 140
542 31 145
543 31 159
544 31 167
545 31 169
546 31 180
547 31 190
548 31 194
549 31 214
550 31 215
551 31 219
552 31 235
553 31 240
554 31 246
555 31 261
556 31 262
557 31 269
558 31 275
559 31 276
560 32 43
561 32 75
562 32 144
563 32 188
564 32 233
565 32 236
566 34 69
567 34 72
568 34 89
569 34 98
570 34 105
571 34 131
572 34 166
573 34 173
574 34 184
575 34 197
576 34 206
577 34 220
578 34 254
579 35 73
580 35 110
581 35 163
582 36 231
583 37 55
584 37 62
585 37 63
586 37 64
587 37 71
588 37 85
589 37 87
590 37 96
591 37 112
592 37 115
593 37 117
594 37 140
595 37 145
596 37 159
597 37 167
598 37 169
599 37 190
600 37 194
601 37 214
602 37 215
603 37 219
604 37 235
605 37 246
606 37 261
607 37 262
608 37 269
609 37 275
610 37 276
611 38 51
612 38 120
613 38 170
614 38 227
615 38 248
616 38 260
617 39 78
618 39 83
619 39 114
620 39 151
621 39 183
622 39 202
623 40 51
624 40 52
625 40 65
626 40 76
627 40 90
628 40 91
629 40 106
630 40 125
631 40 127
632 40 132
633 40 134
634 40 150
635 40 155
636 40 156
637 40 193
638 40 195
639 40 225
640 40 232
641 40 239
642 40 241
643 40 242
644 40 263
645 40 270
646 41 42
647 41 77
648 41 82
649 41 101
650 41 108
651 41 121
652 41 135
653 41 191
654 41 199
655 41 267
656 41 278
657 42 66
658 42 77
659 42 82
660 42 101
661 42 121
662 42 135
663 42 139
664 42 191
665 42 199
666 42 209
667 42 267
668 42 273
669 42 278
670 43 75
671 43 144
672 43 188
673 43 233
674 43 236
675 44 68
676 44 70
677 44 118
678 44 128
679 44 129
680 44 164
681 44 171
682 44 172
683 44 174
684 44 175
685 44 198
686 44 210
687 44 218
688 44 229
689 44 258
690 44 271
691 45 48
692 45 192
693 45 265
694 46 89
695 46 131
696 46 184
697 46 226
698 46 254
699 47 53
700 47 89
701 47 94
702 47 95
703 47 102
704 47 103
705 47 104
706 47 107
707 47 154
708 47 179
709 47 189
710 47 213
711 47 216
712 47 222
713 47 237
714 47 264
715 48 192
716 49 114
717 49 151
718 49 202
719 50 74
720 50 224
721 51 54
722 51 65
723 51 76
724 51 90
725 51 91
726 51 97
727 51 106
728 51 120
729 51 127
730 51 132
731 51 134
732 51 150
733 51 155
734 51 156
735 51 161
736 51 193
737 51 195
738 51 211
739 51 225
740 51 227
741 51 231
742 51 232
743 51 239
744 51 242
745 51 248
746 51 263
747 51 270
748 52 65
749 52 76
750 52 90
751 52 91
752 52 106
753 52 125
754 52 127
755 52 132
756 52 150
757 52 193
758 52 195
759 52 211
760 52 225
761 52 232
762 52 239
763 52 241
764 52 242
765 52 263
766 52 270
767 53 89
768 53 94
769 53 95
770 53 102
771 53 103
772 53 104
773 53 107
774 53 154
775 53 179
776 53 189
777 53 213
778 53 216
779 53 222
780 53 237
781 53 264
782 54 97
783 54 155
784 54 239
785 55 62
786 55 63
787 55 64
788 55 71
789 55 85
790 55 87
791 55 96
792 55 112
793 55 115
794 55 117
795 55 119
796 55 126
797 55 140
798 55 145
799 55 159
800 55 167
801 55 169
802 55 190
803 55 194
804 55 214
805 55 215
806 55 219
807 55 235
808 55 240
809 55 246
810 55 261
811 55 262
812 55 269
813 55 275
814 55 276
815 56 75
816 56 88
817 56 136
818 56 144
819 56 168
820 56 188
821 56 203
822 56 233
823 57 61
824 57 123
825 57 157
826 57 165
827 57 182
828 57 185
829 57 217
830 57 234
831 58 201
832 59 62
833 59 64
834 59 85
835 59 87
836 59 112
837 59 117
838 59 119
839 59 126
840 59 145
841 59 159
842 59 167
843 59 169
844 59 180
845 59 190
846 59 194
847 59 214
848 59 215
849 59 269
850 59 275
851 59 276
852 60 80
853 61 123
854 61 157
855 61 165
856 61 182
857 61 185
858 61 217
859 61 234
860 62 63
861 62 64
862 62 71
863 62 85
864 62 87
865 62 96
866 62 112
867 62 115
868 62 117
869 62 119
870 62 126
871 62 140
872 62 145
873 62 159
874 62 167
875 62 169
876 62 180
877 62 190
878 62 194
879 62 214
880 62 215
881 62 219
882 62 235
883 62 240
884 62 246
885 62 261
886 62 262
887 62 269
888 62 275
889 62 276
890 63 71
891 63 85
892 63 87
893 63 96
894 63 112
895 63 115
896 63 117
897 63 140
898 63 145
899 63 159
900 63 167
901 63 169
902 63 190
903 63 194
904 63 214
905 63 215
906 63 219
907 63 235
908 63 240
909 63 246
910 63 261
911 63 262
912 63 269
913 63 275
914 63 276
915 64 85
916 64 87
917 64 112
918 64 115
919 64 117
920 64 119
921 64 126
922 64 145
923 64 159
924 64 167
925 64 169
926 64 180
927 64 190
928 64 194
929 64 214
930 64 215
931 64 219
932 64 235
933 64 261
934 64 269
935 64 275
936 64 276
937 65 76
938 65 90
939 65 91
940 65 106
941 65 127
942 65 132
943 65 134
944 65 150
945 65 155
946 65 156
947 65 193
948 65 195
949 65 225
950 65 232
951 65 239
952 65 241
953 65 242
954 65 263
955 65 270
956 66 77
957 66 101
958 66 121
959 66 139
960 66 191
961 66 199
962 66 209
963 66 267
964 68 70
965 68 118
966 68 128
967 68 129
968 68 164
969 68 171
970 68 172
971 68 174
972 68 175
973 68 198
974 68 210
975 68 218
976 68 229
977 68 258
978 68 271
979 69 72
980 69 89
981 69 95
982 69 98
983 69 105
984 69 131
985 69 166
986 69 173
987 69 184
988 69 197
989 69 206
990 69 220
991 69 226
992 69 244
993 69 254
994 70 118
995 70 128
996 70 129
997 70 164
998 70 171
999 70 172
1000 70 174
1001 70 175
1002 70 198
1003 70 210
1004 70 218
1005 70 229
1006 70 258
1007 70 271
1008 71 85
1009 71 87
1010 71 96
1011 71 109
1012 71 112
1013 71 115
1014 71 117
1015 71 126
1016 71 140
1017 71 145
1018 71 159
1019 71 167
1020 71 169
1021 71 190
1022 71 194
1023 71 214
1024 71 215
1025 71 219
1026 71 235
1027 71 240
1028 71 246
1029 71 261
1030 71 262
1031 71 269
1032 71 275
1033 71 276
1034 72 79
1035 72 89
1036 72 98
1037 72 105
1038 72 131
1039 72 166
1040 72 173
1041 72 184
1042 72 197
1043 72 206
1044 72 220
1045 72 226
1046 72 254
1047 73 110
1048 73 163
1049 74 224
1050 75 88
1051 75 136
1052 75 144
1053 75 168
1054 75 188
1055 75 203
1056 75 233
1057 75 236
1058 76 90
1059 76 91
1060 76 106
1061 76 125
1062 76 127
1063 76 132
1064 76 134
1065 76 150
1066 76 155
1067 76 193
1068 76 195
1069 76 225
1070 76 232
1071 76 239
1072 76 241
1073 76 263
1074 76 270
1075 77 82
1076 77 101
1077 77 121
1078 77 135
1079 77 139
1080 77 141
1081 77 191
1082 77 199
1083 77 209
1084 77 267
1085 77 273
1086 77 278
1087 78 114
1088 78 151
1089 78 183
1090 78 202
1091 78 274
1092 79 89
1093 79 98
1094 79 154
1095 79 173
1096 79 220
1097 79 226
1098 79 237
1099 79 254
1100 80 100
1101 82 108
1102 82 121
1103 82 135
1104 82 191
1105 82 199
1106 82 278
1107 83 114
1108 84 87
1109 84 145
1110 84 190
1111 84 194
1112 84 208
1113 84 215
1114 84 275
1115 84 276
1116 85 87
1117 85 96
1118 85 112
1119 85 115
1120 85 117
1121 85 119
1122 85 126
1123 85 140
1124 85 145
1125 85 159
1126 85 167
1127 85 169
1128 85 180
1129 85 190
1130 85 194
1131 85 214
1132 85 215
1133 85 219
1134 85 235
1135 85 240
1136 85 246
1137 85 261
1138 85 262
1139 85 269
1140 85 275
1141 85 276
1142 86 183
1143 86 202
1144 86 274
1145 87 96
1146 87 112
1147 87 115
1148 87 117
1149 87 119
1150 87 126
1151 87 140
1152 87 145
1153 87 159
1154 87 167
1155 87 169
1156 87 180
1157 87 190
1158 87 194
1159 87 214
1160 87 215
1161 87 219
1162 87 235
1163 87 240
1164 87 246
1165 87 261
1166 87 262
1167 87 269
1168 87 275
1169 87 276
1170 88 136
1171 88 144
1172 88 168
1173 88 203
1174 89 94
1175 89 95
1176 89 98
1177 89 102
1178 89 103
1179 89 104
1180 89 107
1181 89 131
1182 89 154
1183 89 179
1184 89 189
1185 89 197
1186 89 213
1187 89 216
1188 89 220
1189 89 222
1190 89 226
1191 89 237
1192 89 247
1193 89 254
1194 89 264
1195 90 91
1196 90 97
1197 90 106
1198 90 116
1199 90 127
1200 90 132
1201 90 134
1202 90 150
1203 90 155
1204 90 156
1205 90 161
1206 90 195
1207 90 211
1208 90 225
1209 90 231
1210 90 232
1211 90 239
1212 90 241
1213 90 263
1214 90 270
1215 90 279
1216 91 106
1217 91 127
1218 91 132
1219 91 134
1220 91 150
1221 91 155
1222 91 156
1223 91 193
1224 91 195
1225 91 225
1226 91 232
1227 91 239
1228 91 241
1229 91 242
1230 91 263
1231 91 270
1232 92 178
1233 93 196
1234 93 245
1235 94 95
1236 94 102
1237 94 103
1238 94 104
1239 94 107
1240 94 154
1241 94 189
1242 94 213
1243 94 216
1244 94 222
1245 94 237
1246 94 264
1247 95 102
1248 95 103
1249 95 104
1250 95 107
1251 95 154
1252 95 179
1253 95 189
1254 95 213
1255 95 216
1256 95 222
1257 95 237
1258 95 247
1259 95 264
1260 96 112
1261 96 117
1262 96 119
1263 96 145
1264 96 159
1265 96 167
1266 96 169
1267 96 190
1268 96 194
1269 96 214
1270 96 215
1271 96 219
1272 96 235
1273 96 246
1274 96 261
1275 96 262
1276 96 269
1277 96 275
1278 96 276
1279 97 155
1280 97 211
1281 97 231
1282 97 239
1283 98 173
1284 98 197
1285 98 220
1286 101 121
1287 101 139
1288 101 191
1289 101 199
1290 101 209
1291 101 267
1292 101 278
1293 102 103
1294 102 104
1295 102 107
1296 102 154
1297 102 179
1298 102 189
1299 102 213
1300 102 216
1301 102 222
1302 102 237
1303 102 264
1304 103 104
1305 103 107
1306 103 154
1307 103 179
1308 103 189
1309 103 213
1310 103 216
1311 103 222
1312 103 237
1313 103 264
1314 104 107
1315 104 154
1316 104 179
1317 104 189
1318 104 213
1319 104 216
1320 104 222
1321 104 237
1322 104 264
1323 105 166
1324 105 173
1325 105 197
1326 105 206
1327 105 220
1328 106 127
1329 106 132
1330 106 134
1331 106 150
1332 106 155
1333 106 156
1334 106 193
1335 106 195
1336 106 225
1337 106 232
1338 106 239
1339 106 241
1340 106 242
1341 106 263
1342 106 270
1343 107 154
1344 107 179
1345 107 189
1346 107 213
1347 107 216
1348 107 222
1349 107 237
1350 107 264
1351 108 199
1352 108 273
1353 108 278
1354 109 246
1355 110 163
1356 111 221
1357 112 115
1358 112 117
1359 112 119
1360 112 126
1361 112 140
1362 112 145
1363 112 159
1364 112 167
1365 112 169
1366 112 180
1367 112 190
1368 112 194
1369 112 214
1370 112 215
1371 112 219
1372 112 235
1373 112 240
1374 112 246
1375 112 261
1376 112 262
1377 112 269
1378 112 275
1379 112 276
1380 113 186
1381 114 151
1382 114 183
1383 114 202
1384 114 274
1385 115 117
1386 115 126
1387 115 140
1388 115 145
1389 115 159
1390 115 167
1391 115 169
1392 115 180
1393 115 190
1394 115 194
1395 115 214
1396 115 215
1397 115 219
1398 115 235
1399 115 240
1400 115 246
1401 115 261
1402 115 262
1403 115 269
1404 115 275
1405 115 276
1406 116 161
1407 116 239
1408 117 119
1409 117 126
1410 117 140
1411 117 145
1412 117 159
1413 117 167
1414 117 169
1415 117 180
1416 117 190
1417 117 194
1418 117 214
1419 117 215
1420 117 219
1421 117 235
1422 117 240
1423 117 246
1424 117 261
1425 117 262
1426 117 269
1427 117 275
1428 117 276
1429 118 128
1430 118 129
1431 118 171
1432 118 172
1433 118 174
1434 118 175
1435 118 198
1436 118 210
1437 118 218
1438 118 229
1439 118 258
1440 118 271
1441 119 126
1442 119 145
1443 119 159
1444 119 167
1445 119 169
1446 119 180
1447 119 190
1448 119 194
1449 119 214
1450 119 215
1451 119 219
1452 119 269
1453 119 275
1454 119 276
1455 120 170
1456 120 227
1457 120 248
1458 120 260
1459 121 135
1460 121 139
1461 121 191
1462 121 199
1463 121 209
1464 121 267
1465 121 273
1466 121 278
1467 122 200
1468 123 157
1469 123 165
1470 123 182
1471 123 185
1472 123 217
1473 123 234
1474 124 155
1475 124 253
1476 125 155
1477 125 225
1478 125 232
1479 125 241
1480 126 140
1481 126 145
1482 126 159
1483 126 167
1484 126 169
1485 126 180
1486 126 190
1487 126 194
1488 126 214
1489 126 215
1490 126 219
1491 126 235
1492 126 246
1493 126 261
1494 126 269
1495 126 275
1496 126 276
1497 127 132
1498 127 134
1499 127 150
1500 127 155
1501 127 156
1502 127 193
1503 127 195
1504 127 225
1505 127 232
1506 127 239
1507 127 241
1508 127 242
1509 127 263
1510 127 270
1511 128 129
1512 128 172
1513 128 174
1514 128 175
1515 128 198
1516 128 210
1517 128 218
1518 128 229
1519 128 258
1520 128 271
1521 129 164
1522 129 171
1523 129 172
1524 129 174
1525 129 175
1526 129 198
1527 129 210
1528 129 218
1529 129 229
1530 129 258
1531 129 271
1532 131 166
1533 131 184
1534 131 197
1535 131 220
1536 131 226
1537 131 254
1538 132 134
1539 132 150
1540 132 155
1541 132 156
1542 132 193
1543 132 195
1544 132 225
1545 132 232
1546 132 239
1547 132 241
1548 132 242
1549 132 263
1550 132 270
1551 134 150
1552 134 155
1553 134 156
1554 134 193
1555 134 195
1556 134 225
1557 134 232
1558 134 239
1559 134 241
1560 134 242
1561 134 263
1562 134 270
1563 135 191
1564 135 199
1565 135 278
1566 136 144
1567 136 168
1568 136 203
1569 136 233
1570 138 143
1571 138 147
1572 138 187
1573 138 211
1574 139 191
1575 139 199
1576 139 209
1577 139 267
1578 140 145
1579 140 159
1580 140 167
1581 140 169
1582 140 190
1583 140 194
1584 140 214
1585 140 215
1586 140 219
1587 140 235
1588 140 240
1589 140 246
1590 140 261
1591 140 262
1592 140 269
1593 140 275
1594 140 276
1595 142 178
1596 143 147
1597 143 187
1598 143 211
1599 144 168
1600 144 188
1601 144 203
1602 144 233
1603 144 236
1604 145 159
1605 145 167
1606 145 169
1607 145 180
1608 145 190
1609 145 194
1610 145 214
1611 145 215
1612 145 219
1613 145 235
1614 145 240
1615 145 246
1616 145 261
1617 145 262
1618 145 269
1619 145 275
1620 145 276
1621 146 243
1622 146 255
1623 146 266
1624 146 268
1625 147 187
1626 147 211
1627 149 238
1628 150 155
1629 150 156
1630 150 193
1631 150 195
1632 150 225
1633 150 239
1634 150 241
1635 150 242
1636 150 263
1637 150 270
1638 151 183
1639 151 202
1640 151 274
1641 153 176
1642 153 211
1643 153 251
1644 154 179
1645 154 189
1646 154 213
1647 154 216
1648 154 222
1649 154 237
1650 154 264
1651 155 156
1652 155 193
1653 155 195
1654 155 211
1655 155 225
1656 155 231
1657 155 239
1658 155 241
1659 155 242
1660 155 253
1661 155 263
1662 155 270
1663 156 193
1664 156 195
1665 156 239
1666 156 242
1667 156 263
1668 156 270
1669 157 165
1670 157 182
1671 157 185
1672 157 217
1673 157 234
1674 158 212
1675 159 167
1676 159 169
1677 159 180
1678 159 190
1679 159 194
1680 159 214
1681 159 215
1682 159 219
1683 159 235
1684 159 240
1685 159 246
1686 159 261
1687 159 262
1688 159 269
1689 159 275
1690 159 276
1691 161 279
1692 162 257
1693 164 171
1694 164 172
1695 164 174
1696 164 175
1697 164 198
1698 164 210
1699 164 218
1700 164 229
1701 164 258
1702 164 271
1703 165 182
1704 165 185
1705 165 217
1706 165 234
1707 166 184
1708 166 197
1709 166 206
1710 166 220
1711 166 226
1712 166 254
1713 167 169
1714 167 180
1715 167 190
1716 167 194
1717 167 214
1718 167 215
1719 167 219
1720 167 235
1721 167 240
1722 167 246
1723 167 261
1724 167 262
1725 167 269
1726 167 275
1727 167 276
1728 168 203
1729 168 233
1730 169 180
1731 169 190
1732 169 194
1733 169 214
1734 169 215
1735 169 219
1736 169 235
1737 169 240
1738 169 246
1739 169 261
1740 169 262
1741 169 269
1742 169 275
1743 169 276
1744 170 227
1745 170 248
1746 170 260
1747 171 172
1748 171 174
1749 171 175
1750 171 198
1751 171 210
1752 171 218
1753 171 229
1754 171 258
1755 171 271
1756 172 174
1757 172 175
1758 172 198
1759 172 210
1760 172 218
1761 172 229
1762 172 258
1763 172 271
1764 173 197
1765 173 206
1766 173 220
1767 174 175
1768 174 198
1769 174 210
1770 174 218
1771 174 229
1772 174 258
1773 174 271
1774 175 198
1775 175 210
1776 175 218
1777 175 229
1778 175 258
1779 175 271
1780 176 211
1781 176 251
1782 177 256
1783 179 189
1784 179 213
1785 179 216
1786 179 222
1787 179 237
1788 179 247
1789 179 264
1790 180 190
1791 180 194
1792 180 214
1793 180 215
1794 180 219
1795 180 235
1796 180 261
1797 180 269
1798 180 275
1799 180 276
1800 182 185
1801 182 217
1802 182 234
1803 183 202
1804 183 274
1805 184 197
1806 184 220
1807 184 226
1808 184 254
1809 185 217
1810 185 234
1811 187 211
1812 187 239
1813 188 233
1814 188 236
1815 189 213
1816 189 216
1817 189 222
1818 189 237
1819 189 264
1820 190 194
1821 190 208
1822 190 214
1823 190 215
1824 190 219
1825 190 235
1826 190 240
1827 190 246
1828 190 261
1829 190 262
1830 190 269
1831 190 275
1832 190 276
1833 191 199
1834 191 209
1835 191 267
1836 191 278
1837 192 265
1838 193 195
1839 193 225
1840 193 232
1841 193 239
1842 193 241
1843 193 242
1844 193 263
1845 193 270
1846 194 214
1847 194 215
1848 194 219
1849 194 235
1850 194 240
1851 194 246
1852 194 261
1853 194 262
1854 194 269
1855 194 275
1856 194 276
1857 195 225
1858 195 232
1859 195 239
1860 195 241
1861 195 242
1862 195 263
1863 195 270
1864 196 245
1865 197 206
1866 197 220
1867 198 210
1868 198 218
1869 198 229
1870 198 258
1871 198 271
1872 199 267
1873 199 278
1874 202 274
1875 205 249
1876 205 259
1877 205 277
1878 208 214
1879 208 269
1880 209 267
1881 210 218
1882 210 229
1883 210 258
1884 210 271
1885 211 231
1886 211 239
1887 211 248
1888 211 251
1889 213 216
1890 213 222
1891 213 237
1892 213 264
1893 214 215
1894 214 219
1895 214 235
1896 214 240
1897 214 246
1898 214 261
1899 214 262
1900 214 269
1901 214 275
1902 214 276
1903 215 219
1904 215 235
1905 215 240
1906 215 246
1907 215 261
1908 215 262
1909 215 269
1910 215 275
1911 215 276
1912 216 222
1913 216 237
1914 216 264
1915 217 234
1916 218 229
1917 218 258
1918 218 271
1919 219 235
1920 219 240
1921 219 246
1922 219 261
1923 219 262
1924 219 269
1925 219 275
1926 219 276
1927 220 226
1928 220 254
1929 222 237
1930 222 264
1931 223 272
1932 225 232
1933 225 239
1934 225 241
1935 225 263
1936 225 270
1937 226 254
1938 227 248
1939 227 260
1940 229 258
1941 229 271
1942 231 248
1943 232 239
1944 232 241
1945 232 263
1946 232 270
1947 233 236
1948 235 240
1949 235 246
1950 235 261
1951 235 262
1952 235 269
1953 235 275
1954 235 276
1955 237 247
1956 237 264
1957 239 241
1958 239 253
1959 239 263
1960 239 270
1961 240 246
1962 240 261
1963 240 262
1964 240 269
1965 240 275
1966 240 276
1967 241 242
1968 241 263
1969 241 270
1970 242 263
1971 242 270
1972 243 255
1973 243 266
1974 243 268
1975 246 261
1976 246 262
1977 246 269
1978 246 275
1979 246 276
1980 247 264
1981 248 260
1982 249 259
1983 249 277
1984 255 266
1985 255 268
1986 258 271
1987 259 277
1988 261 262
1989 261 269
1990 261 275
1991 261 276
1992 262 269
1993 262 275
1994 262 276
1995 263 270
1996 266 268
1997 269 275
1998 269 276
1999 273 278
2000 275 276
