1 1 9
2 1 47
3 1 53
4 1 69
5 1 89
6 1 94
7 1 95
8 1 102
9 1 103
10 1 104
11 1 105
12 1 107
13 1 154
14 1 173
15 1 179
16 1 189
17 1 213
18 1 216
19 1 222
20 1 237
21 1 247
22 1 264
23 2 3
24 2 13
25 2 15
26 2 22
27 2 24
28 2 27
29 2 30
30 2 31
31 2 37
32 2 55
33 2 59
34 2 62
35 2 63
36 2 64
37 2 71
38 2 84
39 2 85
40 2 87
41 2 96
42 2 112
43 2 115
44 2 117
45 2 119
46 2 126
47 2 140
48 2 145
49 2 159
50 2 167
51 2 169
52 2 180
53 2 190
54 2 194
55 2 208
56 2 214
57 2 215
58 2 219
59 2 235
60 2 240
61 2 246
62 2 261
63 2 262
64 2 269
65 2 275
66 2 276
67 3 13
68 3 15
69 3 22
70 3 24
71 3 27
72 3 30
73 3 31
74 3 37
75 3 55
76 3 59
77 3 62
78 3 63
79 3 64
80 3 71
81 3 84
82 3 85
83 3 87
84 3 96
85 3 112
86 3 115
87 3 117
88 3 119
89 3 126
90 3 140
91 3 145
92 3 159
93 3 167
94 3 169
95 3 180
96 3 190
97 3 194
98 3 208
99 3 214
100 3 215
101 3 219
102 3 235
103 3 240
104 3 246
105 3 261
106 3 262
107 3 269
108 3 275
109 3 276
110 4 11
111 4 16
112 4 18
113 4 28
114 4 40
115 4 51
116 4 52
117 4 54
118 4 65
119 4 76
120 4 90
121 4 91
122 4 97
123 4 106
124 4 124
125 4 125
126 4 127
127 4 132
128 4 134
129 4 143
130 4 147
131 4 150
132 4 155
133 4 156
134 4 161
135 4 187
136 4 193
137 4 195
138 4 211
139 4 225
140 4 227
141 4 231
142 4 232
143 4 239
144 4 241
145 4 242
146 4 248
147 4 253
148 4 263
149 4 270
150 5 16
151 5 51
152 5 153
153 5 160
154 5 176
155 5 211
156 5 227
157 5 231
158 5 239
159 5 248
160 5 251
161 6 8
162 6 26
163 6 43
164 6 45
165 6 48
166 6 70
167 6 136
168 6 144
169 6 174
170 6 175
171 6 188
172 6 192
173 6 198
174 6 210
175 6 229
176 6 265
177 7 14
178 7 19
179 7 41
180 7 42
181 7 66
182 7 77
183 7 82
184 7 101
185 7 108
186 7 121
187 7 122
188 7 135
189 7 139
190 7 152
191 7 181
192 7 191
193 7 199
194 7 200
195 7 209
196 7 267
197 7 273
198 7 278
199 8 26
200 8 32
201 8 43
202 8 44
203 8 45
204 8 56
205 8 68
206 8 70
207 8 75
208 8 88
209 8 129
210 8 136
211 8 144
212 8 168
213 8 171
214 8 172
215 8 174
216 8 175
217 8 188
218 8 192
219 8 198
220 8 203
221 8 210
222 8 218
223 8 229
224 8 233
225 8 236
226 8 258
227 8 265
228 8 271
229 9 12
230 9 16
231 9 18
232 9 34
233 9 46
234 9 51
235 9 53
236 9 65
237 9 69
238 9 72
239 9 76
240 9 79
241 9 89
242 9 90
243 9 94
244 9 95
245 9 98
246 9 102
247 9 103
248 9 105
249 9 131
250 9 154
251 9 166
252 9 173
253 9 179
254 9 184
255 9 197
256 9 206
257 9 211
258 9 213
259 9 216
260 9 220
261 9 222
262 9 225
263 9 226
264 9 237
265 9 239
266 9 241
267 9 254
268 9 263
269 9 264
270 10 17
271 10 93
272 10 196
273 10 243
274 10 245
275 10 266
276 11 16
277 11 18
278 11 28
279 11 29
280 11 40
281 11 51
282 11 52
283 11 54
284 11 65
285 11 76
286 11 90
287 11 91
288 11 97
289 11 106
290 11 116
291 11 124
292 11 125
293 11 127
294 11 132
295 11 134
296 11 150
297 11 155
298 11 156
299 11 161
300 11 173
301 11 186
302 11 187
303 11 193
304 11 195
305 11 211
306 11 225
307 11 227
308 11 231
309 11 232
310 11 239
311 11 241
312 11 242
313 11 248
314 11 253
315 11 263
316 11 270
317 11 279
318 12 34
319 12 46
320 12 69
321 12 72
322 12 79
323 12 89
324 12 105
325 12 131
326 12 166
327 12 173
328 12 184
329 12 197
330 12 206
331 12 220
332 12 226
333 12 254
334 13 15
335 13 22
336 13 24
337 13 27
338 13 30
339 13 31
340 13 37
341 13 55
342 13 59
343 13 62
344 13 63
345 13 64
346 13 67
347 13 71
348 13 84
349 13 85
350 13 87
351 13 96
352 13 109
353 13 112
354 13 115
355 13 117
356 13 119
357 13 126
358 13 140
359 13 145
360 13 159
361 13 167
362 13 169
363 13 180
364 13 190
365 13 194
366 13 208
367 13 214
368 13 215
369 13 219
370 13 235
371 13 240
372 13 246
373 13 261
374 13 262
375 13 269
376 13 275
377 13 276
378 14 19
379 14 41
380 14 42
381 14 66
382 14 77
383 14 82
384 14 101
385 14 121
386 14 122
387 14 135
388 14 139
389 14 152
390 14 181
391 14 191
392 14 199
393 14 200
394 14 209
395 14 267
396 14 273
397 14 278
398 15 22
399 15 27
400 15 30
401 15 31
402 15 37
403 15 55
404 15 62
405 15 63
406 15 64
407 15 67
408 15 71
409 15 85
410 15 87
411 15 96
412 15 109
413 15 112
414 15 115
415 15 117
416 15 119
417 15 126
418 15 140
419 15 145
420 15 159
421 15 167
422 15 169
423 15 190
424 15 194
425 15 214
426 15 215
427 15 219
428 15 235
429 15 240
430 15 246
431 15 261
432 15 262
433 15 269
434 15 275
435 15 276
436 16 18
437 16 25
438 16 28
439 16 29
440 16 34
441 16 36
442 16 38
443 16 40
444 16 51
445 16 52
446 16 54
447 16 65
448 16 69
449 16 76
450 16 79
451 16 90
452 16 91
453 16 97
454 16 98
455 16 106
456 16 111
457 16 116
458 16 120
459 16 125
460 16 127
461 16 132
462 16 134
463 16 138
464 16 143
465 16 147
466 16 150
467 16 153
468 16 155
469 16 156
470 16 161
471 16 170
472 16 173
473 16 176
474 16 186
475 16 187
476 16 193
477 16 195
478 16 197
479 16 211
480 16 221
481 16 225
482 16 226
483 16 227
484 16 231
485 16 232
486 16 239
487 16 241
488 16 242
489 16 248
490 16 251
491 16 253
492 16 254
493 16 260
494 16 263
495 16 270
496 17 69
497 17 146
498 17 196
499 17 243
500 17 255
501 17 266
502 17 268
503 18 28
504 18 29
505 18 40
506 18 51
507 18 52
508 18 54
509 18 65
510 18 76
511 18 79
512 18 90
513 18 91
514 18 97
515 18 106
516 18 116
517 18 125
518 18 127
519 18 132
520 18 134
521 18 150
522 18 155
523 18 156
524 18 161
525 18 173
526 18 186
527 18 187
528 18 193
529 18 195
530 18 211
531 18 225
532 18 227
533 18 231
534 18 232
535 18 239
536 18 241
537 18 242
538 18 248
539 18 253
540 18 263
541 18 270
542 18 279
543 19 41
544 19 42
545 19 56
546 19 66
547 19 77
548 19 82
549 19 101
550 19 108
551 19 121
552 19 122
553 19 135
554 19 139
555 19 141
556 19 152
557 19 165
558 19 181
559 19 191
560 19 199
561 19 200
562 19 205
563 19 209
564 19 217
565 19 267
566 19 273
567 19 277
568 19 278
569 21 228
570 22 24
571 22 27
572 22 30
573 22 31
574 22 37
575 22 55
576 22 59
577 22 62
578 22 63
579 22 64
580 22 67
581 22 71
582 22 84
583 22 85
584 22 87
585 22 96
586 22 109
587 22 112
588 22 115
589 22 117
590 22 119
591 22 126
592 22 140
593 22 145
594 22 159
595 22 167
596 22 169
597 22 180
598 22 190
599 22 194
600 22 208
601 22 214
602 22 215
603 22 219
604 22 235
605 22 240
606 22 246
607 22 261
608 22 262
609 22 269
610 22 275
611 22 276
612 24 27
613 24 30
614 24 31
615 24 37
616 24 55
617 24 59
618 24 62
619 24 64
620 24 71
621 24 85
622 24 87
623 24 96
624 24 112
625 24 115
626 24 117
627 24 119
628 24 126
629 24 140
630 24 145
631 24 159
632 24 167
633 24 169
634 24 180
635 24 190
636 24 194
637 24 214
638 24 215
639 24 219
640 24 235
641 24 240
642 24 246
643 24 261
644 24 262
645 24 269
646 24 275
647 24 276
648 25 38
649 25 120
650 25 170
651 25 227
652 25 248
653 25 260
654 26 43
655 26 44
656 26 45
657 26 48
658 26 56
659 26 68
660 26 70
661 26 75
662 26 136
663 26 144
664 26 172
665 26 174
666 26 175
667 26 188
668 26 192
669 26 198
670 26 203
671 26 210
672 26 218
673 26 229
674 26 233
675 26 258
676 26 265
677 27 30
678 27 31
679 27 37
680 27 55
681 27 59
682 27 62
683 27 63
684 27 64
685 27 67
686 27 71
687 27 85
688 27 87
689 27 96
690 27 109
691 27 112
692 27 115
693 27 117
694 27 119
695 27 126
696 27 140
697 27 145
698 27 159
699 27 167
700 27 169
701 27 180
702 27 190
703 27 194
704 27 214
705 27 215
706 27 219
707 27 235
708 27 240
709 27 246
710 27 261
711 27 262
712 27 269
713 27 275
714 27 276
715 28 40
716 28 51
717 28 52
718 28 54
719 28 65
720 28 76
721 28 90
722 28 91
723 28 97
724 28 106
725 28 124
726 28 125
727 28 127
728 28 132
729 28 134
730 28 143
731 28 147
732 28 150
733 28 155
734 28 156
735 28 161
736 28 187
737 28 193
738 28 195
739 28 211
740 28 225
741 28 227
742 28 231
743 28 232
744 28 239
745 28 241
746 28 242
747 28 248
748 28 253
749 28 263
750 28 270
751 29 51
752 29 52
753 29 54
754 29 65
755 29 76
756 29 90
757 29 91
758 29 97
759 29 116
760 29 125
761 29 132
762 29 150
763 29 155
764 29 161
765 29 187
766 29 193
767 29 195
768 29 211
769 29 225
770 29 231
771 29 232
772 29 239
773 29 241
774 29 263
775 29 270
776 29 279
777 30 31
778 30 37
779 30 55
780 30 59
781 30 62
782 30 63
783 30 64
784 30 71
785 30 84
786 30 85
787 30 87
788 30 96
789 30 109
790 30 112
791 30 115
792 30 117
793 30 119
794 30 126
795 30 140
796 30 145
797 30 159
798 30 167
799 30 169
800 30 180
801 30 190
802 30 194
803 30 208
804 30 214
805 30 215
806 30 219
807 30 235
808 30 240
809 30 246
810 30 261
811 30 262
812 30 269
813 30 275
814 30 276
815 31 37
816 31 55
817 31 59
818 31 62
819 31 63
820 31 64
821 31 67
822 31 71
823 31 84
824 31 85
825 31 87
826 31 96
827 31 109
828 31 112
829 31 115
830 31 117
831 31 119
832 31 126
833 31 140
834 31 145
835 31 159
836 31 167
837 31 169
838 31 180
839 31 190
840 31 194
841 31 208
842 31 214
843 31 215
844 31 219
845 31 235
846 31 240
847 31 246
848 31 261
849 31 262
850 31 269
851 31 275
852 31 276
853 32 43
854 32 56
855 32 68
856 32 75
857 32 88
858 32 136
859 32 144
860 32 168
861 32 188
862 32 233
863 32 236
864 34 46
865 34 51
866 34 53
867 34 69
868 34 72
869 34 79
870 34 89
871 34 97
872 34 98
873 34 104
874 34 105
875 34 107
876 34 131
877 34 166
878 34 173
879 34 184
880 34 197
881 34 206
882 34 211
883 34 216
884 34 220
885 34 226
886 34 231
887 34 237
888 34 239
889 34 244
890 34 254
891 35 73
892 35 110
893 35 163
894 36 38
895 36 51
896 36 60
897 36 80
898 36 90
899 36 97
900 36 106
901 36 111
902 36 155
903 36 211
904 36 221
905 36 231
906 36 239
907 36 248
908 37 55
909 37 59
910 37 62
911 37 63
912 37 64
913 37 71
914 37 85
915 37 87
916 37 96
917 37 109
918 37 112
919 37 115
920 37 117
921 37 119
922 37 126
923 37 140
924 37 145
925 37 159
926 37 167
927 37 169
928 37 180
929 37 190
930 37 194
931 37 214
932 37 215
933 37 219
934 37 235
935 37 240
936 37 246
937 37 261
938 37 262
939 37 269
940 37 275
941 37 276
942 38 51
943 38 76
944 38 90
945 38 97
946 38 106
947 38 120
948 38 170
949 38 211
950 38 227
951 38 231
952 38 239
953 38 248
954 38 260
955 39 49
956 39 78
957 39 83
958 39 86
959 39 114
960 39 151
961 39 183
962 39 202
963 39 274
964 40 51
965 40 52
966 40 54
967 40 65
968 40 76
969 40 90
970 40 91
971 40 97
972 40 106
973 40 124
974 40 125
975 40 127
976 40 132
977 40 134
978 40 150
979 40 155
980 40 156
981 40 161
982 40 187
983 40 193
984 40 195
985 40 211
986 40 225
987 40 227
988 40 231
989 40 232
990 40 239
991 40 241
992 40 242
993 40 248
994 40 253
995 40 263
996 40 270
997 41 42
998 41 66
999 41 77
1000 41 82
1001 41 101
1002 41 108
1003 41 121
1004 41 122
1005 41 135
1006 41 139
1007 41 152
1008 41 165
1009 41 181
1010 41 191
1011 41 199
1012 41 200
1013 41 209
1014 41 217
1015 41 267
1016 41 273
1017 41 278
1018 42 66
1019 42 77
1020 42 82
1021 42 101
1022 42 108
1023 42 121
1024 42 122
1025 42 135
1026 42 139
1027 42 141
1028 42 152
1029 42 168
1030 42 181
1031 42 191
1032 42 199
1033 42 200
1034 42 209
1035 42 267
1036 42 273
1037 42 278
1038 43 45
1039 43 56
1040 43 75
1041 43 88
1042 43 136
1043 43 144
1044 43 168
1045 43 172
1046 43 175
1047 43 188
1048 43 192
1049 43 198
1050 43 203
1051 43 229
1052 43 233
1053 43 236
1054 43 265
1055 44 68
1056 44 70
1057 44 118
1058 44 128
1059 44 129
1060 44 164
1061 44 171
1062 44 172
1063 44 174
1064 44 175
1065 44 192
1066 44 198
1067 44 210
1068 44 218
1069 44 229
1070 44 258
1071 44 271
1072 45 48
1073 45 56
1074 45 75
1075 45 129
1076 45 144
1077 45 174
1078 45 175
1079 45 188
1080 45 192
1081 45 229
1082 45 265
1083 46 69
1084 46 72
1085 46 89
1086 46 104
1087 46 105
1088 46 131
1089 46 166
1090 46 173
1091 46 184
1092 46 197
1093 46 206
1094 46 220
1095 46 226
1096 46 237
1097 46 254
1098 47 53
1099 47 69
1100 47 79
1101 47 89
1102 47 94
1103 47 95
1104 47 102
1105 47 103
1106 47 104
1107 47 107
1108 47 131
1109 47 154
1110 47 173
1111 47 179
1112 47 184
1113 47 189
1114 47 213
1115 47 216
1116 47 222
1117 47 237
1118 47 247
1119 47 264
1120 48 192
1121 49 78
1122 49 114
1123 49 151
1124 49 183
1125 49 202
1126 49 274
1127 50 74
1128 50 224
1129 51 52
1130 51 54
1131 51 60
1132 51 65
1133 51 69
1134 51 76
1135 51 79
1136 51 89
1137 51 90
1138 51 91
1139 51 97
1140 51 106
1141 51 111
1142 51 116
1143 51 120
1144 51 124
1145 51 125
1146 51 127
1147 51 132
1148 51 134
1149 51 138
1150 51 143
1151 51 147
1152 51 150
1153 51 155
1154 51 156
1155 51 161
1156 51 170
1157 51 173
1158 51 176
1159 51 186
1160 51 187
1161 51 193
1162 51 195
1163 51 197
1164 51 211
1165 51 221
1166 51 225
1167 51 226
1168 51 227
1169 51 231
1170 51 232
1171 51 239
1172 51 241
1173 51 242
1174 51 248
1175 51 251
1176 51 253
1177 51 254
1178 51 263
1179 51 270
1180 51 279
1181 52 65
1182 52 76
1183 52 90
1184 52 91
1185 52 97
1186 52 106
1187 52 116
1188 52 125
1189 52 127
1190 52 132
1191 52 134
1192 52 150
1193 52 155
1194 52 156
1195 52 161
1196 52 186
1197 52 187
1198 52 193
1199 52 195
1200 52 211
1201 52 225
1202 52 231
1203 52 232
1204 52 239
1205 52 241
1206 52 242
1207 52 263
1208 52 270
1209 52 279
1210 53 69
1211 53 79
1212 53 89
1213 53 94
1214 53 95
1215 53 102
1216 53 103
1217 53 104
1218 53 107
1219 53 131
1220 53 154
1221 53 173
1222 53 179
1223 53 184
1224 53 189
1225 53 213
1226 53 216
1227 53 222
1228 53 226
1229 53 237
1230 53 247
1231 53 254
1232 53 264
1233 54 60
1234 54 65
1235 54 76
1236 54 90
1237 54 91
1238 54 97
1239 54 106
1240 54 111
1241 54 124
1242 54 127
1243 54 132
1244 54 134
1245 54 150
1246 54 155
1247 54 156
1248 54 161
1249 54 193
1250 54 195
1251 54 211
1252 54 221
1253 54 225
1254 54 231
1255 54 232
1256 54 239
1257 54 241
1258 54 253
1259 54 263
1260 54 270
1261 54 279
1262 55 59
1263 55 62
1264 55 63
1265 55 64
1266 55 67
1267 55 71
1268 55 84
1269 55 85
1270 55 87
1271 55 96
1272 55 112
1273 55 115
1274 55 117
1275 55 119
1276 55 126
1277 55 140
1278 55 145
1279 55 159
1280 55 167
1281 55 169
1282 55 180
1283 55 190
1284 55 194
1285 55 208
1286 55 214
1287 55 215
1288 55 219
1289 55 235
1290 55 240
1291 55 246
1292 55 261
1293 55 262
1294 55 269
1295 55 275
1296 55 276
1297 56 68
1298 56 75
1299 56 88
1300 56 129
1301 56 136
1302 56 144
1303 56 165
1304 56 168
1305 56 172
1306 56 175
1307 56 188
1308 56 192
1309 56 198
1310 56 203
1311 56 218
1312 56 233
1313 56 236
1314 56 265
1315 57 61
1316 57 123
1317 57 157
1318 57 165
1319 57 182
1320 57 185
1321 57 217
1322 57 234
1323 58 201
1324 59 62
1325 59 64
1326 59 71
1327 59 85
1328 59 87
1329 59 96
1330 59 112
1331 59 115
1332 59 117
1333 59 119
1334 59 126
1335 59 140
1336 59 145
1337 59 159
1338 59 167
1339 59 169
1340 59 180
1341 59 190
1342 59 194
1343 59 214
1344 59 215
1345 59 219
1346 59 235
1347 59 240
1348 59 246
1349 59 261
1350 59 262
1351 59 269
1352 59 275
1353 59 276
1354 60 80
1355 60 97
1356 60 100
1357 60 111
1358 60 155
1359 60 211
1360 60 221
1361 60 239
1362 61 121
1363 61 123
1364 61 157
1365 61 165
1366 61 182
1367 61 185
1368 61 217
1369 61 234
1370 62 63
1371 62 64
1372 62 67
1373 62 71
1374 62 84
1375 62 85
1376 62 87
1377 62 96
1378 62 109
1379 62 112
1380 62 115
1381 62 117
1382 62 119
1383 62 126
1384 62 140
1385 62 145
1386 62 159
1387 62 167
1388 62 169
1389 62 180
1390 62 190
1391 62 194
1392 62 208
1393 62 214
1394 62 215
1395 62 219
1396 62 235
1397 62 240
1398 62 246
1399 62 261
1400 62 262
1401 62 269
1402 62 275
1403 62 276
1404 63 64
1405 63 71
1406 63 85
1407 63 87
1408 63 96
1409 63 112
1410 63 115
1411 63 117
1412 63 119
1413 63 126
1414 63 140
1415 63 145
1416 63 159
1417 63 167
1418 63 169
1419 63 180
1420 63 190
1421 63 194
1422 63 208
1423 63 214
1424 63 215
1425 63 219
1426 63 235
1427 63 240
1428 63 246
1429 63 261
1430 63 262
1431 63 269
1432 63 275
1433 63 276
1434 64 71
1435 64 84
1436 64 85
1437 64 87
1438 64 96
1439 64 112
1440 64 115
1441 64 117
1442 64 119
1443 64 126
1444 64 140
1445 64 145
1446 64 159
1447 64 167
1448 64 169
1449 64 180
1450 64 190
1451 64 194
1452 64 214
1453 64 215
1454 64 219
1455 64 235
1456 64 240
1457 64 246
1458 64 261
1459 64 262
1460 64 269
1461 64 275
1462 64 276
1463 65 76
1464 65 90
1465 65 91
1466 65 97
1467 65 106
1468 65 124
1469 65 125
1470 65 127
1471 65 132
1472 65 134
1473 65 138
1474 65 143
1475 65 147
1476 65 150
1477 65 155
1478 65 156
1479 65 161
1480 65 186
1481 65 187
1482 65 193
1483 65 195
1484 65 211
1485 65 225
1486 65 227
1487 65 232
1488 65 239
1489 65 241
1490 65 242
1491 65 248
1492 65 253
1493 65 263
1494 65 270
1495 66 77
1496 66 82
1497 66 101
1498 66 108
1499 66 121
1500 66 122
1501 66 135
1502 66 139
1503 66 181
1504 66 191
1505 66 199
1506 66 200
1507 66 209
1508 66 267
1509 66 273
1510 66 278
1511 67 71
1512 67 85
1513 67 87
1514 67 112
1515 67 117
1516 67 145
1517 67 167
1518 67 169
1519 67 190
1520 67 194
1521 67 215
1522 67 235
1523 67 261
1524 67 269
1525 67 276
1526 68 70
1527 68 75
1528 68 88
1529 68 118
1530 68 128
1531 68 129
1532 68 136
1533 68 144
1534 68 164
1535 68 171
1536 68 172
1537 68 174
1538 68 175
1539 68 198
1540 68 210
1541 68 218
1542 68 229
1543 68 233
1544 68 258
1545 68 265
1546 68 271
1547 69 72
1548 69 79
1549 69 89
1550 69 94
1551 69 95
1552 69 97
1553 69 98
1554 69 102
1555 69 103
1556 69 104
1557 69 105
1558 69 107
1559 69 131
1560 69 133
1561 69 154
1562 69 166
1563 69 173
1564 69 179
1565 69 184
1566 69 197
1567 69 206
1568 69 211
1569 69 213
1570 69 216
1571 69 220
1572 69 222
1573 69 226
1574 69 231
1575 69 237
1576 69 244
1577 69 254
1578 69 264
1579 70 88
1580 70 118
1581 70 128
1582 70 129
1583 70 136
1584 70 144
1585 70 164
1586 70 171
1587 70 172
1588 70 174
1589 70 175
1590 70 188
1591 70 192
1592 70 198
1593 70 210
1594 70 218
1595 70 229
1596 70 258
1597 70 265
1598 70 271
1599 71 84
1600 71 85
1601 71 87
1602 71 96
1603 71 109
1604 71 112
1605 71 115
1606 71 117
1607 71 119
1608 71 126
1609 71 140
1610 71 145
1611 71 159
1612 71 167
1613 71 169
1614 71 180
1615 71 190
1616 71 194
1617 71 214
1618 71 215
1619 71 219
1620 71 235
1621 71 240
1622 71 246
1623 71 261
1624 71 262
1625 71 269
1626 71 275
1627 71 276
1628 72 79
1629 72 89
1630 72 98
1631 72 104
1632 72 105
1633 72 131
1634 72 166
1635 72 173
1636 72 184
1637 72 197
1638 72 206
1639 72 220
1640 72 226
1641 72 237
1642 72 244
1643 72 254
1644 73 110
1645 73 163
1646 74 224
1647 75 88
1648 75 129
1649 75 136
1650 75 144
1651 75 168
1652 75 172
1653 75 188
1654 75 203
1655 75 218
1656 75 233
1657 75 236
1658 75 265
1659 76 90
1660 76 91
1661 76 97
1662 76 106
1663 76 116
1664 76 125
1665 76 127
1666 76 132
1667 76 134
1668 76 150
1669 76 155
1670 76 156
1671 76 161
1672 76 186
1673 76 187
1674 76 193
1675 76 195
1676 76 211
1677 76 225
1678 76 227
1679 76 231
1680 76 232
1681 76 239
1682 76 241
1683 76 242
1684 76 248
1685 76 253
1686 76 263
1687 76 270
1688 77 82
1689 77 101
1690 77 108
1691 77 121
1692 77 135
1693 77 139
1694 77 141
1695 77 152
1696 77 181
1697 77 191
1698 77 199
1699 77 209
1700 77 267
1701 77 273
1702 77 278
1703 78 83
1704 78 86
1705 78 114
1706 78 151
1707 78 183
1708 78 202
1709 78 274
1710 79 89
1711 79 94
1712 79 95
1713 79 97
1714 79 98
1715 79 102
1716 79 103
1717 79 104
1718 79 105
1719 79 107
1720 79 154
1721 79 155
1722 79 166
1723 79 173
1724 79 184
1725 79 189
1726 79 197
1727 79 206
1728 79 213
1729 79 216
1730 79 220
1731 79 222
1732 79 226
1733 79 237
1734 79 239
1735 79 244
1736 79 254
1737 80 90
1738 80 97
1739 80 100
1740 80 111
1741 80 211
1742 80 221
1743 80 239
1744 82 101
1745 82 108
1746 82 121
1747 82 122
1748 82 135
1749 82 139
1750 82 152
1751 82 165
1752 82 181
1753 82 191
1754 82 199
1755 82 200
1756 82 209
1757 82 217
1758 82 267
1759 82 273
1760 82 278
1761 83 114
1762 83 151
1763 83 202
1764 84 85
1765 84 87
1766 84 96
1767 84 112
1768 84 115
1769 84 117
1770 84 119
1771 84 126
1772 84 140
1773 84 145
1774 84 159
1775 84 167
1776 84 169
1777 84 180
1778 84 190
1779 84 194
1780 84 208
1781 84 214
1782 84 215
1783 84 219
1784 84 240
1785 84 262
1786 84 269
1787 84 275
1788 84 276
1789 85 87
1790 85 96
1791 85 109
1792 85 112
1793 85 115
1794 85 117
1795 85 119
1796 85 126
1797 85 140
1798 85 145
1799 85 159
1800 85 167
1801 85 169
1802 85 180
1803 85 190
1804 85 194
1805 85 208
1806 85 214
1807 85 215
1808 85 219
1809 85 235
1810 85 240
1811 85 246
1812 85 261
1813 85 262
1814 85 269
1815 85 275
1816 85 276
1817 86 114
1818 86 151
1819 86 183
1820 86 202
1821 86 274
1822 87 96
1823 87 109
1824 87 112
1825 87 115
1826 87 117
1827 87 119
1828 87 126
1829 87 140
1830 87 145
1831 87 159
1832 87 167
1833 87 169
1834 87 180
1835 87 190
1836 87 194
1837 87 208
1838 87 214
1839 87 215
1840 87 219
1841 87 235
1842 87 240
1843 87 246
1844 87 261
1845 87 262
1846 87 269
1847 87 275
1848 87 276
1849 88 129
1850 88 136
1851 88 141
1852 88 144
1853 88 168
1854 88 171
1855 88 172
1856 88 174
1857 88 175
1858 88 181
1859 88 188
1860 88 198
1861 88 203
1862 88 210
1863 88 218
1864 88 229
1865 88 233
1866 88 236
1867 88 265
1868 89 94
1869 89 95
1870 89 98
1871 89 102
1872 89 103
1873 89 104
1874 89 105
1875 89 107
1876 89 131
1877 89 154
1878 89 166
1879 89 173
1880 89 179
1881 89 184
1882 89 189
1883 89 197
1884 89 206
1885 89 213
1886 89 216
1887 89 220
1888 89 222
1889 89 226
1890 89 237
1891 89 244
1892 89 247
1893 89 254
1894 89 264
1895 90 91
1896 90 97
1897 90 106
1898 90 111
1899 90 116
1900 90 120
1901 90 125
1902 90 127
1903 90 132
1904 90 134
1905 90 150
1906 90 155
1907 90 156
1908 90 161
1909 90 173
1910 90 186
1911 90 187
1912 90 193
1913 90 195
1914 90 206
1915 90 211
1916 90 221
1917 90 225
1918 90 227
1919 90 231
1920 90 232
1921 90 239
1922 90 241
1923 90 242
1924 90 248
1925 90 253
1926 90 263
1927 90 270
1928 90 279
1929 91 97
1930 91 106
1931 91 124
1932 91 125
1933 91 127
1934 91 132
1935 91 134
1936 91 138
1937 91 143
1938 91 147
1939 91 150
1940 91 155
1941 91 156
1942 91 161
1943 91 186
1944 91 187
1945 91 193
1946 91 195
1947 91 211
1948 91 225
1949 91 232
1950 91 239
1951 91 241
1952 91 242
1953 91 248
1954 91 253
1955 91 263
1956 91 270
1957 92 142
1958 92 148
1959 92 178
1960 92 205
1961 92 249
1962 92 259
1963 92 277
1964 93 196
1965 93 245
1966 93 266
1967 94 95
1968 94 102
1969 94 103
1970 94 104
1971 94 107
1972 94 154
1973 94 179
1974 94 189
1975 94 213
1976 94 216
1977 94 222
1978 94 237
1979 94 247
1980 94 264
1981 95 102
1982 95 103
1983 95 104
1984 95 107
1985 95 131
1986 95 154
1987 95 173
1988 95 179
1989 95 184
1990 95 189
1991 95 206
1992 95 213
1993 95 216
1994 95 222
1995 95 226
1996 95 237
1997 95 247
1998 95 254
1999 95 264
2000 96 109
2001 96 112
2002 96 115
2003 96 117
2004 96 119
2005 96 126
2006 96 140
2007 96 145
2008 96 159
2009 96 167
2010 96 169
2011 96 180
2012 96 190
2013 96 194
2014 96 208
2015 96 214
2016 96 215
2017 96 219
2018 96 235
2019 96 240
2020 96 246
2021 96 261
2022 96 262
2023 96 269
2024 96 275
2025 96 276
2026 97 106
2027 97 111
2028 97 116
2029 97 124
2030 97 127
2031 97 132
2032 97 150
2033 97 155
2034 97 161
2035 97 173
2036 97 187
2037 97 195
2038 97 197
2039 97 211
2040 97 221
2041 97 227
2042 97 231
2043 97 232
2044 97 239
2045 97 241
2046 97 248
2047 97 253
2048 97 263
2049 97 270
2050 97 279
2051 98 105
2052 98 166
2053 98 173
2054 98 184
2055 98 197
2056 98 206
2057 98 220
2058 98 226
2059 98 231
2060 98 254
2061 99 246
2062 101 108
2063 101 121
2064 101 122
2065 101 135
2066 101 139
2067 101 152
2068 101 181
2069 101 191
2070 101 199
2071 101 200
2072 101 209
2073 101 267
2074 101 273
2075 101 278
2076 102 103
2077 102 104
2078 102 107
2079 102 131
2080 102 154
2081 102 173
2082 102 179
2083 102 184
2084 102 189
2085 102 213
2086 102 216
2087 102 222
2088 102 226
2089 102 237
2090 102 247
2091 102 264
2092 103 104
2093 103 107
2094 103 131
2095 103 154
2096 103 179
2097 103 184
2098 103 189
2099 103 213
2100 103 216
2101 103 222
2102 103 226
2103 103 237
2104 103 247
2105 103 264
2106 104 105
2107 104 107
2108 104 131
2109 104 154
2110 104 166
2111 104 179
2112 104 184
2113 104 189
2114 104 197
2115 104 213
2116 104 216
2117 104 220
2118 104 222
2119 104 226
2120 104 237
2121 104 247
2122 104 254
2123 104 264
2124 105 131
2125 105 154
2126 105 166
2127 105 173
2128 105 179
2129 105 184
2130 105 197
2131 105 206
2132 105 220
2133 105 226
2134 105 237
2135 105 244
2136 105 254
2137 105 264
2138 106 124
2139 106 125
2140 106 127
2141 106 132
2142 106 134
2143 106 138
2144 106 143
2145 106 147
2146 106 150
2147 106 155
2148 106 156
2149 106 161
2150 106 187
2151 106 193
2152 106 195
2153 106 211
2154 106 225
2155 106 227
2156 106 231
2157 106 232
2158 106 239
2159 106 241
2160 106 242
2161 106 248
2162 106 253
2163 106 263
2164 106 270
2165 107 131
2166 107 154
2167 107 173
2168 107 179
2169 107 184
2170 107 189
2171 107 213
2172 107 216
2173 107 222
2174 107 226
2175 107 237
2176 107 247
2177 107 254
2178 107 264
2179 108 121
2180 108 135
2181 108 139
2182 108 191
2183 108 199
2184 108 267
2185 108 273
2186 108 278
2187 109 112
2188 109 115
2189 109 117
2190 109 140
2191 109 145
2192 109 167
2193 109 190
2194 109 194
2195 109 214
2196 109 215
2197 109 219
2198 109 235
2199 109 240
2200 109 246
2201 109 261
2202 109 262
2203 109 269
2204 109 275
2205 109 276
2206 110 163
2207 111 155
2208 111 211
2209 111 221
2210 111 231
2211 111 239
2212 111 248
2213 112 115
2214 112 117
2215 112 119
2216 112 126
2217 112 140
2218 112 145
2219 112 159
2220 112 167
2221 112 169
2222 112 180
2223 112 190
2224 112 194
2225 112 208
2226 112 214
2227 112 215
2228 112 219
2229 112 235
2230 112 240
2231 112 246
2232 112 261
2233 112 262
2234 112 269
2235 112 275
2236 112 276
2237 113 186
2238 113 239
2239 114 151
2240 114 183
2241 114 202
2242 114 274
2243 115 117
2244 115 119
2245 115 126
2246 115 140
2247 115 145
2248 115 159
2249 115 167
2250 115 169
2251 115 180
2252 115 190
2253 115 194
2254 115 214
2255 115 215
2256 115 219
2257 115 235
2258 115 240
2259 115 246
2260 115 261
2261 115 262
2262 115 269
2263 115 275
2264 115 276
2265 116 155
2266 116 156
2267 116 161
2268 116 211
2269 116 225
2270 116 231
2271 116 232
2272 116 239
2273 116 241
2274 116 242
2275 116 270
2276 116 279
2277 117 119
2278 117 126
2279 117 140
2280 117 145
2281 117 159
2282 117 167
2283 117 169
2284 117 180
2285 117 190
2286 117 194
2287 117 208
2288 117 214
2289 117 215
2290 117 219
2291 117 235
2292 117 240
2293 117 246
2294 117 261
2295 117 262
2296 117 269
2297 117 275
2298 117 276
2299 118 128
2300 118 129
2301 118 164
2302 118 171
2303 118 172
2304 118 174
2305 118 175
2306 118 198
2307 118 210
2308 118 218
2309 118 229
2310 118 258
2311 118 271
2312 119 126
2313 119 140
2314 119 145
2315 119 159
2316 119 167
2317 119 169
2318 119 180
2319 119 190
2320 119 194
2321 119 208
2322 119 214
2323 119 215
2324 119 219
2325 119 235
2326 119 240
2327 119 246
2328 119 261
2329 119 262
2330 119 269
2331 119 275
2332 119 276
2333 120 155
2334 120 170
2335 120 211
2336 120 227
2337 120 231
2338 120 248
2339 120 260
2340 121 122
2341 121 123
2342 121 135
2343 121 139
2344 121 141
2345 121 152
2346 121 157
2347 121 165
2348 121 181
2349 121 185
2350 121 191
2351 121 199
2352 121 200
2353 121 209
2354 121 217
2355 121 234
2356 121 267
2357 121 273
2358 121 278
2359 122 135
2360 122 141
2361 122 181
2362 122 191
2363 122 200
2364 122 273
2365 122 278
2366 123 157
2367 123 165
2368 123 182
2369 123 185
2370 123 199
2371 123 217
2372 123 234
2373 124 127
2374 124 132
2375 124 134
2376 124 150
2377 124 155
2378 124 156
2379 124 193
2380 124 195
2381 124 239
2382 124 253
2383 124 263
2384 124 270
2385 125 127
2386 125 132
2387 125 134
2388 125 150
2389 125 155
2390 125 156
2391 125 193
2392 125 195
2393 125 211
2394 125 225
2395 125 231
2396 125 232
2397 125 239
2398 125 241
2399 125 242
2400 125 263
2401 125 270
2402 126 140
2403 126 145
2404 126 159
2405 126 167
2406 126 169
2407 126 180
2408 126 190
2409 126 194
2410 126 208
2411 126 214
2412 126 215
2413 126 219
2414 126 235
2415 126 240
2416 126 246
2417 126 261
2418 126 262
2419 126 269
2420 126 275
2421 126 276
2422 127 132
2423 127 134
2424 127 143
2425 127 147
2426 127 150
2427 127 155
2428 127 156
2429 127 161
2430 127 187
2431 127 193
2432 127 195
2433 127 211
2434 127 225
2435 127 227
2436 127 231
2437 127 232
2438 127 239
2439 127 241
2440 127 242
2441 127 248
2442 127 253
2443 127 263
2444 127 270
2445 128 129
2446 128 171
2447 128 172
2448 128 174
2449 128 175
2450 128 198
2451 128 210
2452 128 218
2453 128 229
2454 128 258
2455 128 271
2456 129 136
2457 129 144
2458 129 164
2459 129 171
2460 129 172
2461 129 174
2462 129 175
2463 129 198
2464 129 210
2465 129 218
2466 129 229
2467 129 258
2468 129 265
2469 129 271
2470 131 154
2471 131 166
2472 131 184
2473 131 189
2474 131 197
2475 131 213
2476 131 216
2477 131 220
2478 131 222
2479 131 226
2480 131 237
2481 131 244
2482 131 254
2483 132 134
2484 132 150
2485 132 155
2486 132 156
2487 132 161
2488 132 186
2489 132 187
2490 132 193
2491 132 195
2492 132 211
2493 132 225
2494 132 232
2495 132 239
2496 132 241
2497 132 242
2498 132 253
2499 132 263
2500 132 270
2501 133 166
2502 133 226
2503 133 254
2504 134 143
2505 134 147
2506 134 150
2507 134 155
2508 134 156
2509 134 161
2510 134 186
2511 134 187
2512 134 193
2513 134 195
2514 134 211
2515 134 225
2516 134 227
2517 134 231
2518 134 232
2519 134 239
2520 134 241
2521 134 242
2522 134 248
2523 134 253
2524 134 263
2525 134 270
2526 135 139
2527 135 152
2528 135 181
2529 135 191
2530 135 199
2531 135 200
2532 135 209
2533 135 267
2534 135 273
2535 135 278
2536 136 144
2537 136 165
2538 136 168
2539 136 172
2540 136 174
2541 136 188
2542 136 192
2543 136 198
2544 136 203
2545 136 218
2546 136 233
2547 136 236
2548 138 143
2549 138 147
2550 138 150
2551 138 187
2552 138 195
2553 138 211
2554 138 231
2555 138 263
2556 139 141
2557 139 152
2558 139 191
2559 139 199
2560 139 209
2561 139 267
2562 139 278
2563 140 145
2564 140 159
2565 140 167
2566 140 169
2567 140 180
2568 140 190
2569 140 194
2570 140 214
2571 140 215
2572 140 219
2573 140 235
2574 140 240
2575 140 246
2576 140 261
2577 140 262
2578 140 269
2579 140 275
2580 140 276
2581 141 152
2582 141 178
2583 141 199
2584 141 200
2585 141 217
2586 141 267
2587 142 178
2588 142 205
2589 142 249
2590 142 259
2591 142 277
2592 143 147
2593 143 150
2594 143 187
2595 143 193
2596 143 195
2597 143 211
2598 143 231
2599 143 239
2600 143 242
2601 143 263
2602 144 168
2603 144 171
2604 144 172
2605 144 174
2606 144 175
2607 144 188
2608 144 192
2609 144 198
2610 144 203
2611 144 210
2612 144 218
2613 144 233
2614 144 236
2615 144 265
2616 145 159
2617 145 167
2618 145 169
2619 145 180
2620 145 190
2621 145 194
2622 145 208
2623 145 214
2624 145 215
2625 145 219
2626 145 235
2627 145 240
2628 145 246
2629 145 261
2630 145 262
2631 145 269
2632 145 275
2633 145 276
2634 146 243
2635 146 255
2636 146 266
2637 146 268
2638 147 150
2639 147 187
2640 147 193
2641 147 195
2642 147 211
2643 147 231
2644 147 239
2645 147 242
2646 147 263
2647 148 259
2648 149 238
2649 150 155
2650 150 156
2651 150 161
2652 150 173
2653 150 187
2654 150 193
2655 150 195
2656 150 211
2657 150 225
2658 150 227
2659 150 231
2660 150 232
2661 150 239
2662 150 241
2663 150 242
2664 150 248
2665 150 253
2666 150 263
2667 150 270
2668 151 183
2669 151 202
2670 151 274
2671 152 181
2672 152 199
2673 152 217
2674 152 267
2675 152 273
2676 153 160
2677 153 176
2678 153 211
2679 153 239
2680 153 248
2681 153 251
2682 154 179
2683 154 184
2684 154 189
2685 154 213
2686 154 216
2687 154 222
2688 154 226
2689 154 237
2690 154 247
2691 154 264
2692 155 156
2693 155 161
2694 155 186
2695 155 187
2696 155 193
2697 155 195
2698 155 211
2699 155 221
2700 155 225
2701 155 227
2702 155 231
2703 155 232
2704 155 239
2705 155 241
2706 155 242
2707 155 248
2708 155 253
2709 155 263
2710 155 270
2711 155 279
2712 156 161
2713 156 187
2714 156 193
2715 156 195
2716 156 211
2717 156 225
2718 156 232
2719 156 239
2720 156 241
2721 156 242
2722 156 248
2723 156 263
2724 156 270
2725 156 279
2726 157 165
2727 157 182
2728 157 185
2729 157 217
2730 157 234
2731 158 212
2732 159 167
2733 159 169
2734 159 180
2735 159 190
2736 159 194
2737 159 208
2738 159 214
2739 159 215
2740 159 219
2741 159 235
2742 159 240
2743 159 246
2744 159 261
2745 159 262
2746 159 269
2747 159 275
2748 159 276
2749 160 176
2750 160 251
2751 161 187
2752 161 193
2753 161 195
2754 161 211
2755 161 225
2756 161 231
2757 161 232
2758 161 239
2759 161 241
2760 161 263
2761 161 270
2762 161 279
2763 162 257
2764 164 171
2765 164 172
2766 164 174
2767 164 175
2768 164 198
2769 164 210
2770 164 218
2771 164 229
2772 164 258
2773 164 271
2774 165 182
2775 165 185
2776 165 199
2777 165 217
2778 165 234
2779 165 278
2780 166 173
2781 166 179
2782 166 184
2783 166 197
2784 166 206
2785 166 220
2786 166 226
2787 166 254
2788 167 169
2789 167 180
2790 167 190
2791 167 194
2792 167 208
2793 167 214
2794 167 215
2795 167 219
2796 167 235
2797 167 240
2798 167 246
2799 167 261
2800 167 262
2801 167 269
2802 167 275
2803 167 276
2804 168 188
2805 168 203
2806 168 233
2807 168 236
2808 169 180
2809 169 190
2810 169 194
2811 169 208
2812 169 214
2813 169 215
2814 169 219
2815 169 235
2816 169 240
2817 169 246
2818 169 261
2819 169 262
2820 169 269
2821 169 275
2822 169 276
2823 170 211
2824 170 227
2825 170 248
2826 170 260
2827 171 172
2828 171 174
2829 171 175
2830 171 198
2831 171 210
2832 171 218
2833 171 229
2834 171 258
2835 171 271
2836 172 174
2837 172 175
2838 172 198
2839 172 210
2840 172 218
2841 172 229
2842 172 258
2843 172 271
2844 173 179
2845 173 187
2846 173 195
2847 173 197
2848 173 206
2849 173 211
2850 173 213
2851 173 216
2852 173 220
2853 173 222
2854 173 226
2855 173 231
2856 173 237
2857 173 239
2858 173 254
2859 173 264
2860 174 175
2861 174 188
2862 174 192
2863 174 198
2864 174 210
2865 174 218
2866 174 229
2867 174 258
2868 174 265
2869 174 271
2870 175 188
2871 175 192
2872 175 198
2873 175 210
2874 175 218
2875 175 229
2876 175 258
2877 175 265
2878 175 271
2879 176 211
2880 176 227
2881 176 231
2882 176 239
2883 176 248
2884 176 251
2885 177 256
2886 178 205
2887 178 249
2888 178 259
2889 178 277
2890 179 189
2891 179 213
2892 179 216
2893 179 222
2894 179 237
2895 179 247
2896 179 264
2897 180 190
2898 180 194
2899 180 214
2900 180 215
2901 180 219
2902 180 235
2903 180 240
2904 180 246
2905 180 261
2906 180 262
2907 180 269
2908 180 275
2909 180 276
2910 181 199
2911 181 200
2912 182 185
2913 182 217
2914 182 234
2915 183 202
2916 183 274
2917 184 197
2918 184 206
2919 184 213
2920 184 216
2921 184 220
2922 184 222
2923 184 226
2924 184 237
2925 184 244
2926 184 254
2927 185 217
2928 185 234
2929 186 193
2930 186 225
2931 186 232
2932 186 239
2933 186 241
2934 186 242
2935 186 263
2936 186 270
2937 187 193
2938 187 195
2939 187 211
2940 187 225
2941 187 231
2942 187 232
2943 187 239
2944 187 241
2945 187 242
2946 187 263
2947 187 270
2948 188 192
2949 188 198
2950 188 203
2951 188 210
2952 188 233
2953 188 236
2954 188 265
2955 189 213
2956 189 216
2957 189 222
2958 189 237
2959 189 247
2960 189 264
2961 190 194
2962 190 208
2963 190 214
2964 190 215
2965 190 219
2966 190 235
2967 190 240
2968 190 246
2969 190 261
2970 190 262
2971 190 269
2972 190 275
2973 190 276
2974 191 199
2975 191 200
2976 191 209
2977 191 267
2978 191 273
2979 191 278
2980 192 198
2981 192 203
2982 192 210
2983 192 229
2984 192 233
2985 192 258
2986 192 265
2987 193 195
2988 193 211
2989 193 225
2990 193 232
2991 193 239
2992 193 241
2993 193 242
2994 193 248
2995 193 253
2996 193 263
2997 193 270
2998 194 208
2999 194 214
3000 194 215
3001 194 219
3002 194 235
3003 194 240
3004 194 246
3005 194 261
3006 194 262
3007 194 269
3008 194 275
3009 194 276
3010 195 211
3011 195 225
3012 195 231
3013 195 232
3014 195 239
3015 195 241
3016 195 242
3017 195 248
3018 195 253
3019 195 263
3020 195 270
3021 196 243
3022 196 245
3023 197 206
3024 197 220
3025 197 226
3026 197 237
3027 197 239
3028 197 244
3029 197 254
3030 198 210
3031 198 218
3032 198 229
3033 198 258
3034 198 265
3035 198 271
3036 199 209
3037 199 217
3038 199 267
3039 199 273
3040 199 278
3041 200 273
3042 200 278
3043 202 274
3044 203 233
3045 205 249
3046 205 259
3047 205 277
3048 206 220
3049 206 226
3050 206 244
3051 206 254
3052 208 214
3053 208 215
3054 208 269
3055 208 275
3056 208 276
3057 209 267
3058 210 218
3059 210 229
3060 210 258
3061 210 265
3062 210 271
3063 211 221
3064 211 225
3065 211 227
3066 211 231
3067 211 232
3068 211 239
3069 211 241
3070 211 242
3071 211 248
3072 211 251
3073 211 263
3074 211 270
3075 211 279
3076 213 216
3077 213 222
3078 213 226
3079 213 237
3080 213 247
3081 213 264
3082 214 215
3083 214 219
3084 214 235
3085 214 240
3086 214 246
3087 214 261
3088 214 262
3089 214 269
3090 214 275
3091 214 276
3092 215 219
3093 215 235
3094 215 240
3095 215 246
3096 215 261
3097 215 262
3098 215 269
3099 215 275
3100 215 276
3101 216 222
3102 216 226
3103 216 237
3104 216 247
3105 216 254
3106 216 264
3107 217 234
3108 217 278
3109 218 229
3110 218 258
3111 218 271
3112 219 235
3113 219 240
3114 219 246
3115 219 261
3116 219 262
3117 219 269
3118 219 275
3119 219 276
3120 220 226
3121 220 237
3122 220 244
3123 220 254
3124 221 231
3125 221 239
3126 221 248
3127 222 226
3128 222 237
3129 222 247
3130 222 264
3131 223 272
3132 225 227
3133 225 231
3134 225 232
3135 225 239
3136 225 241
3137 225 242
3138 225 263
3139 225 270
3140 225 279
3141 226 237
3142 226 244
3143 226 254
3144 227 231
3145 227 232
3146 227 239
3147 227 241
3148 227 248
3149 227 251
3150 227 260
3151 227 263
3152 227 270
3153 229 258
3154 229 265
3155 229 271
3156 231 232
3157 231 239
3158 231 241
3159 231 248
3160 231 251
3161 231 270
3162 232 239
3163 232 241
3164 232 242
3165 232 263
3166 232 270
3167 232 279
3168 233 236
3169 233 265
3170 235 240
3171 235 246
3172 235 261
3173 235 262
3174 235 269
3175 235 275
3176 235 276
3177 237 247
3178 237 254
3179 237 264
3180 239 241
3181 239 242
3182 239 251
3183 239 253
3184 239 263
3185 239 270
3186 239 279
3187 240 246
3188 240 261
3189 240 262
3190 240 269
3191 240 275
3192 240 276
3193 241 242
3194 241 248
3195 241 253
3196 241 263
3197 241 270
3198 242 253
3199 242 263
3200 242 270
3201 243 244
3202 243 255
3203 243 266
3204 243 268
3205 244 254
3206 244 255
3207 244 266
3208 246 261
3209 246 262
3210 246 269
3211 246 275
3212 246 276
3213 247 264
3214 248 251
3215 248 260
3216 248 263
3217 248 270
3218 249 259
3219 249 277
3220 252 254
3221 253 263
3222 253 270
3223 255 266
3224 255 268
3225 258 271
3226 259 277
3227 261 262
3228 261 269
3229 261 275
3230 261 276
3231 262 269
3232 262 275
3233 262 276
3234 263 270
3235 266 268
3236 267 273
3237 267 278
3238 269 275
3239 269 276
3240 270 279
3241 273 278
3242 275 276
