1 1 9
2 1 12
3 1 16
4 1 34
5 1 46
6 1 47
7 1 53
8 1 69
9 1 72
10 1 79
11 1 89
12 1 94
13 1 95
14 1 98
15 1 102
16 1 103
17 1 104
18 1 105
19 1 107
20 1 131
21 1 154
22 1 166
23 1 173
24 1 179
25 1 184
26 1 189
27 1 197
28 1 206
29 1 213
30 1 216
31 1 220
32 1 222
33 1 226
34 1 237
35 1 244
36 1 247
37 1 254
38 1 264
39 2 3
40 2 13
41 2 15
42 2 22
43 2 24
44 2 27
45 2 30
46 2 31
47 2 37
48 2 55
49 2 59
50 2 62
51 2 63
52 2 64
53 2 67
54 2 71
55 2 84
56 2 85
57 2 87
58 2 96
59 2 99
60 2 109
61 2 112
62 2 115
63 2 117
64 2 119
65 2 126
66 2 140
67 2 145
68 2 159
69 2 167
70 2 169
71 2 180
72 2 190
73 2 194
74 2 208
75 2 214
76 2 215
77 2 219
78 2 235
79 2 240
80 2 246
81 2 261
82 2 262
83 2 269
84 2 275
85 2 276
86 3 13
87 3 15
88 3 22
89 3 24
90 3 27
91 3 30
92 3 31
93 3 37
94 3 55
95 3 59
96 3 62
97 3 63
98 3 64
99 3 67
100 3 71
101 3 84
102 3 85
103 3 87
104 3 96
105 3 109
106 3 112
107 3 115
108 3 117
109 3 119
110 3 126
111 3 140
112 3 145
113 3 159
114 3 167
115 3 169
116 3 180
117 3 190
118 3 194
119 3 208
120 3 214
121 3 215
122 3 219
123 3 235
124 3 240
125 3 246
126 3 261
127 3 262
128 3 269
129 3 275
130 3 276
131 4 9
132 4 11
133 4 16
134 4 18
135 4 25
136 4 28
137 4 29
138 4 36
139 4 38
140 4 40
141 4 47
142 4 51
143 4 52
144 4 53
145 4 54
146 4 60
147 4 65
148 4 76
149 4 79
150 4 80
151 4 89
152 4 90
153 4 91
154 4 94
155 4 95
156 4 97
157 4 102
158 4 103
159 4 106
160 4 107
161 4 111
162 4 113
163 4 116
164 4 120
165 4 124
166 4 125
167 4 127
168 4 132
169 4 134
170 4 138
171 4 143
172 4 147
173 4 150
174 4 154
175 4 155
176 4 156
177 4 161
178 4 170
179 4 173
180 4 186
181 4 187
182 4 189
183 4 193
184 4 195
185 4 211
186 4 213
187 4 216
188 4 221
189 4 222
190 4 225
191 4 226
192 4 227
193 4 231
194 4 232
195 4 237
196 4 239
197 4 241
198 4 242
199 4 248
200 4 253
201 4 260
202 4 263
203 4 270
204 4 279
205 5 9
206 5 11
207 5 16
208 5 18
209 5 21
210 5 34
211 5 36
212 5 38
213 5 46
214 5 51
215 5 65
216 5 69
217 5 72
218 5 76
219 5 90
220 5 97
221 5 106
222 5 111
223 5 120
224 5 125
225 5 130
226 5 131
227 5 134
228 5 137
229 5 150
230 5 153
231 5 155
232 5 160
233 5 170
234 5 173
235 5 176
236 5 181
237 5 184
238 5 187
239 5 193
240 5 195
241 5 197
242 5 211
243 5 220
244 5 221
245 5 225
246 5 227
247 5 231
248 5 232
249 5 239
250 5 241
251 5 248
252 5 251
253 5 253
254 5 263
255 6 8
256 6 26
257 6 32
258 6 43
259 6 44
260 6 45
261 6 48
262 6 56
263 6 68
264 6 70
265 6 75
266 6 88
267 6 118
268 6 128
269 6 129
270 6 136
271 6 144
272 6 165
273 6 168
274 6 171
275 6 172
276 6 174
277 6 175
278 6 188
279 6 192
280 6 198
281 6 203
282 6 210
283 6 217
284 6 218
285 6 229
286 6 233
287 6 236
288 6 258
289 6 265
290 6 271
291 7 14
292 7 19
293 7 41
294 7 42
295 7 56
296 7 57
297 7 61
298 7 66
299 7 77
300 7 82
301 7 88
302 7 92
303 7 101
304 7 108
305 7 121
306 7 122
307 7 135
308 7 136
309 7 139
310 7 141
311 7 152
312 7 157
313 7 165
314 7 178
315 7 181
316 7 182
317 7 185
318 7 191
319 7 199
320 7 200
321 7 203
322 7 205
323 7 209
324 7 217
325 7 234
326 7 249
327 7 252
328 7 259
329 7 267
330 7 273
331 7 277
332 7 278
333 8 19
334 8 26
335 8 32
336 8 41
337 8 42
338 8 43
339 8 44
340 8 45
341 8 56
342 8 57
343 8 66
344 8 68
345 8 70
346 8 75
347 8 82
348 8 88
349 8 92
350 8 118
351 8 121
352 8 122
353 8 123
354 8 128
355 8 129
356 8 135
357 8 136
358 8 139
359 8 141
360 8 144
361 8 152
362 8 164
363 8 165
364 8 168
365 8 171
366 8 172
367 8 174
368 8 175
369 8 181
370 8 188
371 8 192
372 8 198
373 8 200
374 8 203
375 8 205
376 8 210
377 8 217
378 8 218
379 8 229
380 8 233
381 8 236
382 8 249
383 8 258
384 8 265
385 8 271
386 8 273
387 8 277
388 8 278
389 9 11
390 9 12
391 9 16
392 9 17
393 9 18
394 9 28
395 9 29
396 9 34
397 9 38
398 9 40
399 9 46
400 9 47
401 9 51
402 9 52
403 9 53
404 9 54
405 9 65
406 9 69
407 9 72
408 9 76
409 9 79
410 9 81
411 9 89
412 9 90
413 9 91
414 9 94
415 9 95
416 9 97
417 9 98
418 9 102
419 9 103
420 9 104
421 9 105
422 9 106
423 9 107
424 9 111
425 9 120
426 9 122
427 9 125
428 9 127
429 9 131
430 9 132
431 9 133
432 9 134
433 9 138
434 9 141
435 9 143
436 9 147
437 9 150
438 9 153
439 9 154
440 9 155
441 9 156
442 9 161
443 9 165
444 9 166
445 9 173
446 9 176
447 9 179
448 9 184
449 9 187
450 9 189
451 9 193
452 9 195
453 9 197
454 9 200
455 9 204
456 9 206
457 9 211
458 9 213
459 9 216
460 9 217
461 9 220
462 9 221
463 9 222
464 9 225
465 9 226
466 9 227
467 9 231
468 9 232
469 9 234
470 9 237
471 9 239
472 9 241
473 9 243
474 9 244
475 9 247
476 9 248
477 9 251
478 9 253
479 9 254
480 9 255
481 9 260
482 9 263
483 9 264
484 9 270
485 9 279
486 10 17
487 10 93
488 10 146
489 10 196
490 10 226
491 10 243
492 10 245
493 10 255
494 10 266
495 10 268
496 11 16
497 11 17
498 11 18
499 11 25
500 11 28
501 11 29
502 11 34
503 11 36
504 11 38
505 11 40
506 11 47
507 11 51
508 11 52
509 11 53
510 11 54
511 11 60
512 11 65
513 11 69
514 11 72
515 11 76
516 11 79
517 11 80
518 11 90
519 11 91
520 11 95
521 11 97
522 11 98
523 11 106
524 11 107
525 11 111
526 11 113
527 11 116
528 11 120
529 11 124
530 11 125
531 11 127
532 11 132
533 11 134
534 11 138
535 11 143
536 11 147
537 11 150
538 11 153
539 11 155
540 11 156
541 11 161
542 11 170
543 11 173
544 11 176
545 11 186
546 11 187
547 11 193
548 11 195
549 11 197
550 11 211
551 11 216
552 11 220
553 11 221
554 11 225
555 11 226
556 11 227
557 11 231
558 11 232
559 11 239
560 11 241
561 11 242
562 11 248
563 11 251
564 11 253
565 11 254
566 11 260
567 11 263
568 11 270
569 11 279
570 12 34
571 12 46
572 12 47
573 12 53
574 12 69
575 12 72
576 12 79
577 12 89
578 12 94
579 12 95
580 12 98
581 12 102
582 12 103
583 12 104
584 12 105
585 12 107
586 12 131
587 12 133
588 12 154
589 12 166
590 12 173
591 12 179
592 12 184
593 12 189
594 12 197
595 12 206
596 12 211
597 12 213
598 12 216
599 12 220
600 12 222
601 12 226
602 12 237
603 12 244
604 12 254
605 12 264
606 13 15
607 13 22
608 13 24
609 13 27
610 13 30
611 13 31
612 13 37
613 13 55
614 13 59
615 13 62
616 13 63
617 13 64
618 13 67
619 13 71
620 13 84
621 13 85
622 13 87
623 13 96
624 13 99
625 13 109
626 13 112
627 13 115
628 13 117
629 13 119
630 13 126
631 13 140
632 13 145
633 13 159
634 13 167
635 13 169
636 13 180
637 13 190
638 13 194
639 13 208
640 13 214
641 13 215
642 13 219
643 13 235
644 13 240
645 13 246
646 13 261
647 13 262
648 13 269
649 13 275
650 13 276
651 14 19
652 14 41
653 14 42
654 14 66
655 14 77
656 14 82
657 14 101
658 14 108
659 14 121
660 14 122
661 14 123
662 14 135
663 14 136
664 14 139
665 14 141
666 14 152
667 14 157
668 14 165
669 14 178
670 14 181
671 14 185
672 14 191
673 14 199
674 14 200
675 14 203
676 14 205
677 14 209
678 14 217
679 14 234
680 14 249
681 14 267
682 14 273
683 14 277
684 14 278
685 15 22
686 15 24
687 15 27
688 15 30
689 15 31
690 15 37
691 15 55
692 15 59
693 15 62
694 15 63
695 15 64
696 15 67
697 15 71
698 15 84
699 15 85
700 15 87
701 15 96
702 15 99
703 15 109
704 15 112
705 15 115
706 15 117
707 15 119
708 15 126
709 15 140
710 15 145
711 15 159
712 15 167
713 15 169
714 15 180
715 15 190
716 15 194
717 15 208
718 15 214
719 15 215
720 15 219
721 15 235
722 15 240
723 15 246
724 15 261
725 15 262
726 15 269
727 15 275
728 15 276
729 16 18
730 16 19
731 16 25
732 16 28
733 16 29
734 16 34
735 16 36
736 16 38
737 16 40
738 16 46
739 16 51
740 16 52
741 16 53
742 16 54
743 16 60
744 16 65
745 16 69
746 16 72
747 16 76
748 16 79
749 16 80
750 16 89
751 16 90
752 16 91
753 16 94
754 16 95
755 16 97
756 16 98
757 16 101
758 16 102
759 16 103
760 16 104
761 16 105
762 16 106
763 16 107
764 16 111
765 16 113
766 16 116
767 16 120
768 16 124
769 16 125
770 16 127
771 16 131
772 16 132
773 16 134
774 16 138
775 16 141
776 16 143
777 16 147
778 16 150
779 16 153
780 16 154
781 16 155
782 16 156
783 16 160
784 16 161
785 16 170
786 16 173
787 16 176
788 16 184
789 16 186
790 16 187
791 16 193
792 16 195
793 16 197
794 16 206
795 16 211
796 16 213
797 16 216
798 16 220
799 16 221
800 16 222
801 16 225
802 16 226
803 16 227
804 16 231
805 16 232
806 16 237
807 16 239
808 16 241
809 16 242
810 16 244
811 16 248
812 16 251
813 16 253
814 16 254
815 16 260
816 16 263
817 16 264
818 16 270
819 16 279
820 17 18
821 17 34
822 17 36
823 17 53
824 17 69
825 17 72
826 17 79
827 17 93
828 17 102
829 17 103
830 17 104
831 17 105
832 17 107
833 17 131
834 17 146
835 17 173
836 17 184
837 17 196
838 17 197
839 17 211
840 17 213
841 17 216
842 17 220
843 17 222
844 17 226
845 17 243
846 17 244
847 17 245
848 17 254
849 17 255
850 17 266
851 17 268
852 18 25
853 18 28
854 18 29
855 18 34
856 18 36
857 18 38
858 18 40
859 18 47
860 18 51
861 18 52
862 18 53
863 18 54
864 18 60
865 18 65
866 18 69
867 18 72
868 18 76
869 18 79
870 18 80
871 18 90
872 18 91
873 18 95
874 18 97
875 18 98
876 18 106
877 18 107
878 18 111
879 18 113
880 18 116
881 18 120
882 18 124
883 18 125
884 18 127
885 18 131
886 18 132
887 18 134
888 18 138
889 18 143
890 18 147
891 18 150
892 18 153
893 18 155
894 18 156
895 18 161
896 18 170
897 18 173
898 18 176
899 18 186
900 18 187
901 18 193
902 18 195
903 18 197
904 18 206
905 18 211
906 18 216
907 18 220
908 18 221
909 18 225
910 18 226
911 18 227
912 18 231
913 18 232
914 18 239
915 18 241
916 18 242
917 18 244
918 18 248
919 18 251
920 18 253
921 18 254
922 18 260
923 18 263
924 18 270
925 18 279
926 19 41
927 19 42
928 19 56
929 19 57
930 19 61
931 19 66
932 19 75
933 19 77
934 19 82
935 19 88
936 19 101
937 19 108
938 19 121
939 19 122
940 19 123
941 19 135
942 19 136
943 19 139
944 19 141
945 19 144
946 19 152
947 19 157
948 19 165
949 19 168
950 19 178
951 19 181
952 19 182
953 19 185
954 19 191
955 19 199
956 19 200
957 19 203
958 19 205
959 19 209
960 19 217
961 19 226
962 19 234
963 19 249
964 19 252
965 19 254
966 19 267
967 19 273
968 19 277
969 19 278
970 21 153
971 21 160
972 21 176
973 21 211
974 21 228
975 21 239
976 21 251
977 22 24
978 22 27
979 22 30
980 22 31
981 22 37
982 22 55
983 22 59
984 22 62
985 22 63
986 22 64
987 22 67
988 22 71
989 22 84
990 22 85
991 22 87
992 22 96
993 22 99
994 22 109
995 22 112
996 22 115
997 22 117
998 22 119
999 22 126
1000 22 140
1001 22 145
1002 22 159
1003 22 167
1004 22 169
1005 22 180
1006 22 190
1007 22 194
1008 22 208
1009 22 214
1010 22 215
1011 22 219
1012 22 235
1013 22 240
1014 22 246
1015 22 261
1016 22 262
1017 22 269
1018 22 275
1019 22 276
1020 24 27
1021 24 30
1022 24 31
1023 24 37
1024 24 55
1025 24 59
1026 24 62
1027 24 63
1028 24 64
1029 24 71
1030 24 84
1031 24 85
1032 24 87
1033 24 96
1034 24 109
1035 24 112
1036 24 115
1037 24 117
1038 24 119
1039 24 126
1040 24 140
1041 24 145
1042 24 159
1043 24 167
1044 24 169
1045 24 180
1046 24 190
1047 24 194
1048 24 208
1049 24 214
1050 24 215
1051 24 219
1052 24 235
1053 24 240
1054 24 246
1055 24 261
1056 24 262
1057 24 269
1058 24 275
1059 24 276
1060 25 28
1061 25 36
1062 25 38
1063 25 40
1064 25 51
1065 25 65
1066 25 69
1067 25 90
1068 25 91
1069 25 95
1070 25 106
1071 25 120
1072 25 127
1073 25 131
1074 25 134
1075 25 150
1076 25 155
1077 25 156
1078 25 170
1079 25 173
1080 25 193
1081 25 195
1082 25 211
1083 25 225
1084 25 226
1085 25 227
1086 25 231
1087 25 239
1088 25 248
1089 25 254
1090 25 260
1091 25 263
1092 25 270
1093 26 32
1094 26 43
1095 26 44
1096 26 45
1097 26 48
1098 26 56
1099 26 68
1100 26 70
1101 26 75
1102 26 88
1103 26 118
1104 26 128
1105 26 129
1106 26 136
1107 26 144
1108 26 165
1109 26 168
1110 26 171
1111 26 172
1112 26 174
1113 26 175
1114 26 188
1115 26 192
1116 26 198
1117 26 203
1118 26 210
1119 26 217
1120 26 218
1121 26 229
1122 26 233
1123 26 236
1124 26 258
1125 26 265
1126 26 271
1127 27 30
1128 27 31
1129 27 37
1130 27 55
1131 27 59
1132 27 62
1133 27 63
1134 27 64
1135 27 67
1136 27 71
1137 27 84
1138 27 85
1139 27 87
1140 27 96
1141 27 99
1142 27 109
1143 27 112
1144 27 115
1145 27 117
1146 27 119
1147 27 126
1148 27 140
1149 27 145
1150 27 158
1151 27 159
1152 27 167
1153 27 169
1154 27 180
1155 27 190
1156 27 194
1157 27 208
1158 27 212
1159 27 214
1160 27 215
1161 27 219
1162 27 235
1163 27 240
1164 27 246
1165 27 261
1166 27 262
1167 27 269
1168 27 275
1169 27 276
1170 28 29
1171 28 36
1172 28 38
1173 28 40
1174 28 47
1175 28 51
1176 28 52
1177 28 53
1178 28 54
1179 28 60
1180 28 65
1181 28 76
1182 28 79
1183 28 80
1184 28 89
1185 28 90
1186 28 91
1187 28 94
1188 28 95
1189 28 97
1190 28 102
1191 28 103
1192 28 106
1193 28 107
1194 28 111
1195 28 113
1196 28 116
1197 28 120
1198 28 124
1199 28 125
1200 28 127
1201 28 132
1202 28 134
1203 28 138
1204 28 143
1205 28 147
1206 28 150
1207 28 154
1208 28 155
1209 28 156
1210 28 161
1211 28 170
1212 28 173
1213 28 186
1214 28 187
1215 28 189
1216 28 193
1217 28 195
1218 28 211
1219 28 213
1220 28 216
1221 28 221
1222 28 222
1223 28 225
1224 28 226
1225 28 227
1226 28 231
1227 28 232
1228 28 237
1229 28 239
1230 28 241
1231 28 242
1232 28 248
1233 28 253
1234 28 260
1235 28 263
1236 28 270
1237 28 279
1238 29 34
1239 29 38
1240 29 40
1241 29 51
1242 29 52
1243 29 54
1244 29 60
1245 29 65
1246 29 69
1247 29 76
1248 29 79
1249 29 80
1250 29 90
1251 29 91
1252 29 97
1253 29 105
1254 29 106
1255 29 111
1256 29 116
1257 29 120
1258 29 124
1259 29 125
1260 29 127
1261 29 132
1262 29 134
1263 29 138
1264 29 143
1265 29 147
1266 29 150
1267 29 155
1268 29 156
1269 29 161
1270 29 173
1271 29 186
1272 29 187
1273 29 193
1274 29 195
1275 29 206
1276 29 211
1277 29 221
1278 29 225
1279 29 227
1280 29 231
1281 29 232
1282 29 239
1283 29 241
1284 29 242
1285 29 248
1286 29 253
1287 29 263
1288 29 270
1289 29 279
1290 30 31
1291 30 37
1292 30 55
1293 30 59
1294 30 62
1295 30 63
1296 30 64
1297 30 67
1298 30 71
1299 30 84
1300 30 85
1301 30 87
1302 30 96
1303 30 99
1304 30 109
1305 30 112
1306 30 115
1307 30 117
1308 30 119
1309 30 126
1310 30 140
1311 30 145
1312 30 159
1313 30 167
1314 30 169
1315 30 180
1316 30 190
1317 30 194
1318 30 208
1319 30 214
1320 30 215
1321 30 219
1322 30 235
1323 30 240
1324 30 246
1325 30 261
1326 30 262
1327 30 269
1328 30 275
1329 30 276
1330 31 37
1331 31 55
1332 31 59
1333 31 62
1334 31 63
1335 31 64
1336 31 67
1337 31 71
1338 31 84
1339 31 85
1340 31 87
1341 31 96
1342 31 99
1343 31 109
1344 31 112
1345 31 115
1346 31 117
1347 31 119
1348 31 126
1349 31 140
1350 31 145
1351 31 159
1352 31 167
1353 31 169
1354 31 180
1355 31 190
1356 31 194
1357 31 208
1358 31 214
1359 31 215
1360 31 219
1361 31 235
1362 31 240
1363 31 246
1364 31 261
1365 31 262
1366 31 269
1367 31 275
1368 31 276
1369 32 43
1370 32 45
1371 32 56
1372 32 68
1373 32 70
1374 32 75
1375 32 88
1376 32 129
1377 32 136
1378 32 144
1379 32 164
1380 32 168
1381 32 171
1382 32 172
1383 32 174
1384 32 175
1385 32 188
1386 32 192
1387 32 198
1388 32 203
1389 32 210
1390 32 218
1391 32 229
1392 32 233
1393 32 236
1394 32 265
1395 34 36
1396 34 46
1397 34 47
1398 34 51
1399 34 53
1400 34 54
1401 34 65
1402 34 69
1403 34 72
1404 34 76
1405 34 79
1406 34 81
1407 34 89
1408 34 90
1409 34 91
1410 34 94
1411 34 95
1412 34 97
1413 34 98
1414 34 102
1415 34 103
1416 34 104
1417 34 105
1418 34 106
1419 34 107
1420 34 111
1421 34 116
1422 34 121
1423 34 131
1424 34 133
1425 34 134
1426 34 141
1427 34 150
1428 34 153
1429 34 154
1430 34 155
1431 34 161
1432 34 166
1433 34 173
1434 34 176
1435 34 179
1436 34 184
1437 34 187
1438 34 189
1439 34 193
1440 34 195
1441 34 197
1442 34 206
1443 34 211
1444 34 213
1445 34 216
1446 34 220
1447 34 221
1448 34 222
1449 34 225
1450 34 226
1451 34 231
1452 34 232
1453 34 237
1454 34 239
1455 34 241
1456 34 243
1457 34 244
1458 34 248
1459 34 251
1460 34 252
1461 34 253
1462 34 254
1463 34 255
1464 34 263
1465 34 264
1466 34 268
1467 34 279
1468 35 73
1469 35 110
1470 35 163
1471 36 38
1472 36 40
1473 36 51
1474 36 52
1475 36 54
1476 36 60
1477 36 65
1478 36 76
1479 36 79
1480 36 80
1481 36 90
1482 36 91
1483 36 97
1484 36 98
1485 36 100
1486 36 106
1487 36 111
1488 36 116
1489 36 120
1490 36 127
1491 36 132
1492 36 134
1493 36 138
1494 36 143
1495 36 146
1496 36 147
1497 36 150
1498 36 153
1499 36 155
1500 36 156
1501 36 161
1502 36 173
1503 36 176
1504 36 187
1505 36 193
1506 36 195
1507 36 197
1508 36 211
1509 36 221
1510 36 225
1511 36 227
1512 36 231
1513 36 232
1514 36 239
1515 36 241
1516 36 242
1517 36 243
1518 36 248
1519 36 251
1520 36 253
1521 36 254
1522 36 263
1523 36 270
1524 36 279
1525 37 55
1526 37 59
1527 37 62
1528 37 63
1529 37 64
1530 37 67
1531 37 71
1532 37 84
1533 37 85
1534 37 87
1535 37 96
1536 37 99
1537 37 109
1538 37 112
1539 37 115
1540 37 117
1541 37 119
1542 37 126
1543 37 140
1544 37 145
1545 37 159
1546 37 167
1547 37 169
1548 37 180
1549 37 190
1550 37 194
1551 37 208
1552 37 214
1553 37 215
1554 37 219
1555 37 235
1556 37 240
1557 37 246
1558 37 261
1559 37 262
1560 37 269
1561 37 275
1562 37 276
1563 38 40
1564 38 51
1565 38 52
1566 38 54
1567 38 60
1568 38 65
1569 38 69
1570 38 76
1571 38 80
1572 38 89
1573 38 90
1574 38 91
1575 38 94
1576 38 95
1577 38 97
1578 38 106
1579 38 111
1580 38 120
1581 38 125
1582 38 127
1583 38 132
1584 38 134
1585 38 138
1586 38 143
1587 38 147
1588 38 150
1589 38 153
1590 38 155
1591 38 156
1592 38 161
1593 38 170
1594 38 173
1595 38 176
1596 38 184
1597 38 187
1598 38 193
1599 38 195
1600 38 206
1601 38 211
1602 38 221
1603 38 225
1604 38 226
1605 38 227
1606 38 231
1607 38 232
1608 38 239
1609 38 241
1610 38 242
1611 38 248
1612 38 251
1613 38 260
1614 38 263
1615 38 270
1616 39 49
1617 39 78
1618 39 83
1619 39 86
1620 39 114
1621 39 151
1622 39 183
1623 39 202
1624 39 274
1625 40 47
1626 40 51
1627 40 52
1628 40 53
1629 40 54
1630 40 60
1631 40 65
1632 40 76
1633 40 79
1634 40 80
1635 40 89
1636 40 90
1637 40 91
1638 40 94
1639 40 95
1640 40 97
1641 40 102
1642 40 103
1643 40 106
1644 40 107
1645 40 111
1646 40 116
1647 40 120
1648 40 124
1649 40 125
1650 40 127
1651 40 132
1652 40 134
1653 40 138
1654 40 143
1655 40 147
1656 40 150
1657 40 154
1658 40 155
1659 40 156
1660 40 161
1661 40 170
1662 40 173
1663 40 186
1664 40 187
1665 40 193
1666 40 195
1667 40 211
1668 40 213
1669 40 216
1670 40 221
1671 40 222
1672 40 225
1673 40 227
1674 40 231
1675 40 232
1676 40 237
1677 40 239
1678 40 241
1679 40 242
1680 40 248
1681 40 253
1682 40 260
1683 40 263
1684 40 270
1685 40 279
1686 41 42
1687 41 56
1688 41 57
1689 41 61
1690 41 66
1691 41 77
1692 41 82
1693 41 88
1694 41 92
1695 41 101
1696 41 108
1697 41 121
1698 41 122
1699 41 123
1700 41 135
1701 41 136
1702 41 139
1703 41 141
1704 41 152
1705 41 157
1706 41 165
1707 41 168
1708 41 178
1709 41 181
1710 41 182
1711 41 185
1712 41 191
1713 41 199
1714 41 200
1715 41 203
1716 41 205
1717 41 209
1718 41 217
1719 41 234
1720 41 249
1721 41 259
1722 41 267
1723 41 273
1724 41 278
1725 42 56
1726 42 57
1727 42 61
1728 42 66
1729 42 77
1730 42 82
1731 42 88
1732 42 92
1733 42 101
1734 42 108
1735 42 121
1736 42 122
1737 42 123
1738 42 135
1739 42 136
1740 42 139
1741 42 141
1742 42 142
1743 42 152
1744 42 157
1745 42 165
1746 42 168
1747 42 178
1748 42 181
1749 42 182
1750 42 185
1751 42 191
1752 42 199
1753 42 200
1754 42 203
1755 42 205
1756 42 209
1757 42 217
1758 42 234
1759 42 249
1760 42 252
1761 42 267
1762 42 273
1763 42 277
1764 42 278
1765 43 44
1766 43 45
1767 43 56
1768 43 68
1769 43 70
1770 43 75
1771 43 88
1772 43 128
1773 43 129
1774 43 136
1775 43 144
1776 43 165
1777 43 168
1778 43 172
1779 43 174
1780 43 175
1781 43 188
1782 43 192
1783 43 198
1784 43 203
1785 43 205
1786 43 210
1787 43 217
1788 43 218
1789 43 229
1790 43 233
1791 43 236
1792 43 258
1793 43 265
1794 43 271
1795 44 45
1796 44 56
1797 44 68
1798 44 70
1799 44 75
1800 44 88
1801 44 118
1802 44 128
1803 44 129
1804 44 136
1805 44 144
1806 44 164
1807 44 171
1808 44 172
1809 44 174
1810 44 175
1811 44 188
1812 44 192
1813 44 198
1814 44 203
1815 44 210
1816 44 218
1817 44 229
1818 44 233
1819 44 258
1820 44 265
1821 44 271
1822 45 48
1823 45 56
1824 45 68
1825 45 70
1826 45 75
1827 45 88
1828 45 118
1829 45 128
1830 45 129
1831 45 136
1832 45 144
1833 45 165
1834 45 168
1835 45 171
1836 45 172
1837 45 174
1838 45 175
1839 45 188
1840 45 192
1841 45 198
1842 45 203
1843 45 210
1844 45 217
1845 45 218
1846 45 229
1847 45 233
1848 45 236
1849 45 258
1850 45 265
1851 45 271
1852 46 47
1853 46 51
1854 46 53
1855 46 69
1856 46 72
1857 46 79
1858 46 89
1859 46 90
1860 46 95
1861 46 97
1862 46 98
1863 46 102
1864 46 103
1865 46 104
1866 46 105
1867 46 107
1868 46 131
1869 46 133
1870 46 141
1871 46 154
1872 46 166
1873 46 173
1874 46 176
1875 46 179
1876 46 184
1877 46 197
1878 46 206
1879 46 211
1880 46 213
1881 46 216
1882 46 220
1883 46 222
1884 46 226
1885 46 227
1886 46 231
1887 46 237
1888 46 239
1889 46 251
1890 46 254
1891 46 264
1892 47 51
1893 47 53
1894 47 69
1895 47 72
1896 47 79
1897 47 89
1898 47 90
1899 47 94
1900 47 95
1901 47 98
1902 47 102
1903 47 103
1904 47 104
1905 47 105
1906 47 106
1907 47 107
1908 47 127
1909 47 131
1910 47 132
1911 47 133
1912 47 134
1913 47 150
1914 47 154
1915 47 156
1916 47 166
1917 47 173
1918 47 179
1919 47 184
1920 47 189
1921 47 195
1922 47 197
1923 47 211
1924 47 213
1925 47 216
1926 47 220
1927 47 222
1928 47 225
1929 47 226
1930 47 237
1931 47 244
1932 47 247
1933 47 254
1934 47 264
1935 47 270
1936 48 192
1937 49 78
1938 49 83
1939 49 86
1940 49 114
1941 49 151
1942 49 183
1943 49 202
1944 49 274
1945 50 74
1946 50 224
1947 51 52
1948 51 53
1949 51 54
1950 51 60
1951 51 65
1952 51 69
1953 51 72
1954 51 76
1955 51 79
1956 51 80
1957 51 89
1958 51 90
1959 51 91
1960 51 94
1961 51 95
1962 51 97
1963 51 98
1964 51 102
1965 51 104
1966 51 105
1967 51 106
1968 51 107
1969 51 111
1970 51 113
1971 51 116
1972 51 120
1973 51 124
1974 51 125
1975 51 127
1976 51 131
1977 51 132
1978 51 134
1979 51 138
1980 51 143
1981 51 147
1982 51 150
1983 51 153
1984 51 154
1985 51 155
1986 51 156
1987 51 161
1988 51 170
1989 51 173
1990 51 176
1991 51 181
1992 51 184
1993 51 186
1994 51 187
1995 51 193
1996 51 195
1997 51 197
1998 51 206
1999 51 211
2000 51 213
2001 51 216
2002 51 220
2003 51 221
2004 51 222
2005 51 225
2006 51 226
2007 51 227
2008 51 231
2009 51 232
2010 51 237
2011 51 239
2012 51 241
2013 51 242
2014 51 248
2015 51 251
2016 51 253
2017 51 254
2018 51 260
2019 51 263
2020 51 270
2021 51 279
2022 52 54
2023 52 60
2024 52 65
2025 52 76
2026 52 80
2027 52 90
2028 52 91
2029 52 97
2030 52 106
2031 52 111
2032 52 113
2033 52 116
2034 52 120
2035 52 124
2036 52 125
2037 52 127
2038 52 132
2039 52 134
2040 52 138
2041 52 143
2042 52 147
2043 52 150
2044 52 155
2045 52 156
2046 52 161
2047 52 170
2048 52 173
2049 52 186
2050 52 187
2051 52 193
2052 52 195
2053 52 211
2054 52 221
2055 52 225
2056 52 227
2057 52 231
2058 52 232
2059 52 239
2060 52 241
2061 52 242
2062 52 248
2063 52 253
2064 52 263
2065 52 270
2066 52 279
2067 53 65
2068 53 69
2069 53 72
2070 53 79
2071 53 89
2072 53 90
2073 53 91
2074 53 94
2075 53 95
2076 53 98
2077 53 102
2078 53 103
2079 53 104
2080 53 105
2081 53 106
2082 53 107
2083 53 127
2084 53 131
2085 53 132
2086 53 133
2087 53 134
2088 53 150
2089 53 154
2090 53 155
2091 53 166
2092 53 173
2093 53 179
2094 53 184
2095 53 189
2096 53 193
2097 53 195
2098 53 197
2099 53 206
2100 53 211
2101 53 213
2102 53 216
2103 53 220
2104 53 222
2105 53 226
2106 53 232
2107 53 237
2108 53 239
2109 53 241
2110 53 244
2111 53 247
2112 53 254
2113 53 263
2114 53 264
2115 53 270
2116 54 60
2117 54 65
2118 54 69
2119 54 72
2120 54 76
2121 54 79
2122 54 80
2123 54 90
2124 54 91
2125 54 97
2126 54 98
2127 54 106
2128 54 111
2129 54 116
2130 54 120
2131 54 124
2132 54 125
2133 54 127
2134 54 132
2135 54 134
2136 54 150
2137 54 155
2138 54 156
2139 54 161
2140 54 173
2141 54 186
2142 54 187
2143 54 193
2144 54 195
2145 54 197
2146 54 206
2147 54 211
2148 54 220
2149 54 221
2150 54 225
2151 54 227
2152 54 231
2153 54 232
2154 54 239
2155 54 241
2156 54 242
2157 54 248
2158 54 253
2159 54 263
2160 54 270
2161 54 279
2162 55 59
2163 55 62
2164 55 63
2165 55 64
2166 55 67
2167 55 71
2168 55 84
2169 55 85
2170 55 87
2171 55 96
2172 55 99
2173 55 109
2174 55 112
2175 55 115
2176 55 117
2177 55 119
2178 55 126
2179 55 140
2180 55 145
2181 55 159
2182 55 167
2183 55 169
2184 55 180
2185 55 190
2186 55 194
2187 55 208
2188 55 214
2189 55 215
2190 55 219
2191 55 235
2192 55 240
2193 55 246
2194 55 261
2195 55 262
2196 55 269
2197 55 275
2198 55 276
2199 56 57
2200 56 66
2201 56 68
2202 56 70
2203 56 75
2204 56 77
2205 56 82
2206 56 88
2207 56 101
2208 56 108
2209 56 121
2210 56 122
2211 56 129
2212 56 135
2213 56 136
2214 56 139
2215 56 141
2216 56 144
2217 56 164
2218 56 165
2219 56 168
2220 56 171
2221 56 172
2222 56 174
2223 56 175
2224 56 181
2225 56 188
2226 56 191
2227 56 192
2228 56 198
2229 56 199
2230 56 200
2231 56 203
2232 56 205
2233 56 210
2234 56 217
2235 56 218
2236 56 229
2237 56 233
2238 56 236
2239 56 249
2240 56 258
2241 56 265
2242 56 267
2243 56 271
2244 56 273
2245 56 277
2246 56 278
2247 57 61
2248 57 66
2249 57 77
2250 57 82
2251 57 101
2252 57 108
2253 57 121
2254 57 122
2255 57 123
2256 57 135
2257 57 136
2258 57 139
2259 57 141
2260 57 144
2261 57 152
2262 57 157
2263 57 165
2264 57 182
2265 57 185
2266 57 191
2267 57 199
2268 57 200
2269 57 203
2270 57 209
2271 57 217
2272 57 234
2273 57 267
2274 57 273
2275 57 278
2276 58 201
2277 59 62
2278 59 63
2279 59 64
2280 59 71
2281 59 84
2282 59 85
2283 59 87
2284 59 96
2285 59 109
2286 59 112
2287 59 115
2288 59 117
2289 59 119
2290 59 126
2291 59 140
2292 59 145
2293 59 159
2294 59 167
2295 59 169
2296 59 180
2297 59 190
2298 59 194
2299 59 208
2300 59 214
2301 59 215
2302 59 219
2303 59 235
2304 59 240
2305 59 246
2306 59 261
2307 59 262
2308 59 269
2309 59 275
2310 59 276
2311 60 65
2312 60 76
2313 60 79
2314 60 80
2315 60 90
2316 60 91
2317 60 97
2318 60 100
2319 60 106
2320 60 111
2321 60 116
2322 60 120
2323 60 124
2324 60 127
2325 60 132
2326 60 134
2327 60 150
2328 60 155
2329 60 156
2330 60 161
2331 60 187
2332 60 193
2333 60 195
2334 60 206
2335 60 211
2336 60 221
2337 60 225
2338 60 227
2339 60 231
2340 60 232
2341 60 239
2342 60 241
2343 60 242
2344 60 248
2345 60 253
2346 60 263
2347 60 270
2348 60 279
2349 61 66
2350 61 77
2351 61 82
2352 61 101
2353 61 108
2354 61 121
2355 61 122
2356 61 123
2357 61 135
2358 61 136
2359 61 139
2360 61 141
2361 61 144
2362 61 152
2363 61 157
2364 61 165
2365 61 181
2366 61 182
2367 61 185
2368 61 191
2369 61 199
2370 61 200
2371 61 203
2372 61 209
2373 61 217
2374 61 234
2375 61 267
2376 61 273
2377 61 278
2378 62 63
2379 62 64
2380 62 67
2381 62 71
2382 62 84
2383 62 85
2384 62 87
2385 62 96
2386 62 99
2387 62 109
2388 62 112
2389 62 115
2390 62 117
2391 62 119
2392 62 126
2393 62 140
2394 62 145
2395 62 159
2396 62 167
2397 62 169
2398 62 180
2399 62 190
2400 62 194
2401 62 208
2402 62 214
2403 62 215
2404 62 219
2405 62 235
2406 62 240
2407 62 246
2408 62 261
2409 62 262
2410 62 269
2411 62 275
2412 62 276
2413 63 64
2414 63 67
2415 63 71
2416 63 84
2417 63 85
2418 63 87
2419 63 96
2420 63 99
2421 63 109
2422 63 112
2423 63 115
2424 63 117
2425 63 119
2426 63 126
2427 63 140
2428 63 145
2429 63 159
2430 63 167
2431 63 169
2432 63 180
2433 63 190
2434 63 194
2435 63 208
2436 63 214
2437 63 215
2438 63 219
2439 63 235
2440 63 240
2441 63 246
2442 63 261
2443 63 262
2444 63 269
2445 63 275
2446 63 276
2447 64 71
2448 64 84
2449 64 85
2450 64 87
2451 64 96
2452 64 109
2453 64 112
2454 64 115
2455 64 117
2456 64 119
2457 64 126
2458 64 140
2459 64 145
2460 64 159
2461 64 167
2462 64 169
2463 64 180
2464 64 190
2465 64 194
2466 64 208
2467 64 214
2468 64 215
2469 64 219
2470 64 235
2471 64 240
2472 64 246
2473 64 261
2474 64 262
2475 64 269
2476 64 275
2477 64 276
2478 65 69
2479 65 72
2480 65 76
2481 65 79
2482 65 80
2483 65 89
2484 65 90
2485 65 91
2486 65 95
2487 65 97
2488 65 98
2489 65 103
2490 65 105
2491 65 106
2492 65 107
2493 65 111
2494 65 113
2495 65 116
2496 65 120
2497 65 124
2498 65 125
2499 65 127
2500 65 131
2501 65 132
2502 65 134
2503 65 138
2504 65 143
2505 65 147
2506 65 150
2507 65 153
2508 65 154
2509 65 155
2510 65 156
2511 65 161
2512 65 170
2513 65 173
2514 65 176
2515 65 184
2516 65 186
2517 65 187
2518 65 193
2519 65 195
2520 65 197
2521 65 206
2522 65 211
2523 65 216
2524 65 220
2525 65 221
2526 65 225
2527 65 227
2528 65 231
2529 65 232
2530 65 239
2531 65 241
2532 65 242
2533 65 248
2534 65 251
2535 65 253
2536 65 260
2537 65 263
2538 65 270
2539 65 279
2540 66 77
2541 66 82
2542 66 88
2543 66 92
2544 66 101
2545 66 108
2546 66 121
2547 66 122
2548 66 123
2549 66 135
2550 66 136
2551 66 139
2552 66 141
2553 66 144
2554 66 152
2555 66 157
2556 66 165
2557 66 168
2558 66 181
2559 66 185
2560 66 191
2561 66 199
2562 66 200
2563 66 203
2564 66 205
2565 66 209
2566 66 217
2567 66 234
2568 66 249
2569 66 259
2570 66 267
2571 66 273
2572 66 277
2573 66 278
2574 67 71
2575 67 85
2576 67 87
2577 67 96
2578 67 112
2579 67 115
2580 67 117
2581 67 126
2582 67 140
2583 67 145
2584 67 159
2585 67 167
2586 67 169
2587 67 190
2588 67 194
2589 67 214
2590 67 215
2591 67 219
2592 67 235
2593 67 240
2594 67 246
2595 67 261
2596 67 262
2597 67 269
2598 67 275
2599 67 276
2600 68 70
2601 68 75
2602 68 88
2603 68 118
2604 68 128
2605 68 129
2606 68 136
2607 68 144
2608 68 164
2609 68 168
2610 68 171
2611 68 172
2612 68 174
2613 68 175
2614 68 188
2615 68 192
2616 68 198
2617 68 203
2618 68 210
2619 68 218
2620 68 229
2621 68 233
2622 68 236
2623 68 258
2624 68 265
2625 68 271
2626 69 72
2627 69 76
2628 69 79
2629 69 89
2630 69 90
2631 69 91
2632 69 94
2633 69 95
2634 69 97
2635 69 98
2636 69 102
2637 69 103
2638 69 104
2639 69 105
2640 69 106
2641 69 107
2642 69 111
2643 69 116
2644 69 131
2645 69 132
2646 69 133
2647 69 134
2648 69 141
2649 69 143
2650 69 146
2651 69 147
2652 69 150
2653 69 153
2654 69 154
2655 69 155
2656 69 161
2657 69 166
2658 69 173
2659 69 176
2660 69 179
2661 69 184
2662 69 187
2663 69 189
2664 69 193
2665 69 195
2666 69 197
2667 69 206
2668 69 211
2669 69 213
2670 69 216
2671 69 220
2672 69 221
2673 69 222
2674 69 225
2675 69 226
2676 69 227
2677 69 231
2678 69 232
2679 69 237
2680 69 239
2681 69 241
2682 69 243
2683 69 244
2684 69 248
2685 69 251
2686 69 252
2687 69 254
2688 69 255
2689 69 260
2690 69 263
2691 69 264
2692 69 266
2693 69 270
2694 69 279
2695 70 75
2696 70 88
2697 70 118
2698 70 128
2699 70 129
2700 70 136
2701 70 144
2702 70 164
2703 70 168
2704 70 171
2705 70 172
2706 70 174
2707 70 175
2708 70 188
2709 70 192
2710 70 198
2711 70 203
2712 70 210
2713 70 218
2714 70 229
2715 70 233
2716 70 236
2717 70 258
2718 70 265
2719 70 271
2720 71 84
2721 71 85
2722 71 87
2723 71 96
2724 71 99
2725 71 109
2726 71 112
2727 71 115
2728 71 117
2729 71 119
2730 71 126
2731 71 140
2732 71 145
2733 71 159
2734 71 167
2735 71 169
2736 71 180
2737 71 190
2738 71 194
2739 71 208
2740 71 214
2741 71 215
2742 71 219
2743 71 235
2744 71 240
2745 71 246
2746 71 261
2747 71 262
2748 71 269
2749 71 275
2750 71 276
2751 72 76
2752 72 79
2753 72 81
2754 72 89
2755 72 90
2756 72 91
2757 72 94
2758 72 95
2759 72 97
2760 72 98
2761 72 102
2762 72 103
2763 72 104
2764 72 105
2765 72 106
2766 72 107
2767 72 131
2768 72 132
2769 72 133
2770 72 134
2771 72 153
2772 72 154
2773 72 155
2774 72 166
2775 72 173
2776 72 176
2777 72 179
2778 72 184
2779 72 187
2780 72 189
2781 72 193
2782 72 197
2783 72 206
2784 72 211
2785 72 213
2786 72 216
2787 72 220
2788 72 222
2789 72 225
2790 72 226
2791 72 231
2792 72 237
2793 72 239
2794 72 243
2795 72 244
2796 72 251
2797 72 252
2798 72 253
2799 72 254
2800 72 263
2801 72 264
2802 72 268
2803 72 279
2804 73 110
2805 73 163
2806 74 224
2807 75 88
2808 75 129
2809 75 136
2810 75 141
2811 75 144
2812 75 152
2813 75 155
2814 75 164
2815 75 165
2816 75 168
2817 75 171
2818 75 172
2819 75 174
2820 75 175
2821 75 181
2822 75 188
2823 75 192
2824 75 198
2825 75 203
2826 75 210
2827 75 217
2828 75 218
2829 75 229
2830 75 233
2831 75 236
2832 75 258
2833 75 265
2834 75 271
2835 76 79
2836 76 89
2837 76 90
2838 76 91
2839 76 95
2840 76 97
2841 76 103
2842 76 106
2843 76 111
2844 76 113
2845 76 116
2846 76 120
2847 76 124
2848 76 125
2849 76 127
2850 76 132
2851 76 134
2852 76 138
2853 76 143
2854 76 147
2855 76 150
2856 76 153
2857 76 154
2858 76 155
2859 76 156
2860 76 161
2861 76 170
2862 76 173
2863 76 176
2864 76 186
2865 76 187
2866 76 193
2867 76 195
2868 76 197
2869 76 211
2870 76 220
2871 76 221
2872 76 225
2873 76 227
2874 76 231
2875 76 232
2876 76 239
2877 76 241
2878 76 242
2879 76 248
2880 76 251
2881 76 253
2882 76 263
2883 76 270
2884 76 279
2885 77 82
2886 77 88
2887 77 92
2888 77 101
2889 77 108
2890 77 121
2891 77 122
2892 77 123
2893 77 135
2894 77 136
2895 77 139
2896 77 141
2897 77 152
2898 77 157
2899 77 165
2900 77 178
2901 77 181
2902 77 182
2903 77 185
2904 77 191
2905 77 199
2906 77 200
2907 77 203
2908 77 209
2909 77 217
2910 77 234
2911 77 249
2912 77 254
2913 77 267
2914 77 273
2915 77 277
2916 77 278
2917 78 83
2918 78 86
2919 78 114
2920 78 151
2921 78 183
2922 78 202
2923 78 226
2924 78 274
2925 79 89
2926 79 90
2927 79 91
2928 79 94
2929 79 95
2930 79 97
2931 79 98
2932 79 102
2933 79 103
2934 79 104
2935 79 105
2936 79 106
2937 79 107
2938 79 116
2939 79 124
2940 79 127
2941 79 131
2942 79 132
2943 79 133
2944 79 134
2945 79 154
2946 79 155
2947 79 156
2948 79 161
2949 79 166
2950 79 173
2951 79 179
2952 79 184
2953 79 187
2954 79 189
2955 79 193
2956 79 197
2957 79 206
2958 79 211
2959 79 213
2960 79 216
2961 79 220
2962 79 222
2963 79 225
2964 79 226
2965 79 227
2966 79 231
2967 79 232
2968 79 237
2969 79 239
2970 79 241
2971 79 242
2972 79 243
2973 79 244
2974 79 248
2975 79 253
2976 79 254
2977 79 255
2978 79 263
2979 79 264
2980 79 270
2981 79 279
2982 80 90
2983 80 91
2984 80 97
2985 80 100
2986 80 111
2987 80 116
2988 80 120
2989 80 124
2990 80 127
2991 80 132
2992 80 150
2993 80 155
2994 80 156
2995 80 161
2996 80 193
2997 80 195
2998 80 206
2999 80 211
3000 80 221
3001 80 227
3002 80 231
3003 80 239
3004 80 248
3005 80 253
3006 80 263
3007 80 270
3008 80 279
3009 81 173
3010 81 197
3011 81 220
3012 82 88
3013 82 92
3014 82 101
3015 82 108
3016 82 121
3017 82 122
3018 82 123
3019 82 135
3020 82 136
3021 82 139
3022 82 141
3023 82 152
3024 82 157
3025 82 165
3026 82 168
3027 82 178
3028 82 181
3029 82 182
3030 82 185
3031 82 191
3032 82 199
3033 82 200
3034 82 203
3035 82 205
3036 82 209
3037 82 217
3038 82 226
3039 82 234
3040 82 249
3041 82 254
3042 82 267
3043 82 273
3044 82 278
3045 83 86
3046 83 114
3047 83 151
3048 83 183
3049 83 202
3050 83 274
3051 84 85
3052 84 87
3053 84 96
3054 84 112
3055 84 115
3056 84 117
3057 84 119
3058 84 126
3059 84 140
3060 84 145
3061 84 159
3062 84 167
3063 84 169
3064 84 180
3065 84 190
3066 84 194
3067 84 208
3068 84 214
3069 84 215
3070 84 219
3071 84 235
3072 84 240
3073 84 246
3074 84 261
3075 84 262
3076 84 269
3077 84 275
3078 84 276
3079 85 87
3080 85 96
3081 85 99
3082 85 109
3083 85 112
3084 85 115
3085 85 117
3086 85 119
3087 85 126
3088 85 140
3089 85 145
3090 85 159
3091 85 167
3092 85 169
3093 85 180
3094 85 190
3095 85 194
3096 85 208
3097 85 214
3098 85 215
3099 85 219
3100 85 235
3101 85 240
3102 85 246
3103 85 261
3104 85 262
3105 85 269
3106 85 275
3107 85 276
3108 86 114
3109 86 151
3110 86 183
3111 86 202
3112 86 274
3113 87 96
3114 87 99
3115 87 109
3116 87 112
3117 87 115
3118 87 117
3119 87 119
3120 87 126
3121 87 140
3122 87 145
3123 87 159
3124 87 167
3125 87 169
3126 87 180
3127 87 190
3128 87 194
3129 87 208
3130 87 214
3131 87 215
3132 87 219
3133 87 235
3134 87 240
3135 87 246
3136 87 261
3137 87 262
3138 87 269
3139 87 275
3140 87 276
3141 88 101
3142 88 108
3143 88 118
3144 88 121
3145 88 122
3146 88 129
3147 88 135
3148 88 136
3149 88 139
3150 88 141
3151 88 142
3152 88 144
3153 88 152
3154 88 164
3155 88 165
3156 88 168
3157 88 171
3158 88 172
3159 88 174
3160 88 175
3161 88 181
3162 88 188
3163 88 191
3164 88 192
3165 88 198
3166 88 199
3167 88 200
3168 88 203
3169 88 209
3170 88 210
3171 88 217
3172 88 218
3173 88 229
3174 88 233
3175 88 236
3176 88 258
3177 88 265
3178 88 267
3179 88 271
3180 88 273
3181 88 277
3182 88 278
3183 89 90
3184 89 91
3185 89 94
3186 89 95
3187 89 97
3188 89 98
3189 89 102
3190 89 103
3191 89 104
3192 89 105
3193 89 106
3194 89 107
3195 89 127
3196 89 131
3197 89 132
3198 89 134
3199 89 150
3200 89 154
3201 89 155
3202 89 166
3203 89 173
3204 89 179
3205 89 184
3206 89 189
3207 89 193
3208 89 195
3209 89 197
3210 89 206
3211 89 211
3212 89 213
3213 89 216
3214 89 220
3215 89 222
3216 89 226
3217 89 227
3218 89 231
3219 89 237
3220 89 239
3221 89 243
3222 89 244
3223 89 247
3224 89 252
3225 89 253
3226 89 254
3227 89 260
3228 89 263
3229 89 264
3230 89 270
3231 90 91
3232 90 94
3233 90 95
3234 90 97
3235 90 98
3236 90 102
3237 90 103
3238 90 104
3239 90 106
3240 90 107
3241 90 111
3242 90 116
3243 90 120
3244 90 124
3245 90 125
3246 90 127
3247 90 131
3248 90 132
3249 90 134
3250 90 138
3251 90 143
3252 90 147
3253 90 150
3254 90 153
3255 90 154
3256 90 155
3257 90 156
3258 90 161
3259 90 170
3260 90 173
3261 90 176
3262 90 184
3263 90 186
3264 90 187
3265 90 189
3266 90 193
3267 90 195
3268 90 197
3269 90 206
3270 90 211
3271 90 213
3272 90 216
3273 90 220
3274 90 221
3275 90 222
3276 90 225
3277 90 226
3278 90 227
3279 90 231
3280 90 232
3281 90 237
3282 90 239
3283 90 241
3284 90 242
3285 90 244
3286 90 248
3287 90 251
3288 90 253
3289 90 254
3290 90 260
3291 90 263
3292 90 270
3293 90 279
3294 91 95
3295 91 97
3296 91 98
3297 91 103
3298 91 106
3299 91 107
3300 91 111
3301 91 113
3302 91 116
3303 91 120
3304 91 124
3305 91 125
3306 91 127
3307 91 131
3308 91 132
3309 91 134
3310 91 138
3311 91 143
3312 91 147
3313 91 150
3314 91 155
3315 91 156
3316 91 161
3317 91 170
3318 91 173
3319 91 184
3320 91 186
3321 91 187
3322 91 193
3323 91 195
3324 91 211
3325 91 216
3326 91 220
3327 91 221
3328 91 225
3329 91 226
3330 91 227
3331 91 231
3332 91 232
3333 91 239
3334 91 241
3335 91 242
3336 91 248
3337 91 253
3338 91 254
3339 91 260
3340 91 263
3341 91 270
3342 91 279
3343 92 121
3344 92 122
3345 92 135
3346 92 139
3347 92 141
3348 92 142
3349 92 144
3350 92 148
3351 92 152
3352 92 157
3353 92 165
3354 92 178
3355 92 181
3356 92 191
3357 92 199
3358 92 200
3359 92 205
3360 92 234
3361 92 249
3362 92 252
3363 92 259
3364 92 267
3365 92 273
3366 92 277
3367 93 146
3368 93 196
3369 93 243
3370 93 245
3371 93 255
3372 93 266
3373 93 268
3374 94 95
3375 94 98
3376 94 102
3377 94 103
3378 94 104
3379 94 105
3380 94 107
3381 94 127
3382 94 131
3383 94 132
3384 94 133
3385 94 134
3386 94 154
3387 94 161
3388 94 166
3389 94 173
3390 94 179
3391 94 184
3392 94 189
3393 94 193
3394 94 197
3395 94 206
3396 94 211
3397 94 213
3398 94 216
3399 94 220
3400 94 222
3401 94 226
3402 94 227
3403 94 237
3404 94 244
3405 94 247
3406 94 248
3407 94 254
3408 94 264
3409 94 270
3410 95 97
3411 95 98
3412 95 102
3413 95 103
3414 95 104
3415 95 105
3416 95 106
3417 95 107
3418 95 127
3419 95 131
3420 95 132
3421 95 133
3422 95 134
3423 95 150
3424 95 154
3425 95 161
3426 95 166
3427 95 173
3428 95 179
3429 95 184
3430 95 187
3431 95 189
3432 95 193
3433 95 195
3434 95 197
3435 95 206
3436 95 211
3437 95 213
3438 95 216
3439 95 220
3440 95 222
3441 95 225
3442 95 226
3443 95 227
3444 95 232
3445 95 237
3446 95 239
3447 95 241
3448 95 243
3449 95 244
3450 95 247
3451 95 248
3452 95 254
3453 95 260
3454 95 263
3455 95 264
3456 96 99
3457 96 109
3458 96 112
3459 96 115
3460 96 117
3461 96 119
3462 96 126
3463 96 140
3464 96 145
3465 96 159
3466 96 167
3467 96 169
3468 96 180
3469 96 190
3470 96 194
3471 96 208
3472 96 214
3473 96 215
3474 96 219
3475 96 235
3476 96 240
3477 96 246
3478 96 261
3479 96 262
3480 96 269
3481 96 275
3482 96 276
3483 97 98
3484 97 104
3485 97 105
3486 97 106
3487 97 111
3488 97 116
3489 97 120
3490 97 124
3491 97 125
3492 97 127
3493 97 131
3494 97 132
3495 97 134
3496 97 138
3497 97 143
3498 97 147
3499 97 150
3500 97 153
3501 97 155
3502 97 156
3503 97 161
3504 97 170
3505 97 173
3506 97 176
3507 97 184
3508 97 186
3509 97 187
3510 97 193
3511 97 195
3512 97 197
3513 97 206
3514 97 211
3515 97 220
3516 97 221
3517 97 225
3518 97 226
3519 97 227
3520 97 231
3521 97 232
3522 97 237
3523 97 239
3524 97 241
3525 97 242
3526 97 244
3527 97 248
3528 97 251
3529 97 253
3530 97 254
3531 97 260
3532 97 263
3533 97 270
3534 97 279
3535 98 102
3536 98 103
3537 98 104
3538 98 105
3539 98 107
3540 98 131
3541 98 132
3542 98 134
3543 98 150
3544 98 154
3545 98 155
3546 98 166
3547 98 173
3548 98 179
3549 98 184
3550 98 189
3551 98 193
3552 98 195
3553 98 197
3554 98 206
3555 98 211
3556 98 213
3557 98 216
3558 98 220
3559 98 222
3560 98 226
3561 98 227
3562 98 231
3563 98 237
3564 98 239
3565 98 243
3566 98 244
3567 98 248
3568 98 252
3569 98 253
3570 98 254
3571 98 255
3572 98 263
3573 98 264
3574 98 270
3575 99 112
3576 99 115
3577 99 117
3578 99 140
3579 99 145
3580 99 159
3581 99 167
3582 99 169
3583 99 190
3584 99 194
3585 99 214
3586 99 215
3587 99 219
3588 99 235
3589 99 240
3590 99 246
3591 99 261
3592 99 262
3593 99 269
3594 99 275
3595 99 276
3596 100 221
3597 101 108
3598 101 121
3599 101 122
3600 101 123
3601 101 135
3602 101 136
3603 101 139
3604 101 141
3605 101 142
3606 101 152
3607 101 157
3608 101 165
3609 101 168
3610 101 178
3611 101 181
3612 101 185
3613 101 191
3614 101 199
3615 101 200
3616 101 203
3617 101 205
3618 101 209
3619 101 217
3620 101 234
3621 101 249
3622 101 267
3623 101 273
3624 101 277
3625 101 278
3626 102 103
3627 102 104
3628 102 105
3629 102 107
3630 102 127
3631 102 131
3632 102 133
3633 102 134
3634 102 154
3635 102 166
3636 102 173
3637 102 179
3638 102 184
3639 102 187
3640 102 189
3641 102 197
3642 102 206
3643 102 211
3644 102 213
3645 102 216
3646 102 220
3647 102 222
3648 102 226
3649 102 227
3650 102 232
3651 102 237
3652 102 243
3653 102 244
3654 102 247
3655 102 248
3656 102 254
3657 102 264
3658 103 104
3659 103 105
3660 103 107
3661 103 127
3662 103 131
3663 103 134
3664 103 154
3665 103 161
3666 103 166
3667 103 173
3668 103 179
3669 103 184
3670 103 187
3671 103 189
3672 103 193
3673 103 197
3674 103 206
3675 103 211
3676 103 213
3677 103 216
3678 103 220
3679 103 222
3680 103 225
3681 103 226
3682 103 227
3683 103 232
3684 103 237
3685 103 241
3686 103 243
3687 103 244
3688 103 247
3689 103 254
3690 103 263
3691 103 264
3692 103 270
3693 104 105
3694 104 107
3695 104 131
3696 104 134
3697 104 154
3698 104 166
3699 104 173
3700 104 177
3701 104 179
3702 104 184
3703 104 189
3704 104 197
3705 104 206
3706 104 211
3707 104 213
3708 104 216
3709 104 220
3710 104 222
3711 104 226
3712 104 231
3713 104 237
3714 104 243
3715 104 244
3716 104 247
3717 104 254
3718 104 255
3719 104 264
3720 105 107
3721 105 131
3722 105 138
3723 105 143
3724 105 147
3725 105 154
3726 105 166
3727 105 173
3728 105 179
3729 105 184
3730 105 189
3731 105 197
3732 105 206
3733 105 211
3734 105 213
3735 105 216
3736 105 220
3737 105 222
3738 105 226
3739 105 231
3740 105 237
3741 105 239
3742 105 244
3743 105 247
3744 105 254
3745 105 263
3746 105 264
3747 106 107
3748 106 111
3749 106 113
3750 106 116
3751 106 120
3752 106 124
3753 106 125
3754 106 127
3755 106 132
3756 106 134
3757 106 138
3758 106 143
3759 106 147
3760 106 150
3761 106 153
3762 106 154
3763 106 155
3764 106 156
3765 106 161
3766 106 170
3767 106 173
3768 106 176
3769 106 186
3770 106 187
3771 106 193
3772 106 195
3773 106 197
3774 106 211
3775 106 216
3776 106 221
3777 106 225
3778 106 226
3779 106 227
3780 106 231
3781 106 232
3782 106 239
3783 106 241
3784 106 242
3785 106 248
3786 106 251
3787 106 253
3788 106 254
3789 106 260
3790 106 263
3791 106 270
3792 106 279
3793 107 127
3794 107 131
3795 107 132
3796 107 133
3797 107 134
3798 107 150
3799 107 154
3800 107 155
3801 107 166
3802 107 173
3803 107 179
3804 107 184
3805 107 189
3806 107 193
3807 107 195
3808 107 197
3809 107 206
3810 107 211
3811 107 213
3812 107 216
3813 107 220
3814 107 222
3815 107 226
3816 107 237
3817 107 239
3818 107 241
3819 107 244
3820 107 247
3821 107 254
3822 107 263
3823 107 264
3824 107 270
3825 108 121
3826 108 122
3827 108 123
3828 108 135
3829 108 136
3830 108 139
3831 108 141
3832 108 152
3833 108 157
3834 108 165
3835 108 178
3836 108 181
3837 108 182
3838 108 185
3839 108 191
3840 108 199
3841 108 200
3842 108 209
3843 108 217
3844 108 234
3845 108 267
3846 108 273
3847 108 278
3848 109 112
3849 109 115
3850 109 117
3851 109 119
3852 109 140
3853 109 145
3854 109 159
3855 109 167
3856 109 169
3857 109 180
3858 109 190
3859 109 194
3860 109 214
3861 109 215
3862 109 219
3863 109 235
3864 109 240
3865 109 246
3866 109 261
3867 109 262
3868 109 269
3869 109 275
3870 109 276
3871 110 163
3872 111 116
3873 111 120
3874 111 124
3875 111 127
3876 111 132
3877 111 134
3878 111 138
3879 111 143
3880 111 147
3881 111 150
3882 111 153
3883 111 155
3884 111 156
3885 111 161
3886 111 170
3887 111 173
3888 111 176
3889 111 187
3890 111 193
3891 111 195
3892 111 211
3893 111 221
3894 111 225
3895 111 227
3896 111 231
3897 111 232
3898 111 239
3899 111 241
3900 111 242
3901 111 248
3902 111 251
3903 111 253
3904 111 263
3905 111 270
3906 111 279
3907 112 115
3908 112 117
3909 112 119
3910 112 126
3911 112 140
3912 112 145
3913 112 159
3914 112 167
3915 112 169
3916 112 180
3917 112 190
3918 112 194
3919 112 208
3920 112 214
3921 112 215
3922 112 219
3923 112 235
3924 112 240
3925 112 246
3926 112 261
3927 112 262
3928 112 269
3929 112 275
3930 112 276
3931 113 127
3932 113 132
3933 113 150
3934 113 155
3935 113 186
3936 113 193
3937 113 195
3938 113 225
3939 113 232
3940 113 239
3941 113 241
3942 113 242
3943 113 263
3944 113 270
3945 114 151
3946 114 183
3947 114 202
3948 114 226
3949 114 274
3950 115 117
3951 115 119
3952 115 126
3953 115 140
3954 115 145
3955 115 159
3956 115 167
3957 115 169
3958 115 180
3959 115 190
3960 115 194
3961 115 208
3962 115 214
3963 115 215
3964 115 219
3965 115 235
3966 115 240
3967 115 246
3968 115 261
3969 115 262
3970 115 269
3971 115 275
3972 115 276
3973 116 120
3974 116 124
3975 116 125
3976 116 127
3977 116 132
3978 116 134
3979 116 138
3980 116 143
3981 116 147
3982 116 150
3983 116 155
3984 116 156
3985 116 161
3986 116 173
3987 116 186
3988 116 187
3989 116 193
3990 116 195
3991 116 197
3992 116 211
3993 116 221
3994 116 225
3995 116 231
3996 116 232
3997 116 239
3998 116 241
3999 116 242
4000 116 248
4001 116 253
4002 116 263
4003 116 270
4004 116 279
4005 117 119
4006 117 126
4007 117 140
4008 117 145
4009 117 159
4010 117 167
4011 117 169
4012 117 180
4013 117 190
4014 117 194
4015 117 208
4016 117 214
4017 117 215
4018 117 219
4019 117 235
4020 117 240
4021 117 246
4022 117 261
4023 117 262
4024 117 269
4025 117 275
4026 117 276
4027 118 128
4028 118 129
4029 118 144
4030 118 164
4031 118 171
4032 118 172
4033 118 174
4034 118 175
4035 118 188
4036 118 192
4037 118 198
4038 118 203
4039 118 210
4040 118 218
4041 118 229
4042 118 258
4043 118 265
4044 118 271
4045 119 126
4046 119 140
4047 119 145
4048 119 159
4049 119 167
4050 119 169
4051 119 180
4052 119 190
4053 119 194
4054 119 208
4055 119 214
4056 119 215
4057 119 219
4058 119 235
4059 119 240
4060 119 246
4061 119 261
4062 119 262
4063 119 269
4064 119 275
4065 119 276
4066 120 125
4067 120 127
4068 120 132
4069 120 134
4070 120 150
4071 120 153
4072 120 155
4073 120 156
4074 120 161
4075 120 170
4076 120 173
4077 120 176
4078 120 186
4079 120 193
4080 120 195
4081 120 211
4082 120 221
4083 120 225
4084 120 227
4085 120 231
4086 120 232
4087 120 239
4088 120 241
4089 120 242
4090 120 248
4091 120 251
4092 120 260
4093 120 263
4094 120 270
4095 121 122
4096 121 123
4097 121 135
4098 121 136
4099 121 139
4100 121 141
4101 121 142
4102 121 152
4103 121 157
4104 121 165
4105 121 178
4106 121 181
4107 121 182
4108 121 185
4109 121 191
4110 121 197
4111 121 199
4112 121 200
4113 121 203
4114 121 205
4115 121 209
4116 121 217
4117 121 234
4118 121 249
4119 121 252
4120 121 259
4121 121 267
4122 121 273
4123 121 277
4124 121 278
4125 122 123
4126 122 135
4127 122 136
4128 122 139
4129 122 141
4130 122 144
4131 122 148
4132 122 152
4133 122 157
4134 122 165
4135 122 168
4136 122 178
4137 122 181
4138 122 182
4139 122 185
4140 122 191
4141 122 199
4142 122 200
4143 122 203
4144 122 205
4145 122 209
4146 122 217
4147 122 234
4148 122 249
4149 122 259
4150 122 267
4151 122 273
4152 122 277
4153 122 278
4154 123 135
4155 123 136
4156 123 139
4157 123 141
4158 123 152
4159 123 157
4160 123 165
4161 123 178
4162 123 181
4163 123 182
4164 123 185
4165 123 191
4166 123 199
4167 123 200
4168 123 203
4169 123 217
4170 123 234
4171 123 273
4172 123 278
4173 124 125
4174 124 127
4175 124 132
4176 124 134
4177 124 143
4178 124 147
4179 124 150
4180 124 155
4181 124 156
4182 124 161
4183 124 173
4184 124 186
4185 124 187
4186 124 193
4187 124 195
4188 124 211
4189 124 221
4190 124 225
4191 124 231
4192 124 232
4193 124 239
4194 124 241
4195 124 242
4196 124 248
4197 124 253
4198 124 263
4199 124 270
4200 124 279
4201 125 127
4202 125 132
4203 125 134
4204 125 150
4205 125 153
4206 125 155
4207 125 156
4208 125 161
4209 125 170
4210 125 173
4211 125 176
4212 125 186
4213 125 187
4214 125 193
4215 125 195
4216 125 211
4217 125 225
4218 125 227
4219 125 231
4220 125 232
4221 125 239
4222 125 241
4223 125 242
4224 125 248
4225 125 251
4226 125 253
4227 125 263
4228 125 270
4229 125 279
4230 126 140
4231 126 145
4232 126 159
4233 126 167
4234 126 169
4235 126 180
4236 126 190
4237 126 194
4238 126 208
4239 126 214
4240 126 215
4241 126 219
4242 126 235
4243 126 240
4244 126 246
4245 126 261
4246 126 262
4247 126 269
4248 126 275
4249 126 276
4250 127 132
4251 127 134
4252 127 138
4253 127 143
4254 127 147
4255 127 150
4256 127 154
4257 127 155
4258 127 156
4259 127 161
4260 127 170
4261 127 173
4262 127 186
4263 127 187
4264 127 189
4265 127 193
4266 127 195
4267 127 211
4268 127 213
4269 127 216
4270 127 221
4271 127 222
4272 127 225
4273 127 226
4274 127 227
4275 127 231
4276 127 232
4277 127 237
4278 127 239
4279 127 241
4280 127 242
4281 127 248
4282 127 253
4283 127 260
4284 127 263
4285 127 270
4286 127 279
4287 128 129
4288 128 136
4289 128 164
4290 128 171
4291 128 172
4292 128 174
4293 128 175
4294 128 188
4295 128 192
4296 128 198
4297 128 210
4298 128 218
4299 128 229
4300 128 258
4301 128 265
4302 128 271
4303 129 136
4304 129 144
4305 129 164
4306 129 168
4307 129 171
4308 129 172
4309 129 174
4310 129 175
4311 129 188
4312 129 192
4313 129 198
4314 129 203
4315 129 210
4316 129 218
4317 129 229
4318 129 233
4319 129 236
4320 129 258
4321 129 265
4322 129 271
4323 130 153
4324 130 160
4325 130 176
4326 130 251
4327 131 133
4328 131 134
4329 131 141
4330 131 153
4331 131 154
4332 131 155
4333 131 166
4334 131 173
4335 131 176
4336 131 179
4337 131 184
4338 131 189
4339 131 197
4340 131 206
4341 131 211
4342 131 213
4343 131 216
4344 131 220
4345 131 222
4346 131 226
4347 131 231
4348 131 237
4349 131 239
4350 131 243
4351 131 244
4352 131 248
4353 131 251
4354 131 254
4355 131 255
4356 131 263
4357 131 264
4358 132 134
4359 132 138
4360 132 143
4361 132 147
4362 132 150
4363 132 155
4364 132 156
4365 132 161
4366 132 170
4367 132 173
4368 132 186
4369 132 187
4370 132 189
4371 132 193
4372 132 195
4373 132 211
4374 132 216
4375 132 221
4376 132 225
4377 132 227
4378 132 231
4379 132 232
4380 132 239
4381 132 241
4382 132 242
4383 132 248
4384 132 253
4385 132 260
4386 132 263
4387 132 270
4388 132 279
4389 133 166
4390 133 173
4391 133 184
4392 133 189
4393 133 197
4394 133 213
4395 133 216
4396 133 220
4397 133 222
4398 133 226
4399 133 237
4400 133 254
4401 134 138
4402 134 143
4403 134 147
4404 134 150
4405 134 154
4406 134 155
4407 134 156
4408 134 161
4409 134 170
4410 134 173
4411 134 176
4412 134 186
4413 134 187
4414 134 193
4415 134 195
4416 134 197
4417 134 211
4418 134 213
4419 134 216
4420 134 221
4421 134 222
4422 134 225
4423 134 227
4424 134 231
4425 134 232
4426 134 237
4427 134 239
4428 134 241
4429 134 242
4430 134 248
4431 134 251
4432 134 253
4433 134 260
4434 134 263
4435 134 270
4436 134 279
4437 135 139
4438 135 141
4439 135 152
4440 135 157
4441 135 165
4442 135 168
4443 135 178
4444 135 181
4445 135 182
4446 135 185
4447 135 191
4448 135 199
4449 135 200
4450 135 203
4451 135 205
4452 135 209
4453 135 217
4454 135 226
4455 135 234
4456 135 249
4457 135 254
4458 135 259
4459 135 267
4460 135 273
4461 135 278
4462 136 139
4463 136 141
4464 136 144
4465 136 164
4466 136 165
4467 136 168
4468 136 171
4469 136 172
4470 136 174
4471 136 175
4472 136 181
4473 136 185
4474 136 188
4475 136 191
4476 136 192
4477 136 198
4478 136 199
4479 136 200
4480 136 203
4481 136 209
4482 136 210
4483 136 217
4484 136 218
4485 136 229
4486 136 233
4487 136 234
4488 136 236
4489 136 258
4490 136 265
4491 136 271
4492 136 273
4493 136 277
4494 136 278
4495 137 153
4496 137 176
4497 137 251
4498 138 143
4499 138 147
4500 138 150
4501 138 155
4502 138 156
4503 138 161
4504 138 173
4505 138 187
4506 138 193
4507 138 195
4508 138 211
4509 138 221
4510 138 225
4511 138 227
4512 138 231
4513 138 232
4514 138 239
4515 138 241
4516 138 242
4517 138 248
4518 138 263
4519 138 270
4520 139 141
4521 139 152
4522 139 157
4523 139 165
4524 139 168
4525 139 181
4526 139 182
4527 139 185
4528 139 191
4529 139 199
4530 139 200
4531 139 203
4532 139 209
4533 139 217
4534 139 234
4535 139 249
4536 139 267
4537 139 273
4538 139 277
4539 139 278
4540 140 145
4541 140 159
4542 140 167
4543 140 169
4544 140 180
4545 140 190
4546 140 194
4547 140 208
4548 140 214
4549 140 215
4550 140 219
4551 140 235
4552 140 240
4553 140 246
4554 140 261
4555 140 262
4556 140 269
4557 140 275
4558 140 276
4559 141 142
4560 141 144
4561 141 152
4562 141 157
4563 141 165
4564 141 168
4565 141 178
4566 141 181
4567 141 182
4568 141 184
4569 141 185
4570 141 188
4571 141 191
4572 141 197
4573 141 199
4574 141 200
4575 141 203
4576 141 209
4577 141 217
4578 141 226
4579 141 234
4580 141 249
4581 141 259
4582 141 267
4583 141 273
4584 141 278
4585 142 148
4586 142 178
4587 142 181
4588 142 199
4589 142 205
4590 142 249
4591 142 259
4592 142 277
4593 143 147
4594 143 150
4595 143 155
4596 143 156
4597 143 161
4598 143 170
4599 143 173
4600 143 187
4601 143 193
4602 143 195
4603 143 211
4604 143 221
4605 143 225
4606 143 227
4607 143 231
4608 143 232
4609 143 239
4610 143 241
4611 143 242
4612 143 248
4613 143 263
4614 143 270
4615 144 164
4616 144 165
4617 144 168
4618 144 171
4619 144 172
4620 144 174
4621 144 175
4622 144 181
4623 144 188
4624 144 192
4625 144 198
4626 144 200
4627 144 203
4628 144 205
4629 144 210
4630 144 217
4631 144 218
4632 144 229
4633 144 233
4634 144 236
4635 144 249
4636 144 258
4637 144 265
4638 144 271
4639 144 277
4640 145 159
4641 145 167
4642 145 169
4643 145 180
4644 145 190
4645 145 194
4646 145 208
4647 145 214
4648 145 215
4649 145 219
4650 145 235
4651 145 240
4652 145 246
4653 145 261
4654 145 262
4655 145 269
4656 145 275
4657 145 276
4658 146 173
4659 146 196
4660 146 243
4661 146 244
4662 146 245
4663 146 255
4664 146 266
4665 146 268
4666 147 150
4667 147 155
4668 147 156
4669 147 161
4670 147 170
4671 147 173
4672 147 187
4673 147 193
4674 147 195
4675 147 211
4676 147 221
4677 147 225
4678 147 227
4679 147 231
4680 147 232
4681 147 239
4682 147 241
4683 147 242
4684 147 248
4685 147 263
4686 147 270
4687 148 178
4688 148 200
4689 148 205
4690 148 249
4691 148 259
4692 149 238
4693 150 153
4694 150 155
4695 150 156
4696 150 161
4697 150 170
4698 150 173
4699 150 176
4700 150 186
4701 150 187
4702 150 193
4703 150 195
4704 150 197
4705 150 206
4706 150 211
4707 150 216
4708 150 221
4709 150 225
4710 150 227
4711 150 231
4712 150 232
4713 150 239
4714 150 241
4715 150 242
4716 150 248
4717 150 251
4718 150 253
4719 150 260
4720 150 263
4721 150 270
4722 150 279
4723 151 183
4724 151 202
4725 151 274
4726 152 157
4727 152 165
4728 152 168
4729 152 178
4730 152 181
4731 152 182
4732 152 185
4733 152 191
4734 152 199
4735 152 200
4736 152 203
4737 152 205
4738 152 209
4739 152 217
4740 152 234
4741 152 249
4742 152 259
4743 152 267
4744 152 273
4745 152 278
4746 153 155
4747 153 160
4748 153 173
4749 153 176
4750 153 181
4751 153 187
4752 153 193
4753 153 195
4754 153 197
4755 153 206
4756 153 211
4757 153 220
4758 153 221
4759 153 225
4760 153 226
4761 153 227
4762 153 231
4763 153 232
4764 153 239
4765 153 241
4766 153 248
4767 153 251
4768 153 253
4769 153 254
4770 153 263
4771 154 161
4772 154 166
4773 154 173
4774 154 179
4775 154 184
4776 154 189
4777 154 197
4778 154 206
4779 154 211
4780 154 213
4781 154 216
4782 154 220
4783 154 222
4784 154 225
4785 154 226
4786 154 232
4787 154 237
4788 154 241
4789 154 244
4790 154 247
4791 154 254
4792 154 263
4793 154 264
4794 154 270
4795 155 156
4796 155 161
4797 155 170
4798 155 173
4799 155 176
4800 155 184
4801 155 186
4802 155 187
4803 155 193
4804 155 195
4805 155 197
4806 155 206
4807 155 211
4808 155 220
4809 155 221
4810 155 225
4811 155 226
4812 155 227
4813 155 231
4814 155 232
4815 155 237
4816 155 239
4817 155 241
4818 155 242
4819 155 248
4820 155 251
4821 155 253
4822 155 254
4823 155 260
4824 155 263
4825 155 270
4826 155 279
4827 156 161
4828 156 173
4829 156 186
4830 156 187
4831 156 193
4832 156 195
4833 156 206
4834 156 211
4835 156 221
4836 156 225
4837 156 227
4838 156 231
4839 156 232
4840 156 239
4841 156 241
4842 156 242
4843 156 248
4844 156 253
4845 156 260
4846 156 263
4847 156 270
4848 156 279
4849 157 165
4850 157 181
4851 157 182
4852 157 185
4853 157 191
4854 157 199
4855 157 200
4856 157 203
4857 157 209
4858 157 217
4859 157 234
4860 157 267
4861 157 273
4862 157 278
4863 158 212
4864 159 167
4865 159 169
4866 159 180
4867 159 190
4868 159 194
4869 159 208
4870 159 214
4871 159 215
4872 159 219
4873 159 235
4874 159 240
4875 159 246
4876 159 261
4877 159 262
4878 159 269
4879 159 275
4880 159 276
4881 160 162
4882 160 176
4883 160 211
4884 160 248
4885 160 251
4886 160 257
4887 161 173
4888 161 186
4889 161 187
4890 161 193
4891 161 195
4892 161 197
4893 161 206
4894 161 211
4895 161 213
4896 161 221
4897 161 225
4898 161 227
4899 161 231
4900 161 232
4901 161 239
4902 161 241
4903 161 242
4904 161 248
4905 161 253
4906 161 254
4907 161 263
4908 161 270
4909 161 279
4910 162 257
4911 164 168
4912 164 171
4913 164 172
4914 164 174
4915 164 175
4916 164 188
4917 164 198
4918 164 210
4919 164 218
4920 164 229
4921 164 233
4922 164 236
4923 164 258
4924 164 265
4925 164 271
4926 165 168
4927 165 181
4928 165 182
4929 165 185
4930 165 191
4931 165 192
4932 165 199
4933 165 200
4934 165 203
4935 165 209
4936 165 217
4937 165 234
4938 165 267
4939 165 273
4940 165 278
4941 166 173
4942 166 179
4943 166 184
4944 166 189
4945 166 197
4946 166 206
4947 166 211
4948 166 213
4949 166 216
4950 166 220
4951 166 222
4952 166 226
4953 166 237
4954 166 243
4955 166 244
4956 166 254
4957 166 255
4958 166 264
4959 167 169
4960 167 180
4961 167 190
4962 167 194
4963 167 208
4964 167 214
4965 167 215
4966 167 219
4967 167 235
4968 167 240
4969 167 246
4970 167 261
4971 167 262
4972 167 269
4973 167 275
4974 167 276
4975 168 172
4976 168 174
4977 168 175
4978 168 178
4979 168 188
4980 168 191
4981 168 192
4982 168 198
4983 168 199
4984 168 200
4985 168 203
4986 168 205
4987 168 210
4988 168 217
4989 168 218
4990 168 226
4991 168 229
4992 168 233
4993 168 236
4994 168 249
4995 168 254
4996 168 265
4997 168 267
4998 168 271
4999 168 277
5000 168 278
5001 169 180
5002 169 190
5003 169 194
5004 169 208
5005 169 214
5006 169 215
5007 169 219
5008 169 235
5009 169 240
5010 169 246
5011 169 261
5012 169 262
5013 169 269
5014 169 275
5015 169 276
5016 170 176
5017 170 187
5018 170 193
5019 170 195
5020 170 211
5021 170 221
5022 170 225
5023 170 227
5024 170 231
5025 170 232
5026 170 239
5027 170 241
5028 170 242
5029 170 248
5030 170 251
5031 170 260
5032 170 263
5033 170 270
5034 171 172
5035 171 174
5036 171 175
5037 171 188
5038 171 192
5039 171 198
5040 171 203
5041 171 210
5042 171 218
5043 171 229
5044 171 233
5045 171 236
5046 171 258
5047 171 265
5048 171 271
5049 172 174
5050 172 175
5051 172 188
5052 172 192
5053 172 198
5054 172 203
5055 172 210
5056 172 218
5057 172 229
5058 172 233
5059 172 236
5060 172 258
5061 172 265
5062 172 271
5063 173 176
5064 173 179
5065 173 184
5066 173 186
5067 173 187
5068 173 189
5069 173 193
5070 173 195
5071 173 197
5072 173 206
5073 173 211
5074 173 213
5075 173 216
5076 173 217
5077 173 220
5078 173 221
5079 173 222
5080 173 225
5081 173 226
5082 173 227
5083 173 231
5084 173 232
5085 173 237
5086 173 239
5087 173 241
5088 173 242
5089 173 243
5090 173 244
5091 173 247
5092 173 248
5093 173 251
5094 173 253
5095 173 254
5096 173 260
5097 173 263
5098 173 264
5099 173 270
5100 173 279
5101 174 175
5102 174 188
5103 174 192
5104 174 198
5105 174 203
5106 174 210
5107 174 218
5108 174 229
5109 174 233
5110 174 236
5111 174 258
5112 174 265
5113 174 271
5114 175 188
5115 175 192
5116 175 198
5117 175 203
5118 175 210
5119 175 218
5120 175 229
5121 175 233
5122 175 236
5123 175 258
5124 175 265
5125 175 271
5126 176 181
5127 176 184
5128 176 187
5129 176 193
5130 176 195
5131 176 197
5132 176 211
5133 176 220
5134 176 221
5135 176 225
5136 176 227
5137 176 231
5138 176 232
5139 176 239
5140 176 241
5141 176 248
5142 176 251
5143 176 253
5144 176 263
5145 177 256
5146 178 181
5147 178 191
5148 178 199
5149 178 200
5150 178 205
5151 178 249
5152 178 252
5153 178 259
5154 178 267
5155 178 273
5156 178 277
5157 178 278
5158 179 184
5159 179 189
5160 179 197
5161 179 206
5162 179 213
5163 179 216
5164 179 220
5165 179 222
5166 179 226
5167 179 237
5168 179 244
5169 179 247
5170 179 264
5171 180 190
5172 180 194
5173 180 208
5174 180 214
5175 180 215
5176 180 219
5177 180 235
5178 180 240
5179 180 246
5180 180 261
5181 180 262
5182 180 269
5183 180 275
5184 180 276
5185 181 185
5186 181 191
5187 181 199
5188 181 200
5189 181 203
5190 181 209
5191 181 217
5192 181 234
5193 181 251
5194 181 267
5195 181 273
5196 181 278
5197 182 185
5198 182 199
5199 182 200
5200 182 217
5201 182 234
5202 182 267
5203 183 202
5204 183 274
5205 184 189
5206 184 197
5207 184 206
5208 184 211
5209 184 213
5210 184 216
5211 184 220
5212 184 222
5213 184 226
5214 184 227
5215 184 231
5216 184 237
5217 184 239
5218 184 243
5219 184 244
5220 184 248
5221 184 251
5222 184 254
5223 184 255
5224 184 256
5225 184 263
5226 184 264
5227 185 191
5228 185 199
5229 185 200
5230 185 203
5231 185 209
5232 185 217
5233 185 234
5234 185 267
5235 185 273
5236 185 278
5237 186 193
5238 186 195
5239 186 211
5240 186 225
5241 186 227
5242 186 231
5243 186 232
5244 186 239
5245 186 241
5246 186 242
5247 186 248
5248 186 263
5249 186 270
5250 187 193
5251 187 195
5252 187 197
5253 187 206
5254 187 211
5255 187 213
5256 187 220
5257 187 221
5258 187 222
5259 187 225
5260 187 227
5261 187 231
5262 187 232
5263 187 239
5264 187 241
5265 187 242
5266 187 248
5267 187 251
5268 187 253
5269 187 263
5270 187 270
5271 187 279
5272 188 192
5273 188 198
5274 188 203
5275 188 205
5276 188 210
5277 188 217
5278 188 218
5279 188 229
5280 188 233
5281 188 236
5282 188 249
5283 188 258
5284 188 259
5285 188 265
5286 188 271
5287 189 195
5288 189 197
5289 189 206
5290 189 211
5291 189 213
5292 189 216
5293 189 220
5294 189 222
5295 189 226
5296 189 237
5297 189 244
5298 189 247
5299 189 254
5300 189 264
5301 190 194
5302 190 208
5303 190 214
5304 190 215
5305 190 219
5306 190 235
5307 190 240
5308 190 246
5309 190 261
5310 190 262
5311 190 269
5312 190 275
5313 190 276
5314 191 199
5315 191 200
5316 191 203
5317 191 205
5318 191 209
5319 191 217
5320 191 234
5321 191 249
5322 191 267
5323 191 273
5324 191 277
5325 191 278
5326 192 198
5327 192 203
5328 192 210
5329 192 217
5330 192 218
5331 192 229
5332 192 233
5333 192 236
5334 192 258
5335 192 265
5336 192 271
5337 193 195
5338 193 206
5339 193 211
5340 193 216
5341 193 220
5342 193 221
5343 193 225
5344 193 227
5345 193 231
5346 193 232
5347 193 237
5348 193 239
5349 193 241
5350 193 242
5351 193 248
5352 193 251
5353 193 253
5354 193 260
5355 193 263
5356 193 270
5357 193 279
5358 194 208
5359 194 214
5360 194 215
5361 194 219
5362 194 235
5363 194 240
5364 194 246
5365 194 261
5366 194 262
5367 194 269
5368 194 275
5369 194 276
5370 195 197
5371 195 206
5372 195 211
5373 195 216
5374 195 221
5375 195 225
5376 195 227
5377 195 231
5378 195 232
5379 195 239
5380 195 241
5381 195 242
5382 195 248
5383 195 251
5384 195 253
5385 195 260
5386 195 263
5387 195 270
5388 195 279
5389 196 243
5390 196 245
5391 196 255
5392 196 266
5393 196 268
5394 197 206
5395 197 211
5396 197 213
5397 197 216
5398 197 220
5399 197 222
5400 197 226
5401 197 231
5402 197 237
5403 197 239
5404 197 241
5405 197 243
5406 197 244
5407 197 251
5408 197 252
5409 197 253
5410 197 254
5411 197 255
5412 197 263
5413 197 264
5414 197 266
5415 197 268
5416 198 203
5417 198 210
5418 198 218
5419 198 229
5420 198 233
5421 198 236
5422 198 258
5423 198 265
5424 198 271
5425 199 200
5426 199 203
5427 199 205
5428 199 209
5429 199 217
5430 199 234
5431 199 249
5432 199 252
5433 199 259
5434 199 267
5435 199 273
5436 199 277
5437 199 278
5438 200 203
5439 200 205
5440 200 209
5441 200 217
5442 200 234
5443 200 249
5444 200 259
5445 200 267
5446 200 273
5447 200 277
5448 200 278
5449 202 226
5450 202 274
5451 203 209
5452 203 210
5453 203 217
5454 203 218
5455 203 229
5456 203 233
5457 203 234
5458 203 236
5459 203 249
5460 203 258
5461 203 265
5462 203 267
5463 203 271
5464 203 273
5465 203 278
5466 204 252
5467 205 249
5468 205 259
5469 205 277
5470 205 278
5471 206 211
5472 206 213
5473 206 216
5474 206 220
5475 206 221
5476 206 222
5477 206 226
5478 206 231
5479 206 237
5480 206 239
5481 206 244
5482 206 248
5483 206 254
5484 206 263
5485 206 264
5486 206 279
5487 208 214
5488 208 215
5489 208 219
5490 208 235
5491 208 240
5492 208 246
5493 208 261
5494 208 262
5495 208 269
5496 208 275
5497 208 276
5498 209 217
5499 209 234
5500 209 267
5501 209 273
5502 209 278
5503 210 218
5504 210 229
5505 210 233
5506 210 236
5507 210 258
5508 210 265
5509 210 271
5510 211 213
5511 211 216
5512 211 220
5513 211 221
5514 211 222
5515 211 225
5516 211 226
5517 211 227
5518 211 231
5519 211 232
5520 211 237
5521 211 239
5522 211 241
5523 211 242
5524 211 243
5525 211 244
5526 211 248
5527 211 249
5528 211 251
5529 211 253
5530 211 254
5531 211 260
5532 211 263
5533 211 266
5534 211 268
5535 211 270
5536 211 279
5537 213 216
5538 213 220
5539 213 222
5540 213 226
5541 213 227
5542 213 232
5543 213 237
5544 213 243
5545 213 244
5546 213 247
5547 213 248
5548 213 254
5549 213 264
5550 214 215
5551 214 219
5552 214 235
5553 214 240
5554 214 246
5555 214 261
5556 214 262
5557 214 269
5558 214 275
5559 214 276
5560 215 219
5561 215 235
5562 215 240
5563 215 246
5564 215 261
5565 215 262
5566 215 269
5567 215 275
5568 215 276
5569 216 220
5570 216 222
5571 216 226
5572 216 232
5573 216 237
5574 216 239
5575 216 241
5576 216 244
5577 216 247
5578 216 254
5579 216 263
5580 216 264
5581 216 270
5582 217 234
5583 217 237
5584 217 267
5585 217 273
5586 217 277
5587 217 278
5588 218 229
5589 218 233
5590 218 236
5591 218 258
5592 218 265
5593 218 271
5594 219 235
5595 219 240
5596 219 246
5597 219 261
5598 219 262
5599 219 269
5600 219 275
5601 219 276
5602 220 222
5603 220 225
5604 220 226
5605 220 231
5606 220 237
5607 220 239
5608 220 243
5609 220 244
5610 220 251
5611 220 252
5612 220 253
5613 220 254
5614 220 263
5615 220 264
5616 220 268
5617 220 279
5618 221 225
5619 221 227
5620 221 231
5621 221 232
5622 221 239
5623 221 241
5624 221 242
5625 221 248
5626 221 251
5627 221 253
5628 221 263
5629 221 270
5630 221 279
5631 222 226
5632 222 227
5633 222 232
5634 222 237
5635 222 243
5636 222 244
5637 222 247
5638 222 248
5639 222 254
5640 222 264
5641 223 272
5642 225 227
5643 225 231
5644 225 232
5645 225 239
5646 225 241
5647 225 242
5648 225 248
5649 225 251
5650 225 253
5651 225 260
5652 225 263
5653 225 270
5654 225 279
5655 226 231
5656 226 237
5657 226 239
5658 226 243
5659 226 244
5660 226 248
5661 226 250
5662 226 252
5663 226 253
5664 226 254
5665 226 255
5666 226 260
5667 226 264
5668 226 270
5669 227 231
5670 227 232
5671 227 239
5672 227 241
5673 227 242
5674 227 244
5675 227 248
5676 227 251
5677 227 260
5678 227 263
5679 227 270
5680 229 233
5681 229 236
5682 229 258
5683 229 265
5684 229 271
5685 231 232
5686 231 239
5687 231 241
5688 231 242
5689 231 244
5690 231 248
5691 231 251
5692 231 253
5693 231 254
5694 231 260
5695 231 263
5696 231 270
5697 231 279
5698 232 239
5699 232 241
5700 232 242
5701 232 248
5702 232 251
5703 232 253
5704 232 263
5705 232 270
5706 232 279
5707 233 236
5708 233 258
5709 233 265
5710 233 271
5711 234 267
5712 234 273
5713 234 278
5714 235 240
5715 235 246
5716 235 261
5717 235 262
5718 235 269
5719 235 275
5720 235 276
5721 236 265
5722 237 239
5723 237 244
5724 237 247
5725 237 254
5726 237 264
5727 237 270
5728 239 241
5729 239 242
5730 239 248
5731 239 251
5732 239 253
5733 239 254
5734 239 260
5735 239 263
5736 239 270
5737 239 279
5738 240 246
5739 240 261
5740 240 262
5741 240 269
5742 240 275
5743 240 276
5744 241 242
5745 241 248
5746 241 251
5747 241 253
5748 241 263
5749 241 270
5750 241 279
5751 242 248
5752 242 253
5753 242 263
5754 242 270
5755 242 279
5756 243 244
5757 243 245
5758 243 254
5759 243 255
5760 243 266
5761 243 268
5762 244 248
5763 244 254
5764 244 255
5765 244 264
5766 244 266
5767 244 268
5768 245 255
5769 245 266
5770 245 268
5771 246 261
5772 246 262
5773 246 269
5774 246 275
5775 246 276
5776 247 264
5777 248 251
5778 248 253
5779 248 254
5780 248 260
5781 248 263
5782 248 270
5783 249 259
5784 249 267
5785 249 277
5786 249 278
5787 250 254
5788 251 253
5789 251 263
5790 252 254
5791 253 254
5792 253 263
5793 253 270
5794 253 279
5795 254 255
5796 254 260
5797 254 264
5798 254 270
5799 255 266
5800 255 268
5801 258 265
5802 258 271
5803 259 277
5804 260 263
5805 260 270
5806 261 262
5807 261 269
5808 261 275
5809 261 276
5810 262 269
5811 262 275
5812 262 276
5813 263 270
5814 263 279
5815 265 271
5816 266 268
5817 267 273
5818 267 277
5819 267 278
5820 269 275
5821 269 276
5822 270 279
5823 273 278
5824 275 276
5825 277 278
