1 1 79
2 2 7
3 2 12
4 2 16
5 2 21
6 2 24
7 2 27
8 2 31
9 2 32
10 2 44
11 2 45
12 2 52
13 2 56
14 2 87
15 2 109
16 2 111
17 2 122
18 2 124
19 2 135
20 2 147
21 2 148
22 2 153
23 2 154
24 2 159
25 2 165
26 2 173
27 2 180
28 2 186
29 2 189
30 2 190
31 2 193
32 2 195
33 2 196
34 2 199
35 2 201
36 2 206
37 2 212
38 2 214
39 2 221
40 2 225
41 2 227
42 2 237
43 2 238
44 2 241
45 2 248
46 2 254
47 2 265
48 2 283
49 2 294
50 2 302
51 3 8
52 3 19
53 3 20
54 3 33
55 3 48
56 3 73
57 3 102
58 3 121
59 3 218
60 3 258
61 3 266
62 3 282
63 3 288
64 3 289
65 4 11
66 4 18
67 4 22
68 4 71
69 4 90
70 4 101
71 4 108
72 4 117
73 4 162
74 4 179
75 4 191
76 4 209
77 4 213
78 4 217
79 4 240
80 4 269
81 4 272
82 5 9
83 5 25
84 5 131
85 5 166
86 5 230
87 5 290
88 5 299
89 5 310
90 6 13
91 6 17
92 6 47
93 6 76
94 6 85
95 6 119
96 6 138
97 6 141
98 6 144
99 6 155
100 6 168
101 6 202
102 6 226
103 6 253
104 6 264
105 7 12
106 7 16
107 7 21
108 7 24
109 7 27
110 7 31
111 7 32
112 7 44
113 7 45
114 7 52
115 7 56
116 7 87
117 7 109
118 7 111
119 7 122
120 7 124
121 7 135
122 7 147
123 7 148
124 7 153
125 7 154
126 7 159
127 7 165
128 7 173
129 7 180
130 7 186
131 7 189
132 7 190
133 7 193
134 7 195
135 7 196
136 7 199
137 7 201
138 7 206
139 7 212
140 7 214
141 7 221
142 7 225
143 7 227
144 7 237
145 7 238
146 7 241
147 7 248
148 7 254
149 7 265
150 7 283
151 7 294
152 7 302
153 8 19
154 8 20
155 8 33
156 8 48
157 8 73
158 8 102
159 8 121
160 8 218
161 8 258
162 8 266
163 8 282
164 8 288
165 8 289
166 9 25
167 9 131
168 9 166
169 9 230
170 9 290
171 9 299
172 9 310
173 10 15
174 10 35
175 10 88
176 10 93
177 10 126
178 10 160
179 10 211
180 10 215
181 10 222
182 10 280
183 10 291
184 11 18
185 11 22
186 11 71
187 11 90
188 11 101
189 11 108
190 11 117
191 11 162
192 11 179
193 11 191
194 11 209
195 11 213
196 11 217
197 11 240
198 11 269
199 11 272
200 12 16
201 12 21
202 12 24
203 12 27
204 12 31
205 12 32
206 12 44
207 12 45
208 12 52
209 12 56
210 12 87
211 12 109
212 12 111
213 12 122
214 12 124
215 12 135
216 12 147
217 12 148
218 12 153
219 12 154
220 12 159
221 12 165
222 12 173
223 12 180
224 12 186
225 12 189
226 12 190
227 12 193
228 12 195
229 12 196
230 12 199
231 12 201
232 12 206
233 12 212
234 12 214
235 12 221
236 12 225
237 12 227
238 12 237
239 12 238
240 12 241
241 12 248
242 12 254
243 12 265
244 12 283
245 12 294
246 12 302
247 13 17
248 13 47
249 13 76
250 13 85
251 13 138
252 13 141
253 13 144
254 13 155
255 13 168
256 13 202
257 13 226
258 13 253
259 13 264
260 14 77
261 14 200
262 14 271
263 15 35
264 15 88
265 15 93
266 15 126
267 15 160
268 15 161
269 15 211
270 15 215
271 15 222
272 15 280
273 15 291
274 15 308
275 16 21
276 16 24
277 16 27
278 16 31
279 16 32
280 16 44
281 16 45
282 16 52
283 16 56
284 16 87
285 16 109
286 16 111
287 16 122
288 16 124
289 16 135
290 16 147
291 16 148
292 16 153
293 16 154
294 16 159
295 16 165
296 16 173
297 16 180
298 16 186
299 16 189
300 16 190
301 16 193
302 16 195
303 16 196
304 16 199
305 16 201
306 16 206
307 16 212
308 16 214
309 16 221
310 16 225
311 16 227
312 16 237
313 16 238
314 16 241
315 16 248
316 16 254
317 16 265
318 16 283
319 16 294
320 16 302
321 17 76
322 17 85
323 17 89
324 17 98
325 17 99
326 17 105
327 17 119
328 17 138
329 17 141
330 17 144
331 17 155
332 17 168
333 17 202
334 17 226
335 17 253
336 17 264
337 17 267
338 18 22
339 18 71
340 18 90
341 18 101
342 18 108
343 18 117
344 18 162
345 18 179
346 18 191
347 18 209
348 18 213
349 18 217
350 18 240
351 18 269
352 18 272
353 19 20
354 19 33
355 19 48
356 19 73
357 19 102
358 19 121
359 19 218
360 19 258
361 19 266
362 19 282
363 19 288
364 19 289
365 20 33
366 20 48
367 20 73
368 20 102
369 20 121
370 20 218
371 20 258
372 20 266
373 20 282
374 20 288
375 20 289
376 21 24
377 21 27
378 21 31
379 21 32
380 21 44
381 21 45
382 21 52
383 21 56
384 21 87
385 21 109
386 21 111
387 21 122
388 21 124
389 21 135
390 21 147
391 21 148
392 21 153
393 21 154
394 21 159
395 21 165
396 21 173
397 21 180
398 21 186
399 21 189
400 21 190
401 21 193
402 21 195
403 21 196
404 21 199
405 21 201
406 21 206
407 21 212
408 21 214
409 21 221
410 21 225
411 21 227
412 21 237
413 21 238
414 21 241
415 21 248
416 21 254
417 21 265
418 21 283
419 21 294
420 21 302
421 22 71
422 22 90
423 22 101
424 22 108
425 22 117
426 22 162
427 22 179
428 22 191
429 22 209
430 22 213
431 22 217
432 22 240
433 22 269
434 22 272
435 24 27
436 24 31
437 24 32
438 24 44
439 24 45
440 24 52
441 24 56
442 24 87
443 24 109
444 24 111
445 24 122
446 24 124
447 24 135
448 24 147
449 24 148
450 24 153
451 24 154
452 24 159
453 24 165
454 24 173
455 24 180
456 24 186
457 24 189
458 24 190
459 24 193
460 24 195
461 24 196
462 24 199
463 24 201
464 24 206
465 24 212
466 24 214
467 24 221
468 24 225
469 24 227
470 24 237
471 24 238
472 24 241
473 24 248
474 24 254
475 24 265
476 24 283
477 24 294
478 24 302
479 25 131
480 25 166
481 25 230
482 25 290
483 25 299
484 25 310
485 26 43
486 27 31
487 27 32
488 27 44
489 27 45
490 27 52
491 27 56
492 27 87
493 27 109
494 27 111
495 27 122
496 27 124
497 27 135
498 27 147
499 27 148
500 27 153
501 27 154
502 27 159
503 27 165
504 27 173
505 27 180
506 27 186
507 27 189
508 27 190
509 27 193
510 27 195
511 27 196
512 27 199
513 27 201
514 27 206
515 27 212
516 27 214
517 27 221
518 27 225
519 27 227
520 27 237
521 27 238
522 27 241
523 27 248
524 27 254
525 27 265
526 27 283
527 27 294
528 27 302
529 29 208
530 29 270
531 29 279
532 29 303
533 31 32
534 31 44
535 31 45
536 31 52
537 31 56
538 31 87
539 31 109
540 31 111
541 31 122
542 31 124
543 31 135
544 31 147
545 31 148
546 31 153
547 31 154
548 31 159
549 31 165
550 31 173
551 31 180
552 31 186
553 31 189
554 31 190
555 31 193
556 31 195
557 31 196
558 31 199
559 31 201
560 31 206
561 31 212
562 31 214
563 31 221
564 31 225
565 31 227
566 31 237
567 31 238
568 31 241
569 31 248
570 31 254
571 31 265
572 31 283
573 31 294
574 31 302
575 32 44
576 32 45
577 32 52
578 32 56
579 32 87
580 32 109
581 32 111
582 32 122
583 32 124
584 32 135
585 32 147
586 32 148
587 32 153
588 32 154
589 32 159
590 32 165
591 32 173
592 32 180
593 32 186
594 32 189
595 32 190
596 32 193
597 32 195
598 32 196
599 32 199
600 32 201
601 32 206
602 32 212
603 32 214
604 32 221
605 32 225
606 32 227
607 32 237
608 32 238
609 32 241
610 32 248
611 32 254
612 32 265
613 32 283
614 32 294
615 32 302
616 33 48
617 33 73
618 33 102
619 33 121
620 33 218
621 33 258
622 33 266
623 33 282
624 33 288
625 33 289
626 34 95
627 34 152
628 34 194
629 35 88
630 35 93
631 35 126
632 35 160
633 35 161
634 35 222
635 35 280
636 35 291
637 35 308
638 36 38
639 36 53
640 36 58
641 36 77
642 36 96
643 36 103
644 36 123
645 36 164
646 36 174
647 36 177
648 36 197
649 36 200
650 36 207
651 36 242
652 36 247
653 36 252
654 36 301
655 38 53
656 38 58
657 38 63
658 38 77
659 38 96
660 38 103
661 38 123
662 38 164
663 38 174
664 38 177
665 38 197
666 38 200
667 38 207
668 38 210
669 38 242
670 38 247
671 38 252
672 38 271
673 38 301
674 39 139
675 39 203
676 39 261
677 39 268
678 39 276
679 39 296
680 40 41
681 40 169
682 41 169
683 42 62
684 42 110
685 42 120
686 42 129
687 42 137
688 42 145
689 42 151
690 42 157
691 42 192
692 44 45
693 44 52
694 44 56
695 44 87
696 44 109
697 44 111
698 44 122
699 44 124
700 44 135
701 44 147
702 44 148
703 44 153
704 44 154
705 44 159
706 44 165
707 44 173
708 44 180
709 44 186
710 44 189
711 44 190
712 44 193
713 44 195
714 44 196
715 44 199
716 44 201
717 44 206
718 44 212
719 44 214
720 44 221
721 44 225
722 44 227
723 44 237
724 44 238
725 44 241
726 44 248
727 44 254
728 44 265
729 44 283
730 44 294
731 44 302
732 45 52
733 45 56
734 45 87
735 45 109
736 45 111
737 45 122
738 45 124
739 45 135
740 45 147
741 45 148
742 45 153
743 45 154
744 45 159
745 45 165
746 45 173
747 45 180
748 45 186
749 45 189
750 45 190
751 45 193
752 45 195
753 45 196
754 45 199
755 45 201
756 45 206
757 45 212
758 45 214
759 45 221
760 45 225
761 45 227
762 45 237
763 45 238
764 45 241
765 45 248
766 45 254
767 45 265
768 45 283
769 45 294
770 45 302
771 47 76
772 47 85
773 47 105
774 47 138
775 47 141
776 47 144
777 47 155
778 47 168
779 47 202
780 47 226
781 47 264
782 47 267
783 48 73
784 48 102
785 48 121
786 48 218
787 48 258
788 48 266
789 48 282
790 48 288
791 48 289
792 49 65
793 49 118
794 49 134
795 50 66
796 50 207
797 50 295
798 50 297
799 50 301
800 52 56
801 52 87
802 52 109
803 52 111
804 52 122
805 52 124
806 52 135
807 52 147
808 52 148
809 52 153
810 52 154
811 52 159
812 52 165
813 52 173
814 52 180
815 52 186
816 52 189
817 52 190
818 52 193
819 52 195
820 52 196
821 52 199
822 52 201
823 52 206
824 52 212
825 52 214
826 52 221
827 52 225
828 52 227
829 52 237
830 52 238
831 52 241
832 52 248
833 52 254
834 52 265
835 52 283
836 52 294
837 52 302
838 53 58
839 53 63
840 53 77
841 53 96
842 53 103
843 53 123
844 53 164
845 53 174
846 53 177
847 53 197
848 53 200
849 53 207
850 53 210
851 53 242
852 53 247
853 53 252
854 53 271
855 53 301
856 55 94
857 56 87
858 56 109
859 56 111
860 56 122
861 56 124
862 56 135
863 56 147
864 56 148
865 56 153
866 56 154
867 56 159
868 56 165
869 56 173
870 56 180
871 56 186
872 56 189
873 56 190
874 56 193
875 56 195
876 56 196
877 56 199
878 56 201
879 56 206
880 56 212
881 56 214
882 56 221
883 56 225
884 56 227
885 56 237
886 56 238
887 56 241
888 56 248
889 56 254
890 56 265
891 56 283
892 56 294
893 56 302
894 57 70
895 57 81
896 57 92
897 57 149
898 57 170
899 57 255
900 57 259
901 57 281
902 58 77
903 58 96
904 58 103
905 58 123
906 58 164
907 58 174
908 58 177
909 58 197
910 58 200
911 58 207
912 58 242
913 58 247
914 58 252
915 58 301
916 61 72
917 61 100
918 61 127
919 61 140
920 61 181
921 61 187
922 61 277
923 62 85
924 62 110
925 62 120
926 62 129
927 62 137
928 62 138
929 62 141
930 62 144
931 62 145
932 62 151
933 62 157
934 62 168
935 62 192
936 62 202
937 62 226
938 62 264
939 63 77
940 63 200
941 63 207
942 63 242
943 63 301
944 65 118
945 65 134
946 66 295
947 66 297
948 69 106
949 69 107
950 69 114
951 69 130
952 69 150
953 69 167
954 69 171
955 69 185
956 69 219
957 69 245
958 69 260
959 69 292
960 70 81
961 70 92
962 70 149
963 70 170
964 70 255
965 70 259
966 70 281
967 71 90
968 71 101
969 71 108
970 71 117
971 71 162
972 71 179
973 71 191
974 71 209
975 71 213
976 71 217
977 71 240
978 71 269
979 71 272
980 72 100
981 72 127
982 72 140
983 72 181
984 72 187
985 72 277
986 73 102
987 73 121
988 73 218
989 73 258
990 73 266
991 73 282
992 73 288
993 73 289
994 74 82
995 75 85
996 75 89
997 75 98
998 75 105
999 75 119
1000 75 138
1001 75 144
1002 75 235
1003 75 253
1004 75 263
1005 75 264
1006 75 267
1007 75 286
1008 75 287
1009 76 85
1010 76 138
1011 76 141
1012 76 144
1013 76 155
1014 76 168
1015 76 202
1016 76 226
1017 76 264
1018 77 96
1019 77 103
1020 77 123
1021 77 164
1022 77 174
1023 77 177
1024 77 197
1025 77 200
1026 77 207
1027 77 210
1028 77 242
1029 77 247
1030 77 252
1031 77 271
1032 77 301
1033 78 224
1034 78 304
1035 80 156
1036 81 92
1037 81 149
1038 81 170
1039 81 255
1040 81 259
1041 81 281
1042 84 216
1043 84 228
1044 85 98
1045 85 105
1046 85 110
1047 85 119
1048 85 129
1049 85 138
1050 85 141
1051 85 144
1052 85 151
1053 85 155
1054 85 157
1055 85 168
1056 85 202
1057 85 226
1058 85 235
1059 85 253
1060 85 263
1061 85 264
1062 85 267
1063 86 116
1064 86 198
1065 87 109
1066 87 111
1067 87 122
1068 87 124
1069 87 135
1070 87 147
1071 87 148
1072 87 153
1073 87 154
1074 87 159
1075 87 165
1076 87 173
1077 87 180
1078 87 186
1079 87 189
1080 87 190
1081 87 193
1082 87 195
1083 87 196
1084 87 199
1085 87 201
1086 87 206
1087 87 212
1088 87 214
1089 87 221
1090 87 225
1091 87 227
1092 87 237
1093 87 238
1094 87 241
1095 87 248
1096 87 254
1097 87 265
1098 87 283
1099 87 294
1100 87 302
1101 88 93
1102 88 126
1103 88 160
1104 88 211
1105 88 215
1106 88 280
1107 88 291
1108 89 98
1109 89 119
1110 89 235
1111 89 253
1112 89 263
1113 89 264
1114 89 286
1115 89 287
1116 90 101
1117 90 108
1118 90 117
1119 90 162
1120 90 179
1121 90 191
1122 90 209
1123 90 213
1124 90 217
1125 90 240
1126 90 269
1127 90 272
1128 91 136
1129 92 149
1130 92 170
1131 92 255
1132 92 259
1133 92 281
1134 93 126
1135 93 160
1136 93 161
1137 93 211
1138 93 215
1139 93 222
1140 93 280
1141 93 291
1142 93 308
1143 95 194
1144 96 103
1145 96 123
1146 96 164
1147 96 174
1148 96 177
1149 96 197
1150 96 200
1151 96 207
1152 96 242
1153 96 247
1154 96 252
1155 96 301
1156 97 183
1157 97 278
1158 98 119
1159 98 138
1160 98 144
1161 98 155
1162 98 202
1163 98 226
1164 98 235
1165 98 253
1166 98 262
1167 98 263
1168 98 264
1169 98 286
1170 98 287
1171 99 119
1172 99 284
1173 100 127
1174 100 140
1175 100 181
1176 100 187
1177 100 277
1178 101 108
1179 101 117
1180 101 162
1181 101 179
1182 101 191
1183 101 209
1184 101 213
1185 101 217
1186 101 240
1187 101 269
1188 101 272
1189 102 121
1190 102 218
1191 102 258
1192 102 266
1193 102 282
1194 102 288
1195 102 289
1196 103 123
1197 103 164
1198 103 174
1199 103 177
1200 103 197
1201 103 200
1202 103 207
1203 103 242
1204 103 247
1205 103 252
1206 103 301
1207 104 115
1208 104 246
1209 104 312
1210 105 138
1211 105 141
1212 105 144
1213 105 168
1214 105 226
1215 105 235
1216 105 253
1217 105 264
1218 105 267
1219 106 107
1220 106 114
1221 106 130
1222 106 150
1223 106 167
1224 106 171
1225 106 185
1226 106 219
1227 106 245
1228 106 260
1229 106 292
1230 107 114
1231 107 130
1232 107 150
1233 107 167
1234 107 171
1235 107 185
1236 107 219
1237 107 245
1238 107 260
1239 107 292
1240 108 117
1241 108 162
1242 108 179
1243 108 191
1244 108 209
1245 108 213
1246 108 217
1247 108 240
1248 108 269
1249 108 272
1250 109 111
1251 109 122
1252 109 124
1253 109 135
1254 109 147
1255 109 148
1256 109 153
1257 109 154
1258 109 159
1259 109 165
1260 109 173
1261 109 180
1262 109 186
1263 109 189
1264 109 190
1265 109 193
1266 109 195
1267 109 196
1268 109 199
1269 109 201
1270 109 206
1271 109 212
1272 109 214
1273 109 221
1274 109 225
1275 109 227
1276 109 237
1277 109 238
1278 109 241
1279 109 248
1280 109 254
1281 109 265
1282 109 283
1283 109 294
1284 109 302
1285 110 120
1286 110 129
1287 110 137
1288 110 138
1289 110 141
1290 110 144
1291 110 145
1292 110 151
1293 110 157
1294 110 168
1295 110 192
1296 110 202
1297 110 226
1298 110 264
1299 111 122
1300 111 124
1301 111 135
1302 111 147
1303 111 148
1304 111 153
1305 111 154
1306 111 159
1307 111 165
1308 111 173
1309 111 180
1310 111 186
1311 111 189
1312 111 190
1313 111 193
1314 111 195
1315 111 196
1316 111 199
1317 111 201
1318 111 206
1319 111 212
1320 111 214
1321 111 221
1322 111 225
1323 111 227
1324 111 237
1325 111 238
1326 111 241
1327 111 248
1328 111 254
1329 111 265
1330 111 283
1331 111 294
1332 111 302
1333 114 130
1334 114 150
1335 114 167
1336 114 171
1337 114 185
1338 114 219
1339 114 245
1340 114 260
1341 114 292
1342 115 246
1343 115 312
1344 116 198
1345 117 162
1346 117 179
1347 117 191
1348 117 209
1349 117 213
1350 117 217
1351 117 240
1352 117 269
1353 117 272
1354 118 134
1355 119 138
1356 119 141
1357 119 144
1358 119 155
1359 119 202
1360 119 226
1361 119 235
1362 119 253
1363 119 262
1364 119 263
1365 119 264
1366 119 286
1367 119 287
1368 120 129
1369 120 137
1370 120 145
1371 120 151
1372 120 157
1373 120 192
1374 121 218
1375 121 258
1376 121 266
1377 121 282
1378 121 288
1379 121 289
1380 122 124
1381 122 135
1382 122 147
1383 122 148
1384 122 153
1385 122 154
1386 122 159
1387 122 165
1388 122 173
1389 122 180
1390 122 186
1391 122 189
1392 122 190
1393 122 193
1394 122 195
1395 122 196
1396 122 199
1397 122 201
1398 122 206
1399 122 212
1400 122 214
1401 122 221
1402 122 225
1403 122 227
1404 122 237
1405 122 238
1406 122 241
1407 122 248
1408 122 254
1409 122 265
1410 122 283
1411 122 294
1412 122 302
1413 123 164
1414 123 174
1415 123 177
1416 123 197
1417 123 200
1418 123 207
1419 123 242
1420 123 247
1421 123 252
1422 123 301
1423 124 135
1424 124 147
1425 124 148
1426 124 153
1427 124 154
1428 124 159
1429 124 165
1430 124 173
1431 124 180
1432 124 186
1433 124 189
1434 124 190
1435 124 193
1436 124 195
1437 124 196
1438 124 199
1439 124 201
1440 124 206
1441 124 212
1442 124 214
1443 124 221
1444 124 225
1445 124 227
1446 124 237
1447 124 238
1448 124 241
1449 124 248
1450 124 254
1451 124 265
1452 124 283
1453 124 294
1454 124 302
1455 125 274
1456 126 160
1457 126 161
1458 126 211
1459 126 215
1460 126 222
1461 126 280
1462 126 291
1463 126 308
1464 127 140
1465 127 181
1466 127 187
1467 127 277
1468 128 188
1469 129 137
1470 129 138
1471 129 141
1472 129 144
1473 129 145
1474 129 151
1475 129 157
1476 129 168
1477 129 192
1478 129 202
1479 129 226
1480 129 264
1481 130 150
1482 130 167
1483 130 171
1484 130 185
1485 130 219
1486 130 245
1487 130 260
1488 130 292
1489 131 166
1490 131 230
1491 131 290
1492 131 299
1493 131 310
1494 133 273
1495 135 147
1496 135 148
1497 135 153
1498 135 154
1499 135 159
1500 135 165
1501 135 173
1502 135 180
1503 135 186
1504 135 189
1505 135 190
1506 135 193
1507 135 195
1508 135 196
1509 135 199
1510 135 201
1511 135 206
1512 135 212
1513 135 214
1514 135 221
1515 135 225
1516 135 227
1517 135 237
1518 135 238
1519 135 241
1520 135 248
1521 135 254
1522 135 265
1523 135 283
1524 135 294
1525 135 302
1526 137 145
1527 137 151
1528 137 157
1529 137 192
1530 137 264
1531 138 141
1532 138 144
1533 138 151
1534 138 155
1535 138 157
1536 138 168
1537 138 202
1538 138 226
1539 138 235
1540 138 253
1541 138 263
1542 138 264
1543 138 267
1544 139 203
1545 139 261
1546 139 268
1547 139 276
1548 139 296
1549 140 181
1550 140 187
1551 140 277
1552 141 144
1553 141 151
1554 141 155
1555 141 168
1556 141 202
1557 141 226
1558 141 253
1559 141 264
1560 141 267
1561 142 244
1562 142 249
1563 144 151
1564 144 155
1565 144 157
1566 144 168
1567 144 202
1568 144 226
1569 144 253
1570 144 264
1571 144 267
1572 145 151
1573 145 157
1574 145 192
1575 147 148
1576 147 153
1577 147 154
1578 147 159
1579 147 165
1580 147 173
1581 147 180
1582 147 186
1583 147 189
1584 147 190
1585 147 193
1586 147 195
1587 147 196
1588 147 199
1589 147 201
1590 147 206
1591 147 212
1592 147 214
1593 147 221
1594 147 225
1595 147 227
1596 147 237
1597 147 238
1598 147 241
1599 147 248
1600 147 254
1601 147 265
1602 147 283
1603 147 294
1604 147 302
1605 148 153
1606 148 154
1607 148 159
1608 148 165
1609 148 173
1610 148 180
1611 148 186
1612 148 189
1613 148 190
1614 148 193
1615 148 195
1616 148 196
1617 148 199
1618 148 201
1619 148 206
1620 148 212
1621 148 214
1622 148 221
1623 148 225
1624 148 227
1625 148 237
1626 148 238
1627 148 241
1628 148 248
1629 148 254
1630 148 265
1631 148 283
1632 148 294
1633 148 302
1634 149 170
1635 149 255
1636 149 259
1637 149 281
1638 150 167
1639 150 171
1640 150 185
1641 150 219
1642 150 245
1643 150 260
1644 150 278
1645 150 292
1646 151 157
1647 151 168
1648 151 192
1649 151 202
1650 151 226
1651 151 264
1652 152 194
1653 152 275
1654 153 154
1655 153 159
1656 153 165
1657 153 173
1658 153 180
1659 153 186
1660 153 189
1661 153 190
1662 153 193
1663 153 195
1664 153 196
1665 153 199
1666 153 201
1667 153 206
1668 153 212
1669 153 214
1670 153 221
1671 153 225
1672 153 227
1673 153 237
1674 153 238
1675 153 241
1676 153 248
1677 153 254
1678 153 265
1679 153 283
1680 153 294
1681 153 302
1682 154 159
1683 154 165
1684 154 173
1685 154 180
1686 154 186
1687 154 189
1688 154 190
1689 154 193
1690 154 195
1691 154 196
1692 154 199
1693 154 201
1694 154 206
1695 154 212
1696 154 214
1697 154 221
1698 154 225
1699 154 227
1700 154 237
1701 154 238
1702 154 241
1703 154 248
1704 154 254
1705 154 265
1706 154 283
1707 154 294
1708 154 302
1709 155 157
1710 155 168
1711 155 202
1712 155 226
1713 155 253
1714 155 264
1715 157 192
1716 157 202
1717 157 226
1718 157 264
1719 159 165
1720 159 173
1721 159 180
1722 159 186
1723 159 189
1724 159 190
1725 159 193
1726 159 195
1727 159 196
1728 159 199
1729 159 201
1730 159 206
1731 159 212
1732 159 214
1733 159 221
1734 159 225
1735 159 227
1736 159 237
1737 159 238
1738 159 241
1739 159 248
1740 159 254
1741 159 265
1742 159 283
1743 159 294
1744 159 302
1745 160 161
1746 160 211
1747 160 215
1748 160 222
1749 160 280
1750 160 291
1751 160 308
1752 161 222
1753 161 280
1754 161 291
1755 161 308
1756 162 179
1757 162 191
1758 162 209
1759 162 213
1760 162 217
1761 162 240
1762 162 269
1763 162 272
1764 164 174
1765 164 177
1766 164 197
1767 164 200
1768 164 207
1769 164 242
1770 164 247
1771 164 252
1772 164 301
1773 165 173
1774 165 180
1775 165 186
1776 165 189
1777 165 190
1778 165 193
1779 165 195
1780 165 196
1781 165 199
1782 165 201
1783 165 206
1784 165 212
1785 165 214
1786 165 221
1787 165 225
1788 165 227
1789 165 237
1790 165 238
1791 165 241
1792 165 248
1793 165 254
1794 165 265
1795 165 283
1796 165 294
1797 165 302
1798 166 230
1799 166 290
1800 166 299
1801 166 310
1802 167 171
1803 167 185
1804 167 219
1805 167 245
1806 167 260
1807 167 292
1808 168 202
1809 168 226
1810 168 235
1811 168 253
1812 168 264
1813 168 267
1814 170 255
1815 170 259
1816 170 281
1817 171 185
1818 171 219
1819 171 245
1820 171 260
1821 171 292
1822 173 180
1823 173 186
1824 173 189
1825 173 190
1826 173 193
1827 173 195
1828 173 196
1829 173 199
1830 173 201
1831 173 206
1832 173 212
1833 173 214
1834 173 221
1835 173 225
1836 173 227
1837 173 237
1838 173 238
1839 173 241
1840 173 248
1841 173 254
1842 173 265
1843 173 283
1844 173 294
1845 173 302
1846 174 177
1847 174 197
1848 174 200
1849 174 207
1850 174 242
1851 174 247
1852 174 252
1853 174 301
1854 175 188
1855 177 197
1856 177 200
1857 177 207
1858 177 242
1859 177 247
1860 177 252
1861 177 301
1862 179 191
1863 179 209
1864 179 213
1865 179 217
1866 179 240
1867 179 269
1868 179 272
1869 180 186
1870 180 189
1871 180 190
1872 180 193
1873 180 195
1874 180 196
1875 180 199
1876 180 201
1877 180 206
1878 180 212
1879 180 214
1880 180 221
1881 180 225
1882 180 227
1883 180 237
1884 180 238
1885 180 241
1886 180 248
1887 180 254
1888 180 265
1889 180 283
1890 180 294
1891 180 302
1892 181 187
1893 181 277
1894 183 278
1895 185 219
1896 185 245
1897 185 260
1898 185 292
1899 186 189
1900 186 190
1901 186 193
1902 186 195
1903 186 196
1904 186 199
1905 186 201
1906 186 206
1907 186 212
1908 186 214
1909 186 221
1910 186 225
1911 186 227
1912 186 237
1913 186 238
1914 186 241
1915 186 248
1916 186 254
1917 186 265
1918 186 283
1919 186 294
1920 186 302
1921 187 277
1922 189 190
1923 189 193
1924 189 195
1925 189 196
1926 189 199
1927 189 201
1928 189 206
1929 189 212
1930 189 214
1931 189 221
1932 189 225
1933 189 227
1934 189 237
1935 189 238
1936 189 241
1937 189 248
1938 189 254
1939 189 265
1940 189 283
1941 189 294
1942 189 302
1943 190 193
1944 190 195
1945 190 196
1946 190 199
1947 190 201
1948 190 206
1949 190 212
1950 190 214
1951 190 221
1952 190 225
1953 190 227
1954 190 237
1955 190 238
1956 190 241
1957 190 248
1958 190 254
1959 190 265
1960 190 283
1961 190 294
1962 190 302
1963 191 209
1964 191 213
1965 191 217
1966 191 240
1967 191 269
1968 191 272
1969 192 202
1970 192 264
1971 193 195
1972 193 196
1973 193 199
1974 193 201
1975 193 206
1976 193 212
1977 193 214
1978 193 221
1979 193 225
1980 193 227
1981 193 237
1982 193 238
1983 193 241
1984 193 248
1985 193 254
1986 193 265
1987 193 283
1988 193 294
1989 193 302
1990 194 250
1991 194 275
1992 195 196
1993 195 199
1994 195 201
1995 195 206
1996 195 212
1997 195 214
1998 195 221
1999 195 225
2000 195 227
2001 195 237
2002 195 238
2003 195 241
2004 195 248
2005 195 254
2006 195 265
2007 195 283
2008 195 294
2009 195 302
2010 196 199
2011 196 201
2012 196 206
2013 196 212
2014 196 214
2015 196 221
2016 196 225
2017 196 227
2018 196 237
2019 196 238
2020 196 241
2021 196 248
2022 196 254
2023 196 265
2024 196 283
2025 196 294
2026 196 302
2027 197 200
2028 197 207
2029 197 242
2030 197 247
2031 197 252
2032 197 301
2033 199 201
2034 199 206
2035 199 212
2036 199 214
2037 199 221
2038 199 225
2039 199 227
2040 199 237
2041 199 238
2042 199 241
2043 199 248
2044 199 254
2045 199 265
2046 199 283
2047 199 294
2048 199 302
2049 200 207
2050 200 210
2051 200 242
2052 200 247
2053 200 252
2054 200 271
2055 200 301
2056 201 206
2057 201 212
2058 201 214
2059 201 221
2060 201 225
2061 201 227
2062 201 237
2063 201 238
2064 201 241
2065 201 248
2066 201 254
2067 201 265
2068 201 283
2069 201 294
2070 201 302
2071 202 226
2072 202 253
2073 202 264
2074 203 261
2075 203 268
2076 203 276
2077 203 296
2078 206 212
2079 206 214
2080 206 221
2081 206 227
2082 206 237
2083 206 238
2084 206 241
2085 206 248
2086 206 254
2087 206 265
2088 206 283
2089 206 294
2090 206 302
2091 207 210
2092 207 242
2093 207 247
2094 207 252
2095 207 271
2096 207 295
2097 207 297
2098 207 301
2099 208 270
2100 208 279
2101 208 303
2102 209 213
2103 209 217
2104 209 240
2105 209 269
2106 209 272
2107 210 242
2108 210 271
2109 210 301
2110 211 215
2111 211 280
2112 211 291
2113 212 214
2114 212 221
2115 212 225
2116 212 227
2117 212 237
2118 212 238
2119 212 241
2120 212 248
2121 212 254
2122 212 265
2123 212 283
2124 212 294
2125 212 302
2126 213 217
2127 213 240
2128 213 269
2129 213 272
2130 214 221
2131 214 225
2132 214 227
2133 214 237
2134 214 238
2135 214 241
2136 214 248
2137 214 254
2138 214 265
2139 214 283
2140 214 294
2141 214 302
2142 215 280
2143 215 291
2144 216 228
2145 217 240
2146 217 269
2147 217 272
2148 218 258
2149 218 266
2150 218 282
2151 218 288
2152 218 289
2153 219 245
2154 219 260
2155 219 292
2156 221 225
2157 221 227
2158 221 237
2159 221 238
2160 221 241
2161 221 248
2162 221 254
2163 221 265
2164 221 283
2165 221 294
2166 221 302
2167 222 280
2168 222 308
2169 223 234
2170 224 304
2171 225 227
2172 225 237
2173 225 238
2174 225 241
2175 225 248
2176 225 254
2177 225 265
2178 225 283
2179 225 294
2180 225 302
2181 226 253
2182 226 264
2183 226 267
2184 227 237
2185 227 238
2186 227 241
2187 227 248
2188 227 254
2189 227 265
2190 227 283
2191 227 294
2192 227 302
2193 230 290
2194 230 299
2195 230 310
2196 232 285
2197 235 253
2198 235 263
2199 235 267
2200 235 286
2201 235 287
2202 237 238
2203 237 241
2204 237 248
2205 237 254
2206 237 265
2207 237 283
2208 237 294
2209 237 302
2210 238 241
2211 238 248
2212 238 254
2213 238 265
2214 238 283
2215 238 294
2216 238 302
2217 239 257
2218 240 269
2219 240 272
2220 241 248
2221 241 254
2222 241 265
2223 241 283
2224 241 294
2225 241 302
2226 242 247
2227 242 252
2228 242 271
2229 242 301
2230 244 249
2231 245 260
2232 245 292
2233 246 312
2234 247 252
2235 247 301
2236 248 254
2237 248 265
2238 248 283
2239 248 294
2240 248 302
2241 250 275
2242 252 301
2243 253 262
2244 253 263
2245 253 264
2246 253 267
2247 253 286
2248 253 287
2249 254 265
2250 254 283
2251 254 294
2252 254 302
2253 255 259
2254 255 281
2255 258 266
2256 258 282
2257 258 288
2258 258 289
2259 259 281
2260 260 292
2261 261 268
2262 261 276
2263 261 296
2264 262 263
2265 263 286
2266 264 267
2267 265 283
2268 265 294
2269 265 302
2270 266 282
2271 266 288
2272 266 289
2273 268 276
2274 268 296
2275 269 272
2276 270 279
2277 270 303
2278 271 301
2279 276 296
2280 279 303
2281 280 291
2282 280 308
2283 282 288
2284 282 289
2285 283 294
2286 283 302
2287 286 287
2288 288 289
2289 290 299
2290 290 310
2291 291 308
2292 294 302
2293 295 297
2294 295 301
