1 1 79
2 2 7
3 2 12
4 2 16
5 2 21
6 2 24
7 2 27
8 2 31
9 2 32
10 2 44
11 2 45
12 2 52
13 2 56
14 2 87
15 2 109
16 2 111
17 2 122
18 2 124
19 2 135
20 2 147
21 2 148
22 2 153
23 2 154
24 2 159
25 2 165
26 2 173
27 2 180
28 2 186
29 2 189
30 2 190
31 2 193
32 2 195
33 2 196
34 2 199
35 2 201
36 2 206
37 2 212
38 2 214
39 2 221
40 2 225
41 2 227
42 2 237
43 2 238
44 2 241
45 2 248
46 2 254
47 2 265
48 2 283
49 2 294
50 2 302
51 3 8
52 3 19
53 3 20
54 3 33
55 3 48
56 3 73
57 3 102
58 3 121
59 3 218
60 3 258
61 3 266
62 3 282
63 3 288
64 3 289
65 4 11
66 4 15
67 4 18
68 4 22
69 4 71
70 4 90
71 4 93
72 4 95
73 4 101
74 4 108
75 4 117
76 4 126
77 4 160
78 4 162
79 4 179
80 4 191
81 4 209
82 4 211
83 4 213
84 4 215
85 4 217
86 4 240
87 4 269
88 4 272
89 4 280
90 4 291
91 5 9
92 5 25
93 5 91
94 5 131
95 5 166
96 5 216
97 5 230
98 5 290
99 5 299
100 5 310
101 6 13
102 6 17
103 6 23
104 6 42
105 6 47
106 6 62
107 6 75
108 6 76
109 6 85
110 6 89
111 6 98
112 6 99
113 6 105
114 6 110
115 6 119
116 6 120
117 6 129
118 6 137
119 6 138
120 6 141
121 6 144
122 6 145
123 6 151
124 6 155
125 6 157
126 6 168
127 6 176
128 6 192
129 6 202
130 6 226
131 6 229
132 6 235
133 6 236
134 6 243
135 6 253
136 6 262
137 6 263
138 6 264
139 6 267
140 6 284
141 6 286
142 6 287
143 7 12
144 7 16
145 7 21
146 7 24
147 7 27
148 7 31
149 7 32
150 7 44
151 7 45
152 7 52
153 7 56
154 7 87
155 7 109
156 7 111
157 7 122
158 7 124
159 7 135
160 7 147
161 7 148
162 7 153
163 7 154
164 7 159
165 7 165
166 7 173
167 7 180
168 7 186
169 7 189
170 7 190
171 7 193
172 7 195
173 7 196
174 7 199
175 7 201
176 7 206
177 7 212
178 7 214
179 7 221
180 7 225
181 7 227
182 7 237
183 7 238
184 7 241
185 7 248
186 7 254
187 7 265
188 7 283
189 7 294
190 7 302
191 8 19
192 8 20
193 8 33
194 8 48
195 8 73
196 8 102
197 8 121
198 8 218
199 8 258
200 8 266
201 8 282
202 8 288
203 8 289
204 9 25
205 9 91
206 9 131
207 9 166
208 9 216
209 9 230
210 9 290
211 9 299
212 9 310
213 10 15
214 10 22
215 10 35
216 10 88
217 10 93
218 10 126
219 10 160
220 10 161
221 10 211
222 10 215
223 10 222
224 10 280
225 10 291
226 10 308
227 11 15
228 11 18
229 11 22
230 11 71
231 11 90
232 11 93
233 11 101
234 11 108
235 11 117
236 11 126
237 11 160
238 11 162
239 11 179
240 11 191
241 11 209
242 11 213
243 11 217
244 11 240
245 11 269
246 11 272
247 11 280
248 11 291
249 12 16
250 12 21
251 12 24
252 12 27
253 12 31
254 12 32
255 12 44
256 12 45
257 12 52
258 12 56
259 12 87
260 12 109
261 12 111
262 12 122
263 12 124
264 12 135
265 12 147
266 12 148
267 12 153
268 12 154
269 12 159
270 12 165
271 12 173
272 12 180
273 12 186
274 12 189
275 12 190
276 12 193
277 12 195
278 12 196
279 12 199
280 12 201
281 12 206
282 12 212
283 12 214
284 12 221
285 12 225
286 12 227
287 12 237
288 12 238
289 12 241
290 12 248
291 12 254
292 12 265
293 12 283
294 12 294
295 12 302
296 13 17
297 13 23
298 13 42
299 13 47
300 13 62
301 13 75
302 13 76
303 13 85
304 13 89
305 13 98
306 13 99
307 13 105
308 13 110
309 13 119
310 13 120
311 13 129
312 13 137
313 13 138
314 13 141
315 13 144
316 13 145
317 13 151
318 13 155
319 13 157
320 13 168
321 13 176
322 13 192
323 13 202
324 13 226
325 13 235
326 13 236
327 13 243
328 13 253
329 13 262
330 13 263
331 13 264
332 13 267
333 13 286
334 13 287
335 14 36
336 14 38
337 14 53
338 14 58
339 14 63
340 14 77
341 14 96
342 14 103
343 14 123
344 14 164
345 14 174
346 14 177
347 14 197
348 14 200
349 14 207
350 14 210
351 14 242
352 14 247
353 14 252
354 14 271
355 14 301
356 15 18
357 15 22
358 15 34
359 15 35
360 15 71
361 15 88
362 15 90
363 15 93
364 15 95
365 15 101
366 15 108
367 15 126
368 15 160
369 15 161
370 15 162
371 15 179
372 15 191
373 15 194
374 15 209
375 15 211
376 15 213
377 15 215
378 15 217
379 15 222
380 15 240
381 15 269
382 15 272
383 15 280
384 15 291
385 15 308
386 16 21
387 16 24
388 16 27
389 16 31
390 16 32
391 16 44
392 16 45
393 16 52
394 16 56
395 16 87
396 16 109
397 16 111
398 16 122
399 16 124
400 16 135
401 16 147
402 16 148
403 16 153
404 16 154
405 16 159
406 16 165
407 16 173
408 16 180
409 16 186
410 16 189
411 16 190
412 16 193
413 16 195
414 16 196
415 16 199
416 16 201
417 16 206
418 16 212
419 16 214
420 16 221
421 16 225
422 16 227
423 16 237
424 16 238
425 16 241
426 16 248
427 16 254
428 16 265
429 16 283
430 16 294
431 16 302
432 17 23
433 17 42
434 17 47
435 17 61
436 17 62
437 17 72
438 17 75
439 17 76
440 17 85
441 17 89
442 17 98
443 17 99
444 17 100
445 17 105
446 17 110
447 17 119
448 17 120
449 17 127
450 17 129
451 17 137
452 17 138
453 17 140
454 17 141
455 17 144
456 17 145
457 17 151
458 17 155
459 17 157
460 17 168
461 17 176
462 17 181
463 17 187
464 17 192
465 17 202
466 17 226
467 17 229
468 17 235
469 17 236
470 17 243
471 17 253
472 17 262
473 17 263
474 17 264
475 17 267
476 17 277
477 17 284
478 17 286
479 17 287
480 18 22
481 18 34
482 18 71
483 18 90
484 18 93
485 18 95
486 18 101
487 18 108
488 18 117
489 18 126
490 18 152
491 18 160
492 18 162
493 18 179
494 18 191
495 18 209
496 18 213
497 18 217
498 18 240
499 18 269
500 18 272
501 18 275
502 18 279
503 18 280
504 18 291
505 18 308
506 19 20
507 19 33
508 19 48
509 19 73
510 19 102
511 19 121
512 19 218
513 19 258
514 19 266
515 19 282
516 19 288
517 19 289
518 20 33
519 20 48
520 20 73
521 20 102
522 20 121
523 20 218
524 20 258
525 20 266
526 20 282
527 20 288
528 20 289
529 21 24
530 21 27
531 21 31
532 21 32
533 21 44
534 21 45
535 21 52
536 21 56
537 21 87
538 21 109
539 21 111
540 21 122
541 21 124
542 21 135
543 21 147
544 21 148
545 21 153
546 21 154
547 21 159
548 21 165
549 21 173
550 21 180
551 21 186
552 21 189
553 21 190
554 21 193
555 21 195
556 21 196
557 21 199
558 21 201
559 21 206
560 21 212
561 21 214
562 21 221
563 21 225
564 21 227
565 21 237
566 21 238
567 21 241
568 21 248
569 21 254
570 21 265
571 21 283
572 21 294
573 21 302
574 22 35
575 22 71
576 22 88
577 22 90
578 22 93
579 22 95
580 22 101
581 22 108
582 22 117
583 22 126
584 22 152
585 22 160
586 22 161
587 22 162
588 22 179
589 22 191
590 22 194
591 22 209
592 22 211
593 22 213
594 22 215
595 22 217
596 22 240
597 22 269
598 22 272
599 22 280
600 22 291
601 23 25
602 23 41
603 23 47
604 23 61
605 23 62
606 23 72
607 23 75
608 23 76
609 23 84
610 23 85
611 23 89
612 23 98
613 23 99
614 23 100
615 23 105
616 23 110
617 23 119
618 23 127
619 23 129
620 23 137
621 23 138
622 23 140
623 23 141
624 23 144
625 23 151
626 23 155
627 23 157
628 23 166
629 23 168
630 23 169
631 23 176
632 23 181
633 23 187
634 23 192
635 23 202
636 23 204
637 23 216
638 23 226
639 23 235
640 23 243
641 23 253
642 23 256
643 23 262
644 23 263
645 23 264
646 23 267
647 23 277
648 23 286
649 23 287
650 23 290
651 24 27
652 24 31
653 24 32
654 24 44
655 24 45
656 24 52
657 24 56
658 24 87
659 24 109
660 24 111
661 24 122
662 24 124
663 24 135
664 24 147
665 24 148
666 24 153
667 24 154
668 24 159
669 24 165
670 24 173
671 24 180
672 24 186
673 24 189
674 24 190
675 24 193
676 24 195
677 24 196
678 24 199
679 24 201
680 24 206
681 24 212
682 24 214
683 24 221
684 24 225
685 24 227
686 24 237
687 24 238
688 24 241
689 24 248
690 24 254
691 24 265
692 24 283
693 24 294
694 24 302
695 25 40
696 25 41
697 25 84
698 25 91
699 25 131
700 25 136
701 25 166
702 25 169
703 25 176
704 25 216
705 25 230
706 25 290
707 25 299
708 25 310
709 26 43
710 27 31
711 27 32
712 27 44
713 27 45
714 27 52
715 27 56
716 27 87
717 27 109
718 27 111
719 27 122
720 27 124
721 27 135
722 27 147
723 27 148
724 27 153
725 27 154
726 27 159
727 27 165
728 27 173
729 27 180
730 27 186
731 27 189
732 27 190
733 27 193
734 27 195
735 27 196
736 27 199
737 27 201
738 27 206
739 27 212
740 27 214
741 27 221
742 27 225
743 27 227
744 27 237
745 27 238
746 27 241
747 27 248
748 27 254
749 27 265
750 27 283
751 27 294
752 27 302
753 28 152
754 29 34
755 29 49
756 29 65
757 29 95
758 29 152
759 29 194
760 29 208
761 29 250
762 29 270
763 29 275
764 29 279
765 29 303
766 31 32
767 31 44
768 31 45
769 31 52
770 31 56
771 31 87
772 31 109
773 31 111
774 31 122
775 31 124
776 31 135
777 31 147
778 31 148
779 31 153
780 31 154
781 31 159
782 31 165
783 31 173
784 31 180
785 31 186
786 31 189
787 31 190
788 31 193
789 31 195
790 31 196
791 31 199
792 31 201
793 31 206
794 31 212
795 31 214
796 31 221
797 31 225
798 31 227
799 31 237
800 31 238
801 31 241
802 31 248
803 31 254
804 31 265
805 31 283
806 31 294
807 31 302
808 32 44
809 32 45
810 32 52
811 32 56
812 32 87
813 32 109
814 32 111
815 32 122
816 32 124
817 32 135
818 32 147
819 32 148
820 32 153
821 32 154
822 32 159
823 32 165
824 32 173
825 32 180
826 32 186
827 32 189
828 32 190
829 32 193
830 32 195
831 32 196
832 32 199
833 32 201
834 32 206
835 32 212
836 32 214
837 32 221
838 32 225
839 32 227
840 32 237
841 32 238
842 32 241
843 32 248
844 32 254
845 32 265
846 32 283
847 32 294
848 32 302
849 33 48
850 33 73
851 33 102
852 33 121
853 33 218
854 33 258
855 33 266
856 33 282
857 33 288
858 33 289
859 34 60
860 34 93
861 34 95
862 34 126
863 34 152
864 34 191
865 34 194
866 34 205
867 34 208
868 34 209
869 34 213
870 34 250
871 34 270
872 34 275
873 34 279
874 34 280
875 34 291
876 34 303
877 35 88
878 35 90
879 35 93
880 35 126
881 35 160
882 35 161
883 35 211
884 35 213
885 35 215
886 35 222
887 35 280
888 35 291
889 35 308
890 36 38
891 36 53
892 36 58
893 36 63
894 36 77
895 36 96
896 36 103
897 36 123
898 36 164
899 36 174
900 36 177
901 36 197
902 36 200
903 36 207
904 36 210
905 36 242
906 36 247
907 36 252
908 36 271
909 36 301
910 38 50
911 38 53
912 38 58
913 38 63
914 38 66
915 38 67
916 38 77
917 38 96
918 38 103
919 38 123
920 38 164
921 38 174
922 38 177
923 38 197
924 38 200
925 38 207
926 38 210
927 38 242
928 38 247
929 38 252
930 38 271
931 38 295
932 38 297
933 38 301
934 39 139
935 39 203
936 39 261
937 39 268
938 39 276
939 39 296
940 40 41
941 40 85
942 40 119
943 40 138
944 40 144
945 40 169
946 40 176
947 40 216
948 40 233
949 40 253
950 41 75
951 41 85
952 41 119
953 41 138
954 41 144
955 41 166
956 41 169
957 41 176
958 41 216
959 41 233
960 41 253
961 41 290
962 42 47
963 42 62
964 42 76
965 42 85
966 42 105
967 42 110
968 42 120
969 42 129
970 42 137
971 42 138
972 42 141
973 42 144
974 42 145
975 42 151
976 42 155
977 42 157
978 42 168
979 42 192
980 42 202
981 42 226
982 42 264
983 42 267
984 44 45
985 44 52
986 44 56
987 44 87
988 44 109
989 44 111
990 44 122
991 44 124
992 44 135
993 44 147
994 44 148
995 44 153
996 44 154
997 44 159
998 44 165
999 44 173
1000 44 180
1001 44 186
1002 44 189
1003 44 190
1004 44 193
1005 44 195
1006 44 196
1007 44 199
1008 44 201
1009 44 206
1010 44 212
1011 44 214
1012 44 221
1013 44 225
1014 44 227
1015 44 237
1016 44 238
1017 44 241
1018 44 248
1019 44 254
1020 44 265
1021 44 283
1022 44 294
1023 44 302
1024 45 52
1025 45 56
1026 45 87
1027 45 109
1028 45 111
1029 45 122
1030 45 124
1031 45 135
1032 45 147
1033 45 148
1034 45 153
1035 45 154
1036 45 159
1037 45 165
1038 45 173
1039 45 180
1040 45 186
1041 45 189
1042 45 190
1043 45 193
1044 45 195
1045 45 196
1046 45 199
1047 45 201
1048 45 206
1049 45 212
1050 45 214
1051 45 221
1052 45 225
1053 45 227
1054 45 237
1055 45 238
1056 45 241
1057 45 248
1058 45 254
1059 45 265
1060 45 283
1061 45 294
1062 45 302
1063 47 62
1064 47 75
1065 47 76
1066 47 85
1067 47 89
1068 47 98
1069 47 105
1070 47 110
1071 47 119
1072 47 120
1073 47 129
1074 47 137
1075 47 138
1076 47 141
1077 47 144
1078 47 145
1079 47 151
1080 47 155
1081 47 157
1082 47 168
1083 47 192
1084 47 202
1085 47 226
1086 47 235
1087 47 243
1088 47 253
1089 47 262
1090 47 263
1091 47 264
1092 47 267
1093 47 284
1094 47 287
1095 48 73
1096 48 102
1097 48 121
1098 48 218
1099 48 258
1100 48 266
1101 48 282
1102 48 288
1103 48 289
1104 49 65
1105 49 118
1106 49 128
1107 49 134
1108 49 175
1109 49 188
1110 49 208
1111 49 270
1112 49 275
1113 50 53
1114 50 66
1115 50 67
1116 50 77
1117 50 200
1118 50 207
1119 50 242
1120 50 252
1121 50 295
1122 50 297
1123 50 301
1124 52 56
1125 52 87
1126 52 109
1127 52 111
1128 52 122
1129 52 124
1130 52 135
1131 52 147
1132 52 148
1133 52 153
1134 52 154
1135 52 159
1136 52 165
1137 52 173
1138 52 180
1139 52 186
1140 52 189
1141 52 190
1142 52 193
1143 52 195
1144 52 196
1145 52 199
1146 52 201
1147 52 206
1148 52 212
1149 52 214
1150 52 221
1151 52 225
1152 52 227
1153 52 237
1154 52 238
1155 52 241
1156 52 248
1157 52 254
1158 52 265
1159 52 283
1160 52 294
1161 52 302
1162 53 58
1163 53 63
1164 53 66
1165 53 67
1166 53 77
1167 53 96
1168 53 103
1169 53 123
1170 53 164
1171 53 174
1172 53 177
1173 53 197
1174 53 200
1175 53 207
1176 53 210
1177 53 242
1178 53 247
1179 53 252
1180 53 271
1181 53 295
1182 53 297
1183 53 301
1184 55 94
1185 55 277
1186 56 87
1187 56 109
1188 56 111
1189 56 122
1190 56 124
1191 56 135
1192 56 147
1193 56 148
1194 56 153
1195 56 154
1196 56 159
1197 56 165
1198 56 173
1199 56 180
1200 56 186
1201 56 189
1202 56 190
1203 56 193
1204 56 195
1205 56 196
1206 56 199
1207 56 201
1208 56 206
1209 56 212
1210 56 214
1211 56 221
1212 56 225
1213 56 227
1214 56 237
1215 56 238
1216 56 241
1217 56 248
1218 56 254
1219 56 265
1220 56 283
1221 56 294
1222 56 302
1223 57 64
1224 57 69
1225 57 70
1226 57 81
1227 57 92
1228 57 107
1229 57 114
1230 57 149
1231 57 170
1232 57 171
1233 57 219
1234 57 255
1235 57 259
1236 57 260
1237 57 281
1238 58 63
1239 58 77
1240 58 96
1241 58 103
1242 58 123
1243 58 164
1244 58 174
1245 58 177
1246 58 197
1247 58 200
1248 58 207
1249 58 210
1250 58 242
1251 58 247
1252 58 252
1253 58 271
1254 58 301
1255 59 178
1256 60 95
1257 60 152
1258 60 194
1259 60 250
1260 60 275
1261 61 72
1262 61 85
1263 61 98
1264 61 99
1265 61 100
1266 61 119
1267 61 127
1268 61 138
1269 61 140
1270 61 144
1271 61 157
1272 61 176
1273 61 181
1274 61 187
1275 61 202
1276 61 204
1277 61 226
1278 61 253
1279 61 262
1280 61 263
1281 61 264
1282 61 277
1283 61 286
1284 62 75
1285 62 76
1286 62 85
1287 62 89
1288 62 98
1289 62 99
1290 62 105
1291 62 110
1292 62 119
1293 62 120
1294 62 129
1295 62 137
1296 62 138
1297 62 141
1298 62 144
1299 62 145
1300 62 151
1301 62 155
1302 62 157
1303 62 168
1304 62 192
1305 62 202
1306 62 226
1307 62 235
1308 62 236
1309 62 243
1310 62 253
1311 62 262
1312 62 263
1313 62 264
1314 62 267
1315 62 286
1316 62 287
1317 63 77
1318 63 96
1319 63 103
1320 63 123
1321 63 164
1322 63 174
1323 63 177
1324 63 197
1325 63 200
1326 63 207
1327 63 210
1328 63 242
1329 63 247
1330 63 252
1331 63 271
1332 63 301
1333 64 69
1334 64 70
1335 64 81
1336 64 92
1337 64 107
1338 64 149
1339 64 170
1340 64 255
1341 64 259
1342 64 281
1343 65 118
1344 65 128
1345 65 134
1346 65 175
1347 65 188
1348 65 208
1349 65 250
1350 65 270
1351 65 275
1352 66 77
1353 66 200
1354 66 207
1355 66 242
1356 66 295
1357 66 297
1358 66 301
1359 67 77
1360 67 200
1361 67 207
1362 67 242
1363 67 301
1364 69 70
1365 69 81
1366 69 86
1367 69 92
1368 69 97
1369 69 106
1370 69 107
1371 69 114
1372 69 116
1373 69 130
1374 69 143
1375 69 149
1376 69 150
1377 69 167
1378 69 170
1379 69 171
1380 69 183
1381 69 185
1382 69 219
1383 69 245
1384 69 255
1385 69 259
1386 69 260
1387 69 278
1388 69 281
1389 69 292
1390 70 81
1391 70 92
1392 70 107
1393 70 114
1394 70 149
1395 70 170
1396 70 171
1397 70 219
1398 70 255
1399 70 259
1400 70 260
1401 70 281
1402 70 292
1403 71 90
1404 71 93
1405 71 101
1406 71 108
1407 71 117
1408 71 126
1409 71 160
1410 71 162
1411 71 179
1412 71 191
1413 71 209
1414 71 213
1415 71 217
1416 71 240
1417 71 269
1418 71 272
1419 71 280
1420 71 291
1421 72 85
1422 72 99
1423 72 100
1424 72 119
1425 72 127
1426 72 138
1427 72 140
1428 72 141
1429 72 144
1430 72 181
1431 72 187
1432 72 204
1433 72 226
1434 72 264
1435 72 277
1436 73 102
1437 73 121
1438 73 218
1439 73 258
1440 73 266
1441 73 282
1442 73 288
1443 73 289
1444 74 82
1445 75 76
1446 75 85
1447 75 89
1448 75 98
1449 75 99
1450 75 105
1451 75 110
1452 75 119
1453 75 129
1454 75 137
1455 75 138
1456 75 141
1457 75 144
1458 75 145
1459 75 151
1460 75 155
1461 75 157
1462 75 168
1463 75 169
1464 75 176
1465 75 192
1466 75 202
1467 75 226
1468 75 229
1469 75 235
1470 75 243
1471 75 253
1472 75 262
1473 75 263
1474 75 264
1475 75 267
1476 75 284
1477 75 286
1478 75 287
1479 76 85
1480 76 89
1481 76 98
1482 76 99
1483 76 105
1484 76 110
1485 76 119
1486 76 120
1487 76 129
1488 76 137
1489 76 138
1490 76 141
1491 76 144
1492 76 145
1493 76 151
1494 76 155
1495 76 157
1496 76 168
1497 76 176
1498 76 192
1499 76 202
1500 76 226
1501 76 235
1502 76 236
1503 76 243
1504 76 253
1505 76 262
1506 76 263
1507 76 264
1508 76 267
1509 76 284
1510 76 286
1511 76 287
1512 77 96
1513 77 103
1514 77 123
1515 77 125
1516 77 164
1517 77 174
1518 77 177
1519 77 197
1520 77 200
1521 77 207
1522 77 210
1523 77 242
1524 77 247
1525 77 252
1526 77 271
1527 77 274
1528 77 295
1529 77 297
1530 77 301
1531 78 224
1532 78 304
1533 80 156
1534 80 158
1535 80 176
1536 81 92
1537 81 107
1538 81 114
1539 81 149
1540 81 170
1541 81 171
1542 81 219
1543 81 255
1544 81 259
1545 81 260
1546 81 281
1547 81 292
1548 82 273
1549 83 309
1550 84 166
1551 84 216
1552 84 228
1553 84 290
1554 85 89
1555 85 98
1556 85 99
1557 85 100
1558 85 105
1559 85 110
1560 85 119
1561 85 120
1562 85 127
1563 85 129
1564 85 137
1565 85 138
1566 85 140
1567 85 141
1568 85 144
1569 85 145
1570 85 151
1571 85 155
1572 85 157
1573 85 168
1574 85 169
1575 85 176
1576 85 181
1577 85 187
1578 85 192
1579 85 202
1580 85 226
1581 85 229
1582 85 233
1583 85 235
1584 85 236
1585 85 243
1586 85 253
1587 85 262
1588 85 263
1589 85 264
1590 85 267
1591 85 277
1592 85 284
1593 85 286
1594 85 287
1595 86 97
1596 86 106
1597 86 107
1598 86 114
1599 86 116
1600 86 130
1601 86 150
1602 86 171
1603 86 183
1604 86 198
1605 86 219
1606 86 260
1607 86 278
1608 87 109
1609 87 111
1610 87 122
1611 87 124
1612 87 135
1613 87 147
1614 87 148
1615 87 153
1616 87 154
1617 87 159
1618 87 165
1619 87 173
1620 87 180
1621 87 186
1622 87 189
1623 87 190
1624 87 193
1625 87 195
1626 87 196
1627 87 199
1628 87 201
1629 87 206
1630 87 212
1631 87 214
1632 87 221
1633 87 225
1634 87 227
1635 87 237
1636 87 238
1637 87 241
1638 87 248
1639 87 254
1640 87 265
1641 87 283
1642 87 294
1643 87 302
1644 88 90
1645 88 93
1646 88 126
1647 88 160
1648 88 161
1649 88 209
1650 88 211
1651 88 215
1652 88 222
1653 88 280
1654 88 291
1655 88 308
1656 89 98
1657 89 99
1658 89 105
1659 89 110
1660 89 119
1661 89 120
1662 89 129
1663 89 137
1664 89 138
1665 89 141
1666 89 144
1667 89 145
1668 89 151
1669 89 155
1670 89 157
1671 89 168
1672 89 176
1673 89 192
1674 89 202
1675 89 226
1676 89 229
1677 89 235
1678 89 236
1679 89 243
1680 89 253
1681 89 262
1682 89 263
1683 89 264
1684 89 267
1685 89 284
1686 89 286
1687 89 287
1688 90 93
1689 90 95
1690 90 101
1691 90 108
1692 90 117
1693 90 126
1694 90 152
1695 90 160
1696 90 161
1697 90 162
1698 90 179
1699 90 191
1700 90 209
1701 90 213
1702 90 217
1703 90 240
1704 90 269
1705 90 272
1706 90 280
1707 90 291
1708 91 131
1709 91 136
1710 91 166
1711 91 230
1712 91 290
1713 91 299
1714 91 310
1715 92 107
1716 92 114
1717 92 149
1718 92 150
1719 92 170
1720 92 219
1721 92 255
1722 92 259
1723 92 260
1724 92 281
1725 93 95
1726 93 108
1727 93 126
1728 93 152
1729 93 160
1730 93 161
1731 93 162
1732 93 179
1733 93 194
1734 93 209
1735 93 211
1736 93 213
1737 93 215
1738 93 217
1739 93 222
1740 93 269
1741 93 275
1742 93 280
1743 93 291
1744 93 308
1745 94 277
1746 95 108
1747 95 126
1748 95 152
1749 95 160
1750 95 162
1751 95 163
1752 95 184
1753 95 194
1754 95 208
1755 95 209
1756 95 213
1757 95 250
1758 95 269
1759 95 270
1760 95 272
1761 95 275
1762 95 279
1763 95 280
1764 95 293
1765 95 303
1766 96 103
1767 96 123
1768 96 164
1769 96 174
1770 96 177
1771 96 197
1772 96 200
1773 96 207
1774 96 210
1775 96 242
1776 96 247
1777 96 252
1778 96 271
1779 96 301
1780 97 106
1781 97 107
1782 97 114
1783 97 116
1784 97 130
1785 97 143
1786 97 150
1787 97 167
1788 97 171
1789 97 183
1790 97 185
1791 97 198
1792 97 219
1793 97 245
1794 97 260
1795 97 278
1796 97 292
1797 98 99
1798 98 105
1799 98 110
1800 98 119
1801 98 129
1802 98 137
1803 98 138
1804 98 140
1805 98 141
1806 98 144
1807 98 151
1808 98 155
1809 98 157
1810 98 168
1811 98 176
1812 98 187
1813 98 192
1814 98 202
1815 98 226
1816 98 229
1817 98 235
1818 98 236
1819 98 243
1820 98 253
1821 98 262
1822 98 263
1823 98 264
1824 98 267
1825 98 284
1826 98 286
1827 98 287
1828 99 100
1829 99 105
1830 99 110
1831 99 119
1832 99 127
1833 99 129
1834 99 138
1835 99 140
1836 99 141
1837 99 144
1838 99 151
1839 99 155
1840 99 157
1841 99 168
1842 99 187
1843 99 202
1844 99 226
1845 99 235
1846 99 236
1847 99 243
1848 99 253
1849 99 262
1850 99 263
1851 99 264
1852 99 267
1853 99 277
1854 99 284
1855 99 286
1856 99 287
1857 100 119
1858 100 127
1859 100 138
1860 100 140
1861 100 144
1862 100 157
1863 100 176
1864 100 181
1865 100 187
1866 100 202
1867 100 204
1868 100 226
1869 100 263
1870 100 264
1871 100 277
1872 101 108
1873 101 117
1874 101 126
1875 101 160
1876 101 162
1877 101 179
1878 101 191
1879 101 209
1880 101 213
1881 101 217
1882 101 240
1883 101 269
1884 101 272
1885 101 280
1886 101 291
1887 102 121
1888 102 218
1889 102 258
1890 102 266
1891 102 282
1892 102 288
1893 102 289
1894 103 123
1895 103 164
1896 103 174
1897 103 177
1898 103 197
1899 103 200
1900 103 207
1901 103 210
1902 103 242
1903 103 247
1904 103 252
1905 103 271
1906 103 301
1907 104 115
1908 104 220
1909 104 246
1910 104 312
1911 105 110
1912 105 119
1913 105 120
1914 105 129
1915 105 137
1916 105 138
1917 105 141
1918 105 144
1919 105 145
1920 105 151
1921 105 155
1922 105 157
1923 105 168
1924 105 192
1925 105 202
1926 105 226
1927 105 229
1928 105 235
1929 105 236
1930 105 253
1931 105 262
1932 105 263
1933 105 264
1934 105 267
1935 105 286
1936 105 287
1937 106 107
1938 106 114
1939 106 130
1940 106 143
1941 106 150
1942 106 167
1943 106 171
1944 106 183
1945 106 185
1946 106 219
1947 106 245
1948 106 260
1949 106 278
1950 106 292
1951 107 114
1952 107 116
1953 107 130
1954 107 143
1955 107 149
1956 107 150
1957 107 167
1958 107 170
1959 107 171
1960 107 183
1961 107 185
1962 107 219
1963 107 245
1964 107 255
1965 107 259
1966 107 260
1967 107 278
1968 107 281
1969 107 292
1970 108 117
1971 108 126
1972 108 152
1973 108 160
1974 108 162
1975 108 179
1976 108 191
1977 108 194
1978 108 209
1979 108 213
1980 108 217
1981 108 240
1982 108 269
1983 108 272
1984 108 280
1985 108 291
1986 109 111
1987 109 122
1988 109 124
1989 109 135
1990 109 147
1991 109 148
1992 109 153
1993 109 154
1994 109 159
1995 109 165
1996 109 173
1997 109 180
1998 109 186
1999 109 189
2000 109 190
2001 109 193
2002 109 195
2003 109 196
2004 109 199
2005 109 201
2006 109 206
2007 109 212
2008 109 214
2009 109 221
2010 109 225
2011 109 227
2012 109 237
2013 109 238
2014 109 241
2015 109 248
2016 109 254
2017 109 265
2018 109 283
2019 109 294
2020 109 302
2021 110 119
2022 110 120
2023 110 129
2024 110 137
2025 110 138
2026 110 141
2027 110 144
2028 110 145
2029 110 151
2030 110 155
2031 110 157
2032 110 168
2033 110 192
2034 110 202
2035 110 226
2036 110 235
2037 110 243
2038 110 253
2039 110 262
2040 110 263
2041 110 264
2042 110 267
2043 110 287
2044 111 122
2045 111 124
2046 111 135
2047 111 147
2048 111 148
2049 111 153
2050 111 154
2051 111 159
2052 111 165
2053 111 173
2054 111 180
2055 111 186
2056 111 189
2057 111 190
2058 111 193
2059 111 195
2060 111 196
2061 111 199
2062 111 201
2063 111 206
2064 111 212
2065 111 214
2066 111 221
2067 111 225
2068 111 227
2069 111 237
2070 111 238
2071 111 241
2072 111 248
2073 111 254
2074 111 265
2075 111 283
2076 111 294
2077 111 302
2078 114 116
2079 114 130
2080 114 143
2081 114 149
2082 114 150
2083 114 167
2084 114 171
2085 114 183
2086 114 185
2087 114 219
2088 114 245
2089 114 255
2090 114 259
2091 114 260
2092 114 278
2093 114 281
2094 114 292
2095 115 220
2096 115 246
2097 115 312
2098 116 150
2099 116 183
2100 116 198
2101 116 260
2102 116 278
2103 117 126
2104 117 160
2105 117 162
2106 117 179
2107 117 191
2108 117 209
2109 117 213
2110 117 217
2111 117 240
2112 117 269
2113 117 272
2114 117 275
2115 117 280
2116 117 291
2117 118 128
2118 118 134
2119 118 175
2120 118 188
2121 118 275
2122 118 279
2123 119 120
2124 119 127
2125 119 129
2126 119 137
2127 119 138
2128 119 140
2129 119 141
2130 119 144
2131 119 145
2132 119 151
2133 119 155
2134 119 157
2135 119 158
2136 119 168
2137 119 169
2138 119 176
2139 119 181
2140 119 187
2141 119 192
2142 119 202
2143 119 216
2144 119 226
2145 119 229
2146 119 235
2147 119 236
2148 119 243
2149 119 253
2150 119 262
2151 119 263
2152 119 264
2153 119 267
2154 119 277
2155 119 284
2156 119 286
2157 119 287
2158 120 129
2159 120 137
2160 120 138
2161 120 141
2162 120 144
2163 120 145
2164 120 151
2165 120 155
2166 120 157
2167 120 168
2168 120 192
2169 120 202
2170 120 226
2171 120 253
2172 120 264
2173 120 267
2174 121 218
2175 121 258
2176 121 266
2177 121 282
2178 121 288
2179 121 289
2180 122 124
2181 122 135
2182 122 147
2183 122 148
2184 122 153
2185 122 154
2186 122 159
2187 122 165
2188 122 173
2189 122 180
2190 122 186
2191 122 189
2192 122 190
2193 122 193
2194 122 195
2195 122 196
2196 122 199
2197 122 201
2198 122 206
2199 122 212
2200 122 214
2201 122 221
2202 122 225
2203 122 227
2204 122 237
2205 122 238
2206 122 241
2207 122 248
2208 122 254
2209 122 265
2210 122 283
2211 122 294
2212 122 302
2213 123 164
2214 123 174
2215 123 177
2216 123 197
2217 123 200
2218 123 207
2219 123 210
2220 123 242
2221 123 247
2222 123 252
2223 123 271
2224 123 301
2225 124 135
2226 124 147
2227 124 148
2228 124 153
2229 124 154
2230 124 159
2231 124 165
2232 124 173
2233 124 180
2234 124 186
2235 124 189
2236 124 190
2237 124 193
2238 124 195
2239 124 196
2240 124 199
2241 124 201
2242 124 206
2243 124 212
2244 124 214
2245 124 221
2246 124 225
2247 124 227
2248 124 237
2249 124 238
2250 124 241
2251 124 248
2252 124 254
2253 124 265
2254 124 283
2255 124 294
2256 124 302
2257 125 200
2258 125 207
2259 125 274
2260 126 160
2261 126 161
2262 126 162
2263 126 179
2264 126 191
2265 126 209
2266 126 211
2267 126 213
2268 126 215
2269 126 217
2270 126 222
2271 126 240
2272 126 269
2273 126 272
2274 126 280
2275 126 291
2276 126 308
2277 127 138
2278 127 140
2279 127 144
2280 127 176
2281 127 181
2282 127 187
2283 127 202
2284 127 204
2285 127 226
2286 127 262
2287 127 263
2288 127 264
2289 127 277
2290 128 134
2291 128 175
2292 128 188
2293 129 137
2294 129 138
2295 129 141
2296 129 144
2297 129 145
2298 129 151
2299 129 155
2300 129 157
2301 129 168
2302 129 192
2303 129 202
2304 129 226
2305 129 235
2306 129 236
2307 129 243
2308 129 253
2309 129 262
2310 129 263
2311 129 264
2312 129 267
2313 129 286
2314 129 287
2315 130 143
2316 130 150
2317 130 167
2318 130 171
2319 130 183
2320 130 185
2321 130 219
2322 130 245
2323 130 260
2324 130 278
2325 130 292
2326 131 166
2327 131 216
2328 131 230
2329 131 290
2330 131 299
2331 131 310
2332 133 273
2333 134 175
2334 134 188
2335 135 147
2336 135 148
2337 135 153
2338 135 154
2339 135 159
2340 135 165
2341 135 173
2342 135 180
2343 135 186
2344 135 189
2345 135 190
2346 135 193
2347 135 195
2348 135 196
2349 135 199
2350 135 201
2351 135 206
2352 135 212
2353 135 214
2354 135 221
2355 135 225
2356 135 227
2357 135 237
2358 135 238
2359 135 241
2360 135 248
2361 135 254
2362 135 265
2363 135 283
2364 135 294
2365 135 302
2366 136 166
2367 136 290
2368 136 299
2369 137 138
2370 137 141
2371 137 144
2372 137 145
2373 137 151
2374 137 155
2375 137 157
2376 137 168
2377 137 192
2378 137 202
2379 137 226
2380 137 235
2381 137 243
2382 137 253
2383 137 264
2384 137 267
2385 137 286
2386 137 287
2387 138 140
2388 138 141
2389 138 144
2390 138 145
2391 138 151
2392 138 155
2393 138 157
2394 138 168
2395 138 169
2396 138 176
2397 138 181
2398 138 187
2399 138 192
2400 138 202
2401 138 226
2402 138 229
2403 138 233
2404 138 235
2405 138 236
2406 138 243
2407 138 253
2408 138 262
2409 138 263
2410 138 264
2411 138 267
2412 138 277
2413 138 284
2414 138 286
2415 138 287
2416 139 203
2417 139 261
2418 139 268
2419 139 276
2420 139 296
2421 140 144
2422 140 157
2423 140 176
2424 140 181
2425 140 187
2426 140 202
2427 140 204
2428 140 226
2429 140 253
2430 140 262
2431 140 263
2432 140 264
2433 140 277
2434 140 286
2435 141 144
2436 141 145
2437 141 151
2438 141 155
2439 141 157
2440 141 168
2441 141 176
2442 141 181
2443 141 192
2444 141 202
2445 141 226
2446 141 229
2447 141 235
2448 141 236
2449 141 243
2450 141 253
2451 141 262
2452 141 263
2453 141 264
2454 141 267
2455 141 277
2456 141 286
2457 141 287
2458 142 244
2459 142 249
2460 143 150
2461 143 167
2462 143 171
2463 143 185
2464 143 219
2465 143 260
2466 143 292
2467 144 145
2468 144 151
2469 144 155
2470 144 157
2471 144 168
2472 144 169
2473 144 176
2474 144 181
2475 144 192
2476 144 202
2477 144 226
2478 144 229
2479 144 235
2480 144 236
2481 144 243
2482 144 253
2483 144 262
2484 144 263
2485 144 264
2486 144 267
2487 144 277
2488 144 284
2489 144 286
2490 144 287
2491 145 151
2492 145 155
2493 145 157
2494 145 168
2495 145 192
2496 145 202
2497 145 226
2498 145 235
2499 145 253
2500 145 264
2501 145 267
2502 145 287
2503 146 156
2504 146 158
2505 146 176
2506 147 148
2507 147 153
2508 147 154
2509 147 159
2510 147 165
2511 147 173
2512 147 180
2513 147 186
2514 147 189
2515 147 190
2516 147 193
2517 147 195
2518 147 196
2519 147 199
2520 147 201
2521 147 206
2522 147 212
2523 147 214
2524 147 221
2525 147 225
2526 147 227
2527 147 237
2528 147 238
2529 147 241
2530 147 248
2531 147 254
2532 147 265
2533 147 283
2534 147 294
2535 147 302
2536 148 153
2537 148 154
2538 148 159
2539 148 165
2540 148 173
2541 148 180
2542 148 186
2543 148 189
2544 148 190
2545 148 193
2546 148 195
2547 148 196
2548 148 199
2549 148 201
2550 148 206
2551 148 212
2552 148 214
2553 148 221
2554 148 225
2555 148 227
2556 148 237
2557 148 238
2558 148 241
2559 148 248
2560 148 254
2561 148 265
2562 148 283
2563 148 294
2564 148 302
2565 149 170
2566 149 171
2567 149 219
2568 149 255
2569 149 259
2570 149 260
2571 149 281
2572 149 292
2573 150 167
2574 150 171
2575 150 183
2576 150 185
2577 150 219
2578 150 245
2579 150 255
2580 150 260
2581 150 278
2582 150 292
2583 151 155
2584 151 157
2585 151 168
2586 151 192
2587 151 202
2588 151 226
2589 151 235
2590 151 236
2591 151 243
2592 151 253
2593 151 262
2594 151 263
2595 151 264
2596 151 267
2597 151 286
2598 151 287
2599 152 163
2600 152 175
2601 152 184
2602 152 194
2603 152 205
2604 152 208
2605 152 209
2606 152 213
2607 152 250
2608 152 270
2609 152 275
2610 152 279
2611 152 293
2612 152 303
2613 153 154
2614 153 159
2615 153 165
2616 153 173
2617 153 180
2618 153 186
2619 153 189
2620 153 190
2621 153 193
2622 153 195
2623 153 196
2624 153 199
2625 153 201
2626 153 206
2627 153 212
2628 153 214
2629 153 221
2630 153 225
2631 153 227
2632 153 237
2633 153 238
2634 153 241
2635 153 248
2636 153 254
2637 153 265
2638 153 283
2639 153 294
2640 153 302
2641 154 159
2642 154 165
2643 154 173
2644 154 180
2645 154 186
2646 154 189
2647 154 190
2648 154 193
2649 154 195
2650 154 196
2651 154 199
2652 154 201
2653 154 206
2654 154 212
2655 154 214
2656 154 221
2657 154 225
2658 154 227
2659 154 237
2660 154 238
2661 154 241
2662 154 248
2663 154 254
2664 154 265
2665 154 283
2666 154 294
2667 154 302
2668 155 157
2669 155 168
2670 155 176
2671 155 192
2672 155 202
2673 155 226
2674 155 229
2675 155 235
2676 155 236
2677 155 243
2678 155 253
2679 155 262
2680 155 263
2681 155 264
2682 155 267
2683 155 286
2684 155 287
2685 156 158
2686 156 176
2687 157 168
2688 157 176
2689 157 192
2690 157 202
2691 157 226
2692 157 229
2693 157 235
2694 157 243
2695 157 253
2696 157 262
2697 157 263
2698 157 264
2699 157 267
2700 157 277
2701 157 286
2702 157 287
2703 158 176
2704 159 165
2705 159 173
2706 159 180
2707 159 186
2708 159 189
2709 159 190
2710 159 193
2711 159 195
2712 159 196
2713 159 199
2714 159 201
2715 159 206
2716 159 212
2717 159 214
2718 159 221
2719 159 225
2720 159 227
2721 159 237
2722 159 238
2723 159 241
2724 159 248
2725 159 254
2726 159 265
2727 159 283
2728 159 294
2729 159 302
2730 160 161
2731 160 162
2732 160 179
2733 160 191
2734 160 194
2735 160 209
2736 160 211
2737 160 213
2738 160 215
2739 160 217
2740 160 222
2741 160 269
2742 160 272
2743 160 280
2744 160 291
2745 160 308
2746 161 211
2747 161 215
2748 161 222
2749 161 280
2750 161 291
2751 161 308
2752 162 179
2753 162 191
2754 162 209
2755 162 213
2756 162 217
2757 162 240
2758 162 269
2759 162 272
2760 162 280
2761 162 291
2762 163 184
2763 163 194
2764 163 250
2765 163 275
2766 164 174
2767 164 177
2768 164 197
2769 164 200
2770 164 207
2771 164 210
2772 164 242
2773 164 247
2774 164 252
2775 164 271
2776 164 301
2777 165 173
2778 165 180
2779 165 186
2780 165 189
2781 165 190
2782 165 193
2783 165 195
2784 165 196
2785 165 199
2786 165 201
2787 165 206
2788 165 212
2789 165 214
2790 165 221
2791 165 225
2792 165 227
2793 165 237
2794 165 238
2795 165 241
2796 165 248
2797 165 254
2798 165 265
2799 165 283
2800 165 294
2801 165 302
2802 166 169
2803 166 176
2804 166 216
2805 166 230
2806 166 290
2807 166 299
2808 166 310
2809 167 171
2810 167 183
2811 167 185
2812 167 219
2813 167 245
2814 167 260
2815 167 278
2816 167 292
2817 168 176
2818 168 192
2819 168 202
2820 168 226
2821 168 229
2822 168 235
2823 168 236
2824 168 243
2825 168 253
2826 168 262
2827 168 263
2828 168 264
2829 168 267
2830 168 286
2831 168 287
2832 169 176
2833 169 216
2834 169 233
2835 169 253
2836 169 290
2837 170 171
2838 170 219
2839 170 255
2840 170 259
2841 170 281
2842 171 183
2843 171 185
2844 171 219
2845 171 245
2846 171 255
2847 171 259
2848 171 260
2849 171 278
2850 171 281
2851 171 292
2852 173 180
2853 173 186
2854 173 189
2855 173 190
2856 173 193
2857 173 195
2858 173 196
2859 173 199
2860 173 201
2861 173 206
2862 173 212
2863 173 214
2864 173 221
2865 173 225
2866 173 227
2867 173 237
2868 173 238
2869 173 241
2870 173 248
2871 173 254
2872 173 265
2873 173 283
2874 173 294
2875 173 302
2876 174 177
2877 174 197
2878 174 200
2879 174 207
2880 174 210
2881 174 242
2882 174 247
2883 174 252
2884 174 271
2885 174 301
2886 175 188
2887 176 202
2888 176 216
2889 176 226
2890 176 233
2891 176 236
2892 176 253
2893 176 262
2894 176 263
2895 176 264
2896 176 277
2897 176 286
2898 176 287
2899 176 290
2900 177 197
2901 177 200
2902 177 207
2903 177 210
2904 177 242
2905 177 247
2906 177 252
2907 177 271
2908 177 301
2909 179 191
2910 179 209
2911 179 213
2912 179 217
2913 179 240
2914 179 269
2915 179 272
2916 179 280
2917 179 291
2918 180 186
2919 180 189
2920 180 190
2921 180 193
2922 180 195
2923 180 196
2924 180 199
2925 180 201
2926 180 206
2927 180 212
2928 180 214
2929 180 221
2930 180 225
2931 180 227
2932 180 237
2933 180 238
2934 180 241
2935 180 248
2936 180 254
2937 180 265
2938 180 283
2939 180 294
2940 180 302
2941 181 187
2942 181 204
2943 181 226
2944 181 264
2945 181 277
2946 183 198
2947 183 219
2948 183 245
2949 183 260
2950 183 278
2951 183 292
2952 184 194
2953 184 250
2954 184 275
2955 184 293
2956 185 219
2957 185 245
2958 185 260
2959 185 278
2960 185 292
2961 186 189
2962 186 190
2963 186 193
2964 186 195
2965 186 196
2966 186 199
2967 186 201
2968 186 206
2969 186 212
2970 186 214
2971 186 221
2972 186 225
2973 186 227
2974 186 237
2975 186 238
2976 186 241
2977 186 248
2978 186 254
2979 186 265
2980 186 283
2981 186 294
2982 186 302
2983 187 204
2984 187 226
2985 187 253
2986 187 262
2987 187 263
2988 187 264
2989 187 277
2990 187 286
2991 188 194
2992 188 275
2993 189 190
2994 189 193
2995 189 195
2996 189 196
2997 189 199
2998 189 201
2999 189 206
3000 189 212
3001 189 214
3002 189 221
3003 189 225
3004 189 227
3005 189 237
3006 189 238
3007 189 241
3008 189 248
3009 189 254
3010 189 265
3011 189 283
3012 189 294
3013 189 302
3014 190 193
3015 190 195
3016 190 196
3017 190 199
3018 190 201
3019 190 206
3020 190 212
3021 190 214
3022 190 221
3023 190 225
3024 190 227
3025 190 237
3026 190 238
3027 190 241
3028 190 248
3029 190 254
3030 190 265
3031 190 283
3032 190 294
3033 190 302
3034 191 209
3035 191 213
3036 191 217
3037 191 240
3038 191 269
3039 191 272
3040 191 280
3041 192 202
3042 192 226
3043 192 229
3044 192 236
3045 192 243
3046 192 253
3047 192 262
3048 192 263
3049 192 264
3050 192 267
3051 192 286
3052 192 287
3053 193 195
3054 193 196
3055 193 199
3056 193 201
3057 193 206
3058 193 212
3059 193 214
3060 193 221
3061 193 225
3062 193 227
3063 193 237
3064 193 238
3065 193 241
3066 193 248
3067 193 254
3068 193 265
3069 193 283
3070 193 294
3071 193 302
3072 194 208
3073 194 209
3074 194 250
3075 194 270
3076 194 275
3077 194 279
3078 194 291
3079 194 293
3080 194 303
3081 195 196
3082 195 199
3083 195 201
3084 195 206
3085 195 212
3086 195 214
3087 195 221
3088 195 225
3089 195 227
3090 195 237
3091 195 238
3092 195 241
3093 195 248
3094 195 254
3095 195 265
3096 195 283
3097 195 294
3098 195 302
3099 196 199
3100 196 201
3101 196 206
3102 196 212
3103 196 214
3104 196 221
3105 196 225
3106 196 227
3107 196 237
3108 196 238
3109 196 241
3110 196 248
3111 196 254
3112 196 265
3113 196 283
3114 196 294
3115 196 302
3116 197 200
3117 197 207
3118 197 210
3119 197 242
3120 197 247
3121 197 252
3122 197 271
3123 197 301
3124 198 278
3125 198 292
3126 199 201
3127 199 206
3128 199 212
3129 199 214
3130 199 221
3131 199 225
3132 199 227
3133 199 237
3134 199 238
3135 199 241
3136 199 248
3137 199 254
3138 199 265
3139 199 283
3140 199 294
3141 199 302
3142 200 207
3143 200 210
3144 200 242
3145 200 247
3146 200 252
3147 200 271
3148 200 274
3149 200 295
3150 200 297
3151 200 301
3152 201 206
3153 201 212
3154 201 214
3155 201 221
3156 201 225
3157 201 227
3158 201 237
3159 201 238
3160 201 241
3161 201 248
3162 201 254
3163 201 265
3164 201 283
3165 201 294
3166 201 302
3167 202 226
3168 202 229
3169 202 233
3170 202 235
3171 202 236
3172 202 243
3173 202 253
3174 202 262
3175 202 263
3176 202 264
3177 202 267
3178 202 277
3179 202 286
3180 202 287
3181 203 261
3182 203 268
3183 203 276
3184 203 296
3185 204 277
3186 205 279
3187 206 212
3188 206 214
3189 206 221
3190 206 225
3191 206 227
3192 206 237
3193 206 238
3194 206 241
3195 206 248
3196 206 254
3197 206 265
3198 206 283
3199 206 294
3200 206 302
3201 207 210
3202 207 242
3203 207 247
3204 207 252
3205 207 271
3206 207 274
3207 207 295
3208 207 297
3209 207 301
3210 208 250
3211 208 270
3212 208 275
3213 208 279
3214 208 303
3215 209 213
3216 209 217
3217 209 240
3218 209 269
3219 209 272
3220 209 280
3221 209 291
3222 210 242
3223 210 247
3224 210 252
3225 210 271
3226 210 301
3227 211 215
3228 211 222
3229 211 280
3230 211 291
3231 211 308
3232 212 214
3233 212 221
3234 212 225
3235 212 227
3236 212 237
3237 212 238
3238 212 241
3239 212 248
3240 212 254
3241 212 265
3242 212 283
3243 212 294
3244 212 302
3245 213 217
3246 213 240
3247 213 269
3248 213 272
3249 213 275
3250 213 280
3251 213 291
3252 214 221
3253 214 225
3254 214 227
3255 214 237
3256 214 238
3257 214 241
3258 214 248
3259 214 254
3260 214 265
3261 214 283
3262 214 294
3263 214 302
3264 215 222
3265 215 280
3266 215 291
3267 215 308
3268 216 228
3269 216 230
3270 216 233
3271 216 290
3272 217 240
3273 217 269
3274 217 272
3275 217 275
3276 217 280
3277 217 291
3278 218 258
3279 218 266
3280 218 282
3281 218 288
3282 218 289
3283 219 245
3284 219 255
3285 219 259
3286 219 260
3287 219 278
3288 219 281
3289 219 292
3290 220 246
3291 220 312
3292 221 225
3293 221 227
3294 221 237
3295 221 238
3296 221 241
3297 221 248
3298 221 254
3299 221 265
3300 221 283
3301 221 294
3302 221 302
3303 222 280
3304 222 291
3305 222 308
3306 223 234
3307 224 304
3308 225 227
3309 225 237
3310 225 238
3311 225 241
3312 225 248
3313 225 254
3314 225 265
3315 225 283
3316 225 294
3317 225 302
3318 226 229
3319 226 233
3320 226 235
3321 226 236
3322 226 243
3323 226 253
3324 226 262
3325 226 263
3326 226 264
3327 226 267
3328 226 277
3329 226 286
3330 226 287
3331 227 237
3332 227 238
3333 227 241
3334 227 248
3335 227 254
3336 227 265
3337 227 283
3338 227 294
3339 227 302
3340 229 235
3341 229 236
3342 229 253
3343 229 262
3344 229 263
3345 229 264
3346 229 267
3347 229 286
3348 229 287
3349 230 290
3350 230 299
3351 230 310
3352 232 285
3353 233 264
3354 235 236
3355 235 243
3356 235 253
3357 235 262
3358 235 263
3359 235 264
3360 235 267
3361 235 284
3362 235 286
3363 235 287
3364 236 243
3365 236 253
3366 236 262
3367 236 263
3368 236 264
3369 236 267
3370 236 286
3371 236 287
3372 237 238
3373 237 241
3374 237 248
3375 237 254
3376 237 265
3377 237 283
3378 237 294
3379 237 302
3380 238 241
3381 238 248
3382 238 254
3383 238 265
3384 238 283
3385 238 294
3386 238 302
3387 239 257
3388 240 269
3389 240 272
3390 240 280
3391 241 248
3392 241 254
3393 241 265
3394 241 283
3395 241 294
3396 241 302
3397 242 247
3398 242 252
3399 242 271
3400 242 295
3401 242 297
3402 242 301
3403 243 253
3404 243 262
3405 243 263
3406 243 264
3407 243 286
3408 243 287
3409 244 249
3410 245 260
3411 245 278
3412 245 292
3413 246 312
3414 247 252
3415 247 271
3416 247 301
3417 248 254
3418 248 265
3419 248 283
3420 248 294
3421 248 302
3422 250 270
3423 250 275
3424 250 279
3425 250 293
3426 250 303
3427 252 271
3428 252 301
3429 253 262
3430 253 263
3431 253 264
3432 253 267
3433 253 284
3434 253 286
3435 253 287
3436 254 265
3437 254 283
3438 254 294
3439 254 302
3440 255 259
3441 255 260
3442 255 281
3443 255 292
3444 258 266
3445 258 282
3446 258 288
3447 258 289
3448 259 260
3449 259 281
3450 259 292
3451 260 278
3452 260 281
3453 260 292
3454 261 268
3455 261 276
3456 261 296
3457 262 263
3458 262 264
3459 262 267
3460 262 286
3461 262 287
3462 263 264
3463 263 267
3464 263 286
3465 263 287
3466 264 267
3467 264 277
3468 264 284
3469 264 286
3470 264 287
3471 265 283
3472 265 294
3473 265 302
3474 266 282
3475 266 288
3476 266 289
3477 267 286
3478 267 287
3479 268 276
3480 268 296
3481 269 272
3482 269 280
3483 269 291
3484 270 275
3485 270 279
3486 270 303
3487 271 274
3488 271 301
3489 272 280
3490 272 291
3491 274 301
3492 275 279
3493 275 293
3494 275 303
3495 276 296
3496 278 292
3497 279 303
3498 280 291
3499 280 308
3500 281 292
3501 282 288
3502 282 289
3503 283 294
3504 283 302
3505 284 286
3506 284 287
3507 286 287
3508 288 289
3509 290 299
3510 290 310
3511 291 308
3512 294 302
3513 295 297
3514 295 301
3515 297 301
3516 299 310
