1 1 2
2 1 3
3 1 4
4 1 5
5 1 6
6 1 7
7 1 8
8 1 9
9 1 21
10 1 22
11 1 23
12 1 24
13 1 25
14 1 26
15 1 27
16 1 28
17 1 29
18 1 30
19 1 31
20 1 32
21 1 33
22 1 34
23 1 35
24 1 36
25 1 37
26 1 38
27 1 39
28 1 40
29 1 41
30 1 42
31 1 43
32 2 3
33 2 4
34 2 5
35 2 6
36 2 7
37 2 8
38 2 9
39 2 10
40 2 20
41 2 21
42 2 22
43 2 23
44 2 24
45 2 25
46 2 26
47 2 27
48 2 28
49 2 29
50 2 30
51 2 31
52 2 32
53 2 33
54 2 34
55 2 35
56 2 36
57 2 37
58 2 38
59 2 39
60 2 40
61 2 41
62 2 42
63 2 43
64 3 4
65 3 5
66 3 6
67 3 7
68 3 8
69 3 9
70 3 10
71 3 28
72 3 29
73 3 30
74 3 31
75 3 32
76 3 33
77 3 34
78 3 35
79 3 36
80 3 37
81 3 38
82 3 39
83 3 40
84 3 41
85 3 42
86 3 43
87 4 5
88 4 6
89 4 7
90 4 8
91 4 9
92 4 10
93 4 28
94 4 29
95 4 30
96 4 31
97 4 32
98 4 33
99 4 34
100 4 35
101 4 36
102 4 37
103 4 38
104 4 39
105 4 40
106 4 41
107 4 42
108 4 43
109 5 6
110 5 7
111 5 8
112 5 9
113 5 10
114 5 29
115 5 30
116 5 31
117 5 32
118 5 33
119 5 34
120 5 35
121 5 36
122 5 37
123 5 38
124 5 39
125 5 40
126 5 41
127 5 42
128 5 43
129 6 7
130 6 8
131 6 9
132 6 10
133 6 29
134 6 30
135 6 31
136 6 32
137 6 33
138 6 34
139 6 35
140 6 36
141 6 37
142 6 38
143 6 39
144 6 40
145 6 41
146 6 42
147 6 43
148 7 8
149 7 9
150 7 10
151 7 31
152 7 32
153 7 33
154 7 34
155 7 35
156 7 36
157 7 37
158 7 38
159 7 39
160 7 40
161 7 41
162 7 42
163 7 43
164 8 9
165 8 10
166 8 36
167 8 37
168 8 38
169 8 39
170 8 40
171 8 41
172 8 42
173 8 43
174 9 10
175 9 17
176 9 38
177 9 39
178 9 40
179 9 41
180 9 42
181 10 17
182 10 18
183 10 41
184 10 42
185 11 16
186 12 13
187 12 14
188 12 15
189 13 14
190 13 15
191 14 15
192 17 18
193 17 19
194 17 20
195 17 21
196 17 22
197 17 23
198 17 24
199 18 19
200 18 20
201 18 21
202 18 22
203 18 23
204 18 24
205 18 25
206 18 26
207 19 20
208 19 21
209 19 22
210 19 23
211 19 24
212 19 25
213 19 26
214 19 27
215 19 28
216 20 21
217 20 22
218 20 23
219 20 24
220 20 25
221 20 26
222 20 27
223 20 28
224 20 29
225 20 30
226 20 65
227 21 22
228 21 23
229 21 24
230 21 25
231 21 26
232 21 27
233 21 28
234 21 29
235 21 30
236 21 65
237 21 66
238 22 23
239 22 24
240 22 25
241 22 26
242 22 27
243 22 28
244 22 29
245 22 30
246 22 31
247 22 32
248 22 65
249 22 66
250 22 67
251 23 24
252 23 25
253 23 26
254 23 27
255 23 28
256 23 29
257 23 30
258 23 31
259 23 32
260 23 65
261 23 66
262 23 67
263 23 68
264 24 25
265 24 26
266 24 27
267 24 28
268 24 29
269 24 30
270 24 31
271 24 32
272 24 33
273 24 34
274 24 65
275 24 66
276 24 67
277 24 68
278 25 26
279 25 27
280 25 28
281 25 29
282 25 30
283 25 31
284 25 32
285 25 33
286 25 34
287 25 35
288 25 36
289 25 43
290 25 65
291 25 66
292 25 67
293 25 68
294 25 69
295 25 70
296 26 27
297 26 28
298 26 29
299 26 30
300 26 31
301 26 32
302 26 33
303 26 34
304 26 35
305 26 36
306 26 37
307 26 38
308 26 39
309 26 43
310 26 66
311 26 67
312 26 68
313 26 69
314 26 70
315 26 71
316 27 28
317 27 29
318 27 30
319 27 31
320 27 32
321 27 33
322 27 34
323 27 35
324 27 36
325 27 37
326 27 38
327 27 39
328 27 40
329 27 41
330 27 42
331 27 43
332 27 67
333 27 68
334 27 69
335 27 70
336 27 71
337 28 29
338 28 30
339 28 31
340 28 32
341 28 33
342 28 34
343 28 35
344 28 36
345 28 37
346 28 38
347 28 39
348 28 40
349 28 41
350 28 42
351 28 43
352 28 68
353 28 69
354 28 70
355 28 71
356 29 30
357 29 31
358 29 32
359 29 33
360 29 34
361 29 35
362 29 36
363 29 37
364 29 38
365 29 39
366 29 40
367 29 41
368 29 42
369 29 43
370 29 69
371 29 70
372 29 71
373 30 31
374 30 32
375 30 33
376 30 34
377 30 35
378 30 36
379 30 37
380 30 38
381 30 39
382 30 40
383 30 41
384 30 42
385 30 43
386 30 70
387 30 71
388 30 74
389 31 32
390 31 33
391 31 34
392 31 35
393 31 36
394 31 37
395 31 38
396 31 39
397 31 40
398 31 41
399 31 42
400 31 43
401 31 71
402 31 74
403 31 75
404 32 33
405 32 34
406 32 35
407 32 36
408 32 37
409 32 38
410 32 39
411 32 40
412 32 41
413 32 42
414 32 43
415 32 71
416 32 74
417 32 75
418 32 76
419 33 34
420 33 35
421 33 36
422 33 37
423 33 38
424 33 39
425 33 40
426 33 41
427 33 42
428 33 43
429 33 74
430 33 75
431 33 76
432 33 77
433 34 35
434 34 36
435 34 37
436 34 38
437 34 39
438 34 40
439 34 41
440 34 42
441 34 43
442 34 74
443 34 75
444 34 76
445 34 77
446 35 36
447 35 37
448 35 38
449 35 39
450 35 40
451 35 41
452 35 42
453 35 43
454 35 74
455 35 75
456 35 76
457 35 77
458 36 37
459 36 38
460 36 39
461 36 40
462 36 41
463 36 42
464 36 43
465 36 74
466 36 75
467 36 76
468 36 77
469 37 38
470 37 39
471 37 40
472 37 41
473 37 42
474 37 43
475 37 75
476 37 76
477 37 77
478 38 39
479 38 40
480 38 41
481 38 42
482 38 43
483 38 76
484 38 77
485 39 40
486 39 41
487 39 42
488 39 43
489 39 77
490 40 41
491 40 42
492 40 43
493 41 42
494 41 43
495 42 43
496 43 74
497 43 75
498 43 77
499 43 84
500 44 45
501 44 46
502 44 47
503 44 81
504 44 82
505 44 83
506 44 85
507 44 86
508 44 123
509 44 124
510 45 46
511 45 47
512 45 48
513 45 81
514 45 82
515 45 83
516 45 85
517 45 86
518 45 124
519 46 47
520 46 48
521 46 83
522 46 85
523 46 86
524 47 48
525 47 49
526 48 49
527 51 91
528 51 92
529 52 53
530 53 54
531 54 55
532 54 94
533 54 95
534 54 96
535 55 56
536 55 95
537 55 96
538 55 97
539 56 96
540 56 97
541 56 98
542 58 99
543 59 60
544 59 100
545 60 61
546 60 101
547 60 102
548 61 62
549 61 63
550 61 64
551 61 102
552 61 103
553 61 104
554 62 63
555 62 64
556 62 102
557 62 103
558 62 104
559 62 105
560 63 64
561 63 65
562 63 103
563 63 104
564 63 105
565 64 65
566 64 66
567 64 104
568 64 105
569 64 106
570 64 107
571 65 66
572 65 67
573 65 68
574 65 69
575 65 107
576 65 108
577 66 67
578 66 68
579 66 69
580 66 70
581 66 107
582 66 108
583 66 109
584 67 68
585 67 69
586 67 70
587 67 71
588 67 107
589 67 108
590 67 109
591 67 110
592 68 69
593 68 70
594 68 71
595 68 107
596 68 108
597 68 109
598 68 110
599 68 111
600 69 70
601 69 71
602 69 72
603 69 109
604 69 110
605 69 111
606 70 71
607 70 72
608 70 74
609 70 110
610 70 111
611 71 72
612 71 73
613 71 74
614 71 75
615 71 111
616 72 73
617 72 74
618 72 75
619 72 111
620 72 112
621 72 113
622 72 114
623 72 115
624 73 74
625 73 75
626 73 76
627 73 113
628 73 114
629 73 115
630 73 116
631 74 75
632 74 76
633 74 77
634 74 115
635 74 116
636 75 76
637 75 77
638 75 78
639 75 115
640 75 116
641 75 117
642 75 118
643 76 77
644 76 78
645 76 79
646 76 115
647 76 116
648 76 117
649 76 118
650 77 78
651 77 79
652 77 80
653 77 116
654 77 117
655 77 118
656 78 79
657 78 80
658 78 81
659 78 117
660 78 118
661 78 119
662 78 120
663 79 80
664 79 81
665 79 82
666 79 118
667 79 119
668 79 120
669 80 81
670 80 82
671 80 83
672 80 120
673 81 82
674 81 83
675 81 123
676 82 83
677 82 123
678 82 124
679 83 85
680 83 123
681 83 124
682 84 125
683 85 86
684 85 123
685 85 124
686 86 87
687 86 123
688 86 124
689 87 88
690 87 127
691 87 128
692 88 89
693 90 91
694 91 92
695 92 93
696 93 94
697 93 133
698 94 95
699 94 96
700 95 96
701 96 97
702 97 98
703 99 100
704 100 101
705 101 142
706 102 103
707 102 104
708 102 105
709 102 143
710 102 144
711 103 104
712 103 105
713 103 106
714 103 144
715 103 145
716 103 146
717 104 105
718 104 106
719 104 145
720 104 146
721 105 106
722 105 146
723 105 147
724 106 107
725 106 146
726 106 147
727 106 148
728 107 108
729 107 109
730 107 110
731 107 148
732 107 149
733 108 109
734 108 110
735 108 111
736 108 149
737 108 150
738 109 110
739 109 111
740 109 149
741 109 150
742 109 151
743 110 111
744 110 112
745 110 151
746 110 152
747 111 112
748 111 113
749 111 151
750 111 152
751 112 113
752 112 114
753 112 152
754 112 153
755 113 114
756 113 115
757 113 153
758 113 154
759 114 115
760 114 116
761 114 154
762 114 155
763 114 156
764 115 116
765 115 117
766 115 118
767 115 156
768 116 117
769 116 118
770 116 156
771 116 157
772 116 158
773 117 118
774 117 119
775 117 157
776 117 158
777 117 159
778 118 119
779 118 120
780 118 158
781 118 159
782 119 120
783 119 121
784 119 158
785 119 159
786 119 160
787 119 161
788 120 121
789 120 161
790 120 162
791 121 122
792 121 161
793 121 162
794 121 163
795 122 123
796 122 124
797 122 162
798 122 163
799 122 164
800 123 124
801 123 163
802 125 166
803 126 127
804 126 165
805 126 167
806 127 128
807 127 168
808 131 132
809 131 172
810 132 133
811 132 172
812 133 134
813 134 135
814 134 136
815 134 174
816 135 136
817 135 137
818 136 137
819 136 138
820 137 138
821 138 139
822 141 182
823 142 143
824 142 184
825 143 144
826 143 145
827 143 184
828 143 185
829 144 145
830 144 184
831 144 185
832 144 186
833 145 146
834 145 184
835 145 185
836 145 186
837 145 187
838 146 147
839 146 148
840 146 187
841 146 188
842 147 148
843 147 149
844 147 188
845 147 189
846 148 149
847 148 150
848 148 188
849 148 189
850 148 190
851 149 150
852 149 151
853 149 188
854 149 189
855 149 190
856 149 191
857 150 151
858 150 152
859 150 190
860 150 191
861 150 192
862 151 152
863 151 191
864 151 192
865 151 193
866 152 153
867 152 192
868 152 193
869 153 154
870 153 193
871 153 194
872 154 155
873 154 194
874 154 195
875 155 156
876 155 195
877 155 196
878 156 157
879 156 158
880 156 197
881 157 158
882 157 159
883 157 197
884 157 198
885 158 159
886 158 160
887 158 198
888 158 199
889 159 160
890 159 161
891 159 199
892 159 200
893 160 161
894 160 162
895 160 200
896 160 201
897 161 162
898 161 201
899 161 202
900 162 163
901 163 164
902 164 165
903 164 204
904 164 205
905 165 206
906 166 207
907 167 168
908 167 206
909 167 208
910 167 209
911 168 169
912 168 209
913 168 210
914 169 210
915 170 171
916 170 211
917 171 172
918 172 173
919 173 174
920 174 175
921 175 176
922 175 177
923 176 177
924 176 178
925 177 178
926 177 179
927 178 179
928 179 180
929 184 185
930 184 186
931 184 224
932 184 225
933 184 226
934 185 186
935 185 187
936 185 225
937 185 226
938 185 227
939 186 187
940 186 225
941 186 226
942 186 227
943 187 188
944 187 226
945 187 227
946 187 228
947 188 189
948 188 190
949 188 228
950 188 229
951 188 230
952 189 190
953 189 191
954 189 229
955 189 230
956 190 191
957 190 192
958 190 230
959 190 231
960 191 192
961 191 193
962 191 231
963 191 232
964 191 233
965 192 193
966 192 232
967 192 233
968 192 234
969 193 194
970 193 233
971 193 234
972 194 195
973 194 234
974 194 235
975 194 236
976 195 196
977 195 236
978 195 237
979 196 197
980 196 236
981 196 237
982 197 198
983 197 199
984 197 239
985 198 199
986 198 200
987 198 239
988 198 240
989 199 200
990 199 201
991 199 239
992 199 240
993 199 241
994 200 201
995 200 239
996 200 240
997 200 241
998 200 242
999 201 202
1000 201 241
1001 201 242
1002 202 203
1003 202 242
1004 202 243
1005 202 244
1006 203 204
1007 203 243
1008 203 244
1009 203 245
1010 204 205
1011 204 245
1012 204 246
1013 205 206
1014 205 246
1015 205 247
1016 206 208
1017 206 247
1018 207 248
1019 208 209
1020 208 247
1021 209 210
1022 209 251
1023 210 251
1024 212 213
1025 213 214
1026 213 215
1027 213 253
1028 214 215
1029 214 216
1030 215 216
1031 215 217
1032 215 255
1033 215 256
1034 216 217
1035 216 218
1036 216 219
1037 216 256
1038 217 218
1039 217 219
1040 217 220
1041 218 219
1042 218 220
1043 219 220
1044 219 221
1045 220 221
1046 221 222
1047 221 263
1048 222 223
1049 224 225
1050 224 226
1051 225 226
1052 225 227
1053 225 267
1054 226 227
1055 226 267
1056 227 228
1057 227 267
1058 228 229
1059 228 230
1060 228 268
1061 229 230
1062 229 268
1063 230 231
1064 231 232
1065 231 233
1066 231 270
1067 231 271
1068 231 272
1069 231 273
1070 232 233
1071 232 234
1072 232 271
1073 232 272
1074 232 273
1075 232 274
1076 233 234
1077 233 273
1078 233 274
1079 234 235
1080 234 274
1081 234 275
1082 234 276
1083 235 236
1084 235 276
1085 236 237
1086 236 276
1087 236 277
1088 236 278
1089 237 238
1090 237 277
1091 237 278
1092 238 239
1093 238 279
1094 239 240
1095 239 241
1096 239 280
1097 239 281
1098 240 241
1099 240 242
1100 240 280
1101 240 281
1102 240 282
1103 241 242
1104 241 280
1105 241 281
1106 241 282
1107 241 283
1108 242 243
1109 242 281
1110 242 282
1111 242 283
1112 242 284
1113 243 244
1114 243 283
1115 243 284
1116 243 285
1117 244 245
1118 244 284
1119 244 285
1120 244 286
1121 245 246
1122 245 286
1123 245 287
1124 246 247
1125 246 287
1126 246 288
1127 248 289
1128 248 302
1129 248 303
1130 249 250
1131 249 288
1132 251 252
1133 252 253
1134 253 254
1135 253 255
1136 254 255
1137 254 256
1138 255 256
1139 255 257
1140 256 257
1141 256 258
1142 257 258
1143 257 259
1144 257 260
1145 257 261
1146 257 296
1147 258 259
1148 258 260
1149 258 261
1150 258 262
1151 259 260
1152 259 261
1153 259 262
1154 260 261
1155 260 262
1156 261 262
1157 261 263
1158 261 304
1159 262 263
1160 262 264
1161 262 304
1162 263 264
1163 264 265
1164 265 266
1165 265 267
1166 265 268
1167 266 267
1168 266 268
1169 267 268
1170 268 269
1171 268 270
1172 269 270
1173 269 271
1174 269 272
1175 269 307
1176 269 308
1177 269 309
1178 270 271
1179 270 272
1180 270 273
1181 270 309
1182 271 272
1183 271 273
1184 272 273
1185 272 274
1186 272 275
1187 272 313
1188 273 274
1189 273 275
1190 273 314
1191 274 275
1192 274 276
1193 274 314
1194 274 315
1195 274 316
1196 274 317
1197 275 276
1198 275 315
1199 275 316
1200 275 317
1201 276 277
1202 276 316
1203 276 317
1204 276 318
1205 277 278
1206 277 319
1207 278 319
1208 279 280
1209 279 320
1210 280 281
1211 280 282
1212 280 320
1213 280 321
1214 281 282
1215 281 283
1216 281 322
1217 282 283
1218 282 284
1219 282 323
1220 283 284
1221 283 285
1222 284 285
1223 284 286
1224 285 286
1225 285 287
1226 285 326
1227 286 287
1228 286 288
1229 286 327
1230 286 328
1231 287 288
1232 287 329
1233 289 297
1234 289 298
1235 289 299
1236 289 300
1237 289 301
1238 289 302
1239 289 303
1240 289 330
1241 290 291
1242 290 292
1243 290 327
1244 290 328
1245 290 329
1246 291 292
1247 291 293
1248 291 329
1249 292 293
1250 293 294
1251 293 295
1252 294 295
1253 294 296
1254 294 297
1255 294 298
1256 295 296
1257 295 297
1258 295 298
1259 295 299
1260 296 297
1261 296 298
1262 296 299
1263 297 298
1264 297 299
1265 297 300
1266 297 301
1267 297 302
1268 297 303
1269 297 330
1270 298 299
1271 298 300
1272 298 301
1273 298 302
1274 298 303
1275 298 330
1276 299 300
1277 299 301
1278 299 302
1279 299 303
1280 299 330
1281 300 301
1282 300 302
1283 300 303
1284 300 304
1285 300 305
1286 300 330
1287 301 302
1288 301 303
1289 301 304
1290 301 305
1291 301 306
1292 301 330
1293 302 303
1294 302 304
1295 302 305
1296 302 306
1297 302 330
1298 303 304
1299 303 305
1300 303 306
1301 303 330
1302 304 305
1303 304 306
1304 305 306
1305 305 307
1306 305 308
1307 305 309
1308 305 310
1309 306 307
1310 306 308
1311 306 309
1312 306 310
1313 306 311
1314 306 312
1315 307 308
1316 307 309
1317 307 310
1318 308 309
1319 308 310
1320 308 311
1321 309 310
1322 309 311
1323 309 312
1324 310 311
1325 310 312
1326 310 313
1327 310 314
1328 310 315
1329 311 312
1330 311 313
1331 311 314
1332 311 315
1333 312 313
1334 312 314
1335 312 315
1336 313 314
1337 313 315
1338 313 316
1339 314 315
1340 314 316
1341 314 317
1342 315 316
1343 315 317
1344 316 317
1345 316 318
1346 317 318
1347 318 319
1348 320 321
1349 320 322
1350 321 322
1351 321 323
1352 321 324
1353 322 323
1354 322 324
1355 322 325
1356 323 324
1357 323 325
1358 323 326
1359 324 325
1360 324 326
1361 324 327
1362 325 326
1363 325 327
1364 325 328
1365 326 327
1366 326 328
1367 326 329
1368 327 328
1369 327 329
1370 328 329
