1 1 2
2 1 3
3 1 4
4 1 5
5 1 6
6 1 7
7 1 8
8 1 9
9 1 10
10 1 17
11 1 18
12 1 19
13 1 20
14 1 21
15 1 22
16 1 23
17 1 24
18 1 25
19 1 26
20 1 27
21 1 28
22 1 29
23 1 30
24 1 31
25 1 32
26 1 33
27 1 34
28 1 35
29 1 36
30 1 37
31 1 38
32 1 39
33 1 40
34 1 41
35 1 42
36 1 43
37 1 70
38 1 71
39 1 74
40 1 75
41 1 76
42 1 77
43 2 3
44 2 4
45 2 5
46 2 6
47 2 7
48 2 8
49 2 9
50 2 10
51 2 17
52 2 18
53 2 19
54 2 20
55 2 21
56 2 22
57 2 23
58 2 24
59 2 25
60 2 26
61 2 27
62 2 28
63 2 29
64 2 30
65 2 31
66 2 32
67 2 33
68 2 34
69 2 35
70 2 36
71 2 37
72 2 38
73 2 39
74 2 40
75 2 41
76 2 42
77 2 43
78 2 66
79 2 67
80 2 68
81 2 69
82 2 70
83 2 71
84 2 74
85 2 75
86 2 76
87 2 77
88 2 84
89 3 4
90 3 5
91 3 6
92 3 7
93 3 8
94 3 9
95 3 10
96 3 17
97 3 18
98 3 19
99 3 20
100 3 21
101 3 22
102 3 23
103 3 24
104 3 25
105 3 26
106 3 27
107 3 28
108 3 29
109 3 30
110 3 31
111 3 32
112 3 33
113 3 34
114 3 35
115 3 36
116 3 37
117 3 38
118 3 39
119 3 40
120 3 41
121 3 42
122 3 43
123 3 44
124 3 71
125 3 74
126 3 75
127 3 76
128 3 77
129 3 78
130 3 79
131 3 80
132 3 81
133 3 82
134 3 83
135 3 84
136 4 5
137 4 6
138 4 7
139 4 8
140 4 9
141 4 10
142 4 17
143 4 18
144 4 19
145 4 20
146 4 21
147 4 22
148 4 23
149 4 24
150 4 25
151 4 26
152 4 27
153 4 28
154 4 29
155 4 30
156 4 31
157 4 32
158 4 33
159 4 34
160 4 35
161 4 36
162 4 37
163 4 38
164 4 39
165 4 40
166 4 41
167 4 42
168 4 43
169 4 44
170 4 45
171 4 74
172 4 75
173 4 76
174 4 77
175 4 79
176 4 80
177 4 81
178 4 82
179 4 83
180 4 84
181 5 6
182 5 7
183 5 8
184 5 9
185 5 10
186 5 17
187 5 18
188 5 19
189 5 20
190 5 21
191 5 22
192 5 23
193 5 24
194 5 25
195 5 26
196 5 27
197 5 28
198 5 29
199 5 30
200 5 31
201 5 32
202 5 33
203 5 34
204 5 35
205 5 36
206 5 37
207 5 38
208 5 39
209 5 40
210 5 41
211 5 42
212 5 43
213 5 44
214 5 45
215 5 74
216 5 75
217 5 76
218 5 77
219 5 80
220 5 81
221 5 82
222 5 83
223 5 84
224 6 7
225 6 8
226 6 9
227 6 10
228 6 17
229 6 18
230 6 19
231 6 20
232 6 21
233 6 22
234 6 23
235 6 24
236 6 25
237 6 26
238 6 27
239 6 28
240 6 29
241 6 30
242 6 31
243 6 32
244 6 33
245 6 34
246 6 35
247 6 36
248 6 37
249 6 38
250 6 39
251 6 40
252 6 41
253 6 42
254 6 43
255 6 44
256 6 45
257 6 74
258 6 75
259 6 76
260 6 77
261 6 81
262 6 82
263 6 83
264 6 84
265 7 8
266 7 9
267 7 10
268 7 17
269 7 18
270 7 19
271 7 20
272 7 21
273 7 22
274 7 23
275 7 24
276 7 25
277 7 26
278 7 27
279 7 28
280 7 29
281 7 30
282 7 31
283 7 32
284 7 33
285 7 34
286 7 35
287 7 36
288 7 37
289 7 38
290 7 39
291 7 40
292 7 41
293 7 42
294 7 43
295 7 44
296 7 45
297 7 46
298 7 77
299 7 81
300 7 82
301 7 83
302 7 84
303 8 9
304 8 10
305 8 11
306 8 17
307 8 18
308 8 19
309 8 20
310 8 21
311 8 22
312 8 23
313 8 24
314 8 25
315 8 26
316 8 27
317 8 28
318 8 29
319 8 30
320 8 31
321 8 32
322 8 33
323 8 34
324 8 35
325 8 36
326 8 37
327 8 38
328 8 39
329 8 40
330 8 41
331 8 42
332 8 43
333 8 44
334 8 45
335 8 46
336 8 83
337 8 84
338 9 10
339 9 11
340 9 17
341 9 18
342 9 19
343 9 20
344 9 21
345 9 22
346 9 23
347 9 24
348 9 25
349 9 26
350 9 27
351 9 28
352 9 29
353 9 30
354 9 31
355 9 32
356 9 33
357 9 34
358 9 35
359 9 36
360 9 37
361 9 38
362 9 39
363 9 40
364 9 41
365 9 42
366 9 43
367 9 45
368 9 46
369 10 11
370 10 16
371 10 17
372 10 18
373 10 19
374 10 20
375 10 21
376 10 22
377 10 23
378 10 24
379 10 25
380 10 26
381 10 27
382 10 28
383 10 29
384 10 30
385 10 31
386 10 32
387 10 33
388 10 34
389 10 35
390 10 36
391 10 37
392 10 38
393 10 39
394 10 40
395 10 41
396 10 42
397 10 43
398 11 12
399 11 13
400 11 14
401 11 15
402 11 16
403 11 17
404 11 18
405 11 48
406 11 49
407 12 13
408 12 14
409 12 15
410 12 16
411 12 50
412 13 14
413 13 15
414 13 16
415 14 15
416 14 16
417 15 16
418 16 17
419 16 18
420 16 19
421 17 18
422 17 19
423 17 20
424 17 21
425 17 22
426 17 23
427 17 24
428 17 25
429 17 26
430 17 27
431 17 28
432 17 29
433 17 30
434 17 31
435 17 32
436 17 33
437 17 34
438 17 36
439 17 37
440 17 38
441 17 39
442 17 40
443 17 41
444 17 42
445 17 43
446 17 65
447 17 66
448 18 19
449 18 20
450 18 21
451 18 22
452 18 23
453 18 24
454 18 25
455 18 26
456 18 27
457 18 28
458 18 29
459 18 30
460 18 31
461 18 32
462 18 33
463 18 34
464 18 35
465 18 36
466 18 37
467 18 38
468 18 39
469 18 40
470 18 41
471 18 42
472 18 43
473 18 65
474 18 66
475 18 67
476 18 68
477 19 20
478 19 21
479 19 22
480 19 23
481 19 24
482 19 25
483 19 26
484 19 27
485 19 28
486 19 29
487 19 30
488 19 31
489 19 32
490 19 33
491 19 34
492 19 35
493 19 36
494 19 37
495 19 38
496 19 39
497 19 40
498 19 41
499 19 42
500 19 43
501 19 63
502 19 64
503 19 65
504 19 66
505 19 67
506 19 68
507 19 69
508 20 21
509 20 22
510 20 23
511 20 24
512 20 25
513 20 26
514 20 27
515 20 28
516 20 29
517 20 30
518 20 31
519 20 32
520 20 33
521 20 34
522 20 35
523 20 36
524 20 37
525 20 38
526 20 39
527 20 40
528 20 41
529 20 42
530 20 43
531 20 63
532 20 64
533 20 65
534 20 66
535 20 67
536 20 68
537 20 69
538 20 70
539 21 22
540 21 23
541 21 24
542 21 25
543 21 26
544 21 27
545 21 28
546 21 29
547 21 30
548 21 31
549 21 32
550 21 33
551 21 34
552 21 35
553 21 36
554 21 37
555 21 38
556 21 39
557 21 40
558 21 41
559 21 42
560 21 43
561 21 63
562 21 64
563 21 65
564 21 66
565 21 67
566 21 68
567 21 69
568 21 70
569 21 71
570 22 23
571 22 24
572 22 25
573 22 26
574 22 27
575 22 28
576 22 29
577 22 30
578 22 31
579 22 32
580 22 33
581 22 34
582 22 35
583 22 36
584 22 37
585 22 38
586 22 39
587 22 40
588 22 41
589 22 42
590 22 43
591 22 63
592 22 64
593 22 65
594 22 66
595 22 67
596 22 68
597 22 69
598 22 70
599 22 71
600 23 24
601 23 25
602 23 26
603 23 27
604 23 28
605 23 29
606 23 30
607 23 31
608 23 32
609 23 33
610 23 34
611 23 35
612 23 36
613 23 37
614 23 38
615 23 39
616 23 40
617 23 41
618 23 42
619 23 43
620 23 64
621 23 65
622 23 66
623 23 67
624 23 68
625 23 69
626 23 70
627 23 71
628 24 25
629 24 26
630 24 27
631 24 28
632 24 29
633 24 30
634 24 31
635 24 32
636 24 33
637 24 34
638 24 35
639 24 36
640 24 37
641 24 38
642 24 39
643 24 40
644 24 41
645 24 42
646 24 43
647 24 64
648 24 65
649 24 66
650 24 67
651 24 68
652 24 69
653 24 70
654 24 71
655 25 26
656 25 27
657 25 28
658 25 29
659 25 30
660 25 31
661 25 32
662 25 33
663 25 34
664 25 35
665 25 36
666 25 37
667 25 38
668 25 39
669 25 40
670 25 41
671 25 42
672 25 43
673 25 65
674 25 66
675 25 67
676 25 68
677 25 69
678 25 70
679 25 71
680 25 74
681 25 75
682 25 84
683 26 27
684 26 28
685 26 29
686 26 30
687 26 31
688 26 32
689 26 33
690 26 34
691 26 35
692 26 36
693 26 37
694 26 38
695 26 39
696 26 40
697 26 41
698 26 42
699 26 43
700 26 65
701 26 66
702 26 67
703 26 68
704 26 69
705 26 70
706 26 71
707 26 74
708 26 75
709 26 76
710 26 84
711 27 28
712 27 29
713 27 30
714 27 31
715 27 32
716 27 33
717 27 34
718 27 35
719 27 36
720 27 37
721 27 38
722 27 39
723 27 40
724 27 41
725 27 42
726 27 43
727 27 65
728 27 66
729 27 67
730 27 68
731 27 69
732 27 70
733 27 71
734 27 72
735 27 74
736 27 75
737 27 76
738 27 77
739 27 84
740 28 29
741 28 30
742 28 31
743 28 32
744 28 33
745 28 34
746 28 35
747 28 36
748 28 37
749 28 38
750 28 39
751 28 40
752 28 41
753 28 42
754 28 43
755 28 65
756 28 66
757 28 67
758 28 68
759 28 69
760 28 70
761 28 71
762 28 72
763 28 73
764 28 74
765 28 75
766 28 76
767 28 77
768 28 84
769 29 30
770 29 31
771 29 32
772 29 33
773 29 34
774 29 35
775 29 36
776 29 37
777 29 38
778 29 39
779 29 40
780 29 41
781 29 42
782 29 43
783 29 65
784 29 66
785 29 67
786 29 68
787 29 69
788 29 70
789 29 71
790 29 72
791 29 73
792 29 74
793 29 75
794 29 76
795 29 77
796 29 84
797 30 31
798 30 32
799 30 33
800 30 34
801 30 35
802 30 36
803 30 37
804 30 38
805 30 39
806 30 40
807 30 41
808 30 42
809 30 43
810 30 65
811 30 66
812 30 67
813 30 68
814 30 69
815 30 70
816 30 71
817 30 72
818 30 73
819 30 74
820 30 75
821 30 76
822 30 77
823 30 84
824 31 32
825 31 33
826 31 34
827 31 35
828 31 36
829 31 37
830 31 38
831 31 39
832 31 40
833 31 41
834 31 42
835 31 43
836 31 65
837 31 66
838 31 67
839 31 68
840 31 69
841 31 70
842 31 71
843 31 72
844 31 73
845 31 74
846 31 75
847 31 76
848 31 77
849 31 84
850 32 33
851 32 34
852 32 35
853 32 36
854 32 37
855 32 38
856 32 39
857 32 40
858 32 41
859 32 42
860 32 43
861 32 66
862 32 67
863 32 68
864 32 69
865 32 70
866 32 71
867 32 72
868 32 73
869 32 74
870 32 75
871 32 76
872 32 77
873 32 84
874 33 34
875 33 35
876 33 36
877 33 37
878 33 38
879 33 39
880 33 40
881 33 41
882 33 42
883 33 43
884 33 67
885 33 68
886 33 69
887 33 70
888 33 71
889 33 72
890 33 73
891 33 74
892 33 75
893 33 76
894 33 77
895 33 78
896 33 79
897 33 84
898 34 35
899 34 36
900 34 37
901 34 38
902 34 39
903 34 40
904 34 41
905 34 42
906 34 43
907 34 68
908 34 69
909 34 70
910 34 71
911 34 72
912 34 73
913 34 74
914 34 75
915 34 76
916 34 77
917 34 78
918 34 79
919 34 84
920 35 36
921 35 37
922 35 38
923 35 39
924 35 40
925 35 41
926 35 42
927 35 43
928 35 68
929 35 69
930 35 70
931 35 71
932 35 72
933 35 73
934 35 74
935 35 75
936 35 76
937 35 77
938 35 78
939 35 79
940 35 80
941 35 84
942 36 37
943 36 38
944 36 39
945 36 40
946 36 41
947 36 42
948 36 43
949 36 69
950 36 70
951 36 71
952 36 73
953 36 74
954 36 75
955 36 76
956 36 77
957 36 78
958 36 79
959 36 80
960 36 84
961 37 38
962 37 39
963 37 40
964 37 41
965 37 42
966 37 43
967 37 69
968 37 70
969 37 71
970 37 74
971 37 75
972 37 76
973 37 77
974 37 78
975 37 79
976 37 80
977 37 81
978 37 82
979 37 84
980 38 39
981 38 40
982 38 41
983 38 42
984 38 43
985 38 69
986 38 70
987 38 71
988 38 74
989 38 75
990 38 76
991 38 77
992 38 78
993 38 79
994 38 80
995 38 81
996 38 82
997 38 84
998 39 40
999 39 41
1000 39 42
1001 39 43
1002 39 70
1003 39 71
1004 39 74
1005 39 75
1006 39 76
1007 39 77
1008 39 78
1009 39 79
1010 39 80
1011 39 81
1012 39 82
1013 39 83
1014 39 84
1015 40 41
1016 40 42
1017 40 43
1018 40 70
1019 40 71
1020 40 74
1021 40 75
1022 40 76
1023 40 77
1024 40 78
1025 40 79
1026 40 80
1027 40 81
1028 40 82
1029 40 83
1030 40 84
1031 41 42
1032 41 43
1033 41 44
1034 41 71
1035 41 74
1036 41 75
1037 41 76
1038 41 77
1039 41 78
1040 41 79
1041 41 80
1042 41 81
1043 41 82
1044 41 83
1045 41 84
1046 42 43
1047 42 44
1048 42 71
1049 42 74
1050 42 75
1051 42 76
1052 42 77
1053 42 78
1054 42 79
1055 42 80
1056 42 81
1057 42 82
1058 42 83
1059 42 84
1060 43 65
1061 43 66
1062 43 67
1063 43 68
1064 43 69
1065 43 70
1066 43 71
1067 43 74
1068 43 75
1069 43 76
1070 43 77
1071 43 84
1072 43 125
1073 44 45
1074 44 46
1075 44 47
1076 44 48
1077 44 79
1078 44 80
1079 44 81
1080 44 82
1081 44 83
1082 44 85
1083 44 86
1084 44 123
1085 44 124
1086 45 46
1087 45 47
1088 45 48
1089 45 49
1090 45 80
1091 45 81
1092 45 82
1093 45 83
1094 45 85
1095 45 86
1096 45 123
1097 45 124
1098 46 47
1099 46 48
1100 46 49
1101 46 81
1102 46 82
1103 46 83
1104 46 85
1105 46 86
1106 46 87
1107 46 123
1108 46 124
1109 47 48
1110 47 49
1111 47 82
1112 47 83
1113 47 85
1114 47 86
1115 47 87
1116 47 124
1117 48 49
1118 48 50
1119 48 83
1120 48 85
1121 48 86
1122 48 87
1123 48 88
1124 49 50
1125 50 89
1126 51 52
1127 51 53
1128 51 91
1129 51 92
1130 51 93
1131 51 94
1132 52 53
1133 52 92
1134 53 54
1135 53 55
1136 53 94
1137 53 95
1138 53 96
1139 54 55
1140 54 56
1141 54 93
1142 54 94
1143 54 95
1144 54 96
1145 54 97
1146 55 56
1147 55 94
1148 55 95
1149 55 96
1150 55 97
1151 55 98
1152 56 57
1153 56 95
1154 56 96
1155 56 97
1156 56 98
1157 57 58
1158 57 97
1159 57 98
1160 57 99
1161 57 138
1162 57 139
1163 58 59
1164 58 99
1165 58 100
1166 59 60
1167 59 61
1168 59 99
1169 59 100
1170 59 101
1171 59 102
1172 60 61
1173 60 62
1174 60 63
1175 60 100
1176 60 101
1177 60 102
1178 60 103
1179 60 104
1180 60 142
1181 61 62
1182 61 63
1183 61 64
1184 61 65
1185 61 66
1186 61 102
1187 61 103
1188 61 104
1189 61 105
1190 61 106
1191 62 63
1192 62 64
1193 62 65
1194 62 66
1195 62 67
1196 62 102
1197 62 103
1198 62 104
1199 62 105
1200 62 106
1201 62 107
1202 63 64
1203 63 65
1204 63 66
1205 63 67
1206 63 68
1207 63 102
1208 63 103
1209 63 104
1210 63 105
1211 63 106
1212 63 107
1213 63 108
1214 63 146
1215 64 65
1216 64 66
1217 64 67
1218 64 68
1219 64 102
1220 64 103
1221 64 104
1222 64 105
1223 64 106
1224 64 107
1225 64 108
1226 64 109
1227 64 146
1228 64 147
1229 65 66
1230 65 67
1231 65 68
1232 65 69
1233 65 70
1234 65 71
1235 65 105
1236 65 106
1237 65 107
1238 65 108
1239 65 109
1240 65 110
1241 65 111
1242 66 67
1243 66 68
1244 66 69
1245 66 70
1246 66 71
1247 66 84
1248 66 106
1249 66 107
1250 66 108
1251 66 109
1252 66 110
1253 66 111
1254 67 68
1255 67 69
1256 67 70
1257 67 71
1258 67 72
1259 67 84
1260 67 107
1261 67 108
1262 67 109
1263 67 110
1264 67 111
1265 68 69
1266 68 70
1267 68 71
1268 68 72
1269 68 73
1270 68 74
1271 68 84
1272 68 107
1273 68 108
1274 68 109
1275 68 110
1276 68 111
1277 69 70
1278 69 71
1279 69 72
1280 69 73
1281 69 74
1282 69 75
1283 69 76
1284 69 84
1285 69 107
1286 69 108
1287 69 109
1288 69 110
1289 69 111
1290 69 112
1291 70 71
1292 70 72
1293 70 73
1294 70 74
1295 70 75
1296 70 76
1297 70 77
1298 70 84
1299 70 107
1300 70 108
1301 70 109
1302 70 110
1303 70 111
1304 70 112
1305 70 113
1306 70 115
1307 71 72
1308 71 73
1309 71 74
1310 71 75
1311 71 76
1312 71 77
1313 71 84
1314 71 108
1315 71 109
1316 71 110
1317 71 111
1318 71 112
1319 71 113
1320 71 114
1321 71 115
1322 71 116
1323 72 73
1324 72 74
1325 72 75
1326 72 76
1327 72 77
1328 72 109
1329 72 110
1330 72 111
1331 72 112
1332 72 113
1333 72 114
1334 72 115
1335 72 116
1336 72 117
1337 73 74
1338 73 75
1339 73 76
1340 73 77
1341 73 78
1342 73 110
1343 73 111
1344 73 112
1345 73 113
1346 73 114
1347 73 115
1348 73 116
1349 73 117
1350 73 118
1351 74 75
1352 74 76
1353 74 77
1354 74 78
1355 74 79
1356 74 80
1357 74 84
1358 74 111
1359 74 113
1360 74 114
1361 74 115
1362 74 116
1363 74 117
1364 74 118
1365 75 76
1366 75 77
1367 75 78
1368 75 79
1369 75 80
1370 75 81
1371 75 84
1372 75 114
1373 75 115
1374 75 116
1375 75 117
1376 75 118
1377 76 77
1378 76 78
1379 76 79
1380 76 80
1381 76 81
1382 76 82
1383 76 84
1384 76 114
1385 76 115
1386 76 116
1387 76 117
1388 76 118
1389 76 119
1390 77 78
1391 77 79
1392 77 80
1393 77 81
1394 77 82
1395 77 83
1396 77 84
1397 77 115
1398 77 116
1399 77 117
1400 77 118
1401 77 119
1402 77 120
1403 78 79
1404 78 80
1405 78 81
1406 78 82
1407 78 83
1408 78 115
1409 78 116
1410 78 117
1411 78 118
1412 78 119
1413 78 120
1414 78 121
1415 79 80
1416 79 81
1417 79 82
1418 79 83
1419 79 115
1420 79 116
1421 79 117
1422 79 118
1423 79 119
1424 79 120
1425 79 121
1426 79 122
1427 79 123
1428 80 81
1429 80 82
1430 80 83
1431 80 116
1432 80 117
1433 80 118
1434 80 119
1435 80 120
1436 80 121
1437 80 122
1438 80 123
1439 80 124
1440 81 82
1441 81 83
1442 81 85
1443 81 86
1444 81 118
1445 81 119
1446 81 120
1447 81 121
1448 81 122
1449 81 123
1450 81 124
1451 82 83
1452 82 85
1453 82 86
1454 82 120
1455 82 121
1456 82 122
1457 82 123
1458 82 124
1459 83 85
1460 83 86
1461 83 122
1462 83 123
1463 83 124
1464 84 125
1465 84 166
1466 85 86
1467 85 87
1468 85 122
1469 85 123
1470 85 124
1471 85 126
1472 85 163
1473 85 164
1474 85 165
1475 86 87
1476 86 88
1477 86 122
1478 86 123
1479 86 124
1480 86 126
1481 86 127
1482 86 165
1483 87 88
1484 87 89
1485 87 124
1486 87 126
1487 87 127
1488 87 128
1489 88 89
1490 88 127
1491 88 128
1492 89 128
1493 89 131
1494 90 91
1495 90 92
1496 90 130
1497 90 131
1498 90 132
1499 90 133
1500 91 92
1501 91 93
1502 91 132
1503 91 133
1504 92 93
1505 92 94
1506 92 133
1507 93 94
1508 93 95
1509 93 132
1510 93 133
1511 93 134
1512 93 135
1513 93 136
1514 94 95
1515 94 96
1516 94 97
1517 94 133
1518 94 134
1519 94 135
1520 94 136
1521 94 137
1522 95 96
1523 95 97
1524 95 135
1525 95 136
1526 95 137
1527 96 97
1528 96 98
1529 96 136
1530 96 137
1531 96 138
1532 97 98
1533 97 137
1534 97 138
1535 98 138
1536 98 139
1537 98 140
1538 99 100
1539 99 139
1540 99 140
1541 99 141
1542 99 181
1543 100 101
1544 100 141
1545 100 142
1546 101 102
1547 101 103
1548 101 142
1549 101 143
1550 101 144
1551 102 103
1552 102 104
1553 102 105
1554 102 106
1555 102 142
1556 102 143
1557 102 144
1558 102 145
1559 102 146
1560 103 104
1561 103 105
1562 103 106
1563 103 107
1564 103 142
1565 103 143
1566 103 144
1567 103 145
1568 103 146
1569 103 147
1570 104 105
1571 104 106
1572 104 107
1573 104 143
1574 104 144
1575 104 145
1576 104 146
1577 104 147
1578 104 148
1579 105 106
1580 105 107
1581 105 108
1582 105 143
1583 105 144
1584 105 145
1585 105 146
1586 105 147
1587 105 148
1588 105 149
1589 105 188
1590 106 107
1591 106 108
1592 106 109
1593 106 144
1594 106 145
1595 106 146
1596 106 147
1597 106 148
1598 106 149
1599 106 150
1600 106 188
1601 106 189
1602 107 108
1603 107 109
1604 107 110
1605 107 111
1606 107 146
1607 107 147
1608 107 148
1609 107 149
1610 107 150
1611 107 151
1612 107 189
1613 108 109
1614 108 110
1615 108 111
1616 108 112
1617 108 146
1618 108 147
1619 108 148
1620 108 149
1621 108 150
1622 108 151
1623 108 152
1624 108 190
1625 109 110
1626 109 111
1627 109 112
1628 109 147
1629 109 148
1630 109 149
1631 109 150
1632 109 151
1633 109 152
1634 109 191
1635 110 111
1636 110 112
1637 110 113
1638 110 148
1639 110 149
1640 110 150
1641 110 151
1642 110 152
1643 110 153
1644 110 191
1645 110 192
1646 111 112
1647 111 113
1648 111 114
1649 111 115
1650 111 149
1651 111 150
1652 111 151
1653 111 152
1654 111 153
1655 111 192
1656 111 193
1657 112 113
1658 112 114
1659 112 115
1660 112 150
1661 112 151
1662 112 152
1663 112 153
1664 112 154
1665 112 155
1666 112 192
1667 112 193
1668 112 194
1669 113 114
1670 113 115
1671 113 116
1672 113 117
1673 113 151
1674 113 152
1675 113 153
1676 113 154
1677 113 155
1678 113 156
1679 113 194
1680 114 115
1681 114 116
1682 114 117
1683 114 118
1684 114 152
1685 114 153
1686 114 154
1687 114 155
1688 114 156
1689 114 157
1690 114 158
1691 115 116
1692 115 117
1693 115 118
1694 115 119
1695 115 154
1696 115 155
1697 115 156
1698 115 157
1699 115 158
1700 115 159
1701 116 117
1702 116 118
1703 116 119
1704 116 120
1705 116 155
1706 116 156
1707 116 157
1708 116 158
1709 116 159
1710 117 118
1711 117 119
1712 117 120
1713 117 156
1714 117 157
1715 117 158
1716 117 159
1717 118 119
1718 118 120
1719 118 156
1720 118 157
1721 118 158
1722 118 159
1723 118 160
1724 119 120
1725 119 121
1726 119 122
1727 119 123
1728 119 157
1729 119 158
1730 119 159
1731 119 160
1732 119 161
1733 119 162
1734 119 163
1735 120 121
1736 120 122
1737 120 123
1738 120 124
1739 120 158
1740 120 159
1741 120 160
1742 120 161
1743 120 162
1744 120 163
1745 121 122
1746 121 123
1747 121 124
1748 121 159
1749 121 160
1750 121 161
1751 121 162
1752 121 163
1753 121 164
1754 122 123
1755 122 124
1756 122 161
1757 122 162
1758 122 163
1759 122 164
1760 122 165
1761 123 124
1762 123 162
1763 123 163
1764 123 164
1765 123 165
1766 124 126
1767 124 163
1768 124 164
1769 124 165
1770 125 166
1771 125 207
1772 126 127
1773 126 128
1774 126 164
1775 126 165
1776 126 167
1777 126 168
1778 126 205
1779 126 206
1780 127 128
1781 127 165
1782 127 167
1783 127 168
1784 127 169
1785 127 206
1786 128 129
1787 128 168
1788 128 169
1789 129 131
1790 129 169
1791 129 170
1792 129 171
1793 129 211
1794 130 131
1795 130 170
1796 130 171
1797 131 132
1798 131 133
1799 131 171
1800 131 172
1801 131 173
1802 131 174
1803 132 133
1804 132 134
1805 132 171
1806 132 172
1807 132 173
1808 132 174
1809 133 134
1810 133 135
1811 133 172
1812 133 173
1813 133 174
1814 134 135
1815 134 136
1816 134 137
1817 134 173
1818 134 174
1819 134 175
1820 134 176
1821 134 177
1822 135 136
1823 135 137
1824 135 138
1825 135 174
1826 135 175
1827 135 176
1828 135 177
1829 135 178
1830 136 137
1831 136 138
1832 136 176
1833 136 177
1834 136 178
1835 137 138
1836 137 139
1837 137 177
1838 137 178
1839 137 179
1840 138 139
1841 138 177
1842 138 178
1843 138 179
1844 139 140
1845 139 178
1846 139 179
1847 139 180
1848 139 181
1849 140 141
1850 140 181
1851 140 182
1852 141 181
1853 141 182
1854 142 143
1855 142 144
1856 142 145
1857 142 183
1858 142 184
1859 142 185
1860 142 224
1861 143 144
1862 143 145
1863 143 146
1864 143 183
1865 143 184
1866 143 185
1867 143 186
1868 143 187
1869 143 224
1870 143 225
1871 143 226
1872 144 145
1873 144 146
1874 144 147
1875 144 184
1876 144 185
1877 144 186
1878 144 187
1879 144 225
1880 144 226
1881 144 227
1882 145 146
1883 145 147
1884 145 148
1885 145 184
1886 145 185
1887 145 186
1888 145 187
1889 145 188
1890 145 225
1891 145 226
1892 145 227
1893 146 147
1894 146 148
1895 146 149
1896 146 184
1897 146 185
1898 146 186
1899 146 187
1900 146 188
1901 146 189
1902 146 190
1903 146 228
1904 146 229
1905 147 148
1906 147 149
1907 147 150
1908 147 186
1909 147 187
1910 147 188
1911 147 189
1912 147 190
1913 147 191
1914 147 228
1915 147 229
1916 147 230
1917 148 149
1918 148 150
1919 148 151
1920 148 187
1921 148 188
1922 148 189
1923 148 190
1924 148 191
1925 148 229
1926 148 230
1927 149 150
1928 149 151
1929 149 152
1930 149 188
1931 149 189
1932 149 190
1933 149 191
1934 149 192
1935 149 230
1936 149 231
1937 150 151
1938 150 152
1939 150 188
1940 150 189
1941 150 190
1942 150 191
1943 150 192
1944 150 193
1945 150 231
1946 150 232
1947 151 152
1948 151 153
1949 151 189
1950 151 190
1951 151 191
1952 151 192
1953 151 193
1954 151 194
1955 151 232
1956 151 233
1957 152 153
1958 152 154
1959 152 155
1960 152 190
1961 152 191
1962 152 192
1963 152 193
1964 152 194
1965 152 233
1966 152 234
1967 153 154
1968 153 155
1969 153 192
1970 153 193
1971 153 194
1972 153 195
1973 153 234
1974 153 235
1975 154 155
1976 154 156
1977 154 157
1978 154 193
1979 154 194
1980 154 195
1981 154 196
1982 154 197
1983 154 235
1984 154 236
1985 155 156
1986 155 157
1987 155 158
1988 155 194
1989 155 195
1990 155 196
1991 155 197
1992 155 198
1993 155 236
1994 156 157
1995 156 158
1996 156 159
1997 156 196
1998 156 197
1999 156 198
2000 156 199
2001 157 158
2002 157 159
2003 157 160
2004 157 197
2005 157 198
2006 157 199
2007 157 200
2008 158 159
2009 158 160
2010 158 161
2011 158 197
2012 158 198
2013 158 199
2014 158 200
2015 158 201
2016 159 160
2017 159 161
2018 159 162
2019 159 197
2020 159 198
2021 159 199
2022 159 200
2023 159 201
2024 160 161
2025 160 162
2026 160 163
2027 160 198
2028 160 199
2029 160 200
2030 160 201
2031 160 202
2032 160 203
2033 160 241
2034 160 242
2035 161 162
2036 161 163
2037 161 199
2038 161 200
2039 161 201
2040 161 202
2041 161 203
2042 161 204
2043 161 242
2044 162 163
2045 162 164
2046 162 200
2047 162 201
2048 162 202
2049 162 203
2050 162 204
2051 163 164
2052 163 165
2053 163 203
2054 163 204
2055 164 165
2056 164 167
2057 164 203
2058 164 204
2059 164 205
2060 164 206
2061 164 246
2062 165 167
2063 165 204
2064 165 205
2065 165 206
2066 166 207
2067 166 248
2068 167 168
2069 167 205
2070 167 206
2071 167 208
2072 167 209
2073 167 247
2074 168 169
2075 168 206
2076 168 208
2077 168 209
2078 168 210
2079 168 251
2080 169 209
2081 169 210
2082 169 211
2083 169 251
2084 170 171
2085 170 211
2086 171 172
2087 171 211
2088 172 173
2089 172 174
2090 172 212
2091 173 174
2092 173 175
2093 173 176
2094 173 212
2095 173 213
2096 173 214
2097 174 175
2098 174 176
2099 174 177
2100 174 214
2101 175 176
2102 175 177
2103 175 178
2104 175 214
2105 175 215
2106 175 216
2107 175 217
2108 175 218
2109 175 219
2110 176 177
2111 176 178
2112 176 179
2113 176 216
2114 176 217
2115 176 218
2116 176 219
2117 177 178
2118 177 179
2119 177 180
2120 177 217
2121 177 218
2122 177 219
2123 177 220
2124 178 179
2125 178 180
2126 178 217
2127 178 218
2128 178 219
2129 178 220
2130 179 180
2131 179 181
2132 179 218
2133 179 219
2134 179 220
2135 179 221
2136 180 181
2137 180 219
2138 180 220
2139 180 221
2140 180 222
2141 181 182
2142 181 222
2143 182 183
2144 183 184
2145 183 185
2146 183 224
2147 183 225
2148 184 185
2149 184 186
2150 184 187
2151 184 224
2152 184 225
2153 184 226
2154 184 227
2155 185 186
2156 185 187
2157 185 188
2158 185 224
2159 185 225
2160 185 226
2161 185 227
2162 185 228
2163 185 267
2164 186 187
2165 186 188
2166 186 224
2167 186 225
2168 186 226
2169 186 227
2170 186 228
2171 186 229
2172 186 267
2173 187 188
2174 187 189
2175 187 225
2176 187 226
2177 187 227
2178 187 228
2179 187 229
2180 187 230
2181 187 267
2182 188 189
2183 188 190
2184 188 191
2185 188 227
2186 188 228
2187 188 229
2188 188 230
2189 188 231
2190 189 190
2191 189 191
2192 189 192
2193 189 228
2194 189 229
2195 189 230
2196 189 231
2197 189 232
2198 190 191
2199 190 192
2200 190 193
2201 190 228
2202 190 229
2203 190 230
2204 190 231
2205 190 232
2206 190 233
2207 191 192
2208 191 193
2209 191 229
2210 191 230
2211 191 231
2212 191 232
2213 191 233
2214 191 234
2215 191 272
2216 192 193
2217 192 194
2218 192 230
2219 192 231
2220 192 232
2221 192 233
2222 192 234
2223 192 235
2224 192 273
2225 192 274
2226 193 194
2227 193 231
2228 193 232
2229 193 233
2230 193 234
2231 193 235
2232 193 236
2233 193 274
2234 193 275
2235 194 195
2236 194 196
2237 194 233
2238 194 234
2239 194 235
2240 194 236
2241 194 276
2242 195 196
2243 195 197
2244 195 235
2245 195 236
2246 195 237
2247 195 277
2248 196 197
2249 196 198
2250 196 235
2251 196 236
2252 196 237
2253 196 238
2254 196 277
2255 196 278
2256 197 198
2257 197 199
2258 197 200
2259 197 236
2260 197 237
2261 197 238
2262 197 239
2263 197 240
2264 197 278
2265 198 199
2266 198 200
2267 198 201
2268 198 237
2269 198 238
2270 198 239
2271 198 240
2272 198 241
2273 198 242
2274 198 280
2275 199 200
2276 199 201
2277 199 202
2278 199 238
2279 199 239
2280 199 240
2281 199 241
2282 199 242
2283 199 280
2284 199 281
2285 200 201
2286 200 202
2287 200 203
2288 200 239
2289 200 240
2290 200 241
2291 200 242
2292 200 243
2293 200 281
2294 200 282
2295 200 283
2296 201 202
2297 201 203
2298 201 239
2299 201 240
2300 201 241
2301 201 242
2302 201 243
2303 201 244
2304 201 282
2305 201 283
2306 201 284
2307 202 203
2308 202 204
2309 202 240
2310 202 241
2311 202 242
2312 202 243
2313 202 244
2314 202 245
2315 202 283
2316 202 284
2317 202 285
2318 203 204
2319 203 205
2320 203 242
2321 203 243
2322 203 244
2323 203 245
2324 203 246
2325 203 285
2326 203 286
2327 204 205
2328 204 206
2329 204 243
2330 204 244
2331 204 245
2332 204 246
2333 204 247
2334 204 286
2335 204 287
2336 205 206
2337 205 208
2338 205 245
2339 205 246
2340 205 247
2341 206 208
2342 206 209
2343 206 246
2344 206 247
2345 207 248
2346 207 289
2347 208 209
2348 208 246
2349 208 247
2350 208 249
2351 208 250
2352 208 251
2353 208 288
2354 209 210
2355 209 247
2356 209 250
2357 209 251
2358 209 252
2359 210 211
2360 210 251
2361 210 252
2362 211 212
2363 212 213
2364 212 214
2365 212 252
2366 212 253
2367 213 214
2368 213 215
2369 213 216
2370 213 217
2371 213 252
2372 213 253
2373 213 254
2374 213 255
2375 213 256
2376 214 215
2377 214 216
2378 214 217
2379 214 218
2380 214 253
2381 214 254
2382 214 255
2383 214 256
2384 215 216
2385 215 217
2386 215 218
2387 215 219
2388 215 253
2389 215 254
2390 215 255
2391 215 256
2392 215 257
2393 215 258
2394 215 259
2395 215 260
2396 216 217
2397 216 218
2398 216 219
2399 216 220
2400 216 254
2401 216 255
2402 216 256
2403 216 257
2404 216 258
2405 216 259
2406 216 260
2407 217 218
2408 217 219
2409 217 220
2410 217 221
2411 217 255
2412 217 256
2413 217 257
2414 217 258
2415 217 259
2416 217 260
2417 217 261
2418 218 219
2419 218 220
2420 218 221
2421 218 256
2422 218 257
2423 218 258
2424 218 259
2425 218 260
2426 218 261
2427 219 220
2428 219 221
2429 219 256
2430 219 258
2431 219 259
2432 219 260
2433 219 261
2434 220 221
2435 220 222
2436 220 259
2437 220 260
2438 220 261
2439 220 262
2440 220 263
2441 221 222
2442 221 223
2443 221 259
2444 221 260
2445 221 261
2446 221 262
2447 221 263
2448 221 264
2449 222 223
2450 222 263
2451 223 224
2452 223 263
2453 223 264
2454 223 265
2455 224 225
2456 224 226
2457 224 227
2458 224 265
2459 224 266
2460 224 267
2461 225 226
2462 225 227
2463 225 228
2464 225 265
2465 225 266
2466 225 267
2467 225 268
2468 226 227
2469 226 228
2470 226 229
2471 226 265
2472 226 266
2473 226 267
2474 226 268
2475 227 228
2476 227 229
2477 227 265
2478 227 266
2479 227 267
2480 227 268
2481 228 229
2482 228 230
2483 228 231
2484 228 265
2485 228 266
2486 228 267
2487 228 268
2488 228 269
2489 228 270
2490 228 271
2491 229 230
2492 229 231
2493 229 232
2494 229 266
2495 229 267
2496 229 268
2497 229 269
2498 229 270
2499 229 271
2500 229 272
2501 230 231
2502 230 232
2503 230 233
2504 230 268
2505 230 269
2506 230 270
2507 230 271
2508 230 272
2509 230 273
2510 231 232
2511 231 233
2512 231 234
2513 231 269
2514 231 270
2515 231 271
2516 231 272
2517 231 273
2518 231 274
2519 231 275
2520 232 233
2521 232 234
2522 232 269
2523 232 270
2524 232 271
2525 232 272
2526 232 273
2527 232 274
2528 232 275
2529 233 234
2530 233 235
2531 233 271
2532 233 272
2533 233 273
2534 233 274
2535 233 275
2536 233 276
2537 234 235
2538 234 236
2539 234 272
2540 234 273
2541 234 274
2542 234 275
2543 234 276
2544 234 277
2545 234 316
2546 235 236
2547 235 237
2548 235 274
2549 235 275
2550 235 276
2551 235 277
2552 235 278
2553 236 237
2554 236 275
2555 236 276
2556 236 277
2557 236 278
2558 237 238
2559 237 239
2560 237 277
2561 237 278
2562 237 279
2563 238 239
2564 238 240
2565 238 241
2566 238 278
2567 238 279
2568 238 280
2569 238 281
2570 238 320
2571 239 240
2572 239 241
2573 239 242
2574 239 278
2575 239 279
2576 239 280
2577 239 281
2578 239 282
2579 239 283
2580 239 320
2581 239 321
2582 240 241
2583 240 242
2584 240 243
2585 240 279
2586 240 280
2587 240 281
2588 240 282
2589 240 283
2590 240 284
2591 240 321
2592 240 322
2593 240 323
2594 241 242
2595 241 243
2596 241 244
2597 241 280
2598 241 281
2599 241 282
2600 241 283
2601 241 284
2602 241 285
2603 241 322
2604 241 323
2605 242 243
2606 242 244
2607 242 280
2608 242 281
2609 242 282
2610 242 283
2611 242 284
2612 242 285
2613 242 286
2614 242 323
2615 243 244
2616 243 245
2617 243 281
2618 243 282
2619 243 283
2620 243 284
2621 243 285
2622 243 286
2623 244 245
2624 244 246
2625 244 282
2626 244 283
2627 244 284
2628 244 285
2629 244 286
2630 244 287
2631 245 246
2632 245 247
2633 245 284
2634 245 285
2635 245 286
2636 245 287
2637 245 288
2638 246 247
2639 246 249
2640 246 285
2641 246 286
2642 246 287
2643 246 288
2644 247 249
2645 247 250
2646 247 287
2647 247 288
2648 248 289
2649 248 297
2650 248 298
2651 248 299
2652 248 300
2653 248 301
2654 248 302
2655 248 303
2656 248 305
2657 248 306
2658 248 310
2659 248 311
2660 248 312
2661 248 313
2662 248 314
2663 248 315
2664 248 330
2665 249 250
2666 249 251
2667 249 286
2668 249 287
2669 249 288
2670 249 290
2671 249 291
2672 249 292
2673 249 329
2674 250 251
2675 250 252
2676 250 288
2677 250 290
2678 250 291
2679 250 292
2680 251 252
2681 252 253
2682 253 254
2683 253 255
2684 253 256
2685 253 293
2686 254 255
2687 254 256
2688 254 257
2689 254 258
2690 254 259
2691 254 293
2692 254 294
2693 254 295
2694 254 296
2695 255 256
2696 255 257
2697 255 258
2698 255 259
2699 255 260
2700 255 294
2701 255 295
2702 255 296
2703 256 257
2704 256 258
2705 256 259
2706 256 260
2707 256 295
2708 256 296
2709 257 258
2710 257 259
2711 257 260
2712 257 261
2713 257 262
2714 257 294
2715 257 295
2716 257 296
2717 257 297
2718 257 298
2719 257 299
2720 257 300
2721 257 301
2722 257 302
2723 257 303
2724 258 259
2725 258 260
2726 258 261
2727 258 262
2728 258 295
2729 258 296
2730 258 297
2731 258 298
2732 258 299
2733 258 300
2734 258 301
2735 258 302
2736 258 303
2737 258 304
2738 259 260
2739 259 261
2740 259 262
2741 259 263
2742 259 295
2743 259 296
2744 259 297
2745 259 298
2746 259 299
2747 259 300
2748 259 301
2749 259 302
2750 259 303
2751 259 304
2752 260 261
2753 260 262
2754 260 263
2755 260 264
2756 260 296
2757 260 297
2758 260 298
2759 260 299
2760 260 300
2761 260 301
2762 260 302
2763 260 303
2764 260 304
2765 260 305
2766 261 262
2767 261 263
2768 261 264
2769 261 297
2770 261 298
2771 261 299
2772 261 300
2773 261 301
2774 261 302
2775 261 303
2776 261 304
2777 261 305
2778 261 306
2779 262 263
2780 262 264
2781 262 297
2782 262 298
2783 262 299
2784 262 300
2785 262 301
2786 262 302
2787 262 303
2788 262 304
2789 262 305
2790 262 306
2791 263 264
2792 263 265
2793 263 304
2794 263 305
2795 264 265
2796 264 266
2797 264 268
2798 264 304
2799 264 305
2800 264 306
2801 264 307
2802 264 308
2803 264 309
2804 265 266
2805 265 267
2806 265 268
2807 265 269
2808 265 307
2809 265 308
2810 265 309
2811 266 267
2812 266 268
2813 266 269
2814 266 270
2815 266 307
2816 266 308
2817 266 309
2818 267 268
2819 268 269
2820 268 270
2821 268 271
2822 268 307
2823 268 308
2824 268 309
2825 269 270
2826 269 271
2827 269 272
2828 269 273
2829 269 305
2830 269 306
2831 269 307
2832 269 308
2833 269 309
2834 269 310
2835 269 311
2836 269 312
2837 269 313
2838 269 314
2839 270 271
2840 270 272
2841 270 273
2842 270 274
2843 270 306
2844 270 307
2845 270 308
2846 270 309
2847 270 310
2848 270 311
2849 270 312
2850 270 313
2851 270 314
2852 270 315
2853 271 272
2854 271 273
2855 271 274
2856 271 275
2857 271 306
2858 271 307
2859 271 308
2860 271 309
2861 271 310
2862 271 311
2863 271 312
2864 271 313
2865 271 314
2866 271 315
2867 272 273
2868 272 274
2869 272 275
2870 272 308
2871 272 309
2872 272 310
2873 272 311
2874 272 312
2875 272 313
2876 272 314
2877 272 315
2878 272 316
2879 273 274
2880 273 275
2881 273 276
2882 273 310
2883 273 311
2884 273 312
2885 273 313
2886 273 314
2887 273 315
2888 273 316
2889 273 317
2890 274 275
2891 274 276
2892 274 311
2893 274 312
2894 274 313
2895 274 314
2896 274 315
2897 274 316
2898 274 317
2899 274 318
2900 275 276
2901 275 277
2902 275 312
2903 275 313
2904 275 314
2905 275 315
2906 275 316
2907 275 317
2908 275 318
2909 276 277
2910 276 278
2911 276 315
2912 276 316
2913 276 317
2914 276 318
2915 276 319
2916 277 278
2917 277 317
2918 277 318
2919 277 319
2920 278 279
2921 278 280
2922 278 318
2923 278 319
2924 278 320
2925 278 321
2926 279 280
2927 279 281
2928 279 282
2929 279 320
2930 279 321
2931 280 281
2932 280 282
2933 280 283
2934 280 284
2935 280 320
2936 280 321
2937 280 322
2938 280 323
2939 281 282
2940 281 283
2941 281 284
2942 281 285
2943 281 320
2944 281 321
2945 281 322
2946 281 323
2947 282 283
2948 282 284
2949 282 285
2950 282 320
2951 282 321
2952 282 322
2953 282 323
2954 282 326
2955 283 284
2956 283 285
2957 283 286
2958 283 321
2959 283 322
2960 283 323
2961 283 326
2962 283 327
2963 284 285
2964 284 286
2965 284 287
2966 284 322
2967 284 323
2968 284 326
2969 284 327
2970 284 328
2971 285 286
2972 285 287
2973 285 288
2974 285 323
2975 285 326
2976 285 327
2977 285 328
2978 285 329
2979 286 287
2980 286 288
2981 286 290
2982 286 326
2983 286 327
2984 286 328
2985 286 329
2986 287 288
2987 287 290
2988 287 291
2989 287 326
2990 287 327
2991 287 328
2992 287 329
2993 288 290
2994 288 291
2995 288 292
2996 288 327
2997 288 328
2998 288 329
2999 289 294
3000 289 295
3001 289 297
3002 289 298
3003 289 299
3004 289 300
3005 289 301
3006 289 302
3007 289 303
3008 289 304
3009 289 305
3010 289 306
3011 289 310
3012 289 311
3013 289 312
3014 289 313
3015 289 314
3016 289 315
3017 289 330
3018 290 291
3019 290 292
3020 290 293
3021 290 325
3022 290 326
3023 290 327
3024 290 328
3025 290 329
3026 291 292
3027 291 293
3028 291 294
3029 291 327
3030 291 328
3031 291 329
3032 292 293
3033 292 294
3034 292 295
3035 292 328
3036 292 329
3037 293 294
3038 293 295
3039 293 296
3040 293 297
3041 293 329
3042 294 295
3043 294 296
3044 294 297
3045 294 298
3046 294 299
3047 294 300
3048 294 301
3049 294 302
3050 294 303
3051 294 330
3052 295 296
3053 295 297
3054 295 298
3055 295 299
3056 295 300
3057 295 301
3058 295 302
3059 295 303
3060 296 297
3061 296 298
3062 296 299
3063 296 300
3064 296 301
3065 296 302
3066 296 303
3067 297 298
3068 297 299
3069 297 300
3070 297 301
3071 297 302
3072 297 303
3073 297 304
3074 297 305
3075 297 306
3076 297 330
3077 298 299
3078 298 300
3079 298 301
3080 298 302
3081 298 303
3082 298 304
3083 298 305
3084 298 306
3085 298 330
3086 299 300
3087 299 301
3088 299 302
3089 299 303
3090 299 304
3091 299 305
3092 299 306
3093 299 310
3094 299 330
3095 300 301
3096 300 302
3097 300 303
3098 300 304
3099 300 305
3100 300 306
3101 300 310
3102 300 311
3103 300 330
3104 301 302
3105 301 303
3106 301 304
3107 301 305
3108 301 306
3109 301 310
3110 301 311
3111 301 312
3112 301 330
3113 302 303
3114 302 304
3115 302 305
3116 302 306
3117 302 310
3118 302 311
3119 302 312
3120 302 313
3121 302 314
3122 302 330
3123 303 304
3124 303 305
3125 303 306
3126 303 307
3127 303 308
3128 303 309
3129 303 310
3130 303 311
3131 303 312
3132 303 313
3133 303 314
3134 303 315
3135 303 330
3136 304 305
3137 304 306
3138 304 307
3139 304 308
3140 304 309
3141 304 310
3142 304 311
3143 304 312
3144 304 330
3145 305 306
3146 305 307
3147 305 308
3148 305 309
3149 305 310
3150 305 311
3151 305 312
3152 305 313
3153 305 330
3154 306 307
3155 306 308
3156 306 309
3157 306 310
3158 306 311
3159 306 312
3160 306 313
3161 306 314
3162 306 330
3163 307 308
3164 307 309
3165 307 310
3166 307 311
3167 307 312
3168 307 313
3169 308 309
3170 308 310
3171 308 311
3172 308 312
3173 308 313
3174 309 310
3175 309 311
3176 309 312
3177 309 313
3178 309 314
3179 310 311
3180 310 312
3181 310 313
3182 310 314
3183 310 315
3184 310 330
3185 311 312
3186 311 313
3187 311 314
3188 311 315
3189 311 316
3190 311 330
3191 312 313
3192 312 314
3193 312 315
3194 312 316
3195 312 317
3196 312 330
3197 313 314
3198 313 315
3199 313 316
3200 313 317
3201 313 318
3202 313 330
3203 314 315
3204 314 316
3205 314 317
3206 314 318
3207 314 330
3208 315 316
3209 315 317
3210 315 318
3211 315 330
3212 316 317
3213 316 318
3214 316 319
3215 317 318
3216 317 319
3217 318 319
3218 319 320
3219 319 321
3220 319 322
3221 320 321
3222 320 322
3223 320 323
3224 321 322
3225 321 323
3226 321 324
3227 321 325
3228 321 326
3229 322 323
3230 322 324
3231 322 325
3232 322 326
3233 322 327
3234 323 324
3235 323 325
3236 323 326
3237 323 327
3238 323 328
3239 324 325
3240 324 326
3241 324 327
3242 324 328
3243 324 329
3244 325 326
3245 325 327
3246 325 328
3247 325 329
3248 326 327
3249 326 328
3250 326 329
3251 327 328
3252 327 329
3253 328 329
