1 1 2
2 1 3
3 1 4
4 1 5
5 1 6
6 1 7
7 1 8
8 1 9
9 1 10
10 1 11
11 1 17
12 1 18
13 1 19
14 1 20
15 1 21
16 1 22
17 1 23
18 1 24
19 1 25
20 1 26
21 1 27
22 1 28
23 1 29
24 1 30
25 1 31
26 1 32
27 1 33
28 1 34
29 1 35
30 1 36
31 1 37
32 1 38
33 1 39
34 1 40
35 1 41
36 1 42
37 1 43
38 1 44
39 1 65
40 1 66
41 1 67
42 1 68
43 1 69
44 1 70
45 1 71
46 1 72
47 1 73
48 1 74
49 1 75
50 1 76
51 1 77
52 1 78
53 1 79
54 1 80
55 1 81
56 1 82
57 1 83
58 1 84
59 2 3
60 2 4
61 2 5
62 2 6
63 2 7
64 2 8
65 2 9
66 2 10
67 2 11
68 2 17
69 2 18
70 2 19
71 2 20
72 2 21
73 2 22
74 2 23
75 2 24
76 2 25
77 2 26
78 2 27
79 2 28
80 2 29
81 2 30
82 2 31
83 2 32
84 2 33
85 2 34
86 2 35
87 2 36
88 2 37
89 2 38
90 2 39
91 2 40
92 2 41
93 2 42
94 2 43
95 2 44
96 2 45
97 2 46
98 2 65
99 2 66
100 2 67
101 2 68
102 2 69
103 2 70
104 2 71
105 2 72
106 2 73
107 2 74
108 2 75
109 2 76
110 2 77
111 2 78
112 2 79
113 2 80
114 2 81
115 2 82
116 2 83
117 2 84
118 2 125
119 3 4
120 3 5
121 3 6
122 3 7
123 3 8
124 3 9
125 3 10
126 3 11
127 3 17
128 3 18
129 3 19
130 3 20
131 3 21
132 3 22
133 3 23
134 3 24
135 3 25
136 3 26
137 3 27
138 3 28
139 3 29
140 3 30
141 3 31
142 3 32
143 3 33
144 3 34
145 3 35
146 3 36
147 3 37
148 3 38
149 3 39
150 3 40
151 3 41
152 3 42
153 3 43
154 3 44
155 3 45
156 3 46
157 3 47
158 3 48
159 3 65
160 3 66
161 3 67
162 3 68
163 3 69
164 3 70
165 3 71
166 3 72
167 3 73
168 3 74
169 3 75
170 3 76
171 3 77
172 3 78
173 3 79
174 3 80
175 3 81
176 3 82
177 3 83
178 3 84
179 3 118
180 3 125
181 4 5
182 4 6
183 4 7
184 4 8
185 4 9
186 4 10
187 4 11
188 4 17
189 4 18
190 4 19
191 4 20
192 4 21
193 4 22
194 4 23
195 4 24
196 4 25
197 4 26
198 4 27
199 4 28
200 4 29
201 4 30
202 4 31
203 4 32
204 4 33
205 4 34
206 4 35
207 4 36
208 4 37
209 4 38
210 4 39
211 4 40
212 4 41
213 4 42
214 4 43
215 4 44
216 4 45
217 4 46
218 4 47
219 4 48
220 4 65
221 4 66
222 4 67
223 4 68
224 4 69
225 4 70
226 4 71
227 4 72
228 4 73
229 4 74
230 4 75
231 4 76
232 4 77
233 4 78
234 4 79
235 4 80
236 4 81
237 4 82
238 4 83
239 4 84
240 4 125
241 5 6
242 5 7
243 5 8
244 5 9
245 5 10
246 5 11
247 5 17
248 5 18
249 5 19
250 5 20
251 5 21
252 5 22
253 5 23
254 5 24
255 5 25
256 5 26
257 5 27
258 5 28
259 5 29
260 5 30
261 5 31
262 5 32
263 5 33
264 5 34
265 5 35
266 5 36
267 5 37
268 5 38
269 5 39
270 5 40
271 5 41
272 5 42
273 5 43
274 5 44
275 5 45
276 5 46
277 5 47
278 5 48
279 5 49
280 5 65
281 5 66
282 5 67
283 5 68
284 5 69
285 5 70
286 5 71
287 5 74
288 5 75
289 5 76
290 5 77
291 5 78
292 5 79
293 5 80
294 5 81
295 5 82
296 5 83
297 5 84
298 5 125
299 6 7
300 6 8
301 6 9
302 6 10
303 6 11
304 6 17
305 6 18
306 6 19
307 6 20
308 6 21
309 6 22
310 6 23
311 6 24
312 6 25
313 6 26
314 6 27
315 6 28
316 6 29
317 6 30
318 6 31
319 6 32
320 6 33
321 6 34
322 6 35
323 6 36
324 6 37
325 6 38
326 6 39
327 6 40
328 6 41
329 6 42
330 6 43
331 6 44
332 6 45
333 6 46
334 6 47
335 6 48
336 6 49
337 6 65
338 6 66
339 6 67
340 6 68
341 6 69
342 6 70
343 6 71
344 6 74
345 6 75
346 6 76
347 6 77
348 6 78
349 6 79
350 6 80
351 6 81
352 6 82
353 6 83
354 6 84
355 7 8
356 7 9
357 7 10
358 7 11
359 7 16
360 7 17
361 7 18
362 7 19
363 7 20
364 7 21
365 7 22
366 7 23
367 7 24
368 7 25
369 7 26
370 7 27
371 7 28
372 7 29
373 7 30
374 7 31
375 7 32
376 7 33
377 7 34
378 7 35
379 7 36
380 7 37
381 7 38
382 7 39
383 7 40
384 7 41
385 7 42
386 7 43
387 7 44
388 7 45
389 7 46
390 7 47
391 7 48
392 7 49
393 7 65
394 7 66
395 7 67
396 7 68
397 7 69
398 7 70
399 7 71
400 7 74
401 7 75
402 7 76
403 7 77
404 7 78
405 7 79
406 7 80
407 7 81
408 7 82
409 7 83
410 7 84
411 8 9
412 8 10
413 8 11
414 8 16
415 8 17
416 8 18
417 8 19
418 8 20
419 8 21
420 8 22
421 8 23
422 8 24
423 8 25
424 8 26
425 8 27
426 8 28
427 8 29
428 8 30
429 8 31
430 8 32
431 8 33
432 8 34
433 8 35
434 8 36
435 8 37
436 8 38
437 8 39
438 8 40
439 8 41
440 8 42
441 8 43
442 8 44
443 8 45
444 8 46
445 8 47
446 8 48
447 8 49
448 8 65
449 8 66
450 8 67
451 8 68
452 8 69
453 8 70
454 8 71
455 8 74
456 8 75
457 8 76
458 8 77
459 8 78
460 8 79
461 8 80
462 8 81
463 8 82
464 8 83
465 8 84
466 9 10
467 9 11
468 9 16
469 9 17
470 9 18
471 9 19
472 9 20
473 9 21
474 9 22
475 9 23
476 9 24
477 9 25
478 9 26
479 9 27
480 9 28
481 9 29
482 9 30
483 9 31
484 9 32
485 9 33
486 9 34
487 9 35
488 9 36
489 9 37
490 9 38
491 9 39
492 9 40
493 9 41
494 9 42
495 9 43
496 9 44
497 9 45
498 9 46
499 9 47
500 9 48
501 9 49
502 9 65
503 9 66
504 9 70
505 9 71
506 9 74
507 9 75
508 9 76
509 9 77
510 9 79
511 9 80
512 9 81
513 9 82
514 9 83
515 9 84
516 10 11
517 10 16
518 10 17
519 10 18
520 10 19
521 10 20
522 10 21
523 10 22
524 10 23
525 10 24
526 10 25
527 10 26
528 10 27
529 10 28
530 10 29
531 10 30
532 10 31
533 10 32
534 10 33
535 10 34
536 10 35
537 10 36
538 10 37
539 10 38
540 10 39
541 10 40
542 10 41
543 10 42
544 10 43
545 10 44
546 10 45
547 10 46
548 10 47
549 10 48
550 10 49
551 10 65
552 10 66
553 10 75
554 10 76
555 10 77
556 10 81
557 10 82
558 10 83
559 10 84
560 11 12
561 11 13
562 11 14
563 11 15
564 11 16
565 11 17
566 11 18
567 11 19
568 11 20
569 11 21
570 11 22
571 11 41
572 11 42
573 11 46
574 11 47
575 11 48
576 11 49
577 11 50
578 12 13
579 12 14
580 12 15
581 12 16
582 12 49
583 12 50
584 13 14
585 13 15
586 13 16
587 13 49
588 13 50
589 14 15
590 14 16
591 14 50
592 14 57
593 15 16
594 15 57
595 15 58
596 15 59
597 16 17
598 16 18
599 16 19
600 16 20
601 16 21
602 16 22
603 16 23
604 16 24
605 16 59
606 16 60
607 16 61
608 16 62
609 17 18
610 17 19
611 17 20
612 17 21
613 17 22
614 17 23
615 17 24
616 17 25
617 17 26
618 17 27
619 17 28
620 17 29
621 17 30
622 17 31
623 17 32
624 17 33
625 17 34
626 17 35
627 17 36
628 17 37
629 17 38
630 17 39
631 17 40
632 17 41
633 17 42
634 17 43
635 17 61
636 17 62
637 17 63
638 17 64
639 17 65
640 17 66
641 17 67
642 17 68
643 17 69
644 17 70
645 17 71
646 17 84
647 18 19
648 18 20
649 18 21
650 18 22
651 18 23
652 18 24
653 18 25
654 18 26
655 18 27
656 18 28
657 18 29
658 18 30
659 18 31
660 18 32
661 18 33
662 18 34
663 18 35
664 18 36
665 18 37
666 18 38
667 18 39
668 18 40
669 18 41
670 18 42
671 18 43
672 18 61
673 18 62
674 18 63
675 18 64
676 18 65
677 18 66
678 18 67
679 18 68
680 18 69
681 18 70
682 18 71
683 18 84
684 19 20
685 19 21
686 19 22
687 19 23
688 19 24
689 19 25
690 19 26
691 19 27
692 19 28
693 19 29
694 19 30
695 19 31
696 19 32
697 19 33
698 19 34
699 19 35
700 19 36
701 19 37
702 19 38
703 19 39
704 19 40
705 19 41
706 19 42
707 19 43
708 19 61
709 19 62
710 19 63
711 19 64
712 19 65
713 19 66
714 19 67
715 19 68
716 19 69
717 19 70
718 19 71
719 19 74
720 19 75
721 19 84
722 19 107
723 19 108
724 20 21
725 20 22
726 20 23
727 20 24
728 20 25
729 20 26
730 20 27
731 20 28
732 20 29
733 20 30
734 20 31
735 20 32
736 20 33
737 20 34
738 20 35
739 20 36
740 20 37
741 20 38
742 20 39
743 20 40
744 20 41
745 20 42
746 20 43
747 20 61
748 20 62
749 20 63
750 20 64
751 20 65
752 20 66
753 20 67
754 20 68
755 20 69
756 20 70
757 20 71
758 20 74
759 20 75
760 20 76
761 20 77
762 20 84
763 20 107
764 20 108
765 20 109
766 21 22
767 21 23
768 21 24
769 21 25
770 21 26
771 21 27
772 21 28
773 21 29
774 21 30
775 21 31
776 21 32
777 21 33
778 21 34
779 21 35
780 21 36
781 21 37
782 21 38
783 21 39
784 21 40
785 21 41
786 21 42
787 21 43
788 21 61
789 21 62
790 21 63
791 21 64
792 21 65
793 21 66
794 21 67
795 21 68
796 21 69
797 21 70
798 21 71
799 21 72
800 21 74
801 21 75
802 21 76
803 21 77
804 21 84
805 21 107
806 21 108
807 21 109
808 21 110
809 22 23
810 22 24
811 22 25
812 22 26
813 22 27
814 22 28
815 22 29
816 22 30
817 22 31
818 22 32
819 22 33
820 22 34
821 22 35
822 22 36
823 22 37
824 22 38
825 22 39
826 22 40
827 22 41
828 22 42
829 22 43
830 22 61
831 22 62
832 22 63
833 22 64
834 22 65
835 22 66
836 22 67
837 22 68
838 22 69
839 22 70
840 22 71
841 22 72
842 22 74
843 22 75
844 22 76
845 22 77
846 22 84
847 22 107
848 22 108
849 22 109
850 22 110
851 22 111
852 23 24
853 23 25
854 23 26
855 23 27
856 23 28
857 23 29
858 23 30
859 23 31
860 23 32
861 23 33
862 23 34
863 23 35
864 23 36
865 23 37
866 23 38
867 23 39
868 23 40
869 23 41
870 23 42
871 23 43
872 23 61
873 23 62
874 23 63
875 23 64
876 23 65
877 23 66
878 23 67
879 23 68
880 23 69
881 23 70
882 23 71
883 23 72
884 23 73
885 23 74
886 23 75
887 23 76
888 23 77
889 23 84
890 23 107
891 23 108
892 23 109
893 23 110
894 23 111
895 24 25
896 24 26
897 24 27
898 24 28
899 24 29
900 24 30
901 24 31
902 24 32
903 24 33
904 24 34
905 24 35
906 24 36
907 24 37
908 24 38
909 24 39
910 24 40
911 24 41
912 24 42
913 24 43
914 24 61
915 24 62
916 24 63
917 24 64
918 24 65
919 24 66
920 24 67
921 24 68
922 24 69
923 24 70
924 24 71
925 24 72
926 24 73
927 24 74
928 24 75
929 24 76
930 24 77
931 24 84
932 24 107
933 24 108
934 24 109
935 24 110
936 24 111
937 25 26
938 25 27
939 25 28
940 25 29
941 25 30
942 25 31
943 25 32
944 25 33
945 25 34
946 25 35
947 25 36
948 25 37
949 25 38
950 25 39
951 25 40
952 25 41
953 25 42
954 25 43
955 25 61
956 25 62
957 25 63
958 25 64
959 25 65
960 25 66
961 25 67
962 25 68
963 25 69
964 25 70
965 25 71
966 25 72
967 25 73
968 25 74
969 25 75
970 25 76
971 25 77
972 25 84
973 25 107
974 25 108
975 25 109
976 25 110
977 25 111
978 26 27
979 26 28
980 26 29
981 26 30
982 26 31
983 26 32
984 26 33
985 26 34
986 26 35
987 26 36
988 26 37
989 26 38
990 26 39
991 26 40
992 26 41
993 26 42
994 26 43
995 26 62
996 26 63
997 26 64
998 26 65
999 26 66
1000 26 67
1001 26 68
1002 26 69
1003 26 70
1004 26 71
1005 26 72
1006 26 73
1007 26 74
1008 26 75
1009 26 76
1010 26 77
1011 26 84
1012 26 107
1013 26 108
1014 26 109
1015 26 110
1016 26 111
1017 27 28
1018 27 29
1019 27 30
1020 27 31
1021 27 32
1022 27 33
1023 27 34
1024 27 35
1025 27 36
1026 27 37
1027 27 38
1028 27 39
1029 27 40
1030 27 41
1031 27 42
1032 27 43
1033 27 63
1034 27 64
1035 27 65
1036 27 66
1037 27 67
1038 27 68
1039 27 69
1040 27 70
1041 27 71
1042 27 72
1043 27 73
1044 27 74
1045 27 75
1046 27 76
1047 27 77
1048 27 78
1049 27 84
1050 27 107
1051 27 108
1052 27 109
1053 27 110
1054 27 111
1055 27 115
1056 28 29
1057 28 30
1058 28 31
1059 28 32
1060 28 33
1061 28 34
1062 28 35
1063 28 36
1064 28 37
1065 28 38
1066 28 39
1067 28 40
1068 28 41
1069 28 42
1070 28 43
1071 28 63
1072 28 64
1073 28 65
1074 28 66
1075 28 67
1076 28 68
1077 28 69
1078 28 70
1079 28 71
1080 28 72
1081 28 73
1082 28 74
1083 28 75
1084 28 76
1085 28 77
1086 28 78
1087 28 79
1088 28 84
1089 28 107
1090 28 108
1091 28 109
1092 28 110
1093 28 111
1094 28 115
1095 29 30
1096 29 31
1097 29 32
1098 29 33
1099 29 34
1100 29 35
1101 29 36
1102 29 37
1103 29 38
1104 29 39
1105 29 40
1106 29 41
1107 29 42
1108 29 43
1109 29 64
1110 29 65
1111 29 66
1112 29 67
1113 29 68
1114 29 69
1115 29 70
1116 29 71
1117 29 72
1118 29 73
1119 29 74
1120 29 75
1121 29 76
1122 29 77
1123 29 78
1124 29 79
1125 29 80
1126 29 81
1127 29 84
1128 29 107
1129 29 108
1130 29 109
1131 29 110
1132 29 111
1133 29 115
1134 29 116
1135 29 125
1136 30 31
1137 30 32
1138 30 33
1139 30 34
1140 30 35
1141 30 36
1142 30 37
1143 30 38
1144 30 39
1145 30 40
1146 30 41
1147 30 42
1148 30 43
1149 30 65
1150 30 66
1151 30 67
1152 30 68
1153 30 69
1154 30 70
1155 30 71
1156 30 72
1157 30 73
1158 30 74
1159 30 75
1160 30 76
1161 30 77
1162 30 78
1163 30 79
1164 30 80
1165 30 81
1166 30 82
1167 30 84
1168 30 108
1169 30 109
1170 30 110
1171 30 111
1172 30 115
1173 30 116
1174 30 117
1175 30 118
1176 30 125
1177 31 32
1178 31 33
1179 31 34
1180 31 35
1181 31 36
1182 31 37
1183 31 38
1184 31 39
1185 31 40
1186 31 41
1187 31 42
1188 31 43
1189 31 65
1190 31 66
1191 31 67
1192 31 68
1193 31 69
1194 31 70
1195 31 71
1196 31 72
1197 31 73
1198 31 74
1199 31 75
1200 31 76
1201 31 77
1202 31 78
1203 31 79
1204 31 80
1205 31 81
1206 31 82
1207 31 83
1208 31 84
1209 31 109
1210 31 110
1211 31 111
1212 31 115
1213 31 116
1214 31 117
1215 31 118
1216 31 125
1217 32 33
1218 32 34
1219 32 35
1220 32 36
1221 32 37
1222 32 38
1223 32 39
1224 32 40
1225 32 41
1226 32 42
1227 32 43
1228 32 44
1229 32 65
1230 32 66
1231 32 67
1232 32 68
1233 32 69
1234 32 70
1235 32 71
1236 32 72
1237 32 73
1238 32 74
1239 32 75
1240 32 76
1241 32 77
1242 32 78
1243 32 79
1244 32 80
1245 32 81
1246 32 82
1247 32 83
1248 32 84
1249 32 110
1250 32 111
1251 32 115
1252 32 116
1253 32 117
1254 32 118
1255 32 125
1256 33 34
1257 33 35
1258 33 36
1259 33 37
1260 33 38
1261 33 39
1262 33 40
1263 33 41
1264 33 42
1265 33 43
1266 33 44
1267 33 65
1268 33 66
1269 33 67
1270 33 68
1271 33 69
1272 33 70
1273 33 71
1274 33 72
1275 33 73
1276 33 74
1277 33 75
1278 33 76
1279 33 77
1280 33 78
1281 33 79
1282 33 80
1283 33 81
1284 33 82
1285 33 83
1286 33 84
1287 33 111
1288 33 115
1289 33 116
1290 33 117
1291 33 118
1292 33 125
1293 34 35
1294 34 36
1295 34 37
1296 34 38
1297 34 39
1298 34 40
1299 34 41
1300 34 42
1301 34 43
1302 34 44
1303 34 45
1304 34 65
1305 34 66
1306 34 67
1307 34 68
1308 34 69
1309 34 70
1310 34 71
1311 34 72
1312 34 73
1313 34 74
1314 34 75
1315 34 76
1316 34 77
1317 34 78
1318 34 79
1319 34 80
1320 34 81
1321 34 82
1322 34 83
1323 34 84
1324 34 111
1325 34 115
1326 34 116
1327 34 117
1328 34 118
1329 34 125
1330 35 36
1331 35 37
1332 35 38
1333 35 39
1334 35 40
1335 35 41
1336 35 42
1337 35 43
1338 35 44
1339 35 45
1340 35 65
1341 35 66
1342 35 67
1343 35 68
1344 35 69
1345 35 70
1346 35 71
1347 35 72
1348 35 73
1349 35 74
1350 35 75
1351 35 76
1352 35 77
1353 35 78
1354 35 79
1355 35 80
1356 35 81
1357 35 82
1358 35 83
1359 35 84
1360 35 111
1361 35 115
1362 35 116
1363 35 117
1364 35 118
1365 35 125
1366 36 37
1367 36 38
1368 36 39
1369 36 40
1370 36 41
1371 36 42
1372 36 43
1373 36 44
1374 36 45
1375 36 65
1376 36 66
1377 36 67
1378 36 68
1379 36 69
1380 36 70
1381 36 71
1382 36 72
1383 36 73
1384 36 74
1385 36 75
1386 36 76
1387 36 77
1388 36 78
1389 36 79
1390 36 80
1391 36 81
1392 36 82
1393 36 83
1394 36 84
1395 36 115
1396 36 116
1397 36 117
1398 36 118
1399 36 125
1400 37 38
1401 37 39
1402 37 40
1403 37 41
1404 37 42
1405 37 43
1406 37 44
1407 37 45
1408 37 46
1409 37 65
1410 37 66
1411 37 67
1412 37 68
1413 37 69
1414 37 70
1415 37 71
1416 37 72
1417 37 73
1418 37 74
1419 37 75
1420 37 76
1421 37 77
1422 37 78
1423 37 79
1424 37 80
1425 37 81
1426 37 82
1427 37 83
1428 37 84
1429 37 115
1430 37 116
1431 37 117
1432 37 118
1433 37 125
1434 38 39
1435 38 40
1436 38 41
1437 38 42
1438 38 43
1439 38 44
1440 38 45
1441 38 46
1442 38 65
1443 38 66
1444 38 67
1445 38 68
1446 38 69
1447 38 70
1448 38 71
1449 38 72
1450 38 73
1451 38 74
1452 38 75
1453 38 76
1454 38 77
1455 38 78
1456 38 79
1457 38 80
1458 38 81
1459 38 82
1460 38 83
1461 38 84
1462 38 115
1463 38 116
1464 38 117
1465 38 118
1466 38 125
1467 39 40
1468 39 41
1469 39 42
1470 39 43
1471 39 44
1472 39 45
1473 39 46
1474 39 47
1475 39 65
1476 39 66
1477 39 67
1478 39 68
1479 39 69
1480 39 70
1481 39 71
1482 39 72
1483 39 73
1484 39 74
1485 39 75
1486 39 76
1487 39 77
1488 39 78
1489 39 79
1490 39 80
1491 39 81
1492 39 82
1493 39 83
1494 39 84
1495 39 115
1496 39 116
1497 39 117
1498 39 118
1499 39 125
1500 40 41
1501 40 42
1502 40 43
1503 40 44
1504 40 45
1505 40 46
1506 40 47
1507 40 65
1508 40 66
1509 40 67
1510 40 68
1511 40 69
1512 40 70
1513 40 71
1514 40 72
1515 40 73
1516 40 74
1517 40 75
1518 40 76
1519 40 77
1520 40 78
1521 40 79
1522 40 80
1523 40 81
1524 40 82
1525 40 83
1526 40 84
1527 40 115
1528 40 116
1529 40 117
1530 40 118
1531 40 125
1532 41 42
1533 41 43
1534 41 44
1535 41 45
1536 41 46
1537 41 47
1538 41 65
1539 41 66
1540 41 67
1541 41 68
1542 41 69
1543 41 70
1544 41 71
1545 41 72
1546 41 73
1547 41 74
1548 41 75
1549 41 76
1550 41 77
1551 41 78
1552 41 79
1553 41 80
1554 41 81
1555 41 82
1556 41 83
1557 41 84
1558 41 116
1559 41 117
1560 41 118
1561 41 125
1562 42 43
1563 42 44
1564 42 45
1565 42 46
1566 42 47
1567 42 48
1568 42 65
1569 42 66
1570 42 67
1571 42 68
1572 42 69
1573 42 70
1574 42 71
1575 42 72
1576 42 73
1577 42 74
1578 42 75
1579 42 76
1580 42 77
1581 42 78
1582 42 79
1583 42 80
1584 42 81
1585 42 82
1586 42 83
1587 42 84
1588 42 117
1589 42 118
1590 42 125
1591 43 44
1592 43 45
1593 43 46
1594 43 65
1595 43 66
1596 43 67
1597 43 68
1598 43 69
1599 43 70
1600 43 71
1601 43 72
1602 43 73
1603 43 74
1604 43 75
1605 43 76
1606 43 77
1607 43 78
1608 43 79
1609 43 80
1610 43 81
1611 43 82
1612 43 83
1613 43 84
1614 43 107
1615 43 108
1616 43 109
1617 43 110
1618 43 111
1619 43 115
1620 43 116
1621 43 117
1622 43 118
1623 43 125
1624 43 166
1625 44 45
1626 44 46
1627 44 47
1628 44 48
1629 44 49
1630 44 75
1631 44 76
1632 44 77
1633 44 78
1634 44 79
1635 44 80
1636 44 81
1637 44 82
1638 44 83
1639 44 84
1640 44 85
1641 44 86
1642 44 87
1643 44 118
1644 44 119
1645 44 120
1646 44 121
1647 44 122
1648 44 123
1649 44 124
1650 44 163
1651 45 46
1652 45 47
1653 45 48
1654 45 49
1655 45 76
1656 45 77
1657 45 78
1658 45 79
1659 45 80
1660 45 81
1661 45 82
1662 45 83
1663 45 84
1664 45 85
1665 45 86
1666 45 87
1667 45 88
1668 45 120
1669 45 122
1670 45 123
1671 45 124
1672 46 47
1673 46 48
1674 46 49
1675 46 79
1676 46 80
1677 46 81
1678 46 82
1679 46 83
1680 46 84
1681 46 85
1682 46 86
1683 46 87
1684 46 88
1685 46 89
1686 46 122
1687 46 123
1688 46 124
1689 47 48
1690 47 49
1691 47 50
1692 47 80
1693 47 81
1694 47 82
1695 47 83
1696 47 85
1697 47 86
1698 47 87
1699 47 88
1700 47 89
1701 47 123
1702 47 124
1703 48 49
1704 48 50
1705 48 81
1706 48 82
1707 48 83
1708 48 85
1709 48 86
1710 48 87
1711 48 88
1712 48 89
1713 48 123
1714 48 124
1715 49 50
1716 49 82
1717 49 83
1718 49 85
1719 49 86
1720 49 87
1721 49 88
1722 49 89
1723 50 88
1724 50 89
1725 50 131
1726 51 52
1727 51 53
1728 51 54
1729 51 90
1730 51 91
1731 51 92
1732 51 93
1733 51 94
1734 51 95
1735 51 132
1736 51 133
1737 52 53
1738 52 54
1739 52 92
1740 52 93
1741 52 94
1742 52 95
1743 53 54
1744 53 55
1745 53 56
1746 53 92
1747 53 93
1748 53 94
1749 53 95
1750 53 96
1751 53 97
1752 54 55
1753 54 56
1754 54 57
1755 54 92
1756 54 93
1757 54 94
1758 54 95
1759 54 96
1760 54 97
1761 54 98
1762 54 135
1763 54 136
1764 54 137
1765 54 138
1766 55 56
1767 55 57
1768 55 93
1769 55 94
1770 55 95
1771 55 96
1772 55 97
1773 55 98
1774 55 135
1775 55 136
1776 55 137
1777 55 138
1778 56 57
1779 56 94
1780 56 95
1781 56 96
1782 56 97
1783 56 98
1784 56 136
1785 56 137
1786 56 138
1787 56 139
1788 57 58
1789 57 96
1790 57 97
1791 57 98
1792 57 99
1793 57 137
1794 57 138
1795 57 139
1796 57 140
1797 58 59
1798 58 98
1799 58 99
1800 58 100
1801 58 139
1802 58 140
1803 58 141
1804 58 181
1805 59 60
1806 59 61
1807 59 62
1808 59 63
1809 59 99
1810 59 100
1811 59 101
1812 59 102
1813 59 103
1814 59 142
1815 59 143
1816 60 61
1817 60 62
1818 60 63
1819 60 64
1820 60 100
1821 60 101
1822 60 102
1823 60 103
1824 60 104
1825 60 105
1826 60 106
1827 60 142
1828 60 143
1829 60 144
1830 60 145
1831 61 62
1832 61 63
1833 61 64
1834 61 65
1835 61 66
1836 61 67
1837 61 68
1838 61 101
1839 61 102
1840 61 103
1841 61 104
1842 61 105
1843 61 106
1844 61 107
1845 61 108
1846 61 142
1847 61 143
1848 61 144
1849 61 145
1850 61 146
1851 61 147
1852 62 63
1853 62 64
1854 62 65
1855 62 66
1856 62 67
1857 62 68
1858 62 69
1859 62 101
1860 62 102
1861 62 103
1862 62 104
1863 62 105
1864 62 106
1865 62 107
1866 62 108
1867 62 109
1868 62 143
1869 62 144
1870 62 145
1871 62 146
1872 62 147
1873 62 148
1874 63 64
1875 63 65
1876 63 66
1877 63 67
1878 63 68
1879 63 69
1880 63 70
1881 63 102
1882 63 103
1883 63 104
1884 63 105
1885 63 106
1886 63 107
1887 63 108
1888 63 109
1889 63 110
1890 63 143
1891 63 144
1892 63 145
1893 63 146
1894 63 147
1895 63 148
1896 63 149
1897 64 65
1898 64 66
1899 64 67
1900 64 68
1901 64 69
1902 64 70
1903 64 71
1904 64 102
1905 64 103
1906 64 104
1907 64 105
1908 64 106
1909 64 107
1910 64 108
1911 64 109
1912 64 110
1913 64 111
1914 64 144
1915 64 145
1916 64 146
1917 64 147
1918 64 148
1919 64 149
1920 65 66
1921 65 67
1922 65 68
1923 65 69
1924 65 70
1925 65 71
1926 65 72
1927 65 74
1928 65 75
1929 65 84
1930 65 102
1931 65 103
1932 65 104
1933 65 105
1934 65 106
1935 65 107
1936 65 108
1937 65 109
1938 65 110
1939 65 111
1940 65 125
1941 65 146
1942 65 147
1943 65 148
1944 65 149
1945 65 150
1946 66 67
1947 66 68
1948 66 69
1949 66 70
1950 66 71
1951 66 72
1952 66 73
1953 66 74
1954 66 75
1955 66 76
1956 66 77
1957 66 84
1958 66 103
1959 66 104
1960 66 105
1961 66 106
1962 66 107
1963 66 108
1964 66 109
1965 66 110
1966 66 111
1967 66 112
1968 66 125
1969 66 146
1970 66 147
1971 66 148
1972 66 149
1973 66 150
1974 66 151
1975 67 68
1976 67 69
1977 67 70
1978 67 71
1979 67 72
1980 67 73
1981 67 74
1982 67 75
1983 67 76
1984 67 77
1985 67 84
1986 67 104
1987 67 105
1988 67 106
1989 67 107
1990 67 108
1991 67 109
1992 67 110
1993 67 111
1994 67 112
1995 67 113
1996 67 125
1997 67 147
1998 67 148
1999 67 149
2000 67 150
2001 67 151
2002 67 152
2003 68 69
2004 68 70
2005 68 71
2006 68 72
2007 68 73
2008 68 74
2009 68 75
2010 68 76
2011 68 77
2012 68 84
2013 68 105
2014 68 106
2015 68 107
2016 68 108
2017 68 109
2018 68 110
2019 68 111
2020 68 112
2021 68 113
2022 68 114
2023 68 115
2024 68 125
2025 68 147
2026 68 148
2027 68 149
2028 68 150
2029 68 151
2030 68 152
2031 69 70
2032 69 71
2033 69 72
2034 69 73
2035 69 74
2036 69 75
2037 69 76
2038 69 77
2039 69 84
2040 69 106
2041 69 107
2042 69 108
2043 69 109
2044 69 110
2045 69 111
2046 69 112
2047 69 113
2048 69 114
2049 69 115
2050 69 116
2051 69 117
2052 69 125
2053 69 149
2054 69 150
2055 69 151
2056 69 152
2057 70 71
2058 70 72
2059 70 73
2060 70 74
2061 70 75
2062 70 76
2063 70 77
2064 70 78
2065 70 84
2066 70 107
2067 70 108
2068 70 109
2069 70 110
2070 70 111
2071 70 112
2072 70 113
2073 70 114
2074 70 115
2075 70 116
2076 70 117
2077 70 118
2078 70 125
2079 70 149
2080 70 150
2081 70 151
2082 70 152
2083 71 72
2084 71 73
2085 71 74
2086 71 75
2087 71 76
2088 71 77
2089 71 78
2090 71 79
2091 71 84
2092 71 107
2093 71 108
2094 71 109
2095 71 110
2096 71 111
2097 71 112
2098 71 113
2099 71 114
2100 71 115
2101 71 116
2102 71 117
2103 71 118
2104 71 125
2105 71 151
2106 71 152
2107 72 73
2108 72 74
2109 72 75
2110 72 76
2111 72 77
2112 72 78
2113 72 79
2114 72 84
2115 72 107
2116 72 108
2117 72 109
2118 72 110
2119 72 111
2120 72 112
2121 72 113
2122 72 114
2123 72 115
2124 72 116
2125 72 117
2126 72 118
2127 72 151
2128 72 152
2129 72 153
2130 72 154
2131 72 155
2132 72 156
2133 72 157
2134 73 74
2135 73 75
2136 73 76
2137 73 77
2138 73 78
2139 73 79
2140 73 80
2141 73 84
2142 73 108
2143 73 109
2144 73 110
2145 73 111
2146 73 112
2147 73 113
2148 73 114
2149 73 115
2150 73 116
2151 73 117
2152 73 118
2153 73 119
2154 73 151
2155 73 152
2156 73 153
2157 73 154
2158 73 155
2159 73 156
2160 73 157
2161 73 158
2162 74 75
2163 74 76
2164 74 77
2165 74 78
2166 74 79
2167 74 80
2168 74 81
2169 74 82
2170 74 83
2171 74 84
2172 74 108
2173 74 109
2174 74 110
2175 74 111
2176 74 112
2177 74 113
2178 74 114
2179 74 115
2180 74 116
2181 74 117
2182 74 118
2183 74 119
2184 74 120
2185 74 125
2186 74 156
2187 74 157
2188 74 158
2189 74 159
2190 75 76
2191 75 77
2192 75 78
2193 75 79
2194 75 80
2195 75 81
2196 75 82
2197 75 83
2198 75 84
2199 75 109
2200 75 110
2201 75 111
2202 75 112
2203 75 113
2204 75 114
2205 75 115
2206 75 116
2207 75 117
2208 75 118
2209 75 119
2210 75 120
2211 75 125
2212 75 156
2213 75 157
2214 75 158
2215 75 159
2216 76 77
2217 76 78
2218 76 79
2219 76 80
2220 76 81
2221 76 82
2222 76 83
2223 76 84
2224 76 110
2225 76 111
2226 76 112
2227 76 113
2228 76 114
2229 76 115
2230 76 116
2231 76 117
2232 76 118
2233 76 119
2234 76 120
2235 76 125
2236 76 156
2237 76 157
2238 76 158
2239 76 159
2240 77 78
2241 77 79
2242 77 80
2243 77 81
2244 77 82
2245 77 83
2246 77 84
2247 77 111
2248 77 112
2249 77 113
2250 77 114
2251 77 115
2252 77 116
2253 77 117
2254 77 118
2255 77 119
2256 77 120
2257 77 123
2258 77 125
2259 77 156
2260 77 157
2261 77 158
2262 77 159
2263 78 79
2264 78 80
2265 78 81
2266 78 82
2267 78 83
2268 78 84
2269 78 114
2270 78 115
2271 78 116
2272 78 117
2273 78 118
2274 78 119
2275 78 120
2276 78 121
2277 78 122
2278 78 123
2279 78 124
2280 78 125
2281 78 156
2282 78 157
2283 78 158
2284 78 159
2285 78 160
2286 78 161
2287 78 162
2288 79 80
2289 79 81
2290 79 82
2291 79 83
2292 79 84
2293 79 85
2294 79 115
2295 79 116
2296 79 117
2297 79 118
2298 79 119
2299 79 120
2300 79 121
2301 79 122
2302 79 123
2303 79 124
2304 79 157
2305 79 158
2306 79 159
2307 79 160
2308 79 161
2309 79 162
2310 79 163
2311 80 81
2312 80 82
2313 80 83
2314 80 84
2315 80 85
2316 80 86
2317 80 115
2318 80 116
2319 80 117
2320 80 118
2321 80 119
2322 80 120
2323 80 121
2324 80 122
2325 80 123
2326 80 124
2327 80 158
2328 80 159
2329 80 160
2330 80 161
2331 80 162
2332 80 163
2333 81 82
2334 81 83
2335 81 84
2336 81 85
2337 81 86
2338 81 115
2339 81 116
2340 81 117
2341 81 118
2342 81 119
2343 81 120
2344 81 121
2345 81 122
2346 81 123
2347 81 124
2348 81 159
2349 81 161
2350 81 162
2351 81 163
2352 82 83
2353 82 84
2354 82 85
2355 82 86
2356 82 116
2357 82 117
2358 82 118
2359 82 119
2360 82 120
2361 82 121
2362 82 122
2363 82 123
2364 82 124
2365 82 162
2366 82 163
2367 83 84
2368 83 85
2369 83 86
2370 83 87
2371 83 117
2372 83 118
2373 83 119
2374 83 120
2375 83 121
2376 83 122
2377 83 123
2378 83 124
2379 83 163
2380 84 107
2381 84 108
2382 84 109
2383 84 110
2384 84 111
2385 84 115
2386 84 116
2387 84 117
2388 84 118
2389 84 125
2390 84 166
2391 85 86
2392 85 87
2393 85 88
2394 85 120
2395 85 121
2396 85 122
2397 85 123
2398 85 124
2399 85 126
2400 85 127
2401 85 128
2402 85 162
2403 85 163
2404 85 164
2405 85 165
2406 86 87
2407 86 88
2408 86 89
2409 86 121
2410 86 122
2411 86 123
2412 86 124
2413 86 126
2414 86 127
2415 86 128
2416 86 163
2417 86 164
2418 86 165
2419 87 88
2420 87 89
2421 87 123
2422 87 124
2423 87 126
2424 87 127
2425 87 128
2426 87 165
2427 87 168
2428 87 169
2429 88 89
2430 88 124
2431 88 126
2432 88 127
2433 88 128
2434 88 129
2435 88 131
2436 88 169
2437 89 127
2438 89 128
2439 89 129
2440 89 131
2441 89 132
2442 89 172
2443 89 173
2444 90 91
2445 90 92
2446 90 93
2447 90 129
2448 90 130
2449 90 131
2450 90 132
2451 90 133
2452 90 134
2453 90 171
2454 90 172
2455 90 173
2456 91 92
2457 91 93
2458 91 94
2459 91 130
2460 91 131
2461 91 132
2462 91 133
2463 91 134
2464 91 135
2465 91 171
2466 91 172
2467 92 93
2468 92 94
2469 92 95
2470 92 132
2471 92 133
2472 92 134
2473 92 135
2474 93 94
2475 93 95
2476 93 96
2477 93 132
2478 93 133
2479 93 134
2480 93 135
2481 93 136
2482 93 137
2483 93 174
2484 94 95
2485 94 96
2486 94 97
2487 94 132
2488 94 133
2489 94 134
2490 94 135
2491 94 136
2492 94 137
2493 94 138
2494 95 96
2495 95 97
2496 95 98
2497 95 133
2498 95 134
2499 95 135
2500 95 136
2501 95 137
2502 95 138
2503 96 97
2504 96 98
2505 96 135
2506 96 136
2507 96 137
2508 96 138
2509 96 139
2510 97 98
2511 97 135
2512 97 136
2513 97 137
2514 97 138
2515 97 139
2516 98 99
2517 98 136
2518 98 137
2519 98 138
2520 98 139
2521 98 140
2522 99 100
2523 99 101
2524 99 138
2525 99 139
2526 99 140
2527 99 141
2528 99 179
2529 99 180
2530 99 181
2531 99 182
2532 100 101
2533 100 102
2534 100 140
2535 100 141
2536 100 142
2537 100 143
2538 100 181
2539 100 182
2540 100 183
2541 101 102
2542 101 103
2543 101 104
2544 101 105
2545 101 141
2546 101 142
2547 101 143
2548 101 144
2549 101 145
2550 101 182
2551 101 183
2552 101 184
2553 101 185
2554 102 103
2555 102 104
2556 102 105
2557 102 106
2558 102 107
2559 102 142
2560 102 143
2561 102 144
2562 102 145
2563 102 146
2564 102 147
2565 102 148
2566 102 184
2567 102 185
2568 102 186
2569 102 187
2570 102 188
2571 103 104
2572 103 105
2573 103 106
2574 103 107
2575 103 108
2576 103 142
2577 103 143
2578 103 144
2579 103 145
2580 103 146
2581 103 147
2582 103 148
2583 103 149
2584 103 184
2585 103 185
2586 103 186
2587 103 187
2588 103 188
2589 103 189
2590 104 105
2591 104 106
2592 104 107
2593 104 108
2594 104 109
2595 104 142
2596 104 143
2597 104 144
2598 104 145
2599 104 146
2600 104 147
2601 104 148
2602 104 149
2603 104 184
2604 104 185
2605 104 186
2606 104 187
2607 104 188
2608 104 189
2609 105 106
2610 105 107
2611 105 108
2612 105 109
2613 105 110
2614 105 142
2615 105 143
2616 105 144
2617 105 145
2618 105 146
2619 105 147
2620 105 148
2621 105 149
2622 105 150
2623 105 184
2624 105 185
2625 105 186
2626 105 187
2627 105 188
2628 105 189
2629 105 190
2630 106 107
2631 106 108
2632 106 109
2633 106 110
2634 106 111
2635 106 143
2636 106 144
2637 106 145
2638 106 146
2639 106 147
2640 106 148
2641 106 149
2642 106 150
2643 106 151
2644 106 185
2645 106 186
2646 106 187
2647 106 188
2648 106 189
2649 106 190
2650 106 191
2651 107 108
2652 107 109
2653 107 110
2654 107 111
2655 107 112
2656 107 125
2657 107 145
2658 107 146
2659 107 147
2660 107 148
2661 107 149
2662 107 150
2663 107 151
2664 107 152
2665 107 188
2666 107 189
2667 107 190
2668 107 191
2669 107 192
2670 108 109
2671 108 110
2672 108 111
2673 108 112
2674 108 113
2675 108 125
2676 108 146
2677 108 147
2678 108 148
2679 108 149
2680 108 150
2681 108 151
2682 108 152
2683 108 188
2684 108 189
2685 108 190
2686 108 191
2687 108 192
2688 108 193
2689 109 110
2690 109 111
2691 109 112
2692 109 113
2693 109 114
2694 109 115
2695 109 125
2696 109 146
2697 109 147
2698 109 148
2699 109 149
2700 109 150
2701 109 151
2702 109 152
2703 109 153
2704 109 188
2705 109 189
2706 109 190
2707 109 191
2708 109 192
2709 109 193
2710 110 111
2711 110 112
2712 110 113
2713 110 114
2714 110 115
2715 110 116
2716 110 125
2717 110 147
2718 110 148
2719 110 149
2720 110 150
2721 110 151
2722 110 152
2723 110 153
2724 110 154
2725 110 189
2726 110 190
2727 110 191
2728 110 192
2729 110 193
2730 110 194
2731 111 112
2732 111 113
2733 111 114
2734 111 115
2735 111 116
2736 111 117
2737 111 125
2738 111 148
2739 111 149
2740 111 150
2741 111 151
2742 111 152
2743 111 153
2744 111 154
2745 111 155
2746 111 156
2747 111 190
2748 111 191
2749 111 192
2750 111 193
2751 111 194
2752 112 113
2753 112 114
2754 112 115
2755 112 116
2756 112 117
2757 112 149
2758 112 150
2759 112 151
2760 112 152
2761 112 153
2762 112 154
2763 112 155
2764 112 156
2765 112 157
2766 112 191
2767 112 192
2768 112 193
2769 112 194
2770 112 195
2771 113 114
2772 113 115
2773 113 116
2774 113 117
2775 113 118
2776 113 150
2777 113 151
2778 113 152
2779 113 153
2780 113 154
2781 113 155
2782 113 156
2783 113 157
2784 113 158
2785 113 192
2786 113 193
2787 113 194
2788 113 195
2789 113 196
2790 113 197
2791 114 115
2792 114 116
2793 114 117
2794 114 118
2795 114 119
2796 114 151
2797 114 152
2798 114 153
2799 114 154
2800 114 155
2801 114 156
2802 114 157
2803 114 158
2804 114 159
2805 114 193
2806 114 194
2807 114 195
2808 114 196
2809 114 197
2810 114 198
2811 115 116
2812 115 117
2813 115 118
2814 115 119
2815 115 120
2816 115 125
2817 115 152
2818 115 153
2819 115 154
2820 115 155
2821 115 156
2822 115 157
2823 115 158
2824 115 159
2825 115 160
2826 115 193
2827 115 197
2828 115 198
2829 116 117
2830 116 118
2831 116 119
2832 116 120
2833 116 125
2834 116 152
2835 116 153
2836 116 154
2837 116 155
2838 116 156
2839 116 157
2840 116 158
2841 116 159
2842 116 160
2843 116 161
2844 116 197
2845 116 198
2846 116 199
2847 116 200
2848 117 118
2849 117 119
2850 117 120
2851 117 121
2852 117 123
2853 117 125
2854 117 154
2855 117 155
2856 117 156
2857 117 157
2858 117 158
2859 117 159
2860 117 160
2861 117 161
2862 117 162
2863 117 197
2864 117 198
2865 117 199
2866 117 200
2867 117 201
2868 118 119
2869 118 120
2870 118 121
2871 118 122
2872 118 123
2873 118 124
2874 118 125
2875 118 155
2876 118 156
2877 118 157
2878 118 158
2879 118 159
2880 118 160
2881 118 161
2882 118 162
2883 118 163
2884 118 197
2885 118 198
2886 118 199
2887 118 200
2888 118 201
2889 119 120
2890 119 121
2891 119 122
2892 119 123
2893 119 124
2894 119 156
2895 119 157
2896 119 158
2897 119 159
2898 119 160
2899 119 161
2900 119 162
2901 119 163
2902 119 198
2903 119 199
2904 119 200
2905 119 201
2906 119 202
2907 119 203
2908 120 121
2909 120 122
2910 120 123
2911 120 124
2912 120 156
2913 120 157
2914 120 158
2915 120 159
2916 120 160
2917 120 161
2918 120 162
2919 120 163
2920 120 164
2921 120 199
2922 120 200
2923 120 201
2924 120 202
2925 120 203
2926 121 122
2927 121 123
2928 121 124
2929 121 158
2930 121 159
2931 121 160
2932 121 161
2933 121 162
2934 121 163
2935 121 164
2936 121 165
2937 121 200
2938 121 201
2939 121 202
2940 121 203
2941 121 204
2942 122 123
2943 122 124
2944 122 126
2945 122 159
2946 122 160
2947 122 161
2948 122 162
2949 122 163
2950 122 164
2951 122 165
2952 122 201
2953 122 202
2954 122 203
2955 122 204
2956 122 205
2957 123 124
2958 123 126
2959 123 127
2960 123 159
2961 123 160
2962 123 161
2963 123 162
2964 123 163
2965 123 164
2966 123 165
2967 123 204
2968 124 126
2969 124 127
2970 124 161
2971 124 162
2972 124 163
2973 124 164
2974 124 165
2975 125 166
2976 125 207
2977 126 127
2978 126 128
2979 126 163
2980 126 164
2981 126 165
2982 126 167
2983 126 168
2984 126 169
2985 126 204
2986 126 205
2987 126 206
2988 126 208
2989 126 209
2990 126 246
2991 126 247
2992 127 128
2993 127 164
2994 127 165
2995 127 167
2996 127 168
2997 127 169
2998 127 205
2999 127 206
3000 127 208
3001 127 209
3002 127 210
3003 127 247
3004 128 129
3005 128 165
3006 128 167
3007 128 168
3008 128 169
3009 128 206
3010 128 209
3011 128 210
3012 128 212
3013 129 130
3014 129 131
3015 129 168
3016 129 169
3017 129 170
3018 129 171
3019 129 172
3020 129 210
3021 129 211
3022 129 212
3023 130 131
3024 130 132
3025 130 170
3026 130 171
3027 130 172
3028 130 211
3029 131 132
3030 131 133
3031 131 134
3032 131 170
3033 131 171
3034 131 172
3035 131 173
3036 131 174
3037 131 175
3038 131 212
3039 131 214
3040 132 133
3041 132 134
3042 132 135
3043 132 136
3044 132 171
3045 132 172
3046 132 173
3047 132 174
3048 132 175
3049 132 176
3050 133 134
3051 133 135
3052 133 136
3053 133 137
3054 133 171
3055 133 172
3056 133 173
3057 133 174
3058 133 175
3059 133 176
3060 133 177
3061 134 135
3062 134 136
3063 134 137
3064 134 138
3065 134 172
3066 134 173
3067 134 174
3068 134 175
3069 134 176
3070 134 177
3071 134 178
3072 134 179
3073 135 136
3074 135 137
3075 135 138
3076 135 139
3077 135 173
3078 135 174
3079 135 175
3080 135 176
3081 135 177
3082 135 178
3083 135 179
3084 136 137
3085 136 138
3086 136 139
3087 136 174
3088 136 175
3089 136 176
3090 136 177
3091 136 178
3092 136 179
3093 136 180
3094 137 138
3095 137 139
3096 137 175
3097 137 176
3098 137 177
3099 137 178
3100 137 179
3101 137 180
3102 138 139
3103 138 140
3104 138 176
3105 138 177
3106 138 178
3107 138 179
3108 138 180
3109 138 181
3110 139 140
3111 139 177
3112 139 178
3113 139 179
3114 139 180
3115 139 181
3116 140 141
3117 140 180
3118 140 181
3119 140 182
3120 141 142
3121 141 181
3122 141 182
3123 141 183
3124 142 143
3125 142 144
3126 142 145
3127 142 146
3128 142 182
3129 142 183
3130 142 184
3131 142 185
3132 142 186
3133 142 187
3134 142 223
3135 142 224
3136 142 225
3137 142 226
3138 143 144
3139 143 145
3140 143 146
3141 143 147
3142 143 183
3143 143 184
3144 143 185
3145 143 186
3146 143 187
3147 143 188
3148 143 223
3149 143 224
3150 143 225
3151 143 226
3152 143 227
3153 143 228
3154 144 145
3155 144 146
3156 144 147
3157 144 148
3158 144 183
3159 144 184
3160 144 185
3161 144 186
3162 144 187
3163 144 188
3164 144 189
3165 144 224
3166 144 225
3167 144 226
3168 144 227
3169 144 228
3170 145 146
3171 145 147
3172 145 148
3173 145 149
3174 145 183
3175 145 184
3176 145 185
3177 145 186
3178 145 187
3179 145 188
3180 145 189
3181 145 224
3182 145 225
3183 145 226
3184 145 227
3185 145 228
3186 145 229
3187 146 147
3188 146 148
3189 146 149
3190 146 150
3191 146 184
3192 146 185
3193 146 186
3194 146 187
3195 146 188
3196 146 189
3197 146 190
3198 146 191
3199 146 225
3200 146 226
3201 146 227
3202 146 228
3203 146 229
3204 146 230
3205 147 148
3206 147 149
3207 147 150
3208 147 151
3209 147 184
3210 147 185
3211 147 186
3212 147 187
3213 147 188
3214 147 189
3215 147 190
3216 147 191
3217 147 192
3218 147 226
3219 147 227
3220 147 228
3221 147 229
3222 147 230
3223 147 231
3224 147 232
3225 148 149
3226 148 150
3227 148 151
3228 148 152
3229 148 185
3230 148 186
3231 148 187
3232 148 188
3233 148 189
3234 148 190
3235 148 191
3236 148 192
3237 148 193
3238 148 227
3239 148 228
3240 148 229
3241 148 230
3242 148 231
3243 148 232
3244 149 150
3245 149 151
3246 149 152
3247 149 153
3248 149 186
3249 149 187
3250 149 188
3251 149 189
3252 149 190
3253 149 191
3254 149 192
3255 149 193
3256 149 228
3257 149 229
3258 149 230
3259 149 231
3260 149 232
3261 149 233
3262 150 151
3263 150 152
3264 150 153
3265 150 188
3266 150 189
3267 150 190
3268 150 191
3269 150 192
3270 150 193
3271 150 194
3272 150 229
3273 150 230
3274 150 231
3275 150 232
3276 150 233
3277 150 234
3278 151 152
3279 151 153
3280 151 154
3281 151 155
3282 151 188
3283 151 189
3284 151 190
3285 151 191
3286 151 192
3287 151 193
3288 151 194
3289 151 230
3290 151 231
3291 151 232
3292 151 233
3293 151 234
3294 151 235
3295 152 153
3296 152 154
3297 152 155
3298 152 156
3299 152 189
3300 152 190
3301 152 191
3302 152 192
3303 152 193
3304 152 194
3305 152 195
3306 152 231
3307 152 232
3308 152 233
3309 152 234
3310 152 235
3311 152 236
3312 153 154
3313 153 155
3314 153 156
3315 153 157
3316 153 190
3317 153 191
3318 153 192
3319 153 193
3320 153 194
3321 153 195
3322 153 196
3323 153 197
3324 153 232
3325 153 233
3326 153 234
3327 153 235
3328 153 236
3329 154 155
3330 154 156
3331 154 157
3332 154 158
3333 154 192
3334 154 193
3335 154 194
3336 154 195
3337 154 196
3338 154 197
3339 154 198
3340 154 233
3341 154 234
3342 154 235
3343 154 236
3344 154 237
3345 155 156
3346 155 157
3347 155 158
3348 155 159
3349 155 192
3350 155 193
3351 155 194
3352 155 195
3353 155 196
3354 155 197
3355 155 198
3356 155 199
3357 155 234
3358 155 235
3359 155 236
3360 155 237
3361 155 238
3362 155 239
3363 156 157
3364 156 158
3365 156 159
3366 156 160
3367 156 161
3368 156 193
3369 156 194
3370 156 195
3371 156 196
3372 156 197
3373 156 198
3374 156 199
3375 156 200
3376 156 201
3377 156 235
3378 156 236
3379 156 237
3380 156 238
3381 156 239
3382 156 240
3383 157 158
3384 157 159
3385 157 160
3386 157 161
3387 157 162
3388 157 195
3389 157 196
3390 157 197
3391 157 198
3392 157 199
3393 157 200
3394 157 201
3395 157 236
3396 157 237
3397 157 238
3398 157 239
3399 157 240
3400 157 241
3401 157 242
3402 158 159
3403 158 160
3404 158 161
3405 158 162
3406 158 196
3407 158 197
3408 158 198
3409 158 199
3410 158 200
3411 158 201
3412 158 202
3413 158 238
3414 158 239
3415 158 240
3416 158 241
3417 158 242
3418 159 160
3419 159 161
3420 159 162
3421 159 163
3422 159 197
3423 159 198
3424 159 199
3425 159 200
3426 159 201
3427 159 202
3428 159 203
3429 159 239
3430 159 240
3431 159 241
3432 159 242
3433 160 161
3434 160 162
3435 160 163
3436 160 197
3437 160 198
3438 160 199
3439 160 200
3440 160 201
3441 160 202
3442 160 203
3443 160 204
3444 160 239
3445 160 240
3446 160 241
3447 160 242
3448 160 243
3449 160 244
3450 161 162
3451 161 163
3452 161 164
3453 161 198
3454 161 199
3455 161 200
3456 161 201
3457 161 202
3458 161 203
3459 161 204
3460 161 240
3461 161 241
3462 161 242
3463 161 243
3464 161 244
3465 161 245
3466 162 163
3467 162 164
3468 162 165
3469 162 199
3470 162 200
3471 162 201
3472 162 202
3473 162 203
3474 162 204
3475 162 205
3476 162 241
3477 162 242
3478 162 243
3479 162 244
3480 162 245
3481 162 246
3482 163 164
3483 163 165
3484 163 200
3485 163 201
3486 163 202
3487 163 203
3488 163 204
3489 163 205
3490 163 206
3491 163 244
3492 163 245
3493 163 246
3494 164 165
3495 164 167
3496 164 202
3497 164 203
3498 164 204
3499 164 205
3500 164 206
3501 164 208
3502 164 244
3503 164 245
3504 164 246
3505 164 247
3506 165 167
3507 165 168
3508 165 203
3509 165 204
3510 165 205
3511 165 206
3512 165 208
3513 165 209
3514 165 245
3515 165 246
3516 165 247
3517 166 207
3518 166 231
3519 166 232
3520 166 248
3521 167 168
3522 167 169
3523 167 204
3524 167 205
3525 167 206
3526 167 208
3527 167 209
3528 167 210
3529 167 246
3530 167 247
3531 167 249
3532 167 250
3533 167 251
3534 167 288
3535 168 169
3536 168 205
3537 168 206
3538 168 208
3539 168 209
3540 168 210
3541 168 247
3542 168 249
3543 168 250
3544 168 251
3545 168 252
3546 169 170
3547 169 208
3548 169 209
3549 169 210
3550 169 211
3551 169 212
3552 169 251
3553 169 252
3554 170 171
3555 170 172
3556 170 210
3557 170 211
3558 171 172
3559 171 173
3560 171 174
3561 171 211
3562 171 212
3563 172 173
3564 172 174
3565 172 175
3566 172 211
3567 172 212
3568 172 213
3569 172 214
3570 173 174
3571 173 175
3572 173 176
3573 173 177
3574 173 212
3575 173 213
3576 173 214
3577 173 215
3578 173 216
3579 173 217
3580 174 175
3581 174 176
3582 174 177
3583 174 178
3584 174 212
3585 174 213
3586 174 214
3587 174 215
3588 174 216
3589 174 217
3590 174 218
3591 175 176
3592 175 177
3593 175 178
3594 175 179
3595 175 212
3596 175 213
3597 175 214
3598 175 215
3599 175 216
3600 175 217
3601 175 218
3602 175 219
3603 175 220
3604 175 256
3605 176 177
3606 176 178
3607 176 179
3608 176 180
3609 176 213
3610 176 214
3611 176 215
3612 176 216
3613 176 217
3614 176 218
3615 176 219
3616 176 220
3617 176 221
3618 177 178
3619 177 179
3620 177 180
3621 177 214
3622 177 215
3623 177 216
3624 177 217
3625 177 218
3626 177 219
3627 177 220
3628 177 221
3629 178 179
3630 178 180
3631 178 181
3632 178 216
3633 178 217
3634 178 218
3635 178 219
3636 178 220
3637 178 221
3638 178 222
3639 179 180
3640 179 181
3641 179 216
3642 179 217
3643 179 218
3644 179 219
3645 179 220
3646 179 221
3647 179 222
3648 180 181
3649 180 217
3650 180 218
3651 180 219
3652 180 220
3653 180 221
3654 180 222
3655 180 223
3656 181 182
3657 181 220
3658 181 221
3659 181 222
3660 181 223
3661 182 183
3662 182 222
3663 182 223
3664 182 224
3665 183 184
3666 183 185
3667 183 186
3668 183 223
3669 183 224
3670 183 225
3671 183 226
3672 183 227
3673 184 185
3674 184 186
3675 184 187
3676 184 188
3677 184 223
3678 184 224
3679 184 225
3680 184 226
3681 184 227
3682 184 228
3683 184 229
3684 184 265
3685 184 266
3686 184 267
3687 184 268
3688 185 186
3689 185 187
3690 185 188
3691 185 189
3692 185 223
3693 185 224
3694 185 225
3695 185 226
3696 185 227
3697 185 228
3698 185 229
3699 185 265
3700 185 266
3701 185 267
3702 185 268
3703 186 187
3704 186 188
3705 186 189
3706 186 190
3707 186 224
3708 186 225
3709 186 226
3710 186 227
3711 186 228
3712 186 229
3713 186 230
3714 186 265
3715 186 266
3716 186 267
3717 186 268
3718 187 188
3719 187 189
3720 187 190
3721 187 224
3722 187 225
3723 187 226
3724 187 227
3725 187 228
3726 187 229
3727 187 230
3728 187 265
3729 187 266
3730 187 267
3731 187 268
3732 188 189
3733 188 190
3734 188 191
3735 188 192
3736 188 225
3737 188 226
3738 188 227
3739 188 228
3740 188 229
3741 188 230
3742 188 231
3743 188 232
3744 188 233
3745 188 266
3746 188 267
3747 188 268
3748 188 269
3749 188 270
3750 188 271
3751 188 272
3752 189 190
3753 189 191
3754 189 192
3755 189 193
3756 189 226
3757 189 227
3758 189 228
3759 189 229
3760 189 230
3761 189 231
3762 189 232
3763 189 233
3764 189 268
3765 189 269
3766 189 270
3767 189 271
3768 189 272
3769 189 273
3770 190 191
3771 190 192
3772 190 193
3773 190 194
3774 190 228
3775 190 229
3776 190 230
3777 190 231
3778 190 232
3779 190 233
3780 190 234
3781 190 268
3782 190 269
3783 190 270
3784 190 271
3785 190 272
3786 190 273
3787 190 274
3788 191 192
3789 191 193
3790 191 194
3791 191 228
3792 191 229
3793 191 230
3794 191 231
3795 191 232
3796 191 233
3797 191 234
3798 191 235
3799 191 269
3800 191 270
3801 191 271
3802 191 272
3803 191 273
3804 191 274
3805 191 275
3806 192 193
3807 192 194
3808 192 195
3809 192 229
3810 192 230
3811 192 231
3812 192 232
3813 192 233
3814 192 234
3815 192 235
3816 192 236
3817 192 270
3818 192 271
3819 192 272
3820 192 273
3821 192 274
3822 192 275
3823 192 276
3824 193 194
3825 193 195
3826 193 196
3827 193 230
3828 193 231
3829 193 232
3830 193 233
3831 193 234
3832 193 235
3833 193 236
3834 193 271
3835 193 272
3836 193 273
3837 193 274
3838 193 275
3839 193 276
3840 193 277
3841 194 195
3842 194 196
3843 194 197
3844 194 231
3845 194 232
3846 194 233
3847 194 234
3848 194 235
3849 194 236
3850 194 237
3851 194 273
3852 194 274
3853 194 275
3854 194 276
3855 194 277
3856 194 278
3857 195 196
3858 195 197
3859 195 198
3860 195 233
3861 195 234
3862 195 235
3863 195 236
3864 195 237
3865 195 238
3866 195 276
3867 195 277
3868 195 278
3869 196 197
3870 196 198
3871 196 199
3872 196 234
3873 196 235
3874 196 236
3875 196 237
3876 196 238
3877 196 239
3878 196 240
3879 196 276
3880 196 277
3881 196 278
3882 196 279
3883 197 198
3884 197 199
3885 197 200
3886 197 201
3887 197 235
3888 197 236
3889 197 237
3890 197 238
3891 197 239
3892 197 240
3893 197 241
3894 197 242
3895 197 277
3896 197 278
3897 197 279
3898 197 280
3899 197 281
3900 198 199
3901 198 200
3902 198 201
3903 198 202
3904 198 236
3905 198 237
3906 198 238
3907 198 239
3908 198 240
3909 198 241
3910 198 242
3911 198 243
3912 198 278
3913 198 279
3914 198 280
3915 198 281
3916 198 282
3917 198 283
3918 199 200
3919 199 201
3920 199 202
3921 199 203
3922 199 237
3923 199 238
3924 199 239
3925 199 240
3926 199 241
3927 199 242
3928 199 243
3929 199 244
3930 199 278
3931 199 279
3932 199 280
3933 199 281
3934 199 282
3935 199 283
3936 199 284
3937 200 201
3938 200 202
3939 200 203
3940 200 238
3941 200 239
3942 200 240
3943 200 241
3944 200 242
3945 200 243
3946 200 244
3947 200 279
3948 200 280
3949 200 281
3950 200 282
3951 200 283
3952 200 284
3953 200 285
3954 201 202
3955 201 203
3956 201 204
3957 201 238
3958 201 239
3959 201 240
3960 201 241
3961 201 242
3962 201 243
3963 201 244
3964 201 245
3965 201 280
3966 201 281
3967 201 282
3968 201 283
3969 201 284
3970 201 285
3971 201 286
3972 202 203
3973 202 204
3974 202 205
3975 202 239
3976 202 240
3977 202 241
3978 202 242
3979 202 243
3980 202 244
3981 202 245
3982 202 246
3983 202 281
3984 202 282
3985 202 283
3986 202 284
3987 202 285
3988 202 286
3989 202 287
3990 203 204
3991 203 205
3992 203 206
3993 203 240
3994 203 241
3995 203 242
3996 203 243
3997 203 244
3998 203 245
3999 203 246
4000 203 247
4001 203 282
4002 203 283
4003 203 284
4004 203 285
4005 203 286
4006 203 287
4007 203 288
4008 204 205
4009 204 206
4010 204 208
4011 204 242
4012 204 243
4013 204 244
4014 204 245
4015 204 246
4016 204 247
4017 204 249
4018 204 284
4019 204 285
4020 204 286
4021 204 287
4022 204 288
4023 205 206
4024 205 208
4025 205 244
4026 205 245
4027 205 246
4028 205 247
4029 205 249
4030 205 286
4031 205 287
4032 205 288
4033 206 208
4034 206 209
4035 206 245
4036 206 246
4037 206 247
4038 206 249
4039 206 250
4040 206 287
4041 206 288
4042 207 231
4043 207 232
4044 207 248
4045 207 257
4046 207 258
4047 207 259
4048 207 260
4049 207 261
4050 207 262
4051 207 270
4052 207 271
4053 207 272
4054 207 273
4055 207 274
4056 207 275
4057 207 289
4058 207 294
4059 207 297
4060 207 298
4061 207 299
4062 207 300
4063 207 301
4064 207 302
4065 207 303
4066 207 304
4067 207 305
4068 207 306
4069 207 310
4070 207 311
4071 207 312
4072 207 313
4073 207 314
4074 207 315
4075 207 330
4076 208 209
4077 208 210
4078 208 245
4079 208 246
4080 208 247
4081 208 249
4082 208 250
4083 208 251
4084 208 252
4085 208 287
4086 208 288
4087 209 210
4088 209 211
4089 209 247
4090 209 249
4091 209 250
4092 209 251
4093 209 252
4094 209 288
4095 210 211
4096 210 212
4097 210 250
4098 210 251
4099 210 252
4100 211 212
4101 211 251
4102 211 252
4103 212 213
4104 212 214
4105 212 215
4106 212 216
4107 212 251
4108 212 252
4109 212 253
4110 212 254
4111 212 255
4112 212 256
4113 213 214
4114 213 215
4115 213 216
4116 213 217
4117 213 218
4118 213 252
4119 213 253
4120 213 254
4121 213 255
4122 213 256
4123 213 257
4124 213 258
4125 214 215
4126 214 216
4127 214 217
4128 214 218
4129 214 219
4130 214 252
4131 214 253
4132 214 254
4133 214 255
4134 214 256
4135 214 257
4136 214 258
4137 214 259
4138 215 216
4139 215 217
4140 215 218
4141 215 219
4142 215 220
4143 215 221
4144 215 253
4145 215 254
4146 215 255
4147 215 256
4148 215 257
4149 215 258
4150 215 259
4151 215 260
4152 215 261
4153 215 262
4154 215 295
4155 215 296
4156 216 217
4157 216 218
4158 216 219
4159 216 220
4160 216 221
4161 216 253
4162 216 254
4163 216 255
4164 216 256
4165 216 257
4166 216 258
4167 216 259
4168 216 260
4169 216 261
4170 216 262
4171 216 296
4172 217 218
4173 217 219
4174 217 220
4175 217 221
4176 217 254
4177 217 255
4178 217 256
4179 217 257
4180 217 258
4181 217 259
4182 217 260
4183 217 261
4184 217 262
4185 217 263
4186 218 219
4187 218 220
4188 218 221
4189 218 222
4190 218 254
4191 218 255
4192 218 256
4193 218 257
4194 218 258
4195 218 259
4196 218 260
4197 218 261
4198 218 262
4199 218 263
4200 219 220
4201 219 221
4202 219 222
4203 219 255
4204 219 256
4205 219 257
4206 219 258
4207 219 259
4208 219 260
4209 219 261
4210 219 262
4211 219 263
4212 220 221
4213 220 222
4214 220 223
4215 220 256
4216 220 257
4217 220 258
4218 220 259
4219 220 260
4220 220 261
4221 220 262
4222 220 263
4223 220 264
4224 221 222
4225 221 223
4226 221 257
4227 221 258
4228 221 259
4229 221 260
4230 221 261
4231 221 262
4232 221 263
4233 221 264
4234 221 265
4235 221 304
4236 222 223
4237 222 224
4238 222 261
4239 222 262
4240 222 263
4241 222 264
4242 222 265
4243 223 224
4244 223 225
4245 223 226
4246 223 262
4247 223 263
4248 223 264
4249 223 265
4250 223 266
4251 223 267
4252 224 225
4253 224 226
4254 224 227
4255 224 228
4256 224 264
4257 224 265
4258 224 266
4259 224 267
4260 224 268
4261 225 226
4262 225 227
4263 225 228
4264 225 229
4265 225 264
4266 225 265
4267 225 266
4268 225 267
4269 225 268
4270 226 227
4271 226 228
4272 226 229
4273 226 230
4274 226 265
4275 226 266
4276 226 267
4277 226 268
4278 226 269
4279 227 228
4280 227 229
4281 227 230
4282 227 265
4283 227 266
4284 227 267
4285 227 268
4286 227 269
4287 227 270
4288 228 229
4289 228 230
4290 228 231
4291 228 232
4292 228 264
4293 228 265
4294 228 266
4295 228 267
4296 228 268
4297 228 269
4298 228 270
4299 228 271
4300 228 272
4301 228 273
4302 228 307
4303 228 308
4304 228 309
4305 229 230
4306 229 231
4307 229 232
4308 229 233
4309 229 265
4310 229 266
4311 229 267
4312 229 268
4313 229 269
4314 229 270
4315 229 271
4316 229 272
4317 229 273
4318 229 274
4319 229 307
4320 229 308
4321 229 309
4322 230 231
4323 230 232
4324 230 233
4325 230 234
4326 230 266
4327 230 267
4328 230 268
4329 230 269
4330 230 270
4331 230 271
4332 230 272
4333 230 273
4334 230 274
4335 230 275
4336 230 308
4337 230 309
4338 230 311
4339 231 232
4340 231 233
4341 231 234
4342 231 235
4343 231 248
4344 231 268
4345 231 269
4346 231 270
4347 231 271
4348 231 272
4349 231 273
4350 231 274
4351 231 275
4352 231 276
4353 231 307
4354 231 308
4355 231 309
4356 231 310
4357 231 311
4358 231 312
4359 231 313
4360 231 314
4361 231 315
4362 231 316
4363 231 317
4364 232 233
4365 232 234
4366 232 235
4367 232 236
4368 232 248
4369 232 268
4370 232 269
4371 232 270
4372 232 271
4373 232 272
4374 232 273
4375 232 274
4376 232 275
4377 232 276
4378 232 309
4379 232 310
4380 232 311
4381 232 312
4382 232 313
4383 232 314
4384 232 315
4385 232 316
4386 232 317
4387 233 234
4388 233 235
4389 233 236
4390 233 269
4391 233 270
4392 233 271
4393 233 272
4394 233 273
4395 233 274
4396 233 275
4397 233 276
4398 233 277
4399 233 312
4400 233 313
4401 233 314
4402 233 315
4403 233 316
4404 233 317
4405 233 318
4406 234 235
4407 234 236
4408 234 237
4409 234 270
4410 234 271
4411 234 272
4412 234 273
4413 234 274
4414 234 275
4415 234 276
4416 234 277
4417 234 278
4418 234 313
4419 234 314
4420 234 315
4421 234 316
4422 234 317
4423 234 318
4424 235 236
4425 235 237
4426 235 272
4427 235 273
4428 235 274
4429 235 275
4430 235 276
4431 235 277
4432 235 278
4433 235 316
4434 235 317
4435 235 318
4436 235 319
4437 236 237
4438 236 238
4439 236 239
4440 236 273
4441 236 274
4442 236 275
4443 236 276
4444 236 277
4445 236 278
4446 236 316
4447 236 317
4448 236 318
4449 236 319
4450 237 238
4451 237 239
4452 237 240
4453 237 276
4454 237 277
4455 237 278
4456 237 279
4457 237 280
4458 237 319
4459 237 320
4460 238 239
4461 238 240
4462 238 241
4463 238 242
4464 238 277
4465 238 278
4466 238 279
4467 238 280
4468 238 281
4469 238 282
4470 238 283
4471 238 319
4472 238 320
4473 238 321
4474 238 322
4475 239 240
4476 239 241
4477 239 242
4478 239 243
4479 239 277
4480 239 278
4481 239 279
4482 239 280
4483 239 281
4484 239 282
4485 239 283
4486 239 284
4487 239 319
4488 239 320
4489 239 321
4490 239 322
4491 239 323
4492 239 324
4493 240 241
4494 240 242
4495 240 243
4496 240 244
4497 240 278
4498 240 279
4499 240 280
4500 240 281
4501 240 282
4502 240 283
4503 240 284
4504 240 285
4505 240 319
4506 240 320
4507 240 321
4508 240 322
4509 240 323
4510 240 324
4511 240 325
4512 240 326
4513 241 242
4514 241 243
4515 241 244
4516 241 245
4517 241 278
4518 241 279
4519 241 280
4520 241 281
4521 241 282
4522 241 283
4523 241 284
4524 241 285
4525 241 286
4526 241 320
4527 241 321
4528 241 322
4529 241 323
4530 241 324
4531 241 325
4532 241 326
4533 241 327
4534 242 243
4535 242 244
4536 242 245
4537 242 279
4538 242 280
4539 242 281
4540 242 282
4541 242 283
4542 242 284
4543 242 285
4544 242 286
4545 242 287
4546 242 320
4547 242 321
4548 242 322
4549 242 323
4550 242 324
4551 242 325
4552 242 326
4553 242 327
4554 242 328
4555 243 244
4556 243 245
4557 243 246
4558 243 280
4559 243 281
4560 243 282
4561 243 283
4562 243 284
4563 243 285
4564 243 286
4565 243 287
4566 243 322
4567 243 323
4568 243 326
4569 243 327
4570 243 328
4571 244 245
4572 244 246
4573 244 247
4574 244 281
4575 244 282
4576 244 283
4577 244 284
4578 244 285
4579 244 286
4580 244 287
4581 244 288
4582 244 323
4583 244 326
4584 244 327
4585 244 328
4586 244 329
4587 245 246
4588 245 247
4589 245 249
4590 245 282
4591 245 283
4592 245 284
4593 245 285
4594 245 286
4595 245 287
4596 245 288
4597 245 290
4598 245 326
4599 245 327
4600 245 328
4601 245 329
4602 246 247
4603 246 249
4604 246 250
4605 246 284
4606 246 285
4607 246 286
4608 246 287
4609 246 288
4610 246 290
4611 246 291
4612 246 327
4613 246 328
4614 246 329
4615 247 249
4616 247 250
4617 247 251
4618 247 286
4619 247 287
4620 247 288
4621 248 257
4622 248 258
4623 248 259
4624 248 260
4625 248 261
4626 248 262
4627 248 269
4628 248 270
4629 248 271
4630 248 272
4631 248 273
4632 248 274
4633 248 275
4634 248 289
4635 248 294
4636 248 295
4637 248 296
4638 248 297
4639 248 298
4640 248 299
4641 248 300
4642 248 301
4643 248 302
4644 248 303
4645 248 304
4646 248 305
4647 248 306
4648 248 308
4649 248 309
4650 248 310
4651 248 311
4652 248 312
4653 248 313
4654 248 314
4655 248 315
4656 248 316
4657 248 317
4658 248 318
4659 248 324
4660 248 325
4661 248 330
4662 249 250
4663 249 251
4664 249 252
4665 249 285
4666 249 286
4667 249 287
4668 249 288
4669 249 290
4670 249 291
4671 249 292
4672 249 293
4673 249 327
4674 249 328
4675 249 329
4676 250 251
4677 250 252
4678 250 253
4679 250 254
4680 250 286
4681 250 287
4682 250 288
4683 250 290
4684 250 291
4685 250 292
4686 250 293
4687 250 329
4688 251 252
4689 251 253
4690 251 288
4691 251 292
4692 252 253
4693 252 254
4694 252 255
4695 252 291
4696 252 292
4697 252 293
4698 253 254
4699 253 255
4700 253 256
4701 253 257
4702 253 258
4703 253 291
4704 253 292
4705 253 293
4706 253 294
4707 253 295
4708 253 296
4709 254 255
4710 254 256
4711 254 257
4712 254 258
4713 254 259
4714 254 260
4715 254 261
4716 254 291
4717 254 292
4718 254 293
4719 254 294
4720 254 295
4721 254 296
4722 254 297
4723 254 298
4724 254 299
4725 254 300
4726 255 256
4727 255 257
4728 255 258
4729 255 259
4730 255 260
4731 255 261
4732 255 262
4733 255 292
4734 255 293
4735 255 294
4736 255 295
4737 255 296
4738 255 297
4739 255 298
4740 255 299
4741 255 300
4742 256 257
4743 256 258
4744 256 259
4745 256 260
4746 256 261
4747 256 262
4748 256 293
4749 256 294
4750 256 295
4751 256 296
4752 256 297
4753 256 298
4754 256 299
4755 256 300
4756 257 258
4757 257 259
4758 257 260
4759 257 261
4760 257 262
4761 257 263
4762 257 289
4763 257 293
4764 257 294
4765 257 295
4766 257 296
4767 257 297
4768 257 298
4769 257 299
4770 257 300
4771 257 301
4772 257 302
4773 257 303
4774 257 304
4775 257 305
4776 257 306
4777 257 330
4778 258 259
4779 258 260
4780 258 261
4781 258 262
4782 258 263
4783 258 264
4784 258 289
4785 258 293
4786 258 294
4787 258 295
4788 258 296
4789 258 297
4790 258 298
4791 258 299
4792 258 300
4793 258 301
4794 258 302
4795 258 303
4796 258 304
4797 258 305
4798 258 306
4799 259 260
4800 259 261
4801 259 262
4802 259 263
4803 259 264
4804 259 289
4805 259 294
4806 259 295
4807 259 296
4808 259 297
4809 259 298
4810 259 299
4811 259 300
4812 259 301
4813 259 302
4814 259 303
4815 259 304
4816 259 305
4817 259 306
4818 260 261
4819 260 262
4820 260 263
4821 260 264
4822 260 289
4823 260 294
4824 260 295
4825 260 296
4826 260 297
4827 260 298
4828 260 299
4829 260 300
4830 260 301
4831 260 302
4832 260 303
4833 260 304
4834 260 305
4835 260 306
4836 261 262
4837 261 263
4838 261 264
4839 261 289
4840 261 294
4841 261 295
4842 261 296
4843 261 297
4844 261 298
4845 261 299
4846 261 300
4847 261 301
4848 261 302
4849 261 303
4850 261 304
4851 261 305
4852 261 306
4853 261 307
4854 261 308
4855 261 310
4856 262 263
4857 262 264
4858 262 265
4859 262 266
4860 262 269
4861 262 289
4862 262 295
4863 262 296
4864 262 297
4865 262 298
4866 262 299
4867 262 300
4868 262 301
4869 262 302
4870 262 303
4871 262 304
4872 262 305
4873 262 306
4874 262 307
4875 262 308
4876 262 309
4877 262 310
4878 262 311
4879 262 330
4880 263 264
4881 263 265
4882 263 266
4883 263 268
4884 263 269
4885 263 299
4886 263 300
4887 263 301
4888 263 302
4889 263 303
4890 263 304
4891 263 305
4892 263 306
4893 263 307
4894 263 308
4895 263 309
4896 264 265
4897 264 266
4898 264 267
4899 264 268
4900 264 269
4901 264 270
4902 264 300
4903 264 301
4904 264 302
4905 264 303
4906 264 304
4907 264 305
4908 264 306
4909 264 307
4910 264 308
4911 264 309
4912 264 310
4913 264 311
4914 265 266
4915 265 267
4916 265 268
4917 265 269
4918 265 270
4919 265 304
4920 265 305
4921 265 306
4922 265 307
4923 265 308
4924 265 309
4925 266 267
4926 266 268
4927 266 269
4928 266 270
4929 266 271
4930 266 304
4931 266 305
4932 266 306
4933 266 307
4934 266 308
4935 266 309
4936 266 310
4937 266 311
4938 267 268
4939 267 269
4940 267 270
4941 267 271
4942 267 307
4943 267 308
4944 267 309
4945 268 269
4946 268 270
4947 268 271
4948 268 272
4949 268 273
4950 268 304
4951 268 305
4952 268 306
4953 268 307
4954 268 308
4955 268 309
4956 268 310
4957 268 311
4958 268 312
4959 268 313
4960 269 270
4961 269 271
4962 269 272
4963 269 273
4964 269 274
4965 269 275
4966 269 302
4967 269 303
4968 269 304
4969 269 305
4970 269 306
4971 269 307
4972 269 308
4973 269 309
4974 269 310
4975 269 311
4976 269 312
4977 269 313
4978 269 314
4979 269 315
4980 270 271
4981 270 272
4982 270 273
4983 270 274
4984 270 275
4985 270 289
4986 270 302
4987 270 303
4988 270 304
4989 270 305
4990 270 306
4991 270 307
4992 270 308
4993 270 309
4994 270 310
4995 270 311
4996 270 312
4997 270 313
4998 270 314
4999 270 315
5000 270 316
5001 271 272
5002 271 273
5003 271 274
5004 271 275
5005 271 276
5006 271 289
5007 271 303
5008 271 304
5009 271 305
5010 271 306
5011 271 307
5012 271 308
5013 271 309
5014 271 310
5015 271 311
5016 271 312
5017 271 313
5018 271 314
5019 271 315
5020 271 316
5021 271 317
5022 272 273
5023 272 274
5024 272 275
5025 272 276
5026 272 289
5027 272 305
5028 272 306
5029 272 307
5030 272 308
5031 272 309
5032 272 310
5033 272 311
5034 272 312
5035 272 313
5036 272 314
5037 272 315
5038 272 316
5039 272 317
5040 272 318
5041 273 274
5042 273 275
5043 273 276
5044 273 289
5045 273 306
5046 273 307
5047 273 308
5048 273 309
5049 273 310
5050 273 311
5051 273 312
5052 273 313
5053 273 314
5054 273 315
5055 273 316
5056 273 317
5057 273 318
5058 274 275
5059 274 276
5060 274 277
5061 274 289
5062 274 309
5063 274 310
5064 274 311
5065 274 312
5066 274 313
5067 274 314
5068 274 315
5069 274 316
5070 274 317
5071 274 318
5072 274 319
5073 275 276
5074 275 277
5075 275 278
5076 275 289
5077 275 310
5078 275 311
5079 275 312
5080 275 313
5081 275 314
5082 275 315
5083 275 316
5084 275 317
5085 275 318
5086 275 319
5087 276 277
5088 276 278
5089 276 312
5090 276 313
5091 276 314
5092 276 315
5093 276 316
5094 276 317
5095 276 318
5096 276 319
5097 277 278
5098 277 279
5099 277 280
5100 277 316
5101 277 317
5102 277 318
5103 277 319
5104 277 320
5105 277 321
5106 278 279
5107 278 280
5108 278 281
5109 278 316
5110 278 317
5111 278 318
5112 278 319
5113 278 320
5114 278 321
5115 278 322
5116 278 323
5117 279 280
5118 279 281
5119 279 282
5120 279 283
5121 279 319
5122 279 320
5123 279 321
5124 279 322
5125 279 323
5126 280 281
5127 280 282
5128 280 283
5129 280 284
5130 280 285
5131 280 319
5132 280 320
5133 280 321
5134 280 322
5135 280 323
5136 280 324
5137 280 325
5138 280 326
5139 281 282
5140 281 283
5141 281 284
5142 281 285
5143 281 286
5144 281 319
5145 281 320
5146 281 321
5147 281 322
5148 281 323
5149 281 324
5150 281 325
5151 281 326
5152 281 327
5153 282 283
5154 282 284
5155 282 285
5156 282 286
5157 282 320
5158 282 321
5159 282 322
5160 282 323
5161 282 324
5162 282 325
5163 282 326
5164 282 327
5165 282 328
5166 283 284
5167 283 285
5168 283 286
5169 283 287
5170 283 320
5171 283 321
5172 283 322
5173 283 323
5174 283 324
5175 283 325
5176 283 326
5177 283 327
5178 283 328
5179 283 329
5180 284 285
5181 284 286
5182 284 287
5183 284 288
5184 284 290
5185 284 320
5186 284 321
5187 284 322
5188 284 323
5189 284 324
5190 284 325
5191 284 326
5192 284 327
5193 284 328
5194 284 329
5195 285 286
5196 285 287
5197 285 288
5198 285 290
5199 285 291
5200 285 321
5201 285 322
5202 285 323
5203 285 324
5204 285 325
5205 285 326
5206 285 327
5207 285 328
5208 285 329
5209 286 287
5210 286 288
5211 286 290
5212 286 291
5213 286 292
5214 286 322
5215 286 323
5216 286 324
5217 286 325
5218 286 326
5219 286 327
5220 286 328
5221 286 329
5222 287 288
5223 287 290
5224 287 291
5225 287 292
5226 287 324
5227 287 325
5228 287 326
5229 287 327
5230 287 328
5231 287 329
5232 288 290
5233 288 291
5234 288 292
5235 288 293
5236 288 326
5237 288 327
5238 288 328
5239 288 329
5240 289 293
5241 289 294
5242 289 295
5243 289 296
5244 289 297
5245 289 298
5246 289 299
5247 289 300
5248 289 301
5249 289 302
5250 289 303
5251 289 304
5252 289 305
5253 289 306
5254 289 307
5255 289 308
5256 289 309
5257 289 310
5258 289 311
5259 289 312
5260 289 313
5261 289 314
5262 289 315
5263 289 316
5264 289 317
5265 289 318
5266 289 324
5267 289 325
5268 289 330
5269 290 291
5270 290 292
5271 290 293
5272 290 294
5273 290 295
5274 290 323
5275 290 324
5276 290 325
5277 290 326
5278 290 327
5279 290 328
5280 290 329
5281 291 292
5282 291 293
5283 291 294
5284 291 295
5285 291 296
5286 291 324
5287 291 325
5288 291 326
5289 291 327
5290 291 328
5291 291 329
5292 292 293
5293 292 294
5294 292 295
5295 292 296
5296 292 326
5297 292 327
5298 292 328
5299 292 329
5300 293 294
5301 293 295
5302 293 296
5303 293 297
5304 293 298
5305 293 299
5306 293 300
5307 293 301
5308 293 327
5309 293 328
5310 293 329
5311 294 295
5312 294 296
5313 294 297
5314 294 298
5315 294 299
5316 294 300
5317 294 301
5318 294 302
5319 294 303
5320 294 325
5321 294 328
5322 294 329
5323 294 330
5324 295 296
5325 295 297
5326 295 298
5327 295 299
5328 295 300
5329 295 301
5330 295 302
5331 295 303
5332 295 304
5333 295 330
5334 296 297
5335 296 298
5336 296 299
5337 296 300
5338 296 301
5339 296 302
5340 296 303
5341 296 304
5342 296 305
5343 296 330
5344 297 298
5345 297 299
5346 297 300
5347 297 301
5348 297 302
5349 297 303
5350 297 304
5351 297 305
5352 297 306
5353 297 310
5354 297 311
5355 297 312
5356 297 313
5357 297 314
5358 297 315
5359 297 330
5360 298 299
5361 298 300
5362 298 301
5363 298 302
5364 298 303
5365 298 304
5366 298 305
5367 298 306
5368 298 307
5369 298 308
5370 298 310
5371 298 311
5372 298 312
5373 298 313
5374 298 314
5375 298 315
5376 298 330
5377 299 300
5378 299 301
5379 299 302
5380 299 303
5381 299 304
5382 299 305
5383 299 306
5384 299 307
5385 299 308
5386 299 309
5387 299 310
5388 299 311
5389 299 312
5390 299 313
5391 299 314
5392 299 315
5393 299 330
5394 300 301
5395 300 302
5396 300 303
5397 300 304
5398 300 305
5399 300 306
5400 300 307
5401 300 308
5402 300 309
5403 300 310
5404 300 311
5405 300 312
5406 300 313
5407 300 314
5408 300 315
5409 300 330
5410 301 302
5411 301 303
5412 301 304
5413 301 305
5414 301 306
5415 301 307
5416 301 308
5417 301 309
5418 301 310
5419 301 311
5420 301 312
5421 301 313
5422 301 314
5423 301 315
5424 301 330
5425 302 303
5426 302 304
5427 302 305
5428 302 306
5429 302 307
5430 302 308
5431 302 309
5432 302 310
5433 302 311
5434 302 312
5435 302 313
5436 302 314
5437 302 315
5438 302 330
5439 303 304
5440 303 305
5441 303 306
5442 303 307
5443 303 308
5444 303 309
5445 303 310
5446 303 311
5447 303 312
5448 303 313
5449 303 314
5450 303 315
5451 303 330
5452 304 305
5453 304 306
5454 304 307
5455 304 308
5456 304 309
5457 304 310
5458 304 311
5459 304 312
5460 304 313
5461 304 314
5462 304 315
5463 304 330
5464 305 306
5465 305 307
5466 305 308
5467 305 309
5468 305 310
5469 305 311
5470 305 312
5471 305 313
5472 305 314
5473 305 315
5474 305 330
5475 306 307
5476 306 308
5477 306 309
5478 306 310
5479 306 311
5480 306 312
5481 306 313
5482 306 314
5483 306 315
5484 306 330
5485 307 308
5486 307 309
5487 307 310
5488 307 311
5489 307 312
5490 307 313
5491 307 314
5492 307 315
5493 307 330
5494 308 309
5495 308 310
5496 308 311
5497 308 312
5498 308 313
5499 308 314
5500 308 315
5501 308 330
5502 309 310
5503 309 311
5504 309 312
5505 309 313
5506 309 314
5507 309 315
5508 309 330
5509 310 311
5510 310 312
5511 310 313
5512 310 314
5513 310 315
5514 310 316
5515 310 317
5516 310 330
5517 311 312
5518 311 313
5519 311 314
5520 311 315
5521 311 316
5522 311 317
5523 311 318
5524 311 330
5525 312 313
5526 312 314
5527 312 315
5528 312 316
5529 312 317
5530 312 318
5531 312 330
5532 313 314
5533 313 315
5534 313 316
5535 313 317
5536 313 318
5537 313 330
5538 314 315
5539 314 316
5540 314 317
5541 314 318
5542 314 330
5543 315 316
5544 315 317
5545 315 318
5546 315 319
5547 315 330
5548 316 317
5549 316 318
5550 316 319
5551 316 330
5552 317 318
5553 317 319
5554 317 321
5555 317 324
5556 317 330
5557 318 319
5558 318 320
5559 318 321
5560 318 322
5561 318 323
5562 318 324
5563 318 325
5564 318 330
5565 319 320
5566 319 321
5567 319 322
5568 319 323
5569 319 324
5570 319 325
5571 320 321
5572 320 322
5573 320 323
5574 320 324
5575 320 325
5576 320 326
5577 321 322
5578 321 323
5579 321 324
5580 321 325
5581 321 326
5582 321 327
5583 321 328
5584 322 323
5585 322 324
5586 322 325
5587 322 326
5588 322 327
5589 322 328
5590 322 329
5591 323 324
5592 323 325
5593 323 326
5594 323 327
5595 323 328
5596 323 329
5597 324 325
5598 324 326
5599 324 327
5600 324 328
5601 324 329
5602 324 330
5603 325 326
5604 325 327
5605 325 328
5606 325 329
5607 325 330
5608 326 327
5609 326 328
5610 326 329
5611 327 328
5612 327 329
5613 328 329
