1 1 2
2 1 3
3 1 4
4 1 5
5 1 6
6 1 7
7 1 8
8 1 9
9 1 10
10 1 11
11 1 16
12 1 17
13 1 18
14 1 19
15 1 20
16 1 21
17 1 22
18 1 23
19 1 24
20 1 25
21 1 26
22 1 27
23 1 28
24 1 29
25 1 30
26 1 31
27 1 32
28 1 33
29 1 34
30 1 35
31 1 36
32 1 37
33 1 38
34 1 39
35 1 40
36 1 41
37 1 42
38 1 43
39 1 44
40 1 45
41 1 46
42 1 47
43 1 65
44 1 66
45 1 67
46 1 68
47 1 69
48 1 70
49 1 71
50 1 72
51 1 73
52 1 74
53 1 75
54 1 76
55 1 77
56 1 78
57 1 79
58 1 80
59 1 81
60 1 82
61 1 83
62 1 84
63 1 111
64 1 115
65 1 116
66 1 117
67 1 118
68 1 125
69 2 3
70 2 4
71 2 5
72 2 6
73 2 7
74 2 8
75 2 9
76 2 10
77 2 11
78 2 16
79 2 17
80 2 18
81 2 19
82 2 20
83 2 21
84 2 22
85 2 23
86 2 24
87 2 25
88 2 26
89 2 27
90 2 28
91 2 29
92 2 30
93 2 31
94 2 32
95 2 33
96 2 34
97 2 35
98 2 36
99 2 37
100 2 38
101 2 39
102 2 40
103 2 41
104 2 42
105 2 43
106 2 44
107 2 45
108 2 46
109 2 47
110 2 48
111 2 64
112 2 65
113 2 66
114 2 67
115 2 68
116 2 69
117 2 70
118 2 71
119 2 72
120 2 73
121 2 74
122 2 75
123 2 76
124 2 77
125 2 78
126 2 79
127 2 80
128 2 81
129 2 82
130 2 83
131 2 84
132 2 107
133 2 108
134 2 109
135 2 110
136 2 111
137 2 115
138 2 116
139 2 117
140 2 118
141 2 125
142 3 4
143 3 5
144 3 6
145 3 7
146 3 8
147 3 9
148 3 10
149 3 11
150 3 16
151 3 17
152 3 18
153 3 19
154 3 20
155 3 21
156 3 22
157 3 23
158 3 24
159 3 25
160 3 26
161 3 27
162 3 28
163 3 29
164 3 30
165 3 31
166 3 32
167 3 33
168 3 34
169 3 35
170 3 36
171 3 37
172 3 38
173 3 39
174 3 40
175 3 41
176 3 42
177 3 43
178 3 44
179 3 45
180 3 46
181 3 47
182 3 48
183 3 49
184 3 65
185 3 66
186 3 67
187 3 68
188 3 69
189 3 70
190 3 71
191 3 72
192 3 73
193 3 74
194 3 75
195 3 76
196 3 77
197 3 78
198 3 79
199 3 80
200 3 81
201 3 82
202 3 83
203 3 84
204 3 85
205 3 115
206 3 116
207 3 117
208 3 118
209 3 123
210 3 124
211 3 125
212 4 5
213 4 6
214 4 7
215 4 8
216 4 9
217 4 10
218 4 11
219 4 16
220 4 17
221 4 18
222 4 19
223 4 20
224 4 21
225 4 22
226 4 23
227 4 24
228 4 25
229 4 26
230 4 27
231 4 28
232 4 29
233 4 30
234 4 31
235 4 32
236 4 33
237 4 34
238 4 35
239 4 36
240 4 37
241 4 38
242 4 39
243 4 40
244 4 41
245 4 42
246 4 43
247 4 44
248 4 45
249 4 46
250 4 47
251 4 48
252 4 49
253 4 65
254 4 66
255 4 67
256 4 68
257 4 69
258 4 70
259 4 71
260 4 72
261 4 73
262 4 74
263 4 75
264 4 76
265 4 77
266 4 78
267 4 79
268 4 80
269 4 81
270 4 82
271 4 83
272 4 84
273 4 85
274 4 115
275 4 116
276 4 117
277 4 118
278 4 123
279 4 124
280 4 125
281 5 6
282 5 7
283 5 8
284 5 9
285 5 10
286 5 11
287 5 16
288 5 17
289 5 18
290 5 19
291 5 20
292 5 21
293 5 22
294 5 23
295 5 24
296 5 25
297 5 26
298 5 27
299 5 28
300 5 29
301 5 30
302 5 31
303 5 32
304 5 33
305 5 34
306 5 35
307 5 36
308 5 37
309 5 38
310 5 39
311 5 40
312 5 41
313 5 42
314 5 43
315 5 44
316 5 45
317 5 46
318 5 47
319 5 48
320 5 49
321 5 65
322 5 66
323 5 67
324 5 68
325 5 69
326 5 70
327 5 71
328 5 72
329 5 73
330 5 74
331 5 75
332 5 76
333 5 77
334 5 78
335 5 79
336 5 80
337 5 81
338 5 82
339 5 83
340 5 84
341 5 85
342 5 115
343 5 116
344 5 117
345 5 118
346 5 123
347 5 124
348 5 125
349 6 7
350 6 8
351 6 9
352 6 10
353 6 11
354 6 16
355 6 17
356 6 18
357 6 19
358 6 20
359 6 21
360 6 22
361 6 23
362 6 24
363 6 25
364 6 26
365 6 27
366 6 28
367 6 29
368 6 30
369 6 31
370 6 32
371 6 33
372 6 34
373 6 35
374 6 36
375 6 37
376 6 38
377 6 39
378 6 40
379 6 41
380 6 42
381 6 43
382 6 44
383 6 45
384 6 46
385 6 47
386 6 48
387 6 49
388 6 65
389 6 66
390 6 67
391 6 68
392 6 69
393 6 70
394 6 71
395 6 72
396 6 73
397 6 74
398 6 75
399 6 76
400 6 77
401 6 78
402 6 79
403 6 80
404 6 81
405 6 82
406 6 83
407 6 84
408 6 85
409 6 86
410 6 115
411 6 116
412 6 117
413 6 118
414 6 123
415 6 124
416 6 125
417 7 8
418 7 9
419 7 10
420 7 11
421 7 16
422 7 17
423 7 18
424 7 19
425 7 20
426 7 21
427 7 22
428 7 23
429 7 24
430 7 25
431 7 26
432 7 27
433 7 28
434 7 29
435 7 30
436 7 31
437 7 32
438 7 33
439 7 34
440 7 35
441 7 36
442 7 37
443 7 38
444 7 39
445 7 40
446 7 41
447 7 42
448 7 43
449 7 44
450 7 45
451 7 46
452 7 47
453 7 48
454 7 49
455 7 65
456 7 66
457 7 67
458 7 68
459 7 69
460 7 70
461 7 71
462 7 72
463 7 73
464 7 74
465 7 75
466 7 76
467 7 77
468 7 78
469 7 79
470 7 80
471 7 81
472 7 82
473 7 83
474 7 84
475 7 85
476 7 86
477 7 117
478 7 118
479 7 123
480 7 124
481 7 125
482 8 9
483 8 10
484 8 11
485 8 16
486 8 17
487 8 18
488 8 19
489 8 20
490 8 21
491 8 22
492 8 23
493 8 24
494 8 25
495 8 26
496 8 27
497 8 28
498 8 29
499 8 30
500 8 31
501 8 32
502 8 33
503 8 34
504 8 35
505 8 36
506 8 37
507 8 38
508 8 39
509 8 40
510 8 41
511 8 42
512 8 43
513 8 44
514 8 45
515 8 46
516 8 47
517 8 48
518 8 49
519 8 65
520 8 66
521 8 67
522 8 68
523 8 69
524 8 70
525 8 71
526 8 74
527 8 75
528 8 76
529 8 77
530 8 78
531 8 79
532 8 80
533 8 81
534 8 82
535 8 83
536 8 84
537 8 85
538 8 86
539 8 124
540 8 125
541 9 10
542 9 11
543 9 12
544 9 16
545 9 17
546 9 18
547 9 19
548 9 20
549 9 21
550 9 22
551 9 23
552 9 24
553 9 25
554 9 26
555 9 27
556 9 28
557 9 29
558 9 30
559 9 31
560 9 32
561 9 33
562 9 34
563 9 35
564 9 36
565 9 37
566 9 38
567 9 39
568 9 40
569 9 41
570 9 42
571 9 43
572 9 44
573 9 45
574 9 46
575 9 47
576 9 48
577 9 49
578 9 65
579 9 66
580 9 67
581 9 68
582 9 69
583 9 70
584 9 71
585 9 74
586 9 75
587 9 76
588 9 77
589 9 78
590 9 79
591 9 80
592 9 81
593 9 82
594 9 83
595 9 84
596 9 125
597 10 11
598 10 12
599 10 13
600 10 14
601 10 16
602 10 17
603 10 18
604 10 19
605 10 20
606 10 21
607 10 22
608 10 23
609 10 24
610 10 25
611 10 26
612 10 27
613 10 28
614 10 29
615 10 30
616 10 31
617 10 32
618 10 33
619 10 34
620 10 35
621 10 36
622 10 37
623 10 38
624 10 39
625 10 40
626 10 41
627 10 42
628 10 43
629 10 44
630 10 45
631 10 46
632 10 47
633 10 48
634 10 49
635 10 65
636 10 66
637 10 67
638 10 68
639 10 69
640 10 70
641 10 71
642 10 74
643 10 75
644 10 76
645 10 77
646 10 78
647 10 79
648 10 80
649 10 81
650 10 82
651 10 83
652 10 84
653 10 125
654 11 12
655 11 13
656 11 14
657 11 15
658 11 16
659 11 17
660 11 18
661 11 19
662 11 20
663 11 21
664 11 22
665 11 23
666 11 24
667 11 25
668 11 26
669 11 36
670 11 37
671 11 38
672 11 39
673 11 40
674 11 41
675 11 42
676 11 43
677 11 44
678 11 45
679 11 46
680 11 47
681 11 48
682 11 49
683 11 50
684 12 13
685 12 14
686 12 15
687 12 16
688 12 17
689 12 48
690 12 49
691 12 50
692 12 57
693 13 14
694 13 15
695 13 16
696 13 17
697 13 49
698 13 50
699 13 57
700 13 58
701 13 59
702 14 15
703 14 16
704 14 17
705 14 49
706 14 50
707 14 57
708 14 58
709 14 59
710 15 16
711 15 17
712 15 18
713 15 50
714 15 57
715 15 58
716 15 59
717 15 60
718 15 99
719 16 17
720 16 18
721 16 19
722 16 20
723 16 21
724 16 22
725 16 23
726 16 24
727 16 25
728 16 26
729 16 27
730 16 42
731 16 43
732 16 49
733 16 59
734 16 60
735 16 61
736 16 62
737 16 63
738 16 64
739 16 65
740 17 18
741 17 19
742 17 20
743 17 21
744 17 22
745 17 23
746 17 24
747 17 25
748 17 26
749 17 27
750 17 28
751 17 29
752 17 30
753 17 31
754 17 32
755 17 33
756 17 34
757 17 35
758 17 36
759 17 37
760 17 38
761 17 39
762 17 40
763 17 41
764 17 42
765 17 43
766 17 47
767 17 48
768 17 49
769 17 61
770 17 62
771 17 63
772 17 64
773 17 65
774 17 66
775 17 67
776 17 68
777 17 69
778 17 70
779 17 71
780 17 74
781 17 75
782 17 76
783 17 77
784 17 84
785 17 107
786 17 108
787 17 125
788 18 19
789 18 20
790 18 21
791 18 22
792 18 23
793 18 24
794 18 25
795 18 26
796 18 27
797 18 28
798 18 29
799 18 30
800 18 31
801 18 32
802 18 33
803 18 34
804 18 35
805 18 36
806 18 37
807 18 38
808 18 39
809 18 40
810 18 41
811 18 42
812 18 43
813 18 60
814 18 61
815 18 62
816 18 63
817 18 64
818 18 65
819 18 66
820 18 67
821 18 68
822 18 69
823 18 70
824 18 71
825 18 74
826 18 75
827 18 76
828 18 77
829 18 84
830 18 107
831 18 108
832 18 109
833 18 125
834 19 20
835 19 21
836 19 22
837 19 23
838 19 24
839 19 25
840 19 26
841 19 27
842 19 28
843 19 29
844 19 30
845 19 31
846 19 32
847 19 33
848 19 34
849 19 35
850 19 36
851 19 37
852 19 38
853 19 39
854 19 40
855 19 41
856 19 42
857 19 43
858 19 61
859 19 62
860 19 63
861 19 64
862 19 65
863 19 66
864 19 67
865 19 68
866 19 69
867 19 70
868 19 71
869 19 72
870 19 74
871 19 75
872 19 76
873 19 77
874 19 84
875 19 104
876 19 105
877 19 107
878 19 108
879 19 109
880 19 110
881 19 111
882 19 125
883 20 21
884 20 22
885 20 23
886 20 24
887 20 25
888 20 26
889 20 27
890 20 28
891 20 29
892 20 30
893 20 31
894 20 32
895 20 33
896 20 34
897 20 35
898 20 36
899 20 37
900 20 38
901 20 39
902 20 40
903 20 41
904 20 42
905 20 43
906 20 61
907 20 62
908 20 63
909 20 64
910 20 65
911 20 66
912 20 67
913 20 68
914 20 69
915 20 70
916 20 71
917 20 72
918 20 73
919 20 74
920 20 75
921 20 76
922 20 77
923 20 84
924 20 104
925 20 105
926 20 106
927 20 107
928 20 108
929 20 109
930 20 110
931 20 111
932 20 125
933 21 22
934 21 23
935 21 24
936 21 25
937 21 26
938 21 27
939 21 28
940 21 29
941 21 30
942 21 31
943 21 32
944 21 33
945 21 34
946 21 35
947 21 36
948 21 37
949 21 38
950 21 39
951 21 40
952 21 41
953 21 42
954 21 43
955 21 61
956 21 62
957 21 63
958 21 64
959 21 65
960 21 66
961 21 67
962 21 68
963 21 69
964 21 70
965 21 71
966 21 72
967 21 73
968 21 74
969 21 75
970 21 76
971 21 77
972 21 84
973 21 104
974 21 105
975 21 106
976 21 107
977 21 108
978 21 109
979 21 110
980 21 111
981 21 125
982 22 23
983 22 24
984 22 25
985 22 26
986 22 27
987 22 28
988 22 29
989 22 30
990 22 31
991 22 32
992 22 33
993 22 34
994 22 35
995 22 36
996 22 37
997 22 38
998 22 39
999 22 40
1000 22 41
1001 22 42
1002 22 43
1003 22 61
1004 22 62
1005 22 63
1006 22 64
1007 22 65
1008 22 66
1009 22 67
1010 22 68
1011 22 69
1012 22 70
1013 22 71
1014 22 72
1015 22 73
1016 22 74
1017 22 75
1018 22 76
1019 22 77
1020 22 84
1021 22 105
1022 22 106
1023 22 107
1024 22 108
1025 22 109
1026 22 110
1027 22 111
1028 22 125
1029 23 24
1030 23 25
1031 23 26
1032 23 27
1033 23 28
1034 23 29
1035 23 30
1036 23 31
1037 23 32
1038 23 33
1039 23 34
1040 23 35
1041 23 36
1042 23 37
1043 23 38
1044 23 39
1045 23 40
1046 23 41
1047 23 42
1048 23 43
1049 23 61
1050 23 62
1051 23 63
1052 23 64
1053 23 65
1054 23 66
1055 23 67
1056 23 68
1057 23 69
1058 23 70
1059 23 71
1060 23 72
1061 23 73
1062 23 74
1063 23 75
1064 23 76
1065 23 77
1066 23 84
1067 23 105
1068 23 106
1069 23 107
1070 23 108
1071 23 109
1072 23 110
1073 23 111
1074 23 125
1075 24 25
1076 24 26
1077 24 27
1078 24 28
1079 24 29
1080 24 30
1081 24 31
1082 24 32
1083 24 33
1084 24 34
1085 24 35
1086 24 36
1087 24 37
1088 24 38
1089 24 39
1090 24 40
1091 24 41
1092 24 42
1093 24 43
1094 24 61
1095 24 62
1096 24 63
1097 24 64
1098 24 65
1099 24 66
1100 24 67
1101 24 68
1102 24 69
1103 24 70
1104 24 71
1105 24 72
1106 24 73
1107 24 74
1108 24 75
1109 24 76
1110 24 77
1111 24 78
1112 24 84
1113 24 106
1114 24 107
1115 24 108
1116 24 109
1117 24 110
1118 24 111
1119 24 125
1120 25 26
1121 25 27
1122 25 28
1123 25 29
1124 25 30
1125 25 31
1126 25 32
1127 25 33
1128 25 34
1129 25 35
1130 25 36
1131 25 37
1132 25 38
1133 25 39
1134 25 40
1135 25 41
1136 25 42
1137 25 43
1138 25 61
1139 25 62
1140 25 63
1141 25 64
1142 25 65
1143 25 66
1144 25 67
1145 25 68
1146 25 69
1147 25 70
1148 25 71
1149 25 72
1150 25 73
1151 25 74
1152 25 75
1153 25 76
1154 25 77
1155 25 78
1156 25 79
1157 25 84
1158 25 106
1159 25 107
1160 25 108
1161 25 109
1162 25 110
1163 25 111
1164 25 112
1165 25 115
1166 25 125
1167 26 27
1168 26 28
1169 26 29
1170 26 30
1171 26 31
1172 26 32
1173 26 33
1174 26 34
1175 26 35
1176 26 36
1177 26 37
1178 26 38
1179 26 39
1180 26 40
1181 26 41
1182 26 42
1183 26 43
1184 26 61
1185 26 62
1186 26 63
1187 26 64
1188 26 65
1189 26 66
1190 26 67
1191 26 68
1192 26 69
1193 26 70
1194 26 71
1195 26 72
1196 26 73
1197 26 74
1198 26 75
1199 26 76
1200 26 77
1201 26 78
1202 26 79
1203 26 80
1204 26 81
1205 26 84
1206 26 107
1207 26 108
1208 26 109
1209 26 110
1210 26 111
1211 26 112
1212 26 113
1213 26 115
1214 26 116
1215 26 117
1216 26 125
1217 27 28
1218 27 29
1219 27 30
1220 27 31
1221 27 32
1222 27 33
1223 27 34
1224 27 35
1225 27 36
1226 27 37
1227 27 38
1228 27 39
1229 27 40
1230 27 41
1231 27 42
1232 27 43
1233 27 61
1234 27 62
1235 27 63
1236 27 64
1237 27 65
1238 27 66
1239 27 67
1240 27 68
1241 27 69
1242 27 70
1243 27 71
1244 27 72
1245 27 73
1246 27 74
1247 27 75
1248 27 76
1249 27 77
1250 27 78
1251 27 79
1252 27 80
1253 27 81
1254 27 82
1255 27 84
1256 27 107
1257 27 108
1258 27 109
1259 27 110
1260 27 111
1261 27 112
1262 27 113
1263 27 114
1264 27 115
1265 27 116
1266 27 117
1267 27 118
1268 27 125
1269 28 29
1270 28 30
1271 28 31
1272 28 32
1273 28 33
1274 28 34
1275 28 35
1276 28 36
1277 28 37
1278 28 38
1279 28 39
1280 28 40
1281 28 41
1282 28 42
1283 28 43
1284 28 61
1285 28 62
1286 28 63
1287 28 64
1288 28 65
1289 28 66
1290 28 67
1291 28 68
1292 28 69
1293 28 70
1294 28 71
1295 28 72
1296 28 73
1297 28 74
1298 28 75
1299 28 76
1300 28 77
1301 28 78
1302 28 79
1303 28 80
1304 28 81
1305 28 82
1306 28 83
1307 28 84
1308 28 107
1309 28 108
1310 28 109
1311 28 110
1312 28 111
1313 28 112
1314 28 113
1315 28 114
1316 28 115
1317 28 116
1318 28 117
1319 28 118
1320 28 125
1321 29 30
1322 29 31
1323 29 32
1324 29 33
1325 29 34
1326 29 35
1327 29 36
1328 29 37
1329 29 38
1330 29 39
1331 29 40
1332 29 41
1333 29 42
1334 29 43
1335 29 44
1336 29 62
1337 29 63
1338 29 64
1339 29 65
1340 29 66
1341 29 67
1342 29 68
1343 29 69
1344 29 70
1345 29 71
1346 29 72
1347 29 73
1348 29 74
1349 29 75
1350 29 76
1351 29 77
1352 29 78
1353 29 79
1354 29 80
1355 29 81
1356 29 82
1357 29 83
1358 29 84
1359 29 107
1360 29 108
1361 29 109
1362 29 110
1363 29 111
1364 29 112
1365 29 113
1366 29 114
1367 29 115
1368 29 116
1369 29 117
1370 29 118
1371 29 125
1372 30 31
1373 30 32
1374 30 33
1375 30 34
1376 30 35
1377 30 36
1378 30 37
1379 30 38
1380 30 39
1381 30 40
1382 30 41
1383 30 42
1384 30 43
1385 30 44
1386 30 45
1387 30 63
1388 30 64
1389 30 65
1390 30 66
1391 30 67
1392 30 68
1393 30 69
1394 30 70
1395 30 71
1396 30 72
1397 30 73
1398 30 74
1399 30 75
1400 30 76
1401 30 77
1402 30 78
1403 30 79
1404 30 80
1405 30 81
1406 30 82
1407 30 83
1408 30 84
1409 30 107
1410 30 108
1411 30 109
1412 30 110
1413 30 111
1414 30 112
1415 30 113
1416 30 114
1417 30 115
1418 30 116
1419 30 117
1420 30 118
1421 30 125
1422 31 32
1423 31 33
1424 31 34
1425 31 35
1426 31 36
1427 31 37
1428 31 38
1429 31 39
1430 31 40
1431 31 41
1432 31 42
1433 31 43
1434 31 44
1435 31 45
1436 31 63
1437 31 64
1438 31 65
1439 31 66
1440 31 67
1441 31 68
1442 31 69
1443 31 70
1444 31 71
1445 31 72
1446 31 73
1447 31 74
1448 31 75
1449 31 76
1450 31 77
1451 31 78
1452 31 79
1453 31 80
1454 31 81
1455 31 82
1456 31 83
1457 31 84
1458 31 107
1459 31 108
1460 31 109
1461 31 110
1462 31 111
1463 31 112
1464 31 113
1465 31 114
1466 31 115
1467 31 116
1468 31 117
1469 31 118
1470 31 125
1471 32 33
1472 32 34
1473 32 35
1474 32 36
1475 32 37
1476 32 38
1477 32 39
1478 32 40
1479 32 41
1480 32 42
1481 32 43
1482 32 44
1483 32 45
1484 32 46
1485 32 64
1486 32 65
1487 32 66
1488 32 67
1489 32 68
1490 32 69
1491 32 70
1492 32 71
1493 32 72
1494 32 73
1495 32 74
1496 32 75
1497 32 76
1498 32 77
1499 32 78
1500 32 79
1501 32 80
1502 32 81
1503 32 82
1504 32 83
1505 32 84
1506 32 107
1507 32 108
1508 32 109
1509 32 110
1510 32 111
1511 32 112
1512 32 113
1513 32 114
1514 32 115
1515 32 116
1516 32 117
1517 32 118
1518 32 125
1519 33 34
1520 33 35
1521 33 36
1522 33 37
1523 33 38
1524 33 39
1525 33 40
1526 33 41
1527 33 42
1528 33 43
1529 33 44
1530 33 45
1531 33 46
1532 33 65
1533 33 66
1534 33 67
1535 33 68
1536 33 69
1537 33 70
1538 33 71
1539 33 72
1540 33 73
1541 33 74
1542 33 75
1543 33 76
1544 33 77
1545 33 78
1546 33 79
1547 33 80
1548 33 81
1549 33 82
1550 33 83
1551 33 84
1552 33 107
1553 33 108
1554 33 109
1555 33 110
1556 33 111
1557 33 112
1558 33 113
1559 33 114
1560 33 115
1561 33 116
1562 33 117
1563 33 118
1564 33 119
1565 33 125
1566 34 35
1567 34 36
1568 34 37
1569 34 38
1570 34 39
1571 34 40
1572 34 41
1573 34 42
1574 34 43
1575 34 44
1576 34 45
1577 34 46
1578 34 47
1579 34 65
1580 34 66
1581 34 67
1582 34 68
1583 34 69
1584 34 70
1585 34 71
1586 34 72
1587 34 73
1588 34 74
1589 34 75
1590 34 76
1591 34 77
1592 34 78
1593 34 79
1594 34 80
1595 34 81
1596 34 82
1597 34 83
1598 34 84
1599 34 108
1600 34 109
1601 34 110
1602 34 111
1603 34 112
1604 34 113
1605 34 114
1606 34 115
1607 34 116
1608 34 117
1609 34 118
1610 34 119
1611 34 120
1612 34 125
1613 35 36
1614 35 37
1615 35 38
1616 35 39
1617 35 40
1618 35 41
1619 35 42
1620 35 43
1621 35 44
1622 35 45
1623 35 46
1624 35 47
1625 35 65
1626 35 66
1627 35 67
1628 35 68
1629 35 69
1630 35 70
1631 35 71
1632 35 72
1633 35 73
1634 35 74
1635 35 75
1636 35 76
1637 35 77
1638 35 78
1639 35 79
1640 35 80
1641 35 81
1642 35 82
1643 35 83
1644 35 84
1645 35 109
1646 35 110
1647 35 111
1648 35 113
1649 35 114
1650 35 115
1651 35 116
1652 35 117
1653 35 118
1654 35 119
1655 35 120
1656 35 125
1657 36 37
1658 36 38
1659 36 39
1660 36 40
1661 36 41
1662 36 42
1663 36 43
1664 36 44
1665 36 45
1666 36 46
1667 36 47
1668 36 65
1669 36 66
1670 36 67
1671 36 68
1672 36 69
1673 36 70
1674 36 71
1675 36 72
1676 36 73
1677 36 74
1678 36 75
1679 36 76
1680 36 77
1681 36 78
1682 36 79
1683 36 80
1684 36 81
1685 36 82
1686 36 83
1687 36 84
1688 36 109
1689 36 110
1690 36 111
1691 36 113
1692 36 114
1693 36 115
1694 36 116
1695 36 117
1696 36 118
1697 36 119
1698 36 120
1699 36 125
1700 37 38
1701 37 39
1702 37 40
1703 37 41
1704 37 42
1705 37 43
1706 37 44
1707 37 45
1708 37 46
1709 37 47
1710 37 48
1711 37 65
1712 37 66
1713 37 67
1714 37 68
1715 37 69
1716 37 70
1717 37 71
1718 37 72
1719 37 73
1720 37 74
1721 37 75
1722 37 76
1723 37 77
1724 37 78
1725 37 79
1726 37 80
1727 37 81
1728 37 82
1729 37 83
1730 37 84
1731 37 110
1732 37 111
1733 37 114
1734 37 115
1735 37 116
1736 37 117
1737 37 118
1738 37 119
1739 37 120
1740 37 123
1741 37 125
1742 38 39
1743 38 40
1744 38 41
1745 38 42
1746 38 43
1747 38 44
1748 38 45
1749 38 46
1750 38 47
1751 38 48
1752 38 65
1753 38 66
1754 38 67
1755 38 68
1756 38 69
1757 38 70
1758 38 71
1759 38 72
1760 38 73
1761 38 74
1762 38 75
1763 38 76
1764 38 77
1765 38 78
1766 38 79
1767 38 80
1768 38 81
1769 38 82
1770 38 83
1771 38 84
1772 38 110
1773 38 111
1774 38 115
1775 38 116
1776 38 117
1777 38 118
1778 38 119
1779 38 120
1780 38 123
1781 38 125
1782 39 40
1783 39 41
1784 39 42
1785 39 43
1786 39 44
1787 39 45
1788 39 46
1789 39 47
1790 39 48
1791 39 65
1792 39 66
1793 39 67
1794 39 68
1795 39 69
1796 39 70
1797 39 71
1798 39 72
1799 39 73
1800 39 74
1801 39 75
1802 39 76
1803 39 77
1804 39 78
1805 39 79
1806 39 80
1807 39 81
1808 39 82
1809 39 83
1810 39 84
1811 39 111
1812 39 115
1813 39 116
1814 39 117
1815 39 118
1816 39 119
1817 39 120
1818 39 123
1819 39 125
1820 40 41
1821 40 42
1822 40 43
1823 40 44
1824 40 45
1825 40 46
1826 40 47
1827 40 48
1828 40 49
1829 40 65
1830 40 66
1831 40 67
1832 40 68
1833 40 69
1834 40 70
1835 40 71
1836 40 72
1837 40 73
1838 40 74
1839 40 75
1840 40 76
1841 40 77
1842 40 78
1843 40 79
1844 40 80
1845 40 81
1846 40 82
1847 40 83
1848 40 84
1849 40 111
1850 40 115
1851 40 116
1852 40 117
1853 40 118
1854 40 119
1855 40 120
1856 40 123
1857 40 124
1858 40 125
1859 41 42
1860 41 43
1861 41 44
1862 41 45
1863 41 46
1864 41 47
1865 41 48
1866 41 49
1867 41 65
1868 41 66
1869 41 67
1870 41 68
1871 41 69
1872 41 70
1873 41 71
1874 41 72
1875 41 73
1876 41 74
1877 41 75
1878 41 76
1879 41 77
1880 41 78
1881 41 79
1882 41 80
1883 41 81
1884 41 82
1885 41 83
1886 41 84
1887 41 111
1888 41 115
1889 41 116
1890 41 117
1891 41 118
1892 41 119
1893 41 120
1894 41 123
1895 41 124
1896 41 125
1897 42 43
1898 42 44
1899 42 45
1900 42 46
1901 42 47
1902 42 48
1903 42 49
1904 42 65
1905 42 66
1906 42 67
1907 42 68
1908 42 69
1909 42 70
1910 42 71
1911 42 72
1912 42 73
1913 42 74
1914 42 75
1915 42 76
1916 42 77
1917 42 78
1918 42 79
1919 42 80
1920 42 81
1921 42 82
1922 42 83
1923 42 84
1924 42 115
1925 42 116
1926 42 117
1927 42 118
1928 42 120
1929 42 123
1930 42 124
1931 42 125
1932 43 44
1933 43 45
1934 43 46
1935 43 47
1936 43 48
1937 43 49
1938 43 62
1939 43 63
1940 43 64
1941 43 65
1942 43 66
1943 43 67
1944 43 68
1945 43 69
1946 43 70
1947 43 71
1948 43 72
1949 43 73
1950 43 74
1951 43 75
1952 43 76
1953 43 77
1954 43 78
1955 43 79
1956 43 80
1957 43 81
1958 43 82
1959 43 83
1960 43 84
1961 43 107
1962 43 108
1963 43 109
1964 43 110
1965 43 111
1966 43 112
1967 43 113
1968 43 114
1969 43 115
1970 43 116
1971 43 117
1972 43 118
1973 43 119
1974 43 120
1975 43 123
1976 43 125
1977 43 166
1978 44 45
1979 44 46
1980 44 47
1981 44 48
1982 44 49
1983 44 74
1984 44 75
1985 44 76
1986 44 77
1987 44 78
1988 44 79
1989 44 80
1990 44 81
1991 44 82
1992 44 83
1993 44 84
1994 44 85
1995 44 86
1996 44 87
1997 44 88
1998 44 117
1999 44 118
2000 44 119
2001 44 120
2002 44 121
2003 44 122
2004 44 123
2005 44 124
2006 44 125
2007 44 126
2008 44 162
2009 44 163
2010 44 164
2011 44 165
2012 45 46
2013 45 47
2014 45 48
2015 45 49
2016 45 74
2017 45 75
2018 45 76
2019 45 77
2020 45 78
2021 45 79
2022 45 80
2023 45 81
2024 45 82
2025 45 83
2026 45 84
2027 45 85
2028 45 86
2029 45 87
2030 45 88
2031 45 89
2032 45 118
2033 45 119
2034 45 120
2035 45 121
2036 45 122
2037 45 123
2038 45 124
2039 45 125
2040 45 126
2041 45 127
2042 45 163
2043 45 164
2044 45 165
2045 46 47
2046 46 48
2047 46 49
2048 46 50
2049 46 76
2050 46 77
2051 46 78
2052 46 79
2053 46 80
2054 46 81
2055 46 82
2056 46 83
2057 46 84
2058 46 85
2059 46 86
2060 46 87
2061 46 88
2062 46 89
2063 46 120
2064 46 121
2065 46 122
2066 46 123
2067 46 124
2068 46 126
2069 46 127
2070 46 163
2071 46 165
2072 47 48
2073 47 49
2074 47 50
2075 47 79
2076 47 80
2077 47 81
2078 47 82
2079 47 83
2080 47 84
2081 47 85
2082 47 86
2083 47 87
2084 47 88
2085 47 89
2086 47 122
2087 47 123
2088 47 124
2089 47 127
2090 47 128
2091 48 49
2092 48 50
2093 48 80
2094 48 81
2095 48 82
2096 48 83
2097 48 84
2098 48 85
2099 48 86
2100 48 87
2101 48 88
2102 48 89
2103 48 123
2104 48 124
2105 49 50
2106 49 81
2107 49 82
2108 49 83
2109 49 85
2110 49 86
2111 49 87
2112 49 88
2113 49 89
2114 49 123
2115 49 124
2116 50 87
2117 50 88
2118 50 89
2119 50 131
2120 50 132
2121 50 134
2122 50 173
2123 50 174
2124 50 175
2125 51 52
2126 51 53
2127 51 54
2128 51 55
2129 51 90
2130 51 91
2131 51 92
2132 51 93
2133 51 94
2134 51 95
2135 51 96
2136 51 132
2137 51 133
2138 51 134
2139 51 135
2140 52 53
2141 52 54
2142 52 55
2143 52 91
2144 52 92
2145 52 93
2146 52 94
2147 52 95
2148 52 96
2149 53 54
2150 53 55
2151 53 56
2152 53 91
2153 53 92
2154 53 93
2155 53 94
2156 53 95
2157 53 96
2158 53 97
2159 53 136
2160 54 55
2161 54 56
2162 54 57
2163 54 92
2164 54 93
2165 54 94
2166 54 95
2167 54 96
2168 54 97
2169 54 98
2170 54 133
2171 54 134
2172 54 135
2173 54 136
2174 54 137
2175 54 138
2176 55 56
2177 55 57
2178 55 92
2179 55 93
2180 55 94
2181 55 95
2182 55 96
2183 55 97
2184 55 98
2185 55 135
2186 55 136
2187 55 137
2188 55 138
2189 55 139
2190 56 57
2191 56 58
2192 56 93
2193 56 94
2194 56 95
2195 56 96
2196 56 97
2197 56 98
2198 56 135
2199 56 136
2200 56 137
2201 56 138
2202 56 139
2203 57 58
2204 57 59
2205 57 95
2206 57 96
2207 57 97
2208 57 98
2209 57 99
2210 57 100
2211 57 136
2212 57 137
2213 57 138
2214 57 139
2215 57 140
2216 57 179
2217 57 180
2218 57 181
2219 58 59
2220 58 60
2221 58 98
2222 58 99
2223 58 100
2224 58 101
2225 58 138
2226 58 139
2227 58 140
2228 58 141
2229 58 180
2230 58 181
2231 58 182
2232 59 60
2233 59 61
2234 59 62
2235 59 63
2236 59 64
2237 59 99
2238 59 100
2239 59 101
2240 59 102
2241 59 103
2242 59 104
2243 59 105
2244 59 141
2245 59 142
2246 59 143
2247 59 144
2248 60 61
2249 60 62
2250 60 63
2251 60 64
2252 60 65
2253 60 99
2254 60 100
2255 60 101
2256 60 102
2257 60 103
2258 60 104
2259 60 105
2260 60 106
2261 60 142
2262 60 143
2263 60 144
2264 60 145
2265 60 146
2266 60 184
2267 60 185
2268 61 62
2269 61 63
2270 61 64
2271 61 65
2272 61 66
2273 61 67
2274 61 68
2275 61 69
2276 61 70
2277 61 100
2278 61 101
2279 61 102
2280 61 103
2281 61 104
2282 61 105
2283 61 106
2284 61 107
2285 61 108
2286 61 109
2287 61 142
2288 61 143
2289 61 144
2290 61 145
2291 61 146
2292 61 147
2293 61 148
2294 62 63
2295 62 64
2296 62 65
2297 62 66
2298 62 67
2299 62 68
2300 62 69
2301 62 70
2302 62 101
2303 62 102
2304 62 103
2305 62 104
2306 62 105
2307 62 106
2308 62 107
2309 62 108
2310 62 109
2311 62 110
2312 62 142
2313 62 143
2314 62 144
2315 62 145
2316 62 146
2317 62 147
2318 62 148
2319 62 149
2320 62 188
2321 63 64
2322 63 65
2323 63 66
2324 63 67
2325 63 68
2326 63 69
2327 63 70
2328 63 71
2329 63 101
2330 63 102
2331 63 103
2332 63 104
2333 63 105
2334 63 106
2335 63 107
2336 63 108
2337 63 109
2338 63 110
2339 63 111
2340 63 142
2341 63 143
2342 63 144
2343 63 145
2344 63 146
2345 63 147
2346 63 148
2347 63 149
2348 63 150
2349 63 188
2350 63 189
2351 64 65
2352 64 66
2353 64 67
2354 64 68
2355 64 69
2356 64 70
2357 64 71
2358 64 84
2359 64 101
2360 64 102
2361 64 103
2362 64 104
2363 64 105
2364 64 106
2365 64 107
2366 64 108
2367 64 109
2368 64 110
2369 64 111
2370 64 143
2371 64 144
2372 64 145
2373 64 146
2374 64 147
2375 64 148
2376 64 149
2377 64 150
2378 64 188
2379 64 189
2380 65 66
2381 65 67
2382 65 68
2383 65 69
2384 65 70
2385 65 71
2386 65 72
2387 65 73
2388 65 74
2389 65 75
2390 65 76
2391 65 77
2392 65 84
2393 65 102
2394 65 103
2395 65 104
2396 65 105
2397 65 106
2398 65 107
2399 65 108
2400 65 109
2401 65 110
2402 65 111
2403 65 112
2404 65 125
2405 65 146
2406 65 147
2407 65 148
2408 65 149
2409 65 150
2410 65 151
2411 65 152
2412 66 67
2413 66 68
2414 66 69
2415 66 70
2416 66 71
2417 66 72
2418 66 73
2419 66 74
2420 66 75
2421 66 76
2422 66 77
2423 66 84
2424 66 102
2425 66 103
2426 66 104
2427 66 105
2428 66 106
2429 66 107
2430 66 108
2431 66 109
2432 66 110
2433 66 111
2434 66 112
2435 66 113
2436 66 115
2437 66 125
2438 66 146
2439 66 147
2440 66 148
2441 66 149
2442 66 150
2443 66 151
2444 66 152
2445 67 68
2446 67 69
2447 67 70
2448 67 71
2449 67 72
2450 67 73
2451 67 74
2452 67 75
2453 67 76
2454 67 77
2455 67 84
2456 67 102
2457 67 103
2458 67 104
2459 67 105
2460 67 106
2461 67 107
2462 67 108
2463 67 109
2464 67 110
2465 67 111
2466 67 112
2467 67 113
2468 67 114
2469 67 115
2470 67 116
2471 67 125
2472 67 146
2473 67 147
2474 67 148
2475 67 149
2476 67 150
2477 67 151
2478 67 152
2479 67 190
2480 68 69
2481 68 70
2482 68 71
2483 68 72
2484 68 73
2485 68 74
2486 68 75
2487 68 76
2488 68 77
2489 68 84
2490 68 103
2491 68 104
2492 68 105
2493 68 106
2494 68 107
2495 68 108
2496 68 109
2497 68 110
2498 68 111
2499 68 112
2500 68 113
2501 68 114
2502 68 115
2503 68 116
2504 68 117
2505 68 125
2506 68 146
2507 68 147
2508 68 148
2509 68 149
2510 68 150
2511 68 151
2512 68 152
2513 68 153
2514 68 191
2515 69 70
2516 69 71
2517 69 72
2518 69 73
2519 69 74
2520 69 75
2521 69 76
2522 69 77
2523 69 78
2524 69 79
2525 69 84
2526 69 104
2527 69 105
2528 69 106
2529 69 107
2530 69 108
2531 69 109
2532 69 110
2533 69 111
2534 69 112
2535 69 113
2536 69 114
2537 69 115
2538 69 116
2539 69 117
2540 69 118
2541 69 125
2542 69 147
2543 69 148
2544 69 149
2545 69 150
2546 69 151
2547 69 152
2548 69 153
2549 69 166
2550 69 192
2551 69 193
2552 70 71
2553 70 72
2554 70 73
2555 70 74
2556 70 75
2557 70 76
2558 70 77
2559 70 78
2560 70 79
2561 70 80
2562 70 84
2563 70 106
2564 70 107
2565 70 108
2566 70 109
2567 70 110
2568 70 111
2569 70 112
2570 70 113
2571 70 114
2572 70 115
2573 70 116
2574 70 117
2575 70 118
2576 70 125
2577 70 148
2578 70 149
2579 70 150
2580 70 151
2581 70 152
2582 70 153
2583 70 154
2584 70 156
2585 70 166
2586 70 193
2587 71 72
2588 71 73
2589 71 74
2590 71 75
2591 71 76
2592 71 77
2593 71 78
2594 71 79
2595 71 80
2596 71 81
2597 71 84
2598 71 107
2599 71 108
2600 71 109
2601 71 110
2602 71 111
2603 71 112
2604 71 113
2605 71 114
2606 71 115
2607 71 116
2608 71 117
2609 71 118
2610 71 125
2611 71 149
2612 71 150
2613 71 151
2614 71 152
2615 71 153
2616 71 154
2617 71 155
2618 71 156
2619 71 157
2620 71 166
2621 71 193
2622 72 73
2623 72 74
2624 72 75
2625 72 76
2626 72 77
2627 72 78
2628 72 79
2629 72 80
2630 72 84
2631 72 107
2632 72 108
2633 72 109
2634 72 110
2635 72 111
2636 72 112
2637 72 113
2638 72 114
2639 72 115
2640 72 116
2641 72 117
2642 72 118
2643 72 119
2644 72 125
2645 72 150
2646 72 151
2647 72 152
2648 72 153
2649 72 154
2650 72 155
2651 72 156
2652 72 157
2653 72 158
2654 72 159
2655 72 192
2656 72 193
2657 72 194
2658 73 74
2659 73 75
2660 73 76
2661 73 77
2662 73 78
2663 73 79
2664 73 80
2665 73 81
2666 73 84
2667 73 107
2668 73 108
2669 73 109
2670 73 110
2671 73 111
2672 73 112
2673 73 113
2674 73 114
2675 73 115
2676 73 116
2677 73 117
2678 73 118
2679 73 119
2680 73 120
2681 73 125
2682 73 151
2683 73 152
2684 73 153
2685 73 154
2686 73 155
2687 73 156
2688 73 157
2689 73 158
2690 73 159
2691 73 193
2692 74 75
2693 74 76
2694 74 77
2695 74 78
2696 74 79
2697 74 80
2698 74 81
2699 74 82
2700 74 83
2701 74 84
2702 74 107
2703 74 108
2704 74 109
2705 74 110
2706 74 111
2707 74 112
2708 74 113
2709 74 114
2710 74 115
2711 74 116
2712 74 117
2713 74 118
2714 74 119
2715 74 120
2716 74 125
2717 74 151
2718 74 152
2719 74 153
2720 74 154
2721 74 155
2722 74 156
2723 74 157
2724 74 158
2725 74 159
2726 74 166
2727 75 76
2728 75 77
2729 75 78
2730 75 79
2731 75 80
2732 75 81
2733 75 82
2734 75 83
2735 75 84
2736 75 108
2737 75 109
2738 75 110
2739 75 111
2740 75 112
2741 75 113
2742 75 114
2743 75 115
2744 75 116
2745 75 117
2746 75 118
2747 75 119
2748 75 120
2749 75 121
2750 75 123
2751 75 125
2752 75 152
2753 75 154
2754 75 155
2755 75 156
2756 75 157
2757 75 158
2758 75 159
2759 75 166
2760 76 77
2761 76 78
2762 76 79
2763 76 80
2764 76 81
2765 76 82
2766 76 83
2767 76 84
2768 76 109
2769 76 110
2770 76 111
2771 76 112
2772 76 113
2773 76 114
2774 76 115
2775 76 116
2776 76 117
2777 76 118
2778 76 119
2779 76 120
2780 76 121
2781 76 123
2782 76 124
2783 76 125
2784 76 155
2785 76 156
2786 76 157
2787 76 158
2788 76 159
2789 76 166
2790 77 78
2791 77 79
2792 77 80
2793 77 81
2794 77 82
2795 77 83
2796 77 84
2797 77 85
2798 77 109
2799 77 110
2800 77 111
2801 77 112
2802 77 113
2803 77 114
2804 77 115
2805 77 116
2806 77 117
2807 77 118
2808 77 119
2809 77 120
2810 77 121
2811 77 122
2812 77 123
2813 77 124
2814 77 125
2815 77 156
2816 77 157
2817 77 158
2818 77 159
2819 77 160
2820 77 161
2821 77 166
2822 78 79
2823 78 80
2824 78 81
2825 78 82
2826 78 83
2827 78 84
2828 78 85
2829 78 86
2830 78 113
2831 78 114
2832 78 115
2833 78 116
2834 78 117
2835 78 118
2836 78 119
2837 78 120
2838 78 121
2839 78 122
2840 78 123
2841 78 124
2842 78 125
2843 78 156
2844 78 157
2845 78 158
2846 78 159
2847 78 160
2848 78 161
2849 78 162
2850 78 163
2851 79 80
2852 79 81
2853 79 82
2854 79 83
2855 79 84
2856 79 85
2857 79 86
2858 79 114
2859 79 115
2860 79 116
2861 79 117
2862 79 118
2863 79 119
2864 79 120
2865 79 121
2866 79 122
2867 79 123
2868 79 124
2869 79 125
2870 79 156
2871 79 157
2872 79 158
2873 79 159
2874 79 160
2875 79 161
2876 79 162
2877 79 163
2878 80 81
2879 80 82
2880 80 83
2881 80 84
2882 80 85
2883 80 86
2884 80 115
2885 80 116
2886 80 117
2887 80 118
2888 80 119
2889 80 120
2890 80 121
2891 80 122
2892 80 123
2893 80 124
2894 80 125
2895 80 156
2896 80 157
2897 80 158
2898 80 159
2899 80 160
2900 80 161
2901 80 162
2902 80 163
2903 80 164
2904 81 82
2905 81 83
2906 81 84
2907 81 85
2908 81 86
2909 81 115
2910 81 116
2911 81 117
2912 81 118
2913 81 119
2914 81 120
2915 81 121
2916 81 122
2917 81 123
2918 81 124
2919 81 125
2920 81 158
2921 81 159
2922 81 160
2923 81 161
2924 81 162
2925 81 163
2926 81 164
2927 82 83
2928 82 84
2929 82 85
2930 82 86
2931 82 87
2932 82 115
2933 82 116
2934 82 117
2935 82 118
2936 82 119
2937 82 120
2938 82 121
2939 82 122
2940 82 123
2941 82 124
2942 82 125
2943 82 159
2944 82 161
2945 82 162
2946 82 163
2947 82 164
2948 82 165
2949 83 84
2950 83 85
2951 83 86
2952 83 87
2953 83 116
2954 83 117
2955 83 118
2956 83 119
2957 83 120
2958 83 121
2959 83 122
2960 83 123
2961 83 124
2962 83 125
2963 83 126
2964 83 161
2965 83 162
2966 83 163
2967 83 164
2968 83 165
2969 84 85
2970 84 107
2971 84 108
2972 84 109
2973 84 110
2974 84 111
2975 84 112
2976 84 113
2977 84 114
2978 84 115
2979 84 116
2980 84 117
2981 84 118
2982 84 119
2983 84 120
2984 84 123
2985 84 124
2986 84 125
2987 84 152
2988 84 156
2989 84 157
2990 84 166
2991 84 207
2992 85 86
2993 85 87
2994 85 88
2995 85 89
2996 85 118
2997 85 119
2998 85 120
2999 85 121
3000 85 122
3001 85 123
3002 85 124
3003 85 126
3004 85 127
3005 85 128
3006 85 161
3007 85 162
3008 85 163
3009 85 164
3010 85 165
3011 85 167
3012 85 204
3013 85 206
3014 86 87
3015 86 88
3016 86 89
3017 86 120
3018 86 121
3019 86 122
3020 86 123
3021 86 124
3022 86 126
3023 86 127
3024 86 128
3025 86 162
3026 86 163
3027 86 164
3028 86 165
3029 86 167
3030 87 88
3031 87 89
3032 87 122
3033 87 123
3034 87 124
3035 87 126
3036 87 127
3037 87 128
3038 87 129
3039 87 163
3040 87 164
3041 87 165
3042 87 167
3043 87 168
3044 87 169
3045 88 89
3046 88 124
3047 88 126
3048 88 127
3049 88 128
3050 88 129
3051 88 131
3052 88 165
3053 88 168
3054 88 169
3055 88 172
3056 88 173
3057 88 212
3058 88 213
3059 89 90
3060 89 126
3061 89 127
3062 89 128
3063 89 129
3064 89 131
3065 89 132
3066 89 169
3067 89 171
3068 89 172
3069 89 173
3070 89 174
3071 89 175
3072 89 212
3073 89 213
3074 89 214
3075 90 91
3076 90 92
3077 90 93
3078 90 129
3079 90 130
3080 90 131
3081 90 132
3082 90 133
3083 90 134
3084 90 170
3085 90 171
3086 90 172
3087 90 173
3088 90 174
3089 91 92
3090 91 93
3091 91 94
3092 91 95
3093 91 130
3094 91 131
3095 91 132
3096 91 133
3097 91 134
3098 91 135
3099 91 171
3100 91 172
3101 91 173
3102 91 174
3103 92 93
3104 92 94
3105 92 95
3106 92 96
3107 92 130
3108 92 131
3109 92 132
3110 92 133
3111 92 134
3112 92 135
3113 92 136
3114 92 174
3115 93 94
3116 93 95
3117 93 96
3118 93 97
3119 93 131
3120 93 132
3121 93 133
3122 93 134
3123 93 135
3124 93 136
3125 93 137
3126 93 138
3127 93 173
3128 93 174
3129 93 175
3130 93 176
3131 93 177
3132 94 95
3133 94 96
3134 94 97
3135 94 98
3136 94 132
3137 94 133
3138 94 134
3139 94 135
3140 94 136
3141 94 137
3142 94 138
3143 94 174
3144 94 177
3145 95 96
3146 95 97
3147 95 98
3148 95 133
3149 95 134
3150 95 135
3151 95 136
3152 95 137
3153 95 138
3154 95 139
3155 96 97
3156 96 98
3157 96 133
3158 96 134
3159 96 135
3160 96 136
3161 96 137
3162 96 138
3163 96 139
3164 97 98
3165 97 135
3166 97 136
3167 97 137
3168 97 138
3169 97 139
3170 97 140
3171 98 99
3172 98 136
3173 98 137
3174 98 138
3175 98 139
3176 98 140
3177 98 179
3178 98 181
3179 99 100
3180 99 101
3181 99 137
3182 99 138
3183 99 139
3184 99 140
3185 99 141
3186 99 142
3187 99 179
3188 99 180
3189 99 181
3190 99 182
3191 99 222
3192 100 101
3193 100 102
3194 100 103
3195 100 139
3196 100 140
3197 100 141
3198 100 142
3199 100 143
3200 100 144
3201 100 180
3202 100 181
3203 100 182
3204 100 183
3205 100 184
3206 100 222
3207 100 223
3208 101 102
3209 101 103
3210 101 104
3211 101 105
3212 101 106
3213 101 141
3214 101 142
3215 101 143
3216 101 144
3217 101 145
3218 101 146
3219 101 181
3220 101 182
3221 101 183
3222 101 184
3223 101 185
3224 101 186
3225 101 223
3226 101 224
3227 101 225
3228 102 103
3229 102 104
3230 102 105
3231 102 106
3232 102 107
3233 102 108
3234 102 142
3235 102 143
3236 102 144
3237 102 145
3238 102 146
3239 102 147
3240 102 148
3241 102 149
3242 102 183
3243 102 184
3244 102 185
3245 102 186
3246 102 187
3247 102 188
3248 102 189
3249 102 224
3250 102 225
3251 102 226
3252 102 227
3253 102 228
3254 103 104
3255 103 105
3256 103 106
3257 103 107
3258 103 108
3259 103 109
3260 103 142
3261 103 143
3262 103 144
3263 103 145
3264 103 146
3265 103 147
3266 103 148
3267 103 149
3268 103 184
3269 103 185
3270 103 186
3271 103 187
3272 103 188
3273 103 189
3274 103 225
3275 103 226
3276 103 227
3277 103 228
3278 104 105
3279 104 106
3280 104 107
3281 104 108
3282 104 109
3283 104 110
3284 104 142
3285 104 143
3286 104 144
3287 104 145
3288 104 146
3289 104 147
3290 104 148
3291 104 149
3292 104 150
3293 104 184
3294 104 185
3295 104 186
3296 104 187
3297 104 188
3298 104 189
3299 104 190
3300 104 225
3301 104 226
3302 104 227
3303 104 228
3304 104 229
3305 105 106
3306 105 107
3307 105 108
3308 105 109
3309 105 110
3310 105 111
3311 105 142
3312 105 143
3313 105 144
3314 105 145
3315 105 146
3316 105 147
3317 105 148
3318 105 149
3319 105 150
3320 105 151
3321 105 184
3322 105 185
3323 105 186
3324 105 187
3325 105 188
3326 105 189
3327 105 190
3328 105 191
3329 105 226
3330 105 227
3331 105 228
3332 105 229
3333 105 230
3334 106 107
3335 106 108
3336 106 109
3337 106 110
3338 106 111
3339 106 142
3340 106 143
3341 106 144
3342 106 145
3343 106 146
3344 106 147
3345 106 148
3346 106 149
3347 106 150
3348 106 151
3349 106 152
3350 106 184
3351 106 185
3352 106 186
3353 106 187
3354 106 188
3355 106 189
3356 106 190
3357 106 191
3358 106 192
3359 106 227
3360 106 228
3361 106 229
3362 106 230
3363 107 108
3364 107 109
3365 107 110
3366 107 111
3367 107 112
3368 107 113
3369 107 125
3370 107 144
3371 107 145
3372 107 146
3373 107 147
3374 107 148
3375 107 149
3376 107 150
3377 107 151
3378 107 152
3379 107 186
3380 107 187
3381 107 188
3382 107 189
3383 107 190
3384 107 191
3385 107 192
3386 107 193
3387 107 228
3388 107 229
3389 107 230
3390 107 231
3391 107 232
3392 108 109
3393 108 110
3394 108 111
3395 108 112
3396 108 113
3397 108 114
3398 108 115
3399 108 125
3400 108 145
3401 108 146
3402 108 147
3403 108 148
3404 108 149
3405 108 150
3406 108 151
3407 108 152
3408 108 153
3409 108 166
3410 108 187
3411 108 188
3412 108 189
3413 108 190
3414 108 191
3415 108 192
3416 108 193
3417 108 229
3418 108 230
3419 108 231
3420 108 232
3421 109 110
3422 109 111
3423 109 112
3424 109 113
3425 109 114
3426 109 115
3427 109 116
3428 109 125
3429 109 146
3430 109 147
3431 109 148
3432 109 149
3433 109 150
3434 109 151
3435 109 152
3436 109 153
3437 109 154
3438 109 166
3439 109 188
3440 109 189
3441 109 190
3442 109 191
3443 109 192
3444 109 193
3445 109 194
3446 109 230
3447 109 231
3448 109 232
3449 109 233
3450 110 111
3451 110 112
3452 110 113
3453 110 114
3454 110 115
3455 110 116
3456 110 117
3457 110 118
3458 110 125
3459 110 146
3460 110 147
3461 110 148
3462 110 149
3463 110 150
3464 110 151
3465 110 152
3466 110 153
3467 110 154
3468 110 155
3469 110 156
3470 110 166
3471 110 188
3472 110 189
3473 110 190
3474 110 191
3475 110 192
3476 110 193
3477 110 194
3478 110 231
3479 110 232
3480 110 233
3481 110 234
3482 111 112
3483 111 113
3484 111 114
3485 111 115
3486 111 116
3487 111 117
3488 111 118
3489 111 125
3490 111 147
3491 111 148
3492 111 149
3493 111 150
3494 111 151
3495 111 152
3496 111 153
3497 111 154
3498 111 155
3499 111 156
3500 111 157
3501 111 166
3502 111 188
3503 111 189
3504 111 190
3505 111 191
3506 111 192
3507 111 193
3508 111 194
3509 111 231
3510 111 232
3511 111 233
3512 111 234
3513 112 113
3514 112 114
3515 112 115
3516 112 116
3517 112 117
3518 112 118
3519 112 125
3520 112 148
3521 112 149
3522 112 150
3523 112 151
3524 112 152
3525 112 153
3526 112 154
3527 112 155
3528 112 156
3529 112 157
3530 112 158
3531 112 190
3532 112 191
3533 112 192
3534 112 193
3535 112 194
3536 112 195
3537 112 196
3538 112 197
3539 112 232
3540 112 233
3541 112 234
3542 112 235
3543 112 236
3544 113 114
3545 113 115
3546 113 116
3547 113 117
3548 113 118
3549 113 119
3550 113 125
3551 113 149
3552 113 150
3553 113 151
3554 113 152
3555 113 153
3556 113 154
3557 113 155
3558 113 156
3559 113 157
3560 113 158
3561 113 159
3562 113 191
3563 113 192
3564 113 193
3565 113 194
3566 113 195
3567 113 196
3568 113 197
3569 113 198
3570 113 233
3571 113 234
3572 113 235
3573 113 236
3574 114 115
3575 114 116
3576 114 117
3577 114 118
3578 114 119
3579 114 120
3580 114 125
3581 114 150
3582 114 151
3583 114 152
3584 114 153
3585 114 154
3586 114 155
3587 114 156
3588 114 157
3589 114 158
3590 114 159
3591 114 192
3592 114 193
3593 114 194
3594 114 195
3595 114 196
3596 114 197
3597 114 198
3598 114 199
3599 114 234
3600 114 235
3601 114 236
3602 115 116
3603 115 117
3604 115 118
3605 115 119
3606 115 120
3607 115 125
3608 115 151
3609 115 152
3610 115 153
3611 115 154
3612 115 155
3613 115 156
3614 115 157
3615 115 158
3616 115 159
3617 115 160
3618 115 161
3619 115 166
3620 115 192
3621 115 193
3622 115 194
3623 115 195
3624 115 196
3625 115 197
3626 115 198
3627 115 199
3628 115 200
3629 116 117
3630 116 118
3631 116 119
3632 116 120
3633 116 121
3634 116 123
3635 116 125
3636 116 152
3637 116 153
3638 116 154
3639 116 155
3640 116 156
3641 116 157
3642 116 158
3643 116 159
3644 116 160
3645 116 161
3646 116 162
3647 116 166
3648 116 193
3649 116 194
3650 116 196
3651 116 197
3652 116 198
3653 116 199
3654 116 200
3655 116 201
3656 117 118
3657 117 119
3658 117 120
3659 117 121
3660 117 122
3661 117 123
3662 117 124
3663 117 125
3664 117 152
3665 117 153
3666 117 154
3667 117 155
3668 117 156
3669 117 157
3670 117 158
3671 117 159
3672 117 160
3673 117 161
3674 117 162
3675 117 163
3676 117 166
3677 117 197
3678 117 198
3679 117 199
3680 117 200
3681 117 201
3682 118 119
3683 118 120
3684 118 121
3685 118 122
3686 118 123
3687 118 124
3688 118 125
3689 118 154
3690 118 155
3691 118 156
3692 118 157
3693 118 158
3694 118 159
3695 118 160
3696 118 161
3697 118 162
3698 118 163
3699 118 166
3700 118 197
3701 118 198
3702 118 199
3703 118 200
3704 118 201
3705 119 120
3706 119 121
3707 119 122
3708 119 123
3709 119 124
3710 119 125
3711 119 155
3712 119 156
3713 119 157
3714 119 158
3715 119 159
3716 119 160
3717 119 161
3718 119 162
3719 119 163
3720 119 164
3721 119 197
3722 119 198
3723 119 199
3724 119 200
3725 119 201
3726 119 202
3727 119 203
3728 119 204
3729 119 240
3730 119 241
3731 119 242
3732 120 121
3733 120 122
3734 120 123
3735 120 124
3736 120 125
3737 120 156
3738 120 157
3739 120 158
3740 120 159
3741 120 160
3742 120 161
3743 120 162
3744 120 163
3745 120 164
3746 120 165
3747 120 198
3748 120 199
3749 120 200
3750 120 201
3751 120 202
3752 120 203
3753 120 204
3754 120 242
3755 121 122
3756 121 123
3757 121 124
3758 121 126
3759 121 157
3760 121 158
3761 121 159
3762 121 160
3763 121 161
3764 121 162
3765 121 163
3766 121 164
3767 121 165
3768 121 199
3769 121 200
3770 121 201
3771 121 202
3772 121 203
3773 121 204
3774 121 205
3775 121 242
3776 121 243
3777 121 244
3778 121 245
3779 122 123
3780 122 124
3781 122 126
3782 122 127
3783 122 158
3784 122 159
3785 122 160
3786 122 161
3787 122 162
3788 122 163
3789 122 164
3790 122 165
3791 122 201
3792 122 202
3793 122 203
3794 122 204
3795 122 205
3796 122 206
3797 122 245
3798 122 246
3799 123 124
3800 123 125
3801 123 126
3802 123 127
3803 123 158
3804 123 159
3805 123 160
3806 123 161
3807 123 162
3808 123 163
3809 123 164
3810 123 165
3811 123 201
3812 123 203
3813 123 204
3814 123 205
3815 124 126
3816 124 127
3817 124 128
3818 124 159
3819 124 160
3820 124 161
3821 124 162
3822 124 163
3823 124 164
3824 124 165
3825 124 204
3826 124 205
3827 124 206
3828 125 151
3829 125 152
3830 125 156
3831 125 157
3832 125 158
3833 125 159
3834 125 166
3835 125 193
3836 125 207
3837 125 231
3838 125 232
3839 125 248
3840 126 127
3841 126 128
3842 126 162
3843 126 163
3844 126 164
3845 126 165
3846 126 167
3847 126 168
3848 126 169
3849 126 204
3850 126 205
3851 126 206
3852 126 208
3853 126 209
3854 126 210
3855 126 245
3856 126 246
3857 126 247
3858 126 249
3859 126 250
3860 126 288
3861 127 128
3862 127 129
3863 127 163
3864 127 164
3865 127 165
3866 127 167
3867 127 168
3868 127 169
3869 127 204
3870 127 205
3871 127 206
3872 127 208
3873 127 209
3874 127 210
3875 127 212
3876 127 246
3877 127 247
3878 127 249
3879 127 250
3880 127 251
3881 127 252
3882 128 129
3883 128 131
3884 128 164
3885 128 165
3886 128 167
3887 128 168
3888 128 169
3889 128 206
3890 128 208
3891 128 209
3892 128 210
3893 128 211
3894 128 212
3895 128 213
3896 128 250
3897 128 251
3898 128 252
3899 129 130
3900 129 131
3901 129 132
3902 129 168
3903 129 169
3904 129 170
3905 129 171
3906 129 172
3907 129 173
3908 129 210
3909 129 211
3910 129 212
3911 130 131
3912 130 132
3913 130 133
3914 130 170
3915 130 171
3916 130 172
3917 130 173
3918 130 211
3919 131 132
3920 131 133
3921 131 134
3922 131 135
3923 131 170
3924 131 171
3925 131 172
3926 131 173
3927 131 174
3928 131 175
3929 131 176
3930 131 211
3931 131 212
3932 131 213
3933 131 214
3934 132 133
3935 132 134
3936 132 135
3937 132 136
3938 132 171
3939 132 172
3940 132 173
3941 132 174
3942 132 175
3943 132 176
3944 132 177
3945 132 212
3946 132 214
3947 133 134
3948 133 135
3949 133 136
3950 133 137
3951 133 171
3952 133 172
3953 133 173
3954 133 174
3955 133 175
3956 133 176
3957 133 177
3958 133 178
3959 134 135
3960 134 136
3961 134 137
3962 134 138
3963 134 172
3964 134 173
3965 134 174
3966 134 175
3967 134 176
3968 134 177
3969 134 178
3970 134 179
3971 134 214
3972 134 217
3973 134 218
3974 135 136
3975 135 137
3976 135 138
3977 135 139
3978 135 172
3979 135 173
3980 135 174
3981 135 175
3982 135 176
3983 135 177
3984 135 178
3985 135 179
3986 135 180
3987 136 137
3988 136 138
3989 136 139
3990 136 173
3991 136 174
3992 136 175
3993 136 176
3994 136 177
3995 136 178
3996 136 179
3997 136 180
3998 137 138
3999 137 139
4000 137 140
4001 137 174
4002 137 175
4003 137 176
4004 137 177
4005 137 178
4006 137 179
4007 137 180
4008 137 181
4009 138 139
4010 138 140
4011 138 175
4012 138 176
4013 138 177
4014 138 178
4015 138 179
4016 138 180
4017 138 181
4018 139 140
4019 139 141
4020 139 176
4021 139 177
4022 139 178
4023 139 179
4024 139 180
4025 139 181
4026 139 182
4027 139 222
4028 140 141
4029 140 179
4030 140 180
4031 140 181
4032 140 182
4033 140 222
4034 141 142
4035 141 143
4036 141 180
4037 141 181
4038 141 182
4039 141 183
4040 141 222
4041 141 223
4042 141 224
4043 142 143
4044 142 144
4045 142 145
4046 142 146
4047 142 147
4048 142 181
4049 142 182
4050 142 183
4051 142 184
4052 142 185
4053 142 186
4054 142 187
4055 142 222
4056 142 223
4057 142 224
4058 142 225
4059 142 226
4060 142 227
4061 142 265
4062 143 144
4063 143 145
4064 143 146
4065 143 147
4066 143 148
4067 143 183
4068 143 184
4069 143 185
4070 143 186
4071 143 187
4072 143 188
4073 143 189
4074 143 223
4075 143 224
4076 143 225
4077 143 226
4078 143 227
4079 143 228
4080 143 229
4081 143 265
4082 143 266
4083 143 267
4084 144 145
4085 144 146
4086 144 147
4087 144 148
4088 144 149
4089 144 183
4090 144 184
4091 144 185
4092 144 186
4093 144 187
4094 144 188
4095 144 189
4096 144 223
4097 144 224
4098 144 225
4099 144 226
4100 144 227
4101 144 228
4102 144 229
4103 144 265
4104 144 266
4105 144 267
4106 144 268
4107 145 146
4108 145 147
4109 145 148
4110 145 149
4111 145 183
4112 145 184
4113 145 185
4114 145 186
4115 145 187
4116 145 188
4117 145 189
4118 145 190
4119 145 224
4120 145 225
4121 145 226
4122 145 227
4123 145 228
4124 145 229
4125 145 230
4126 145 266
4127 145 267
4128 145 268
4129 146 147
4130 146 148
4131 146 149
4132 146 150
4133 146 151
4134 146 184
4135 146 185
4136 146 186
4137 146 187
4138 146 188
4139 146 189
4140 146 190
4141 146 191
4142 146 192
4143 146 224
4144 146 225
4145 146 226
4146 146 227
4147 146 228
4148 146 229
4149 146 230
4150 146 231
4151 146 232
4152 146 266
4153 146 267
4154 146 268
4155 146 269
4156 146 270
4157 147 148
4158 147 149
4159 147 150
4160 147 151
4161 147 152
4162 147 184
4163 147 185
4164 147 186
4165 147 187
4166 147 188
4167 147 189
4168 147 190
4169 147 191
4170 147 192
4171 147 193
4172 147 225
4173 147 226
4174 147 227
4175 147 228
4176 147 229
4177 147 230
4178 147 231
4179 147 232
4180 147 268
4181 147 269
4182 147 270
4183 147 271
4184 148 149
4185 148 150
4186 148 151
4187 148 152
4188 148 184
4189 148 185
4190 148 186
4191 148 187
4192 148 188
4193 148 189
4194 148 190
4195 148 191
4196 148 192
4197 148 193
4198 148 226
4199 148 227
4200 148 228
4201 148 229
4202 148 230
4203 148 231
4204 148 232
4205 148 233
4206 148 268
4207 148 269
4208 148 270
4209 148 271
4210 148 272
4211 149 150
4212 149 151
4213 149 152
4214 149 153
4215 149 185
4216 149 186
4217 149 187
4218 149 188
4219 149 189
4220 149 190
4221 149 191
4222 149 192
4223 149 193
4224 149 194
4225 149 227
4226 149 228
4227 149 229
4228 149 230
4229 149 231
4230 149 232
4231 149 233
4232 149 234
4233 149 269
4234 149 270
4235 149 271
4236 149 272
4237 149 273
4238 150 151
4239 150 152
4240 150 153
4241 150 154
4242 150 187
4243 150 188
4244 150 189
4245 150 190
4246 150 191
4247 150 192
4248 150 193
4249 150 194
4250 150 228
4251 150 229
4252 150 230
4253 150 231
4254 150 232
4255 150 233
4256 150 234
4257 150 235
4258 150 270
4259 150 271
4260 150 272
4261 150 273
4262 150 274
4263 151 152
4264 151 153
4265 151 154
4266 151 155
4267 151 156
4268 151 188
4269 151 189
4270 151 190
4271 151 191
4272 151 192
4273 151 193
4274 151 194
4275 151 195
4276 151 229
4277 151 230
4278 151 231
4279 151 232
4280 151 233
4281 151 234
4282 151 235
4283 151 236
4284 151 271
4285 151 272
4286 151 273
4287 151 274
4288 151 275
4289 152 153
4290 152 154
4291 152 155
4292 152 156
4293 152 157
4294 152 166
4295 152 188
4296 152 189
4297 152 190
4298 152 191
4299 152 192
4300 152 193
4301 152 194
4302 152 195
4303 152 196
4304 152 197
4305 152 230
4306 152 231
4307 152 232
4308 152 233
4309 152 234
4310 152 235
4311 152 236
4312 152 272
4313 152 273
4314 152 274
4315 152 275
4316 152 276
4317 153 154
4318 153 155
4319 153 156
4320 153 157
4321 153 190
4322 153 191
4323 153 192
4324 153 193
4325 153 194
4326 153 195
4327 153 196
4328 153 197
4329 153 231
4330 153 232
4331 153 233
4332 153 234
4333 153 235
4334 153 236
4335 153 237
4336 153 274
4337 153 275
4338 153 276
4339 153 277
4340 154 155
4341 154 156
4342 154 157
4343 154 158
4344 154 159
4345 154 191
4346 154 192
4347 154 193
4348 154 194
4349 154 195
4350 154 196
4351 154 197
4352 154 198
4353 154 199
4354 154 232
4355 154 233
4356 154 234
4357 154 235
4358 154 236
4359 154 237
4360 154 238
4361 154 276
4362 154 277
4363 154 278
4364 155 156
4365 155 157
4366 155 158
4367 155 159
4368 155 192
4369 155 193
4370 155 194
4371 155 195
4372 155 196
4373 155 197
4374 155 198
4375 155 199
4376 155 200
4377 155 233
4378 155 234
4379 155 235
4380 155 236
4381 155 237
4382 155 238
4383 155 239
4384 155 240
4385 155 276
4386 155 277
4387 155 278
4388 156 157
4389 156 158
4390 156 159
4391 156 160
4392 156 161
4393 156 166
4394 156 192
4395 156 193
4396 156 194
4397 156 195
4398 156 196
4399 156 197
4400 156 198
4401 156 199
4402 156 200
4403 156 201
4404 156 234
4405 156 235
4406 156 236
4407 156 237
4408 156 238
4409 156 239
4410 156 240
4411 156 241
4412 156 242
4413 156 277
4414 156 278
4415 157 158
4416 157 159
4417 157 160
4418 157 161
4419 157 162
4420 157 166
4421 157 193
4422 157 194
4423 157 195
4424 157 196
4425 157 197
4426 157 198
4427 157 199
4428 157 200
4429 157 201
4430 157 202
4431 157 235
4432 157 236
4433 157 237
4434 157 238
4435 157 239
4436 157 240
4437 157 241
4438 157 242
4439 158 159
4440 158 160
4441 158 161
4442 158 162
4443 158 163
4444 158 195
4445 158 196
4446 158 197
4447 158 198
4448 158 199
4449 158 200
4450 158 201
4451 158 202
4452 158 203
4453 158 236
4454 158 237
4455 158 238
4456 158 239
4457 158 240
4458 158 241
4459 158 242
4460 158 243
4461 158 280
4462 159 160
4463 159 161
4464 159 162
4465 159 163
4466 159 196
4467 159 197
4468 159 198
4469 159 199
4470 159 200
4471 159 201
4472 159 202
4473 159 203
4474 159 204
4475 159 238
4476 159 239
4477 159 240
4478 159 241
4479 159 242
4480 159 243
4481 159 244
4482 159 281
4483 160 161
4484 160 162
4485 160 163
4486 160 164
4487 160 197
4488 160 198
4489 160 199
4490 160 200
4491 160 201
4492 160 202
4493 160 203
4494 160 204
4495 160 238
4496 160 239
4497 160 240
4498 160 241
4499 160 242
4500 160 243
4501 160 244
4502 160 245
4503 160 281
4504 160 282
4505 160 283
4506 160 284
4507 160 285
4508 161 162
4509 161 163
4510 161 164
4511 161 165
4512 161 197
4513 161 198
4514 161 199
4515 161 200
4516 161 201
4517 161 202
4518 161 203
4519 161 204
4520 161 205
4521 161 239
4522 161 240
4523 161 241
4524 161 242
4525 161 243
4526 161 244
4527 161 245
4528 161 246
4529 161 282
4530 161 283
4531 161 284
4532 161 285
4533 161 286
4534 162 163
4535 162 164
4536 162 165
4537 162 198
4538 162 199
4539 162 200
4540 162 201
4541 162 202
4542 162 203
4543 162 204
4544 162 205
4545 162 206
4546 162 240
4547 162 241
4548 162 242
4549 162 243
4550 162 244
4551 162 245
4552 162 246
4553 162 284
4554 162 285
4555 162 286
4556 162 287
4557 163 164
4558 163 165
4559 163 167
4560 163 199
4561 163 200
4562 163 201
4563 163 202
4564 163 203
4565 163 204
4566 163 205
4567 163 206
4568 163 241
4569 163 242
4570 163 243
4571 163 244
4572 163 245
4573 163 246
4574 163 247
4575 163 285
4576 163 286
4577 163 287
4578 163 288
4579 164 165
4580 164 167
4581 164 168
4582 164 201
4583 164 202
4584 164 203
4585 164 204
4586 164 205
4587 164 206
4588 164 208
4589 164 243
4590 164 244
4591 164 245
4592 164 246
4593 164 247
4594 164 249
4595 164 286
4596 164 287
4597 164 288
4598 165 167
4599 165 168
4600 165 169
4601 165 203
4602 165 204
4603 165 205
4604 165 206
4605 165 208
4606 165 209
4607 165 245
4608 165 246
4609 165 247
4610 165 249
4611 165 250
4612 165 287
4613 165 288
4614 166 192
4615 166 193
4616 166 207
4617 166 231
4618 166 232
4619 166 248
4620 166 257
4621 166 258
4622 166 259
4623 166 260
4624 166 261
4625 166 262
4626 166 272
4627 166 273
4628 166 274
4629 166 275
4630 166 289
4631 166 297
4632 166 298
4633 166 299
4634 166 300
4635 166 301
4636 166 302
4637 166 303
4638 167 168
4639 167 169
4640 167 204
4641 167 205
4642 167 206
4643 167 208
4644 167 209
4645 167 210
4646 167 245
4647 167 246
4648 167 247
4649 167 249
4650 167 250
4651 167 251
4652 167 252
4653 167 287
4654 167 288
4655 168 169
4656 168 205
4657 168 206
4658 168 208
4659 168 209
4660 168 210
4661 168 211
4662 168 212
4663 168 246
4664 168 247
4665 168 249
4666 168 250
4667 168 251
4668 168 252
4669 168 288
4670 169 170
4671 169 171
4672 169 172
4673 169 206
4674 169 208
4675 169 209
4676 169 210
4677 169 211
4678 169 212
4679 169 250
4680 169 251
4681 169 252
4682 170 171
4683 170 172
4684 170 210
4685 170 211
4686 170 212
4687 171 172
4688 171 173
4689 171 174
4690 171 210
4691 171 211
4692 171 212
4693 171 214
4694 172 173
4695 172 174
4696 172 175
4697 172 176
4698 172 211
4699 172 212
4700 172 213
4701 172 214
4702 173 174
4703 173 175
4704 173 176
4705 173 177
4706 173 178
4707 173 211
4708 173 212
4709 173 213
4710 173 214
4711 173 215
4712 173 216
4713 173 217
4714 173 218
4715 173 219
4716 173 253
4717 173 255
4718 173 256
4719 174 175
4720 174 176
4721 174 177
4722 174 178
4723 174 179
4724 174 212
4725 174 213
4726 174 214
4727 174 215
4728 174 216
4729 174 217
4730 174 218
4731 174 219
4732 174 256
4733 175 176
4734 175 177
4735 175 178
4736 175 179
4737 175 180
4738 175 212
4739 175 213
4740 175 214
4741 175 215
4742 175 216
4743 175 217
4744 175 218
4745 175 219
4746 175 220
4747 175 221
4748 175 255
4749 175 256
4750 176 177
4751 176 178
4752 176 179
4753 176 180
4754 176 213
4755 176 214
4756 176 215
4757 176 216
4758 176 217
4759 176 218
4760 176 219
4761 176 220
4762 176 221
4763 176 255
4764 176 256
4765 177 178
4766 177 179
4767 177 180
4768 177 181
4769 177 214
4770 177 215
4771 177 216
4772 177 217
4773 177 218
4774 177 219
4775 177 220
4776 177 221
4777 177 222
4778 177 256
4779 178 179
4780 178 180
4781 178 181
4782 178 214
4783 178 215
4784 178 216
4785 178 217
4786 178 218
4787 178 219
4788 178 220
4789 178 221
4790 178 222
4791 179 180
4792 179 181
4793 179 215
4794 179 216
4795 179 217
4796 179 218
4797 179 219
4798 179 220
4799 179 221
4800 179 222
4801 179 223
4802 180 181
4803 180 182
4804 180 216
4805 180 217
4806 180 218
4807 180 219
4808 180 220
4809 180 221
4810 180 222
4811 180 223
4812 180 263
4813 181 182
4814 181 183
4815 181 219
4816 181 220
4817 181 221
4818 181 222
4819 181 223
4820 181 224
4821 182 183
4822 182 184
4823 182 222
4824 182 223
4825 182 224
4826 183 184
4827 183 185
4828 183 186
4829 183 187
4830 183 222
4831 183 223
4832 183 224
4833 183 225
4834 183 226
4835 183 227
4836 183 265
4837 183 267
4838 184 185
4839 184 186
4840 184 187
4841 184 188
4842 184 189
4843 184 222
4844 184 223
4845 184 224
4846 184 225
4847 184 226
4848 184 227
4849 184 228
4850 184 229
4851 184 264
4852 184 265
4853 184 266
4854 184 267
4855 184 268
4856 185 186
4857 185 187
4858 185 188
4859 185 189
4860 185 190
4861 185 223
4862 185 224
4863 185 225
4864 185 226
4865 185 227
4866 185 228
4867 185 229
4868 185 230
4869 185 264
4870 185 265
4871 185 266
4872 185 267
4873 185 268
4874 185 269
4875 186 187
4876 186 188
4877 186 189
4878 186 190
4879 186 223
4880 186 224
4881 186 225
4882 186 226
4883 186 227
4884 186 228
4885 186 229
4886 186 230
4887 186 265
4888 186 266
4889 186 267
4890 186 268
4891 186 269
4892 186 270
4893 187 188
4894 187 189
4895 187 190
4896 187 191
4897 187 224
4898 187 225
4899 187 226
4900 187 227
4901 187 228
4902 187 229
4903 187 230
4904 187 231
4905 187 265
4906 187 266
4907 187 267
4908 187 268
4909 187 269
4910 187 270
4911 187 271
4912 188 189
4913 188 190
4914 188 191
4915 188 192
4916 188 193
4917 188 225
4918 188 226
4919 188 227
4920 188 228
4921 188 229
4922 188 230
4923 188 231
4924 188 232
4925 188 233
4926 188 265
4927 188 266
4928 188 267
4929 188 268
4930 188 269
4931 188 270
4932 188 271
4933 188 272
4934 188 273
4935 188 274
4936 188 309
4937 189 190
4938 189 191
4939 189 192
4940 189 193
4941 189 225
4942 189 226
4943 189 227
4944 189 228
4945 189 229
4946 189 230
4947 189 231
4948 189 232
4949 189 233
4950 189 234
4951 189 266
4952 189 267
4953 189 268
4954 189 269
4955 189 270
4956 189 271
4957 189 272
4958 189 273
4959 189 274
4960 190 191
4961 190 192
4962 190 193
4963 190 194
4964 190 227
4965 190 228
4966 190 229
4967 190 230
4968 190 231
4969 190 232
4970 190 233
4971 190 234
4972 190 235
4973 190 268
4974 190 269
4975 190 270
4976 190 271
4977 190 272
4978 190 273
4979 190 274
4980 190 275
4981 191 192
4982 191 193
4983 191 194
4984 191 228
4985 191 229
4986 191 230
4987 191 231
4988 191 232
4989 191 233
4990 191 234
4991 191 235
4992 191 236
4993 191 268
4994 191 269
4995 191 270
4996 191 271
4997 191 272
4998 191 273
4999 191 274
5000 191 275
5001 191 276
5002 192 193
5003 192 194
5004 192 195
5005 192 196
5006 192 228
5007 192 229
5008 192 230
5009 192 231
5010 192 232
5011 192 233
5012 192 234
5013 192 235
5014 192 236
5015 192 269
5016 192 270
5017 192 271
5018 192 272
5019 192 273
5020 192 274
5021 192 275
5022 192 276
5023 192 277
5024 192 316
5025 193 194
5026 193 195
5027 193 196
5028 193 197
5029 193 207
5030 193 229
5031 193 230
5032 193 231
5033 193 232
5034 193 233
5035 193 234
5036 193 235
5037 193 236
5038 193 237
5039 193 270
5040 193 271
5041 193 272
5042 193 273
5043 193 274
5044 193 275
5045 193 276
5046 193 277
5047 193 278
5048 193 316
5049 193 317
5050 194 195
5051 194 196
5052 194 197
5053 194 198
5054 194 231
5055 194 232
5056 194 233
5057 194 234
5058 194 235
5059 194 236
5060 194 237
5061 194 272
5062 194 273
5063 194 274
5064 194 275
5065 194 276
5066 194 277
5067 194 278
5068 194 316
5069 194 317
5070 195 196
5071 195 197
5072 195 198
5073 195 199
5074 195 233
5075 195 234
5076 195 235
5077 195 236
5078 195 237
5079 195 238
5080 195 239
5081 195 275
5082 195 276
5083 195 277
5084 195 278
5085 196 197
5086 196 198
5087 196 199
5088 196 200
5089 196 233
5090 196 234
5091 196 235
5092 196 236
5093 196 237
5094 196 238
5095 196 239
5096 196 240
5097 196 276
5098 196 277
5099 196 278
5100 196 279
5101 196 280
5102 196 319
5103 197 198
5104 197 199
5105 197 200
5106 197 201
5107 197 234
5108 197 235
5109 197 236
5110 197 237
5111 197 238
5112 197 239
5113 197 240
5114 197 241
5115 197 242
5116 197 276
5117 197 277
5118 197 278
5119 197 279
5120 197 280
5121 197 281
5122 197 282
5123 197 319
5124 197 320
5125 197 321
5126 198 199
5127 198 200
5128 198 201
5129 198 202
5130 198 203
5131 198 235
5132 198 236
5133 198 237
5134 198 238
5135 198 239
5136 198 240
5137 198 241
5138 198 242
5139 198 243
5140 198 277
5141 198 278
5142 198 279
5143 198 280
5144 198 281
5145 198 282
5146 198 283
5147 198 284
5148 198 319
5149 198 320
5150 198 321
5151 198 322
5152 198 323
5153 199 200
5154 199 201
5155 199 202
5156 199 203
5157 199 236
5158 199 237
5159 199 238
5160 199 239
5161 199 240
5162 199 241
5163 199 242
5164 199 243
5165 199 244
5166 199 278
5167 199 279
5168 199 280
5169 199 281
5170 199 282
5171 199 283
5172 199 284
5173 199 285
5174 199 320
5175 199 321
5176 199 322
5177 199 323
5178 200 201
5179 200 202
5180 200 203
5181 200 204
5182 200 237
5183 200 238
5184 200 239
5185 200 240
5186 200 241
5187 200 242
5188 200 243
5189 200 244
5190 200 245
5191 200 278
5192 200 279
5193 200 280
5194 200 281
5195 200 282
5196 200 283
5197 200 284
5198 200 285
5199 200 286
5200 200 320
5201 200 321
5202 200 322
5203 200 323
5204 201 202
5205 201 203
5206 201 204
5207 201 238
5208 201 239
5209 201 240
5210 201 241
5211 201 242
5212 201 243
5213 201 244
5214 201 245
5215 201 246
5216 201 279
5217 201 280
5218 201 281
5219 201 282
5220 201 283
5221 201 284
5222 201 285
5223 201 286
5224 201 287
5225 201 321
5226 201 322
5227 201 323
5228 201 324
5229 201 325
5230 201 326
5231 201 327
5232 202 203
5233 202 204
5234 202 205
5235 202 239
5236 202 240
5237 202 241
5238 202 242
5239 202 243
5240 202 244
5241 202 245
5242 202 246
5243 202 280
5244 202 281
5245 202 282
5246 202 283
5247 202 284
5248 202 285
5249 202 286
5250 202 287
5251 202 326
5252 203 204
5253 203 205
5254 203 206
5255 203 239
5256 203 240
5257 203 241
5258 203 242
5259 203 243
5260 203 244
5261 203 245
5262 203 246
5263 203 247
5264 203 281
5265 203 282
5266 203 283
5267 203 284
5268 203 285
5269 203 286
5270 203 287
5271 203 288
5272 203 326
5273 203 327
5274 204 205
5275 204 206
5276 204 208
5277 204 241
5278 204 242
5279 204 243
5280 204 244
5281 204 245
5282 204 246
5283 204 247
5284 204 249
5285 204 250
5286 204 283
5287 204 284
5288 204 285
5289 204 286
5290 204 287
5291 204 288
5292 204 328
5293 204 329
5294 205 206
5295 205 208
5296 205 209
5297 205 243
5298 205 244
5299 205 245
5300 205 246
5301 205 247
5302 205 249
5303 205 250
5304 205 285
5305 205 286
5306 205 287
5307 205 288
5308 206 208
5309 206 209
5310 206 210
5311 206 244
5312 206 245
5313 206 246
5314 206 247
5315 206 249
5316 206 250
5317 206 251
5318 206 286
5319 206 287
5320 206 288
5321 207 231
5322 207 232
5323 207 234
5324 207 248
5325 207 257
5326 207 258
5327 207 259
5328 207 260
5329 207 261
5330 207 262
5331 207 269
5332 207 270
5333 207 271
5334 207 272
5335 207 273
5336 207 274
5337 207 275
5338 207 289
5339 207 294
5340 207 295
5341 207 296
5342 207 297
5343 207 298
5344 207 299
5345 207 300
5346 207 301
5347 207 302
5348 207 303
5349 207 304
5350 207 305
5351 207 306
5352 207 308
5353 207 309
5354 207 310
5355 207 311
5356 207 312
5357 207 313
5358 207 314
5359 207 315
5360 207 316
5361 207 317
5362 207 318
5363 207 330
5364 208 209
5365 208 210
5366 208 245
5367 208 246
5368 208 247
5369 208 249
5370 208 250
5371 208 251
5372 208 252
5373 208 286
5374 208 287
5375 208 288
5376 208 291
5377 208 292
5378 209 210
5379 209 211
5380 209 212
5381 209 246
5382 209 247
5383 209 249
5384 209 250
5385 209 251
5386 209 252
5387 209 253
5388 209 288
5389 210 211
5390 210 212
5391 210 213
5392 210 247
5393 210 249
5394 210 250
5395 210 251
5396 210 252
5397 210 253
5398 211 212
5399 211 213
5400 211 251
5401 211 252
5402 211 253
5403 212 213
5404 212 214
5405 212 215
5406 212 216
5407 212 217
5408 212 250
5409 212 251
5410 212 252
5411 212 253
5412 212 254
5413 212 255
5414 212 256
5415 213 214
5416 213 215
5417 213 216
5418 213 217
5419 213 218
5420 213 219
5421 213 250
5422 213 251
5423 213 252
5424 213 253
5425 213 254
5426 213 255
5427 213 256
5428 213 257
5429 213 258
5430 213 259
5431 213 260
5432 213 293
5433 213 294
5434 213 295
5435 213 296
5436 214 215
5437 214 216
5438 214 217
5439 214 218
5440 214 219
5441 214 220
5442 214 252
5443 214 253
5444 214 254
5445 214 255
5446 214 256
5447 214 257
5448 214 258
5449 214 259
5450 214 260
5451 214 296
5452 215 216
5453 215 217
5454 215 218
5455 215 219
5456 215 220
5457 215 221
5458 215 252
5459 215 253
5460 215 254
5461 215 255
5462 215 256
5463 215 257
5464 215 258
5465 215 259
5466 215 260
5467 215 261
5468 215 262
5469 215 293
5470 215 294
5471 215 295
5472 215 296
5473 215 297
5474 215 298
5475 215 299
5476 216 217
5477 216 218
5478 216 219
5479 216 220
5480 216 221
5481 216 253
5482 216 254
5483 216 255
5484 216 256
5485 216 257
5486 216 258
5487 216 259
5488 216 260
5489 216 261
5490 216 262
5491 216 263
5492 216 295
5493 216 296
5494 217 218
5495 217 219
5496 217 220
5497 217 221
5498 217 222
5499 217 253
5500 217 254
5501 217 255
5502 217 256
5503 217 257
5504 217 258
5505 217 259
5506 217 260
5507 217 261
5508 217 262
5509 217 263
5510 217 295
5511 217 296
5512 218 219
5513 218 220
5514 218 221
5515 218 222
5516 218 254
5517 218 255
5518 218 256
5519 218 257
5520 218 258
5521 218 259
5522 218 260
5523 218 261
5524 218 262
5525 218 263
5526 218 264
5527 218 296
5528 219 220
5529 219 221
5530 219 222
5531 219 223
5532 219 254
5533 219 255
5534 219 256
5535 219 257
5536 219 258
5537 219 259
5538 219 260
5539 219 261
5540 219 262
5541 219 263
5542 219 264
5543 220 221
5544 220 222
5545 220 223
5546 220 255
5547 220 256
5548 220 257
5549 220 258
5550 220 259
5551 220 260
5552 220 261
5553 220 262
5554 220 263
5555 220 264
5556 220 304
5557 221 222
5558 221 223
5559 221 256
5560 221 257
5561 221 258
5562 221 259
5563 221 260
5564 221 261
5565 221 262
5566 221 263
5567 221 264
5568 221 265
5569 221 266
5570 221 304
5571 221 305
5572 222 223
5573 222 224
5574 222 225
5575 222 260
5576 222 261
5577 222 262
5578 222 263
5579 222 264
5580 222 265
5581 222 266
5582 223 224
5583 223 225
5584 223 226
5585 223 227
5586 223 228
5587 223 260
5588 223 261
5589 223 262
5590 223 263
5591 223 264
5592 223 265
5593 223 266
5594 223 267
5595 223 268
5596 223 307
5597 224 225
5598 224 226
5599 224 227
5600 224 228
5601 224 263
5602 224 264
5603 224 265
5604 224 266
5605 224 267
5606 224 268
5607 225 226
5608 225 227
5609 225 228
5610 225 229
5611 225 230
5612 225 263
5613 225 264
5614 225 265
5615 225 266
5616 225 267
5617 225 268
5618 225 269
5619 225 307
5620 226 227
5621 226 228
5622 226 229
5623 226 230
5624 226 264
5625 226 265
5626 226 266
5627 226 267
5628 226 268
5629 226 269
5630 226 270
5631 226 307
5632 226 308
5633 226 309
5634 227 228
5635 227 229
5636 227 230
5637 227 231
5638 227 264
5639 227 265
5640 227 266
5641 227 267
5642 227 268
5643 227 269
5644 227 270
5645 227 271
5646 227 307
5647 227 308
5648 227 309
5649 228 229
5650 228 230
5651 228 231
5652 228 232
5653 228 233
5654 228 264
5655 228 265
5656 228 266
5657 228 267
5658 228 268
5659 228 269
5660 228 270
5661 228 271
5662 228 272
5663 228 273
5664 228 274
5665 228 306
5666 228 307
5667 228 308
5668 228 309
5669 228 310
5670 228 311
5671 228 312
5672 229 230
5673 229 231
5674 229 232
5675 229 233
5676 229 234
5677 229 264
5678 229 265
5679 229 266
5680 229 267
5681 229 268
5682 229 269
5683 229 270
5684 229 271
5685 229 272
5686 229 273
5687 229 274
5688 229 275
5689 229 306
5690 229 307
5691 229 308
5692 229 309
5693 229 310
5694 229 311
5695 229 312
5696 229 313
5697 229 314
5698 230 231
5699 230 232
5700 230 233
5701 230 234
5702 230 265
5703 230 266
5704 230 267
5705 230 268
5706 230 269
5707 230 270
5708 230 271
5709 230 272
5710 230 273
5711 230 274
5712 230 275
5713 230 307
5714 230 308
5715 230 309
5716 230 310
5717 230 311
5718 230 312
5719 230 313
5720 230 314
5721 230 315
5722 231 232
5723 231 233
5724 231 234
5725 231 235
5726 231 236
5727 231 248
5728 231 266
5729 231 268
5730 231 269
5731 231 270
5732 231 271
5733 231 272
5734 231 273
5735 231 274
5736 231 275
5737 231 276
5738 231 305
5739 231 306
5740 231 307
5741 231 308
5742 231 309
5743 231 310
5744 231 311
5745 231 312
5746 231 313
5747 231 314
5748 231 315
5749 231 316
5750 231 317
5751 231 318
5752 232 233
5753 232 234
5754 232 235
5755 232 236
5756 232 248
5757 232 268
5758 232 269
5759 232 270
5760 232 271
5761 232 272
5762 232 273
5763 232 274
5764 232 275
5765 232 276
5766 232 277
5767 232 289
5768 232 306
5769 232 307
5770 232 308
5771 232 309
5772 232 310
5773 232 311
5774 232 312
5775 232 313
5776 232 314
5777 232 315
5778 232 316
5779 232 317
5780 232 318
5781 233 234
5782 233 235
5783 233 236
5784 233 269
5785 233 270
5786 233 271
5787 233 272
5788 233 273
5789 233 274
5790 233 275
5791 233 276
5792 233 277
5793 233 278
5794 233 310
5795 233 311
5796 233 312
5797 233 313
5798 233 314
5799 233 315
5800 233 316
5801 233 317
5802 233 318
5803 234 235
5804 234 236
5805 234 237
5806 234 269
5807 234 270
5808 234 271
5809 234 272
5810 234 273
5811 234 274
5812 234 275
5813 234 276
5814 234 277
5815 234 278
5816 234 311
5817 234 312
5818 234 313
5819 234 314
5820 234 315
5821 234 316
5822 234 317
5823 234 318
5824 234 319
5825 235 236
5826 235 237
5827 235 238
5828 235 271
5829 235 272
5830 235 273
5831 235 274
5832 235 275
5833 235 276
5834 235 277
5835 235 278
5836 235 314
5837 235 315
5838 235 316
5839 235 317
5840 235 318
5841 235 319
5842 236 237
5843 236 238
5844 236 239
5845 236 240
5846 236 272
5847 236 273
5848 236 274
5849 236 275
5850 236 276
5851 236 277
5852 236 278
5853 236 279
5854 236 280
5855 236 315
5856 236 316
5857 236 317
5858 236 318
5859 236 319
5860 236 320
5861 236 321
5862 237 238
5863 237 239
5864 237 240
5865 237 241
5866 237 275
5867 237 276
5868 237 277
5869 237 278
5870 237 279
5871 237 280
5872 237 281
5873 237 317
5874 237 318
5875 237 319
5876 237 320
5877 237 321
5878 238 239
5879 238 240
5880 238 241
5881 238 242
5882 238 276
5883 238 277
5884 238 278
5885 238 279
5886 238 280
5887 238 281
5888 238 282
5889 238 283
5890 238 284
5891 238 319
5892 238 320
5893 238 321
5894 238 322
5895 238 323
5896 239 240
5897 239 241
5898 239 242
5899 239 243
5900 239 244
5901 239 276
5902 239 277
5903 239 278
5904 239 279
5905 239 280
5906 239 281
5907 239 282
5908 239 283
5909 239 284
5910 239 285
5911 239 318
5912 239 319
5913 239 320
5914 239 321
5915 239 322
5916 239 323
5917 239 324
5918 239 325
5919 239 326
5920 240 241
5921 240 242
5922 240 243
5923 240 244
5924 240 245
5925 240 277
5926 240 278
5927 240 279
5928 240 280
5929 240 281
5930 240 282
5931 240 283
5932 240 284
5933 240 285
5934 240 286
5935 240 319
5936 240 320
5937 240 321
5938 240 322
5939 240 323
5940 240 324
5941 240 325
5942 240 326
5943 240 327
5944 241 242
5945 241 243
5946 241 244
5947 241 245
5948 241 278
5949 241 279
5950 241 280
5951 241 281
5952 241 282
5953 241 283
5954 241 284
5955 241 285
5956 241 286
5957 241 287
5958 241 319
5959 241 320
5960 241 321
5961 241 322
5962 241 323
5963 241 324
5964 241 325
5965 241 326
5966 241 327
5967 241 328
5968 242 243
5969 242 244
5970 242 245
5971 242 246
5972 242 279
5973 242 280
5974 242 281
5975 242 282
5976 242 283
5977 242 284
5978 242 285
5979 242 286
5980 242 287
5981 242 288
5982 242 320
5983 242 321
5984 242 322
5985 242 323
5986 242 324
5987 242 325
5988 242 326
5989 242 327
5990 242 328
5991 242 329
5992 243 244
5993 243 245
5994 243 246
5995 243 279
5996 243 280
5997 243 281
5998 243 282
5999 243 283
6000 243 284
6001 243 285
6002 243 286
6003 243 287
6004 243 288
6005 243 321
6006 243 322
6007 243 323
6008 243 324
6009 243 325
6010 243 326
6011 243 327
6012 243 328
6013 243 329
6014 244 245
6015 244 246
6016 244 247
6017 244 249
6018 244 280
6019 244 281
6020 244 282
6021 244 283
6022 244 284
6023 244 285
6024 244 286
6025 244 287
6026 244 288
6027 244 290
6028 244 322
6029 244 323
6030 244 324
6031 244 325
6032 244 326
6033 244 327
6034 244 328
6035 244 329
6036 245 246
6037 245 247
6038 245 249
6039 245 250
6040 245 282
6041 245 283
6042 245 284
6043 245 285
6044 245 286
6045 245 287
6046 245 288
6047 245 290
6048 245 291
6049 245 326
6050 245 327
6051 245 328
6052 245 329
6053 246 247
6054 246 249
6055 246 250
6056 246 283
6057 246 284
6058 246 285
6059 246 286
6060 246 287
6061 246 288
6062 246 290
6063 246 291
6064 246 292
6065 246 326
6066 246 327
6067 246 328
6068 246 329
6069 247 249
6070 247 250
6071 247 251
6072 247 285
6073 247 286
6074 247 287
6075 247 288
6076 247 290
6077 247 291
6078 247 292
6079 247 329
6080 248 257
6081 248 258
6082 248 259
6083 248 260
6084 248 261
6085 248 262
6086 248 264
6087 248 269
6088 248 270
6089 248 271
6090 248 272
6091 248 273
6092 248 274
6093 248 275
6094 248 289
6095 248 293
6096 248 294
6097 248 295
6098 248 296
6099 248 297
6100 248 298
6101 248 299
6102 248 300
6103 248 301
6104 248 302
6105 248 303
6106 248 304
6107 248 305
6108 248 306
6109 248 307
6110 248 308
6111 248 309
6112 248 310
6113 248 311
6114 248 312
6115 248 313
6116 248 314
6117 248 315
6118 248 316
6119 248 317
6120 248 318
6121 248 324
6122 248 325
6123 248 330
6124 249 250
6125 249 251
6126 249 252
6127 249 253
6128 249 254
6129 249 285
6130 249 286
6131 249 287
6132 249 288
6133 249 290
6134 249 291
6135 249 292
6136 249 293
6137 249 294
6138 249 326
6139 249 327
6140 249 328
6141 249 329
6142 250 251
6143 250 252
6144 250 253
6145 250 254
6146 250 286
6147 250 287
6148 250 288
6149 250 290
6150 250 291
6151 250 292
6152 250 293
6153 250 294
6154 250 295
6155 250 327
6156 250 328
6157 250 329
6158 251 252
6159 251 253
6160 251 288
6161 251 291
6162 251 292
6163 251 293
6164 252 253
6165 252 254
6166 252 255
6167 252 256
6168 252 288
6169 252 290
6170 252 291
6171 252 292
6172 252 293
6173 252 294
6174 252 295
6175 253 254
6176 253 255
6177 253 256
6178 253 257
6179 253 258
6180 253 259
6181 253 291
6182 253 292
6183 253 293
6184 253 294
6185 253 295
6186 253 296
6187 254 255
6188 254 256
6189 254 257
6190 254 258
6191 254 259
6192 254 260
6193 254 261
6194 254 262
6195 254 290
6196 254 291
6197 254 292
6198 254 293
6199 254 294
6200 254 295
6201 254 296
6202 254 297
6203 254 298
6204 254 299
6205 254 300
6206 254 301
6207 254 302
6208 254 303
6209 255 256
6210 255 257
6211 255 258
6212 255 259
6213 255 260
6214 255 261
6215 255 262
6216 255 292
6217 255 293
6218 255 294
6219 255 295
6220 255 296
6221 255 297
6222 255 298
6223 255 299
6224 255 300
6225 255 301
6226 255 302
6227 255 303
6228 256 257
6229 256 258
6230 256 259
6231 256 260
6232 256 261
6233 256 262
6234 256 293
6235 256 294
6236 256 295
6237 256 296
6238 256 297
6239 256 298
6240 256 299
6241 256 300
6242 256 301
6243 256 302
6244 256 303
6245 256 304
6246 257 258
6247 257 259
6248 257 260
6249 257 261
6250 257 262
6251 257 263
6252 257 264
6253 257 289
6254 257 293
6255 257 294
6256 257 295
6257 257 296
6258 257 297
6259 257 298
6260 257 299
6261 257 300
6262 257 301
6263 257 302
6264 257 303
6265 257 304
6266 257 305
6267 257 306
6268 257 330
6269 258 259
6270 258 260
6271 258 261
6272 258 262
6273 258 263
6274 258 264
6275 258 289
6276 258 293
6277 258 294
6278 258 295
6279 258 296
6280 258 297
6281 258 298
6282 258 299
6283 258 300
6284 258 301
6285 258 302
6286 258 303
6287 258 304
6288 258 305
6289 258 306
6290 258 310
6291 258 330
6292 259 260
6293 259 261
6294 259 262
6295 259 263
6296 259 264
6297 259 289
6298 259 293
6299 259 294
6300 259 295
6301 259 296
6302 259 297
6303 259 298
6304 259 299
6305 259 300
6306 259 301
6307 259 302
6308 259 303
6309 259 304
6310 259 305
6311 259 306
6312 259 307
6313 259 308
6314 259 310
6315 259 330
6316 260 261
6317 260 262
6318 260 263
6319 260 264
6320 260 265
6321 260 289
6322 260 293
6323 260 294
6324 260 295
6325 260 296
6326 260 297
6327 260 298
6328 260 299
6329 260 300
6330 260 301
6331 260 302
6332 260 303
6333 260 304
6334 260 305
6335 260 306
6336 260 307
6337 260 308
6338 260 309
6339 260 310
6340 260 311
6341 260 330
6342 261 262
6343 261 263
6344 261 264
6345 261 265
6346 261 266
6347 261 269
6348 261 289
6349 261 294
6350 261 295
6351 261 296
6352 261 297
6353 261 298
6354 261 299
6355 261 300
6356 261 301
6357 261 302
6358 261 303
6359 261 304
6360 261 305
6361 261 306
6362 261 307
6363 261 308
6364 261 309
6365 261 310
6366 261 311
6367 261 312
6368 261 330
6369 262 263
6370 262 264
6371 262 265
6372 262 266
6373 262 268
6374 262 269
6375 262 270
6376 262 289
6377 262 294
6378 262 295
6379 262 296
6380 262 297
6381 262 298
6382 262 299
6383 262 300
6384 262 301
6385 262 302
6386 262 303
6387 262 304
6388 262 305
6389 262 306
6390 262 307
6391 262 308
6392 262 309
6393 262 310
6394 262 311
6395 262 312
6396 262 313
6397 262 330
6398 263 264
6399 263 265
6400 263 266
6401 263 267
6402 263 268
6403 263 269
6404 263 270
6405 263 297
6406 263 298
6407 263 299
6408 263 300
6409 263 301
6410 263 302
6411 263 303
6412 263 304
6413 263 305
6414 263 306
6415 263 307
6416 263 308
6417 263 309
6418 263 310
6419 263 311
6420 264 265
6421 264 266
6422 264 267
6423 264 268
6424 264 269
6425 264 270
6426 264 271
6427 264 297
6428 264 298
6429 264 299
6430 264 300
6431 264 301
6432 264 302
6433 264 303
6434 264 304
6435 264 305
6436 264 306
6437 264 307
6438 264 308
6439 264 309
6440 264 310
6441 264 311
6442 264 312
6443 265 266
6444 265 267
6445 265 268
6446 265 269
6447 265 270
6448 265 271
6449 265 304
6450 265 305
6451 265 306
6452 265 307
6453 265 308
6454 265 309
6455 265 310
6456 265 311
6457 266 267
6458 266 268
6459 266 269
6460 266 270
6461 266 271
6462 266 272
6463 266 304
6464 266 305
6465 266 306
6466 266 307
6467 266 308
6468 266 309
6469 266 310
6470 266 311
6471 266 312
6472 267 268
6473 267 269
6474 267 270
6475 267 271
6476 267 306
6477 267 307
6478 267 308
6479 267 309
6480 268 269
6481 268 270
6482 268 271
6483 268 272
6484 268 273
6485 268 274
6486 268 304
6487 268 305
6488 268 306
6489 268 307
6490 268 308
6491 268 309
6492 268 310
6493 268 311
6494 268 312
6495 268 313
6496 268 314
6497 269 270
6498 269 271
6499 269 272
6500 269 273
6501 269 274
6502 269 275
6503 269 289
6504 269 299
6505 269 300
6506 269 301
6507 269 302
6508 269 303
6509 269 304
6510 269 305
6511 269 306
6512 269 307
6513 269 308
6514 269 309
6515 269 310
6516 269 311
6517 269 312
6518 269 313
6519 269 314
6520 269 315
6521 269 316
6522 269 330
6523 270 271
6524 270 272
6525 270 273
6526 270 274
6527 270 275
6528 270 276
6529 270 289
6530 270 299
6531 270 300
6532 270 301
6533 270 302
6534 270 303
6535 270 304
6536 270 305
6537 270 306
6538 270 307
6539 270 308
6540 270 309
6541 270 310
6542 270 311
6543 270 312
6544 270 313
6545 270 314
6546 270 315
6547 270 316
6548 270 317
6549 270 330
6550 271 272
6551 271 273
6552 271 274
6553 271 275
6554 271 276
6555 271 289
6556 271 300
6557 271 301
6558 271 302
6559 271 303
6560 271 304
6561 271 305
6562 271 306
6563 271 307
6564 271 308
6565 271 309
6566 271 310
6567 271 311
6568 271 312
6569 271 313
6570 271 314
6571 271 315
6572 271 316
6573 271 317
6574 271 318
6575 271 330
6576 272 273
6577 272 274
6578 272 275
6579 272 276
6580 272 289
6581 272 301
6582 272 302
6583 272 303
6584 272 304
6585 272 305
6586 272 306
6587 272 307
6588 272 308
6589 272 309
6590 272 310
6591 272 311
6592 272 312
6593 272 313
6594 272 314
6595 272 315
6596 272 316
6597 272 317
6598 272 318
6599 272 330
6600 273 274
6601 273 275
6602 273 276
6603 273 277
6604 273 289
6605 273 302
6606 273 303
6607 273 305
6608 273 306
6609 273 307
6610 273 308
6611 273 309
6612 273 310
6613 273 311
6614 273 312
6615 273 313
6616 273 314
6617 273 315
6618 273 316
6619 273 317
6620 273 318
6621 273 319
6622 273 330
6623 274 275
6624 274 276
6625 274 277
6626 274 278
6627 274 289
6628 274 303
6629 274 306
6630 274 307
6631 274 308
6632 274 309
6633 274 310
6634 274 311
6635 274 312
6636 274 313
6637 274 314
6638 274 315
6639 274 316
6640 274 317
6641 274 318
6642 274 319
6643 274 330
6644 275 276
6645 275 277
6646 275 278
6647 275 289
6648 275 303
6649 275 306
6650 275 308
6651 275 309
6652 275 310
6653 275 311
6654 275 312
6655 275 313
6656 275 314
6657 275 315
6658 275 316
6659 275 317
6660 275 318
6661 275 319
6662 275 330
6663 276 277
6664 276 278
6665 276 311
6666 276 312
6667 276 313
6668 276 314
6669 276 315
6670 276 316
6671 276 317
6672 276 318
6673 276 319
6674 276 320
6675 276 321
6676 277 278
6677 277 279
6678 277 280
6679 277 281
6680 277 315
6681 277 316
6682 277 317
6683 277 318
6684 277 319
6685 277 320
6686 277 321
6687 277 322
6688 278 279
6689 278 280
6690 278 281
6691 278 282
6692 278 316
6693 278 317
6694 278 318
6695 278 319
6696 278 320
6697 278 321
6698 278 322
6699 278 323
6700 278 324
6701 279 280
6702 279 281
6703 279 282
6704 279 283
6705 279 284
6706 279 319
6707 279 320
6708 279 321
6709 279 322
6710 279 323
6711 279 324
6712 280 281
6713 280 282
6714 280 283
6715 280 284
6716 280 285
6717 280 318
6718 280 319
6719 280 320
6720 280 321
6721 280 322
6722 280 323
6723 280 324
6724 280 325
6725 280 326
6726 280 327
6727 281 282
6728 281 283
6729 281 284
6730 281 285
6731 281 286
6732 281 319
6733 281 320
6734 281 321
6735 281 322
6736 281 323
6737 281 324
6738 281 325
6739 281 326
6740 281 327
6741 281 328
6742 282 283
6743 282 284
6744 282 285
6745 282 286
6746 282 287
6747 282 319
6748 282 320
6749 282 321
6750 282 322
6751 282 323
6752 282 324
6753 282 325
6754 282 326
6755 282 327
6756 282 328
6757 282 329
6758 283 284
6759 283 285
6760 283 286
6761 283 287
6762 283 288
6763 283 290
6764 283 319
6765 283 320
6766 283 321
6767 283 322
6768 283 323
6769 283 324
6770 283 325
6771 283 326
6772 283 327
6773 283 328
6774 283 329
6775 284 285
6776 284 286
6777 284 287
6778 284 288
6779 284 290
6780 284 320
6781 284 321
6782 284 322
6783 284 323
6784 284 324
6785 284 325
6786 284 326
6787 284 327
6788 284 328
6789 284 329
6790 285 286
6791 285 287
6792 285 288
6793 285 290
6794 285 291
6795 285 320
6796 285 321
6797 285 322
6798 285 323
6799 285 324
6800 285 325
6801 285 326
6802 285 327
6803 285 328
6804 285 329
6805 286 287
6806 286 288
6807 286 290
6808 286 291
6809 286 292
6810 286 321
6811 286 322
6812 286 323
6813 286 324
6814 286 325
6815 286 326
6816 286 327
6817 286 328
6818 286 329
6819 287 288
6820 287 290
6821 287 291
6822 287 292
6823 287 293
6824 287 322
6825 287 323
6826 287 324
6827 287 325
6828 287 326
6829 287 327
6830 287 328
6831 287 329
6832 288 290
6833 288 291
6834 288 292
6835 288 293
6836 288 294
6837 288 324
6838 288 325
6839 288 326
6840 288 327
6841 288 328
6842 288 329
6843 289 293
6844 289 294
6845 289 295
6846 289 296
6847 289 297
6848 289 298
6849 289 299
6850 289 300
6851 289 301
6852 289 302
6853 289 303
6854 289 304
6855 289 305
6856 289 306
6857 289 307
6858 289 308
6859 289 309
6860 289 310
6861 289 311
6862 289 312
6863 289 313
6864 289 314
6865 289 315
6866 289 316
6867 289 317
6868 289 318
6869 289 324
6870 289 325
6871 289 330
6872 290 291
6873 290 292
6874 290 293
6875 290 294
6876 290 295
6877 290 296
6878 290 297
6879 290 322
6880 290 323
6881 290 324
6882 290 325
6883 290 326
6884 290 327
6885 290 328
6886 290 329
6887 291 292
6888 291 293
6889 291 294
6890 291 295
6891 291 296
6892 291 297
6893 291 324
6894 291 325
6895 291 326
6896 291 327
6897 291 328
6898 291 329
6899 292 293
6900 292 294
6901 292 295
6902 292 296
6903 292 297
6904 292 298
6905 292 324
6906 292 325
6907 292 326
6908 292 327
6909 292 328
6910 292 329
6911 293 294
6912 293 295
6913 293 296
6914 293 297
6915 293 298
6916 293 299
6917 293 300
6918 293 301
6919 293 302
6920 293 303
6921 293 324
6922 293 325
6923 293 326
6924 293 327
6925 293 328
6926 293 329
6927 293 330
6928 294 295
6929 294 296
6930 294 297
6931 294 298
6932 294 299
6933 294 300
6934 294 301
6935 294 302
6936 294 303
6937 294 304
6938 294 305
6939 294 306
6940 294 324
6941 294 325
6942 294 326
6943 294 327
6944 294 328
6945 294 329
6946 294 330
6947 295 296
6948 295 297
6949 295 298
6950 295 299
6951 295 300
6952 295 301
6953 295 302
6954 295 303
6955 295 304
6956 295 305
6957 295 306
6958 295 325
6959 295 328
6960 295 329
6961 295 330
6962 296 297
6963 296 298
6964 296 299
6965 296 300
6966 296 301
6967 296 302
6968 296 303
6969 296 304
6970 296 305
6971 296 306
6972 296 330
6973 297 298
6974 297 299
6975 297 300
6976 297 301
6977 297 302
6978 297 303
6979 297 304
6980 297 305
6981 297 306
6982 297 307
6983 297 308
6984 297 309
6985 297 310
6986 297 311
6987 297 312
6988 297 313
6989 297 314
6990 297 315
6991 297 324
6992 297 325
6993 297 330
6994 298 299
6995 298 300
6996 298 301
6997 298 302
6998 298 303
6999 298 304
7000 298 305
7001 298 306
7002 298 307
7003 298 308
7004 298 309
7005 298 310
7006 298 311
7007 298 312
7008 298 313
7009 298 314
7010 298 315
7011 298 325
7012 298 330
7013 299 300
7014 299 301
7015 299 302
7016 299 303
7017 299 304
7018 299 305
7019 299 306
7020 299 307
7021 299 308
7022 299 309
7023 299 310
7024 299 311
7025 299 312
7026 299 313
7027 299 314
7028 299 315
7029 299 330
7030 300 301
7031 300 302
7032 300 303
7033 300 304
7034 300 305
7035 300 306
7036 300 307
7037 300 308
7038 300 309
7039 300 310
7040 300 311
7041 300 312
7042 300 313
7043 300 314
7044 300 315
7045 300 330
7046 301 302
7047 301 303
7048 301 304
7049 301 305
7050 301 306
7051 301 307
7052 301 308
7053 301 309
7054 301 310
7055 301 311
7056 301 312
7057 301 313
7058 301 314
7059 301 315
7060 301 330
7061 302 303
7062 302 304
7063 302 305
7064 302 306
7065 302 307
7066 302 308
7067 302 309
7068 302 310
7069 302 311
7070 302 312
7071 302 313
7072 302 314
7073 302 315
7074 302 316
7075 302 330
7076 303 304
7077 303 305
7078 303 306
7079 303 307
7080 303 308
7081 303 309
7082 303 310
7083 303 311
7084 303 312
7085 303 313
7086 303 314
7087 303 315
7088 303 316
7089 303 317
7090 303 330
7091 304 305
7092 304 306
7093 304 307
7094 304 308
7095 304 309
7096 304 310
7097 304 311
7098 304 312
7099 304 313
7100 304 314
7101 304 315
7102 304 330
7103 305 306
7104 305 307
7105 305 308
7106 305 309
7107 305 310
7108 305 311
7109 305 312
7110 305 313
7111 305 314
7112 305 315
7113 305 330
7114 306 307
7115 306 308
7116 306 309
7117 306 310
7118 306 311
7119 306 312
7120 306 313
7121 306 314
7122 306 315
7123 306 316
7124 306 330
7125 307 308
7126 307 309
7127 307 310
7128 307 311
7129 307 312
7130 307 313
7131 307 314
7132 307 315
7133 307 330
7134 308 309
7135 308 310
7136 308 311
7137 308 312
7138 308 313
7139 308 314
7140 308 315
7141 308 316
7142 308 330
7143 309 310
7144 309 311
7145 309 312
7146 309 313
7147 309 314
7148 309 315
7149 309 316
7150 309 317
7151 309 330
7152 310 311
7153 310 312
7154 310 313
7155 310 314
7156 310 315
7157 310 316
7158 310 317
7159 310 318
7160 310 330
7161 311 312
7162 311 313
7163 311 314
7164 311 315
7165 311 316
7166 311 317
7167 311 318
7168 311 330
7169 312 313
7170 312 314
7171 312 315
7172 312 316
7173 312 317
7174 312 318
7175 312 330
7176 313 314
7177 313 315
7178 313 316
7179 313 317
7180 313 318
7181 313 319
7182 313 330
7183 314 315
7184 314 316
7185 314 317
7186 314 318
7187 314 319
7188 314 330
7189 315 316
7190 315 317
7191 315 318
7192 315 319
7193 315 324
7194 315 325
7195 315 330
7196 316 317
7197 316 318
7198 316 319
7199 316 321
7200 316 324
7201 316 330
7202 317 318
7203 317 319
7204 317 320
7205 317 321
7206 317 322
7207 317 323
7208 317 324
7209 317 325
7210 317 330
7211 318 319
7212 318 320
7213 318 321
7214 318 322
7215 318 323
7216 318 324
7217 318 325
7218 318 330
7219 319 320
7220 319 321
7221 319 322
7222 319 323
7223 319 324
7224 319 325
7225 319 326
7226 320 321
7227 320 322
7228 320 323
7229 320 324
7230 320 325
7231 320 326
7232 320 327
7233 321 322
7234 321 323
7235 321 324
7236 321 325
7237 321 326
7238 321 327
7239 321 328
7240 321 329
7241 322 323
7242 322 324
7243 322 325
7244 322 326
7245 322 327
7246 322 328
7247 322 329
7248 323 324
7249 323 325
7250 323 326
7251 323 327
7252 323 328
7253 323 329
7254 324 325
7255 324 326
7256 324 327
7257 324 328
7258 324 329
7259 324 330
7260 325 326
7261 325 327
7262 325 328
7263 325 329
7264 325 330
7265 326 327
7266 326 328
7267 326 329
7268 327 328
7269 327 329
7270 328 329
