1 1 41
2 1 273
3 1 346
4 2 3
5 2 13
6 2 37
7 2 45
8 2 58
9 2 59
10 2 90
11 2 91
12 2 101
13 2 102
14 2 103
15 2 118
16 2 135
17 2 149
18 2 155
19 2 166
20 2 168
21 2 206
22 2 242
23 2 260
24 2 262
25 2 265
26 2 274
27 2 278
28 2 285
29 2 296
30 2 304
31 2 312
32 2 327
33 2 330
34 2 331
35 2 341
36 2 344
37 3 37
38 3 45
39 3 58
40 3 59
41 3 88
42 3 90
43 3 91
44 3 101
45 3 102
46 3 103
47 3 118
48 3 135
49 3 149
50 3 166
51 3 168
52 3 206
53 3 242
54 3 260
55 3 262
56 3 265
57 3 274
58 3 278
59 3 285
60 3 304
61 3 327
62 3 330
63 3 331
64 3 341
65 3 344
66 4 208
67 4 241
68 5 24
69 5 30
70 5 112
71 5 258
72 5 277
73 5 284
74 5 340
75 6 63
76 6 66
77 6 67
78 6 110
79 6 222
80 7 18
81 7 20
82 7 27
83 7 62
84 7 64
85 7 130
86 7 132
87 7 134
88 7 153
89 7 157
90 7 160
91 7 162
92 7 179
93 7 185
94 7 187
95 7 232
96 7 238
97 7 252
98 7 253
99 7 257
100 7 264
101 7 269
102 7 299
103 7 308
104 7 335
105 8 13
106 8 85
107 8 108
108 8 166
109 8 174
110 8 183
111 8 194
112 8 208
113 8 221
114 8 274
115 8 304
116 8 331
117 9 23
118 9 35
119 9 52
120 9 77
121 9 106
122 9 195
123 9 198
124 9 226
125 10 216
126 12 339
127 13 83
128 13 85
129 13 118
130 13 135
131 13 166
132 13 168
133 13 174
134 13 183
135 13 194
136 13 265
137 13 274
138 13 285
139 13 304
140 13 331
141 13 341
142 13 344
143 14 44
144 14 53
145 14 74
146 14 139
147 14 182
148 14 345
149 15 17
150 15 19
151 15 21
152 15 32
153 15 36
154 15 40
155 15 46
156 15 47
157 15 55
158 15 78
159 15 94
160 15 111
161 15 172
162 15 228
163 15 235
164 15 245
165 15 287
166 15 288
167 15 289
168 15 310
169 15 332
170 16 109
171 16 151
172 16 271
173 17 19
174 17 21
175 17 32
176 17 36
177 17 40
178 17 46
179 17 47
180 17 55
181 17 78
182 17 94
183 17 111
184 17 172
185 17 228
186 17 235
187 17 245
188 17 287
189 17 288
190 17 289
191 17 310
192 17 332
193 18 20
194 18 27
195 18 62
196 18 64
197 18 130
198 18 132
199 18 134
200 18 153
201 18 157
202 18 160
203 18 162
204 18 179
205 18 185
206 18 187
207 18 232
208 18 238
209 18 243
210 18 252
211 18 257
212 18 264
213 18 269
214 18 299
215 18 308
216 18 335
217 19 21
218 19 32
219 19 36
220 19 40
221 19 46
222 19 47
223 19 55
224 19 78
225 19 94
226 19 111
227 19 172
228 19 228
229 19 235
230 19 245
231 19 287
232 19 288
233 19 289
234 19 310
235 19 332
236 20 27
237 20 62
238 20 64
239 20 99
240 20 104
241 20 130
242 20 132
243 20 134
244 20 153
245 20 157
246 20 160
247 20 162
248 20 179
249 20 185
250 20 187
251 20 232
252 20 238
253 20 243
254 20 252
255 20 253
256 20 257
257 20 264
258 20 269
259 20 299
260 20 308
261 20 335
262 21 32
263 21 36
264 21 40
265 21 46
266 21 47
267 21 55
268 21 78
269 21 94
270 21 111
271 21 172
272 21 228
273 21 235
274 21 245
275 21 287
276 21 288
277 21 289
278 21 310
279 21 332
280 23 35
281 23 52
282 23 106
283 23 195
284 23 198
285 23 226
286 24 30
287 24 112
288 24 258
289 24 277
290 24 284
291 24 340
292 25 68
293 25 71
294 27 62
295 27 64
296 27 104
297 27 105
298 27 130
299 27 132
300 27 134
301 27 153
302 27 157
303 27 160
304 27 162
305 27 179
306 27 185
307 27 187
308 27 232
309 27 234
310 27 238
311 27 243
312 27 252
313 27 257
314 27 264
315 27 269
316 27 270
317 27 299
318 27 308
319 27 335
320 28 87
321 28 276
322 29 72
323 29 148
324 29 214
325 30 112
326 30 258
327 30 277
328 30 284
329 30 340
330 31 292
331 32 36
332 32 40
333 32 46
334 32 47
335 32 55
336 32 78
337 32 94
338 32 111
339 32 172
340 32 228
341 32 235
342 32 245
343 32 287
344 32 288
345 32 289
346 32 310
347 32 332
348 33 34
349 33 56
350 33 141
351 33 167
352 33 229
353 34 56
354 34 141
355 34 167
356 34 229
357 35 52
358 35 106
359 35 195
360 35 198
361 35 226
362 36 40
363 36 46
364 36 47
365 36 55
366 36 78
367 36 94
368 36 111
369 36 172
370 36 228
371 36 235
372 36 245
373 36 287
374 36 288
375 36 289
376 36 310
377 36 332
378 37 45
379 37 58
380 37 59
381 37 91
382 37 101
383 37 102
384 37 118
385 37 135
386 37 149
387 37 166
388 37 168
389 37 206
390 37 242
391 37 260
392 37 262
393 37 265
394 37 278
395 37 327
396 37 330
397 37 341
398 37 344
399 39 156
400 39 165
401 39 209
402 39 210
403 39 323
404 40 46
405 40 47
406 40 55
407 40 78
408 40 94
409 40 111
410 40 172
411 40 228
412 40 235
413 40 245
414 40 287
415 40 288
416 40 289
417 40 310
418 40 332
419 41 273
420 41 285
421 41 346
422 43 48
423 43 161
424 43 329
425 44 53
426 44 74
427 44 182
428 44 345
429 45 58
430 45 59
431 45 90
432 45 91
433 45 101
434 45 102
435 45 118
436 45 135
437 45 149
438 45 166
439 45 168
440 45 206
441 45 242
442 45 260
443 45 262
444 45 265
445 45 278
446 45 327
447 45 330
448 45 341
449 45 344
450 46 47
451 46 55
452 46 78
453 46 94
454 46 111
455 46 172
456 46 228
457 46 235
458 46 245
459 46 287
460 46 288
461 46 289
462 46 310
463 46 332
464 47 55
465 47 78
466 47 94
467 47 111
468 47 172
469 47 228
470 47 235
471 47 245
472 47 287
473 47 288
474 47 289
475 47 310
476 47 332
477 48 161
478 48 329
479 49 322
480 50 97
481 50 203
482 50 316
483 51 109
484 51 151
485 51 192
486 51 254
487 51 271
488 52 106
489 52 195
490 52 198
491 52 226
492 53 74
493 53 178
494 53 182
495 53 345
496 54 173
497 54 199
498 55 78
499 55 94
500 55 111
501 55 172
502 55 228
503 55 235
504 55 245
505 55 287
506 55 288
507 55 289
508 55 310
509 55 332
510 56 167
511 56 229
512 57 89
513 58 59
514 58 90
515 58 91
516 58 101
517 58 102
518 58 118
519 58 135
520 58 149
521 58 166
522 58 168
523 58 206
524 58 242
525 58 260
526 58 265
527 58 274
528 58 278
529 58 285
530 58 304
531 58 327
532 58 330
533 58 331
534 58 341
535 58 344
536 59 90
537 59 91
538 59 101
539 59 102
540 59 118
541 59 135
542 59 149
543 59 155
544 59 166
545 59 168
546 59 206
547 59 242
548 59 260
549 59 262
550 59 265
551 59 274
552 59 278
553 59 285
554 59 304
555 59 327
556 59 330
557 59 331
558 59 341
559 59 344
560 62 64
561 62 121
562 62 130
563 62 132
564 62 134
565 62 153
566 62 160
567 62 162
568 62 179
569 62 185
570 62 187
571 62 232
572 62 238
573 62 243
574 62 252
575 62 253
576 62 257
577 62 264
578 62 269
579 62 299
580 62 308
581 62 335
582 63 66
583 63 67
584 63 110
585 63 222
586 64 104
587 64 130
588 64 132
589 64 134
590 64 153
591 64 157
592 64 160
593 64 162
594 64 179
595 64 185
596 64 187
597 64 232
598 64 238
599 64 243
600 64 252
601 64 253
602 64 257
603 64 264
604 64 269
605 64 299
606 64 308
607 64 335
608 66 67
609 66 110
610 66 222
611 67 110
612 67 222
613 68 71
614 69 73
615 70 71
616 70 338
617 71 338
618 72 148
619 72 214
620 74 120
621 74 139
622 74 182
623 74 345
624 76 342
625 78 94
626 78 111
627 78 172
628 78 228
629 78 235
630 78 245
631 78 287
632 78 288
633 78 289
634 78 310
635 78 332
636 79 83
637 79 202
638 79 272
639 79 328
640 80 92
641 80 194
642 80 197
643 80 221
644 80 331
645 80 343
646 82 147
647 82 154
648 82 291
649 82 334
650 83 202
651 83 272
652 83 328
653 84 93
654 84 158
655 85 174
656 85 183
657 85 194
658 85 208
659 85 331
660 86 131
661 86 137
662 86 176
663 86 236
664 86 237
665 87 276
666 88 206
667 90 101
668 90 102
669 90 118
670 90 135
671 90 166
672 90 168
673 90 206
674 90 260
675 90 265
676 90 274
677 90 304
678 90 327
679 90 341
680 90 344
681 91 101
682 91 102
683 91 118
684 91 135
685 91 149
686 91 166
687 91 168
688 91 206
689 91 242
690 91 260
691 91 262
692 91 265
693 91 278
694 91 327
695 91 330
696 91 341
697 91 344
698 92 197
699 92 221
700 92 331
701 92 343
702 93 158
703 94 111
704 94 172
705 94 228
706 94 235
707 94 245
708 94 287
709 94 288
710 94 289
711 94 310
712 94 332
713 95 342
714 97 203
715 97 316
716 98 129
717 98 207
718 98 216
719 98 244
720 98 261
721 98 282
722 98 300
723 98 307
724 98 311
725 98 337
726 99 130
727 99 179
728 99 185
729 99 240
730 99 257
731 99 264
732 99 335
733 100 120
734 100 122
735 101 102
736 101 118
737 101 135
738 101 149
739 101 166
740 101 168
741 101 206
742 101 242
743 101 260
744 101 265
745 101 274
746 101 285
747 101 304
748 101 327
749 101 330
750 101 331
751 101 341
752 101 344
753 102 118
754 102 135
755 102 149
756 102 166
757 102 168
758 102 206
759 102 242
760 102 260
761 102 262
762 102 265
763 102 274
764 102 278
765 102 304
766 102 327
767 102 330
768 102 331
769 102 341
770 102 344
771 103 118
772 103 135
773 103 206
774 103 265
775 103 331
776 103 341
777 104 105
778 104 132
779 104 134
780 104 160
781 104 185
782 104 213
783 104 219
784 104 232
785 104 234
786 104 264
787 104 269
788 105 169
789 105 170
790 105 189
791 105 213
792 105 219
793 105 234
794 105 295
795 106 195
796 106 198
797 106 226
798 107 336
799 108 208
800 108 220
801 108 241
802 108 286
803 108 298
804 109 151
805 109 192
806 109 254
807 109 271
808 110 222
809 111 172
810 111 228
811 111 235
812 111 245
813 111 287
814 111 288
815 111 289
816 111 310
817 111 332
818 112 258
819 112 277
820 112 284
821 112 340
822 113 116
823 113 124
824 113 125
825 113 217
826 114 247
827 116 124
828 116 125
829 116 217
830 118 135
831 118 149
832 118 155
833 118 166
834 118 168
835 118 206
836 118 242
837 118 260
838 118 262
839 118 265
840 118 274
841 118 278
842 118 285
843 118 296
844 118 304
845 118 312
846 118 327
847 118 330
848 118 331
849 118 341
850 118 344
851 119 138
852 119 324
853 120 122
854 120 139
855 121 243
856 121 252
857 121 253
858 123 231
859 123 251
860 124 125
861 124 217
862 125 217
863 126 142
864 126 146
865 126 196
866 126 233
867 126 320
868 126 333
869 128 306
870 129 207
871 129 216
872 129 244
873 129 261
874 129 282
875 129 300
876 129 307
877 129 311
878 129 337
879 130 132
880 130 134
881 130 153
882 130 157
883 130 160
884 130 162
885 130 179
886 130 185
887 130 187
888 130 232
889 130 238
890 130 243
891 130 252
892 130 253
893 130 257
894 130 264
895 130 269
896 130 299
897 130 308
898 130 335
899 131 137
900 131 176
901 131 236
902 131 237
903 132 134
904 132 153
905 132 157
906 132 160
907 132 162
908 132 179
909 132 185
910 132 187
911 132 232
912 132 238
913 132 243
914 132 252
915 132 253
916 132 257
917 132 264
918 132 269
919 132 299
920 132 308
921 132 335
922 133 145
923 133 321
924 134 153
925 134 157
926 134 160
927 134 162
928 134 179
929 134 185
930 134 187
931 134 232
932 134 238
933 134 252
934 134 253
935 134 257
936 134 264
937 134 269
938 134 299
939 134 308
940 134 335
941 135 149
942 135 155
943 135 166
944 135 168
945 135 206
946 135 242
947 135 260
948 135 262
949 135 265
950 135 274
951 135 278
952 135 296
953 135 304
954 135 312
955 135 327
956 135 330
957 135 331
958 135 341
959 135 344
960 137 176
961 137 236
962 137 237
963 138 324
964 140 142
965 141 229
966 142 146
967 142 196
968 142 233
969 142 320
970 142 333
971 143 284
972 144 230
973 144 280
974 145 321
975 146 196
976 146 233
977 146 320
978 146 333
979 147 154
980 147 291
981 147 334
982 148 214
983 149 166
984 149 168
985 149 206
986 149 242
987 149 260
988 149 262
989 149 265
990 149 278
991 149 327
992 149 330
993 149 341
994 149 344
995 151 192
996 151 271
997 152 315
998 153 157
999 153 160
1000 153 162
1001 153 179
1002 153 185
1003 153 187
1004 153 232
1005 153 238
1006 153 243
1007 153 252
1008 153 253
1009 153 257
1010 153 264
1011 153 269
1012 153 299
1013 153 308
1014 153 335
1015 154 291
1016 154 334
1017 155 166
1018 155 168
1019 155 184
1020 155 206
1021 155 265
1022 155 296
1023 155 312
1024 155 331
1025 155 341
1026 155 344
1027 156 165
1028 156 209
1029 156 210
1030 156 323
1031 157 160
1032 157 162
1033 157 179
1034 157 185
1035 157 187
1036 157 232
1037 157 238
1038 157 252
1039 157 253
1040 157 257
1041 157 264
1042 157 269
1043 157 299
1044 157 308
1045 157 335
1046 159 175
1047 160 162
1048 160 179
1049 160 185
1050 160 187
1051 160 232
1052 160 238
1053 160 252
1054 160 253
1055 160 257
1056 160 264
1057 160 269
1058 160 299
1059 160 308
1060 160 335
1061 161 329
1062 162 179
1063 162 185
1064 162 187
1065 162 232
1066 162 238
1067 162 252
1068 162 257
1069 162 264
1070 162 269
1071 162 299
1072 162 308
1073 162 335
1074 163 181
1075 163 239
1076 163 255
1077 164 248
1078 165 209
1079 165 210
1080 165 323
1081 166 168
1082 166 183
1083 166 206
1084 166 242
1085 166 260
1086 166 262
1087 166 265
1088 166 274
1089 166 278
1090 166 285
1091 166 304
1092 166 327
1093 166 330
1094 166 331
1095 166 341
1096 166 344
1097 167 229
1098 168 183
1099 168 206
1100 168 242
1101 168 260
1102 168 262
1103 168 265
1104 168 274
1105 168 278
1106 168 285
1107 168 296
1108 168 304
1109 168 312
1110 168 327
1111 168 330
1112 168 331
1113 168 341
1114 168 344
1115 169 170
1116 169 189
1117 169 213
1118 169 219
1119 169 234
1120 169 295
1121 170 189
1122 170 213
1123 170 219
1124 170 234
1125 170 295
1126 172 228
1127 172 235
1128 172 245
1129 172 287
1130 172 288
1131 172 289
1132 172 310
1133 172 332
1134 174 183
1135 174 194
1136 174 331
1137 176 236
1138 176 237
1139 179 185
1140 179 187
1141 179 232
1142 179 238
1143 179 243
1144 179 252
1145 179 253
1146 179 257
1147 179 264
1148 179 269
1149 179 299
1150 179 308
1151 179 335
1152 181 239
1153 181 255
1154 182 345
1155 183 194
1156 183 206
1157 184 296
1158 184 312
1159 184 331
1160 185 187
1161 185 232
1162 185 238
1163 185 243
1164 185 252
1165 185 257
1166 185 264
1167 185 269
1168 185 299
1169 185 308
1170 185 335
1171 187 232
1172 187 238
1173 187 252
1174 187 253
1175 187 257
1176 187 264
1177 187 269
1178 187 299
1179 187 308
1180 187 335
1181 189 213
1182 189 234
1183 189 295
1184 192 254
1185 192 271
1186 193 204
1187 193 205
1188 193 227
1189 194 197
1190 194 221
1191 194 285
1192 194 331
1193 194 343
1194 195 198
1195 195 226
1196 196 233
1197 196 320
1198 196 333
1199 197 221
1200 197 331
1201 197 343
1202 198 226
1203 200 215
1204 200 325
1205 202 272
1206 204 205
1207 204 227
1208 205 227
1209 206 242
1210 206 260
1211 206 262
1212 206 265
1213 206 274
1214 206 278
1215 206 285
1216 206 304
1217 206 312
1218 206 327
1219 206 330
1220 206 331
1221 206 341
1222 206 344
1223 207 216
1224 207 244
1225 207 261
1226 207 282
1227 207 300
1228 207 307
1229 207 311
1230 207 337
1231 208 220
1232 208 241
1233 209 210
1234 209 323
1235 210 323
1236 211 256
1237 211 268
1238 213 219
1239 213 234
1240 213 269
1241 213 295
1242 215 325
1243 216 244
1244 216 261
1245 216 282
1246 216 300
1247 216 307
1248 216 311
1249 216 337
1250 219 234
1251 219 295
1252 220 241
1253 220 286
1254 220 298
1255 221 331
1256 221 343
1257 228 235
1258 228 245
1259 228 287
1260 228 288
1261 228 289
1262 228 310
1263 228 332
1264 230 280
1265 231 251
1266 232 238
1267 232 243
1268 232 252
1269 232 253
1270 232 257
1271 232 264
1272 232 269
1273 232 299
1274 232 308
1275 232 335
1276 233 320
1277 233 333
1278 234 269
1279 234 270
1280 234 295
1281 235 245
1282 235 287
1283 235 288
1284 235 289
1285 235 310
1286 235 332
1287 236 237
1288 238 243
1289 238 252
1290 238 253
1291 238 257
1292 238 264
1293 238 269
1294 238 299
1295 238 308
1296 238 335
1297 239 255
1298 240 264
1299 242 260
1300 242 262
1301 242 265
1302 242 278
1303 242 327
1304 242 330
1305 242 341
1306 242 344
1307 243 252
1308 243 253
1309 243 257
1310 243 264
1311 243 269
1312 243 335
1313 244 261
1314 244 282
1315 244 300
1316 244 307
1317 244 311
1318 244 337
1319 245 287
1320 245 288
1321 245 289
1322 245 310
1323 245 332
1324 249 281
1325 250 279
1326 250 301
1327 250 305
1328 252 253
1329 252 257
1330 252 264
1331 252 269
1332 252 299
1333 252 308
1334 253 257
1335 253 264
1336 253 269
1337 253 299
1338 253 308
1339 254 271
1340 256 268
1341 257 264
1342 257 269
1343 257 299
1344 257 308
1345 257 335
1346 258 277
1347 258 284
1348 258 340
1349 260 262
1350 260 265
1351 260 274
1352 260 278
1353 260 304
1354 260 327
1355 260 330
1356 260 331
1357 260 341
1358 260 344
1359 261 282
1360 261 300
1361 261 307
1362 261 311
1363 261 337
1364 262 265
1365 262 278
1366 262 330
1367 262 341
1368 262 344
1369 264 269
1370 264 299
1371 264 308
1372 264 335
1373 265 274
1374 265 278
1375 265 285
1376 265 296
1377 265 304
1378 265 312
1379 265 327
1380 265 330
1381 265 331
1382 265 341
1383 265 344
1384 269 270
1385 269 295
1386 269 299
1387 269 308
1388 269 335
1389 273 346
1390 274 285
1391 274 304
1392 274 327
1393 274 331
1394 274 341
1395 274 344
1396 277 284
1397 277 340
1398 278 327
1399 278 330
1400 278 341
1401 278 344
1402 279 301
1403 279 305
1404 282 300
1405 282 307
1406 282 311
1407 282 337
1408 284 340
1409 285 304
1410 285 331
1411 285 341
1412 285 344
1413 286 298
1414 287 288
1415 287 289
1416 287 310
1417 287 332
1418 288 289
1419 288 310
1420 288 332
1421 289 310
1422 289 332
1423 291 334
1424 296 312
1425 296 331
1426 296 341
1427 296 344
1428 299 308
1429 299 335
1430 300 307
1431 300 311
1432 300 337
1433 301 305
1434 304 327
1435 304 331
1436 304 341
1437 304 344
1438 307 311
1439 307 337
1440 308 335
1441 310 332
1442 311 337
1443 312 331
1444 312 341
1445 312 344
1446 317 318
1447 320 333
1448 327 330
1449 327 341
1450 327 344
1451 330 341
1452 330 344
1453 331 341
1454 331 343
1455 331 344
1456 341 344
