1 1 41
2 1 273
3 1 285
4 1 346
5 2 3
6 2 8
7 2 13
8 2 37
9 2 45
10 2 58
11 2 59
12 2 85
13 2 88
14 2 90
15 2 91
16 2 101
17 2 102
18 2 103
19 2 118
20 2 135
21 2 149
22 2 155
23 2 166
24 2 168
25 2 183
26 2 184
27 2 206
28 2 242
29 2 260
30 2 262
31 2 265
32 2 274
33 2 278
34 2 285
35 2 296
36 2 304
37 2 312
38 2 314
39 2 327
40 2 330
41 2 331
42 2 341
43 2 344
44 3 13
45 3 37
46 3 45
47 3 58
48 3 59
49 3 88
50 3 90
51 3 91
52 3 101
53 3 102
54 3 103
55 3 118
56 3 135
57 3 149
58 3 155
59 3 166
60 3 168
61 3 183
62 3 206
63 3 224
64 3 242
65 3 260
66 3 262
67 3 265
68 3 274
69 3 278
70 3 285
71 3 304
72 3 312
73 3 327
74 3 330
75 3 331
76 3 341
77 3 344
78 4 13
79 4 108
80 4 143
81 4 208
82 4 220
83 4 226
84 4 241
85 4 298
86 5 24
87 5 30
88 5 112
89 5 143
90 5 258
91 5 277
92 5 284
93 5 340
94 6 63
95 6 66
96 6 67
97 6 110
98 6 222
99 7 18
100 7 20
101 7 27
102 7 62
103 7 64
104 7 104
105 7 130
106 7 132
107 7 134
108 7 153
109 7 157
110 7 160
111 7 162
112 7 179
113 7 185
114 7 187
115 7 232
116 7 238
117 7 240
118 7 243
119 7 252
120 7 253
121 7 257
122 7 264
123 7 269
124 7 299
125 7 308
126 7 335
127 8 13
128 8 14
129 8 58
130 8 59
131 8 75
132 8 80
133 8 85
134 8 92
135 8 103
136 8 108
137 8 118
138 8 135
139 8 166
140 8 168
141 8 174
142 8 183
143 8 194
144 8 197
145 8 208
146 8 220
147 8 221
148 8 241
149 8 265
150 8 274
151 8 285
152 8 286
153 8 297
154 8 304
155 8 331
156 8 341
157 8 343
158 8 344
159 9 23
160 9 35
161 9 52
162 9 77
163 9 106
164 9 195
165 9 198
166 9 225
167 9 226
168 10 98
169 10 129
170 10 207
171 10 216
172 10 244
173 10 261
174 10 282
175 10 307
176 10 311
177 10 337
178 12 49
179 12 108
180 12 220
181 12 241
182 12 286
183 12 298
184 12 339
185 13 14
186 13 59
187 13 75
188 13 80
189 13 83
190 13 85
191 13 92
192 13 102
193 13 118
194 13 135
195 13 166
196 13 168
197 13 174
198 13 183
199 13 194
200 13 197
201 13 205
202 13 208
203 13 220
204 13 221
205 13 241
206 13 264
207 13 265
208 13 274
209 13 285
210 13 298
211 13 304
212 13 313
213 13 316
214 13 331
215 13 341
216 13 343
217 13 344
218 14 44
219 14 53
220 14 74
221 14 75
222 14 100
223 14 120
224 14 122
225 14 139
226 14 182
227 14 194
228 14 345
229 15 17
230 15 19
231 15 21
232 15 32
233 15 36
234 15 40
235 15 46
236 15 47
237 15 55
238 15 78
239 15 94
240 15 111
241 15 172
242 15 228
243 15 235
244 15 245
245 15 287
246 15 288
247 15 289
248 15 310
249 15 332
250 16 109
251 16 151
252 16 192
253 16 271
254 17 19
255 17 21
256 17 32
257 17 36
258 17 40
259 17 46
260 17 47
261 17 55
262 17 78
263 17 94
264 17 111
265 17 172
266 17 228
267 17 235
268 17 245
269 17 287
270 17 288
271 17 289
272 17 310
273 17 332
274 18 20
275 18 27
276 18 62
277 18 64
278 18 99
279 18 104
280 18 130
281 18 132
282 18 134
283 18 153
284 18 157
285 18 160
286 18 162
287 18 179
288 18 185
289 18 187
290 18 213
291 18 232
292 18 234
293 18 238
294 18 243
295 18 252
296 18 253
297 18 257
298 18 264
299 18 269
300 18 299
301 18 308
302 18 335
303 19 21
304 19 32
305 19 36
306 19 40
307 19 46
308 19 47
309 19 55
310 19 78
311 19 94
312 19 111
313 19 172
314 19 228
315 19 235
316 19 245
317 19 287
318 19 288
319 19 289
320 19 310
321 19 332
322 20 27
323 20 62
324 20 64
325 20 99
326 20 104
327 20 121
328 20 130
329 20 132
330 20 134
331 20 153
332 20 157
333 20 160
334 20 162
335 20 170
336 20 179
337 20 185
338 20 187
339 20 213
340 20 232
341 20 234
342 20 238
343 20 240
344 20 243
345 20 252
346 20 253
347 20 257
348 20 264
349 20 269
350 20 299
351 20 308
352 20 335
353 21 32
354 21 36
355 21 40
356 21 46
357 21 47
358 21 55
359 21 78
360 21 94
361 21 111
362 21 172
363 21 228
364 21 235
365 21 245
366 21 287
367 21 288
368 21 289
369 21 310
370 21 332
371 22 174
372 22 285
373 22 317
374 23 35
375 23 52
376 23 77
377 23 106
378 23 195
379 23 198
380 23 226
381 24 30
382 24 112
383 24 258
384 24 277
385 24 284
386 24 340
387 25 68
388 25 70
389 25 71
390 25 338
391 26 285
392 27 62
393 27 64
394 27 71
395 27 104
396 27 105
397 27 130
398 27 132
399 27 134
400 27 153
401 27 157
402 27 160
403 27 162
404 27 169
405 27 179
406 27 185
407 27 187
408 27 213
409 27 219
410 27 232
411 27 234
412 27 238
413 27 243
414 27 252
415 27 253
416 27 257
417 27 264
418 27 269
419 27 270
420 27 295
421 27 299
422 27 308
423 27 335
424 28 87
425 28 276
426 29 72
427 29 148
428 29 214
429 30 112
430 30 258
431 30 277
432 30 284
433 30 340
434 31 292
435 32 36
436 32 40
437 32 46
438 32 47
439 32 55
440 32 78
441 32 94
442 32 111
443 32 172
444 32 228
445 32 235
446 32 245
447 32 287
448 32 288
449 32 289
450 32 310
451 32 332
452 33 34
453 33 56
454 33 141
455 33 167
456 33 229
457 34 56
458 34 117
459 34 141
460 34 167
461 34 229
462 35 52
463 35 106
464 35 195
465 35 198
466 35 226
467 36 40
468 36 46
469 36 47
470 36 55
471 36 78
472 36 94
473 36 111
474 36 172
475 36 228
476 36 235
477 36 245
478 36 287
479 36 288
480 36 289
481 36 310
482 36 332
483 37 45
484 37 58
485 37 59
486 37 90
487 37 91
488 37 101
489 37 102
490 37 118
491 37 135
492 37 149
493 37 166
494 37 168
495 37 206
496 37 242
497 37 260
498 37 262
499 37 265
500 37 274
501 37 278
502 37 304
503 37 327
504 37 330
505 37 341
506 37 344
507 39 156
508 39 165
509 39 209
510 39 210
511 39 323
512 40 46
513 40 47
514 40 55
515 40 78
516 40 94
517 40 111
518 40 172
519 40 228
520 40 235
521 40 245
522 40 287
523 40 288
524 40 289
525 40 310
526 40 332
527 41 83
528 41 224
529 41 273
530 41 285
531 41 304
532 41 346
533 43 48
534 43 161
535 43 275
536 43 329
537 44 53
538 44 74
539 44 182
540 44 345
541 45 58
542 45 59
543 45 90
544 45 91
545 45 101
546 45 102
547 45 118
548 45 135
549 45 149
550 45 166
551 45 168
552 45 206
553 45 242
554 45 260
555 45 262
556 45 265
557 45 274
558 45 278
559 45 304
560 45 327
561 45 330
562 45 341
563 45 344
564 46 47
565 46 55
566 46 78
567 46 94
568 46 111
569 46 172
570 46 228
571 46 235
572 46 245
573 46 287
574 46 288
575 46 289
576 46 310
577 46 332
578 47 55
579 47 78
580 47 94
581 47 111
582 47 172
583 47 228
584 47 235
585 47 245
586 47 287
587 47 288
588 47 289
589 47 310
590 47 332
591 48 161
592 48 329
593 49 108
594 49 220
595 49 241
596 49 286
597 49 298
598 49 322
599 50 97
600 50 203
601 50 316
602 51 109
603 51 151
604 51 192
605 51 254
606 51 271
607 52 106
608 52 195
609 52 198
610 52 226
611 53 74
612 53 178
613 53 182
614 53 345
615 54 113
616 54 143
617 54 173
618 54 199
619 55 78
620 55 94
621 55 111
622 55 172
623 55 228
624 55 235
625 55 245
626 55 287
627 55 288
628 55 289
629 55 310
630 55 332
631 56 141
632 56 167
633 56 229
634 57 89
635 58 59
636 58 90
637 58 91
638 58 101
639 58 102
640 58 103
641 58 118
642 58 135
643 58 149
644 58 166
645 58 168
646 58 206
647 58 242
648 58 260
649 58 262
650 58 265
651 58 274
652 58 278
653 58 285
654 58 304
655 58 327
656 58 330
657 58 331
658 58 341
659 58 344
660 59 80
661 59 90
662 59 91
663 59 101
664 59 102
665 59 103
666 59 118
667 59 135
668 59 149
669 59 155
670 59 166
671 59 168
672 59 197
673 59 206
674 59 221
675 59 242
676 59 260
677 59 262
678 59 265
679 59 274
680 59 278
681 59 285
682 59 296
683 59 304
684 59 312
685 59 327
686 59 330
687 59 331
688 59 341
689 59 343
690 59 344
691 61 297
692 62 64
693 62 104
694 62 121
695 62 130
696 62 132
697 62 134
698 62 153
699 62 157
700 62 160
701 62 162
702 62 179
703 62 185
704 62 187
705 62 232
706 62 238
707 62 243
708 62 252
709 62 253
710 62 257
711 62 264
712 62 269
713 62 270
714 62 299
715 62 308
716 62 335
717 63 66
718 63 67
719 63 110
720 63 222
721 64 99
722 64 104
723 64 130
724 64 132
725 64 134
726 64 153
727 64 157
728 64 160
729 64 162
730 64 179
731 64 185
732 64 187
733 64 232
734 64 234
735 64 238
736 64 240
737 64 243
738 64 252
739 64 253
740 64 257
741 64 264
742 64 269
743 64 299
744 64 308
745 64 335
746 66 67
747 66 110
748 66 222
749 67 110
750 67 222
751 68 70
752 68 71
753 68 338
754 69 73
755 70 71
756 70 338
757 71 338
758 72 148
759 72 214
760 74 75
761 74 100
762 74 120
763 74 122
764 74 139
765 74 182
766 74 345
767 75 85
768 75 174
769 75 194
770 76 342
771 77 106
772 77 195
773 77 198
774 77 226
775 78 94
776 78 111
777 78 172
778 78 228
779 78 235
780 78 245
781 78 287
782 78 288
783 78 289
784 78 310
785 78 332
786 79 83
787 79 202
788 79 272
789 79 328
790 80 85
791 80 92
792 80 118
793 80 135
794 80 166
795 80 168
796 80 174
797 80 183
798 80 194
799 80 197
800 80 206
801 80 221
802 80 265
803 80 274
804 80 285
805 80 304
806 80 331
807 80 341
808 80 343
809 80 344
810 82 126
811 82 142
812 82 147
813 82 154
814 82 291
815 82 334
816 83 166
817 83 202
818 83 272
819 83 274
820 83 285
821 83 304
822 83 328
823 84 93
824 84 158
825 85 92
826 85 108
827 85 118
828 85 135
829 85 166
830 85 168
831 85 174
832 85 183
833 85 194
834 85 197
835 85 208
836 85 221
837 85 241
838 85 265
839 85 274
840 85 285
841 85 304
842 85 331
843 85 341
844 85 343
845 85 344
846 86 131
847 86 137
848 86 176
849 86 236
850 86 237
851 87 276
852 88 118
853 88 135
854 88 166
855 88 206
856 88 260
857 88 265
858 88 341
859 90 91
860 90 101
861 90 102
862 90 118
863 90 135
864 90 149
865 90 166
866 90 168
867 90 206
868 90 242
869 90 260
870 90 265
871 90 274
872 90 278
873 90 304
874 90 327
875 90 330
876 90 341
877 90 344
878 91 101
879 91 102
880 91 118
881 91 135
882 91 149
883 91 166
884 91 168
885 91 206
886 91 242
887 91 260
888 91 262
889 91 265
890 91 274
891 91 278
892 91 304
893 91 327
894 91 330
895 91 331
896 91 341
897 91 344
898 92 166
899 92 168
900 92 174
901 92 194
902 92 197
903 92 206
904 92 221
905 92 285
906 92 331
907 92 343
908 92 344
909 93 158
910 94 111
911 94 172
912 94 228
913 94 235
914 94 245
915 94 287
916 94 288
917 94 289
918 94 310
919 94 332
920 95 342
921 96 241
922 97 203
923 97 316
924 98 129
925 98 207
926 98 216
927 98 244
928 98 261
929 98 282
930 98 300
931 98 307
932 98 311
933 98 337
934 99 130
935 99 132
936 99 153
937 99 179
938 99 185
939 99 187
940 99 238
941 99 240
942 99 257
943 99 264
944 99 335
945 100 120
946 100 122
947 100 139
948 101 102
949 101 103
950 101 118
951 101 135
952 101 149
953 101 155
954 101 166
955 101 168
956 101 206
957 101 242
958 101 260
959 101 262
960 101 265
961 101 274
962 101 278
963 101 285
964 101 304
965 101 312
966 101 327
967 101 330
968 101 331
969 101 341
970 101 344
971 102 103
972 102 118
973 102 135
974 102 149
975 102 155
976 102 166
977 102 168
978 102 183
979 102 206
980 102 242
981 102 260
982 102 262
983 102 265
984 102 274
985 102 278
986 102 285
987 102 296
988 102 304
989 102 312
990 102 327
991 102 330
992 102 331
993 102 341
994 102 344
995 103 118
996 103 135
997 103 166
998 103 168
999 103 206
1000 103 260
1001 103 265
1002 103 274
1003 103 304
1004 103 331
1005 103 341
1006 103 344
1007 104 105
1008 104 130
1009 104 132
1010 104 134
1011 104 153
1012 104 157
1013 104 160
1014 104 162
1015 104 169
1016 104 179
1017 104 185
1018 104 187
1019 104 213
1020 104 219
1021 104 232
1022 104 234
1023 104 238
1024 104 243
1025 104 252
1026 104 257
1027 104 264
1028 104 269
1029 104 270
1030 104 299
1031 104 308
1032 105 130
1033 105 160
1034 105 169
1035 105 170
1036 105 189
1037 105 213
1038 105 219
1039 105 232
1040 105 234
1041 105 264
1042 105 269
1043 105 270
1044 105 295
1045 106 195
1046 106 198
1047 106 208
1048 106 225
1049 106 226
1050 107 336
1051 108 118
1052 108 166
1053 108 168
1054 108 174
1055 108 183
1056 108 194
1057 108 208
1058 108 220
1059 108 241
1060 108 265
1061 108 286
1062 108 297
1063 108 298
1064 108 339
1065 108 341
1066 108 344
1067 109 151
1068 109 192
1069 109 254
1070 109 271
1071 110 222
1072 111 172
1073 111 228
1074 111 235
1075 111 245
1076 111 287
1077 111 288
1078 111 289
1079 111 310
1080 111 332
1081 112 258
1082 112 277
1083 112 284
1084 112 340
1085 113 116
1086 113 124
1087 113 125
1088 113 217
1089 114 247
1090 115 183
1091 115 205
1092 116 124
1093 116 125
1094 116 217
1095 118 135
1096 118 149
1097 118 155
1098 118 166
1099 118 168
1100 118 174
1101 118 183
1102 118 184
1103 118 197
1104 118 206
1105 118 221
1106 118 242
1107 118 260
1108 118 262
1109 118 265
1110 118 274
1111 118 278
1112 118 285
1113 118 296
1114 118 304
1115 118 312
1116 118 314
1117 118 327
1118 118 330
1119 118 331
1120 118 341
1121 118 344
1122 119 138
1123 119 324
1124 120 122
1125 120 139
1126 120 345
1127 121 130
1128 121 179
1129 121 185
1130 121 232
1131 121 243
1132 121 252
1133 121 253
1134 121 257
1135 121 269
1136 122 139
1137 123 231
1138 123 251
1139 124 125
1140 124 217
1141 125 217
1142 126 142
1143 126 146
1144 126 147
1145 126 154
1146 126 180
1147 126 196
1148 126 233
1149 126 320
1150 126 333
1151 128 306
1152 129 207
1153 129 216
1154 129 244
1155 129 261
1156 129 282
1157 129 300
1158 129 307
1159 129 311
1160 129 337
1161 130 132
1162 130 134
1163 130 153
1164 130 157
1165 130 160
1166 130 162
1167 130 170
1168 130 179
1169 130 185
1170 130 187
1171 130 213
1172 130 232
1173 130 234
1174 130 238
1175 130 240
1176 130 243
1177 130 252
1178 130 253
1179 130 257
1180 130 264
1181 130 269
1182 130 270
1183 130 299
1184 130 308
1185 130 335
1186 131 137
1187 131 176
1188 131 236
1189 131 237
1190 132 134
1191 132 153
1192 132 157
1193 132 160
1194 132 162
1195 132 179
1196 132 185
1197 132 187
1198 132 232
1199 132 238
1200 132 240
1201 132 243
1202 132 252
1203 132 253
1204 132 257
1205 132 264
1206 132 269
1207 132 299
1208 132 308
1209 132 335
1210 133 145
1211 133 321
1212 134 153
1213 134 157
1214 134 160
1215 134 162
1216 134 179
1217 134 185
1218 134 187
1219 134 232
1220 134 238
1221 134 243
1222 134 252
1223 134 253
1224 134 257
1225 134 264
1226 134 269
1227 134 299
1228 134 308
1229 134 335
1230 135 149
1231 135 155
1232 135 166
1233 135 168
1234 135 183
1235 135 184
1236 135 197
1237 135 206
1238 135 221
1239 135 242
1240 135 260
1241 135 262
1242 135 265
1243 135 274
1244 135 278
1245 135 285
1246 135 296
1247 135 304
1248 135 312
1249 135 314
1250 135 327
1251 135 330
1252 135 331
1253 135 341
1254 135 344
1255 137 176
1256 137 236
1257 137 237
1258 138 324
1259 139 182
1260 139 285
1261 139 345
1262 140 142
1263 140 146
1264 140 196
1265 140 233
1266 141 167
1267 141 229
1268 142 146
1269 142 147
1270 142 154
1271 142 196
1272 142 233
1273 142 320
1274 142 333
1275 142 334
1276 143 173
1277 143 205
1278 143 208
1279 143 274
1280 143 277
1281 143 284
1282 143 297
1283 143 304
1284 143 313
1285 143 326
1286 143 329
1287 143 340
1288 144 230
1289 144 280
1290 145 321
1291 146 196
1292 146 233
1293 146 320
1294 146 333
1295 146 334
1296 147 154
1297 147 291
1298 147 334
1299 148 214
1300 149 166
1301 149 168
1302 149 206
1303 149 242
1304 149 260
1305 149 262
1306 149 265
1307 149 274
1308 149 278
1309 149 304
1310 149 327
1311 149 330
1312 149 341
1313 149 344
1314 150 159
1315 151 192
1316 151 254
1317 151 271
1318 152 315
1319 153 157
1320 153 160
1321 153 162
1322 153 179
1323 153 185
1324 153 187
1325 153 232
1326 153 238
1327 153 240
1328 153 243
1329 153 252
1330 153 253
1331 153 257
1332 153 264
1333 153 269
1334 153 299
1335 153 308
1336 153 335
1337 154 291
1338 154 334
1339 155 166
1340 155 168
1341 155 184
1342 155 206
1343 155 260
1344 155 265
1345 155 274
1346 155 285
1347 155 296
1348 155 304
1349 155 312
1350 155 331
1351 155 341
1352 155 344
1353 156 165
1354 156 209
1355 156 210
1356 156 323
1357 157 160
1358 157 162
1359 157 179
1360 157 185
1361 157 187
1362 157 232
1363 157 234
1364 157 238
1365 157 252
1366 157 253
1367 157 257
1368 157 264
1369 157 269
1370 157 299
1371 157 308
1372 157 335
1373 159 175
1374 160 162
1375 160 169
1376 160 179
1377 160 185
1378 160 187
1379 160 213
1380 160 219
1381 160 232
1382 160 234
1383 160 238
1384 160 243
1385 160 252
1386 160 253
1387 160 257
1388 160 264
1389 160 269
1390 160 270
1391 160 299
1392 160 308
1393 160 335
1394 161 275
1395 161 329
1396 162 179
1397 162 185
1398 162 187
1399 162 232
1400 162 234
1401 162 238
1402 162 243
1403 162 252
1404 162 253
1405 162 257
1406 162 264
1407 162 269
1408 162 299
1409 162 308
1410 162 335
1411 163 181
1412 163 239
1413 163 255
1414 164 248
1415 165 209
1416 165 210
1417 165 323
1418 166 168
1419 166 174
1420 166 183
1421 166 184
1422 166 197
1423 166 205
1424 166 206
1425 166 221
1426 166 242
1427 166 260
1428 166 262
1429 166 265
1430 166 274
1431 166 278
1432 166 285
1433 166 296
1434 166 304
1435 166 312
1436 166 314
1437 166 327
1438 166 330
1439 166 331
1440 166 341
1441 166 343
1442 166 344
1443 167 229
1444 168 174
1445 168 183
1446 168 184
1447 168 197
1448 168 206
1449 168 221
1450 168 242
1451 168 260
1452 168 262
1453 168 265
1454 168 274
1455 168 278
1456 168 285
1457 168 296
1458 168 304
1459 168 312
1460 168 327
1461 168 330
1462 168 331
1463 168 341
1464 168 344
1465 169 170
1466 169 189
1467 169 213
1468 169 219
1469 169 234
1470 169 269
1471 169 270
1472 169 295
1473 170 179
1474 170 189
1475 170 213
1476 170 219
1477 170 234
1478 170 252
1479 170 257
1480 170 269
1481 170 270
1482 170 295
1483 172 228
1484 172 235
1485 172 245
1486 172 287
1487 172 288
1488 172 289
1489 172 310
1490 172 332
1491 173 199
1492 174 183
1493 174 194
1494 174 197
1495 174 208
1496 174 221
1497 174 241
1498 174 265
1499 174 274
1500 174 285
1501 174 286
1502 174 304
1503 174 331
1504 174 341
1505 174 343
1506 174 344
1507 176 236
1508 176 237
1509 179 185
1510 179 187
1511 179 213
1512 179 232
1513 179 234
1514 179 238
1515 179 240
1516 179 243
1517 179 252
1518 179 253
1519 179 257
1520 179 264
1521 179 269
1522 179 299
1523 179 308
1524 179 335
1525 181 239
1526 181 255
1527 182 345
1528 183 194
1529 183 197
1530 183 206
1531 183 221
1532 183 265
1533 183 285
1534 183 286
1535 183 304
1536 183 331
1537 183 341
1538 183 343
1539 183 344
1540 184 265
1541 184 296
1542 184 312
1543 184 331
1544 184 341
1545 184 344
1546 185 187
1547 185 213
1548 185 232
1549 185 234
1550 185 238
1551 185 240
1552 185 243
1553 185 252
1554 185 253
1555 185 257
1556 185 264
1557 185 269
1558 185 270
1559 185 299
1560 185 308
1561 185 335
1562 187 232
1563 187 234
1564 187 238
1565 187 240
1566 187 243
1567 187 252
1568 187 253
1569 187 257
1570 187 264
1571 187 269
1572 187 299
1573 187 308
1574 187 335
1575 188 297
1576 189 213
1577 189 219
1578 189 234
1579 189 269
1580 189 270
1581 189 295
1582 191 314
1583 192 254
1584 192 271
1585 193 204
1586 193 205
1587 193 227
1588 194 197
1589 194 208
1590 194 221
1591 194 241
1592 194 274
1593 194 285
1594 194 304
1595 194 331
1596 194 343
1597 194 344
1598 195 198
1599 195 225
1600 195 226
1601 196 233
1602 196 320
1603 196 333
1604 196 334
1605 197 206
1606 197 221
1607 197 265
1608 197 274
1609 197 285
1610 197 304
1611 197 331
1612 197 341
1613 197 343
1614 197 344
1615 198 208
1616 198 225
1617 198 226
1618 200 215
1619 200 325
1620 201 208
1621 202 272
1622 202 328
1623 203 316
1624 204 205
1625 204 227
1626 205 227
1627 206 221
1628 206 242
1629 206 260
1630 206 262
1631 206 265
1632 206 274
1633 206 278
1634 206 285
1635 206 296
1636 206 304
1637 206 312
1638 206 314
1639 206 327
1640 206 330
1641 206 331
1642 206 341
1643 206 344
1644 207 216
1645 207 244
1646 207 261
1647 207 282
1648 207 300
1649 207 307
1650 207 311
1651 207 337
1652 208 220
1653 208 225
1654 208 241
1655 208 298
1656 208 331
1657 209 210
1658 209 323
1659 210 323
1660 211 256
1661 211 268
1662 213 219
1663 213 234
1664 213 252
1665 213 257
1666 213 264
1667 213 269
1668 213 270
1669 213 295
1670 213 335
1671 215 325
1672 216 244
1673 216 261
1674 216 282
1675 216 300
1676 216 307
1677 216 311
1678 216 337
1679 219 234
1680 219 270
1681 219 295
1682 220 241
1683 220 286
1684 220 298
1685 221 265
1686 221 274
1687 221 285
1688 221 304
1689 221 331
1690 221 341
1691 221 343
1692 221 344
1693 224 285
1694 225 226
1695 227 285
1696 228 235
1697 228 245
1698 228 287
1699 228 288
1700 228 289
1701 228 310
1702 228 332
1703 230 280
1704 231 251
1705 232 238
1706 232 243
1707 232 252
1708 232 253
1709 232 257
1710 232 264
1711 232 269
1712 232 270
1713 232 299
1714 232 308
1715 232 335
1716 233 320
1717 233 333
1718 233 334
1719 234 252
1720 234 257
1721 234 264
1722 234 269
1723 234 270
1724 234 295
1725 234 335
1726 235 245
1727 235 287
1728 235 288
1729 235 289
1730 235 310
1731 235 332
1732 236 237
1733 238 240
1734 238 243
1735 238 252
1736 238 253
1737 238 257
1738 238 264
1739 238 269
1740 238 299
1741 238 308
1742 238 335
1743 239 255
1744 240 257
1745 240 264
1746 240 299
1747 240 308
1748 240 335
1749 241 285
1750 241 286
1751 241 298
1752 242 260
1753 242 262
1754 242 265
1755 242 274
1756 242 278
1757 242 304
1758 242 327
1759 242 330
1760 242 341
1761 242 344
1762 243 252
1763 243 253
1764 243 257
1765 243 264
1766 243 269
1767 243 299
1768 243 308
1769 243 335
1770 244 261
1771 244 282
1772 244 300
1773 244 307
1774 244 311
1775 244 337
1776 245 287
1777 245 288
1778 245 289
1779 245 310
1780 245 332
1781 249 281
1782 250 279
1783 250 301
1784 250 305
1785 252 253
1786 252 257
1787 252 264
1788 252 269
1789 252 299
1790 252 308
1791 252 335
1792 253 257
1793 253 264
1794 253 269
1795 253 299
1796 253 308
1797 254 271
1798 256 268
1799 257 264
1800 257 269
1801 257 299
1802 257 308
1803 257 335
1804 258 277
1805 258 284
1806 258 340
1807 260 262
1808 260 265
1809 260 274
1810 260 278
1811 260 285
1812 260 304
1813 260 327
1814 260 330
1815 260 331
1816 260 341
1817 260 344
1818 261 282
1819 261 300
1820 261 307
1821 261 311
1822 261 337
1823 262 265
1824 262 278
1825 262 327
1826 262 330
1827 262 341
1828 262 344
1829 264 269
1830 264 299
1831 264 308
1832 264 335
1833 265 274
1834 265 278
1835 265 285
1836 265 296
1837 265 304
1838 265 312
1839 265 314
1840 265 327
1841 265 330
1842 265 331
1843 265 341
1844 265 344
1845 269 270
1846 269 295
1847 269 299
1848 269 308
1849 269 335
1850 270 295
1851 272 328
1852 273 285
1853 273 346
1854 274 285
1855 274 304
1856 274 327
1857 274 330
1858 274 331
1859 274 341
1860 274 344
1861 275 329
1862 277 284
1863 277 340
1864 278 327
1865 278 330
1866 278 341
1867 278 344
1868 279 301
1869 279 305
1870 282 300
1871 282 307
1872 282 311
1873 282 337
1874 284 340
1875 285 304
1876 285 312
1877 285 313
1878 285 327
1879 285 331
1880 285 341
1881 285 343
1882 285 344
1883 285 346
1884 286 298
1885 287 288
1886 287 289
1887 287 310
1888 287 332
1889 288 289
1890 288 310
1891 288 332
1892 289 310
1893 289 332
1894 290 303
1895 291 334
1896 293 319
1897 296 312
1898 296 331
1899 296 341
1900 296 344
1901 297 326
1902 297 329
1903 299 308
1904 299 335
1905 300 307
1906 300 311
1907 300 337
1908 301 305
1909 301 317
1910 301 318
1911 304 327
1912 304 330
1913 304 331
1914 304 341
1915 304 343
1916 304 344
1917 305 317
1918 307 311
1919 307 337
1920 308 335
1921 310 332
1922 311 337
1923 312 331
1924 312 341
1925 312 344
1926 314 331
1927 314 341
1928 317 318
1929 317 345
1930 320 333
1931 320 334
1932 327 330
1933 327 331
1934 327 341
1935 327 344
1936 330 341
1937 330 344
1938 331 341
1939 331 343
1940 331 344
1941 341 344
1942 343 344
