1 1 2
2 1 3
3 1 8
4 1 12
5 1 13
6 1 20
7 1 22
8 1 39
9 1 41
10 1 50
11 1 58
12 1 59
13 1 64
14 1 74
15 1 79
16 1 80
17 1 83
18 1 85
19 1 101
20 1 102
21 1 104
22 1 106
23 1 108
24 1 118
25 1 127
26 1 128
27 1 130
28 1 132
29 1 135
30 1 143
31 1 152
32 1 153
33 1 155
34 1 156
35 1 157
36 1 165
37 1 166
38 1 168
39 1 173
40 1 174
41 1 179
42 1 183
43 1 184
44 1 185
45 1 187
46 1 188
47 1 190
48 1 193
49 1 194
50 1 195
51 1 197
52 1 198
53 1 202
54 1 205
55 1 206
56 1 208
57 1 209
58 1 210
59 1 220
60 1 221
61 1 224
62 1 225
63 1 226
64 1 238
65 1 241
66 1 257
67 1 260
68 1 264
69 1 265
70 1 272
71 1 273
72 1 274
73 1 285
74 1 286
75 1 294
76 1 297
77 1 298
78 1 302
79 1 304
80 1 312
81 1 313
82 1 314
83 1 315
84 1 316
85 1 323
86 1 327
87 1 331
88 1 335
89 1 339
90 1 341
91 1 343
92 1 344
93 1 345
94 1 346
95 2 3
96 2 4
97 2 5
98 2 7
99 2 8
100 2 9
101 2 10
102 2 11
103 2 13
104 2 14
105 2 22
106 2 23
107 2 26
108 2 27
109 2 29
110 2 30
111 2 35
112 2 37
113 2 39
114 2 41
115 2 42
116 2 43
117 2 45
118 2 50
119 2 52
120 2 53
121 2 54
122 2 58
123 2 59
124 2 61
125 2 62
126 2 72
127 2 74
128 2 75
129 2 79
130 2 80
131 2 83
132 2 85
133 2 88
134 2 90
135 2 91
136 2 92
137 2 97
138 2 100
139 2 101
140 2 102
141 2 103
142 2 104
143 2 106
144 2 108
145 2 112
146 2 115
147 2 118
148 2 122
149 2 128
150 2 129
151 2 134
152 2 135
153 2 137
154 2 139
155 2 143
156 2 149
157 2 155
158 2 160
159 2 162
160 2 165
161 2 166
162 2 168
163 2 173
164 2 174
165 2 176
166 2 182
167 2 183
168 2 184
169 2 188
170 2 190
171 2 191
172 2 193
173 2 194
174 2 195
175 2 197
176 2 198
177 2 199
178 2 202
179 2 203
180 2 205
181 2 206
182 2 208
183 2 209
184 2 214
185 2 221
186 2 224
187 2 225
188 2 226
189 2 227
190 2 232
191 2 241
192 2 242
193 2 243
194 2 250
195 2 252
196 2 253
197 2 258
198 2 260
199 2 262
200 2 264
201 2 265
202 2 269
203 2 272
204 2 273
205 2 274
206 2 277
207 2 278
208 2 284
209 2 285
210 2 286
211 2 296
212 2 297
213 2 298
214 2 299
215 2 304
216 2 305
217 2 308
218 2 312
219 2 313
220 2 314
221 2 316
222 2 317
223 2 318
224 2 323
225 2 327
226 2 329
227 2 330
228 2 331
229 2 340
230 2 341
231 2 343
232 2 344
233 2 345
234 2 346
235 3 4
236 3 8
237 3 10
238 3 13
239 3 14
240 3 22
241 3 23
242 3 24
243 3 26
244 3 27
245 3 29
246 3 30
247 3 37
248 3 41
249 3 45
250 3 58
251 3 59
252 3 61
253 3 74
254 3 79
255 3 80
256 3 83
257 3 85
258 3 88
259 3 90
260 3 91
261 3 92
262 3 101
263 3 102
264 3 103
265 3 108
266 3 112
267 3 115
268 3 118
269 3 128
270 3 134
271 3 135
272 3 137
273 3 139
274 3 143
275 3 149
276 3 155
277 3 166
278 3 168
279 3 174
280 3 183
281 3 184
282 3 193
283 3 194
284 3 197
285 3 202
286 3 205
287 3 206
288 3 208
289 3 214
290 3 221
291 3 224
292 3 226
293 3 232
294 3 241
295 3 242
296 3 258
297 3 260
298 3 262
299 3 265
300 3 272
301 3 273
302 3 274
303 3 277
304 3 278
305 3 284
306 3 285
307 3 286
308 3 296
309 3 297
310 3 298
311 3 304
312 3 305
313 3 312
314 3 313
315 3 314
316 3 316
317 3 317
318 3 318
319 3 327
320 3 330
321 3 331
322 3 341
323 3 343
324 3 344
325 3 345
326 3 346
327 4 5
328 4 8
329 4 9
330 4 10
331 4 12
332 4 13
333 4 22
334 4 23
335 4 24
336 4 30
337 4 35
338 4 49
339 4 52
340 4 54
341 4 61
342 4 66
343 4 67
344 4 77
345 4 80
346 4 83
347 4 85
348 4 92
349 4 106
350 4 108
351 4 110
352 4 112
353 4 113
354 4 115
355 4 118
356 4 128
357 4 135
358 4 143
359 4 161
360 4 166
361 4 168
362 4 173
363 4 174
364 4 183
365 4 193
366 4 194
367 4 195
368 4 197
369 4 198
370 4 199
371 4 201
372 4 204
373 4 205
374 4 206
375 4 208
376 4 218
377 4 220
378 4 221
379 4 225
380 4 226
381 4 227
382 4 241
383 4 265
384 4 272
385 4 274
386 4 277
387 4 284
388 4 285
389 4 286
390 4 297
391 4 298
392 4 304
393 4 305
394 4 312
395 4 313
396 4 317
397 4 326
398 4 329
399 4 331
400 4 339
401 4 340
402 4 341
403 4 343
404 4 344
405 5 13
406 5 24
407 5 26
408 5 30
409 5 48
410 5 61
411 5 74
412 5 75
413 5 79
414 5 80
415 5 83
416 5 85
417 5 92
418 5 102
419 5 112
420 5 118
421 5 120
422 5 122
423 5 128
424 5 134
425 5 135
426 5 139
427 5 143
428 5 160
429 5 166
430 5 168
431 5 174
432 5 183
433 5 188
434 5 191
435 5 193
436 5 194
437 5 197
438 5 205
439 5 208
440 5 209
441 5 220
442 5 221
443 5 224
444 5 227
445 5 232
446 5 258
447 5 265
448 5 269
449 5 272
450 5 274
451 5 277
452 5 281
453 5 284
454 5 285
455 5 294
456 5 297
457 5 304
458 5 306
459 5 316
460 5 326
461 5 329
462 5 331
463 5 340
464 5 341
465 5 343
466 5 344
467 5 345
468 6 61
469 6 63
470 6 66
471 6 67
472 6 110
473 6 143
474 6 222
475 6 297
476 7 13
477 7 18
478 7 20
479 7 25
480 7 27
481 7 62
482 7 64
483 7 68
484 7 70
485 7 71
486 7 79
487 7 80
488 7 83
489 7 99
490 7 100
491 7 101
492 7 102
493 7 104
494 7 105
495 7 118
496 7 121
497 7 122
498 7 130
499 7 132
500 7 134
501 7 135
502 7 143
503 7 153
504 7 157
505 7 160
506 7 162
507 7 166
508 7 168
509 7 169
510 7 170
511 7 179
512 7 185
513 7 187
514 7 188
515 7 189
516 7 191
517 7 194
518 7 197
519 7 213
520 7 219
521 7 221
522 7 232
523 7 234
524 7 238
525 7 240
526 7 243
527 7 252
528 7 253
529 7 257
530 7 264
531 7 265
532 7 266
533 7 269
534 7 270
535 7 272
536 7 285
537 7 295
538 7 299
539 7 308
540 7 314
541 7 335
542 7 338
543 7 341
544 7 344
545 7 345
546 8 10
547 8 11
548 8 12
549 8 13
550 8 14
551 8 18
552 8 20
553 8 22
554 8 23
555 8 24
556 8 26
557 8 30
558 8 37
559 8 39
560 8 41
561 8 42
562 8 44
563 8 45
564 8 49
565 8 53
566 8 58
567 8 59
568 8 61
569 8 64
570 8 74
571 8 75
572 8 80
573 8 83
574 8 85
575 8 90
576 8 91
577 8 92
578 8 100
579 8 101
580 8 102
581 8 103
582 8 104
583 8 108
584 8 112
585 8 115
586 8 118
587 8 120
588 8 122
589 8 128
590 8 130
591 8 132
592 8 134
593 8 135
594 8 137
595 8 139
596 8 143
597 8 149
598 8 153
599 8 155
600 8 166
601 8 168
602 8 174
603 8 176
604 8 179
605 8 182
606 8 183
607 8 184
608 8 185
609 8 187
610 8 188
611 8 191
612 8 193
613 8 194
614 8 197
615 8 200
616 8 205
617 8 206
618 8 208
619 8 215
620 8 220
621 8 221
622 8 224
623 8 225
624 8 226
625 8 227
626 8 232
627 8 238
628 8 241
629 8 242
630 8 250
631 8 257
632 8 258
633 8 260
634 8 264
635 8 265
636 8 272
637 8 273
638 8 274
639 8 284
640 8 285
641 8 286
642 8 294
643 8 296
644 8 297
645 8 298
646 8 302
647 8 304
648 8 305
649 8 312
650 8 313
651 8 314
652 8 316
653 8 317
654 8 318
655 8 323
656 8 325
657 8 326
658 8 327
659 8 330
660 8 331
661 8 339
662 8 340
663 8 341
664 8 343
665 8 344
666 8 345
667 8 346
668 9 22
669 9 23
670 9 35
671 9 49
672 9 52
673 9 54
674 9 61
675 9 77
676 9 80
677 9 92
678 9 106
679 9 108
680 9 112
681 9 118
682 9 135
683 9 143
684 9 174
685 9 183
686 9 194
687 9 195
688 9 197
689 9 198
690 9 201
691 9 204
692 9 208
693 9 220
694 9 221
695 9 225
696 9 226
697 9 241
698 9 258
699 9 265
700 9 274
701 9 277
702 9 284
703 9 285
704 9 286
705 9 298
706 9 304
707 9 313
708 9 326
709 9 331
710 9 340
711 9 341
712 9 343
713 9 344
714 10 13
715 10 14
716 10 20
717 10 44
718 10 49
719 10 58
720 10 59
721 10 74
722 10 80
723 10 85
724 10 90
725 10 92
726 10 98
727 10 101
728 10 102
729 10 108
730 10 115
731 10 118
732 10 120
733 10 129
734 10 130
735 10 135
736 10 139
737 10 144
738 10 155
739 10 166
740 10 168
741 10 174
742 10 179
743 10 183
744 10 194
745 10 197
746 10 200
747 10 206
748 10 207
749 10 208
750 10 215
751 10 216
752 10 220
753 10 221
754 10 227
755 10 244
756 10 257
757 10 260
758 10 261
759 10 265
760 10 272
761 10 274
762 10 280
763 10 282
764 10 283
765 10 285
766 10 294
767 10 296
768 10 298
769 10 300
770 10 304
771 10 307
772 10 311
773 10 312
774 10 313
775 10 314
776 10 323
777 10 325
778 10 327
779 10 331
780 10 337
781 10 341
782 10 343
783 10 344
784 11 14
785 11 22
786 11 59
787 11 74
788 11 75
789 11 118
790 11 131
791 11 135
792 11 137
793 11 139
794 11 143
795 11 168
796 11 176
797 11 182
798 11 206
799 11 208
800 11 237
801 11 265
802 11 284
803 11 298
804 11 312
805 11 317
806 11 318
807 11 341
808 11 344
809 11 345
810 12 13
811 12 22
812 12 42
813 12 49
814 12 74
815 12 80
816 12 83
817 12 85
818 12 108
819 12 113
820 12 116
821 12 139
822 12 168
823 12 174
824 12 183
825 12 194
826 12 197
827 12 208
828 12 218
829 12 220
830 12 221
831 12 225
832 12 241
833 12 272
834 12 273
835 12 285
836 12 286
837 12 297
838 12 298
839 12 313
840 12 322
841 12 331
842 12 339
843 12 343
844 12 344
845 12 346
846 13 14
847 13 18
848 13 20
849 13 22
850 13 23
851 13 24
852 13 26
853 13 27
854 13 37
855 13 38
856 13 39
857 13 41
858 13 42
859 13 44
860 13 45
861 13 49
862 13 53
863 13 54
864 13 58
865 13 59
866 13 61
867 13 62
868 13 64
869 13 74
870 13 75
871 13 79
872 13 80
873 13 83
874 13 85
875 13 86
876 13 90
877 13 91
878 13 92
879 13 95
880 13 100
881 13 101
882 13 102
883 13 103
884 13 104
885 13 108
886 13 112
887 13 114
888 13 115
889 13 118
890 13 120
891 13 122
892 13 124
893 13 128
894 13 129
895 13 130
896 13 132
897 13 134
898 13 135
899 13 137
900 13 139
901 13 143
902 13 144
903 13 149
904 13 152
905 13 153
906 13 155
907 13 156
908 13 157
909 13 160
910 13 162
911 13 165
912 13 166
913 13 168
914 13 173
915 13 174
916 13 176
917 13 179
918 13 182
919 13 183
920 13 184
921 13 185
922 13 188
923 13 190
924 13 191
925 13 193
926 13 194
927 13 197
928 13 199
929 13 200
930 13 202
931 13 204
932 13 205
933 13 206
934 13 208
935 13 209
936 13 210
937 13 213
938 13 218
939 13 220
940 13 221
941 13 224
942 13 226
943 13 227
944 13 232
945 13 234
946 13 236
947 13 237
948 13 238
949 13 241
950 13 242
951 13 250
952 13 252
953 13 253
954 13 257
955 13 258
956 13 260
957 13 262
958 13 264
959 13 265
960 13 269
961 13 272
962 13 273
963 13 274
964 13 277
965 13 278
966 13 280
967 13 281
968 13 284
969 13 285
970 13 286
971 13 290
972 13 294
973 13 296
974 13 297
975 13 298
976 13 299
977 13 302
978 13 304
979 13 305
980 13 306
981 13 308
982 13 312
983 13 313
984 13 314
985 13 316
986 13 317
987 13 318
988 13 322
989 13 323
990 13 326
991 13 327
992 13 328
993 13 329
994 13 330
995 13 331
996 13 335
997 13 339
998 13 340
999 13 341
1000 13 343
1001 13 344
1002 13 345
1003 13 346
1004 14 20
1005 14 22
1006 14 26
1007 14 41
1008 14 44
1009 14 53
1010 14 64
1011 14 74
1012 14 75
1013 14 79
1014 14 80
1015 14 85
1016 14 92
1017 14 100
1018 14 108
1019 14 112
1020 14 118
1021 14 120
1022 14 122
1023 14 130
1024 14 132
1025 14 135
1026 14 137
1027 14 139
1028 14 143
1029 14 153
1030 14 155
1031 14 166
1032 14 168
1033 14 174
1034 14 176
1035 14 179
1036 14 182
1037 14 183
1038 14 187
1039 14 188
1040 14 194
1041 14 197
1042 14 205
1043 14 206
1044 14 208
1045 14 220
1046 14 221
1047 14 227
1048 14 232
1049 14 238
1050 14 241
1051 14 257
1052 14 264
1053 14 265
1054 14 272
1055 14 274
1056 14 284
1057 14 285
1058 14 286
1059 14 296
1060 14 298
1061 14 304
1062 14 312
1063 14 313
1064 14 317
1065 14 318
1066 14 325
1067 14 331
1068 14 335
1069 14 341
1070 14 343
1071 14 344
1072 14 345
1073 15 17
1074 15 19
1075 15 21
1076 15 32
1077 15 36
1078 15 40
1079 15 46
1080 15 47
1081 15 55
1082 15 78
1083 15 94
1084 15 111
1085 15 172
1086 15 228
1087 15 235
1088 15 245
1089 15 287
1090 15 288
1091 15 289
1092 15 310
1093 15 332
1094 16 51
1095 16 109
1096 16 151
1097 16 192
1098 16 211
1099 16 254
1100 16 256
1101 16 268
1102 16 271
1103 16 329
1104 17 19
1105 17 21
1106 17 32
1107 17 36
1108 17 40
1109 17 46
1110 17 47
1111 17 55
1112 17 78
1113 17 94
1114 17 111
1115 17 172
1116 17 228
1117 17 235
1118 17 245
1119 17 287
1120 17 288
1121 17 289
1122 17 310
1123 17 332
1124 18 20
1125 18 27
1126 18 59
1127 18 62
1128 18 64
1129 18 68
1130 18 71
1131 18 83
1132 18 99
1133 18 104
1134 18 105
1135 18 121
1136 18 130
1137 18 132
1138 18 134
1139 18 139
1140 18 153
1141 18 157
1142 18 160
1143 18 162
1144 18 168
1145 18 169
1146 18 170
1147 18 179
1148 18 183
1149 18 185
1150 18 187
1151 18 189
1152 18 213
1153 18 219
1154 18 232
1155 18 234
1156 18 238
1157 18 240
1158 18 243
1159 18 252
1160 18 253
1161 18 257
1162 18 264
1163 18 266
1164 18 269
1165 18 270
1166 18 272
1167 18 285
1168 18 295
1169 18 298
1170 18 299
1171 18 304
1172 18 308
1173 18 335
1174 18 338
1175 18 344
1176 19 21
1177 19 32
1178 19 36
1179 19 40
1180 19 46
1181 19 47
1182 19 55
1183 19 78
1184 19 94
1185 19 111
1186 19 172
1187 19 228
1188 19 235
1189 19 245
1190 19 287
1191 19 288
1192 19 289
1193 19 310
1194 19 332
1195 20 25
1196 20 27
1197 20 62
1198 20 64
1199 20 68
1200 20 71
1201 20 74
1202 20 79
1203 20 80
1204 20 83
1205 20 85
1206 20 92
1207 20 99
1208 20 104
1209 20 105
1210 20 120
1211 20 121
1212 20 130
1213 20 132
1214 20 134
1215 20 143
1216 20 153
1217 20 157
1218 20 160
1219 20 162
1220 20 166
1221 20 168
1222 20 169
1223 20 170
1224 20 174
1225 20 179
1226 20 183
1227 20 185
1228 20 187
1229 20 189
1230 20 191
1231 20 197
1232 20 208
1233 20 213
1234 20 219
1235 20 221
1236 20 224
1237 20 232
1238 20 234
1239 20 238
1240 20 240
1241 20 243
1242 20 252
1243 20 253
1244 20 257
1245 20 264
1246 20 266
1247 20 269
1248 20 270
1249 20 272
1250 20 273
1251 20 274
1252 20 285
1253 20 295
1254 20 296
1255 20 299
1256 20 304
1257 20 308
1258 20 314
1259 20 331
1260 20 335
1261 20 338
1262 20 343
1263 20 344
1264 20 345
1265 20 346
1266 21 32
1267 21 36
1268 21 40
1269 21 46
1270 21 47
1271 21 55
1272 21 78
1273 21 94
1274 21 111
1275 21 172
1276 21 228
1277 21 235
1278 21 245
1279 21 287
1280 21 288
1281 21 289
1282 21 310
1283 21 332
1284 22 24
1285 22 26
1286 22 37
1287 22 38
1288 22 41
1289 22 44
1290 22 49
1291 22 58
1292 22 59
1293 22 61
1294 22 74
1295 22 75
1296 22 80
1297 22 83
1298 22 85
1299 22 90
1300 22 92
1301 22 100
1302 22 101
1303 22 102
1304 22 108
1305 22 115
1306 22 118
1307 22 120
1308 22 122
1309 22 125
1310 22 127
1311 22 135
1312 22 137
1313 22 139
1314 22 143
1315 22 155
1316 22 162
1317 22 166
1318 22 168
1319 22 173
1320 22 174
1321 22 176
1322 22 182
1323 22 183
1324 22 184
1325 22 188
1326 22 193
1327 22 194
1328 22 197
1329 22 200
1330 22 205
1331 22 206
1332 22 208
1333 22 220
1334 22 221
1335 22 224
1336 22 227
1337 22 241
1338 22 250
1339 22 260
1340 22 265
1341 22 269
1342 22 273
1343 22 274
1344 22 277
1345 22 284
1346 22 285
1347 22 286
1348 22 294
1349 22 296
1350 22 297
1351 22 298
1352 22 304
1353 22 305
1354 22 312
1355 22 313
1356 22 314
1357 22 317
1358 22 318
1359 22 326
1360 22 327
1361 22 331
1362 22 340
1363 22 341
1364 22 343
1365 22 344
1366 22 345
1367 22 346
1368 23 24
1369 23 35
1370 23 42
1371 23 52
1372 23 54
1373 23 59
1374 23 61
1375 23 75
1376 23 77
1377 23 79
1378 23 80
1379 23 83
1380 23 85
1381 23 92
1382 23 101
1383 23 102
1384 23 104
1385 23 106
1386 23 108
1387 23 115
1388 23 118
1389 23 124
1390 23 128
1391 23 135
1392 23 139
1393 23 143
1394 23 161
1395 23 166
1396 23 168
1397 23 174
1398 23 183
1399 23 188
1400 23 193
1401 23 194
1402 23 195
1403 23 197
1404 23 198
1405 23 199
1406 23 201
1407 23 205
1408 23 206
1409 23 208
1410 23 220
1411 23 221
1412 23 224
1413 23 225
1414 23 226
1415 23 241
1416 23 260
1417 23 264
1418 23 265
1419 23 272
1420 23 274
1421 23 277
1422 23 284
1423 23 285
1424 23 286
1425 23 297
1426 23 298
1427 23 304
1428 23 305
1429 23 313
1430 23 323
1431 23 326
1432 23 329
1433 23 331
1434 23 339
1435 23 341
1436 23 343
1437 23 344
1438 24 26
1439 24 27
1440 24 30
1441 24 38
1442 24 48
1443 24 54
1444 24 59
1445 24 61
1446 24 74
1447 24 75
1448 24 79
1449 24 80
1450 24 92
1451 24 102
1452 24 112
1453 24 114
1454 24 118
1455 24 120
1456 24 124
1457 24 128
1458 24 135
1459 24 139
1460 24 143
1461 24 155
1462 24 166
1463 24 168
1464 24 173
1465 24 184
1466 24 188
1467 24 193
1468 24 194
1469 24 197
1470 24 205
1471 24 206
1472 24 208
1473 24 220
1474 24 221
1475 24 224
1476 24 227
1477 24 232
1478 24 241
1479 24 247
1480 24 258
1481 24 265
1482 24 274
1483 24 277
1484 24 284
1485 24 285
1486 24 290
1487 24 294
1488 24 297
1489 24 303
1490 24 304
1491 24 312
1492 24 317
1493 24 323
1494 24 326
1495 24 329
1496 24 331
1497 24 340
1498 24 341
1499 24 343
1500 24 344
1501 24 345
1502 25 27
1503 25 62
1504 25 64
1505 25 68
1506 25 69
1507 25 70
1508 25 71
1509 25 104
1510 25 130
1511 25 132
1512 25 134
1513 25 153
1514 25 157
1515 25 160
1516 25 162
1517 25 179
1518 25 185
1519 25 187
1520 25 213
1521 25 232
1522 25 238
1523 25 243
1524 25 252
1525 25 253
1526 25 257
1527 25 264
1528 25 269
1529 25 299
1530 25 308
1531 25 335
1532 25 338
1533 26 27
1534 26 42
1535 26 58
1536 26 59
1537 26 74
1538 26 75
1539 26 77
1540 26 79
1541 26 80
1542 26 83
1543 26 85
1544 26 92
1545 26 101
1546 26 102
1547 26 108
1548 26 115
1549 26 118
1550 26 120
1551 26 134
1552 26 135
1553 26 139
1554 26 143
1555 26 155
1556 26 160
1557 26 162
1558 26 166
1559 26 168
1560 26 174
1561 26 183
1562 26 188
1563 26 194
1564 26 197
1565 26 199
1566 26 200
1567 26 205
1568 26 206
1569 26 208
1570 26 216
1571 26 220
1572 26 221
1573 26 224
1574 26 227
1575 26 232
1576 26 241
1577 26 260
1578 26 261
1579 26 265
1580 26 269
1581 26 272
1582 26 274
1583 26 277
1584 26 282
1585 26 284
1586 26 285
1587 26 286
1588 26 294
1589 26 296
1590 26 297
1591 26 298
1592 26 300
1593 26 304
1594 26 307
1595 26 311
1596 26 312
1597 26 314
1598 26 327
1599 26 331
1600 26 341
1601 26 343
1602 26 344
1603 27 59
1604 27 62
1605 27 64
1606 27 68
1607 27 69
1608 27 70
1609 27 71
1610 27 74
1611 27 79
1612 27 83
1613 27 99
1614 27 102
1615 27 104
1616 27 105
1617 27 115
1618 27 118
1619 27 121
1620 27 128
1621 27 130
1622 27 132
1623 27 134
1624 27 135
1625 27 139
1626 27 143
1627 27 153
1628 27 155
1629 27 157
1630 27 160
1631 27 162
1632 27 163
1633 27 166
1634 27 168
1635 27 169
1636 27 170
1637 27 179
1638 27 181
1639 27 183
1640 27 185
1641 27 187
1642 27 188
1643 27 189
1644 27 199
1645 27 205
1646 27 206
1647 27 213
1648 27 219
1649 27 224
1650 27 232
1651 27 234
1652 27 238
1653 27 239
1654 27 240
1655 27 243
1656 27 252
1657 27 253
1658 27 255
1659 27 257
1660 27 260
1661 27 263
1662 27 264
1663 27 265
1664 27 266
1665 27 269
1666 27 270
1667 27 272
1668 27 274
1669 27 285
1670 27 295
1671 27 299
1672 27 304
1673 27 306
1674 27 308
1675 27 312
1676 27 314
1677 27 316
1678 27 331
1679 27 335
1680 27 338
1681 27 341
1682 27 344
1683 27 345
1684 28 33
1685 28 87
1686 28 276
1687 29 58
1688 29 59
1689 29 72
1690 29 79
1691 29 101
1692 29 118
1693 29 135
1694 29 148
1695 29 168
1696 29 206
1697 29 214
1698 29 265
1699 29 274
1700 29 304
1701 29 316
1702 29 331
1703 29 341
1704 29 344
1705 30 35
1706 30 38
1707 30 54
1708 30 58
1709 30 59
1710 30 61
1711 30 80
1712 30 92
1713 30 108
1714 30 112
1715 30 118
1716 30 128
1717 30 143
1718 30 166
1719 30 168
1720 30 173
1721 30 188
1722 30 193
1723 30 194
1724 30 197
1725 30 205
1726 30 206
1727 30 208
1728 30 220
1729 30 221
1730 30 224
1731 30 226
1732 30 227
1733 30 232
1734 30 241
1735 30 258
1736 30 265
1737 30 274
1738 30 277
1739 30 284
1740 30 285
1741 30 297
1742 30 304
1743 30 326
1744 30 329
1745 30 331
1746 30 340
1747 30 341
1748 30 342
1749 30 343
1750 30 344
1751 31 290
1752 31 292
1753 31 303
1754 32 36
1755 32 40
1756 32 46
1757 32 47
1758 32 55
1759 32 78
1760 32 94
1761 32 111
1762 32 172
1763 32 228
1764 32 235
1765 32 245
1766 32 287
1767 32 288
1768 32 289
1769 32 310
1770 32 332
1771 33 34
1772 33 56
1773 33 87
1774 33 117
1775 33 124
1776 33 125
1777 33 141
1778 33 143
1779 33 159
1780 33 167
1781 33 173
1782 33 229
1783 33 276
1784 34 54
1785 34 56
1786 34 116
1787 34 117
1788 34 124
1789 34 141
1790 34 143
1791 34 159
1792 34 167
1793 34 175
1794 34 229
1795 34 276
1796 35 52
1797 35 54
1798 35 61
1799 35 74
1800 35 77
1801 35 83
1802 35 106
1803 35 108
1804 35 112
1805 35 115
1806 35 118
1807 35 128
1808 35 166
1809 35 188
1810 35 195
1811 35 198
1812 35 201
1813 35 208
1814 35 220
1815 35 225
1816 35 226
1817 35 241
1818 35 265
1819 35 274
1820 35 285
1821 35 286
1822 35 304
1823 35 331
1824 35 341
1825 36 40
1826 36 46
1827 36 47
1828 36 55
1829 36 78
1830 36 94
1831 36 111
1832 36 172
1833 36 228
1834 36 235
1835 36 245
1836 36 287
1837 36 288
1838 36 289
1839 36 310
1840 36 332
1841 37 41
1842 37 45
1843 37 58
1844 37 59
1845 37 80
1846 37 83
1847 37 85
1848 37 90
1849 37 91
1850 37 92
1851 37 101
1852 37 102
1853 37 103
1854 37 108
1855 37 118
1856 37 135
1857 37 143
1858 37 149
1859 37 155
1860 37 166
1861 37 168
1862 37 183
1863 37 184
1864 37 197
1865 37 205
1866 37 206
1867 37 221
1868 37 242
1869 37 260
1870 37 262
1871 37 265
1872 37 272
1873 37 274
1874 37 278
1875 37 285
1876 37 286
1877 37 296
1878 37 298
1879 37 304
1880 37 312
1881 37 314
1882 37 327
1883 37 330
1884 37 331
1885 37 341
1886 37 343
1887 37 344
1888 38 54
1889 38 61
1890 38 80
1891 38 101
1892 38 112
1893 38 118
1894 38 128
1895 38 143
1896 38 166
1897 38 173
1898 38 188
1899 38 193
1900 38 197
1901 38 205
1902 38 221
1903 38 227
1904 38 241
1905 38 258
1906 38 265
1907 38 277
1908 38 281
1909 38 284
1910 38 285
1911 38 294
1912 38 297
1913 38 313
1914 38 326
1915 38 331
1916 38 340
1917 38 341
1918 38 343
1919 39 41
1920 39 85
1921 39 118
1922 39 135
1923 39 155
1924 39 156
1925 39 165
1926 39 166
1927 39 168
1928 39 194
1929 39 209
1930 39 210
1931 39 224
1932 39 241
1933 39 265
1934 39 273
1935 39 274
1936 39 283
1937 39 285
1938 39 304
1939 39 316
1940 39 323
1941 39 331
1942 39 341
1943 39 344
1944 39 346
1945 40 46
1946 40 47
1947 40 55
1948 40 78
1949 40 94
1950 40 111
1951 40 172
1952 40 228
1953 40 235
1954 40 245
1955 40 287
1956 40 288
1957 40 289
1958 40 310
1959 40 332
1960 41 45
1961 41 50
1962 41 58
1963 41 74
1964 41 79
1965 41 80
1966 41 83
1967 41 85
1968 41 91
1969 41 92
1970 41 97
1971 41 101
1972 41 108
1973 41 118
1974 41 127
1975 41 135
1976 41 143
1977 41 149
1978 41 152
1979 41 155
1980 41 156
1981 41 165
1982 41 166
1983 41 168
1984 41 174
1985 41 183
1986 41 184
1987 41 193
1988 41 194
1989 41 197
1990 41 202
1991 41 205
1992 41 206
1993 41 208
1994 41 209
1995 41 210
1996 41 220
1997 41 221
1998 41 224
1999 41 227
2000 41 241
2001 41 242
2002 41 260
2003 41 265
2004 41 272
2005 41 273
2006 41 274
2007 41 283
2008 41 284
2009 41 285
2010 41 286
2011 41 294
2012 41 296
2013 41 298
2014 41 302
2015 41 304
2016 41 312
2017 41 313
2018 41 314
2019 41 315
2020 41 316
2021 41 323
2022 41 327
2023 41 330
2024 41 331
2025 41 341
2026 41 343
2027 41 344
2028 41 346
2029 42 49
2030 42 80
2031 42 85
2032 42 92
2033 42 108
2034 42 118
2035 42 135
2036 42 194
2037 42 197
2038 42 205
2039 42 208
2040 42 220
2041 42 221
2042 42 241
2043 42 265
2044 42 285
2045 42 286
2046 42 294
2047 42 297
2048 42 298
2049 42 312
2050 42 317
2051 42 322
2052 42 339
2053 42 341
2054 42 343
2055 43 48
2056 43 54
2057 43 109
2058 43 118
2059 43 128
2060 43 135
2061 43 151
2062 43 161
2063 43 188
2064 43 265
2065 43 275
2066 43 285
2067 43 297
2068 43 316
2069 43 326
2070 43 329
2071 43 341
2072 44 53
2073 44 74
2074 44 75
2075 44 80
2076 44 85
2077 44 100
2078 44 108
2079 44 120
2080 44 122
2081 44 135
2082 44 137
2083 44 139
2084 44 166
2085 44 168
2086 44 174
2087 44 176
2088 44 182
2089 44 183
2090 44 194
2091 44 197
2092 44 200
2093 44 208
2094 44 215
2095 44 220
2096 44 221
2097 44 227
2098 44 241
2099 44 273
2100 44 274
2101 44 283
2102 44 284
2103 44 285
2104 44 286
2105 44 298
2106 44 301
2107 44 302
2108 44 304
2109 44 312
2110 44 317
2111 44 318
2112 44 331
2113 44 344
2114 44 345
2115 44 346
2116 45 58
2117 45 59
2118 45 80
2119 45 83
2120 45 85
2121 45 90
2122 45 91
2123 45 101
2124 45 102
2125 45 103
2126 45 108
2127 45 118
2128 45 135
2129 45 143
2130 45 149
2131 45 155
2132 45 166
2133 45 168
2134 45 183
2135 45 184
2136 45 197
2137 45 206
2138 45 221
2139 45 242
2140 45 260
2141 45 262
2142 45 265
2143 45 272
2144 45 274
2145 45 278
2146 45 285
2147 45 286
2148 45 304
2149 45 312
2150 45 314
2151 45 327
2152 45 330
2153 45 331
2154 45 341
2155 45 343
2156 45 344
2157 46 47
2158 46 55
2159 46 78
2160 46 94
2161 46 111
2162 46 172
2163 46 228
2164 46 235
2165 46 245
2166 46 287
2167 46 288
2168 46 289
2169 46 310
2170 46 332
2171 47 55
2172 47 78
2173 47 94
2174 47 111
2175 47 172
2176 47 228
2177 47 235
2178 47 245
2179 47 287
2180 47 288
2181 47 289
2182 47 310
2183 47 332
2184 48 109
2185 48 112
2186 48 143
2187 48 151
2188 48 161
2189 48 208
2190 48 211
2191 48 256
2192 48 258
2193 48 268
2194 48 271
2195 48 275
2196 48 284
2197 48 297
2198 48 329
2199 48 340
2200 49 74
2201 49 80
2202 49 85
2203 49 96
2204 49 106
2205 49 108
2206 49 137
2207 49 143
2208 49 174
2209 49 183
2210 49 194
2211 49 195
2212 49 197
2213 49 198
2214 49 200
2215 49 206
2216 49 208
2217 49 215
2218 49 218
2219 49 220
2220 49 221
2221 49 225
2222 49 226
2223 49 227
2224 49 241
2225 49 250
2226 49 284
2227 49 285
2228 49 286
2229 49 298
2230 49 301
2231 49 305
2232 49 322
2233 49 331
2234 49 339
2235 49 343
2236 50 59
2237 50 83
2238 50 97
2239 50 103
2240 50 118
2241 50 135
2242 50 166
2243 50 168
2244 50 203
2245 50 265
2246 50 273
2247 50 274
2248 50 285
2249 50 304
2250 50 316
2251 50 341
2252 50 344
2253 50 346
2254 51 109
2255 51 151
2256 51 192
2257 51 254
2258 51 271
2259 52 54
2260 52 77
2261 52 83
2262 52 106
2263 52 118
2264 52 173
2265 52 195
2266 52 198
2267 52 201
2268 52 208
2269 52 220
2270 52 225
2271 52 226
2272 52 241
2273 52 265
2274 52 272
2275 52 285
2276 52 341
2277 52 344
2278 53 74
2279 53 85
2280 53 100
2281 53 118
2282 53 120
2283 53 122
2284 53 135
2285 53 139
2286 53 178
2287 53 182
2288 53 206
2289 53 265
2290 53 286
2291 53 317
2292 53 318
2293 53 341
2294 53 345
2295 54 56
2296 54 61
2297 54 66
2298 54 81
2299 54 106
2300 54 108
2301 54 112
2302 54 113
2303 54 116
2304 54 118
2305 54 124
2306 54 125
2307 54 128
2308 54 135
2309 54 143
2310 54 166
2311 54 167
2312 54 173
2313 54 188
2314 54 193
2315 54 195
2316 54 198
2317 54 199
2318 54 201
2319 54 205
2320 54 208
2321 54 217
2322 54 220
2323 54 223
2324 54 225
2325 54 226
2326 54 227
2327 54 229
2328 54 241
2329 54 249
2330 54 265
2331 54 277
2332 54 281
2333 54 284
2334 54 285
2335 54 297
2336 54 306
2337 54 313
2338 54 326
2339 54 329
2340 54 331
2341 54 340
2342 54 341
2343 54 344
2344 55 78
2345 55 94
2346 55 111
2347 55 172
2348 55 228
2349 55 235
2350 55 245
2351 55 287
2352 55 288
2353 55 289
2354 55 310
2355 55 332
2356 56 117
2357 56 141
2358 56 143
2359 56 167
2360 56 229
2361 57 89
2362 58 59
2363 58 74
2364 58 79
2365 58 80
2366 58 83
2367 58 85
2368 58 88
2369 58 90
2370 58 91
2371 58 92
2372 58 101
2373 58 102
2374 58 103
2375 58 106
2376 58 108
2377 58 115
2378 58 118
2379 58 128
2380 58 135
2381 58 143
2382 58 149
2383 58 155
2384 58 166
2385 58 168
2386 58 174
2387 58 183
2388 58 184
2389 58 193
2390 58 194
2391 58 195
2392 58 197
2393 58 198
2394 58 205
2395 58 206
2396 58 208
2397 58 214
2398 58 221
2399 58 224
2400 58 226
2401 58 241
2402 58 242
2403 58 260
2404 58 262
2405 58 264
2406 58 265
2407 58 272
2408 58 273
2409 58 274
2410 58 277
2411 58 278
2412 58 284
2413 58 285
2414 58 286
2415 58 294
2416 58 296
2417 58 297
2418 58 298
2419 58 304
2420 58 305
2421 58 312
2422 58 313
2423 58 314
2424 58 317
2425 58 327
2426 58 330
2427 58 331
2428 58 341
2429 58 343
2430 58 344
2431 58 346
2432 59 61
2433 59 74
2434 59 75
2435 59 79
2436 59 80
2437 59 83
2438 59 85
2439 59 88
2440 59 90
2441 59 91
2442 59 92
2443 59 101
2444 59 102
2445 59 103
2446 59 104
2447 59 106
2448 59 108
2449 59 112
2450 59 115
2451 59 118
2452 59 128
2453 59 134
2454 59 135
2455 59 137
2456 59 139
2457 59 143
2458 59 149
2459 59 155
2460 59 160
2461 59 162
2462 59 166
2463 59 168
2464 59 173
2465 59 174
2466 59 183
2467 59 184
2468 59 188
2469 59 191
2470 59 193
2471 59 194
2472 59 195
2473 59 197
2474 59 198
2475 59 205
2476 59 206
2477 59 208
2478 59 214
2479 59 215
2480 59 221
2481 59 224
2482 59 226
2483 59 227
2484 59 232
2485 59 241
2486 59 242
2487 59 252
2488 59 258
2489 59 260
2490 59 262
2491 59 264
2492 59 265
2493 59 269
2494 59 272
2495 59 273
2496 59 274
2497 59 277
2498 59 278
2499 59 284
2500 59 285
2501 59 286
2502 59 296
2503 59 297
2504 59 298
2505 59 304
2506 59 312
2507 59 313
2508 59 314
2509 59 316
2510 59 317
2511 59 318
2512 59 323
2513 59 327
2514 59 330
2515 59 331
2516 59 341
2517 59 343
2518 59 344
2519 59 345
2520 59 346
2521 61 63
2522 61 66
2523 61 67
2524 61 75
2525 61 80
2526 61 83
2527 61 85
2528 61 92
2529 61 102
2530 61 106
2531 61 108
2532 61 110
2533 61 112
2534 61 118
2535 61 121
2536 61 128
2537 61 135
2538 61 143
2539 61 166
2540 61 168
2541 61 173
2542 61 183
2543 61 188
2544 61 194
2545 61 195
2546 61 197
2547 61 198
2548 61 199
2549 61 205
2550 61 206
2551 61 208
2552 61 220
2553 61 221
2554 61 225
2555 61 226
2556 61 227
2557 61 241
2558 61 249
2559 61 258
2560 61 260
2561 61 265
2562 61 274
2563 61 277
2564 61 278
2565 61 281
2566 61 284
2567 61 285
2568 61 286
2569 61 297
2570 61 298
2571 61 304
2572 61 306
2573 61 313
2574 61 326
2575 61 329
2576 61 331
2577 61 340
2578 61 341
2579 61 343
2580 61 344
2581 62 64
2582 62 68
2583 62 70
2584 62 71
2585 62 79
2586 62 80
2587 62 83
2588 62 104
2589 62 105
2590 62 118
2591 62 121
2592 62 130
2593 62 132
2594 62 134
2595 62 135
2596 62 143
2597 62 153
2598 62 157
2599 62 160
2600 62 162
2601 62 166
2602 62 168
2603 62 169
2604 62 170
2605 62 179
2606 62 185
2607 62 187
2608 62 189
2609 62 191
2610 62 197
2611 62 213
2612 62 219
2613 62 221
2614 62 232
2615 62 234
2616 62 238
2617 62 243
2618 62 252
2619 62 253
2620 62 257
2621 62 263
2622 62 264
2623 62 265
2624 62 266
2625 62 269
2626 62 270
2627 62 272
2628 62 274
2629 62 285
2630 62 295
2631 62 299
2632 62 304
2633 62 308
2634 62 314
2635 62 331
2636 62 335
2637 62 338
2638 62 341
2639 62 344
2640 63 66
2641 63 67
2642 63 110
2643 63 222
2644 63 297
2645 64 68
2646 64 70
2647 64 71
2648 64 79
2649 64 83
2650 64 99
2651 64 100
2652 64 104
2653 64 105
2654 64 120
2655 64 121
2656 64 122
2657 64 130
2658 64 132
2659 64 134
2660 64 139
2661 64 143
2662 64 153
2663 64 157
2664 64 160
2665 64 162
2666 64 168
2667 64 169
2668 64 170
2669 64 179
2670 64 185
2671 64 187
2672 64 189
2673 64 213
2674 64 219
2675 64 232
2676 64 234
2677 64 238
2678 64 240
2679 64 243
2680 64 252
2681 64 253
2682 64 257
2683 64 264
2684 64 266
2685 64 269
2686 64 270
2687 64 272
2688 64 273
2689 64 285
2690 64 295
2691 64 299
2692 64 308
2693 64 314
2694 64 335
2695 64 338
2696 64 344
2697 64 345
2698 64 346
2699 66 67
2700 66 108
2701 66 110
2702 66 143
2703 66 173
2704 66 208
2705 66 222
2706 66 226
2707 66 241
2708 66 273
2709 66 297
2710 66 298
2711 66 329
2712 66 346
2713 67 106
2714 67 110
2715 67 115
2716 67 143
2717 67 195
2718 67 198
2719 67 222
2720 67 226
2721 67 297
2722 68 69
2723 68 70
2724 68 71
2725 68 73
2726 68 99
2727 68 104
2728 68 105
2729 68 121
2730 68 130
2731 68 132
2732 68 134
2733 68 153
2734 68 157
2735 68 160
2736 68 162
2737 68 169
2738 68 179
2739 68 185
2740 68 187
2741 68 189
2742 68 213
2743 68 232
2744 68 234
2745 68 238
2746 68 240
2747 68 243
2748 68 252
2749 68 253
2750 68 257
2751 68 264
2752 68 269
2753 68 270
2754 68 295
2755 68 299
2756 68 308
2757 68 335
2758 68 338
2759 69 71
2760 69 73
2761 69 338
2762 70 71
2763 70 83
2764 70 104
2765 70 121
2766 70 132
2767 70 134
2768 70 153
2769 70 157
2770 70 160
2771 70 162
2772 70 185
2773 70 187
2774 70 213
2775 70 232
2776 70 234
2777 70 238
2778 70 243
2779 70 252
2780 70 253
2781 70 264
2782 70 269
2783 70 270
2784 70 299
2785 70 308
2786 70 338
2787 71 73
2788 71 104
2789 71 105
2790 71 121
2791 71 130
2792 71 132
2793 71 134
2794 71 153
2795 71 157
2796 71 160
2797 71 162
2798 71 169
2799 71 179
2800 71 185
2801 71 187
2802 71 189
2803 71 213
2804 71 219
2805 71 232
2806 71 234
2807 71 238
2808 71 243
2809 71 252
2810 71 253
2811 71 257
2812 71 263
2813 71 264
2814 71 269
2815 71 270
2816 71 295
2817 71 299
2818 71 308
2819 71 335
2820 71 338
2821 72 79
2822 72 83
2823 72 118
2824 72 135
2825 72 148
2826 72 214
2827 72 265
2828 72 341
2829 74 75
2830 74 79
2831 74 80
2832 74 83
2833 74 85
2834 74 91
2835 74 92
2836 74 100
2837 74 101
2838 74 102
2839 74 106
2840 74 108
2841 74 118
2842 74 120
2843 74 122
2844 74 130
2845 74 135
2846 74 137
2847 74 139
2848 74 143
2849 74 155
2850 74 157
2851 74 162
2852 74 166
2853 74 168
2854 74 174
2855 74 176
2856 74 179
2857 74 182
2858 74 183
2859 74 188
2860 74 190
2861 74 194
2862 74 197
2863 74 200
2864 74 205
2865 74 206
2866 74 208
2867 74 220
2868 74 221
2869 74 226
2870 74 227
2871 74 232
2872 74 241
2873 74 250
2874 74 257
2875 74 260
2876 74 264
2877 74 265
2878 74 272
2879 74 273
2880 74 274
2881 74 284
2882 74 285
2883 74 286
2884 74 298
2885 74 301
2886 74 304
2887 74 305
2888 74 312
2889 74 313
2890 74 317
2891 74 318
2892 74 323
2893 74 325
2894 74 326
2895 74 331
2896 74 339
2897 74 340
2898 74 341
2899 74 343
2900 74 344
2901 74 345
2902 74 346
2903 75 80
2904 75 83
2905 75 85
2906 75 92
2907 75 108
2908 75 115
2909 75 118
2910 75 120
2911 75 122
2912 75 137
2913 75 139
2914 75 143
2915 75 166
2916 75 168
2917 75 174
2918 75 182
2919 75 183
2920 75 193
2921 75 194
2922 75 197
2923 75 205
2924 75 208
2925 75 220
2926 75 221
2927 75 224
2928 75 227
2929 75 241
2930 75 264
2931 75 265
2932 75 277
2933 75 284
2934 75 285
2935 75 297
2936 75 313
2937 75 316
2938 75 317
2939 75 318
2940 75 331
2941 75 340
2942 75 341
2943 75 343
2944 75 344
2945 75 345
2946 76 95
2947 76 306
2948 76 342
2949 77 106
2950 77 195
2951 77 198
2952 77 201
2953 77 208
2954 77 220
2955 77 225
2956 77 226
2957 77 241
2958 78 94
2959 78 111
2960 78 172
2961 78 228
2962 78 235
2963 78 245
2964 78 287
2965 78 288
2966 78 289
2967 78 310
2968 78 332
2969 79 83
2970 79 101
2971 79 102
2972 79 104
2973 79 115
2974 79 118
2975 79 130
2976 79 132
2977 79 134
2978 79 135
2979 79 143
2980 79 152
2981 79 153
2982 79 155
2983 79 162
2984 79 165
2985 79 166
2986 79 168
2987 79 179
2988 79 183
2989 79 187
2990 79 188
2991 79 202
2992 79 206
2993 79 208
2994 79 210
2995 79 214
2996 79 224
2997 79 226
2998 79 232
2999 79 238
3000 79 241
3001 79 252
3002 79 253
3003 79 257
3004 79 260
3005 79 264
3006 79 265
3007 79 272
3008 79 273
3009 79 274
3010 79 277
3011 79 284
3012 79 285
3013 79 296
3014 79 298
3015 79 299
3016 79 304
3017 79 308
3018 79 312
3019 79 314
3020 79 316
3021 79 323
3022 79 326
3023 79 327
3024 79 328
3025 79 329
3026 79 331
3027 79 340
3028 79 341
3029 79 344
3030 79 345
3031 79 346
3032 80 83
3033 80 85
3034 80 90
3035 80 91
3036 80 92
3037 80 100
3038 80 101
3039 80 102
3040 80 103
3041 80 106
3042 80 108
3043 80 112
3044 80 115
3045 80 118
3046 80 120
3047 80 127
3048 80 128
3049 80 130
3050 80 134
3051 80 135
3052 80 139
3053 80 143
3054 80 149
3055 80 155
3056 80 157
3057 80 160
3058 80 162
3059 80 166
3060 80 168
3061 80 174
3062 80 179
3063 80 182
3064 80 183
3065 80 184
3066 80 188
3067 80 191
3068 80 193
3069 80 194
3070 80 195
3071 80 197
3072 80 198
3073 80 200
3074 80 201
3075 80 204
3076 80 205
3077 80 206
3078 80 208
3079 80 220
3080 80 221
3081 80 224
3082 80 225
3083 80 226
3084 80 227
3085 80 232
3086 80 241
3087 80 242
3088 80 247
3089 80 253
3090 80 257
3091 80 258
3092 80 260
3093 80 265
3094 80 269
3095 80 272
3096 80 273
3097 80 274
3098 80 277
3099 80 283
3100 80 284
3101 80 285
3102 80 286
3103 80 290
3104 80 292
3105 80 294
3106 80 296
3107 80 297
3108 80 298
3109 80 299
3110 80 304
3111 80 308
3112 80 312
3113 80 313
3114 80 314
3115 80 317
3116 80 318
3117 80 322
3118 80 323
3119 80 326
3120 80 327
3121 80 330
3122 80 331
3123 80 340
3124 80 341
3125 80 343
3126 80 344
3127 80 346
3128 82 126
3129 82 140
3130 82 142
3131 82 146
3132 82 147
3133 82 154
3134 82 180
3135 82 196
3136 82 233
3137 82 291
3138 82 293
3139 82 320
3140 82 333
3141 82 334
3142 83 85
3143 83 91
3144 83 92
3145 83 101
3146 83 102
3147 83 104
3148 83 108
3149 83 115
3150 83 118
3151 83 121
3152 83 128
3153 83 130
3154 83 134
3155 83 135
3156 83 139
3157 83 143
3158 83 149
3159 83 152
3160 83 155
3161 83 157
3162 83 160
3163 83 162
3164 83 165
3165 83 166
3166 83 168
3167 83 174
3168 83 179
3169 83 183
3170 83 184
3171 83 185
3172 83 188
3173 83 190
3174 83 193
3175 83 194
3176 83 197
3177 83 202
3178 83 205
3179 83 206
3180 83 208
3181 83 209
3182 83 210
3183 83 217
3184 83 220
3185 83 221
3186 83 224
3187 83 226
3188 83 227
3189 83 232
3190 83 241
3191 83 252
3192 83 253
3193 83 257
3194 83 260
3195 83 264
3196 83 265
3197 83 269
3198 83 272
3199 83 273
3200 83 274
3201 83 277
3202 83 284
3203 83 285
3204 83 286
3205 83 296
3206 83 298
3207 83 299
3208 83 304
3209 83 308
3210 83 312
3211 83 313
3212 83 314
3213 83 316
3214 83 323
3215 83 326
3216 83 327
3217 83 328
3218 83 329
3219 83 331
3220 83 335
3221 83 341
3222 83 343
3223 83 344
3224 83 346
3225 84 93
3226 84 158
3227 84 170
3228 84 213
3229 84 234
3230 84 269
3231 85 91
3232 85 92
3233 85 100
3234 85 101
3235 85 102
3236 85 103
3237 85 108
3238 85 115
3239 85 118
3240 85 120
3241 85 122
3242 85 135
3243 85 137
3244 85 139
3245 85 143
3246 85 149
3247 85 155
3248 85 156
3249 85 166
3250 85 168
3251 85 174
3252 85 179
3253 85 182
3254 85 183
3255 85 184
3256 85 187
3257 85 188
3258 85 193
3259 85 194
3260 85 197
3261 85 200
3262 85 201
3263 85 204
3264 85 205
3265 85 206
3266 85 208
3267 85 209
3268 85 215
3269 85 220
3270 85 221
3271 85 224
3272 85 226
3273 85 227
3274 85 241
3275 85 250
3276 85 257
3277 85 260
3278 85 264
3279 85 265
3280 85 273
3281 85 274
3282 85 284
3283 85 285
3284 85 286
3285 85 294
3286 85 296
3287 85 297
3288 85 298
3289 85 304
3290 85 305
3291 85 312
3292 85 313
3293 85 314
3294 85 316
3295 85 317
3296 85 318
3297 85 323
3298 85 325
3299 85 326
3300 85 327
3301 85 331
3302 85 339
3303 85 341
3304 85 343
3305 85 344
3306 85 345
3307 85 346
3308 86 131
3309 86 137
3310 86 176
3311 86 236
3312 86 237
3313 86 317
3314 86 318
3315 87 229
3316 87 276
3317 88 101
3318 88 102
3319 88 118
3320 88 135
3321 88 166
3322 88 168
3323 88 206
3324 88 260
3325 88 265
3326 88 327
3327 88 341
3328 88 344
3329 90 91
3330 90 92
3331 90 101
3332 90 102
3333 90 103
3334 90 108
3335 90 118
3336 90 135
3337 90 149
3338 90 155
3339 90 166
3340 90 168
3341 90 183
3342 90 184
3343 90 197
3344 90 205
3345 90 206
3346 90 208
3347 90 221
3348 90 242
3349 90 260
3350 90 262
3351 90 265
3352 90 274
3353 90 278
3354 90 285
3355 90 286
3356 90 296
3357 90 297
3358 90 304
3359 90 312
3360 90 313
3361 90 314
3362 90 327
3363 90 330
3364 90 331
3365 90 341
3366 90 343
3367 90 344
3368 91 101
3369 91 102
3370 91 103
3371 91 108
3372 91 118
3373 91 135
3374 91 143
3375 91 149
3376 91 155
3377 91 166
3378 91 168
3379 91 174
3380 91 183
3381 91 184
3382 91 197
3383 91 206
3384 91 221
3385 91 224
3386 91 242
3387 91 260
3388 91 262
3389 91 265
3390 91 272
3391 91 274
3392 91 278
3393 91 285
3394 91 286
3395 91 296
3396 91 304
3397 91 312
3398 91 327
3399 91 330
3400 91 331
3401 91 341
3402 91 343
3403 91 344
3404 91 345
3405 92 101
3406 92 102
3407 92 106
3408 92 108
3409 92 112
3410 92 115
3411 92 118
3412 92 120
3413 92 128
3414 92 134
3415 92 135
3416 92 143
3417 92 155
3418 92 157
3419 92 166
3420 92 168
3421 92 174
3422 92 179
3423 92 183
3424 92 188
3425 92 191
3426 92 193
3427 92 194
3428 92 195
3429 92 197
3430 92 198
3431 92 205
3432 92 206
3433 92 208
3434 92 221
3435 92 224
3436 92 225
3437 92 226
3438 92 227
3439 92 232
3440 92 241
3441 92 257
3442 92 258
3443 92 260
3444 92 265
3445 92 272
3446 92 274
3447 92 283
3448 92 284
3449 92 285
3450 92 286
3451 92 290
3452 92 294
3453 92 296
3454 92 297
3455 92 298
3456 92 303
3457 92 304
3458 92 312
3459 92 313
3460 92 314
3461 92 317
3462 92 318
3463 92 323
3464 92 327
3465 92 331
3466 92 341
3467 92 343
3468 92 344
3469 93 157
3470 93 158
3471 93 160
3472 93 213
3473 93 234
3474 93 269
3475 94 111
3476 94 172
3477 94 228
3478 94 235
3479 94 245
3480 94 287
3481 94 288
3482 94 289
3483 94 310
3484 94 332
3485 95 128
3486 95 143
3487 95 191
3488 95 284
3489 95 297
3490 95 306
3491 95 342
3492 96 108
3493 96 195
3494 96 198
3495 96 208
3496 96 220
3497 96 241
3498 96 286
3499 96 298
3500 97 135
3501 97 165
3502 97 166
3503 97 203
3504 97 274
3505 97 285
3506 97 304
3507 97 316
3508 97 323
3509 97 331
3510 98 115
3511 98 129
3512 98 144
3513 98 183
3514 98 200
3515 98 207
3516 98 215
3517 98 216
3518 98 224
3519 98 244
3520 98 261
3521 98 282
3522 98 286
3523 98 298
3524 98 300
3525 98 307
3526 98 311
3527 98 325
3528 98 337
3529 98 345
3530 99 104
3531 99 130
3532 99 132
3533 99 134
3534 99 153
3535 99 160
3536 99 162
3537 99 179
3538 99 185
3539 99 187
3540 99 232
3541 99 238
3542 99 240
3543 99 257
3544 99 264
3545 99 269
3546 99 299
3547 99 308
3548 99 335
3549 100 115
3550 100 118
3551 100 120
3552 100 122
3553 100 130
3554 100 132
3555 100 134
3556 100 135
3557 100 139
3558 100 153
3559 100 160
3560 100 162
3561 100 166
3562 100 168
3563 100 174
3564 100 182
3565 100 183
3566 100 187
3567 100 194
3568 100 197
3569 100 200
3570 100 205
3571 100 208
3572 100 215
3573 100 221
3574 100 232
3575 100 238
3576 100 264
3577 100 265
3578 100 274
3579 100 285
3580 100 286
3581 100 298
3582 100 299
3583 100 304
3584 100 308
3585 100 316
3586 100 325
3587 100 331
3588 100 341
3589 100 343
3590 100 344
3591 100 345
3592 101 102
3593 101 103
3594 101 108
3595 101 118
3596 101 122
3597 101 128
3598 101 134
3599 101 135
3600 101 143
3601 101 149
3602 101 155
3603 101 160
3604 101 162
3605 101 166
3606 101 168
3607 101 173
3608 101 174
3609 101 183
3610 101 184
3611 101 188
3612 101 193
3613 101 194
3614 101 197
3615 101 204
3616 101 205
3617 101 206
3618 101 208
3619 101 220
3620 101 221
3621 101 224
3622 101 226
3623 101 241
3624 101 242
3625 101 250
3626 101 260
3627 101 262
3628 101 264
3629 101 265
3630 101 272
3631 101 273
3632 101 274
3633 101 278
3634 101 284
3635 101 285
3636 101 286
3637 101 294
3638 101 296
3639 101 297
3640 101 298
3641 101 299
3642 101 304
3643 101 305
3644 101 306
3645 101 308
3646 101 312
3647 101 313
3648 101 314
3649 101 316
3650 101 317
3651 101 318
3652 101 327
3653 101 330
3654 101 331
3655 101 335
3656 101 341
3657 101 343
3658 101 344
3659 101 346
3660 102 103
3661 102 104
3662 102 108
3663 102 112
3664 102 115
3665 102 118
3666 102 120
3667 102 128
3668 102 129
3669 102 134
3670 102 135
3671 102 137
3672 102 139
3673 102 143
3674 102 149
3675 102 155
3676 102 162
3677 102 166
3678 102 168
3679 102 173
3680 102 174
3681 102 183
3682 102 184
3683 102 188
3684 102 191
3685 102 193
3686 102 194
3687 102 197
3688 102 205
3689 102 206
3690 102 208
3691 102 215
3692 102 221
3693 102 224
3694 102 226
3695 102 232
3696 102 241
3697 102 242
3698 102 260
3699 102 262
3700 102 264
3701 102 265
3702 102 272
3703 102 273
3704 102 274
3705 102 277
3706 102 278
3707 102 280
3708 102 284
3709 102 285
3710 102 286
3711 102 296
3712 102 297
3713 102 298
3714 102 299
3715 102 304
3716 102 308
3717 102 312
3718 102 313
3719 102 314
3720 102 316
3721 102 323
3722 102 327
3723 102 330
3724 102 331
3725 102 341
3726 102 343
3727 102 344
3728 102 345
3729 102 346
3730 103 108
3731 103 118
3732 103 135
3733 103 149
3734 103 155
3735 103 166
3736 103 168
3737 103 174
3738 103 183
3739 103 194
3740 103 197
3741 103 206
3742 103 221
3743 103 224
3744 103 242
3745 103 260
3746 103 262
3747 103 265
3748 103 274
3749 103 278
3750 103 285
3751 103 296
3752 103 304
3753 103 312
3754 103 314
3755 103 317
3756 103 318
3757 103 327
3758 103 330
3759 103 331
3760 103 341
3761 103 343
3762 103 344
3763 104 105
3764 104 118
3765 104 121
3766 104 128
3767 104 130
3768 104 132
3769 104 134
3770 104 135
3771 104 143
3772 104 153
3773 104 157
3774 104 160
3775 104 162
3776 104 166
3777 104 169
3778 104 170
3779 104 174
3780 104 179
3781 104 185
3782 104 187
3783 104 189
3784 104 194
3785 104 199
3786 104 206
3787 104 213
3788 104 219
3789 104 224
3790 104 232
3791 104 234
3792 104 238
3793 104 240
3794 104 241
3795 104 243
3796 104 247
3797 104 252
3798 104 253
3799 104 257
3800 104 263
3801 104 264
3802 104 265
3803 104 269
3804 104 270
3805 104 272
3806 104 273
3807 104 285
3808 104 295
3809 104 299
3810 104 304
3811 104 308
3812 104 314
3813 104 316
3814 104 331
3815 104 335
3816 104 338
3817 104 341
3818 104 344
3819 104 346
3820 105 121
3821 105 130
3822 105 132
3823 105 134
3824 105 153
3825 105 157
3826 105 160
3827 105 162
3828 105 169
3829 105 170
3830 105 179
3831 105 185
3832 105 187
3833 105 189
3834 105 213
3835 105 219
3836 105 232
3837 105 234
3838 105 238
3839 105 240
3840 105 243
3841 105 252
3842 105 253
3843 105 257
3844 105 264
3845 105 266
3846 105 269
3847 105 270
3848 105 295
3849 105 299
3850 105 308
3851 105 335
3852 106 108
3853 106 118
3854 106 135
3855 106 143
3856 106 166
3857 106 168
3858 106 174
3859 106 193
3860 106 194
3861 106 195
3862 106 197
3863 106 198
3864 106 201
3865 106 208
3866 106 220
3867 106 221
3868 106 225
3869 106 226
3870 106 241
3871 106 265
3872 106 273
3873 106 274
3874 106 285
3875 106 286
3876 106 298
3877 106 304
3878 106 313
3879 106 326
3880 106 331
3881 106 341
3882 106 343
3883 106 344
3884 106 346
3885 107 142
3886 107 146
3887 107 196
3888 107 233
3889 107 293
3890 107 320
3891 107 336
3892 108 112
3893 108 115
3894 108 118
3895 108 120
3896 108 124
3897 108 129
3898 108 135
3899 108 137
3900 108 139
3901 108 143
3902 108 149
3903 108 155
3904 108 166
3905 108 168
3906 108 173
3907 108 174
3908 108 176
3909 108 182
3910 108 183
3911 108 184
3912 108 188
3913 108 193
3914 108 194
3915 108 195
3916 108 197
3917 108 198
3918 108 200
3919 108 201
3920 108 204
3921 108 205
3922 108 206
3923 108 208
3924 108 217
3925 108 218
3926 108 220
3927 108 221
3928 108 224
3929 108 225
3930 108 226
3931 108 227
3932 108 229
3933 108 241
3934 108 242
3935 108 244
3936 108 250
3937 108 260
3938 108 265
3939 108 273
3940 108 274
3941 108 277
3942 108 278
3943 108 284
3944 108 285
3945 108 286
3946 108 294
3947 108 296
3948 108 297
3949 108 298
3950 108 301
3951 108 304
3952 108 305
3953 108 312
3954 108 313
3955 108 316
3956 108 317
3957 108 318
3958 108 322
3959 108 323
3960 108 326
3961 108 327
3962 108 328
3963 108 330
3964 108 331
3965 108 339
3966 108 341
3967 108 342
3968 108 343
3969 108 344
3970 108 345
3971 108 346
3972 109 151
3973 109 161
3974 109 192
3975 109 211
3976 109 254
3977 109 256
3978 109 268
3979 109 271
3980 109 329
3981 110 143
3982 110 222
3983 110 297
3984 111 172
3985 111 228
3986 111 235
3987 111 245
3988 111 287
3989 111 288
3990 111 289
3991 111 310
3992 111 332
3993 112 113
3994 112 118
3995 112 128
3996 112 135
3997 112 143
3998 112 155
3999 112 166
4000 112 168
4001 112 188
4002 112 193
4003 112 194
4004 112 197
4005 112 205
4006 112 206
4007 112 208
4008 112 220
4009 112 221
4010 112 224
4011 112 226
4012 112 227
4013 112 241
4014 112 258
4015 112 265
4016 112 274
4017 112 277
4018 112 284
4019 112 285
4020 112 294
4021 112 297
4022 112 304
4023 112 312
4024 112 317
4025 112 318
4026 112 326
4027 112 331
4028 112 340
4029 112 341
4030 112 342
4031 112 343
4032 112 344
4033 112 345
4034 113 116
4035 113 124
4036 113 125
4037 113 128
4038 113 143
4039 113 173
4040 113 188
4041 113 199
4042 113 205
4043 113 208
4044 113 217
4045 113 220
4046 113 229
4047 113 241
4048 113 277
4049 113 284
4050 113 313
4051 113 340
4052 114 193
4053 114 205
4054 114 208
4055 114 224
4056 114 241
4057 114 247
4058 114 269
4059 114 285
4060 114 290
4061 114 303
4062 114 317
4063 114 318
4064 115 118
4065 115 122
4066 115 128
4067 115 130
4068 115 135
4069 115 137
4070 115 143
4071 115 152
4072 115 160
4073 115 166
4074 115 168
4075 115 174
4076 115 183
4077 115 185
4078 115 188
4079 115 193
4080 115 194
4081 115 197
4082 115 200
4083 115 201
4084 115 204
4085 115 205
4086 115 206
4087 115 208
4088 115 215
4089 115 216
4090 115 220
4091 115 221
4092 115 227
4093 115 241
4094 115 260
4095 115 261
4096 115 262
4097 115 264
4098 115 265
4099 115 272
4100 115 274
4101 115 278
4102 115 284
4103 115 285
4104 115 286
4105 115 294
4106 115 297
4107 115 298
4108 115 304
4109 115 314
4110 115 327
4111 115 328
4112 115 329
4113 115 331
4114 115 340
4115 115 341
4116 115 343
4117 115 344
4118 116 124
4119 116 125
4120 116 143
4121 116 173
4122 116 199
4123 116 217
4124 116 220
4125 116 241
4126 117 141
4127 117 159
4128 117 167
4129 117 173
4130 117 175
4131 117 217
4132 117 229
4133 118 122
4134 118 128
4135 118 129
4136 118 130
4137 118 134
4138 118 135
4139 118 137
4140 118 139
4141 118 143
4142 118 149
4143 118 155
4144 118 160
4145 118 162
4146 118 165
4147 118 166
4148 118 168
4149 118 173
4150 118 174
4151 118 182
4152 118 183
4153 118 184
4154 118 188
4155 118 190
4156 118 191
4157 118 193
4158 118 194
4159 118 195
4160 118 197
4161 118 198
4162 118 199
4163 118 202
4164 118 203
4165 118 205
4166 118 206
4167 118 208
4168 118 209
4169 118 214
4170 118 220
4171 118 221
4172 118 224
4173 118 225
4174 118 226
4175 118 227
4176 118 232
4177 118 241
4178 118 242
4179 118 243
4180 118 250
4181 118 252
4182 118 253
4183 118 258
4184 118 260
4185 118 261
4186 118 262
4187 118 264
4188 118 265
4189 118 272
4190 118 273
4191 118 274
4192 118 277
4193 118 278
4194 118 284
4195 118 285
4196 118 286
4197 118 296
4198 118 297
4199 118 298
4200 118 299
4201 118 304
4202 118 305
4203 118 308
4204 118 312
4205 118 313
4206 118 314
4207 118 316
4208 118 317
4209 118 318
4210 118 323
4211 118 326
4212 118 327
4213 118 329
4214 118 330
4215 118 331
4216 118 340
4217 118 341
4218 118 343
4219 118 344
4220 118 345
4221 118 346
4222 119 138
4223 119 324
4224 120 122
4225 120 130
4226 120 134
4227 120 135
4228 120 139
4229 120 162
4230 120 168
4231 120 174
4232 120 179
4233 120 182
4234 120 194
4235 120 197
4236 120 200
4237 120 208
4238 120 215
4239 120 216
4240 120 220
4241 120 221
4242 120 232
4243 120 241
4244 120 257
4245 120 264
4246 120 284
4247 120 285
4248 120 286
4249 120 298
4250 120 317
4251 120 325
4252 120 331
4253 120 343
4254 120 344
4255 120 345
4256 121 130
4257 121 132
4258 121 134
4259 121 153
4260 121 157
4261 121 160
4262 121 162
4263 121 169
4264 121 170
4265 121 179
4266 121 185
4267 121 187
4268 121 189
4269 121 213
4270 121 219
4271 121 232
4272 121 234
4273 121 238
4274 121 243
4275 121 252
4276 121 253
4277 121 257
4278 121 263
4279 121 264
4280 121 266
4281 121 269
4282 121 270
4283 121 295
4284 121 299
4285 121 308
4286 121 335
4287 122 130
4288 122 132
4289 122 134
4290 122 135
4291 122 139
4292 122 153
4293 122 160
4294 122 166
4295 122 168
4296 122 174
4297 122 182
4298 122 187
4299 122 194
4300 122 200
4301 122 208
4302 122 215
4303 122 232
4304 122 238
4305 122 264
4306 122 265
4307 122 285
4308 122 286
4309 122 298
4310 122 299
4311 122 304
4312 122 308
4313 122 316
4314 122 317
4315 122 318
4316 122 331
4317 122 341
4318 122 345
4319 123 231
4320 123 251
4321 123 309
4322 124 125
4323 124 143
4324 124 166
4325 124 173
4326 124 188
4327 124 199
4328 124 205
4329 124 208
4330 124 217
4331 124 220
4332 124 227
4333 124 229
4334 124 241
4335 124 277
4336 124 284
4337 124 340
4338 125 143
4339 125 173
4340 125 188
4341 125 199
4342 125 208
4343 125 217
4344 125 220
4345 126 140
4346 126 142
4347 126 146
4348 126 147
4349 126 154
4350 126 180
4351 126 196
4352 126 233
4353 126 291
4354 126 293
4355 126 319
4356 126 320
4357 126 333
4358 126 334
4359 127 197
4360 127 206
4361 127 221
4362 127 273
4363 127 274
4364 127 285
4365 127 344
4366 127 346
4367 128 134
4368 128 135
4369 128 143
4370 128 160
4371 128 161
4372 128 162
4373 128 166
4374 128 168
4375 128 173
4376 128 183
4377 128 188
4378 128 190
4379 128 191
4380 128 194
4381 128 197
4382 128 201
4383 128 205
4384 128 206
4385 128 208
4386 128 220
4387 128 221
4388 128 224
4389 128 226
4390 128 232
4391 128 241
4392 128 258
4393 128 260
4394 128 264
4395 128 265
4396 128 269
4397 128 273
4398 128 274
4399 128 277
4400 128 284
4401 128 285
4402 128 286
4403 128 297
4404 128 298
4405 128 304
4406 128 306
4407 128 313
4408 128 316
4409 128 323
4410 128 326
4411 128 327
4412 128 329
4413 128 331
4414 128 339
4415 128 340
4416 128 341
4417 128 342
4418 128 343
4419 128 344
4420 128 345
4421 128 346
4422 129 135
4423 129 152
4424 129 166
4425 129 174
4426 129 183
4427 129 194
4428 129 200
4429 129 207
4430 129 208
4431 129 215
4432 129 216
4433 129 220
4434 129 224
4435 129 244
4436 129 260
4437 129 261
4438 129 265
4439 129 282
4440 129 285
4441 129 300
4442 129 307
4443 129 311
4444 129 325
4445 129 337
4446 129 341
4447 130 132
4448 130 134
4449 130 143
4450 130 153
4451 130 155
4452 130 157
4453 130 160
4454 130 162
4455 130 168
4456 130 169
4457 130 170
4458 130 179
4459 130 183
4460 130 185
4461 130 187
4462 130 189
4463 130 197
4464 130 208
4465 130 213
4466 130 219
4467 130 221
4468 130 224
4469 130 232
4470 130 234
4471 130 238
4472 130 240
4473 130 243
4474 130 252
4475 130 253
4476 130 257
4477 130 264
4478 130 265
4479 130 266
4480 130 269
4481 130 270
4482 130 272
4483 130 273
4484 130 274
4485 130 285
4486 130 295
4487 130 296
4488 130 299
4489 130 304
4490 130 308
4491 130 314
4492 130 331
4493 130 335
4494 130 338
4495 130 341
4496 130 344
4497 130 345
4498 130 346
4499 131 137
4500 131 176
4501 131 236
4502 131 237
4503 131 312
4504 131 317
4505 131 318
4506 131 345
4507 132 134
4508 132 139
4509 132 143
4510 132 153
4511 132 155
4512 132 157
4513 132 160
4514 132 162
4515 132 169
4516 132 170
4517 132 179
4518 132 185
4519 132 187
4520 132 189
4521 132 191
4522 132 213
4523 132 219
4524 132 232
4525 132 234
4526 132 238
4527 132 240
4528 132 243
4529 132 252
4530 132 253
4531 132 257
4532 132 264
4533 132 266
4534 132 269
4535 132 270
4536 132 272
4537 132 273
4538 132 285
4539 132 295
4540 132 299
4541 132 308
4542 132 335
4543 132 338
4544 132 345
4545 132 346
4546 133 145
4547 133 321
4548 134 135
4549 134 139
4550 134 143
4551 134 153
4552 134 155
4553 134 157
4554 134 160
4555 134 162
4556 134 166
4557 134 168
4558 134 169
4559 134 170
4560 134 179
4561 134 185
4562 134 187
4563 134 189
4564 134 191
4565 134 194
4566 134 197
4567 134 206
4568 134 208
4569 134 213
4570 134 219
4571 134 221
4572 134 224
4573 134 232
4574 134 234
4575 134 238
4576 134 240
4577 134 241
4578 134 243
4579 134 252
4580 134 253
4581 134 257
4582 134 260
4583 134 263
4584 134 264
4585 134 265
4586 134 266
4587 134 269
4588 134 270
4589 134 272
4590 134 281
4591 134 284
4592 134 285
4593 134 295
4594 134 299
4595 134 308
4596 134 312
4597 134 314
4598 134 331
4599 134 335
4600 134 338
4601 134 341
4602 134 342
4603 134 343
4604 134 344
4605 135 137
4606 135 139
4607 135 143
4608 135 149
4609 135 155
4610 135 160
4611 135 162
4612 135 165
4613 135 166
4614 135 168
4615 135 173
4616 135 174
4617 135 182
4618 135 183
4619 135 184
4620 135 188
4621 135 190
4622 135 191
4623 135 193
4624 135 194
4625 135 195
4626 135 197
4627 135 198
4628 135 199
4629 135 202
4630 135 205
4631 135 206
4632 135 208
4633 135 210
4634 135 214
4635 135 221
4636 135 224
4637 135 225
4638 135 226
4639 135 227
4640 135 232
4641 135 241
4642 135 242
4643 135 243
4644 135 250
4645 135 252
4646 135 253
4647 135 258
4648 135 260
4649 135 262
4650 135 264
4651 135 265
4652 135 272
4653 135 273
4654 135 274
4655 135 277
4656 135 278
4657 135 284
4658 135 285
4659 135 286
4660 135 294
4661 135 296
4662 135 297
4663 135 298
4664 135 299
4665 135 304
4666 135 305
4667 135 308
4668 135 312
4669 135 313
4670 135 314
4671 135 316
4672 135 317
4673 135 323
4674 135 326
4675 135 327
4676 135 329
4677 135 330
4678 135 331
4679 135 340
4680 135 341
4681 135 343
4682 135 344
4683 135 345
4684 135 346
4685 137 139
4686 137 143
4687 137 155
4688 137 166
4689 137 168
4690 137 174
4691 137 176
4692 137 183
4693 137 194
4694 137 206
4695 137 208
4696 137 220
4697 137 236
4698 137 237
4699 137 241
4700 137 250
4701 137 265
4702 137 285
4703 137 297
4704 137 301
4705 137 305
4706 137 312
4707 137 317
4708 137 318
4709 137 331
4710 137 341
4711 137 344
4712 137 345
4713 138 324
4714 139 143
4715 139 153
4716 139 155
4717 139 166
4718 139 168
4719 139 174
4720 139 176
4721 139 182
4722 139 183
4723 139 184
4724 139 188
4725 139 190
4726 139 191
4727 139 194
4728 139 197
4729 139 200
4730 139 206
4731 139 208
4732 139 215
4733 139 216
4734 139 220
4735 139 221
4736 139 226
4737 139 227
4738 139 232
4739 139 238
4740 139 261
4741 139 264
4742 139 265
4743 139 269
4744 139 272
4745 139 274
4746 139 283
4747 139 285
4748 139 286
4749 139 296
4750 139 298
4751 139 304
4752 139 312
4753 139 313
4754 139 316
4755 139 317
4756 139 318
4757 139 323
4758 139 331
4759 139 335
4760 139 341
4761 139 343
4762 139 344
4763 139 345
4764 140 142
4765 140 146
4766 140 147
4767 140 154
4768 140 196
4769 140 233
4770 140 291
4771 140 320
4772 140 333
4773 140 334
4774 141 143
4775 141 159
4776 141 167
4777 141 175
4778 141 229
4779 142 146
4780 142 147
4781 142 154
4782 142 180
4783 142 196
4784 142 233
4785 142 291
4786 142 293
4787 142 319
4788 142 320
4789 142 333
4790 142 334
4791 143 149
4792 143 153
4793 143 155
4794 143 157
4795 143 160
4796 143 161
4797 143 162
4798 143 166
4799 143 167
4800 143 168
4801 143 173
4802 143 174
4803 143 176
4804 143 179
4805 143 183
4806 143 185
4807 143 187
4808 143 188
4809 143 191
4810 143 193
4811 143 194
4812 143 195
4813 143 197
4814 143 198
4815 143 199
4816 143 201
4817 143 205
4818 143 206
4819 143 208
4820 143 217
4821 143 220
4822 143 221
4823 143 223
4824 143 224
4825 143 225
4826 143 226
4827 143 227
4828 143 229
4829 143 232
4830 143 238
4831 143 241
4832 143 242
4833 143 243
4834 143 249
4835 143 252
4836 143 253
4837 143 257
4838 143 258
4839 143 260
4840 143 264
4841 143 265
4842 143 269
4843 143 272
4844 143 273
4845 143 274
4846 143 277
4847 143 281
4848 143 284
4849 143 285
4850 143 286
4851 143 294
4852 143 297
4853 143 298
4854 143 299
4855 143 304
4856 143 306
4857 143 308
4858 143 312
4859 143 313
4860 143 316
4861 143 317
4862 143 326
4863 143 327
4864 143 329
4865 143 330
4866 143 331
4867 143 339
4868 143 340
4869 143 341
4870 143 342
4871 143 343
4872 143 344
4873 143 345
4874 143 346
4875 144 183
4876 144 200
4877 144 207
4878 144 215
4879 144 216
4880 144 220
4881 144 230
4882 144 261
4883 144 280
4884 144 300
4885 144 307
4886 144 311
4887 144 337
4888 145 321
4889 146 147
4890 146 154
4891 146 180
4892 146 196
4893 146 233
4894 146 291
4895 146 293
4896 146 319
4897 146 320
4898 146 333
4899 146 334
4900 147 154
4901 147 180
4902 147 196
4903 147 233
4904 147 291
4905 147 293
4906 147 320
4907 147 333
4908 147 334
4909 148 214
4910 149 155
4911 149 166
4912 149 168
4913 149 183
4914 149 184
4915 149 197
4916 149 206
4917 149 221
4918 149 242
4919 149 260
4920 149 262
4921 149 265
4922 149 272
4923 149 274
4924 149 278
4925 149 285
4926 149 286
4927 149 296
4928 149 304
4929 149 312
4930 149 314
4931 149 327
4932 149 330
4933 149 331
4934 149 341
4935 149 343
4936 149 344
4937 150 159
4938 150 175
4939 151 161
4940 151 192
4941 151 211
4942 151 254
4943 151 256
4944 151 268
4945 151 271
4946 151 329
4947 152 165
4948 152 209
4949 152 244
4950 152 272
4951 152 273
4952 152 285
4953 152 294
4954 152 302
4955 152 315
4956 152 337
4957 152 346
4958 153 157
4959 153 160
4960 153 162
4961 153 169
4962 153 170
4963 153 179
4964 153 185
4965 153 187
4966 153 189
4967 153 191
4968 153 213
4969 153 219
4970 153 232
4971 153 234
4972 153 238
4973 153 240
4974 153 243
4975 153 252
4976 153 253
4977 153 257
4978 153 264
4979 153 266
4980 153 269
4981 153 270
4982 153 272
4983 153 273
4984 153 285
4985 153 295
4986 153 299
4987 153 308
4988 153 335
4989 153 338
4990 153 345
4991 153 346
4992 154 180
4993 154 196
4994 154 233
4995 154 291
4996 154 293
4997 154 320
4998 154 333
4999 154 334
5000 155 160
5001 155 162
5002 155 165
5003 155 166
5004 155 168
5005 155 174
5006 155 176
5007 155 183
5008 155 184
5009 155 185
5010 155 193
5011 155 194
5012 155 197
5013 155 205
5014 155 206
5015 155 208
5016 155 220
5017 155 221
5018 155 224
5019 155 225
5020 155 227
5021 155 232
5022 155 241
5023 155 242
5024 155 257
5025 155 258
5026 155 260
5027 155 262
5028 155 264
5029 155 265
5030 155 270
5031 155 272
5032 155 273
5033 155 274
5034 155 278
5035 155 284
5036 155 285
5037 155 286
5038 155 296
5039 155 298
5040 155 304
5041 155 312
5042 155 314
5043 155 317
5044 155 318
5045 155 323
5046 155 327
5047 155 328
5048 155 330
5049 155 331
5050 155 335
5051 155 341
5052 155 343
5053 155 344
5054 155 345
5055 155 346
5056 156 165
5057 156 209
5058 156 210
5059 156 224
5060 156 273
5061 156 283
5062 156 285
5063 156 323
5064 156 346
5065 157 160
5066 157 162
5067 157 169
5068 157 170
5069 157 179
5070 157 185
5071 157 187
5072 157 189
5073 157 197
5074 157 213
5075 157 219
5076 157 221
5077 157 224
5078 157 232
5079 157 234
5080 157 238
5081 157 240
5082 157 243
5083 157 252
5084 157 253
5085 157 257
5086 157 263
5087 157 264
5088 157 266
5089 157 269
5090 157 270
5091 157 272
5092 157 273
5093 157 285
5094 157 295
5095 157 299
5096 157 306
5097 157 308
5098 157 313
5099 157 314
5100 157 331
5101 157 335
5102 157 338
5103 157 343
5104 157 346
5105 158 160
5106 158 170
5107 158 234
5108 159 175
5109 159 229
5110 160 162
5111 160 169
5112 160 170
5113 160 179
5114 160 185
5115 160 187
5116 160 188
5117 160 189
5118 160 197
5119 160 206
5120 160 213
5121 160 219
5122 160 221
5123 160 224
5124 160 232
5125 160 234
5126 160 238
5127 160 240
5128 160 243
5129 160 252
5130 160 253
5131 160 257
5132 160 263
5133 160 264
5134 160 265
5135 160 266
5136 160 269
5137 160 270
5138 160 272
5139 160 285
5140 160 295
5141 160 299
5142 160 308
5143 160 312
5144 160 313
5145 160 314
5146 160 331
5147 160 335
5148 160 341
5149 160 343
5150 161 168
5151 161 226
5152 161 271
5153 161 275
5154 161 285
5155 161 297
5156 161 329
5157 162 163
5158 162 166
5159 162 168
5160 162 169
5161 162 170
5162 162 179
5163 162 184
5164 162 185
5165 162 187
5166 162 188
5167 162 189
5168 162 191
5169 162 197
5170 162 206
5171 162 213
5172 162 219
5173 162 221
5174 162 224
5175 162 232
5176 162 234
5177 162 238
5178 162 240
5179 162 241
5180 162 243
5181 162 252
5182 162 253
5183 162 257
5184 162 263
5185 162 264
5186 162 265
5187 162 266
5188 162 269
5189 162 270
5190 162 272
5191 162 274
5192 162 285
5193 162 295
5194 162 296
5195 162 299
5196 162 304
5197 162 308
5198 162 312
5199 162 313
5200 162 335
5201 162 338
5202 162 341
5203 162 343
5204 163 181
5205 163 239
5206 163 255
5207 163 269
5208 164 248
5209 165 166
5210 165 202
5211 165 209
5212 165 210
5213 165 224
5214 165 265
5215 165 273
5216 165 274
5217 165 285
5218 165 296
5219 165 304
5220 165 316
5221 165 323
5222 165 331
5223 165 341
5224 165 346
5225 166 168
5226 166 173
5227 166 174
5228 166 179
5229 166 183
5230 166 184
5231 166 188
5232 166 190
5233 166 191
5234 166 193
5235 166 194
5236 166 195
5237 166 197
5238 166 198
5239 166 199
5240 166 200
5241 166 202
5242 166 205
5243 166 206
5244 166 208
5245 166 209
5246 166 210
5247 166 214
5248 166 215
5249 166 220
5250 166 221
5251 166 224
5252 166 225
5253 166 226
5254 166 227
5255 166 232
5256 166 241
5257 166 242
5258 166 250
5259 166 252
5260 166 253
5261 166 257
5262 166 258
5263 166 260
5264 166 261
5265 166 262
5266 166 264
5267 166 265
5268 166 272
5269 166 273
5270 166 274
5271 166 277
5272 166 278
5273 166 280
5274 166 284
5275 166 285
5276 166 286
5277 166 290
5278 166 294
5279 166 296
5280 166 297
5281 166 298
5282 166 299
5283 166 304
5284 166 305
5285 166 306
5286 166 308
5287 166 312
5288 166 313
5289 166 314
5290 166 316
5291 166 317
5292 166 318
5293 166 323
5294 166 326
5295 166 327
5296 166 328
5297 166 329
5298 166 330
5299 166 331
5300 166 340
5301 166 341
5302 166 343
5303 166 344
5304 166 345
5305 166 346
5306 167 229
5307 168 173
5308 168 174
5309 168 179
5310 168 182
5311 168 183
5312 168 184
5313 168 188
5314 168 190
5315 168 193
5316 168 194
5317 168 195
5318 168 197
5319 168 198
5320 168 199
5321 168 200
5322 168 202
5323 168 204
5324 168 205
5325 168 206
5326 168 208
5327 168 214
5328 168 215
5329 168 220
5330 168 221
5331 168 224
5332 168 225
5333 168 226
5334 168 227
5335 168 232
5336 168 241
5337 168 242
5338 168 250
5339 168 252
5340 168 253
5341 168 257
5342 168 258
5343 168 260
5344 168 262
5345 168 264
5346 168 265
5347 168 269
5348 168 272
5349 168 273
5350 168 274
5351 168 277
5352 168 278
5353 168 280
5354 168 284
5355 168 285
5356 168 286
5357 168 296
5358 168 297
5359 168 298
5360 168 299
5361 168 304
5362 168 305
5363 168 306
5364 168 308
5365 168 312
5366 168 313
5367 168 314
5368 168 316
5369 168 317
5370 168 318
5371 168 323
5372 168 325
5373 168 326
5374 168 327
5375 168 329
5376 168 330
5377 168 331
5378 168 340
5379 168 341
5380 168 343
5381 168 344
5382 168 345
5383 168 346
5384 169 170
5385 169 179
5386 169 185
5387 169 187
5388 169 189
5389 169 213
5390 169 219
5391 169 232
5392 169 234
5393 169 238
5394 169 243
5395 169 252
5396 169 253
5397 169 257
5398 169 264
5399 169 269
5400 169 270
5401 169 295
5402 169 299
5403 169 308
5404 169 335
5405 170 179
5406 170 185
5407 170 187
5408 170 189
5409 170 213
5410 170 219
5411 170 232
5412 170 234
5413 170 238
5414 170 243
5415 170 252
5416 170 253
5417 170 257
5418 170 264
5419 170 269
5420 170 270
5421 170 295
5422 170 299
5423 170 308
5424 170 335
5425 171 269
5426 172 228
5427 172 235
5428 172 245
5429 172 287
5430 172 288
5431 172 289
5432 172 310
5433 172 332
5434 173 188
5435 173 191
5436 173 199
5437 173 206
5438 173 208
5439 173 217
5440 173 220
5441 173 223
5442 173 225
5443 173 226
5444 173 229
5445 173 241
5446 173 249
5447 173 258
5448 173 265
5449 173 272
5450 173 273
5451 173 274
5452 173 277
5453 173 281
5454 173 284
5455 173 297
5456 173 298
5457 173 304
5458 173 306
5459 173 313
5460 173 326
5461 173 339
5462 173 341
5463 173 342
5464 173 344
5465 173 346
5466 174 179
5467 174 182
5468 174 183
5469 174 185
5470 174 188
5471 174 191
5472 174 193
5473 174 194
5474 174 195
5475 174 197
5476 174 198
5477 174 200
5478 174 205
5479 174 206
5480 174 208
5481 174 215
5482 174 220
5483 174 221
5484 174 224
5485 174 226
5486 174 227
5487 174 232
5488 174 241
5489 174 244
5490 174 252
5491 174 253
5492 174 257
5493 174 260
5494 174 264
5495 174 265
5496 174 273
5497 174 274
5498 174 283
5499 174 284
5500 174 285
5501 174 286
5502 174 294
5503 174 296
5504 174 297
5505 174 298
5506 174 299
5507 174 301
5508 174 302
5509 174 304
5510 174 305
5511 174 312
5512 174 313
5513 174 314
5514 174 316
5515 174 317
5516 174 318
5517 174 323
5518 174 325
5519 174 326
5520 174 327
5521 174 331
5522 174 339
5523 174 341
5524 174 343
5525 174 344
5526 174 345
5527 174 346
5528 175 229
5529 176 183
5530 176 188
5531 176 194
5532 176 227
5533 176 236
5534 176 237
5535 176 250
5536 176 284
5537 176 285
5538 176 305
5539 176 312
5540 176 317
5541 176 318
5542 176 345
5543 178 345
5544 179 183
5545 179 185
5546 179 187
5547 179 189
5548 179 197
5549 179 208
5550 179 213
5551 179 219
5552 179 221
5553 179 224
5554 179 232
5555 179 234
5556 179 238
5557 179 240
5558 179 243
5559 179 252
5560 179 253
5561 179 257
5562 179 264
5563 179 266
5564 179 269
5565 179 270
5566 179 272
5567 179 273
5568 179 274
5569 179 285
5570 179 295
5571 179 296
5572 179 299
5573 179 304
5574 179 308
5575 179 314
5576 179 331
5577 179 335
5578 179 338
5579 179 343
5580 179 344
5581 179 345
5582 179 346
5583 180 196
5584 180 233
5585 180 291
5586 180 320
5587 180 333
5588 180 334
5589 181 239
5590 181 255
5591 181 264
5592 181 269
5593 182 183
5594 182 193
5595 182 194
5596 182 197
5597 182 208
5598 182 221
5599 182 227
5600 182 241
5601 182 250
5602 182 265
5603 182 274
5604 182 285
5605 182 286
5606 182 298
5607 182 304
5608 182 305
5609 182 312
5610 182 314
5611 182 317
5612 182 318
5613 182 325
5614 182 331
5615 182 340
5616 182 341
5617 182 343
5618 182 345
5619 183 185
5620 183 188
5621 183 190
5622 183 191
5623 183 193
5624 183 194
5625 183 195
5626 183 197
5627 183 199
5628 183 205
5629 183 206
5630 183 207
5631 183 208
5632 183 209
5633 183 216
5634 183 220
5635 183 221
5636 183 224
5637 183 225
5638 183 227
5639 183 232
5640 183 236
5641 183 237
5642 183 241
5643 183 242
5644 183 244
5645 183 252
5646 183 257
5647 183 260
5648 183 261
5649 183 264
5650 183 265
5651 183 272
5652 183 273
5653 183 274
5654 183 278
5655 183 280
5656 183 281
5657 183 282
5658 183 283
5659 183 284
5660 183 285
5661 183 286
5662 183 290
5663 183 294
5664 183 296
5665 183 297
5666 183 298
5667 183 304
5668 183 306
5669 183 311
5670 183 312
5671 183 313
5672 183 314
5673 183 316
5674 183 317
5675 183 318
5676 183 322
5677 183 323
5678 183 326
5679 183 327
5680 183 330
5681 183 331
5682 183 335
5683 183 337
5684 183 339
5685 183 340
5686 183 341
5687 183 343
5688 183 344
5689 183 345
5690 183 346
5691 184 193
5692 184 197
5693 184 206
5694 184 221
5695 184 226
5696 184 227
5697 184 260
5698 184 265
5699 184 272
5700 184 273
5701 184 274
5702 184 285
5703 184 286
5704 184 296
5705 184 298
5706 184 304
5707 184 312
5708 184 318
5709 184 327
5710 184 331
5711 184 341
5712 184 344
5713 184 346
5714 185 187
5715 185 189
5716 185 191
5717 185 208
5718 185 213
5719 185 219
5720 185 232
5721 185 234
5722 185 238
5723 185 240
5724 185 243
5725 185 252
5726 185 253
5727 185 257
5728 185 264
5729 185 266
5730 185 269
5731 185 270
5732 185 272
5733 185 273
5734 185 274
5735 185 285
5736 185 295
5737 185 299
5738 185 308
5739 185 313
5740 185 314
5741 185 331
5742 185 335
5743 185 338
5744 185 346
5745 187 189
5746 187 191
5747 187 213
5748 187 219
5749 187 232
5750 187 234
5751 187 238
5752 187 240
5753 187 243
5754 187 252
5755 187 253
5756 187 257
5757 187 264
5758 187 266
5759 187 269
5760 187 270
5761 187 272
5762 187 273
5763 187 285
5764 187 295
5765 187 299
5766 187 308
5767 187 335
5768 187 338
5769 187 345
5770 187 346
5771 188 191
5772 188 194
5773 188 197
5774 188 199
5775 188 205
5776 188 206
5777 188 208
5778 188 220
5779 188 221
5780 188 224
5781 188 225
5782 188 227
5783 188 241
5784 188 252
5785 188 253
5786 188 258
5787 188 260
5788 188 264
5789 188 265
5790 188 269
5791 188 273
5792 188 274
5793 188 277
5794 188 281
5795 188 284
5796 188 285
5797 188 286
5798 188 297
5799 188 298
5800 188 299
5801 188 304
5802 188 306
5803 188 308
5804 188 313
5805 188 314
5806 188 322
5807 188 323
5808 188 326
5809 188 329
5810 188 331
5811 188 339
5812 188 340
5813 188 341
5814 188 342
5815 188 343
5816 188 344
5817 188 346
5818 189 213
5819 189 219
5820 189 232
5821 189 234
5822 189 238
5823 189 243
5824 189 252
5825 189 253
5826 189 257
5827 189 264
5828 189 269
5829 189 270
5830 189 295
5831 189 299
5832 189 308
5833 189 335
5834 189 338
5835 190 265
5836 190 273
5837 190 341
5838 190 343
5839 190 344
5840 190 345
5841 190 346
5842 191 194
5843 191 197
5844 191 208
5845 191 221
5846 191 232
5847 191 238
5848 191 241
5849 191 243
5850 191 252
5851 191 253
5852 191 257
5853 191 264
5854 191 265
5855 191 269
5856 191 274
5857 191 284
5858 191 285
5859 191 297
5860 191 298
5861 191 299
5862 191 304
5863 191 306
5864 191 308
5865 191 313
5866 191 314
5867 191 331
5868 191 341
5869 191 342
5870 191 343
5871 191 344
5872 191 345
5873 192 211
5874 192 254
5875 192 256
5876 192 271
5877 193 194
5878 193 195
5879 193 197
5880 193 198
5881 193 204
5882 193 205
5883 193 206
5884 193 208
5885 193 221
5886 193 224
5887 193 226
5888 193 227
5889 193 232
5890 193 241
5891 193 247
5892 193 258
5893 193 265
5894 193 273
5895 193 274
5896 193 277
5897 193 284
5898 193 285
5899 193 294
5900 193 296
5901 193 304
5902 193 312
5903 193 314
5904 193 317
5905 193 318
5906 193 325
5907 193 331
5908 193 340
5909 193 341
5910 193 343
5911 193 344
5912 193 345
5913 193 346
5914 194 195
5915 194 197
5916 194 198
5917 194 200
5918 194 205
5919 194 206
5920 194 208
5921 194 215
5922 194 220
5923 194 221
5924 194 224
5925 194 226
5926 194 227
5927 194 232
5928 194 241
5929 194 244
5930 194 258
5931 194 260
5932 194 264
5933 194 265
5934 194 272
5935 194 273
5936 194 274
5937 194 283
5938 194 284
5939 194 285
5940 194 286
5941 194 294
5942 194 297
5943 194 298
5944 194 299
5945 194 302
5946 194 304
5947 194 308
5948 194 312
5949 194 313
5950 194 314
5951 194 316
5952 194 317
5953 194 318
5954 194 323
5955 194 325
5956 194 326
5957 194 327
5958 194 328
5959 194 331
5960 194 337
5961 194 339
5962 194 340
5963 194 341
5964 194 343
5965 194 344
5966 194 345
5967 194 346
5968 195 197
5969 195 198
5970 195 201
5971 195 208
5972 195 220
5973 195 221
5974 195 225
5975 195 226
5976 195 241
5977 195 265
5978 195 273
5979 195 274
5980 195 285
5981 195 286
5982 195 298
5983 195 304
5984 195 313
5985 195 326
5986 195 331
5987 195 341
5988 195 343
5989 195 344
5990 195 346
5991 196 233
5992 196 291
5993 196 293
5994 196 319
5995 196 320
5996 196 333
5997 196 334
5998 197 198
5999 197 200
6000 197 201
6001 197 204
6002 197 205
6003 197 206
6004 197 208
6005 197 220
6006 197 221
6007 197 224
6008 197 225
6009 197 226
6010 197 227
6011 197 232
6012 197 241
6013 197 242
6014 197 247
6015 197 253
6016 197 257
6017 197 258
6018 197 260
6019 197 265
6020 197 269
6021 197 272
6022 197 273
6023 197 274
6024 197 277
6025 197 283
6026 197 284
6027 197 285
6028 197 286
6029 197 290
6030 197 292
6031 197 294
6032 197 296
6033 197 297
6034 197 298
6035 197 299
6036 197 304
6037 197 308
6038 197 312
6039 197 313
6040 197 314
6041 197 317
6042 197 318
6043 197 322
6044 197 323
6045 197 326
6046 197 327
6047 197 330
6048 197 331
6049 197 340
6050 197 341
6051 197 343
6052 197 344
6053 197 346
6054 198 201
6055 198 208
6056 198 220
6057 198 221
6058 198 225
6059 198 226
6060 198 241
6061 198 265
6062 198 273
6063 198 274
6064 198 285
6065 198 286
6066 198 298
6067 198 304
6068 198 313
6069 198 326
6070 198 331
6071 198 341
6072 198 343
6073 198 344
6074 198 346
6075 199 205
6076 199 208
6077 199 217
6078 199 220
6079 199 265
6080 199 277
6081 199 284
6082 199 285
6083 199 313
6084 199 341
6085 199 345
6086 200 201
6087 200 205
6088 200 207
6089 200 208
6090 200 215
6091 200 216
6092 200 220
6093 200 221
6094 200 227
6095 200 241
6096 200 244
6097 200 261
6098 200 274
6099 200 280
6100 200 282
6101 200 285
6102 200 290
6103 200 294
6104 200 300
6105 200 304
6106 200 307
6107 200 311
6108 200 314
6109 200 317
6110 200 318
6111 200 325
6112 200 337
6113 200 344
6114 200 345
6115 201 208
6116 201 215
6117 201 220
6118 201 221
6119 201 225
6120 201 226
6121 201 241
6122 201 285
6123 201 297
6124 201 298
6125 201 313
6126 201 331
6127 201 343
6128 202 206
6129 202 208
6130 202 210
6131 202 260
6132 202 265
6133 202 272
6134 202 273
6135 202 274
6136 202 285
6137 202 304
6138 202 315
6139 202 316
6140 202 323
6141 202 328
6142 202 341
6143 202 344
6144 202 346
6145 203 206
6146 203 265
6147 203 274
6148 203 304
6149 203 316
6150 203 341
6151 204 205
6152 204 208
6153 204 221
6154 204 226
6155 204 227
6156 204 241
6157 204 250
6158 204 285
6159 204 286
6160 204 298
6161 204 305
6162 204 331
6163 204 340
6164 204 343
6165 204 344
6166 205 206
6167 205 208
6168 205 215
6169 205 220
6170 205 221
6171 205 224
6172 205 226
6173 205 227
6174 205 241
6175 205 247
6176 205 250
6177 205 258
6178 205 260
6179 205 265
6180 205 273
6181 205 274
6182 205 277
6183 205 284
6184 205 285
6185 205 286
6186 205 294
6187 205 296
6188 205 297
6189 205 298
6190 205 304
6191 205 312
6192 205 313
6193 205 314
6194 205 317
6195 205 318
6196 205 323
6197 205 327
6198 205 331
6199 205 340
6200 205 341
6201 205 343
6202 205 344
6203 205 345
6204 205 346
6205 206 208
6206 206 214
6207 206 221
6208 206 224
6209 206 226
6210 206 227
6211 206 232
6212 206 241
6213 206 242
6214 206 258
6215 206 260
6216 206 261
6217 206 262
6218 206 265
6219 206 272
6220 206 273
6221 206 274
6222 206 277
6223 206 278
6224 206 280
6225 206 284
6226 206 285
6227 206 286
6228 206 296
6229 206 297
6230 206 298
6231 206 304
6232 206 305
6233 206 312
6234 206 313
6235 206 314
6236 206 316
6237 206 317
6238 206 318
6239 206 323
6240 206 326
6241 206 327
6242 206 330
6243 206 331
6244 206 340
6245 206 341
6246 206 343
6247 206 344
6248 206 345
6249 206 346
6250 207 215
6251 207 216
6252 207 244
6253 207 261
6254 207 280
6255 207 282
6256 207 286
6257 207 298
6258 207 300
6259 207 307
6260 207 311
6261 207 325
6262 207 337
6263 207 345
6264 208 215
6265 208 217
6266 208 220
6267 208 221
6268 208 223
6269 208 224
6270 208 225
6271 208 226
6272 208 227
6273 208 232
6274 208 241
6275 208 247
6276 208 250
6277 208 257
6278 208 258
6279 208 260
6280 208 264
6281 208 265
6282 208 272
6283 208 273
6284 208 274
6285 208 277
6286 208 281
6287 208 282
6288 208 284
6289 208 285
6290 208 286
6291 208 294
6292 208 297
6293 208 298
6294 208 304
6295 208 305
6296 208 306
6297 208 313
6298 208 316
6299 208 317
6300 208 318
6301 208 325
6302 208 326
6303 208 327
6304 208 329
6305 208 331
6306 208 339
6307 208 340
6308 208 341
6309 208 343
6310 208 344
6311 208 345
6312 208 346
6313 209 210
6314 209 241
6315 209 265
6316 209 273
6317 209 274
6318 209 283
6319 209 285
6320 209 294
6321 209 304
6322 209 316
6323 209 323
6324 209 331
6325 209 341
6326 209 344
6327 209 346
6328 210 224
6329 210 273
6330 210 285
6331 210 296
6332 210 323
6333 210 331
6334 210 346
6335 211 256
6336 211 268
6337 211 271
6338 213 219
6339 213 232
6340 213 234
6341 213 238
6342 213 240
6343 213 243
6344 213 252
6345 213 253
6346 213 257
6347 213 264
6348 213 269
6349 213 270
6350 213 295
6351 213 299
6352 213 308
6353 213 335
6354 214 265
6355 214 274
6356 214 304
6357 214 316
6358 214 341
6359 214 344
6360 215 216
6361 215 220
6362 215 227
6363 215 241
6364 215 244
6365 215 261
6366 215 280
6367 215 282
6368 215 285
6369 215 294
6370 215 300
6371 215 307
6372 215 311
6373 215 312
6374 215 314
6375 215 325
6376 215 337
6377 215 344
6378 215 345
6379 216 224
6380 216 244
6381 216 261
6382 216 280
6383 216 282
6384 216 286
6385 216 300
6386 216 307
6387 216 311
6388 216 325
6389 216 337
6390 216 345
6391 217 313
6392 218 220
6393 218 286
6394 218 298
6395 218 339
6396 219 232
6397 219 234
6398 219 238
6399 219 243
6400 219 252
6401 219 253
6402 219 257
6403 219 264
6404 219 269
6405 219 270
6406 219 295
6407 219 299
6408 219 308
6409 219 335
6410 220 221
6411 220 225
6412 220 226
6413 220 227
6414 220 241
6415 220 250
6416 220 265
6417 220 273
6418 220 274
6419 220 280
6420 220 284
6421 220 285
6422 220 286
6423 220 296
6424 220 297
6425 220 298
6426 220 304
6427 220 305
6428 220 306
6429 220 312
6430 220 313
6431 220 317
6432 220 318
6433 220 322
6434 220 331
6435 220 337
6436 220 339
6437 220 340
6438 220 341
6439 220 342
6440 220 343
6441 220 344
6442 220 345
6443 220 346
6444 221 224
6445 221 225
6446 221 226
6447 221 227
6448 221 232
6449 221 241
6450 221 242
6451 221 247
6452 221 253
6453 221 257
6454 221 258
6455 221 260
6456 221 265
6457 221 269
6458 221 272
6459 221 273
6460 221 274
6461 221 277
6462 221 283
6463 221 284
6464 221 285
6465 221 286
6466 221 290
6467 221 292
6468 221 294
6469 221 296
6470 221 297
6471 221 298
6472 221 299
6473 221 304
6474 221 308
6475 221 312
6476 221 313
6477 221 314
6478 221 317
6479 221 318
6480 221 322
6481 221 323
6482 221 326
6483 221 327
6484 221 330
6485 221 331
6486 221 340
6487 221 341
6488 221 343
6489 221 344
6490 221 346
6491 222 297
6492 224 226
6493 224 227
6494 224 232
6495 224 241
6496 224 247
6497 224 252
6498 224 253
6499 224 257
6500 224 258
6501 224 260
6502 224 265
6503 224 269
6504 224 270
6505 224 272
6506 224 273
6507 224 274
6508 224 277
6509 224 284
6510 224 285
6511 224 286
6512 224 294
6513 224 297
6514 224 298
6515 224 300
6516 224 304
6517 224 311
6518 224 312
6519 224 313
6520 224 314
6521 224 316
6522 224 317
6523 224 318
6524 224 323
6525 224 326
6526 224 327
6527 224 331
6528 224 339
6529 224 340
6530 224 341
6531 224 343
6532 224 344
6533 224 345
6534 224 346
6535 225 226
6536 225 241
6537 225 265
6538 225 272
6539 225 273
6540 225 284
6541 225 285
6542 225 286
6543 225 297
6544 225 298
6545 225 312
6546 225 313
6547 225 317
6548 225 331
6549 225 339
6550 225 341
6551 225 343
6552 225 344
6553 225 346
6554 226 241
6555 226 258
6556 226 260
6557 226 265
6558 226 272
6559 226 273
6560 226 274
6561 226 277
6562 226 285
6563 226 286
6564 226 297
6565 226 298
6566 226 304
6567 226 313
6568 226 317
6569 226 326
6570 226 331
6571 226 339
6572 226 341
6573 226 343
6574 226 344
6575 226 346
6576 227 241
6577 227 247
6578 227 258
6579 227 265
6580 227 274
6581 227 277
6582 227 284
6583 227 285
6584 227 286
6585 227 294
6586 227 297
6587 227 298
6588 227 304
6589 227 305
6590 227 312
6591 227 313
6592 227 314
6593 227 317
6594 227 318
6595 227 331
6596 227 340
6597 227 341
6598 227 343
6599 227 344
6600 227 345
6601 228 235
6602 228 245
6603 228 287
6604 228 288
6605 228 289
6606 228 310
6607 228 332
6608 229 276
6609 230 280
6610 231 251
6611 231 309
6612 232 234
6613 232 238
6614 232 240
6615 232 241
6616 232 243
6617 232 247
6618 232 252
6619 232 253
6620 232 257
6621 232 260
6622 232 263
6623 232 264
6624 232 265
6625 232 266
6626 232 269
6627 232 270
6628 232 272
6629 232 284
6630 232 285
6631 232 295
6632 232 299
6633 232 308
6634 232 312
6635 232 314
6636 232 331
6637 232 335
6638 232 338
6639 232 341
6640 232 342
6641 232 343
6642 232 344
6643 232 345
6644 233 291
6645 233 293
6646 233 319
6647 233 320
6648 233 333
6649 233 334
6650 234 238
6651 234 240
6652 234 243
6653 234 252
6654 234 253
6655 234 257
6656 234 264
6657 234 269
6658 234 270
6659 234 295
6660 234 299
6661 234 308
6662 234 335
6663 234 338
6664 235 245
6665 235 287
6666 235 288
6667 235 289
6668 235 310
6669 235 332
6670 236 237
6671 236 312
6672 236 317
6673 236 318
6674 236 345
6675 237 317
6676 237 318
6677 237 345
6678 238 240
6679 238 243
6680 238 252
6681 238 253
6682 238 257
6683 238 264
6684 238 266
6685 238 269
6686 238 270
6687 238 272
6688 238 273
6689 238 285
6690 238 295
6691 238 299
6692 238 308
6693 238 335
6694 238 338
6695 238 345
6696 238 346
6697 239 255
6698 239 264
6699 239 269
6700 240 257
6701 240 264
6702 240 269
6703 240 299
6704 240 308
6705 240 335
6706 241 244
6707 241 247
6708 241 253
6709 241 258
6710 241 260
6711 241 261
6712 241 264
6713 241 265
6714 241 272
6715 241 273
6716 241 274
6717 241 277
6718 241 282
6719 241 284
6720 241 285
6721 241 286
6722 241 294
6723 241 296
6724 241 297
6725 241 298
6726 241 304
6727 241 305
6728 241 306
6729 241 312
6730 241 313
6731 241 315
6732 241 317
6733 241 318
6734 241 322
6735 241 323
6736 241 325
6737 241 326
6738 241 327
6739 241 331
6740 241 339
6741 241 340
6742 241 341
6743 241 343
6744 241 344
6745 241 345
6746 241 346
6747 242 260
6748 242 262
6749 242 265
6750 242 272
6751 242 274
6752 242 278
6753 242 285
6754 242 304
6755 242 312
6756 242 314
6757 242 327
6758 242 330
6759 242 331
6760 242 341
6761 242 343
6762 242 344
6763 243 252
6764 243 253
6765 243 257
6766 243 263
6767 243 264
6768 243 265
6769 243 266
6770 243 269
6771 243 270
6772 243 295
6773 243 299
6774 243 308
6775 243 331
6776 243 335
6777 243 341
6778 244 261
6779 244 282
6780 244 300
6781 244 307
6782 244 311
6783 244 325
6784 244 337
6785 245 287
6786 245 288
6787 245 289
6788 245 310
6789 245 332
6790 247 294
6791 247 303
6792 247 317
6793 247 318
6794 249 277
6795 249 281
6796 249 284
6797 249 297
6798 249 326
6799 249 329
6800 249 342
6801 250 260
6802 250 265
6803 250 279
6804 250 285
6805 250 286
6806 250 298
6807 250 301
6808 250 305
6809 250 314
6810 250 317
6811 250 318
6812 250 327
6813 250 331
6814 250 341
6815 250 344
6816 250 345
6817 251 309
6818 252 253
6819 252 257
6820 252 263
6821 252 264
6822 252 265
6823 252 266
6824 252 269
6825 252 270
6826 252 272
6827 252 274
6828 252 285
6829 252 295
6830 252 299
6831 252 304
6832 252 308
6833 252 314
6834 252 316
6835 252 331
6836 252 335
6837 252 338
6838 252 341
6839 252 344
6840 253 257
6841 253 263
6842 253 264
6843 253 265
6844 253 266
6845 253 269
6846 253 270
6847 253 272
6848 253 274
6849 253 284
6850 253 285
6851 253 295
6852 253 299
6853 253 304
6854 253 308
6855 253 313
6856 253 314
6857 253 331
6858 253 335
6859 253 338
6860 253 341
6861 253 343
6862 253 344
6863 254 271
6864 255 264
6865 255 269
6866 256 268
6867 256 271
6868 256 329
6869 257 264
6870 257 266
6871 257 269
6872 257 270
6873 257 272
6874 257 273
6875 257 274
6876 257 285
6877 257 295
6878 257 296
6879 257 299
6880 257 304
6881 257 308
6882 257 314
6883 257 331
6884 257 335
6885 257 338
6886 257 343
6887 257 344
6888 257 345
6889 257 346
6890 258 265
6891 258 274
6892 258 277
6893 258 284
6894 258 285
6895 258 294
6896 258 297
6897 258 304
6898 258 326
6899 258 331
6900 258 340
6901 258 341
6902 258 343
6903 258 344
6904 258 345
6905 260 262
6906 260 265
6907 260 272
6908 260 274
6909 260 278
6910 260 285
6911 260 286
6912 260 296
6913 260 298
6914 260 304
6915 260 305
6916 260 312
6917 260 313
6918 260 314
6919 260 317
6920 260 327
6921 260 330
6922 260 331
6923 260 341
6924 260 343
6925 260 344
6926 260 345
6927 261 265
6928 261 280
6929 261 282
6930 261 300
6931 261 307
6932 261 311
6933 261 325
6934 261 337
6935 261 341
6936 261 344
6937 261 345
6938 262 265
6939 262 274
6940 262 278
6941 262 285
6942 262 304
6943 262 312
6944 262 327
6945 262 330
6946 262 331
6947 262 341
6948 262 344
6949 264 265
6950 264 266
6951 264 269
6952 264 270
6953 264 272
6954 264 273
6955 264 274
6956 264 285
6957 264 295
6958 264 296
6959 264 299
6960 264 304
6961 264 308
6962 264 312
6963 264 313
6964 264 314
6965 264 331
6966 264 335
6967 264 338
6968 264 341
6969 264 344
6970 264 345
6971 264 346
6972 265 272
6973 265 273
6974 265 274
6975 265 277
6976 265 278
6977 265 284
6978 265 285
6979 265 286
6980 265 296
6981 265 297
6982 265 298
6983 265 299
6984 265 304
6985 265 305
6986 265 308
6987 265 312
6988 265 313
6989 265 314
6990 265 316
6991 265 317
6992 265 318
6993 265 323
6994 265 326
6995 265 327
6996 265 329
6997 265 330
6998 265 331
6999 265 340
7000 265 341
7001 265 343
7002 265 344
7003 265 345
7004 265 346
7005 266 269
7006 266 299
7007 266 308
7008 266 335
7009 267 314
7010 268 271
7011 269 270
7012 269 272
7013 269 274
7014 269 285
7015 269 295
7016 269 299
7017 269 304
7018 269 308
7019 269 313
7020 269 323
7021 269 331
7022 269 335
7023 269 338
7024 269 343
7025 269 344
7026 270 295
7027 270 296
7028 270 299
7029 270 308
7030 270 335
7031 271 329
7032 272 273
7033 272 274
7034 272 285
7035 272 286
7036 272 290
7037 272 296
7038 272 298
7039 272 299
7040 272 304
7041 272 308
7042 272 312
7043 272 313
7044 272 315
7045 272 316
7046 272 323
7047 272 327
7048 272 328
7049 272 330
7050 272 331
7051 272 335
7052 272 341
7053 272 343
7054 272 344
7055 272 346
7056 273 274
7057 273 285
7058 273 286
7059 273 294
7060 273 297
7061 273 298
7062 273 302
7063 273 304
7064 273 312
7065 273 313
7066 273 314
7067 273 315
7068 273 316
7069 273 323
7070 273 327
7071 273 331
7072 273 335
7073 273 339
7074 273 341
7075 273 343
7076 273 344
7077 273 345
7078 273 346
7079 274 277
7080 274 278
7081 274 284
7082 274 285
7083 274 286
7084 274 290
7085 274 294
7086 274 296
7087 274 297
7088 274 298
7089 274 304
7090 274 312
7091 274 313
7092 274 314
7093 274 316
7094 274 317
7095 274 318
7096 274 323
7097 274 326
7098 274 327
7099 274 329
7100 274 330
7101 274 331
7102 274 335
7103 274 339
7104 274 340
7105 274 341
7106 274 343
7107 274 344
7108 274 345
7109 274 346
7110 275 329
7111 277 281
7112 277 284
7113 277 285
7114 277 294
7115 277 297
7116 277 304
7117 277 313
7118 277 316
7119 277 326
7120 277 331
7121 277 340
7122 277 341
7123 277 343
7124 277 344
7125 277 345
7126 278 285
7127 278 304
7128 278 327
7129 278 330
7130 278 331
7131 278 341
7132 278 344
7133 279 301
7134 279 305
7135 279 317
7136 279 318
7137 279 345
7138 280 300
7139 280 307
7140 280 311
7141 280 313
7142 281 284
7143 281 297
7144 281 306
7145 281 326
7146 281 329
7147 281 340
7148 282 300
7149 282 307
7150 282 311
7151 282 325
7152 282 337
7153 283 294
7154 283 323
7155 283 343
7156 284 285
7157 284 286
7158 284 294
7159 284 297
7160 284 298
7161 284 304
7162 284 306
7163 284 312
7164 284 313
7165 284 316
7166 284 317
7167 284 318
7168 284 326
7169 284 327
7170 284 329
7171 284 331
7172 284 339
7173 284 340
7174 284 341
7175 284 342
7176 284 343
7177 284 344
7178 284 345
7179 285 286
7180 285 290
7181 285 294
7182 285 296
7183 285 297
7184 285 298
7185 285 299
7186 285 302
7187 285 304
7188 285 305
7189 285 308
7190 285 312
7191 285 313
7192 285 314
7193 285 315
7194 285 316
7195 285 317
7196 285 318
7197 285 323
7198 285 325
7199 285 326
7200 285 327
7201 285 328
7202 285 329
7203 285 330
7204 285 331
7205 285 335
7206 285 339
7207 285 340
7208 285 341
7209 285 343
7210 285 344
7211 285 345
7212 285 346
7213 286 294
7214 286 296
7215 286 297
7216 286 298
7217 286 301
7218 286 304
7219 286 305
7220 286 312
7221 286 313
7222 286 317
7223 286 318
7224 286 322
7225 286 325
7226 286 326
7227 286 327
7228 286 331
7229 286 339
7230 286 340
7231 286 341
7232 286 343
7233 286 344
7234 286 345
7235 286 346
7236 287 288
7237 287 289
7238 287 310
7239 287 332
7240 288 289
7241 288 310
7242 288 332
7243 289 310
7244 289 332
7245 290 292
7246 290 303
7247 290 304
7248 290 343
7249 291 320
7250 291 333
7251 291 334
7252 292 303
7253 293 319
7254 293 320
7255 293 333
7256 293 336
7257 294 311
7258 294 313
7259 294 314
7260 294 315
7261 294 317
7262 294 318
7263 294 323
7264 294 325
7265 294 327
7266 294 331
7267 294 340
7268 294 343
7269 294 346
7270 295 299
7271 295 308
7272 295 335
7273 295 338
7274 296 298
7275 296 304
7276 296 312
7277 296 314
7278 296 317
7279 296 318
7280 296 323
7281 296 327
7282 296 331
7283 296 335
7284 296 341
7285 296 343
7286 296 344
7287 297 298
7288 297 304
7289 297 306
7290 297 313
7291 297 316
7292 297 323
7293 297 326
7294 297 327
7295 297 329
7296 297 331
7297 297 339
7298 297 340
7299 297 341
7300 297 342
7301 297 343
7302 297 344
7303 297 346
7304 298 301
7305 298 302
7306 298 304
7307 298 305
7308 298 312
7309 298 313
7310 298 316
7311 298 317
7312 298 318
7313 298 322
7314 298 325
7315 298 327
7316 298 331
7317 298 339
7318 298 341
7319 298 343
7320 298 344
7321 298 345
7322 298 346
7323 299 308
7324 299 314
7325 299 335
7326 299 338
7327 299 341
7328 299 344
7329 299 345
7330 300 307
7331 300 311
7332 300 325
7333 300 337
7334 301 305
7335 301 317
7336 301 318
7337 301 331
7338 301 345
7339 302 315
7340 302 346
7341 304 312
7342 304 313
7343 304 314
7344 304 316
7345 304 317
7346 304 318
7347 304 323
7348 304 325
7349 304 326
7350 304 327
7351 304 329
7352 304 330
7353 304 331
7354 304 339
7355 304 340
7356 304 341
7357 304 343
7358 304 344
7359 304 345
7360 304 346
7361 305 317
7362 305 318
7363 305 327
7364 305 331
7365 305 341
7366 305 344
7367 305 345
7368 306 326
7369 306 329
7370 306 340
7371 306 342
7372 306 344
7373 307 311
7374 307 325
7375 307 337
7376 308 314
7377 308 335
7378 308 338
7379 308 341
7380 308 344
7381 308 345
7382 310 332
7383 311 325
7384 311 337
7385 312 314
7386 312 317
7387 312 318
7388 312 323
7389 312 327
7390 312 328
7391 312 330
7392 312 331
7393 312 341
7394 312 343
7395 312 344
7396 312 345
7397 312 346
7398 313 314
7399 313 316
7400 313 317
7401 313 327
7402 313 329
7403 313 331
7404 313 339
7405 313 341
7406 313 342
7407 313 343
7408 313 344
7409 313 346
7410 314 316
7411 314 323
7412 314 325
7413 314 327
7414 314 330
7415 314 331
7416 314 341
7417 314 343
7418 314 344
7419 314 346
7420 315 346
7421 316 323
7422 316 329
7423 316 331
7424 316 340
7425 316 341
7426 316 343
7427 316 344
7428 316 346
7429 317 318
7430 317 326
7431 317 327
7432 317 331
7433 317 341
7434 317 343
7435 317 344
7436 317 345
7437 318 331
7438 318 341
7439 318 343
7440 318 344
7441 318 345
7442 319 320
7443 319 333
7444 319 336
7445 320 333
7446 320 334
7447 322 339
7448 323 331
7449 323 341
7450 323 343
7451 323 346
7452 325 337
7453 325 344
7454 325 345
7455 326 329
7456 326 331
7457 326 340
7458 326 341
7459 326 343
7460 326 344
7461 326 345
7462 327 330
7463 327 331
7464 327 341
7465 327 343
7466 327 344
7467 327 346
7468 329 340
7469 329 341
7470 329 347
7471 330 331
7472 330 341
7473 330 343
7474 330 344
7475 331 339
7476 331 340
7477 331 341
7478 331 343
7479 331 344
7480 331 345
7481 331 346
7482 333 334
7483 333 336
7484 335 344
7485 335 346
7486 339 346
7487 340 341
7488 340 342
7489 340 343
7490 340 344
7491 340 345
7492 341 343
7493 341 344
7494 341 345
7495 341 346
7496 343 344
7497 343 346
7498 344 345
7499 344 346
7500 345 346
