1 1 7
2 1 8
3 1 13
4 1 22
5 1 24
6 1 26
7 1 28
8 1 30
9 1 37
10 1 43
11 1 47
12 1 50
13 1 53
14 1 54
15 1 60
16 1 61
17 1 65
18 2 9
19 2 14
20 2 19
21 2 20
22 2 23
23 2 27
24 2 32
25 2 33
26 2 37
27 2 38
28 2 43
29 2 48
30 2 51
31 2 55
32 2 58
33 2 62
34 2 65
35 3 7
36 3 10
37 3 13
38 3 18
39 3 20
40 3 23
41 3 24
42 3 32
43 3 35
44 3 39
45 3 43
46 3 51
47 3 53
48 3 55
49 3 57
50 3 60
51 3 62
52 3 63
53 3 64
54 3 65
55 4 7
56 4 8
57 4 10
58 4 13
59 4 24
60 4 27
61 4 35
62 4 39
63 4 45
64 4 51
65 4 54
66 4 60
67 6 56
68 7 8
69 7 13
70 7 14
71 7 18
72 7 22
73 7 23
74 7 24
75 7 37
76 7 39
77 7 42
78 7 47
79 7 54
80 7 57
81 7 60
82 7 62
83 7 65
84 8 9
85 8 10
86 8 13
87 8 20
88 8 24
89 8 27
90 8 28
91 8 33
92 8 40
93 8 42
94 8 54
95 8 57
96 8 60
97 8 62
98 9 20
99 9 28
100 9 33
101 9 37
102 9 43
103 9 54
104 9 62
105 10 18
106 10 19
107 10 28
108 10 29
109 10 48
110 10 51
111 10 54
112 10 56
113 10 60
114 10 65
115 11 35
116 11 54
117 12 46
118 12 52
119 12 66
120 13 24
121 13 26
122 13 28
123 13 35
124 13 37
125 13 39
126 13 43
127 13 53
128 13 54
129 13 57
130 13 60
131 13 61
132 13 63
133 13 65
134 14 20
135 14 22
136 14 23
137 14 31
138 14 37
139 14 43
140 14 47
141 14 50
142 14 57
143 14 58
144 15 36
145 15 46
146 15 59
147 18 21
148 18 22
149 18 23
150 18 31
151 18 38
152 18 42
153 18 47
154 18 49
155 18 50
156 18 55
157 18 58
158 18 62
159 18 64
160 18 65
161 19 29
162 19 34
163 19 38
164 19 55
165 19 62
166 19 65
167 20 23
168 20 27
169 20 28
170 20 32
171 20 33
172 20 51
173 20 54
174 20 58
175 20 60
176 20 62
177 20 63
178 20 65
179 20 66
180 21 22
181 21 31
182 21 47
183 21 49
184 21 50
185 21 53
186 21 64
187 22 23
188 22 24
189 22 27
190 22 30
191 22 31
192 22 38
193 22 39
194 22 47
195 22 49
196 22 50
197 22 53
198 22 55
199 22 57
200 22 58
201 22 61
202 22 62
203 22 65
204 23 26
205 23 30
206 23 31
207 23 32
208 23 38
209 23 39
210 23 43
211 23 47
212 23 48
213 23 49
214 23 50
215 23 53
216 23 55
217 23 58
218 23 61
219 23 62
220 23 64
221 23 65
222 23 67
223 24 54
224 24 57
225 24 60
226 24 62
227 24 65
228 25 28
229 25 54
230 26 28
231 26 30
232 26 39
233 26 43
234 26 47
235 26 49
236 26 50
237 26 53
238 26 54
239 26 55
240 26 61
241 26 65
242 26 67
243 27 33
244 27 54
245 27 57
246 27 62
247 28 30
248 28 32
249 28 35
250 28 39
251 28 43
252 28 48
253 28 50
254 28 51
255 28 53
256 28 54
257 28 57
258 28 60
259 28 61
260 28 63
261 28 65
262 29 41
263 29 45
264 30 32
265 30 47
266 30 49
267 30 50
268 30 53
269 30 55
270 30 61
271 30 63
272 30 64
273 30 65
274 31 47
275 31 58
276 31 64
277 32 39
278 32 43
279 32 48
280 32 50
281 32 51
282 32 54
283 32 57
284 32 60
285 32 61
286 32 62
287 32 63
288 32 65
289 33 37
290 33 38
291 33 47
292 33 54
293 33 62
294 34 45
295 34 56
296 34 65
297 35 43
298 35 48
299 35 51
300 35 54
301 36 41
302 36 44
303 36 46
304 37 43
305 38 40
306 38 47
307 38 49
308 38 55
309 38 62
310 38 64
311 38 65
312 39 43
313 39 45
314 39 48
315 39 51
316 39 53
317 39 54
318 39 57
319 39 60
320 39 61
321 39 65
322 40 42
323 41 44
324 41 51
325 41 56
326 42 54
327 43 48
328 43 50
329 43 53
330 43 54
331 43 57
332 43 60
333 43 61
334 43 63
335 43 64
336 43 65
337 44 48
338 44 51
339 44 56
340 45 48
341 45 56
342 46 59
343 47 49
344 47 50
345 47 53
346 47 55
347 47 58
348 47 61
349 47 64
350 47 65
351 47 67
352 48 51
353 48 54
354 48 57
355 48 60
356 48 63
357 49 50
358 49 53
359 49 55
360 49 58
361 49 61
362 49 64
363 49 65
364 50 53
365 50 54
366 50 55
367 50 57
368 50 58
369 50 61
370 50 64
371 50 65
372 51 53
373 51 54
374 51 60
375 51 61
376 51 63
377 53 54
378 53 55
379 53 61
380 53 67
381 54 57
382 54 60
383 54 61
384 54 63
385 55 61
386 55 64
387 55 65
388 56 60
389 58 62
390 58 65
391 60 62
392 60 63
393 60 65
394 61 63
395 61 65
396 61 67
397 62 65
398 63 66
399 64 65
400 68 69
401 68 73
402 68 77
403 68 80
404 68 87
405 68 97
406 68 98
407 68 104
408 68 106
409 68 112
410 68 117
411 68 118
412 68 119
413 69 72
414 69 73
415 69 77
416 69 80
417 69 85
418 69 87
419 69 90
420 69 91
421 69 92
422 69 94
423 69 97
424 69 98
425 69 100
426 69 103
427 69 104
428 69 106
429 69 107
430 69 112
431 69 115
432 69 116
433 69 117
434 69 118
435 69 119
436 69 124
437 70 71
438 70 72
439 70 74
440 70 79
441 70 86
442 70 92
443 70 100
444 70 102
445 70 109
446 70 126
447 70 127
448 71 75
449 71 82
450 71 100
451 71 108
452 71 116
453 72 74
454 72 75
455 72 86
456 72 88
457 72 92
458 72 100
459 72 109
460 72 110
461 72 112
462 72 116
463 72 123
464 72 127
465 72 128
466 73 77
467 73 80
468 73 85
469 73 87
470 73 91
471 73 93
472 73 97
473 73 98
474 73 103
475 73 104
476 73 106
477 73 115
478 73 117
479 73 118
480 73 119
481 73 124
482 74 75
483 74 79
484 74 86
485 74 92
486 74 100
487 74 102
488 74 109
489 74 120
490 74 123
491 74 126
492 74 127
493 74 128
494 75 82
495 75 84
496 75 85
497 75 86
498 75 89
499 75 92
500 75 100
501 75 106
502 75 108
503 75 109
504 75 110
505 75 112
506 75 113
507 75 115
508 75 116
509 75 118
510 75 120
511 75 128
512 77 80
513 77 85
514 77 87
515 77 91
516 77 94
517 77 97
518 77 98
519 77 103
520 77 104
521 77 106
522 77 112
523 77 116
524 77 117
525 77 118
526 77 119
527 77 124
528 78 112
529 78 128
530 79 126
531 80 87
532 80 94
533 80 97
534 80 98
535 80 106
536 80 116
537 80 117
538 80 118
539 80 119
540 82 86
541 82 92
542 82 95
543 82 100
544 82 113
545 82 128
546 83 86
547 83 95
548 83 100
549 83 102
550 83 107
551 83 115
552 83 116
553 83 121
554 84 85
555 84 90
556 84 92
557 84 100
558 84 112
559 84 113
560 84 115
561 84 117
562 85 91
563 85 93
564 85 97
565 85 117
566 85 124
567 86 92
568 86 95
569 86 100
570 86 106
571 86 107
572 86 112
573 86 116
574 86 120
575 86 128
576 87 97
577 87 98
578 87 124
579 88 89
580 88 109
581 88 112
582 88 128
583 89 92
584 89 94
585 89 97
586 89 102
587 89 109
588 89 112
589 89 115
590 89 124
591 90 97
592 90 100
593 90 101
594 90 107
595 90 109
596 90 112
597 90 113
598 90 115
599 90 117
600 90 124
601 91 93
602 91 97
603 91 98
604 91 103
605 91 115
606 91 117
607 91 122
608 92 94
609 92 95
610 92 100
611 92 107
612 92 109
613 92 110
614 92 112
615 92 115
616 92 116
617 92 120
618 92 121
619 92 128
620 93 104
621 93 117
622 93 122
623 94 97
624 94 98
625 94 106
626 94 112
627 94 114
628 94 119
629 94 124
630 95 100
631 95 115
632 96 105
633 97 98
634 97 103
635 97 104
636 97 106
637 97 112
638 97 118
639 97 119
640 97 124
641 98 106
642 98 117
643 98 118
644 98 119
645 98 124
646 99 126
647 99 127
648 100 108
649 100 109
650 100 110
651 100 112
652 100 113
653 100 116
654 100 120
655 100 121
656 100 123
657 100 127
658 100 128
659 101 115
660 102 109
661 102 113
662 103 122
663 104 106
664 104 117
665 104 118
666 104 119
667 106 112
668 106 114
669 106 116
670 106 117
671 106 118
672 106 119
673 106 124
674 107 112
675 107 115
676 107 116
677 107 119
678 109 112
679 109 116
680 109 127
681 109 128
682 110 121
683 110 124
684 112 113
685 112 115
686 112 116
687 112 117
688 112 119
689 112 128
690 115 117
691 116 120
692 116 128
693 117 124
694 118 119
695 119 124
696 120 128
697 123 125
698 126 127
699 127 128
700 129 131
701 129 132
702 129 133
703 129 134
704 129 140
705 129 151
706 129 156
707 129 161
708 129 164
709 129 292
710 130 131
711 130 139
712 130 146
713 130 151
714 130 167
715 131 133
716 131 137
717 131 164
718 132 134
719 132 157
720 132 158
721 132 161
722 132 164
723 132 165
724 133 139
725 133 142
726 133 143
727 133 146
728 133 148
729 133 156
730 133 160
731 133 161
732 134 150
733 134 151
734 134 157
735 134 164
736 134 165
737 136 145
738 136 146
739 136 147
740 136 153
741 136 160
742 136 167
743 137 143
744 137 146
745 137 160
746 138 144
747 138 160
748 139 142
749 139 143
750 139 146
751 139 148
752 139 153
753 139 156
754 139 163
755 139 164
756 139 167
757 140 150
758 140 151
759 140 161
760 140 164
761 142 146
762 142 167
763 143 146
764 143 167
765 144 149
766 145 152
767 145 153
768 145 160
769 146 151
770 146 156
771 146 160
772 146 161
773 146 167
774 148 156
775 148 160
776 148 166
777 150 151
778 150 158
779 150 161
780 150 164
781 150 165
782 151 156
783 151 161
784 151 162
785 151 164
786 153 159
787 153 160
788 153 163
789 153 167
790 156 162
791 158 161
792 158 165
793 159 160
794 161 165
795 168 170
796 168 174
797 168 175
798 168 176
799 168 179
800 168 181
801 168 182
802 168 185
803 168 191
804 168 193
805 168 194
806 168 197
807 168 199
808 168 202
809 169 178
810 170 175
811 170 176
812 170 179
813 170 181
814 170 182
815 170 183
816 170 185
817 170 194
818 170 197
819 170 199
820 170 200
821 170 202
822 170 203
823 171 172
824 171 175
825 171 177
826 171 187
827 171 189
828 171 194
829 171 196
830 171 197
831 171 199
832 171 201
833 171 203
834 172 174
835 172 175
836 172 177
837 172 181
838 172 187
839 172 189
840 172 194
841 172 196
842 172 197
843 172 201
844 172 203
845 173 174
846 173 180
847 173 191
848 173 197
849 173 200
850 173 201
851 174 177
852 174 180
853 174 181
854 174 187
855 174 188
856 174 191
857 174 193
858 174 194
859 174 197
860 174 199
861 174 201
862 174 203
863 175 176
864 175 177
865 175 179
866 175 180
867 175 181
868 175 183
869 175 185
870 175 187
871 175 188
872 175 194
873 175 195
874 175 196
875 175 197
876 175 199
877 175 200
878 175 201
879 175 203
880 176 179
881 176 180
882 176 181
883 176 182
884 176 183
885 176 192
886 176 194
887 176 197
888 176 202
889 176 203
890 177 180
891 177 185
892 177 187
893 177 188
894 177 194
895 177 196
896 177 197
897 177 200
898 177 201
899 177 203
900 178 184
901 178 190
902 178 192
903 179 182
904 179 183
905 179 184
906 179 187
907 179 192
908 179 194
909 179 200
910 179 202
911 179 203
912 180 181
913 180 185
914 180 187
915 180 188
916 180 191
917 180 197
918 180 199
919 180 200
920 180 201
921 180 203
922 181 185
923 181 187
924 181 194
925 181 197
926 181 199
927 181 202
928 181 203
929 182 194
930 182 202
931 183 195
932 183 200
933 184 190
934 184 192
935 185 194
936 185 197
937 185 199
938 185 200
939 185 201
940 185 203
941 186 204
942 187 188
943 187 191
944 187 194
945 187 196
946 187 197
947 187 200
948 187 201
949 188 193
950 188 197
951 188 199
952 188 200
953 188 201
954 188 203
955 189 194
956 189 203
957 190 192
958 190 195
959 191 197
960 192 195
961 192 202
962 192 204
963 193 199
964 194 201
965 194 203
966 195 200
967 196 201
968 196 203
969 197 199
970 197 200
971 197 201
972 197 203
973 199 200
974 199 203
975 200 203
976 201 203
977 205 239
978 205 247
979 206 211
980 206 213
981 206 237
982 206 244
983 206 246
984 208 234
985 209 225
986 209 232
987 209 238
988 210 222
989 211 219
990 211 227
991 211 241
992 211 244
993 212 231
994 213 220
995 213 223
996 213 229
997 213 231
998 213 237
999 213 246
1000 214 216
1001 214 230
1002 214 237
1003 214 247
1004 214 248
1005 216 230
1006 217 226
1007 218 227
1008 218 235
1009 218 244
1010 218 248
1011 219 222
1012 219 229
1013 219 237
1014 219 240
1015 219 241
1016 220 225
1017 220 235
1018 221 230
1019 221 239
1020 222 225
1021 222 241
1022 222 244
1023 223 241
1024 225 238
1025 227 234
1026 227 235
1027 227 236
1028 227 237
1029 227 241
1030 229 237
1031 229 240
1032 230 237
1033 230 239
1034 230 247
1035 230 439
1036 231 234
1037 231 236
1038 231 241
1039 232 238
1040 232 246
1041 234 237
1042 234 241
1043 235 244
1044 236 241
1045 236 246
1046 237 238
1047 237 240
1048 237 241
1049 237 247
1050 238 246
1051 240 248
1052 241 244
1053 242 245
1054 250 254
1055 250 255
1056 250 259
1057 250 265
1058 250 270
1059 250 272
1060 250 275
1061 250 281
1062 250 301
1063 250 306
1064 250 319
1065 250 322
1066 251 263
1067 251 275
1068 251 276
1069 251 281
1070 251 286
1071 251 292
1072 251 326
1073 252 264
1074 252 296
1075 253 254
1076 253 260
1077 253 267
1078 253 274
1079 253 275
1080 253 277
1081 253 279
1082 253 280
1083 253 282
1084 253 286
1085 253 292
1086 253 294
1087 253 300
1088 253 304
1089 253 307
1090 253 309
1091 253 310
1092 253 322
1093 253 325
1094 254 260
1095 254 261
1096 254 265
1097 254 266
1098 254 267
1099 254 269
1100 254 279
1101 254 280
1102 254 282
1103 254 284
1104 254 291
1105 254 292
1106 254 293
1107 254 300
1108 254 304
1109 254 309
1110 254 310
1111 254 311
1112 254 315
1113 254 317
1114 254 318
1115 254 319
1116 254 320
1117 254 322
1118 254 324
1119 255 256
1120 255 260
1121 255 268
1122 255 270
1123 255 272
1124 255 274
1125 255 275
1126 255 277
1127 255 281
1128 255 285
1129 255 286
1130 255 307
1131 255 308
1132 255 322
1133 255 325
1134 255 326
1135 256 265
1136 256 276
1137 256 296
1138 257 281
1139 257 288
1140 258 271
1141 258 289
1142 258 308
1143 259 275
1144 259 281
1145 259 297
1146 259 308
1147 260 261
1148 260 265
1149 260 267
1150 260 268
1151 260 269
1152 260 270
1153 260 277
1154 260 280
1155 260 282
1156 260 284
1157 260 286
1158 260 291
1159 260 292
1160 260 293
1161 260 296
1162 260 300
1163 260 304
1164 260 307
1165 260 309
1166 260 310
1167 260 311
1168 260 314
1169 260 315
1170 260 317
1171 260 318
1172 260 319
1173 260 322
1174 260 324
1175 260 325
1176 260 326
1177 261 264
1178 261 266
1179 261 269
1180 261 280
1181 261 282
1182 261 286
1183 261 291
1184 261 292
1185 261 293
1186 261 309
1187 261 314
1188 261 315
1189 261 317
1190 261 318
1191 261 320
1192 261 322
1193 261 324
1194 261 325
1195 262 263
1196 262 281
1197 262 297
1198 262 308
1199 263 264
1200 263 270
1201 263 275
1202 263 276
1203 263 281
1204 263 323
1205 264 270
1206 264 274
1207 264 275
1208 264 276
1209 264 281
1210 264 286
1211 264 296
1212 264 301
1213 264 306
1214 264 308
1215 264 315
1216 264 316
1217 264 318
1218 264 325
1219 264 326
1220 265 274
1221 265 277
1222 265 281
1223 265 282
1224 265 284
1225 265 286
1226 265 292
1227 265 309
1228 265 314
1229 265 319
1230 265 322
1231 265 325
1232 265 326
1233 266 267
1234 266 269
1235 266 279
1236 266 282
1237 266 292
1238 266 309
1239 266 311
1240 267 268
1241 267 269
1242 267 279
1243 267 280
1244 267 282
1245 267 284
1246 267 291
1247 267 292
1248 267 293
1249 267 296
1250 267 309
1251 267 311
1252 267 315
1253 267 318
1254 267 320
1255 267 322
1256 267 324
1257 268 275
1258 268 277
1259 268 284
1260 268 292
1261 268 307
1262 268 309
1263 268 315
1264 268 318
1265 268 319
1266 269 279
1267 269 280
1268 269 282
1269 269 291
1270 269 292
1271 269 293
1272 269 300
1273 269 304
1274 269 307
1275 269 309
1276 269 310
1277 269 311
1278 269 315
1279 269 317
1280 269 318
1281 269 320
1282 269 322
1283 269 324
1284 270 274
1285 270 275
1286 270 281
1287 270 283
1288 270 291
1289 270 301
1290 270 313
1291 270 326
1292 272 322
1293 274 275
1294 274 277
1295 274 292
1296 274 296
1297 274 307
1298 274 309
1299 275 277
1300 275 281
1301 275 286
1302 275 292
1303 275 304
1304 275 306
1305 275 308
1306 275 309
1307 275 313
1308 275 316
1309 275 318
1310 275 325
1311 275 326
1312 276 281
1313 276 283
1314 276 294
1315 276 313
1316 277 279
1317 277 281
1318 277 285
1319 277 286
1320 277 292
1321 277 309
1322 277 313
1323 277 316
1324 277 322
1325 277 325
1326 278 281
1327 279 280
1328 279 282
1329 279 286
1330 279 292
1331 279 293
1332 279 300
1333 279 304
1334 279 309
1335 279 320
1336 280 282
1337 280 291
1338 280 292
1339 280 293
1340 280 300
1341 280 304
1342 280 309
1343 280 310
1344 280 315
1345 281 283
1346 281 286
1347 281 297
1348 281 308
1349 281 313
1350 281 322
1351 281 323
1352 281 325
1353 282 284
1354 282 286
1355 282 291
1356 282 292
1357 282 300
1358 282 304
1359 282 307
1360 282 309
1361 282 310
1362 282 311
1363 282 320
1364 282 325
1365 284 291
1366 284 292
1367 284 293
1368 284 304
1369 284 310
1370 284 311
1371 284 315
1372 284 317
1373 284 322
1374 284 324
1375 285 292
1376 285 296
1377 285 307
1378 286 291
1379 286 292
1380 286 293
1381 286 304
1382 286 306
1383 286 309
1384 286 314
1385 286 316
1386 286 318
1387 286 322
1388 286 325
1389 291 292
1390 291 293
1391 291 300
1392 291 302
1393 291 304
1394 291 309
1395 291 315
1396 291 317
1397 291 320
1398 291 322
1399 292 293
1400 292 300
1401 292 302
1402 292 304
1403 292 307
1404 292 309
1405 292 310
1406 292 311
1407 292 314
1408 292 315
1409 292 317
1410 292 318
1411 292 319
1412 292 320
1413 292 322
1414 292 325
1415 292 326
1416 293 304
1417 293 309
1418 293 311
1419 293 314
1420 293 315
1421 293 320
1422 293 322
1423 293 324
1424 293 325
1425 296 324
1426 296 326
1427 297 308
1428 297 323
1429 300 304
1430 300 309
1431 300 310
1432 300 315
1433 300 320
1434 301 313
1435 301 319
1436 302 307
1437 302 309
1438 304 309
1439 304 310
1440 304 315
1441 304 317
1442 304 320
1443 307 309
1444 307 315
1445 307 318
1446 307 319
1447 307 320
1448 307 322
1449 307 325
1450 309 311
1451 309 313
1452 309 314
1453 309 315
1454 309 316
1455 309 317
1456 309 318
1457 309 319
1458 309 320
1459 309 322
1460 309 324
1461 309 325
1462 309 326
1463 311 315
1464 311 320
1465 314 322
1466 314 325
1467 315 317
1468 315 320
1469 316 326
1470 317 320
1471 318 319
1472 318 324
1473 318 325
1474 319 322
1475 319 325
1476 322 324
1477 322 325
1478 322 326
1479 327 338
1480 327 350
1481 327 353
1482 327 354
1483 327 358
1484 327 359
1485 327 361
1486 327 365
1487 327 372
1488 327 375
1489 327 380
1490 327 382
1491 327 383
1492 327 386
1493 327 387
1494 327 388
1495 327 392
1496 327 394
1497 327 396
1498 328 329
1499 328 331
1500 328 333
1501 328 335
1502 328 340
1503 328 346
1504 328 356
1505 328 362
1506 328 363
1507 328 366
1508 328 368
1509 328 370
1510 328 371
1511 328 372
1512 328 373
1513 328 379
1514 328 383
1515 328 384
1516 328 385
1517 328 387
1518 328 391
1519 328 395
1520 328 399
1521 328 400
1522 328 401
1523 328 403
1524 329 346
1525 329 356
1526 329 370
1527 329 385
1528 329 395
1529 329 399
1530 329 400
1531 329 401
1532 330 331
1533 330 332
1534 330 335
1535 330 338
1536 330 340
1537 330 341
1538 330 344
1539 330 346
1540 330 351
1541 330 355
1542 330 360
1543 330 364
1544 330 367
1545 330 368
1546 330 373
1547 330 374
1548 330 375
1549 330 380
1550 330 381
1551 330 383
1552 330 387
1553 330 388
1554 330 391
1555 330 401
1556 330 403
1557 331 333
1558 331 334
1559 331 335
1560 331 340
1561 331 341
1562 331 344
1563 331 346
1564 331 355
1565 331 362
1566 331 364
1567 331 367
1568 331 368
1569 331 369
1570 331 370
1571 331 371
1572 331 372
1573 331 373
1574 331 374
1575 331 375
1576 331 378
1577 331 379
1578 331 380
1579 331 383
1580 331 384
1581 331 387
1582 331 391
1583 331 402
1584 331 403
1585 332 338
1586 332 341
1587 332 344
1588 332 346
1589 332 349
1590 332 350
1591 332 351
1592 332 360
1593 332 361
1594 332 369
1595 332 373
1596 332 374
1597 332 378
1598 332 381
1599 332 383
1600 332 390
1601 332 391
1602 332 393
1603 332 394
1604 333 335
1605 333 340
1606 333 346
1607 333 349
1608 333 357
1609 333 362
1610 333 367
1611 333 368
1612 333 370
1613 333 372
1614 333 373
1615 333 383
1616 333 391
1617 333 395
1618 333 400
1619 333 402
1620 333 403
1621 334 335
1622 334 340
1623 334 355
1624 334 357
1625 334 367
1626 334 371
1627 334 378
1628 334 381
1629 334 393
1630 334 403
1631 335 340
1632 335 344
1633 335 346
1634 335 355
1635 335 356
1636 335 360
1637 335 366
1638 335 369
1639 335 370
1640 335 371
1641 335 373
1642 335 374
1643 335 378
1644 335 379
1645 335 380
1646 335 381
1647 335 383
1648 335 384
1649 335 387
1650 335 391
1651 335 401
1652 335 402
1653 335 403
1654 336 337
1655 336 338
1656 336 342
1657 336 348
1658 336 351
1659 336 353
1660 336 359
1661 336 368
1662 336 383
1663 337 338
1664 337 350
1665 337 351
1666 337 353
1667 337 354
1668 337 359
1669 337 365
1670 337 368
1671 337 373
1672 337 376
1673 337 383
1674 337 388
1675 338 342
1676 338 351
1677 338 353
1678 338 354
1679 338 361
1680 338 367
1681 338 368
1682 338 373
1683 338 376
1684 338 380
1685 338 383
1686 338 386
1687 338 388
1688 340 341
1689 340 346
1690 340 355
1691 340 356
1692 340 362
1693 340 363
1694 340 364
1695 340 366
1696 340 370
1697 340 371
1698 340 373
1699 340 375
1700 340 379
1701 340 380
1702 340 383
1703 340 384
1704 340 385
1705 340 387
1706 340 388
1707 340 391
1708 340 403
1709 341 344
1710 341 349
1711 341 355
1712 341 363
1713 341 370
1714 341 371
1715 341 373
1716 341 374
1717 341 391
1718 341 395
1719 341 401
1720 342 344
1721 342 350
1722 342 351
1723 342 357
1724 342 368
1725 342 372
1726 342 375
1727 342 378
1728 342 383
1729 342 387
1730 342 392
1731 342 396
1732 344 346
1733 344 349
1734 344 357
1735 344 368
1736 344 369
1737 344 373
1738 344 374
1739 344 383
1740 344 393
1741 344 394
1742 344 395
1743 345 362
1744 345 378
1745 345 380
1746 345 383
1747 345 394
1748 346 349
1749 346 350
1750 346 355
1751 346 356
1752 346 357
1753 346 358
1754 346 362
1755 346 363
1756 346 367
1757 346 368
1758 346 369
1759 346 370
1760 346 371
1761 346 373
1762 346 374
1763 346 375
1764 346 378
1765 346 383
1766 346 385
1767 346 387
1768 346 390
1769 346 391
1770 346 394
1771 346 398
1772 346 400
1773 346 402
1774 346 403
1775 348 378
1776 348 390
1777 349 357
1778 349 367
1779 349 369
1780 349 378
1781 349 383
1782 349 391
1783 349 393
1784 349 398
1785 349 403
1786 350 351
1787 350 354
1788 350 358
1789 350 359
1790 350 361
1791 350 363
1792 350 365
1793 350 367
1794 350 368
1795 350 372
1796 350 373
1797 350 375
1798 350 376
1799 350 377
1800 350 378
1801 350 380
1802 350 382
1803 350 383
1804 350 387
1805 350 388
1806 350 390
1807 350 391
1808 350 392
1809 350 396
1810 350 402
1811 351 353
1812 351 354
1813 351 358
1814 351 359
1815 351 361
1816 351 365
1817 351 368
1818 351 372
1819 351 373
1820 351 376
1821 351 377
1822 351 378
1823 351 383
1824 351 388
1825 351 390
1826 351 391
1827 351 392
1828 351 396
1829 351 403
1830 353 354
1831 353 359
1832 353 361
1833 353 362
1834 353 373
1835 353 377
1836 353 380
1837 353 383
1838 353 396
1839 353 402
1840 354 358
1841 354 359
1842 354 365
1843 354 372
1844 354 376
1845 354 382
1846 354 392
1847 355 362
1848 355 371
1849 355 373
1850 355 374
1851 355 375
1852 355 383
1853 355 387
1854 355 391
1855 355 394
1856 356 371
1857 356 373
1858 356 384
1859 356 385
1860 356 391
1861 356 395
1862 356 399
1863 356 400
1864 356 401
1865 357 373
1866 357 378
1867 357 383
1868 357 391
1869 357 392
1870 357 393
1871 357 400
1872 357 403
1873 358 359
1874 358 365
1875 358 368
1876 358 372
1877 358 373
1878 358 375
1879 358 376
1880 358 377
1881 358 380
1882 358 383
1883 358 387
1884 358 388
1885 358 392
1886 358 396
1887 359 365
1888 359 367
1889 359 372
1890 359 376
1891 359 382
1892 359 392
1893 359 396
1894 360 367
1895 360 383
1896 360 402
1897 360 403
1898 361 365
1899 361 367
1900 361 368
1901 361 372
1902 361 373
1903 361 377
1904 361 380
1905 361 383
1906 361 388
1907 361 390
1908 361 396
1909 361 403
1910 362 363
1911 362 364
1912 362 368
1913 362 370
1914 362 371
1915 362 373
1916 362 374
1917 362 375
1918 362 380
1919 362 383
1920 362 385
1921 362 387
1922 362 388
1923 362 391
1924 362 395
1925 362 402
1926 362 403
1927 363 368
1928 363 370
1929 363 371
1930 363 373
1931 363 375
1932 363 385
1933 363 387
1934 363 391
1935 364 368
1936 364 373
1937 364 375
1938 364 380
1939 364 381
1940 364 383
1941 364 386
1942 364 388
1943 364 391
1944 365 368
1945 365 372
1946 365 376
1947 365 382
1948 365 388
1949 365 392
1950 365 396
1951 366 369
1952 366 371
1953 366 374
1954 366 379
1955 366 384
1956 366 401
1957 367 368
1958 367 372
1959 367 373
1960 367 378
1961 367 383
1962 367 387
1963 367 390
1964 367 391
1965 367 393
1966 367 395
1967 367 403
1968 368 369
1969 368 372
1970 368 373
1971 368 375
1972 368 377
1973 368 380
1974 368 383
1975 368 385
1976 368 387
1977 368 388
1978 368 391
1979 368 395
1980 368 399
1981 368 403
1982 369 371
1983 369 373
1984 369 378
1985 369 383
1986 369 384
1987 369 391
1988 369 395
1989 369 398
1990 370 371
1991 370 373
1992 370 380
1993 370 383
1994 370 384
1995 370 385
1996 370 391
1997 370 395
1998 370 400
1999 370 403
2000 371 373
2001 371 379
2002 371 384
2003 371 385
2004 371 391
2005 371 395
2006 371 400
2007 371 401
2008 371 403
2009 372 373
2010 372 375
2011 372 376
2012 372 378
2013 372 382
2014 372 383
2015 372 387
2016 372 388
2017 372 392
2018 372 396
2019 372 403
2020 373 375
2021 373 377
2022 373 378
2023 373 380
2024 373 383
2025 373 385
2026 373 387
2027 373 388
2028 373 390
2029 373 391
2030 373 395
2031 373 396
2032 373 399
2033 373 401
2034 373 402
2035 373 403
2036 374 384
2037 374 401
2038 374 403
2039 375 380
2040 375 381
2041 375 383
2042 375 385
2043 375 387
2044 375 388
2045 375 391
2046 375 392
2047 376 382
2048 376 397
2049 377 378
2050 377 380
2051 377 383
2052 377 390
2053 377 391
2054 377 396
2055 377 402
2056 378 383
2057 378 390
2058 378 391
2059 378 393
2060 378 394
2061 378 396
2062 378 398
2063 378 402
2064 378 403
2065 379 384
2066 380 383
2067 380 386
2068 380 387
2069 380 388
2070 380 391
2071 380 394
2072 380 402
2073 381 383
2074 382 392
2075 383 387
2076 383 388
2077 383 390
2078 383 391
2079 383 392
2080 383 394
2081 383 396
2082 383 402
2083 383 403
2084 384 395
2085 384 399
2086 384 401
2087 385 387
2088 385 391
2089 385 395
2090 385 399
2091 385 400
2092 386 387
2093 386 388
2094 386 394
2095 387 388
2096 387 391
2097 387 392
2098 387 394
2099 387 396
2100 387 402
2101 388 390
2102 388 392
2103 388 394
2104 388 396
2105 390 391
2106 390 392
2107 390 403
2108 391 398
2109 391 399
2110 391 400
2111 391 402
2112 391 403
2113 392 396
2114 393 403
2115 394 402
2116 395 399
2117 395 400
2118 395 401
2119 395 403
2120 398 402
2121 399 401
2122 401 403
2123 404 411
2124 404 424
2125 404 428
2126 404 431
2127 404 432
2128 405 417
2129 405 424
2130 406 417
2131 408 411
2132 408 423
2133 408 428
2134 409 422
2135 409 433
2136 411 415
2137 411 423
2138 411 424
2139 411 426
2140 411 428
2141 411 433
2142 411 434
2143 411 436
2144 412 413
2145 412 417
2146 412 424
2147 412 428
2148 412 437
2149 413 428
2150 415 422
2151 415 423
2152 415 426
2153 415 428
2154 415 431
2155 415 434
2156 416 422
2157 416 432
2158 416 436
2159 417 424
2160 417 434
2161 418 423
2162 418 426
2163 420 423
2164 420 426
2165 420 433
2166 421 426
2167 422 426
2168 422 428
2169 422 433
2170 422 436
2171 423 426
2172 423 428
2173 423 434
2174 423 436
2175 424 428
2176 426 427
2177 426 428
2178 426 434
2179 428 431
2180 428 432
2181 428 434
2182 428 437
2183 431 432
2184 433 436
2185 439 450
2186 439 458
2187 439 463
2188 439 465
2189 439 468
2190 439 470
2191 439 471
2192 439 473
2193 439 480
2194 439 485
2195 439 487
2196 439 496
2197 439 497
2198 440 450
2199 440 463
2200 440 465
2201 440 468
2202 440 473
2203 440 474
2204 440 487
2205 441 447
2206 441 461
2207 441 473
2208 441 489
2209 442 447
2210 442 456
2211 442 467
2212 442 470
2213 442 473
2214 442 480
2215 442 484
2216 442 490
2217 443 444
2218 443 447
2219 443 454
2220 443 458
2221 444 454
2222 444 486
2223 445 447
2224 445 451
2225 445 457
2226 445 459
2227 445 467
2228 445 469
2229 445 483
2230 445 486
2231 446 447
2232 446 456
2233 446 457
2234 446 459
2235 446 467
2236 446 474
2237 447 454
2238 447 456
2239 447 457
2240 447 458
2241 447 463
2242 447 466
2243 447 467
2244 447 468
2245 447 469
2246 447 474
2247 447 475
2248 447 476
2249 447 479
2250 447 482
2251 447 487
2252 447 490
2253 448 455
2254 450 458
2255 450 463
2256 450 465
2257 450 466
2258 450 468
2259 450 470
2260 450 485
2261 450 487
2262 450 496
2263 450 497
2264 451 486
2265 453 488
2266 454 456
2267 454 461
2268 454 466
2269 454 473
2270 454 476
2271 454 482
2272 454 496
2273 455 481
2274 456 467
2275 456 470
2276 456 474
2277 456 482
2278 456 490
2279 456 493
2280 456 496
2281 457 461
2282 457 467
2283 457 469
2284 458 461
2285 458 463
2286 458 465
2287 458 466
2288 458 468
2289 458 470
2290 458 471
2291 458 480
2292 458 484
2293 458 485
2294 458 487
2295 458 496
2296 459 467
2297 459 474
2298 460 469
2299 461 466
2300 461 469
2301 461 471
2302 461 482
2303 461 487
2304 461 493
2305 461 496
2306 463 465
2307 463 466
2308 463 468
2309 463 470
2310 463 473
2311 463 474
2312 463 482
2313 463 485
2314 463 487
2315 463 496
2316 463 497
2317 465 466
2318 465 473
2319 465 485
2320 465 487
2321 465 495
2322 465 496
2323 466 468
2324 466 473
2325 466 475
2326 466 482
2327 466 485
2328 466 487
2329 466 490
2330 466 496
2331 467 469
2332 467 470
2333 467 473
2334 467 474
2335 467 475
2336 467 490
2337 468 485
2338 468 487
2339 468 496
2340 468 497
2341 469 483
2342 470 471
2343 470 473
2344 470 480
2345 470 484
2346 470 490
2347 470 496
2348 471 480
2349 471 485
2350 471 487
2351 471 489
2352 471 496
2353 473 474
2354 473 477
2355 473 482
2356 473 485
2357 473 496
2358 474 475
2359 474 477
2360 474 483
2361 474 486
2362 474 490
2363 475 479
2364 475 483
2365 475 490
2366 475 495
2367 476 480
2368 476 487
2369 476 489
2370 479 496
2371 480 484
2372 480 496
2373 481 483
2374 481 491
2375 482 496
2376 483 486
2377 483 494
2378 484 490
2379 484 496
2380 485 496
2381 487 496
2382 489 495
2383 493 496
2384 496 497
2385 498 513
2386 498 515
2387 498 518
2388 498 520
2389 498 527
2390 498 539
2391 498 540
2392 498 549
2393 498 559
2394 498 562
2395 498 563
2396 498 566
2397 498 573
2398 498 574
2399 498 575
2400 498 579
2401 498 583
2402 498 587
2403 498 594
2404 498 595
2405 498 598
2406 498 600
2407 498 611
2408 498 614
2409 498 616
2410 498 618
2411 499 501
2412 499 503
2413 499 514
2414 499 515
2415 499 518
2416 499 519
2417 499 527
2418 499 532
2419 499 535
2420 499 538
2421 499 539
2422 499 545
2423 499 546
2424 499 547
2425 499 549
2426 499 552
2427 499 562
2428 499 568
2429 499 570
2430 499 575
2431 499 577
2432 499 582
2433 499 585
2434 499 587
2435 499 594
2436 499 598
2437 499 600
2438 499 603
2439 499 604
2440 499 608
2441 499 614
2442 499 616
2443 499 618
2444 500 506
2445 500 520
2446 500 557
2447 500 563
2448 500 567
2449 500 576
2450 500 580
2451 500 582
2452 500 593
2453 500 599
2454 500 609
2455 500 619
2456 501 503
2457 501 510
2458 501 514
2459 501 515
2460 501 518
2461 501 527
2462 501 538
2463 501 539
2464 501 540
2465 501 546
2466 501 549
2467 501 552
2468 501 557
2469 501 562
2470 501 563
2471 501 566
2472 501 567
2473 501 568
2474 501 570
2475 501 575
2476 501 576
2477 501 582
2478 501 583
2479 501 587
2480 501 589
2481 501 594
2482 501 598
2483 501 600
2484 501 601
2485 501 603
2486 501 608
2487 501 614
2488 501 616
2489 501 618
2490 502 504
2491 502 505
2492 502 508
2493 502 509
2494 502 511
2495 502 516
2496 502 520
2497 502 522
2498 502 529
2499 502 530
2500 502 534
2501 502 544
2502 502 555
2503 502 556
2504 502 557
2505 502 558
2506 502 560
2507 502 563
2508 502 567
2509 502 571
2510 502 574
2511 502 576
2512 502 578
2513 502 586
2514 502 590
2515 502 596
2516 502 599
2517 502 602
2518 502 611
2519 502 613
2520 502 619
2521 503 514
2522 503 515
2523 503 518
2524 503 519
2525 503 527
2526 503 532
2527 503 535
2528 503 538
2529 503 539
2530 503 540
2531 503 545
2532 503 546
2533 503 547
2534 503 549
2535 503 552
2536 503 562
2537 503 566
2538 503 573
2539 503 575
2540 503 577
2541 503 582
2542 503 585
2543 503 587
2544 503 598
2545 503 600
2546 503 604
2547 503 608
2548 503 614
2549 503 618
2550 504 556
2551 504 578
2552 504 613
2553 505 506
2554 505 508
2555 505 517
2556 505 520
2557 505 528
2558 505 531
2559 505 534
2560 505 539
2561 505 540
2562 505 542
2563 505 545
2564 505 555
2565 505 557
2566 505 560
2567 505 563
2568 505 565
2569 505 566
2570 505 567
2571 505 569
2572 505 572
2573 505 574
2574 505 576
2575 505 586
2576 505 587
2577 505 590
2578 505 595
2579 505 596
2580 505 599
2581 505 606
2582 505 607
2583 505 609
2584 505 610
2585 505 611
2586 505 614
2587 505 619
2588 506 508
2589 506 509
2590 506 511
2591 506 512
2592 506 513
2593 506 515
2594 506 517
2595 506 518
2596 506 519
2597 506 520
2598 506 527
2599 506 531
2600 506 532
2601 506 533
2602 506 534
2603 506 539
2604 506 540
2605 506 542
2606 506 545
2607 506 548
2608 506 549
2609 506 555
2610 506 557
2611 506 558
2612 506 559
2613 506 562
2614 506 563
2615 506 565
2616 506 566
2617 506 568
2618 506 569
2619 506 572
2620 506 573
2621 506 574
2622 506 575
2623 506 579
2624 506 580
2625 506 582
2626 506 584
2627 506 586
2628 506 587
2629 506 590
2630 506 593
2631 506 594
2632 506 595
2633 506 596
2634 506 597
2635 506 599
2636 506 600
2637 506 604
2638 506 607
2639 506 608
2640 506 609
2641 506 610
2642 506 611
2643 506 614
2644 506 616
2645 506 618
2646 506 619
2647 507 516
2648 507 531
2649 507 561
2650 507 578
2651 507 586
2652 507 595
2653 507 607
2654 507 613
2655 508 509
2656 508 511
2657 508 517
2658 508 520
2659 508 522
2660 508 528
2661 508 530
2662 508 533
2663 508 534
2664 508 541
2665 508 555
2666 508 556
2667 508 557
2668 508 558
2669 508 563
2670 508 565
2671 508 572
2672 508 574
2673 508 576
2674 508 580
2675 508 586
2676 508 593
2677 508 599
2678 508 607
2679 508 609
2680 508 613
2681 508 619
2682 509 511
2683 509 522
2684 509 528
2685 509 530
2686 509 533
2687 509 541
2688 509 554
2689 509 556
2690 509 557
2691 509 565
2692 509 581
2693 509 593
2694 509 619
2695 510 513
2696 510 514
2697 510 518
2698 510 531
2699 510 539
2700 510 540
2701 510 553
2702 510 557
2703 510 559
2704 510 560
2705 510 563
2706 510 570
2707 510 574
2708 510 575
2709 510 576
2710 510 580
2711 510 583
2712 510 587
2713 510 589
2714 510 595
2715 510 601
2716 510 603
2717 510 608
2718 510 614
2719 510 618
2720 511 516
2721 511 517
2722 511 522
2723 511 530
2724 511 534
2725 511 542
2726 511 554
2727 511 557
2728 511 558
2729 511 565
2730 511 572
2731 511 581
2732 511 586
2733 511 599
2734 511 609
2735 511 611
2736 511 613
2737 511 615
2738 511 619
2739 512 513
2740 512 527
2741 512 547
2742 512 549
2743 512 559
2744 512 560
2745 512 562
2746 512 569
2747 512 579
2748 512 587
2749 512 595
2750 512 601
2751 512 610
2752 512 614
2753 512 615
2754 512 616
2755 513 515
2756 513 520
2757 513 527
2758 513 531
2759 513 539
2760 513 540
2761 513 549
2762 513 555
2763 513 557
2764 513 558
2765 513 559
2766 513 560
2767 513 562
2768 513 563
2769 513 573
2770 513 574
2771 513 575
2772 513 578
2773 513 579
2774 513 580
2775 513 582
2776 513 583
2777 513 586
2778 513 587
2779 513 590
2780 513 594
2781 513 595
2782 513 596
2783 513 597
2784 513 601
2785 513 607
2786 513 608
2787 513 609
2788 513 610
2789 513 611
2790 513 614
2791 513 615
2792 513 616
2793 513 618
2794 514 515
2795 514 518
2796 514 527
2797 514 532
2798 514 535
2799 514 538
2800 514 540
2801 514 545
2802 514 546
2803 514 549
2804 514 552
2805 514 562
2806 514 566
2807 514 568
2808 514 570
2809 514 575
2810 514 582
2811 514 587
2812 514 601
2813 514 603
2814 514 604
2815 514 608
2816 514 614
2817 514 616
2818 514 618
2819 515 518
2820 515 519
2821 515 520
2822 515 527
2823 515 532
2824 515 535
2825 515 538
2826 515 539
2827 515 540
2828 515 545
2829 515 546
2830 515 547
2831 515 549
2832 515 551
2833 515 552
2834 515 555
2835 515 557
2836 515 562
2837 515 563
2838 515 566
2839 515 568
2840 515 569
2841 515 570
2842 515 573
2843 515 575
2844 515 577
2845 515 579
2846 515 582
2847 515 583
2848 515 585
2849 515 587
2850 515 590
2851 515 591
2852 515 594
2853 515 598
2854 515 600
2855 515 601
2856 515 603
2857 515 604
2858 515 608
2859 515 610
2860 515 614
2861 515 616
2862 515 618
2863 516 529
2864 516 544
2865 516 557
2866 516 558
2867 516 560
2868 516 561
2869 516 579
2870 516 586
2871 516 613
2872 517 519
2873 517 520
2874 517 521
2875 517 531
2876 517 534
2877 517 539
2878 517 540
2879 517 542
2880 517 557
2881 517 560
2882 517 562
2883 517 563
2884 517 565
2885 517 567
2886 517 569
2887 517 572
2888 517 574
2889 517 575
2890 517 576
2891 517 580
2892 517 586
2893 517 587
2894 517 591
2895 517 596
2896 517 599
2897 517 607
2898 517 611
2899 517 613
2900 517 614
2901 517 615
2902 517 619
2903 518 519
2904 518 520
2905 518 527
2906 518 532
2907 518 535
2908 518 538
2909 518 539
2910 518 540
2911 518 545
2912 518 546
2913 518 547
2914 518 548
2915 518 549
2916 518 551
2917 518 552
2918 518 555
2919 518 557
2920 518 559
2921 518 562
2922 518 563
2923 518 566
2924 518 568
2925 518 570
2926 518 573
2927 518 574
2928 518 575
2929 518 577
2930 518 582
2931 518 583
2932 518 585
2933 518 586
2934 518 587
2935 518 591
2936 518 594
2937 518 598
2938 518 600
2939 518 601
2940 518 603
2941 518 604
2942 518 608
2943 518 610
2944 518 611
2945 518 614
2946 518 616
2947 518 618
2948 519 520
2949 519 527
2950 519 532
2951 519 538
2952 519 539
2953 519 540
2954 519 545
2955 519 546
2956 519 548
2957 519 549
2958 519 552
2959 519 557
2960 519 562
2961 519 563
2962 519 566
2963 519 568
2964 519 573
2965 519 580
2966 519 582
2967 519 584
2968 519 585
2969 519 586
2970 519 587
2971 519 590
2972 519 591
2973 519 593
2974 519 594
2975 519 596
2976 519 598
2977 519 600
2978 519 601
2979 519 603
2980 519 604
2981 519 608
2982 519 614
2983 519 618
2984 519 619
2985 520 533
2986 520 534
2987 520 539
2988 520 540
2989 520 542
2990 520 548
2991 520 549
2992 520 555
2993 520 556
2994 520 557
2995 520 562
2996 520 563
2997 520 565
2998 520 566
2999 520 567
3000 520 569
3001 520 572
3002 520 573
3003 520 574
3004 520 575
3005 520 576
3006 520 578
3007 520 579
3008 520 580
3009 520 582
3010 520 584
3011 520 586
3012 520 587
3013 520 590
3014 520 591
3015 520 593
3016 520 596
3017 520 598
3018 520 599
3019 520 600
3020 520 604
3021 520 610
3022 520 611
3023 520 614
3024 520 618
3025 520 619
3026 522 524
3027 522 530
3028 522 556
3029 522 557
3030 522 580
3031 522 602
3032 522 613
3033 522 619
3034 523 571
3035 524 530
3036 524 561
3037 524 581
3038 525 588
3039 526 556
3040 526 602
3041 527 532
3042 527 538
3043 527 539
3044 527 540
3045 527 545
3046 527 547
3047 527 549
3048 527 552
3049 527 559
3050 527 562
3051 527 566
3052 527 568
3053 527 573
3054 527 575
3055 527 582
3056 527 587
3057 527 594
3058 527 595
3059 527 601
3060 527 603
3061 527 607
3062 527 608
3063 527 611
3064 527 614
3065 527 616
3066 527 618
3067 528 534
3068 528 576
3069 528 599
3070 528 610
3071 528 619
3072 529 560
3073 529 563
3074 529 571
3075 529 576
3076 529 602
3077 529 613
3078 530 541
3079 530 556
3080 530 563
3081 530 571
3082 530 581
3083 530 593
3084 530 599
3085 530 619
3086 531 539
3087 531 540
3088 531 542
3089 531 544
3090 531 553
3091 531 555
3092 531 557
3093 531 558
3094 531 559
3095 531 560
3096 531 563
3097 531 567
3098 531 575
3099 531 576
3100 531 580
3101 531 586
3102 531 587
3103 531 589
3104 531 595
3105 531 597
3106 531 599
3107 531 601
3108 531 611
3109 531 614
3110 531 619
3111 532 535
3112 532 538
3113 532 539
3114 532 540
3115 532 545
3116 532 546
3117 532 547
3118 532 549
3119 532 552
3120 532 557
3121 532 563
3122 532 566
3123 532 568
3124 532 573
3125 532 580
3126 532 582
3127 532 585
3128 532 586
3129 532 590
3130 532 594
3131 532 596
3132 532 598
3133 532 604
3134 532 608
3135 533 534
3136 533 540
3137 533 548
3138 533 555
3139 533 563
3140 533 584
3141 533 590
3142 533 593
3143 533 596
3144 533 599
3145 533 619
3146 534 563
3147 534 565
3148 534 569
3149 534 572
3150 534 574
3151 534 575
3152 534 576
3153 534 579
3154 534 584
3155 534 586
3156 534 590
3157 534 594
3158 534 596
3159 534 599
3160 534 607
3161 534 609
3162 534 611
3163 534 619
3164 535 538
3165 535 547
3166 535 549
3167 535 552
3168 535 566
3169 535 583
3170 535 598
3171 535 600
3172 535 604
3173 535 608
3174 535 618
3175 536 556
3176 537 569
3177 537 571
3178 537 599
3179 537 610
3180 538 539
3181 538 540
3182 538 545
3183 538 546
3184 538 549
3185 538 552
3186 538 562
3187 538 568
3188 538 575
3189 538 577
3190 538 582
3191 538 585
3192 538 587
3193 538 598
3194 538 600
3195 538 604
3196 538 608
3197 538 614
3198 538 618
3199 539 540
3200 539 542
3201 539 545
3202 539 548
3203 539 549
3204 539 551
3205 539 552
3206 539 555
3207 539 557
3208 539 559
3209 539 562
3210 539 563
3211 539 566
3212 539 568
3213 539 569
3214 539 572
3215 539 573
3216 539 574
3217 539 575
3218 539 579
3219 539 580
3220 539 582
3221 539 583
3222 539 584
3223 539 586
3224 539 587
3225 539 590
3226 539 591
3227 539 594
3228 539 595
3229 539 596
3230 539 597
3231 539 598
3232 539 599
3233 539 600
3234 539 601
3235 539 604
3236 539 608
3237 539 610
3238 539 611
3239 539 614
3240 539 616
3241 539 618
3242 539 619
3243 540 542
3244 540 545
3245 540 546
3246 540 548
3247 540 549
3248 540 555
3249 540 557
3250 540 559
3251 540 560
3252 540 562
3253 540 563
3254 540 566
3255 540 568
3256 540 569
3257 540 573
3258 540 575
3259 540 576
3260 540 579
3261 540 580
3262 540 582
3263 540 584
3264 540 586
3265 540 587
3266 540 589
3267 540 590
3268 540 591
3269 540 593
3270 540 594
3271 540 595
3272 540 596
3273 540 598
3274 540 599
3275 540 600
3276 540 601
3277 540 603
3278 540 604
3279 540 607
3280 540 608
3281 540 610
3282 540 611
3283 540 614
3284 540 616
3285 540 618
3286 540 619
3287 542 557
3288 542 558
3289 542 560
3290 542 563
3291 542 567
3292 542 568
3293 542 569
3294 542 575
3295 542 576
3296 542 578
3297 542 579
3298 542 580
3299 542 586
3300 542 591
3301 542 596
3302 542 597
3303 542 599
3304 542 601
3305 542 609
3306 542 610
3307 542 611
3308 542 613
3309 542 614
3310 542 615
3311 542 619
3312 544 557
3313 544 613
3314 545 548
3315 545 549
3316 545 552
3317 545 562
3318 545 566
3319 545 568
3320 545 573
3321 545 575
3322 545 582
3323 545 587
3324 545 594
3325 545 596
3326 545 598
3327 545 604
3328 545 614
3329 545 616
3330 546 549
3331 546 552
3332 546 557
3333 546 568
3334 546 570
3335 546 575
3336 546 587
3337 546 589
3338 546 601
3339 546 603
3340 546 604
3341 546 608
3342 547 549
3343 547 552
3344 547 598
3345 547 608
3346 548 549
3347 548 563
3348 548 568
3349 548 573
3350 548 575
3351 548 580
3352 548 582
3353 548 584
3354 548 585
3355 548 587
3356 548 593
3357 548 600
3358 548 604
3359 548 618
3360 548 619
3361 549 552
3362 549 557
3363 549 559
3364 549 562
3365 549 563
3366 549 566
3367 549 568
3368 549 569
3369 549 573
3370 549 574
3371 549 575
3372 549 579
3373 549 580
3374 549 582
3375 549 583
3376 549 586
3377 549 587
3378 549 590
3379 549 591
3380 549 594
3381 549 595
3382 549 596
3383 549 598
3384 549 600
3385 549 601
3386 549 603
3387 549 604
3388 549 608
3389 549 610
3390 549 611
3391 549 614
3392 549 615
3393 549 616
3394 549 618
3395 551 552
3396 551 601
3397 552 562
3398 552 566
3399 552 568
3400 552 569
3401 552 570
3402 552 575
3403 552 577
3404 552 582
3405 552 585
3406 552 587
3407 552 594
3408 552 598
3409 552 600
3410 552 601
3411 552 603
3412 552 604
3413 552 608
3414 552 610
3415 552 614
3416 552 616
3417 552 618
3418 553 557
3419 553 560
3420 553 576
3421 553 580
3422 554 590
3423 554 593
3424 554 619
3425 555 557
3426 555 563
3427 555 566
3428 555 567
3429 555 573
3430 555 575
3431 555 580
3432 555 582
3433 555 584
3434 555 586
3435 555 590
3436 555 593
3437 555 594
3438 555 596
3439 555 598
3440 555 599
3441 555 609
3442 555 611
3443 555 614
3444 555 618
3445 555 619
3446 556 557
3447 556 558
3448 556 565
3449 556 574
3450 556 581
3451 556 602
3452 556 613
3453 556 619
3454 557 558
3455 557 560
3456 557 563
3457 557 566
3458 557 567
3459 557 568
3460 557 572
3461 557 574
3462 557 575
3463 557 576
3464 557 578
3465 557 579
3466 557 580
3467 557 584
3468 557 586
3469 557 587
3470 557 590
3471 557 591
3472 557 594
3473 557 596
3474 557 597
3475 557 598
3476 557 599
3477 557 600
3478 557 601
3479 557 604
3480 557 606
3481 557 608
3482 557 610
3483 557 611
3484 557 613
3485 557 614
3486 557 615
3487 557 618
3488 557 619
3489 558 560
3490 558 574
3491 558 576
3492 558 578
3493 558 579
3494 558 580
3495 558 586
3496 558 597
3497 558 599
3498 558 609
3499 558 611
3500 558 613
3501 559 560
3502 559 563
3503 559 564
3504 559 574
3505 559 575
3506 559 579
3507 559 580
3508 559 584
3509 559 586
3510 559 587
3511 559 590
3512 559 594
3513 559 595
3514 559 597
3515 559 608
3516 559 609
3517 559 610
3518 559 611
3519 559 614
3520 559 615
3521 559 616
3522 559 618
3523 560 567
3524 560 575
3525 560 576
3526 560 578
3527 560 579
3528 560 586
3529 560 587
3530 560 597
3531 560 599
3532 560 601
3533 560 603
3534 560 607
3535 560 609
3536 560 610
3537 560 611
3538 560 616
3539 561 581
3540 561 607
3541 561 612
3542 562 566
3543 562 569
3544 562 572
3545 562 573
3546 562 575
3547 562 582
3548 562 583
3549 562 587
3550 562 591
3551 562 594
3552 562 596
3553 562 598
3554 562 601
3555 562 603
3556 562 606
3557 562 608
3558 562 610
3559 562 611
3560 562 614
3561 562 615
3562 562 616
3563 562 618
3564 563 565
3565 563 566
3566 563 567
3567 563 568
3568 563 569
3569 563 572
3570 563 573
3571 563 574
3572 563 575
3573 563 576
3574 563 579
3575 563 580
3576 563 582
3577 563 584
3578 563 585
3579 563 586
3580 563 587
3581 563 590
3582 563 593
3583 563 594
3584 563 595
3585 563 596
3586 563 598
3587 563 599
3588 563 600
3589 563 601
3590 563 604
3591 563 607
3592 563 609
3593 563 610
3594 563 611
3595 563 614
3596 563 616
3597 563 618
3598 563 619
3599 564 569
3600 564 578
3601 564 586
3602 564 597
3603 564 606
3604 564 610
3605 564 611
3606 564 615
3607 565 572
3608 565 574
3609 565 586
3610 565 619
3611 566 568
3612 566 569
3613 566 573
3614 566 582
3615 566 587
3616 566 591
3617 566 594
3618 566 596
3619 566 598
3620 566 599
3621 566 600
3622 566 603
3623 566 604
3624 566 608
3625 566 610
3626 566 614
3627 566 616
3628 566 618
3629 567 571
3630 567 576
3631 567 578
3632 567 594
3633 567 597
3634 567 599
3635 567 607
3636 567 610
3637 567 619
3638 568 573
3639 568 575
3640 568 580
3641 568 582
3642 568 584
3643 568 585
3644 568 587
3645 568 594
3646 568 600
3647 568 603
3648 568 604
3649 568 608
3650 568 610
3651 568 618
3652 569 573
3653 569 575
3654 569 576
3655 569 579
3656 569 580
3657 569 587
3658 569 590
3659 569 591
3660 569 594
3661 569 596
3662 569 599
3663 569 604
3664 569 607
3665 569 610
3666 569 614
3667 570 603
3668 570 604
3669 570 608
3670 570 618
3671 571 576
3672 571 599
3673 571 602
3674 571 610
3675 571 613
3676 572 574
3677 572 576
3678 572 584
3679 572 586
3680 572 596
3681 572 599
3682 572 607
3683 572 611
3684 572 619
3685 572 620
3686 573 575
3687 573 582
3688 573 587
3689 573 594
3690 573 595
3691 573 596
3692 573 598
3693 573 604
3694 573 608
3695 573 614
3696 573 618
3697 574 576
3698 574 578
3699 574 579
3700 574 580
3701 574 583
3702 574 586
3703 574 587
3704 574 595
3705 574 596
3706 574 598
3707 574 599
3708 574 600
3709 574 607
3710 574 610
3711 574 611
3712 574 615
3713 574 618
3714 574 619
3715 575 576
3716 575 579
3717 575 580
3718 575 582
3719 575 584
3720 575 587
3721 575 589
3722 575 590
3723 575 594
3724 575 595
3725 575 596
3726 575 597
3727 575 598
3728 575 599
3729 575 600
3730 575 601
3731 575 603
3732 575 604
3733 575 606
3734 575 607
3735 575 608
3736 575 610
3737 575 611
3738 575 614
3739 575 616
3740 575 618
3741 576 578
3742 576 580
3743 576 581
3744 576 584
3745 576 586
3746 576 587
3747 576 588
3748 576 598
3749 576 599
3750 576 602
3751 576 603
3752 576 606
3753 576 607
3754 576 610
3755 576 613
3756 576 614
3757 576 619
3758 578 579
3759 578 586
3760 578 591
3761 578 597
3762 578 599
3763 578 606
3764 578 611
3765 578 613
3766 578 615
3767 578 619
3768 579 580
3769 579 586
3770 579 587
3771 579 590
3772 579 591
3773 579 594
3774 579 595
3775 579 596
3776 579 597
3777 579 598
3778 579 601
3779 579 607
3780 579 610
3781 579 611
3782 579 614
3783 579 615
3784 579 616
3785 579 619
3786 580 582
3787 580 584
3788 580 586
3789 580 587
3790 580 588
3791 580 589
3792 580 590
3793 580 593
3794 580 594
3795 580 596
3796 580 599
3797 580 603
3798 580 604
3799 580 608
3800 580 609
3801 580 610
3802 580 619
3803 581 602
3804 581 613
3805 582 584
3806 582 585
3807 582 587
3808 582 590
3809 582 593
3810 582 594
3811 582 596
3812 582 598
3813 582 599
3814 582 604
3815 582 608
3816 582 618
3817 582 619
3818 583 598
3819 583 601
3820 583 608
3821 583 618
3822 584 586
3823 584 587
3824 584 588
3825 584 590
3826 584 593
3827 584 594
3828 584 596
3829 584 599
3830 584 604
3831 584 609
3832 584 610
3833 584 611
3834 584 619
3835 585 594
3836 585 604
3837 586 590
3838 586 594
3839 586 595
3840 586 596
3841 586 597
3842 586 599
3843 586 602
3844 586 604
3845 586 607
3846 586 608
3847 586 609
3848 586 611
3849 586 613
3850 586 614
3851 586 615
3852 586 619
3853 587 589
3854 587 591
3855 587 594
3856 587 595
3857 587 596
3858 587 598
3859 587 599
3860 587 600
3861 587 601
3862 587 603
3863 587 604
3864 587 606
3865 587 607
3866 587 608
3867 587 610
3868 587 611
3869 587 614
3870 587 615
3871 587 616
3872 587 618
3873 587 619
3874 588 605
3875 588 619
3876 589 603
3877 590 593
3878 590 594
3879 590 595
3880 590 596
3881 590 599
3882 590 601
3883 590 609
3884 590 614
3885 590 616
3886 590 619
3887 591 596
3888 591 598
3889 591 599
3890 591 601
3891 591 604
3892 591 610
3893 591 611
3894 591 614
3895 591 615
3896 591 619
3897 592 613
3898 593 596
3899 593 599
3900 593 610
3901 593 619
3902 594 596
3903 594 597
3904 594 599
3905 594 600
3906 594 601
3907 594 604
3908 594 608
3909 594 609
3910 594 611
3911 594 614
3912 594 616
3913 594 618
3914 595 596
3915 595 607
3916 595 614
3917 595 616
3918 595 618
3919 596 598
3920 596 599
3921 596 601
3922 596 606
3923 596 607
3924 596 609
3925 596 610
3926 596 611
3927 596 614
3928 596 616
3929 596 619
3930 597 599
3931 597 601
3932 597 611
3933 598 600
3934 598 603
3935 598 608
3936 598 610
3937 598 614
3938 598 616
3939 598 618
3940 599 604
3941 599 606
3942 599 607
3943 599 609
3944 599 610
3945 599 619
3946 600 604
3947 600 608
3948 600 614
3949 600 618
3950 601 603
3951 601 608
3952 601 611
3953 601 614
3954 601 615
3955 601 616
3956 602 613
3957 603 608
3958 603 610
3959 603 614
3960 603 616
3961 603 618
3962 604 608
3963 604 614
3964 604 618
3965 604 619
3966 605 613
3967 605 619
3968 606 607
3969 606 610
3970 606 611
3971 606 614
3972 606 615
3973 607 609
3974 607 610
3975 607 611
3976 607 614
3977 608 614
3978 608 618
3979 609 616
3980 609 619
3981 610 611
3982 610 614
3983 610 616
3984 611 614
3985 611 615
3986 611 616
3987 611 619
3988 614 616
3989 614 618
3990 615 616
3991 615 619
3992 616 618
